Prospectos 1 545 1 5620,	
	 1 545 1 5607,	
2004 1 545 1 5606,	
TEXTO 1 545 1 5603,	
REVISION 1 545 1 5601,	
mayo 1 545 1 5593,	
	29 1 545 1 5591,	
RENOVACION 1 545 1 5588,	
O 1 545 1 5585,	
PRIMERA 1 545 1 5583,	
FECHA 2 545 2 5580,5598,	
090 1 545 1 5578,	
MADRID 1 545 1 5569,	
­ 1 545 1 5568,	
28027 1 545 1 5567,	
Valcárcel 1 545 1 5565,	
Josefa 1 545 1 5564,	
S 1 545 1 5562,	
Abelló 1 545 1 5561,	
COMERCIALIZACION 2 545 2 5559,5576,	
AUTORIZACION 3 545 3 5557,5574,5584,	
LA 6 545 6 5556,5573,5582,5587,5590,5600,	
DE 8 545 8 5555,5558,5572,5575,5581,5586,5589,5599,	
manipulación 1 545 1 5550,	
Instrucciones 1 545 1 5546,	
comercializados 1 545 1 5543,	
tamaños 1 545 1 5538,	
blanco 1 545 1 5528,	
blancos 1 545 1 5518,	
redondos 1 545 1 5517,	
HDPE 1 545 1 5516,	
98 1 545 1 5500,	
90 1 545 1 5498,	
84 1 545 1 5497,	
PVC/aluminio 2 545 2 5480,5505,	
opacos 2 545 2 5478,5503,	
recipiente 1 545 1 5476,	
contenido 1 545 1 5474,	
Naturaleza 1 545 1 5472,	
requieren 1 545 1 5465,	
conservación 2 545 2 5462,5469,	
Precauciones 1 545 1 5459,	
validez 1 545 1 5454,	
aplicable 2 545 2 5449,5552,	
(E-172) 1 545 1 5444,	
hierro 1 545 1 5442,	
óxido 1 545 1 5440,	
estearato 1 545 1 5436,	
croscarmelosa 1 545 1 5433,	
hidroxipropil 1 545 1 5431,	
celulosa 2 545 2 5429,5432,	
monohidrato 1 545 1 5428,	
Lactosa 1 545 1 5427,	
FARMACEUTICOS 1 545 1 5421,	
madres 1 545 1 5413,	
probablemente 1 545 1 5401,	
crías 1 545 1 5400,	
evidenciaron 1 545 1 5396,	
amamantamiento 1 545 1 5394,	
conejo 1 545 1 5387,	
modelo 1 545 1 5385,	
evaluación 1 545 1 5379,	
difícil 1 545 1 5376,	
metabólico 1 545 1 5372,	
determinó 1 545 1 5369,	
6) 2 545 2 5362,5417,	
29 1 545 1 5343,	
representa 1 545 1 5342,	
mg/kg/día 1 545 1 5338,	
desarrollo 1 545 1 5332,	
asociado 1 545 1 5308,	
hecho 1 545 1 5302,	
diámetro 1 545 1 5294,	
embrio/fetal 1 545 1 5283,	
supervivencia 1 545 1 5282,	
(a 1 545 1 5260,	
mostraron 1 545 1 5257,	
Estudios 2 545 2 5251,5312,	
anormalidades 2 545 2 5247,5330,	
perro 1 545 1 5246,	
necrosis 1 545 1 5235,	
tubular 1 545 1 5227,	
basofilia 1 545 1 5225,	
rata 2 545 2 5224,5286,	
terapéutico 1 545 1 5218,	
nivel 1 545 1 5217,	
exposiciones 3 545 3 5212,5230,5239,	
basado 3 545 3 5206,5272,5352,	
terapéutica 1 545 1 5204,	
intestinales 1 545 1 5194,	
causó 1 545 1 5192,	
carcinogénico 1 545 1 5182,	
mutagénico 1 545 1 5180,	
preclínicos 2 545 2 5166,5171,	
Datos 1 545 1 5165,	
ml/min) 1 545 1 5143,	
(aclaramiento 1 545 1 5139,	
contribuyó 1 545 1 5134,	
correspondiente 1 545 1 5127,	
diferente 1 545 1 5124,	
terminal 1 545 1 5117,	
fase 1 545 1 5116,	
diez 1 545 1 5011,	
diariamente 1 545 1 5005,	
presentaron 1 545 1 4971,	
recibieron 3 545 3 4962,5003,5032,	
cirróticos 1 545 1 4949,	
varones 1 545 1 4942,	
comparable 1 545 1 4940,	
Sexo 1 545 1 4934,	
personas 1 545 1 4915,	
más) 1 545 1 4909,	
(65 1 545 1 4904,	
Características 1 545 1 4894,	
120 1 545 1 4885,	
plasmático 1 545 1 4881,	
calcula 1 545 1 4877,	
17 1 545 1 4874,	
semivida 1 545 1 4870,	
Julio 1 545 1 5604,	
corresponde 1 545 1 4867,	
acumulación 2 545 2 4861,4872,	
cociente 1 545 1 4859,	
alcanzan 1 545 1 4835,	
seguido 1 545 1 4826,	
exclusivamente 1 545 1 4822,	
eliminación 3 545 3 4816,4829,5138,	
heces 1 545 1 4814,	
72 1 545 1 4802,	
recuperó 1 545 1 4800,	
125 1 545 1 4792,	
radiomarcada 1 545 1 4790,	
Eliminación 1 545 1 4780,	
activos 1 545 1 4774,	
débilmente 1 545 1 4773,	
recuperada 1 545 1 4745,	
radiactividad 2 545 2 4744,4806,	
56 2 545 2 4740,5495,	
responsables 1 545 1 4736,	
metabolitos 2 545 2 4723,4759,	
oxidación 1 545 1 4711,	
original 1 545 1 4691,	
orina 3 545 3 4688,4747,4808,	
recupera 1 545 1 4686,	
~1 1 545 1 4680,	
metabolizado 1 545 1 4675,	
intensamente 1 545 1 4674,	
Metabolismo 1 545 1 4671,	
hematoencefálica 1 545 1 4668,	
barrera 1 545 1 4667,	
cruzado 1 545 1 5395,	
atraviesa 1 545 1 4658,	
l/kg) 1 545 1 4653,	
55 2 545 2 4652,5024,	
litros 1 545 1 4649,	
(Vdss) 1 545 1 4644,	
distribución 1 545 1 4643,	
volumen 1 545 1 4641,	
µg/ml 2 545 2 4636,4639,	
05 1 545 1 4635,	
85 1 545 1 4629,	
humanas 1 545 1 4625,	
unido 1 545 1 4621,	
encuentra 1 545 1 4620,	
Distribución 1 545 1 4617,	
afecta 1 545 1 4611,	
ingestión 1 545 1 4606,	
bioequivalentes 1 545 1 4604,	
suspensión 1 545 1 4599,	
µg·h/ml 1 545 1 4592,	
87 1 545 1 4591,	
curva 1 545 1 4586,	
área 1 545 1 4583,	
ayunas 1 545 1 4578,	
(Tmax) 1 545 1 4571,	
horas 2 545 2 4570,4875,	
305 1 545 1 4560,	
= 1 545 1 4558,	
Cmax 1 545 1 4557,	
geométrica 2 545 2 4556,4581,	
(media 1 545 1 4555,	
administrar 1 545 1 4538,	
Tras 2 545 2 4537,4781,	
93 1 545 1 4535,	
recomendadas 1 545 1 4520,	
Administrado 1 545 1 4509,	
Absorción 1 545 1 4508,	
04 1 545 1 4500,	
59 1 545 1 4475,	
(0 1 545 1 4474,	
pacientes-años) 3 545 3 4471,4485,4503,	
49 1 545 1 4467,	
37 1 545 1 4482,	
frente 3 545 3 4464,4479,4497,	
pacientes-años 3 545 3 4463,4478,4496,	
08 1 545 1 4459,	
(2 1 545 1 4458,	
reducciones 1 545 1 4449,	
excluyeron 1 545 1 4418,	
requerían 1 545 1 4409,	
realizado 1 545 1 4400,	
8000 1 545 1 4398,	
menores 1 545 1 4363,	
incidencias 1 545 1 4349,	
número 1 545 1 4331,	
combinados 1 545 1 4323,	
numéricamente 1 545 1 4307,	
indujeron 1 545 1 4283,	
nabumetona 1 545 1 4274,	
800 2 545 2 4267,4290,	
(diclofenaco 1 545 1 4259,	
observada 1 545 1 4248,	
combinada 1 545 1 4246,	
confirmadas 1 545 1 4234,	
PUH 1 545 1 4231,	
ocho 1 545 1 4224,	
activo-controlado 1 545 1 4170,	
ciego 1 545 1 4167,	
jóvenes 3 545 3 4135,4916,4930,	
mostró 1 545 1 4120,	
edad 2 545 2 4106,4907,	
detectadas 1 545 1 4044,	
endoscópico 1 545 1 4029,	
400 2 545 2 4022,4095,	
ibuprofeno 5 545 5 4020,4093,4151,4266,4289,	
grupo 3 545 3 3968,4110,4352,	
gastroduodenales 4 545 4 3961,3998,4043,4176,	
detectaron 1 545 1 3959,	
porcentajes 1 545 1 3952,	
duración 2 545 2 3946,4165,	
24 2 545 2 3943,4008,	
endoscopia 4 545 4 3941,3963,4046,4156,	
predefinido 3 545 3 3936,4222,4353,	
análisis 2 545 2 3933,4219,	
observó 4 545 4 3905,4383,4563,5288,	
periodos 1 545 1 3896,	
valoraciones 1 545 1 3882,	
mejoras 1 545 1 3869,	
proporcionó 1 545 1 3868,	
inmediato 1 545 1 3840,	
acción 1 545 1 3839,	
comienzo 1 545 1 3837,	
desee 1 545 1 3835,	
horas) 1 545 1 3832,	
Tmax 1 545 1 3825,	
inferiores 2 545 2 3814,4491,	
tiempos 1 545 1 3813,	
evaluaron 1 545 1 3812,	
2000 1 545 1 5595,	
eficacia) 1 545 1 3798,	
(tiempo 1 545 1 3792,	
semana 2 545 2 3789,3817,	
35 1 545 1 3780,	
pulgar 1 545 1 3777,	
21 1 545 1 3772,	
inter-falángicas 1 545 1 3770,	
33 1 545 1 3760,	
incluyó 1 545 1 3758,	
población 1 545 1 3755,	
rodilla 1 545 1 3749,	
articulaciones 2 545 2 3747,3769,	
valoración 1 545 1 3738,	
estudió 2 545 2 3729,3842,	
placenta 1 545 1 4660,	
observaciones 1 545 1 3726,	
plaquetario 1 545 1 3716,	
tromboxano 1 545 1 3715,	
afectar 1 545 1 3713,	
endotelial) 1 545 1 3711,	
posiblemente 1 545 1 3709,	
(y 1 545 1 3706,	
sistémica 3 545 3 3705,4919,5210,	
reducen 1 545 1 3700,	
meses; 1 545 1 4371,	
episodios 1 545 1 3689,	
67 1 545 1 3653,	
- 2 545 2 3648,3658,	
100 10 545 10 3646,3656,4462,4470,4477,4484,4495,4502,4648,5533,	
70 1 545 1 3643,	
0 3 545 3 3642,4559,4634,	
medio 2 545 2 4974,5016,	
recibían 1 545 1 3633,	
menor 6 545 6 3628,4001,4179,4242,4317,4345,	
trombo-embólicos 1 545 1 3623,	
naproxeno 4 545 4 3613,3634,4210,4439,	
500 6 545 6 3610,4211,4276,4440,5512,5618,	
recomendada) 3 545 3 3607,4203,4436,	
(dos 3 545 3 3602,4198,4431,	
plazo 2 545 2 3592,4842,	
comparado 4 545 4 3587,3650,4131,4437,	
pacientes) 2 545 2 3580,4399,	
clínico 2 545 2 3576,4395,	
estudio 8 545 8 3575,3757,4028,4154,4394,4420,5185,5392,	
gran 1 545 1 3574,	
gástrica 1 545 1 3562,	
hubo 1 545 1 3544,	
inhibió 2 545 2 3537,3559,	
375 1 545 1 3527,	
~70 1 545 1 3518,	
inhibiendo 1 545 1 3514,	
diarias 2 545 2 3506,3525,	
dosis-dependiente 1 545 1 3503,	
farmacología 1 545 1 3490,	
extenso 1 545 1 4396,	
A 5 545 5 3484,4296,5211,5238,5563,	
evaluar 1 545 1 3481,	
utilizados 3 545 3 3479,4254,4326,	
animales 2 545 2 3478,5412,	
estándar 1 545 1 3477,	
crónica 2 545 2 3459,5188,	
producirse 1 545 1 3455,	
Según 1 545 1 3444,	
documentado 1 545 1 3435,	
estadísticamente 1 545 1 3427,	
relevancia 3 545 3 3418,3722,5382,	
establecido 2 545 2 3416,3720,	
cuatro 1 545 1 3831,	
hombre 2 545 2 3411,4726,	
gástricas 1 545 1 3408,	
rodean 1 545 1 3405,	
tejidos 1 545 1 3403,	
cicatrización 2 545 2 3392,3421,	
intervenir 1 545 1 3389,	
cognoscitiva) 1 545 1 3386,	
percepción 1 545 1 3381,	
(inducción 1 545 1 3377,	
implantación 1 545 1 3356,	
interviene 1 545 1 3351,	
mediadores 1 545 1 3339,	
propuesta 1 545 1 3330,	
proinflamatorios 1 545 1 3326,	
estímulos 1 545 1 3325,	
inducida 1 545 1 3322,	
enzima 1 545 1 3319,	
isoforma 1 545 1 3316,	
demostrado 3 545 3 3310,5174,5324,	
COX-1 5 545 5 3304,3431,3453,3548,3672,	
identificado 3 545 3 3300,3398,4721,	
responsable 3 545 3 3292,3333,4752,	
intervalo 1 545 1 3285,	
(COX-2) 1 545 1 3282,	
selectivo 1 545 1 3277,	
AH02 1 545 1 3269,	
M01 1 545 1 3268,	
ATC 1 545 1 3267,	
Código 1 545 1 3266,	
coxibes 1 545 1 3265,	
esteroideos 1 545 1 3264,	
antirreumáticos 1 545 1 3262,	
antiinflamatorios 2 545 2 3260,3470,	
Productos 1 545 1 3259,	
primaria 1 545 1 3739,	
farmacoterapéutico 1 545 1 3258,	
Grupo 1 545 1 3257,	
Propiedades 2 545 2 3255,4506,	
	5 1 545 1 3253,	
FARMACOLOGICAS 1 545 1 3252,	
PROPIEDADES 1 545 1 3251,	
diálisis 2 545 2 3248,5141,	
serlo 1 545 1 3246,	
dializable 1 545 1 3239,	
absorbido 1 545 1 3219,	
retirar 1 545 1 3215,	
p 1 545 1 3213,	
habituales 1 545 1 3212,	
apoyo 2 545 2 3211,3232,	
razonable 1 545 1 3206,	
sobredosis 1 545 1 3204,	
caso 1 545 1 3202,	
mg/día 1 545 1 3192,	
250 2 545 2 3191,3464,	
relacionadas 1 545 1 3877,	
múltiples 1 545 1 3188,	
Sobredosis 1 545 1 3169,	
9 4 545 4 3168,4755,5080,5579,	
excluir 1 545 1 3164,	
nefrótico 1 545 1 3151,	
similar 5 545 5 3136,4085,4386,4911,4975,	
torácico 1 545 1 3126,	
sistémica) 2 545 2 5276,5356,	
astenia/fatiga 1 545 1 3124,	
edema/retención 1 545 1 3119,	
generales 1 545 1 3111,	
menstruales 1 545 1 3109,	
endoscópicas 1 545 1 4130,	
mamarios 1 545 1 3105,	
trastornos 2 545 2 3104,3108,	
reproductor 1 545 1 3102,	
intersticial 1 545 1 3100,	
nefritis 1 545 1 3099,	
fallo 1 545 1 3087,	
hiperpotasemia 1 545 1 3083,	
principales 2 545 2 4728,4760,	
BUN 1 545 1 3074,	
urinarios 1 545 1 3069,	
musculares 1 545 1 3065,	
calambres 1 545 1 3064,	
óseos 1 545 1 3061,	
musculoesqueléticos 1 545 1 3056,	
necrolisis 1 545 1 3052,	
mucosas 1 545 1 3042,	
cutáneo- 1 545 1 3041,	
fotosensibilidad 1 545 1 3037,	
disminuyó 1 545 1 5277,	
erupción 1 545 1 3027,	
subcutáneo 1 545 1 3024,	
tejido 2 545 2 3023,3058,	
piel 1 545 1 3021,	
ictericia 1 545 1 3012,	
hepatitis 1 545 1 3008,	
hepatotoxicidad 1 545 1 3006,	
alcalina 1 545 1 3003,	
fosfatasa 1 545 1 3002,	
aspartato 1 545 1 2995,	
aminotransferasa 2 545 2 2992,2996,	
alanina 1 545 1 2991,	
hepatobiliares 1 545 1 2987,	
pancreatitis 1 545 1 2985,	
colitis 1 545 1 2984,	
gastritis 1 545 1 2976,	
(principalmente 1 545 1 2972,	
sangrado 1 545 1 2971,	
perforación 1 545 1 2968,	
pépticas 1 545 1 2967,	
reflujo 1 545 1 2963,	
digestivo 1 545 1 2962,	
gas 1 545 1 2961,	
vómitos 1 545 1 2958,	
bucales 1 545 1 2957,	
distensión 1 545 1 2953,	
modelos 1 545 1 3476,	
dispepsia 1 545 1 2950,	
diarrea 1 545 1 2948,	
molestias 1 545 1 2946,	
pirosis 1 545 1 2945,	
(de 1 545 1 3828,	
abdominal 2 545 2 2944,2954,	
dolor 6 545 6 2943,3125,3342,3383,3805,3884,	
digestivos 1 545 1 2941,	
disnea 1 545 1 2936,	
epigástricas 1 545 1 2947,	
mediastínicos 1 545 1 2933,	
torácicos 1 545 1 2931,	
respiratorios 1 545 1 2930,	
vasculitis 1 545 1 2928,	
hipertensiva 1 545 1 2927,	
crisis 1 545 1 2926,	
vasculares 1 545 1 2919,	
pulmonar 1 545 1 2917,	
miocardio 1 545 1 2915,	
infarto 1 545 1 2913,	
borrosa 1 545 1 2894,	
visión 1 545 1 2893,	
oculares 1 545 1 2890,	
aséptica 1 545 1 2888,	
parestesia 1 545 1 2886,	
epilepsia 1 545 1 2885,	
empeoramiento 2 545 2 2882,2979,	
insomnio 1 545 1 2877,	
cefalea 1 545 1 2874,	
mareos 1 545 1 2873,	
nervioso 2 545 2 2871,3375,	
alucinaciones 1 545 1 2867,	
confusión 1 545 1 2866,	
ansiedad 1 545 1 2865,	
mental 1 545 1 2862,	
significativamente 7 545 7 3627,4000,4048,4178,4241,5123,5135,	
psiquiátricos 1 545 1 2854,	
peso 1 545 1 2852,	
ganancia 1 545 1 2850,	
nutrición 1 545 1 2847,	
anafiláticas/anafilactoides 1 545 1 2842,	
oído 1 545 1 2897,	
angioedema 1 545 1 2840,	
inmune 1 545 1 2833,	
trombocitopenia 1 545 1 2829,	
pancitopenia 1 545 1 2828,	
aplásica 1 545 1 2827,	
leucocitos 1 545 1 2823,	
eritrocitos 1 545 1 2820,	
hemoglobina 1 545 1 2817,	
descenso 1 545 1 2809,	
papilar 1 545 1 5237,	
linfático 1 545 1 2807,	
sistema 4 545 4 2806,2832,2870,3374,	
sanguíneos 1 545 1 2803,	
Trastornos 16 545 16 2802,2830,2843,2853,2868,2889,2895,2904,2918,2929,2940,2986,3018,3055,3066,3110,	
aislados)] 1 545 1 2801,	
(< 1 545 1 2796,	
raras 14 545 14 2795,2825,2835,2864,2881,2892,2911,2923,2938,2978,3005,3033,3082,3107,	
Muy 14 545 14 2794,2824,2834,2863,2880,2891,2910,2922,2937,2977,3004,3032,3081,3106,	
estreñimiento 1 545 1 2955,	
000) 1 545 1 2793,	
1/10 2 545 2 2789,2797,	
Raras 3 545 3 2787,2906,2965,	
1/100) 1 545 1 2786,	
1/1 2 545 2 2783,2792,	
1/100 1 545 1 2777,	
Frecuentes 8 545 8 2775,2808,2872,2920,2942,2988,3025,3118,	
(>1/10) 1 545 1 2774,	
frecuentes 14 545 14 2773,2781,2813,2849,2856,2876,2902,2935,2952,2998,3029,3063,3071,3123,	
Poco 13 545 13 2780,2812,2848,2855,2875,2901,2934,2951,2997,3028,3062,3070,3122,	
incidencia 8 545 8 2768,3994,4039,4172,4228,4245,4303,4389,	
siguientes 1 545 1 2765,	
comunicaron 1 545 1 2761,	
meses 3 545 3 2752,4343,4380,	
período 1 545 1 2748,	
realizados 2 545 2 2733,5318,	
000 7 545 7 2717,2784,2790,2798,3183,3535,3579,	
individuos 1 545 1 2714,	
600 1 545 1 2713,	
11 1 545 1 2712,	
evaluada 1 545 1 2706,	
seguridad 3 545 3 2702,3589,5168,	
Reacciones 1 545 1 2699,	
(ABC24h) 1 545 1 4587,	
maquinaria 1 545 1 2696,	
manejo 1 545 1 2694,	
hizo 1 545 1 3743,	
vehículos 1 545 1 2691,	
conducción 1 545 1 2689,	
evitar 1 545 1 2687,	
somnolencia 2 545 2 2682,2878,	
vértigo 2 545 2 2680,2879,	
mareo 1 545 1 2679,	
presenten 1 545 1 2678,	
máquinas 1 545 1 2674,	
conducir 1 545 1 2671,	
determinación 1 545 1 3796,	
pecho 1 545 1 2657,	
alimentar 1 545 1 2655,	
ratas 6 545 6 2646,4662,4670,5190,5320,5340,	
humana 2 545 2 2638,5205,	
leche 3 545 3 2637,2644,5409,	
excreta 2 545 2 2634,2641,	
hemodiálisis; 1 545 1 3241,	
desconoce 2 545 2 2630,3243,	
lactantes 2 545 2 2628,2647,	
Madres 1 545 1 2627,	
feto 1 545 1 2623,	
beneficio 1 545 1 2612,	
trimestres 1 545 1 2605,	
utilizar 3 545 3 2600,2673,3223,	
controlados 2 545 2 2593,3900,	
conejos 3 545 3 4664,5322,5364,	
adecuados 1 545 1 2590,	
ensayos 1 545 1 2588,	
embarazadas 1 545 1 2582,	
arterioso 3 545 3 2572,3362,5297,	
conducto 3 545 3 2571,3361,5296,	
prematuro 1 545 1 2569,	
cierre 3 545 3 2568,3359,5520,	
inercia 1 545 1 2565,	
síntesis 4 545 4 2560,3295,3336,3561,	
conoce 2 545 2 2556,5305,	
último 1 545 1 2542,	
instaurar 1 545 1 3228,	
contraindicado 1 545 1 2535,	
Está 1 545 1 2534,	
fármaco 3 545 3 2518,4361,4690,	
Embarazo 2 545 2 2503,2506,	
relevante 1 545 1 2500,	
afectan 1 545 1 2491,	
antiácidos 1 545 1 2489,	
cimetidina 1 545 1 2486,	
afectó 1 545 1 2478,	
CYP3A4) 1 545 1 2476,	
(un 1 545 1 2471,	
ketoconazol 1 545 1 2470,	
hepático 1 545 1 2466,	
aproximada 1 545 1 2432,	
disminución 6 545 6 2431,2814,2818,2821,2858,5291,	
prurito 1 545 1 3026,	
enzimas 2 545 2 2426,4714,	
potente 2 545 2 2423,2473,	
agudeza 1 545 1 2861,	
rifampicina 1 545 1 2420,	
dominante 1 545 1 2407,	
CYP 2 545 2 2402,2428,	
(CYP) 2 545 2 2396,4718,	
citocromo 2 545 2 2394,4716,	
potentes 2 545 2 2392,2463,	
inductores 2 545 2 2391,2462,	
~95 1 545 1 3541,	
hidroxiácidos) 3 545 3 2387,4707,4735,	
(como 3 545 3 2386,4706,4734,	
trans-dihidro 3 545 3 2384,4704,4732,	
principal 3 545 3 2372,3332,4693,	
Efectos 2 545 2 2361,2666,	
dispone 1 545 1 2356,	
2E1 1 545 1 2352,	
2D6 1 545 1 2350,	
2C19 1 545 1 2349,	
2C9 1 545 1 2348,	
ancianos) 1 545 1 2975,	
P450 3 545 3 2347,2395,4717,	
citocromos 1 545 1 2346,	
inhiba 1 545 1 2344,	
vitro 2 545 2 2338,3448,	
base 1 545 1 2333,	
35/1) 1 545 1 2331,	
estradiol/noretindrona 1 545 1 2330,	
(etinil 1 545 1 2329,	
anticonceptivos 1 545 1 2327,	
observaron 1 545 1 5242,	
prednisona/prednisolona 1 545 1 2325,	
importancia 2 545 2 2319,3681,	
farmacológica 1 545 1 2313,	
sustratos 1 545 1 2305,	
conjuntamente 2 545 2 2304,2460,	
prescriban 1 545 1 2303,	
obstante 3 545 3 2297,2413,3753,	
clínicamente 2 545 2 2294,2499,	
grado 1 545 1 2293,	
afectada 1 545 1 2290,	
metabolizan 1 545 1 2283,	
esperar 2 545 2 2274,2341,	
produce 3 545 3 2261,2381,4820,	
Aunque 1 545 1 2259,	
indicando 1 545 1 2247,	
desmetilación 1 545 1 2244,	
ningún 1 545 1 2239,	
(75 1 545 1 2231,	
placebo 7 545 7 2229,2771,3495,3556,3902,3969,4168,	
reproducción 2 545 2 5256,5317,	
Comparado 1 545 1 2227,	
través 1 545 1 2214,	
Esta 1 545 1 2201,	
ABC 3 545 3 2194,4973,5015,	
reduciendo 1 545 1 2192,	
palpitaciones 1 545 1 2912,	
catalizado 2 545 2 2188,2399,	
metabolismo 8 545 8 2185,2209,2374,2398,2409,2465,2845,4825,	
inducción 4 545 4 2183,2217,2251,2264,	
produjo 6 545 6 2180,2238,2429,3197,3497,3800,	
días) 2 545 2 2179,2236,	
Incompatibilidades 1 545 1 5447,	
(25 1 545 1 2174,	
intravenosa 1 545 1 2172,	
eritromicina 2 545 2 2171,2246,	
aliento 1 545 1 2169,	
midazolam 3 545 3 2163,2187,2196,	
humanos 5 545 5 2158,3438,4656,5271,5351,	
seres 5 545 5 2157,3437,4655,5270,5350,	
investigó 1 545 1 2153,	
CYP3A4 7 545 7 2151,2191,2223,2257,2270,2287,2308,	
inducir 1 545 1 2147,	
300 1 545 1 2109,	
única 5 545 5 2107,3532,4852,4965,5104,	
administró 2 545 2 2104,4985,	
sanos 5 545 5 2099,4798,4980,5030,5130,	
laberinto 1 545 1 2900,	
60 2 545 2 2095,5496,	
38 2 545 2 2092,5566,	
(AUC(0-)) 1 545 1 2089,	
teofilina 4 545 4 2088,2112,2127,2139,	
envase 1 545 1 5540,	
aumentaron 1 545 1 2083,	
administrados 1 545 1 2075,	
olanzapina 1 545 1 2065,	
zileutón 1 545 1 2064,	
metabolizados 1 545 1 2056,	
simultáneamente 1 545 1 2052,	
administre 1 545 1 2050,	
CYP1A2 2 545 2 2044,2060,	
modesta 3 545 3 2040,2182,2263,	
rofecoxib/teofilina 1 545 1 2033,	
rofecoxib/warfarina 1 545 1 2031,	
relativos 1 545 1 2027,	
vivo 2 545 2 2026,2360,	
in 4 545 4 2025,2337,2359,3447,	
administran 1 545 1 2018,	
monitorizados 1 545 1 2015,	
farmacocinéticos 2 545 2 2001,5071,	
relacionada 2 545 2 1989,3549,	
toxicidad 7 545 7 1988,2010,3198,5187,5253,5314,5397,	
administren 1 545 1 1975,	
Cuando 2 545 2 1973,2113,	
15 3 545 3 1971,4493,5490,	
AR 4 545 4 1963,3856,3860,4160,	
23 1 545 1 1958,	
PUHs 4 545 4 4305,4391,4457,4472,	
(ABC(0-24h)) 1 545 1 1955,	
isoformas 1 545 1 3302,	
anemia 1 545 1 2826,	
plasmáticas 5 545 5 1952,2086,2137,2439,4624,	
concentraciones 6 545 6 1951,2085,2136,2438,4632,4832,	
aumentó 1 545 1 1949,	
administrado 1 545 1 1941,	
artrosis) 1 545 1 1940,	
(dosis 1 545 1 1929,	
tinnitus 1 545 1 2903,	
75 1 545 1 1927,	
20 2 545 2 1917,5491,	
semanales 1 545 1 1910,	
únicas 2 545 2 1909,3177,	
(ABC0-24h) 1 545 1 1903,	
Curva0-24h 1 545 1 1902,	
inductor 1 545 1 2422,	
Bajo 1 545 1 1900,	
Área 1 545 1 1899,	
mediante 4 545 4 1897,2159,3962,4045,	
medida 1 545 1 1896,	
metotrexato 6 545 6 1895,1912,1954,1966,1978,1991,	
7 8 545 8 1884,1914,1967,2081,2665,4864,5487,5553,	
administrada 1 545 1 1876,	
plasmáticos 1 545 1 1866,	
niveles 1 545 1 1865,	
comercialización 2 545 2 1855,2759,	
incrementarse 1 545 1 1846,	
podría 1 545 1 1845,	
litio 2 545 2 1844,1868,	
plasmática 4 545 4 1842,1893,2482,4553,	
meningitis 1 545 1 2887,	
concentración 3 545 3 1841,1892,4552,	
farmacocinética 11 545 11 1836,2277,2323,2367,2481,2494,4614,4900,4936,5100,5157,	
farmacocinéticas 2 545 2 1829,4507,	
combinación 1 545 1 1827,	
fármacos 6 545 6 1823,1839,2055,2280,2364,2551,	
tacrolimo 2 545 2 1800,1811,	
acumulada 5 545 5 3995,4040,4173,4229,4247,	
ciclosporina 2 545 2 1798,1809,	
evitarse 1 545 1 1734,	
antiplaquetaria 2 545 2 1725,3665,	
1/10) 1 545 1 2779,	
actividad 7 545 7 1724,2149,2220,2254,2267,3664,4763,	
beta-bloqueantes 1 545 1 1704,	
inhibición 5 545 5 2041,3426,3450,3499,3545,	
posible 1 545 1 1699,	
existen 1 545 1 1695,	
diuréticos 3 545 3 1686,1693,1706,	
bloqueantes 1 545 1 1683,	
beta- 1 545 1 1682,	
antihipertensiva 1 545 1 1679,	
reducir 1 545 1 1676,	
El 8 545 8 1669,1752,1830,2576,3618,4330,4421,4640,	
cuenta 2 545 2 1657,3823,	
interacciones 2 545 2 1653,2030,	
reversible 2 545 2 1651,3090,	
magnesio 1 545 1 5438,	
proteínas 1 545 1 4623,	
generalmente 2 545 2 1650,3089,	
lugar 2 545 2 1639,3115,	
prostanoides 1 545 1 3340,	
dar 1 545 1 1638,	
conjunta 3 545 3 1628,1796,2416,	
ciclooxigenasa 4 545 4 1618,3280,3290,4769,	
Después 1 545 1 3786,	
inhiben 3 545 3 1616,2558,3670,	
agentes 2 545 2 1614,4256,	
igual 2 545 2 1610,2548,	
Al 1 545 1 1609,	
> 3 545 3 3463,5079,5262,	
Hg) 1 545 1 1599,	
mm 1 545 1 1598,	
arterial 1 545 1 1593,	
(promedio 1 545 1 1587,	
antihipertensivo 1 545 1 1586,	
atenuación 1 545 1 1583,	
pequeña 1 545 1 1582,	
semanas 8 545 8 1577,3899,3944,3986,4009,4033,4163,4185,	
durante 15 545 15 1575,1883,1946,2080,2177,2234,2601,2720,2746,3142,3193,3456,3894,4376,5010,	
40 2 545 2 1571,5142,	
10 4 545 4 1568,1947,5488,5597,	
(benazepril 1 545 1 1567,	
ECA 4 545 4 1566,1607,1634,1668,	
inhibidor 5 545 5 1563,1604,1631,2472,3273,	
4) 5 545 5 1544,3017,3098,3693,5149,	
cambie 2 545 2 1541,2118,	
inicie 2 545 2 1534,2115,	
biodisponibilidad 1 545 1 4529,	
justifique 1 545 1 2617,	
terapia 1 545 1 1530,	
primeros 3 545 3 1526,2604,4378,	
especialmente 1 545 1 1523,	
retirada 1 545 1 3093,	
minuciosamente 1 545 1 1517,	
monitorizarse 2 545 2 1516,1813,	
sodio 1 545 1 5435,	
consiguiente 1 545 1 1507,	
fluindiona 1 545 1 1505,	
anticoagulante 1 545 1 1504,	
También 2 545 2 1487,3387,	
tomaban 1 545 1 1479,	
28 2 545 2 5492,5612,	
anticoagulación 1 545 1 1475,	
reversión 1 545 1 1472,	
sugirieron 1 545 1 1471,	
casos 3 545 3 1470,1490,2800,	
condujeron 1 545 1 1459,	
incrementos 1 545 1 1454,	
informes 2 545 2 1452,1860,	
tacrina 1 545 1 2063,	
habido 3 545 3 1451,1489,1859,	
funciones 1 545 1 3372,	
atópica 1 545 1 3031,	
Ha 1 545 1 1450,	
Ratio) 1 545 1 1449,	
Normalised 1 545 1 1448,	
(International 1 545 1 1447,	
INR 4 545 4 1446,1457,1496,1522,	
protrombina 2 545 2 1445,1521,	
índice 2 545 2 1441,3619,	
8 5 545 5 1438,1597,2698,3578,5570,	
aproximado 1 545 1 1436,	
diarios 4 545 4 1428,1557,2176,2233,	
sujetos 6 545 6 1415,2098,4797,4979,5029,5129,	
farmacodinámicas 2 545 2 1413,3256,	
Interacciones 2 545 2 1412,1828,	
interacción 4 545 4 1411,1700,1996,2312,	
formas 1 545 1 1409,	
medicamentos 2 545 2 1406,5622,	
Interacción 1 545 1 1402,	
glucosa-galactosa 1 545 1 1399,	
Frascos 1 545 1 5514,	
absorción 1 545 1 1396,	
sugieren 1 545 1 2034,	
Lapp 1 545 1 1394,	
galactosa 1 545 1 1389,	
tracto 1 545 1 3221,	
intolerancia 2 545 2 1386,1390,	
raros 1 545 1 1384,	
microcristalina 1 545 1 5430,	
hereditarios 1 545 1 1383,	
problemas 1 545 1 1382,	
contienen 3 545 3 1372,5484,5530,	
sólo 2 545 2 1362,4772,	
estudiado 4 545 4 1358,2586,4139,5155,	
pediátricos 3 545 3 1353,5151,5162,	
suspenderse 1 545 1 1347,	
(tres 1 545 1 1338,	
mantienen 1 545 1 1336,	
detecta 1 545 1 1325,	
Si 1 545 1 1323,	
aislados 1 545 1 1491,	
persisten 1 545 1 1322,	
anormales 2 545 2 1321,1337,	
presión 1 545 1 1592,	
dichos 1 545 1 1319,	
pruebas 2 545 2 1310,1331,	
anormal 1 545 1 1307,	
resultado 1 545 1 1306,	
obtenido 1 545 1 1304,	
haya 1 545 1 1303,	
sugieran 1 545 1 1296,	
complicadas 1 545 1 4473,	
paciente 2 545 2 1290,2616,	
Un 2 545 2 1289,3573,	
conectivo 1 545 1 3059,	
estudios 15 545 15 1285,2000,2155,2310,2336,2708,2726,3128,3171,3488,3939,3992,4225,4329,5170,	
% 20 545 20 1280,1439,1959,2096,2200,2435,3519,3542,3761,3773,3781,4536,4630,4681,4741,4756,4803,4812,4922,5025,	
aproximadamente 8 545 8 1277,2711,4533,4564,4627,4738,4865,5022,	
normalidad) 2 545 2 1275,1345,	
mg/semana 1 545 1 1972,	
superior 4 545 4 1272,1342,1934,4308,	
límite 2 545 2 1271,1341,	
veces 15 545 15 1269,1339,1933,3603,3615,4199,4214,4263,4270,4293,4432,4443,5214,5264,5344,	
tres 4 545 4 1266,4262,4269,4292,	
(aproximadamente 4 545 4 1265,3577,4397,4650,	
AST 1 545 1 1264,	
y/o 2 545 2 1262,1293,	
ALT 1 545 1 1261,	
elevaciones 1 545 1 1258,	
concebir 2 545 2 1246,2530,	
intenten 2 545 2 1245,2529,	
ciclooxigenasa/síntesis 1 545 1 1239,	
inhibir 3 545 3 1237,2145,2523,	
conocida 2 545 2 1235,2521,	
capacidad 4 545 4 1234,2141,2520,2669,	
farmacéutica 1 545 1 1232,	
especialidad 1 545 1 1231,	
orales 3 545 3 1216,1514,2328,	
anticoagulantes 2 545 2 1215,1513,	
warfarina 4 545 4 1212,1422,1466,1486,	
inflamación 2 545 2 1201,3344,	
signos 2 545 2 1199,1294,	
fiebre 3 545 3 1196,3347,3380,	
enmascarar 1 545 1 1194,	
signo 1 545 1 1188,	
cadera; 1 545 1 3751,	
primer 2 545 2 1187,2211,	
administrarse 1 545 1 1185,	
Rofecoxib 13 545 13 1181,1192,1926,2068,2173,2639,3236,3270,3557,3727,4618,4657,4672,	
angioedema) 1 545 1 1177,	
(anafilaxia 1 545 1 1175,	
recibiendo 1 545 1 1167,	
8) 2 545 2 1164,1180,	
tóxica 2 545 2 1161,3054,	
epidérmica 2 545 2 1160,3053,	
alopecia 1 545 1 3034,	
necrólisis 1 545 1 1159,	
prostaciclina 1 545 1 3704,	
Stevens-Johnson 2 545 2 1157,3051,	
síndrome 3 545 3 1155,3049,3150,	
dermatitis 2 545 2 1153,3030,	
graves 3 545 3 1151,3046,3625,	
mujeres 5 545 5 1243,2527,2581,2649,4944,	
cutáneas 2 545 2 1150,3045,	
comunicado 4 545 4 1148,1171,1257,3149,	
asociación 2 545 2 1138,3153,	
vigilancia 1 545 1 1134,	
Durante 1 545 1 1132,	
utiliza 1 545 1 1119,	
adecuada 3 545 3 1116,1985,2133,	
médica 1 545 1 1115,	
supervisión 1 545 1 1114,	
mantenerse 1 545 1 1112,	
regulación 1 545 1 3364,	
5) 2 545 2 1110,1219,	
introducido 1 545 1 1101,	
causa 1 545 1 1094,	
preexistente 1 545 1 1090,	
metabólica 1 545 1 4695,	
presentan 1 545 1 1088,	
izquierda 1 545 1 1081,	
ventricular 1 545 1 1080,	
historia 1 545 1 1075,	
causar 2 545 2 1064,2564,	
Puesto 1 545 1 1057,	
Blísters 1 545 1 5477,	
año 2 545 2 2722,3144,	
comparables 2 545 2 1056,5197,	
ligeramente 2 545 2 1046,5199,	
Estas 1 545 1 1652,	
similares 2 545 2 1041,3965,	
sido 3 545 3 1040,1357,3329,	
notificación 1 545 1 1034,	
crónico 2 545 2 1023,1420,	
frecuencia 2 545 2 1018,4127,	
visto 1 545 1 1015,	
envases 2 545 2 5482,5508,	
cis- 3 545 3 2382,4702,4730,	
relacionados 2 545 2 1008,4358,	
parecen 1 545 1 1006,	
Estos 3 545 3 1004,4280,4758,	
hipertensión 5 545 5 998,1036,1083,1548,2921,	
e 3 545 3 997,3227,3673,	
líquidos 3 545 3 995,1067,3121,	
demostraron 2 545 2 3474,4762,	
retención 2 545 2 993,1065,	
rehidratar 1 545 1 979,	
considerable 1 545 1 976,	
deshidratación 1 545 1 975,	
µg/ml) 1 545 1 4561,	
significativo 3 545 3 1889,2241,2295,	
iniciar 2 545 2 967,985,	
retiradas 1 545 1 4333,	
cuidado 2 545 2 965,1070,	
monitorización 4 545 4 957,1984,2132,3225,	
considerar 3 545 3 955,1982,2130,	
cirrosis 1 545 1 949,	
compensada 1 545 1 947,	
significativas 3 545 3 939,3870,4450,	
alteraciones 1 545 1 938,	
antemano 1 545 1 937,	
padecen 1 545 1 935,	
respuesta 2 545 2 931,3876,	
presentar 1 545 1 929,	
NUMERO 1 545 1 5571,	
medible 1 545 1 4764,	
mayor 8 545 8 926,1019,1642,2769,4049,4375,4923,5026,	
cardíacos 1 545 1 2905,	
alteración 1 545 1 918,	
consecuencia 2 545 2 916,5403,	
flujo 1 545 1 912,	
polipropileno 1 545 1 5527,	
secundariamente 1 545 1 908,	
formación 2 545 2 904,3702,	
hemodiálisis 2 545 2 5120,5132,	
reducción 7 545 7 901,910,2202,2379,3802,4385,4698,	
producir 3 545 3 899,2038,4701,	
comprometida 2 545 2 893,1625,	
metabolito 1 545 1 4750,	
Por 4 545 4 886,1506,2442,3818,	
perfusión 2 545 2 884,891,	
mantenimiento 1 545 1 881,	
compensatoria 1 545 1 878,	
desempeñar 1 545 1 875,	
renales 3 545 3 873,3067,5248,	
prostaglandinas 5 545 5 872,906,2562,3297,3564,	
indujo 2 545 2 5221,5234,	
Las 4 545 4 871,2648,4348,4831,	
específicos 1 545 1 867,	
clínicos 9 545 9 866,1286,2589,2709,2727,3129,3172,4226,5069,	
superiores 5 545 5 1030,1047,4489,5200,5215,	
deterioro 2 545 2 859,1643,	
fertilidad 1 545 1 5279,	
evidencia 2 545 2 856,5328,	
interrupción 2 545 2 849,1462,	
considerarse 2 545 2 847,2455,	
apropiadas 1 545 1 844,	
medidas 3 545 3 843,3209,3873,	
Deben 1 545 1 840,	
anteriormente 1 545 1 839,	
farmacodinámico 1 545 1 830,	
perfil 3 545 3 829,3131,5371,	
patológicos 1 545 1 823,	
humano 1 545 1 5219,	
personales 1 545 1 822,	
Debe 5 545 5 815,1111,1733,1812,2045,	
(Véase 9 545 9 809,1108,1791,3015,3691,5091,5144,5357,5415,	
exposición 5 545 5 4918,5209,5275,5355,5406,	
endoscópica 2 545 2 795,1777,	
tasa 2 545 2 792,1774,	
resulta 3 545 3 786,1768,3321,	
estabilizados 1 545 1 1416,	
mg) 4 545 4 785,1767,4062,4082,	
(81 4 545 4 784,1766,4061,4081,	
bajas 9 545 9 783,808,1732,1765,1790,4060,4080,4119,4149,	
concomitante 6 545 6 772,1671,1737,1754,3766,4607,	
advertirse 1 545 1 768,	
embargo 4 545 4 766,2003,4315,5366,	
Sin 2 545 2 765,2002,	
periférica) 1 545 1 764,	
vascular 1 545 1 763,	
coronaria 1 545 1 760,	
derivación 1 545 1 759,	
injerto 1 545 1 757,	
operación 2 545 2 755,762,	
cerebral 1 545 1 754,	
isquemia 1 545 1 753,	
cerebrovascular 2 545 2 752,2925,	
ateroesclerótica 1 545 1 750,	
isquémica 2 545 2 748,826,	
cardiopatía 3 545 3 747,749,825,	
angina 1 545 1 746,	
IM 1 545 1 745,	
(antecedentes 1 545 1 743,	
desarrollarlos 1 545 1 742,	
trombóticos 1 545 1 737,	
u 3 545 3 734,761,1213,	
días 7 545 7 1527,1885,1948,2082,3195,4845,5012,	
aumentos 1 545 1 1493,	
consideración 1 545 1 726,	
tenerse 7 545 7 724,816,1069,1655,2046,2299,3821,	
interrumpidos 1 545 1 714,	
deben 6 545 6 712,1375,1654,2013,2654,2686,	
accidente 2 545 2 751,2924,	
salicílico) 1 545 1 710,	
ej 3 545 3 707,2062,3214,	
(p 2 545 2 706,2061,	
antiagregantes 2 545 2 705,722,	
tratamientos 1 545 1 704,	
agregación 1 545 1 701,	
peritoneal 1 545 1 3249,	
inhibe 1 545 1 699,	
Dado 1 545 1 695,	
plaquetaria 3 545 3 694,702,3572,	
función 14 545 14 693,877,921,942,960,1312,1333,1623,1646,1815,3367,3385,3571,3888,	
falta 1 545 1 688,	
debido 2 545 2 685,827,	
tromboembólicas 1 545 1 684,	
cardiovasculares 3 545 3 683,733,3624,	
enfermedades 1 545 1 682,	
profilaxis 2 545 2 680,4415,	
sustitutos 1 545 1 673,	
son 3 545 3 672,932,4603,	
selectivos 4 545 4 667,834,3675,3696,	
Los 14 545 14 665,923,1031,1368,2023,2675,3468,3694,3889,4406,4593,4727,4989,5388,	
bajas) 1 545 1 664,	
índices 2 545 2 1032,4453,	
(incluso 1 545 1 661,	
toman 4 545 4 655,1500,1661,2684,	
relacionado 1 545 1 5298,	
prueba 3 545 3 2161,2167,5523,	
media 3 545 3 1594,4531,4580,	
adversos 3 545 3 642,3622,4356,	
efectos 6 545 6 641,1005,1690,2317,3469,3890,	
Hay 2 545 2 636,962,	
MINISTERIO 7 545 7 635,1191,3200,4381,4893,5418,5596,	
GI 2 545 2 634,3222,	
úlcera 4 545 4 631,794,1776,3395,	
enfermedad 4 545 4 628,2981,3880,5113,	
central 1 545 1 3376,	
previos 1 545 1 626,	
AINE 2 545 2 616,3668,	
utilizan 1 545 1 613,	
complicación 1 545 1 606,	
desarrollar 1 545 1 604,	
postcomercialización 1 545 1 1135,	
riesgo 8 545 8 602,639,740,927,2007,2619,3687,4320,	
elevado 3 545 3 601,638,2008,	
recomienda 3 545 3 593,1222,2509,	
	6 1 545 1 5422,	
mortales 1 545 1 591,	
resultados 4 545 4 590,1320,1328,4281,	
TITULAR 1 545 1 5554,	
tuvieron 2 545 2 589,5013,	
(PUHs)] 1 545 1 585,	
hemorragias 2 545 2 584,4487,	
úlceras 11 545 11 582,2956,2966,3407,3424,3960,3997,4042,4129,4175,5193,	
[perforaciones 1 545 1 581,	
altas 5 545 5 580,1743,4233,5232,5240,	
gastrointestinales 8 545 8 579,643,4232,4337,4357,4456,4488,5250,	
complicaciones 1 545 1 578,	
producido 1 545 1 577,	
tratados 22 545 22 572,1001,1511,1906,1964,2125,2719,2736,3139,3639,3973,4012,4018,4053,4073,4091,4189,4208,4237,4251,5118,5414,	
opciones 1 545 1 565,	
proteinuria 1 545 1 3080,	
[Muy 1 545 1 2772,	
considerarán 1 545 1 563,	
evaluará 1 545 1 546,	
adversas 6 545 6 532,2700,2764,3040,3134,4336,	
posibilidad 1 545 1 527,	
seis 1 545 1 4722,	
Debido 1 545 1 524,	
paso 1 545 1 2212,	
especiales 3 545 3 521,5460,5467,	
precauciones 2 545 2 520,5466,	
Advertencias 1 545 1 518,	
III-IV) 1 545 1 515,	
(NYHA 1 545 1 514,	
congestiva 2 545 2 512,2909,	
cardíaca 5 545 5 511,945,1078,1131,2908,	
inflamatoria 2 545 2 509,2983,	
intestinal 4 545 4 508,2224,2271,2982,	
Enfermedad 1 545 1 507,	
30 5 545 5 505,2199,4921,5493,5531,	
depresión 1 545 1 2857,	
< 4 545 4 504,2778,2785,2791,	
estimado 1 545 1 503,	
vea 1 545 1 2289,	
severa 2 545 2 513,5077,	
Aclaramiento 1 545 1 499,	
(en 1 545 1 5339,	
han 10 545 10 576,1014,1039,1147,1170,1256,3299,4138,4720,5323,	
10) 1 545 1 498,	
puntuación 1 545 1 495,	
g/l 1 545 1 493,	
<25 2 545 2 492,5089,	
(albúmina 1 545 1 490,	
primera 1 545 1 3795,	
grave 1 545 1 489,	
Disfunción 1 545 1 487,	
lactancia 2 545 2 480,2505,	
embarazo 3 545 3 478,2545,2607,	
trimestre 2 545 2 476,2543,	
Tercer 1 545 1 475,	
potencial 2 545 2 2613,2620,	
(ciclooxigenasa-2) 1 545 1 474,	
COX-2 16 545 16 473,542,650,670,837,2525,3307,3313,3349,3400,3502,3516,3539,3678,3699,4779,	
inhibidores 10 545 10 470,539,647,666,833,1665,3674,3695,4766,4776,	
doble 2 545 2 4124,4166,	
incluyendo 10 545 10 469,1144,1152,2715,2799,2839,3007,3047,3086,3881,	
AINEs 15 545 15 468,544,609,652,1053,1143,1673,1751,1802,1849,3159,3483,4253,4325,5311,	
salicílico 15 545 15 466,620,660,677,780,804,1729,1747,1762,1786,4057,4077,4116,4146,4412,	
acetil 16 545 16 465,619,659,676,709,779,803,1728,1746,1761,1785,4056,4076,4115,4145,4411,	
digoxina 3 545 3 1998,2012,2022,	
ácido 17 545 17 464,618,658,675,708,778,802,1727,1745,1760,1784,2964,4055,4075,4114,4144,4410,	
después 2 545 2 461,550,	
alérgico 1 545 1 460,	
tipo 1 545 1 459,	
beneficiosos 1 545 1 3891,	
urticaria 2 545 2 455,3038,	
angioneurótico 1 545 1 454,	
nasales 1 545 1 452,	
pólipos 1 545 1 451,	
aguda 1 545 1 450,	
rinitis 1 545 1 449,	
broncoespasmo 2 545 2 448,2939,	
experimentado 1 545 1 447,	
hayan 1 545 1 446,	
Pacientes 3 545 3 444,1352,5150,	
(GI) 1 545 1 443,	
(1 1 545 1 4492,	
gastrointestinal 4 545 4 442,607,629,2969,	
hemorragia 2 545 2 441,633,	
mayores 2 545 2 535,4108,	
activa 1 545 1 438,	
péptica 1 545 1 437,	
Úlcera 1 545 1 436,	
1) 4 545 4 435,814,1793,2533,	
hipersensibilidad 4 545 4 423,1174,1190,2838,	
disfunción 3 545 3 1079,1127,1297,	
Antecedentes 1 545 1 421,	
Contraindicaciones 1 545 1 420,	
niños 3 545 3 417,1360,5525,	
indicado 3 545 3 415,718,838,	
está 3 545 3 414,717,5307,	
pediatría 1 545 1 408,	
Uso 1 545 1 406,	
80 1 545 1 404,	
30- 1 545 1 403,	
limitados 1 545 1 391,	
datos 8 545 8 390,1696,2024,2358,3446,4322,5068,5389,	
evaluado 1 545 1 1316,	
Actualmente 1 545 1 387,	
ml/min 4 545 4 380,405,506,4886,	
30-80 1 545 1 379,	
creatinina 4 545 4 377,401,501,3078,	
diferencia 1 545 1 3661,	
aclaramiento 3 545 3 374,398,4880,	
lactosa 2 545 2 1373,1393,	
renal 22 545 22 360,375,399,502,885,892,913,922,943,961,1128,1624,1647,1816,3085,3088,3368,4830,5098,5114,5226,5236,	
2) 4 545 4 358,386,569,4933,	
(véase 16 545 16 353,381,433,481,567,1162,1178,1217,1247,1542,2531,2573,2624,2658,3096,4931,	
nefrotóxico 1 545 1 1807,	
aconseja 2 545 2 351,978,	
principalmente 5 545 5 342,2057,2205,2284,4284,	
limitada 1 545 1 341,	
clínica 8 545 8 339,857,2320,3226,3491,3682,3723,5383,	
experiencia 4 545 4 338,1852,2756,4287,	
g/l) 3 545 3 320,5059,5090,	
25-35 2 545 2 319,5058,	
sérica 5 545 5 318,491,3079,5057,5088,	
albúmina 3 545 3 317,5056,5087,	
Child-Pugh 4 545 4 315,497,5054,5085,	
7-9 3 545 3 310,4996,5049,	
moderada 5 545 5 308,348,1551,4994,5047,	
Child-Pugh) 3 545 3 302,4960,5001,	
clasificación 6 545 6 300,313,4958,4999,5052,5083,	
genotóxico 1 545 1 5179,	
5-6 2 545 2 297,4955,	
(puntuación 6 545 6 296,309,4954,4995,5048,5078,	
reacciones 12 545 12 457,531,1149,1172,2763,2836,2841,3035,3039,3044,3133,4335,	
leve 3 545 3 295,1549,4953,	
insuficiencia 12 545 12 293,306,346,944,1077,2907,3013,3084,4951,4992,5045,5075,	
combinado 2 545 2 3934,4220,	
columna 1 545 1 3785,	
ajuste 2 545 2 287,365,	
realizar 3 545 3 286,364,5377,	
necesario 3 545 3 285,363,3235,	
5-hidroxi-glucurónido 1 545 1 4751,	
hepática 17 545 17 282,294,307,347,488,1129,1298,1313,1334,2258,3014,4699,4946,4952,4993,5046,5076,	
Insuficiencia 5 545 5 281,359,510,4945,5097,	
precaución 7 545 7 265,352,594,817,1205,2047,2300,	
(unidosis) 1 545 1 5506,	
Se 16 545 16 262,592,977,990,1202,1255,2629,3147,3298,3308,3396,3841,4382,4719,4876,5287,	
día) 3 545 3 261,1574,4295,	
(12 1 545 1 257,	
baja 3 545 3 256,327,1107,	
inicialmente 1 545 1 252,	
edad) 1 545 1 249,	
años 6 545 6 247,3649,3659,4104,4905,5456,	
65 2 545 2 246,4103,	
(> 4 545 4 245,2776,2782,2788,	
ancianos 6 545 6 244,280,610,1122,4903,4926,	
Ancianos 2 545 2 241,4898,	
máxima 6 545 6 235,3606,4202,4435,4554,5038,	
absorbe 1 545 1 4515,	
comparación 9 545 9 221,797,1601,1779,3493,3554,3920,4258,4310,	
50 16 545 16 214,1713,1874,2073,2434,3594,3913,3979,4192,4260,4300,4425,5106,5337,5494,5510,	
diaria 7 545 7 212,234,270,4853,5039,5267,5347,	
significativa 5 545 5 208,3199,3428,3803,3908,	
adicional 4 545 4 207,3907,4030,4757,	
observado 3 545 3 205,992,1995,	
(AR) 1 545 1 201,	
Artritis 1 545 1 183,	
disponible 1 545 1 176,	
Blisters 1 545 1 5502,	
hay 6 545 6 175,389,855,2250,5067,5327,	
Para 1 545 1 163,	
superarse 2 545 2 155,323,	
No 18 545 18 153,1220,1374,1694,1992,2296,2412,2507,3543,3717,3810,3903,4136,5066,5448,5463,5535,5551,	
eficacia 6 545 6 152,206,561,1678,3741,3906,	
aumentar 3 545 3 150,267,1804,	
aumento 16 545 16 140,529,552,559,789,1435,1589,1771,1862,2207,2989,2993,2999,3072,3075,4122,	
acontecimientos 9 545 9 732,736,3621,3644,3654,4355,4455,4460,4468,	
síntomas 4 545 4 138,865,1292,2959,	
clínicas 1 545 1 1483,	
insuficiente 2 545 2 135,1397,	
clozapina) 1 545 1 2067,	
alivio 1 545 1 134,	
pacientes 75 545 75 132,197,291,304,344,370,393,549,571,599,611,623,728,819,870,924,952,973,982,1000,1073,1097,1125,1166,1283,1366,1380,1477,1498,1510,1546,1621,1659,1905,1961,2005,2124,2676,2718,2735,2974,3138,3582,3631,3638,3647,3657,3685,3763,3807,3858,3948,3954,4011,4035,4052,4072,4090,4101,4133,4140,4158,4188,4207,4236,4250,4402,4407,4897,4948,4990,5043,5073,5111,5161,	
En 28 545 28 130,196,303,570,950,1095,1165,1414,1545,1707,1850,2309,2332,2388,2725,3127,3170,3201,3857,3931,3987,4026,4100,4152,4217,5169,5183,5363,	
día 31 545 31 129,148,162,173,195,219,231,336,1718,1882,1945,2079,3467,3601,3617,3849,3867,3918,3930,3982,4025,4068,4098,4197,4216,4265,4272,4279,4430,4445,4544,	
vez 18 545 18 127,171,193,217,229,334,1716,1880,1943,2077,3599,3847,3865,3916,3928,4195,4428,4542,	
5 32 545 32 124,168,181,258,273,331,357,385,485,811,813,1250,1253,1401,1792,1871,1915,1968,2070,2532,2625,2662,2739,3250,3509,4504,4523,5008,5064,5163,5471,5486,	
12 21 545 21 123,167,180,272,330,1870,2069,2178,2738,3508,3898,3985,4006,4032,4162,4184,4342,4370,4522,5007,5063,	
recomendada 8 545 8 118,187,236,328,1105,1937,5268,5348,	
asoció 3 545 3 1432,1579,4447,	
inicial 1 545 1 117,	
dosis 66 545 66 116,143,157,165,186,211,224,233,254,269,289,325,367,534,554,663,782,807,1011,1028,1055,1104,1482,1537,1731,1741,1764,1789,1878,1908,2106,2448,3176,3187,3287,3441,3505,3524,3531,3552,3605,3911,3923,4059,4079,4118,4148,4201,4298,4434,4519,4684,4789,4851,4889,4964,4988,5035,5037,5103,5196,5203,5261,5266,5334,5346,	
	63 1 545 1 5577,	
náuseas 1 545 1 2949,	
La 24 545 24 115,185,232,337,1794,1840,2140,2370,2467,2485,2701,3289,3348,3425,3660,3737,4528,4579,4605,4692,4815,4917,5036,5131,	
edema 4 545 4 453,996,1089,2916,	
Artrosis 1 545 1 114,	
activo 2 545 2 112,426,	
principio 2 545 2 111,425,	
contengan 1 545 1 108,	
exfoliativa 1 545 1 1154,	
productos 1 545 1 106,	
concomitantemente 8 545 8 103,621,656,1209,1484,1663,1979,2019,	
3) 6 545 6 486,1254,2575,2626,2663,5096,	
utilizarse 3 545 3 102,251,1364,	
debe 25 545 25 101,154,250,263,322,723,767,846,954,1068,1099,1182,1203,1314,1346,1363,1515,1981,2129,2204,2298,2454,2599,3820,5060,	
alcanzar 1 545 1 4546,	
alimentos 2 545 2 98,4609,	
tomarse 2 545 2 94,841,	
Aparato 1 545 1 3101,	
oral 7 545 7 91,2164,3276,4512,4530,4600,4786,	
vía 7 545 7 90,2371,2406,3275,4511,4694,4785,	
administra 3 545 3 88,1208,2459,	
efecto 9 545 9 690,1585,1721,1806,1831,1888,2240,3568,4373,	
administración 15 545 15 85,895,1424,1553,1627,1736,1795,2415,2468,3117,3174,3458,4574,4783,4848,	
forma 3 545 3 83,2498,4677,	
Posología 1 545 1 81,	
adultos 4 545 4 78,120,1367,4576,	
prostaglandina 1 545 1 1241,	
reumatoide 8 545 8 76,184,200,396,1925,2732,3585,4405,	
artritis 7 545 7 75,199,395,1924,2731,3584,4404,	
equilibrio 4 545 4 1711,4550,4839,5021,	
o 43 545 43 72,96,316,427,439,456,467,494,583,617,622,738,948,1043,1082,1130,1267,1299,1395,1535,1705,1748,1799,1810,2116,2146,2326,2351,2487,2681,2723,2741,2753,3010,3145,4490,4770,4908,5055,5086,5499,5511,5532,	
artrosis 10 545 10 71,372,2729,3736,3765,3775,3783,3809,3950,4037,	
tratamiento 19 545 19 68,597,851,969,987,1060,1349,1419,1464,1921,2120,3095,3230,3732,3791,3852,4142,5004,5301,	
sintomático 3 545 3 65,3733,3853,	
Alivio 1 545 1 64,	
terapéuticas 4 545 4 63,566,1029,3288,	
Indicaciones 1 545 1 62,	
	4 1 545 1 60,	
CLINICOS 1 545 1 59,	
DATOS 2 545 2 58,5420,	
4 41 545 41 57,79,354,355,382,383,418,482,516,517,568,810,1109,1163,1179,1218,1248,1400,1543,1576,2501,2574,2659,2664,2697,3016,3097,3167,3692,4466,4569,4844,4932,5092,5095,5145,5148,5358,5361,5416,5458,	
cara 1 545 1 56,	
hematócrito 1 545 1 2811,	
110' 1 545 1 53,	
`MSD 1 545 1 52,	
mantuvieron 1 545 1 3893,	
grabado 1 545 1 50,	
amarillo 2 545 2 49,5443,	
color 1 545 1 48,	
redondo 1 545 1 46,	
Comprimido 1 545 1 45,	
	Comprimido 1 545 1 44,	
ausencia 2 545 2 557,2389,	
FARMACEUTICA 1 545 1 43,	
FORMA 1 545 1 42,	
tromboembólicos 1 545 1 3690,	
3 11 545 11 41,419,1930,2660,4499,4590,5146,5164,5359,5451,5455,	
ovulación 1 545 1 3354,	
6 15 545 15 39,434,483,1249,1932,2502,2751,4379,5419,5445,5450,5457,5470,5544,5545,	
excipientes 3 545 3 37,432,5426,	
	Laboratorios 1 545 1 5560,	
Lista 2 545 2 35,5424,	
rofecoxib 106 545 106 34,113,537,574,645,697,774,853,897,971,989,1003,1025,1038,1062,1098,1120,1145,1168,1210,1226,1288,1351,1354,1430,1480,1501,1532,1539,1559,1636,1662,1702,1712,1739,1756,1818,1833,1857,1976,2020,2036,2051,2122,2143,2226,2230,2260,2314,2343,2369,2376,2385,2411,2418,2441,2453,2457,2484,2496,2513,2539,2579,2632,2652,2685,2704,2745,3141,3166,3179,3443,3461,3472,3496,3522,3597,3641,3799,3827,3843,3861,3975,4014,4064,4112,4191,4239,4347,4365,4424,4513,4616,4705,4733,4795,4818,4834,4938,4970,5041,5109,5159,5176,5191,5259,	
contiene 1 545 1 30,	
comprimido 2 545 2 29,178,	
	Cada 1 545 1 28,	
uterina 1 545 1 2566,	
CUANTITATIVA 1 545 1 27,	
Y 1 545 1 26,	
CUALITATIVA 1 545 1 25,	
antecedentes 3 545 3 625,730,821,	
COMPOSICION 1 545 1 24,	
2 12 545 12 23,80,1596,3281,4021,4094,4505,4567,5093,5263,5446,5485,	
	RECOX® 1 545 1 19,	
MEDICAMENTO 1 545 1 18,	
DEL 2 545 2 17,5602,	
DENOMINACION 1 545 1 16,	
1 16 545 16 15,40,61,1251,1279,2716,3143,3182,3254,3534,3652,4275,4481,4651,4863,5423,	
tuvo 4 545 4 1720,1887,2316,3567,	
ocasiones 1 545 1 1045,	
información 1 545 1 12,	
Toda 1 545 1 10,	
cardiovascular 1 545 1 4416,	
medicamento 4 545 4 9,14,1378,3217,	
Basica 1 545 1 7,	
	Información 1 545 1 6,	
Periodo 1 545 1 5452,	
14 5 545 5 4,2235,3194,4811,5489,	
comprimidos 12 545 12 3,5,22,1369,4594,5501,5513,5534,5611,5613,5617,5619,	
mg 73 545 73 2,21,32,125,146,160,169,182,191,215,227,240,259,274,277,332,776,1427,1556,1569,1572,1714,1758,1875,1918,1928,1969,2074,2110,2175,2232,2451,2740,2743,3184,3465,3510,3513,3528,3536,3595,3611,3845,3863,3914,3926,3977,3980,4023,4066,4096,4193,4212,4261,4268,4277,4291,4301,4313,4426,4441,4524,4527,4540,4793,4856,4892,4968,5009,5065,5107,5610,5616,	
25 32 545 32 1,20,31,145,159,190,226,239,276,775,1426,1555,1757,1872,2071,2450,2742,3512,3844,3862,3925,3976,4065,4312,4526,4539,4638,4855,4891,4967,5609,5615,	
condiciones 1 545 1 889,	
RECOX 11 545 11 0,86,92,99,412,1371,1869,4596,4602,5608,5614,	
