" 1 542 1 3178,	
Prospectos 1 542 1 3175,	
f 1 542 1 3174,	
d 1 542 1 3170,	
c 1 542 1 3168,	
2002 1 542 1 3161,	
Julio 1 542 1 3160,	
TEXTO 1 542 1 3159,	
(PARCIAL) 1 542 1 3157,	
REVISIÓN 1 542 1 3156,	
1994 1 542 1 3151,	
Marzo 1 542 1 3149,	
APROBACIÓN/RENOVACIÓN 1 542 1 3143,	
FECHA 2 542 2 3139,3153,	
112 1 542 1 3137,	
111 1 542 1 3129,	
110 1 542 1 3121,	
60 3 542 3 3120,3128,3136,	
Registro 3 542 3 3119,3127,3135,	
Nº 3 542 3 3117,3125,3133,	
Valencia 1 542 1 3105,	
46014 1 542 1 3104,	
L 1 542 1 3101,	
Baxter 1 542 1 3099,	
COMERCIALIZACIÓN 2 542 2 3098,3113,	
AUTORIZACIÓN 3 542 3 3096,3111,3146,	
TITULAR 1 542 1 3093,	
Adversas"" 1 542 1 3087,	
""Adertencias 1 542 1 3079,	
apartados 1 542 1 3077,	
inyección 1 542 1 3069,	
temporalmente 1 542 1 3067,	
elevación 1 542 1 3055,	
observa 1 542 1 3053,	
tomarse 1 542 1 3041,	
Inyectar 1 542 1 3024,	
Conectar 1 542 1 3016,	
desconectar 1 542 1 3012,	
horizontal) 1 542 1 3010,	
original 1 542 1 3007,	
posición 2 542 2 3006,3009,	
Volver 1 542 1 2998,	
f) 1 542 1 2996,	
despacio 1 542 1 2992,	
superior) 1 542 1 2982,	
(con 1 542 1 2974,	
Mientras 1 542 1 2963,	
e) 1 542 1 2961,	
inyectar 1 542 1 2952,	
conectar 1 542 1 2945,	
abajo 2 542 2 2944,2994,	
girando 2 542 2 2940,2989,	
aire 2 542 2 2936,2954,	
Introducir 2 542 2 2935,2983,	
d) 1 542 1 2933,	
conector 2 542 2 2931,2970,	
capuchón 1 542 1 2929,	
eliminar 1 542 1 2927,	
concentrado) 1 542 1 2926,	
manivela 4 542 4 2917,2942,2991,3000,	
Girar 1 542 1 2915,	
amarilla 1 542 1 2913,	
ligeramente 1 542 1 2912,	
apariencia 1 542 1 2909,	
aceptable 1 542 1 2907,	
Para 1 542 1 2904,	
permitan 1 542 1 2903,	
coloración 1 542 1 2890,	
partículas 1 542 1 2888,	
inspeccionados 1 542 1 2886,	
parenteral 1 542 1 2883,	
productos 1 542 1 2880,	
Administración 1 542 1 2855,	
filtro 1 542 1 2852,	
activo 1 542 1 2846,	
manera 1 542 1 2843,	
completamente 1 542 1 2839,	
pasará 1 542 1 2848,	
Asegurese 1 542 1 2834,	
haya 1 542 1 2832,	
suavidad 1 542 1 2825,	
Agitar 1 542 1 2823,	
c) 1 542 1 2821,	
NÚMERO 1 542 1 3108,	
penetre 1 542 1 2814,	
hará 1 542 1 2810,	
vacío 1 542 1 2809,	
Insertar 1 542 1 2797,	
parte 2 542 2 2792,2981,	
esté 2 542 2 2789,2838,	
invertir 2 542 2 2778,2971,	
unido 1 542 1 2773,	
b) 1 542 1 2767,	
extremo 1 542 1 2757,	
Coger 1 542 1 2752,	
través 2 542 2 2747,2850,	
vuelta 1 542 1 2737,	
Darle 1 542 1 2735,	
sacar 2 542 2 2730,2759,	
a) 1 542 1 2727,	
(figura 6 542 6 2726,2766,2820,2932,2960,2995,	
interior 1 542 1 2725,	
tocar 1 542 1 2723,	
papel 1 542 1 2721,	
tapa 1 542 1 2719,	
quitando 1 542 1 2717,	
accesorio 1 542 1 2715,	
envoltorio 3 542 3 2713,2734,2765,	
Abrir 1 542 1 2711,	
germicida 1 542 1 2709,	
Limpiar 1 542 1 2704,	
cápsulas 1 542 1 2695,	
Retirar 1 542 1 2693,	
(diluyente) 1 542 1 2691,	
(concentrado 1 542 1 2680,	
Llevar 1 542 1 2675,	
punta 2 542 2 2743,2800,	
aséptica 2 542 2 2673,2858,	
técnica 2 542 2 2672,2857,	
Usar 2 542 2 2670,2856,	
Reconstitución 1 542 1 2669,	
disuelto 2 542 2 2833,2840,	
utilizada 1 542 1 2668,	
adecuadamente 1 542 1 2664,	
Desechar 1 542 1 2663,	
· 4 542 4 2630,2643,2653,2662,	
desechable 1 542 1 2623,	
Debe 2 542 2 2619,3040,	
USO/MANIPULACIÓN 1 542 1 2597,	
Presentación 3 542 3 2581,2585,2589,	
INSTRUCCIONES 1 542 1 2595,	
potencias 1 542 1 2580,	
presentaciones 1 542 1 2576,	
Disponible 1 542 1 2573,	
miniequipo 1 542 1 2569,	
aguja) 1 542 1 2557,	
(para 1 542 1 2553,	
BaxJect 7 542 7 2552,2716,2762,2772,2920,2950,3003,	
equipo 14 542 14 2551,2732,2739,2754,2761,2771,2780,2795,2854,2919,2949,2973,3002,3018,	
reconstitución) 1 542 1 2549,	
(diluyente 1 542 1 2546,	
empaqueta 1 542 1 2533,	
aluminio 1 542 1 2519,	
protectoras 1 542 1 2517,	
tapas 1 542 1 2516,	
goma 1 542 1 2514,	
tapones 2 542 2 2512,2706,	
Eur 4 542 4 2507,2545,2615,2690,	
transparente 1 542 1 2502,	
vidrio 1 542 1 2501,	
viales 2 542 2 2496,2698,	
ENVASE 1 542 1 2491,	
ambiente 1 542 1 2476,	
temperatura 1 542 1 2475,	
haber 1 542 1 2471,	
refrigerar 4 542 4 2466,2478,2655,2875,	
congelar 1 542 1 2464,	
+8ºC) 1 542 1 2462,	
(+2ºC 1 542 1 2460,	
Almacenar 1 542 1 2453,	
CONSERVACIÓN 1 542 1 2452,	
meses 1 542 1 2425,	
seis 1 542 1 2424,	
15-25ºC 3 542 3 2418,2446,2677,	
almacenarse 1 542 1 2416,	
periodo 1 542 1 2409,	
impresa 2 542 2 2400,2639,	
caducidad 2 542 2 2399,2638,	
fecha 2 542 2 2397,2636,	
(2-8°C) 1 542 1 2391,	
refrigeración 2 542 2 2390,2459,	
condiciones 2 542 2 2388,2457,	
años 2 542 2 2386,2412,	
almacenado 2 542 2 2383,2473,	
validez 2 542 2 2379,2428,	
Período 1 542 1 2377,	
VALIDEZ 1 542 1 2376,	
PERIODO 1 542 1 2374,	
INCOMPATIBILIDADES 1 542 1 2362,	
inyectables 4 542 4 2359,2543,2613,2688,	
esterilizada 4 542 4 2356,2540,2610,2685,	
Agua 4 542 4 2355,2539,2609,2684,	
dihidrato 1 542 1 2354,	
cálcico 1 542 1 2353,	
3350 1 542 1 2351,	
Macrogol 1 542 1 2350,	
Histidina 1 542 1 2349,	
sódico 1 542 1 2348,	
Cloruro 2 542 2 2347,2352,	
Albúmina 1 542 1 2345,	
Figura 6 542 6 3163,3165,3167,3169,3171,3173,	
Solución 1 542 1 2343,	
EXCIPIENTES 1 542 1 2342,	
RELACIÓN 1 542 1 2340,	
FARMACÉUTICOS 1 542 1 2337,	
MINISTERIO 2 542 2 2334,3162,	
potencial 1 542 1 2332,	
España 1 542 1 3106,	
evaluar 1 542 1 2330,	
plazo 1 542 1 2326,	
realización 1 542 1 2321,	
imperativo 1 542 1 2319,	
mutagénicos 1 542 1 2315,	
efectos 1 542 1 2312,	
proporciona 1 542 1 2309,	
ósea 1 542 1 2303,	
médula 1 542 1 2302,	
policromáticos 1 542 1 2300,	
eritrocitos 1 542 1 2299,	
micronúcleos 1 542 1 2297,	
sido 1 542 1 2472,	
cromosómicas 1 542 1 2293,	
aberraciones 1 542 1 2292,	
reversas 1 542 1 2291,	
mutaciones 1 542 1 2290,	
causó 1 542 1 2289,	
máximas 1 542 1 2283,	
insertar 1 542 1 2741,	
diez 1 542 1 2278,	
vitro 1 542 1 2273,	
plasmáticas 1 542 1 2269,	
considerablemente 1 542 1 2264,	
mutagenicidad 1 542 1 2261,	
ensayado 1 542 1 2259,	
animales 2 542 2 2254,2328,	
tóxico 1 542 1 2252,	
ningún 1 542 1 2250,	
mostraron 1 542 1 2249,	
humanos 1 542 1 2247,	
recomendadas 1 542 1 2245,	
kilogramo 1 542 1 2241,	
mantiene 1 542 1 2965,	
superiores 1 542 1 2236,	
veces 2 542 2 2235,2279,	
endógeno 1 542 1 2232,	
actúa 1 542 1 2227,	
SEGURIDAD 1 542 1 2225,	
PRECLÍNICOS 1 542 1 2223,	
±0 1 542 1 2218,	
/Kg) 1 542 1 2201,	
12 1 542 1 2192,	
/Kg 1 542 1 2184,	
encontraban 1 542 1 2172,	
(N=209) 1 542 1 2159,	
/dl 1 542 1 2158,	
I 4 542 4 2157,2183,2200,2505,	
U 3 542 3 2156,2182,2199,	
29 2 542 2 2154,3147,	
71 1 542 1 2151,	
estable 1 542 1 2142,	
estaban 1 542 1 2139,	
214 1 542 1 2132,	
pronosticada 2 542 2 2110,2210,	
observados 1 542 1 2101,	
sustancial 1 542 1 2095,	
variación 1 542 1 2094,	
da 1 542 1 2090,	
32 1 542 1 2087,	
15 1 542 1 2082,	
85 1 542 1 2072,	
18 1 542 1 2069,	
dadas 2 542 2 2067,2170,	
De 1 542 1 2058,	
desviación) 2 542 2 2057,2167,	
análisis 2 542 2 2055,2165,	
omitidas 2 542 2 2053,2163,	
(N=66) 1 542 1 2049,	
38 3 542 3 2046,2079,2189,	
88 1 542 1 2043,	
pre-infusión 1 542 1 2030,	
FVIII 2 542 2 2025,2032,	
corrigió 1 542 1 2018,	
pre-existente 1 542 1 2016,	
continuado 1 542 1 2012,	
seguimiento 1 542 1 2008,	
recibían 1 542 1 2004,	
resultado 3 542 3 1983,2092,2145,	
dando 2 542 2 1981,2143,	
variable 1 542 1 1980,	
cuenta 1 542 1 1974,	
dar 1 542 1 1973,	
esperadas 2 542 2 1971,2286,	
relaciones 1 542 1 1964,	
UI/kg) 2 542 2 1960,2089,	
30 2 542 2 1958,2509,	
mediana 4 542 4 1956,2085,2123,2195,	
36 2 542 2 1950,2197,	
UI/kg 2 542 2 1945,2074,	
103 1 542 1 1943,	
13 1 542 1 1940,	
dada 1 542 1 1938,	
amplio 2 542 2 1932,2061,	
debida 1 542 1 1930,	
variabilidad 1 542 1 1928,	
alta 1 542 1 1927,	
análisis) 1 542 1 1925,	
recuperaciones 4 542 4 1923,1967,2052,2162,	
cuatro 1 542 1 1922,	
omitieron 1 542 1 1921,	
desviación 1 542 1 1919,	
(N=208) 1 542 1 1917,	
37 1 542 1 1914,	
0 9 542 9 1912,1951,1988,1990,2117,2119,2126,2190,2217,	
doce 1 542 1 1891,	
doscientos 1 542 1 1890,	
realizaron 3 542 3 1889,1993,2128,	
68 3 542 3 1883,1997,2180,	
presenta 1 542 1 2494,	
494 1 542 1 1878,	
obtuvieron 1 542 1 1874,	
4%) 1 542 1 1872,	
16 2 542 2 1871,1953,	
(123 1 542 1 1868,	
similar 1 542 1 1862,	
48 1 542 1 1858,	
(121 1 542 1 1855,	
corporal) 1 542 1 1852,	
FAHr/kg 1 542 1 1849,	
incremento 1 542 1 1836,	
e 4 542 4 1835,2740,2951,3172,	
(p 1 542 1 1834,	
respecto 1 542 1 1830,	
nuevo 2 542 2 2059,2468,	
calculada 1 542 1 1825,	
relación 3 542 3 1824,2103,2203,	
embargo 1 542 1 1822,	
Sin 1 542 1 1821,	
31 1 542 1 1817,	
101 1 542 1 1814,	
superior 2 542 2 1801,2793,	
(n=23) 1 542 1 1797,	
47 1 542 1 1794,	
+ 15 542 15 1793,1816,1857,1870,1905,1913,1947,1952,1989,2035,2045,2076,2081,2112,2118,	
123 1 542 1 1791,	
UI/Kg 1 542 1 1788,	
50 1 542 1 1787,	
observada 1 542 1 1776,	
actual 10 542 10 1775,1809,1829,1909,1937,2023,2040,2107,2148,2207,	
base 2 542 2 1774,1808,	
línea 2 542 2 1773,1807,	
recuperación 14 542 14 1770,1804,1828,1881,1894,1908,2000,2022,2039,2100,2106,2135,2147,2206,	
(n=61) 2 542 2 1768,1820,	
(FAHdp) 1 542 1 1753,	
(Humano) 1 542 1 1749,	
Hemofil 4 542 4 1745,1758,1811,1866,	
estadístico 1 542 1 1741,	
vista 1 542 1 1740,	
punto 1 542 1 1738,	
diferente 1 542 1 1735,	
significativamente 2 542 2 1734,1800,	
cifra 1 542 1 1730,	
67) 1 542 1 1729,	
(n= 1 542 1 1728,	
evidencia 1 542 1 2310,	
± 6 542 6 1724,1764,2153,2186,2191,2212,	
Periodo 1 542 1 2426,	
14 2 542 2 1722,1762,	
vida-media 2 542 2 1716,1755,	
revelaron 1 542 1 1714,	
69 1 542 1 1710,	
farmacocinéticos 1 542 1 1708,	
Estudios 1 542 1 1707,	
FARMACOCINÉTICAS 1 542 1 1706,	
requiere 1 542 1 1698,	
consiguiente 1 542 1 1696,	
reducida 1 542 1 1687,	
coágulo 1 542 1 1679,	
sólo 1 542 1 2565,	
formar 1 542 1 1677,	
fibrinógeno 1 542 1 1671,	
trombina 2 542 2 1665,1667,	
protrombina 1 542 1 1663,	
convierte 2 542 2 1661,1668,	
activado 2 542 2 1656,1660,	
conversión 1 542 1 1649,	
acelera 1 542 1 1647,	
cofactor 1 542 1 1643,	
Como 2 542 2 1642,2304,	
responsable 1 542 1 1638,	
traumas 1 542 1 1632,	
espontánea 1 542 1 1629,	
forma 2 542 2 1628,2783,	
caracterizada 1 542 1 1621,	
genético 1 542 1 1617,	
deficiente 1 542 1 1600,	
específico 1 542 1 1599,	
coagulación 3 542 3 1598,1620,1641,	
FARMACODINÁMICAS 1 542 1 1590,	
FARMACOLÓGICAS 1 542 1 1586,	
PROPIEDADES 3 542 3 1585,1589,1705,	
sobredosificación 1 542 1 1583,	
conocen 1 542 1 1580,	
SOBREDOSIFICACIÓN 1 542 1 1577,	
9 7 542 7 1576,1726,1792,1859,1915,2083,3138,	
clínicas 2 542 2 1569,2282,	
observaciones 1 542 1 1568,	
desarrollo 1 542 1 1563,	
cuidadosamente 1 542 1 1561,	
controlados 1 542 1 1560,	
derivado 2 542 2 1550,1750,	
reportado 1 542 1 1547,	
rango 4 542 4 1546,1933,2062,2175,	
tapón 2 542 2 2749,2805,	
31% 1 542 1 1539,	
previamente) 1 542 1 1531,	
ejemplo 1 542 1 1526,	
(por 1 542 1 1525,	
grave 1 542 1 1516,	
comunicada 1 542 1 1510,	
inhibitorios 2 542 2 1509,1566,	
incidencia 1 542 1 1506,	
primeros 1 542 1 1501,	
Utilizar 1 542 1 2644,	
20 1 542 1 1500,	
alto 1 542 1 1496,	
exposición 2 542 2 1489,1504,	
correlaciona 1 542 1 1486,	
desarrollar 2 542 2 1483,1522,	
riesgo 2 542 2 1481,1520,	
B 1 542 1 1474,	
(U 1 542 1 1473,	
expresan 1 542 1 1469,	
procoagulante 1 542 1 1463,	
dirigidas 1 542 1 1459,	
IgG 1 542 1 1458,	
inmunoglobulinas 1 542 1 1457,	
invariablemente 1 542 1 1456,	
F 4 542 4 2506,2544,2614,2689,	
Estos 1 542 1 1453,	
complicación 1 542 1 1443,	
inhibidores 3 542 3 1437,1454,1484,	
neutralizantes 1 542 1 1436,	
anticuerpos 3 542 3 1435,1508,1565,	
formación 1 542 1 1433,	
empleo"") 1 542 1 1431,	
""Contraindicaciones"" 1 542 1 1424,	
componentes 1 542 1 1417,	
conocidas 1 542 1 1414,	
carcinogénicos 1 542 1 2313,	
aparecen 1 542 1 1403,	
contacto 1 542 1 1398,	
ponerse 1 542 1 1396,	
interrumpir 2 542 2 1390,3066,	
advertidos 1 542 1 1388,	
iniciales 1 542 1 1377,	
informados 1 542 1 1373,	
anafilaxis 1 542 1 1368,	
hipotensión 1 542 1 1366,	
opresión 1 542 1 1361,	
tos 1 542 1 1360,	
disnea 1 542 1 1359,	
generalizada 1 542 1 1357,	
local 1 542 1 1355,	
urticaria 1 542 1 1354,	
incluir 1 542 1 1353,	
alérgico 2 542 2 1346,1351,	
tipo 2 542 2 1345,1350,	
asemejaban 1 542 1 1340,	
recibieron 1 542 1 1331,	
Esporádicamente 1 542 1 1327,	
Gremis 1 542 1 3102,	
escucha 1 542 1 1326,	
fallo 1 542 1 1321,	
infección 1 542 1 1317,	
dolorida 1 542 1 1316,	
significativa 1 542 1 3056,	
pies 1 542 1 1313,	
manos 1 542 1 1311,	
piernas 1 542 1 1310,	
fiebre 1 542 1 1307,	
agitación 1 542 1 1306,	
escalofríos 1 542 1 1305,	
diaforesis 1 542 1 1304,	
exantema 2 542 2 1302,1358,	
ligera 1 542 1 1300,	
enrojecimiento 1 542 1 1299,	
clínicos 1 542 1 1295,	
FAHr 1 542 1 1292,	
%) 1 542 1 1860,	
(FAHr) 1 542 1 1281,	
Recombinante 1 542 1 1280,	
jadeos 1 542 1 1365,	
adversas 3 542 3 1271,1286,1337,	
producirse 1 542 1 1269,	
proteína 1 542 1 1267,	
igual 1 542 1 1260,	
Al 1 542 1 1259,	
ADVERSAS 1 542 1 1258,	
REACCIONES 1 542 1 1257,	
8 4 542 4 1256,1941,2822,3107,	
maquinaria 1 542 1 1254,	
manejar 1 542 1 1253,	
conducir 1 542 1 1251,	
pueda 1 542 1 1245,	
existen 1 542 1 1239,	
MAQUINARIA 1 542 1 1237,	
UTILIZAR 1 542 1 1236,	
CONDUCIR 1 542 1 1234,	
PARA 1 542 1 1233,	
CAPACIDAD 1 542 1 1232,	
SOBRE 2 542 2 1230,2224,	
EFECTOS 1 542 1 1229,	
DIRECCIÓN 1 542 1 3091,	
7 10 542 10 1228,1763,1795,1815,2073,2155,2193,2796,3088,3103,	
estrictamente 1 542 1 1225,	
CONTENIDO 1 542 1 2489,	
únicamente 1 542 1 1222,	
hacerse 1 542 1 1221,	
embarazadas 1 542 1 1219,	
mujeres 1 542 1 1218,	
afectar 2 542 2 1207,1246,	
embarazada 1 542 1 1204,	
mujer 1 542 1 1203,	
feto 1 542 1 1198,	
daño 1 542 1 1196,	
causar 1 542 1 1195,	
animal 1 542 1 1186,	
reproducción 2 542 2 1185,1212,	
LACTANCIA 1 542 1 1178,	
IX 1 542 1 1646,	
EMBARAZO 1 542 1 1176,	
6 15 542 15 1175,1723,1818,2044,2080,2152,2335,2338,2360,2372,2447,2485,2593,2594,2768,	
interacciones 1 542 1 1169,	
mezclado 1 542 1 2367,	
observado 1 542 1 1168,	
No 13 542 13 1165,1179,1189,1238,1578,2392,2463,2465,2477,2631,2654,2729,2874,	
FORMAS 1 542 1 1162,	
indicaciones 1 542 1 1240,	
OTRAS 1 542 1 1161,	
medicamentos 4 542 4 1159,1173,2371,3177,	
CON 1 542 1 1156,	
INTERACCIONES 1 542 1 1155,	
5 11 542 11 1154,1584,1587,1703,1765,2070,2161,2220,2486,2728,3015,	
detectar 1 542 1 1148,	
realizarse 1 542 1 1142,	
controla 1 542 1 1133,	
alcanzan 1 542 1 1125,	
choque 1 542 1 1116,	
medios 1 542 1 1110,	
disponer 1 542 1 1108,	
inmediatamente 1 542 1 1105,	
inyección/infusión 1 542 1 1104,	
anafilácticas 1 542 1 1100,	
producen 2 542 2 1096,1626,	
) 2 542 2 1093,1475,	
contraindicación 1 542 1 1088,	
son 2 542 2 1086,1455,	
Las 2 542 2 1080,2168,	
precaución 2 542 2 1079,1408,	
bovinas 1 542 1 1074,	
conocida 2 542 2 1066,1444,	
incluían 1 542 1 1297,	
hipersensibilidad 3 542 3 1065,1343,1382,	
Los 5 542 5 1062,1347,1369,1553,2879,	
comunicado 3 542 3 1056,1284,1335,	
EMPLEO 1 542 1 1053,	
actuales 2 542 2 1968,2066,	
ESPECIALES 2 542 2 1051,2450,	
PRECAUCIONES 2 542 2 1050,2449,	
ADVERTENCIA 1 542 1 1048,	
constituyentes 1 542 1 1043,	
hámster 2 542 2 1039,1072,	
ratón 2 542 2 1037,1071,	
bovina 1 542 1 1035,	
graves 3 542 3 1031,1059,1083,	
alérgicas 5 542 5 1030,1058,1082,1098,1413,	
reacciones 9 542 9 1029,1057,1081,1097,1270,1285,1336,1380,1412,	
experimentado 1 542 1 1028,	
hayan 1 542 1 1027,	
individuos 1 542 1 1025,	
contraindicado 1 542 1 1023,	
CONTRAINDICACIONES 1 542 1 1020,	
proteínas 2 542 2 1034,1069,	
adversas"") 1 542 1 1017,	
""Reacciones 2 542 2 1016,3086,	
empleo"" 2 542 2 1014,3084,	
Precauciones 3 542 3 1011,1428,3081,	
""Advertencias 2 542 2 1009,1426,	
secciones 2 542 2 1007,1422,	
(Ver 3 542 3 1005,1420,3075,	
pronto 2 542 2 1004,3074,	
desaparecen 2 542 2 1003,3073,	
normalmente 2 542 2 1002,3072,	
síntomas 6 542 6 1001,1348,1376,1405,1581,3071,	
momentáneamente 1 542 1 999,	
interrumpirla 1 542 1 998,	
reducir 2 542 2 992,3060,	
significativo 1 542 1 990,	
hubiera 1 542 1 987,	
pulso 3 542 3 985,3043,3058,	
controlarse 1 542 1 983,	
Antes 1 542 1 975,	
minuto 2 542 2 974,3039,	
ritmo 4 542 4 968,994,3033,3062,	
refrigerado 1 542 1 961,	
reconstituido 2 542 2 957,2878,	
material 3 542 3 956,2830,2845,	
comience 2 542 2 945,2864,	
Uso/Manipulación"") 1 542 1 939,	
apartado 2 542 2 935,1090,	
(ver 2 542 2 932,1089,	
acompaña 3 542 3 931,2618,2627,	
diluyente 6 542 6 928,2702,2751,2777,2788,2813,	
reconstitución 10 542 10 925,954,2432,2444,2484,2555,2606,2652,2661,2873,	
intravenosa 2 542 2 921,2603,	
preparado 7 542 7 917,963,1045,1419,2599,2657,3027,	
Método 1 542 1 913,	
substrato 1 542 1 902,	
fibrina 1 542 1 1673,	
utilizar 2 542 2 901,2632,	
plástico 5 542 5 899,2562,2625,2745,2802,	
Humana 1 542 1 2346,	
pipetas 1 542 1 897,	
tubos 1 542 1 893,	
ensayo 2 542 2 886,895,	
exactos 1 542 1 884,	
obtener 1 542 1 880,	
experimentalmente 1 542 1 877,	
demostrado 1 542 1 876,	
Se 13 542 13 874,940,1054,1106,1282,1406,1873,1888,1961,1992,2017,2127,2859,	
Salud 1 542 1 867,	
Mundial 1 542 1 864,	
Organización 1 542 1 863,	
referencia 1 542 1 857,	
asignación 1 542 1 851,	
etiquetado 1 542 1 838,	
y/o 1 542 1 827,	
aumentar 1 542 1 824,	
corta 1 542 1 820,	
relativamente 1 542 1 819,	
prueba 1 542 1 1324,	
media 7 542 7 806,1904,1985,2034,2111,2149,2211,	
medida 1 542 1 802,	
considera 2 542 2 795,2318,	
esperada 2 542 2 792,1833,	
factor 9 542 9 790,817,1596,1645,1651,1654,1658,1683,2230,	
promedio 3 542 3 788,1717,1756,	
semi-vida 2 542 2 787,815,	
representa 1 542 1 777,	
Esto 1 542 1 776,	
80-100 1 542 1 769,	
hora 2 542 2 765,807,	
antifibrinolítica 1 542 1 761,	
dental 1 542 1 760,	
extracción 1 542 1 759,	
única 2 542 2 754,2499,	
Una 1 542 1 753,	
60-80 1 542 1 752,	
menor 1 542 1 750,	
Cirugía 2 542 2 749,767,	
operación 1 542 1 748,	
Tipo 2 542 2 746,2504,	
CIRUGÍA 1 542 1 745,	
intenso 1 542 1 744,	
fríos 1 542 1 1314,	
abdominal 1 542 1 743,	
cabeza 1 542 1 738,	
heridas 1 542 1 736,	
debidas 1 542 1 734,	
LA 6 542 6 1231,3095,3110,3141,3145,3155,	
peligro 1 542 1 732,	
superar 1 542 1 730,	
8-24 2 542 2 723,774,	
60-100 1 542 1 718,	
Hemorragias 1 542 1 716,	
dolor 3 542 3 713,742,1308,	
cese 1 542 1 711,	
hematoma 2 542 2 708,1303,	
usualmente 1 542 1 702,	
Repetir 3 542 3 693,719,770,	
30-60 1 542 1 692,	
extensa 1 542 1 691,	
hemorrágico 1 542 1 687,	
episodio 1 542 1 686,	
incolora 1 542 1 2910,	
muscular 2 542 2 683,700,	
días 3 542 3 681,705,1502,	
b 1 542 1 3166,	
tres 6 542 6 680,704,949,2575,2647,2868,	
durante 5 542 5 677,703,977,2384,3046,	
horas 10 542 10 676,698,724,775,950,1727,1767,2440,2648,2869,	
oral 2 542 2 674,762,	
12-24 2 542 2 672,697,	
infusión 9 542 9 670,695,721,755,772,1290,1782,2006,2571,	
Comenzar 1 542 1 668,	
20-40 1 542 1 667,	
incipiente 1 542 1 665,	
Hemartrosis 2 542 2 664,689,	
post- 1 542 1 663,	
Actividad 1 542 1 660,	
Grado 1 542 1 657,	
HEMORRAGIA 1 542 1 656,	
concreto 1 542 1 655,	
criterio 1 542 1 650,	
según 2 542 2 649,688,	
plazo) 1 542 1 646,	
corto 1 542 1 643,	
(a 1 542 1 642,	
administrado 2 542 2 639,3030,	
particular 1 542 1 634,	
caso 2 542 2 633,654,	
efectividad 1 542 1 629,	
orientadas 1 542 1 626,	
deben 7 542 7 623,1075,1141,1371,1386,1558,2884,	
aplicación 1 542 1 622,	
frecuencia 2 542 2 620,829,	
administrar 1 542 1 617,	
cantidad 1 542 1 615,	
normales 1 542 1 905,	
adultos 1 542 1 611,	
usada 1 542 1 609,	
Tabla 1 542 1 605,	
indicada 1 542 1 602,	
siguiente 2 542 2 601,808,	
pauta 1 542 1 598,	
requeridas 1 542 1 596,	
grandes 1 542 1 594,	
hemostasis 1 542 1 589,	
práctico 1 542 1 584,	
imposible 1 542 1 581,	
mayores 2 542 2 572,2265,	
carcinogénico 1 542 1 2333,	
títulos 1 542 1 569,	
Con 2 542 2 568,2769,	
necesario 4 542 4 556,796,823,1226,	
X 3 542 3 1652,1655,1659,	
situaciones 1 542 1 554,	
prevista 1 542 1 551,	
""Instrucciones 1 542 1 937,	
respuesta 1 542 1 550,	
adicionales 1 542 1 546,	
Después 1 542 1 538,	
neutralizar 1 542 1 535,	
adicional 1 542 1 533,	
Bethesda 3 542 3 526,576,1472,	
10 7 542 7 524,574,971,2177,2536,3036,3152,	
menores 2 542 2 522,1633,	
presente 1 542 1 519,	
calcularon 1 542 1 1962,	
estimado 2 542 2 514,1534,	
total 4 542 4 511,1876,1995,2130,	
volumen 1 542 1 510,	
Bethesda) 1 542 1 506,	
liofilizado) 1 542 1 2681,	
(Unidades 1 542 1 505,	
ml 8 542 8 502,528,578,972,1477,2510,2537,3037,	
neutralizados 1 542 1 499,	
cuantificarse 1 542 1 493,	
procedimientos 1 542 1 488,	
mediante 3 542 3 487,564,1567,	
demostrarse 1 542 1 486,	
inhibidor 7 542 7 480,484,517,537,571,1152,1524,	
sospecharse 1 542 1 474,	
adecuada 2 542 2 472,1140,	
von 1 542 1 908,	
controlar 1 542 1 468,	
hemorragia 7 542 7 464,659,673,699,739,1135,2015,	
esperados 2 542 2 460,1128,	
alcanza 1 542 1 457,	
Si 7 542 7 449,515,793,986,1094,1117,3051,	
mantienen 1 542 1 448,	
alcanzado 1 542 1 445,	
adecuados 2 542 2 442,491,	
(hacia 1 542 1 2921,	
UI/vial 4 542 4 849,2584,2588,2592,	
niveles 10 542 10 439,459,521,561,881,904,1119,1127,1977,2098,	
asegurar 1 542 1 436,	
necesarios 1 542 1 434,	
intervalos 1 542 1 433,	
presencia 3 542 3 477,482,1150,	
seriados 1 542 1 423,	
PRIMERA 1 542 1 3142,	
apropiados 3 542 3 420,1146,1574,	
ensayos 5 542 5 417,422,565,1143,1571,	
realicen 1 542 1 416,	
posible 1 542 1 414,	
* 1 542 1 832,	
sea 1 542 1 413,	
recomienda 3 542 3 410,941,2860,	
anteriormente 1 542 1 408,	
dados 1 542 1 407,	
cálculos 1 542 1 406,	
estimarse 1 542 1 403,	
NATURALEZA 1 542 1 2487,	
Aunque 1 542 1 399,	
cuidadoso 1 542 1 393,	
control 4 542 4 392,558,586,1447,	
importante 1 542 1 390,	
especialmente 1 542 1 389,	
vida 2 542 2 387,727,	
amenazan 2 542 2 385,725,	
hemorragias 4 542 4 383,648,1623,1901,	
mayor 3 542 3 381,768,1519,	
cirugía 1 542 1 380,	
casos 1 542 1 378,	
En 3 542 3 377,552,812,	
INTERACCIÓN 1 542 1 1164,	
1400 1 542 1 375,	
niñ 1 542 1 369,	
70% 1 542 1 365,	
40 2 542 2 362,372,	
(UI) 1 542 1 360,	
requerida 1 542 1 359,	
Dosis 2 542 2 358,2233,	
70 2 542 2 354,1911,	
adulto 1 542 1 352,	
Ejemplo 2 542 2 349,366,	
/ 2 542 2 345,347,	
2% 2 542 2 344,1838,	
efecto 1 542 1 2251,	
administración 18 542 18 530,540,811,831,915,920,944,979,996,1214,1264,2602,2863,2882,2894,3020,3048,3064,	
x 2 542 2 343,364,	
1750 1 542 1 341,	
= 3 542 3 340,361,374,	
administrarse 2 542 2 965,2435,	
Aumento 1 542 1 334,	
ejemplos 1 542 1 333,	
siguientes 6 542 6 332,951,2441,2579,2649,2870,	
después 10 542 10 922,1136,1287,1779,2394,2429,2469,2481,2633,2658,	
ilustra 1 542 1 329,	
cálculo 1 542 1 327,	
método 1 542 1 325,	
(UI/Kg) 1 542 1 321,	
corporal 2 542 2 320,2244,	
peso 3 542 3 319,1851,2243,	
Kg 5 542 5 317,348,355,363,373,	
administrada 1 542 1 315,	
dosis 14 542 14 314,401,471,595,1139,1785,1936,2065,2169,2239,2263,2276,2281,2498,	
multiplicando 1 542 1 312,	
calculado 1 542 1 311,	
normal 1 542 1 308,	
(%) 2 542 2 306,339,	
envase 1 542 1 2901,	
porcentaje 1 542 1 305,	
o 23 542 23 304,356,370,382,461,507,582,644,666,675,701,706,997,1038,1040,1073,1099,1129,1205,1252,1630,2294,3065,	
UI/dl 5 542 5 301,1796,1819,1916,2048,	
expresado 1 542 1 299,	
oídos 1 542 1 1319,	
nivel 3 542 3 294,2020,2028,	
esperado 2 542 2 291,338,	
garganta 2 542 2 741,1315,	
vivo 2 542 2 290,2285,	
in 3 542 3 289,2272,2284,	
pico 3 542 3 288,780,799,	
aumento 3 542 3 287,989,2295,	
plasma 10 542 10 285,303,428,453,504,513,1123,1479,1552,1752,	
circulante 1 542 1 1718,	
FAH 14 542 14 283,425,441,451,498,532,545,563,591,662,782,1121,1549,2271,	
concentraciones 2 542 2 281,2268,	
pecho 1 542 1 1364,	
determinación 1 542 1 279,	
capacidad 3 542 3 276,1210,1249,	
laboratorio 7 542 7 274,419,490,567,1145,1573,2256,	
desórdenes 1 542 1 270,	
experiencia 2 542 2 268,2306,	
médico 3 542 3 266,651,1401,	
colaboración 1 542 1 263,	
cabo 1 542 1 261,	
llevarse 1 542 1 259,	
debe 11 542 11 258,473,547,889,959,982,1101,1107,1220,2365,2434,	
paciente 3 542 3 255,430,455,	
clínica 3 542 3 253,630,2307,	
jeringa 8 542 8 2559,2622,2939,2947,2967,2988,3014,3023,	
condición 1 542 1 252,	
(media 3 542 3 1946,2075,2185,	
extensión 1 542 1 244,	
aconseja 1 542 1 1407,	
localización 1 542 1 242,	
hemostática 1 542 1 239,	
función 1 542 1 238,	
trastorno 1 542 1 235,	
gravedad 1 542 1 233,	
depende 1 542 1 230,	
sustitución 3 542 3 229,398,1702,	
duración 1 542 1 224,	
dosificación 4 542 4 222,600,826,1979,	
Posología 1 542 1 220,	
DE 21 542 21 215,1052,1163,1906,1948,2036,2077,2113,2187,2213,2341,2375,2451,2596,3094,3097,3109,3112,3140,3144,3154,	
MÉTODO 1 542 1 214,	
POSOLOGÍA 1 542 1 212,	
Willebrand 2 542 2 209,909,	
Von 1 542 1 208,	
Especiales 3 542 3 1012,1429,3082,	
enfermedad 1 542 1 206,	
desorden 1 542 1 1616,	
NO 1 542 1 198,	
producto 6 542 6 197,1244,1394,2414,2629,2877,	
tratados) 1 542 1 195,	
previamente 3 542 3 190,1712,1885,	
tratados 7 542 7 189,1077,1530,1555,1713,1887,1899,	
eficacia 1 542 1 185,	
seguridad 1 542 1 183,	
estudios 9 542 9 181,1183,1294,1536,1879,1892,1998,2133,2323,	
realizado 3 542 3 180,891,1182,	
(en 1 542 1 3008,	
han 7 542 7 179,444,1055,1167,1181,1283,1334,	
(se 1 542 1 178,	
nacido 1 542 1 177,	
terapia 4 542 4 227,396,758,1700,	
recién 1 542 1 176,	
incluyendo 3 542 3 174,421,751,	
edades 1 542 1 173,	
niños 4 542 4 169,188,193,613,	
utilizarse 2 542 2 167,2620,	
adecuado 3 542 3 165,200,1113,	
intravenosamente 1 542 1 3025,	
perioperatorio 1 542 1 157,	
También 1 542 1 151,	
VIII) 2 542 2 150,1610,	
congénita 2 542 2 147,1607,	
fatiga 1 542 1 1301,	
(deficiencia 2 542 2 146,1606,	
A 8 542 8 145,162,1452,1515,1605,1613,1693,2404,	
hemofilia 7 542 7 144,161,1451,1514,1604,1612,1692,	
pacientes 19 542 19 142,159,784,813,1063,1329,1370,1410,1449,1512,1528,1554,1602,1690,1711,1884,1897,2003,2138,	
episodios 2 542 2 139,247,	
profilaxis 2 542 2 137,641,	
tratamiento 6 542 6 135,156,203,257,1114,2011,	
indicado 2 542 2 132,153,	
El 15 542 15 127,196,256,286,324,916,955,962,1480,1591,1634,1657,2598,2808,3026,	
TERAPÉUTICAS 1 542 1 126,	
INDICACIONES 1 542 1 125,	
CLÍNICOS 1 542 1 122,	
DATOS 3 542 3 121,2222,2336,	
4 20 542 20 120,123,210,217,910,1018,1046,1047,1091,1153,1174,1227,1255,1575,1725,1869,2178,2448,2710,2997,	
concentrado 5 542 5 119,2700,2959,2978,2985,	
apirógeno 1 542 1 114,	
estéril 3 542 3 112,2560,2572,	
blanquecino 1 542 1 111,	
liofilizado 1 542 1 110,	
polvo 1 542 1 109,	
formulado 1 542 1 106,	
inyectable 1 542 1 103,	
solución 4 542 4 102,2666,2708,2898,	
disolvente 1 542 1 100,	
Polvo 1 542 1 98,	
FARMACÉUTICA 1 542 1 97,	
FORMA 1 542 1 96,	
3 12 542 12 95,1019,1092,1991,2120,2219,2221,2373,2439,2590,2703,2962,	
ADMINISTRACIÓN 1 542 1 216,	
hemorrágicos 3 542 3 140,248,271,	
C 2 542 2 94,873,	
VIII 12 542 12 93,337,791,818,872,1440,1466,1492,1636,1684,1844,2231,	
Concentrado 2 542 2 90,869,	
S 2 542 2 88,3100,	
M 5 542 5 87,1746,1759,1812,1867,	
O 1 542 1 86,	
Internacional 2 542 2 83,860,	
Estándar 2 542 2 82,859,	
referida 1 542 1 80,	
está 9 542 9 79,105,131,152,518,837,1022,1543,1685,	
asignada 1 542 1 78,	
potencia 4 542 4 77,853,888,2526,	
Esta 1 542 1 76,	
Internacionales 4 542 4 73,496,543,2530,	
Unidades 7 542 7 72,495,525,542,575,1471,2529,	
expresada 3 542 3 70,847,2527,	
(FAH) 1 542 1 69,	
actividad 8 542 8 65,779,798,841,883,1462,1681,1841,	
etiqueta 3 542 3 62,2523,2642,	
ó 1 542 1 54,	
nominalmente 1 542 1 51,	
contiene 1 542 1 50,	
vial 12 542 12 44,58,75,834,2403,2521,2775,2786,2817,2923,2957,2976,	
Cada 4 542 4 43,57,833,2520,	
CUANTITATIVA 1 542 1 42,	
Y 8 542 8 41,213,1049,1160,1177,1235,2488,3090,	
CUALITATIVA 1 542 1 40,	
COMPOSICIÓN 1 542 1 39,	
administrarlo 1 542 1 1200,	
2 16 542 16 38,211,218,911,912,1704,1856,1944,1954,1959,2047,2361,2385,2586,2692,2934,	
1000 4 542 4 33,55,2591,3131,	
500 4 542 4 27,53,2587,3123,	
(Recombinante) 6 542 6 25,31,37,49,118,846,	
Antihemofílico 12 542 12 24,30,36,48,68,117,298,845,1279,1493,1593,1748,	
Factor 22 542 22 23,29,35,47,67,92,116,149,297,336,844,871,907,1278,1439,1465,1491,1592,1609,1635,1747,1843,	
UI 11 542 11 22,28,34,56,342,346,376,1847,3116,3124,3132,	
250 4 542 4 21,52,2583,3115,	
Recombinate 43 542 43 20,26,32,46,60,104,130,163,296,635,836,843,981,1021,1061,1085,1188,1193,1216,1332,1541,1557,1720,1778,1854,2226,2257,2363,2380,2433,2455,2480,2492,2679,2807,2819,2837,2905,2925,3050,3114,3122,3130,	
MEDICAMENTO 1 542 1 19,	
DEL 4 542 4 18,2490,3092,3158,	
interrumpirse 1 542 1 1102,	
NOMBRE 2 542 2 17,3089,	
información 1 542 1 13,	
Toda 1 542 1 11,	
medicamento 2 542 2 10,15,	
Basica 1 542 1 8,	
	"Información 1 542 1 7,	
10ML 1 542 1 6,	
INY 1 542 1 5,	
1 19 542 19 4,16,124,219,606,1588,1766,1846,1987,2088,2116,2125,2181,2198,2216,2339,2582,2674,2914,	
náuseas 1 542 1 1298,	
La 17 542 17 221,481,597,614,850,1213,1432,1505,1611,1666,1680,1754,1769,1926,2033,2102,2202,	
ANTIHEM 1 542 1 3,	
FACT 1 542 1 2,	
preparaciones 5 542 5 1276,2358,2542,2612,2687,	
500UI 1 542 1 1,	
RECOMBINATE 1 542 1 0,	
