" 1 603 1 4289,	
Prospectos 1 603 1 4286,	
Marzo 1 603 1 4278,	
texto 1 603 1 4275,	
(Valencia) 1 603 1 4268,	
Almácera 1 603 1 4267,	
46132 1 603 1 4265,	
Barcelona 1 603 1 4263,	
Carretera 1 603 1 4261,	
S 1 603 1 4259,	
ROTTAPHARM 1 603 1 4258,	
comercialización 1 603 1 4257,	
autorización 1 603 1 4255,	
administrativos 1 603 1 4250,	
manipulación 1 603 1 4247,	
Instrucciones 1 603 1 4243,	
plano 1 603 1 4240,	
borde 1 603 1 4239,	
blanquecinos 1 603 1 4232,	
redondos 1 603 1 4230,	
biconvexos 1 603 1 4229,	
ó 1 603 1 4225,	
Envases 1 603 1 4222,	
aluminio/aluminio 1 603 1 4218,	
blister 1 603 1 4216,	
Tiras 1 603 1 4214,	
recipiente 1 603 1 4213,	
contenido 1 603 1 4211,	
Naturaleza 1 603 1 4209,	
C 1 603 1 4206,	
30º 1 603 1 4205,	
temperatura 1 603 1 4202,	
conservación 1 603 1 4198,	
Precauciones 1 603 1 4195,	
Tres 1 603 1 4191,	
validez 1 603 1 4190,	
14 2 603 2 4224,4284,	
Periodo 1 603 1 4188,	
Incompatibilidades 1 603 1 4182,	
glicerol 1 603 1 4179,	
Palmito-estearato 1 603 1 4177,	
sódica 1 603 1 4176,	
Croscarmelosa 1 603 1 4175,	
monohidratada 1 603 1 4174,	
Lactosa 1 603 1 4173,	
pregelatinizado 1 603 1 4172,	
Almidón 1 603 1 4169,	
anhídro 1 603 1 4168,	
dibásico 1 603 1 4167,	
cálcico 1 603 1 4166,	
Fosfato 1 603 1 4165,	
excipientes 1 603 1 4164,	
Lista 1 603 1 4162,	
farmacéuticos 1 603 1 4159,	
teratógeno 1 603 1 4156,	
potencial 1 603 1 4155,	
revelado 1 603 1 4154,	
conejos 1 603 1 4151,	
teratogénesis 1 603 1 4147,	
experimentó 1 603 1 4142,	
hembra 1 603 1 4140,	
macho 1 603 1 4138,	
ratas 2 603 2 4137,4149,	
fertilidad 1 603 1 4135,	
mg/kg 1 603 1 4133,	
500 1 603 1 4132,	
prenatal 1 603 1 4122,	
retraso 1 603 1 4119,	
observaron 1 603 1 4118,	
rata 1 603 1 4116,	
fetotoxicidad 1 603 1 4110,	
claros 1 603 1 4108,	
signos 1 603 1 4107,	
caracterizó 1 603 1 4105,	
animal 1 603 1 4100,	
reproducción 1 603 1 4099,	
humano 1 603 1 4095,	
adicionales 1 603 1 4086,	
importantes 1 603 1 4085,	
aporten 1 603 1 4083,	
carcinogénesis) 1 603 1 4081,	
toxicidad 1 603 1 4073,	
mutagénesis) 1 603 1 4068,	
(como 2 603 2 4064,4077,	
breves 1 603 1 4063,	
específicos 1 603 1 4060,	
preclínicos 1 603 1 4052,	
aumentó 1 603 1 4041,	
t1/2 1 603 1 4033,	
lado 1 603 1 4031,	
semejante 1 603 1 4024,	
tmax 1 603 1 4022,	
normales 1 603 1 4018,	
ligeramente 1 603 1 4013,	
grados 1 603 1 3980,	
diez 1 603 1 3973,	
30-80 1 603 1 3941,	
valores 1 603 1 3926,	
cabo 1 603 1 3908,	
estacionario 1 603 1 3899,	
múltiples 1 603 1 3891,	
50% 1 603 1 3885,	
alrededor 1 603 1 3883,	
orina 1 603 1 3881,	
excreta 1 603 1 3878,	
total 1 603 1 3876,	
radiactividad 1 603 1 3875,	
40% 1 603 1 3872,	
cerca 1 603 1 3870,	
radiomarcado 1 603 1 3869,	
compuesto 1 603 1 3868,	
urinaria 1 603 1 3862,	
plasmáticos 2 603 2 3858,3923,	
tenor 1 603 1 3854,	
240 1 603 1 3851,	
lineal 1 603 1 3844,	
única 1 603 1 3837,	
respectivamente) 1 603 1 3832,	
53% 1 603 1 3831,	
(85% 1 603 1 3829,	
proteínas 1 603 1 3826,	
unión 1 603 1 3818,	
42% 1 603 1 3815,	
absoluta 1 603 1 3810,	
terminal 1 603 1 3802,	
7-9 1 603 1 3797,	
bifásica 1 603 1 3791,	
Dichas 1 603 1 3786,	
hidroliza 1 603 1 3763,	
ricas 1 603 1 3751,	
70% 1 603 1 3748,	
acerca 1 603 1 3746,	
aproximada 1 603 1 3739,	
semivida 3 603 3 3736,3794,3801,	
manera 2 603 2 3732,3790,	
descienden 2 603 2 3730,3788,	
alcanza 2 603 2 3716,3779,	
tubo 1 603 1 3713,	
absorbe 1 603 1 3708,	
Después 1 603 1 3700,	
farmacocinéticas 1 603 1 3699,	
rápido 1 603 1 3690,	
brusca 1 603 1 3681,	
plazo 4 603 4 3678,3723,3782,4076,	
mantienen 1 603 1 3672,	
requerir 1 603 1 3659,	
óptima 1 603 1 3653,	
consecución 1 603 1 3649,	
observa 1 603 1 3639,	
compensador 1 603 1 3629,	
aproximadamente 2 603 2 3622,3816,	
decúbito 1 603 1 3618,	
sedestación 1 603 1 3617,	
adversos 1 603 1 3604,	
participe 1 603 1 3587,	
mecanismo 1 603 1 3586,	
prostaglandinas 1 603 1 3581,	
activar 1 603 1 3576,	
periférica 1 603 1 3574,	
vasodilatación 1 603 1 3573,	
contribuye 1 603 1 3570,	
maíz 1 603 1 4171,	
calicreína-cinina 1 603 1 3567,	
circulante 1 603 1 3562,	
metabolitos 1 603 1 3548,	
cininas 1 603 1 3546,	
vasodepresor 1 603 1 3541,	
péptido 1 603 1 3540,	
bradicinina 1 603 1 3537,	
degradar 1 603 1 3535,	
Otra 1 603 1 3528,	
negativa 1 603 1 3511,	
retroalimentación 1 603 1 3510,	
séricas 1 603 1 3495,	
incrementos 1 603 1 3491,	
ligeros 1 603 1 3490,	
pequeña 1 603 1 3486,	
última 1 603 1 3483,	
Aunque 1 603 1 3481,	
actividad 3 603 3 3470,3523,3559,	
traduce 1 603 1 3464,	
plasmática 4 603 4 3457,3527,3719,3774,	
heces 1 603 1 3888,	
secretar 1 603 1 3447,	
adrenal 1 603 1 3445,	
glándula 1 603 1 3444,	
estimulación 1 603 1 3441,	
vasoconstricción 1 603 1 3431,	
responsable 2 603 2 3428,3600,	
vasoconstrictor 1 603 1 3427,	
potente 2 603 2 3426,3539,	
convertidora 2 603 2 3415,3533,	
acción 1 603 1 3411,	
inactivo 1 603 1 3397,	
decapéptido 1 603 1 3395,	
I 2 603 2 3393,3402,	
angiotensinógeno 1 603 1 3390,	
convierte 2 603 2 3388,3404,	
circulatorio 1 603 1 3386,	
torrente 1 603 1 3385,	
sintetizada 1 603 1 3375,	
endógena 1 603 1 3374,	
enzima 3 603 3 3373,3414,3532,	
renina 3 603 3 3370,3520,3526,	
plasma 1 603 1 3368,	
obedecer 1 603 1 3359,	
parece 1 603 1 3358,	
C09A 1 603 1 3345,	
farmacoterapéutico 1 603 1 3344,	
ATC 1 603 1 3341,	
Código 1 603 1 3340,	
farmacodinámicas 1 603 1 3339,	
farmacológicas 1 603 1 3335,	
Propiedades 3 603 3 3334,3338,3698,	
mediante 1 603 1 3320,	
circulación 1 603 1 3319,	
eliminan 1 603 1 3316,	
marcapasos 1 603 1 3309,	
atropina 1 603 1 3302,	
tratarse 1 603 1 3300,	
intensas 1 603 1 3298,	
vagales 1 603 1 3297,	
II 5 603 5 3291,3407,3423,3460,3515,	
angiotensina 8 603 8 3290,3392,3401,3406,3418,3422,3459,3514,	
reposición 1 603 1 3281,	
sódico 1 603 1 3249,	
adsorbentes 1 603 1 3246,	
gástrico 1 603 1 3242,	
lavado 1 603 1 3241,	
favorecer 1 603 1 3237,	
absorción 4 603 4 3235,3744,3757,3839,	
prevenir 1 603 1 3233,	
adoptar 1 603 1 3230,	
gravedad 1 603 1 3219,	
naturaleza 1 603 1 3216,	
dependen 1 603 1 3213,	
medidas 2 603 2 3211,3231,	
intensivos 1 603 1 3198,	
cuidados 1 603 1 3197,	
unidad 1 603 1 3195,	
estrechamente 1 603 1 3189,	
ingestión 2 603 2 3182,3225,	
Tras 4 603 4 3180,3833,3863,3889,	
electrolíticos 1 603 1 3176,	
bradicardia 2 603 2 3174,3293,	
estupor 1 603 1 3173,	
consisten 1 603 1 3168,	
sobredosis 2 603 2 3167,3185,	
Sobredosis 1 603 1 3163,	
9 1 603 1 3162,	
hemolítica 1 603 1 3154,	
G-6-PDH 1 603 1 3146,	
congénito 1 603 1 3144,	
inactivos 1 603 1 3549,	
pancitopenia 1 603 1 3138,	
electrólitos 1 603 1 3208,	
agranulocitosis 1 603 1 3136,	
(CPK) 1 603 1 3130,	
hepáticas 1 603 1 3122,	
así 2 603 2 3116,3437,	
leucocitario 1 603 1 3115,	
recuento 1 603 1 3114,	
plaquetas 1 603 1 3111,	
hematócrito 1 603 1 3109,	
hemoglobina 1 603 1 3107,	
aldosterona 3 603 3 3097,3448,3480,	
secreción 3 603 3 3095,3478,3518,	
elevarse 1 603 1 3086,	
anemia 1 603 1 3153,	
plasmáticas 2 603 2 3068,3729,	
laboratorio 1 603 1 3054,	
Titular 1 603 1 4252,	
Parámetros 1 603 1 3052,	
gusto 1 603 1 3050,	
cefalea 1 603 1 3046,	
borrosa 1 603 1 3045,	
oídos 1 603 1 3043,	
zumbidos 1 603 1 3041,	
confusión 1 603 1 3040,	
impotencia 1 603 1 3036,	
parestesias 1 603 1 3035,	
sueño 1 603 1 3034,	
depresiones 1 603 1 3031,	
fatiga 1 603 1 3026,	
ocasionalmente 1 603 1 3019,	
nervioso 1 603 1 3018,	
bucofaríngeos 1 603 1 3015,	
tejidos 1 603 1 3014,	
ANA 1 603 1 2990,	
riñones 1 603 1 3378,	
eosinofilia 1 603 1 2983,	
artralgias 1 603 1 2982,	
mialgias 1 603 1 2981,	
fiebre 1 603 1 2980,	
acompañarse 1 603 1 2978,	
tipo 1 603 1 2970,	
eflorescencias 1 603 1 2968,	
tóxica 1 603 1 2967,	
epidérmica 1 603 1 2966,	
alopecia 1 603 1 2973,	
necrólisis 1 603 1 2965,	
Johnson 1 603 1 2964,	
síndrome 1 603 1 2961,	
multiforme 1 603 1 2960,	
eritema 1 603 1 2959,	
Con 1 603 1 2948,	
urticaria 1 603 1 2947,	
local 1 603 1 3564,	
erupción 1 603 1 2944,	
enzimas 1 603 1 3121,	
prurito 1 603 1 2943,	
exantema 1 603 1 2942,	
alérgicas 1 603 1 2937,	
sanguíneos 1 603 1 2930,	
íleo 1 603 1 2925,	
pancreatitis 1 603 1 2923,	
hepatitis 1 603 1 2922,	
colestásica 1 603 1 2921,	
ictericia 1 603 1 2920,	
boca 1 603 1 2919,	
sequedad 1 603 1 2917,	
Steven- 1 603 1 2963,	
estreñimiento 1 603 1 2916,	
abdominal 1 603 1 2915,	
dolor 1 603 1 2914,	
gastritis 1 603 1 2913,	
digestivo 2 603 2 2899,3714,	
superiores 1 603 1 2896,	
respiratorias 1 603 1 2895,	
vías 1 603 1 2894,	
broncoespasmo 1 603 1 2889,	
bronquitis 1 603 1 2888,	
glositis 1 603 1 2887,	
rinitis 1 603 1 2886,	
sinusitis 1 603 1 2885,	
importante 1 603 1 2876,	
inducen 1 603 1 2871,	
respiratorio 1 603 1 2861,	
intensifica 1 603 1 2843,	
Sistema 2 603 2 2836,3017,	
cerebral 1 603 1 2825,	
hemorragia 1 603 1 2824,	
transitorios 1 603 1 2822,	
isquémicos 1 603 1 2821,	
accidentes 1 603 1 2820,	
arritmias 1 603 1 2813,	
palpitaciones 1 603 1 2812,	
individuales 3 603 3 2809,3133,3151,	
(síncope) 1 603 1 2804,	
conciencia 1 603 1 2803,	
trastornos 4 603 4 2800,3032,3037,3175,	
visión 2 603 2 2796,3044,	
alteraciones 3 603 3 2793,3048,4143,	
debilidad 1 603 1 2792,	
sensación 1 603 1 2790,	
Junto 1 603 1 2781,	
grupos 2 603 2 2778,4028,	
oral 4 603 4 3704,3836,3840,3866,	
Aparato 3 603 3 2760,2860,2898,	
siguientes 2 603 2 2742,3254,	
Más 1 603 1 2735,	
dispepsia 1 603 1 2731,	
36% 1 603 1 2715,	
peptidilpeptidasa 1 603 1 3420,	
placebo 1 603 1 2713,	
34% 1 603 1 2710,	
sido 2 603 2 2708,3970,	
incidencia 1 603 1 2697,	
adversas 3 603 3 2695,2700,2744,	
Reacciones 1 603 1 2694,	
8 2 603 2 2693,4269,	
estudios 7 603 7 2681,4062,4066,4071,4079,4097,4145,	
existen 1 603 1 2680,	
cansancio 2 603 2 2678,3024,	
mareos 4 603 4 2676,2727,2789,3023,	
ocasional 1 603 1 2674,	
cuenta 1 603 1 2671,	
tenerse 1 603 1 2669,	
vehículos 1 603 1 2663,	
conducen 1 603 1 2662,	
Cuando 2 603 2 2660,3223,	
máquinas 2 603 2 2659,2667,	
utilizar 1 603 1 2658,	
conducir 2 603 2 2656,2691,	
capacidad 2 603 2 2654,2689,	
Efectos 1 603 1 2651,	
7 4 603 4 2650,3784,4220,4251,	
alimentados 1 603 1 2646,	
materna 1 603 1 2635,	
leche 1 603 1 2634,	
excretarse 1 603 1 2631,	
además 1 603 1 2617,	
feto; 1 603 1 2616,	
peligros 1 603 1 2613,	
posibles 1 603 1 2612,	
recibir 1 603 1 2608,	
toman 1 603 1 2605,	
quedan 1 603 1 2602,	
Las 4 603 4 2598,3210,3727,3749,	
oliguria 1 603 1 2595,	
utero 1 603 1 2584,	
in 1 603 1 2583,	
expuestos 1 603 1 2582,	
lactantes 2 603 2 2581,2645,	
observar 1 603 1 2577,	
muerte 1 603 1 2574,	
cráneo 1 603 1 2571,	
deformidades 1 603 1 2565,	
asociarse 2 603 2 2559,3002,	
trimestres 1 603 1 2557,	
revisión 1 603 1 4273,	
feto 1 603 1 2548,	
exposición 1 603 1 2546,	
bilirrubina 1 603 1 3126,	
embarazadas 2 603 2 2544,2603,	
administran 1 603 1 2541,	
eliminación 2 603 2 3239,3738,	
neonatal 2 603 2 2538,2562,	
fetal 1 603 1 2536,	
mortalidad 1 603 1 2535,	
morbilidad 1 603 1 2533,	
placenta 1 603 1 2529,	
atraviesan 1 603 1 2527,	
embarazo 1 603 1 2518,	
lactancia 2 603 2 2511,2521,	
6 9 603 9 2508,4157,4160,4180,4186,4193,4207,4241,4242,	
Alcohol 1 603 1 2495,	
deseado 1 603 1 2494,	
confirmar 1 603 1 2488,	
biodisponibilidad 2 603 2 2465,3809,	
inducir 1 603 1 2462,	
Antiácidos 1 603 1 2459,	
orales 1 603 1 2456,	
antidiabéticos 1 603 1 2455,	
hipoglucemia 1 603 1 2446,	
ocurrir 1 603 1 2444,	
consecuencia 1 603 1 2440,	
insulina 2 603 2 2438,2453,	
grasas 1 603 1 3753,	
sensibilidad 1 603 1 2435,	
Antidiabéticos 1 603 1 2426,	
hipertensivo 1 603 1 2423,	
disminuir 2 603 2 2420,2470,	
plasmástica 1 603 1 2409,	
concentración 4 603 4 2408,3456,3718,3773,	
reduce 2 603 2 2406,3612,	
rifampicina 1 603 1 2405,	
probables 1 603 1 2394,	
disminuyendo 1 603 1 2386,	
antihipertensivo 1 603 1 2374,	
esteroideo 1 603 1 2369,	
antiinflamatorio 1 603 1 2367,	
(AINE) 1 603 1 2350,	
esteroideos 1 603 1 2349,	
Antiinflamatorios 1 603 1 2347,	
corticosteroides 1 603 1 2323,	
Citostáticos 1 603 1 2320,	
leucopenia 2 603 2 2319,2346,	
Alopurinol 1 603 1 2305,	
causar 1 603 1 2532,	
Antihipertensivos 1 603 1 2291,	
cutánea 1 603 1 2945,	
postural 1 603 1 2290,	
Narcóticos/antipsicóticos 1 603 1 2286,	
anestésicos 1 603 1 2285,	
potenciar 3 603 3 2279,2433,2497,	
Anestésicos 1 603 1 2269,	
séricos 2 603 2 2266,3209,	
niveles 3 603 3 2265,2988,3922,	
último 1 603 1 2258,	
excreción 2 603 2 2255,3861,	
litio 2 603 2 2251,2268,	
continuación 1 603 1 3399,	
Litio 1 603 1 2244,	
concreto 1 603 1 2737,	
precavido 1 603 1 2237,	
menor 2 603 2 2231,2464,	
iniciando 1 603 1 2225,	
e 6 603 6 2224,2457,2596,2924,3177,3931,	
toma 3 603 3 2221,3257,3645,	
consumo 1 603 1 2215,	
aumentando 2 603 2 2210,2381,	
suspendiendo 1 603 1 2207,	
reducirse 1 603 1 2206,	
taquicardia 1 603 1 2811,	
efectos 7 603 7 2203,2281,2391,2472,3603,3669,4059,	
posibilidad 3 603 3 2201,2592,2673,	
disminuyen 2 603 2 2179,3754,	
vigilando 1 603 1 2163,	
deben 3 603 3 2158,2607,3299,	
confirmada 1 603 1 2157,	
hipopotasemia 1 603 1 2156,	
productos 1 603 1 2153,	
simultáneo 1 603 1 2150,	
indicado 1 603 1 2147,	
supresión 2 603 2 3363,3507,	
significativamente 3 603 3 2141,3755,4042,	
aumentar 4 603 4 2140,2239,2342,2773,	
postura 1 603 1 3270,	
sustitutos 1 603 1 2133,	
amilorida 1 603 1 2126,	
triamtereno 1 603 1 2124,	
espironolactona 1 603 1 2123,	
inducida 1 603 1 2112,	
atenuar 1 603 1 2107,	
Diuréticos 2 603 2 2088,2169,	
interacción 1 603 1 2087,	
formas 1 603 1 2085,	
Interacción 1 603 1 2078,	
relativamente 2 603 2 2068,3396,	
fatiga/somnolencia 1 603 1 2729,	
aparecer 3 603 3 2051,2911,3135,	
registrado 2 603 2 2046,2956,	
Proteinuria 1 603 1 2041,	
corrige 1 603 1 2029,	
inmunosupresores 2 603 2 2025,2322,	
esclerodermia 1 603 1 2020,	
sistémico 1 603 1 2019,	
eritematoso 1 603 1 2018,	
lupus 1 603 1 2017,	
ejemplo 2 603 2 2016,2122,	
colagenovascular 1 603 1 2014,	
asocia 1 603 1 2010,	
grado 2 603 2 2002,3626,	
neutropenia 2 603 2 1981,1997,	
sobreviene 1 603 1 1980,	
Neutropenia/agranulocitosis 1 603 1 1977,	
izquierdo 1 603 1 1975,	
ventrículo 1 603 1 1974,	
obstrucción 1 603 1 1967,	
hipertrófica 1 603 1 1957,	
aórtica/miocardiopatía 1 603 1 1956,	
Estenosis 1 603 1 1955,	
cuidado 1 603 1 1951,	
gran 1 603 1 1950,	
hipotensores 3 603 3 1938,2204,2282,	
factores 1 603 1 1937,	
intensificación 1 603 1 1934,	
merced 2 603 2 1931,3408,	
hipotensor 6 603 6 1920,2298,2500,3352,3591,3636,	
shock 3 603 3 1919,3172,3272,	
anestesia 2 603 2 1903,1930,	
cirugía 2 603 2 1901,1925,	
frecuencia 5 603 5 1883,2165,2263,3203,3632,	
medicamentos 3 603 3 1878,2082,4288,	
considera 1 603 1 1874,	
sérico 6 603 6 1869,1886,2144,2168,2384,3089,	
aumento 6 603 6 1865,2985,3118,3691,3968,4126,	
procainamida 1 603 1 2326,	
ahorradores 3 603 3 1858,2089,2118,	
potasio 15 603 15 1854,1860,1868,1885,2091,2095,2111,2120,2130,2138,2143,2167,2383,3088,3497,	
suplementos 4 603 4 1852,2093,2128,3277,	
recomiendan 1 603 1 1850,	
general 1 603 1 1847,	
presencia 2 603 2 1839,3081,	
particular 2 603 2 1837,2176,	
hiperpotasemia 2 603 2 1830,2597,	
produce 3 603 3 1829,2293,3262,	
Rara 6 603 6 1826,1978,2042,2879,2908,3027,	
Hiperpotasemia 1 603 1 1825,	
seguridad 2 603 2 1823,4054,	
establecido 1 603 1 1818,	
principio 1 603 1 1801,	
65 1 603 1 1779,	
jóvenes 1 603 1 1774,	
sensibles 1 603 1 1768,	
mayores 3 603 3 1764,3921,3925,	
concomitantemente 1 603 1 2452,	
especial 2 603 2 1760,2007,	
desaparece 1 603 1 1744,	
productiva 1 603 1 1742,	
seca 1 603 1 1739,	
tos 3 603 3 1738,2725,2872,	
sobrevenir 2 603 2 1736,2786,	
Durante 1 603 1 1730,	
Tos 1 603 1 1729,	
MINISTERIO 3 603 3 1727,2400,3668,	
completo 1 603 1 1724,	
resuelto 1 603 1 1722,	
hayan 1 603 1 1721,	
alta 1 603 1 1717,	
dar 1 603 1 1715,	
Simpaticomiméticos 1 603 1 2468,	
le 1 603 1 1713,	
horas; 1 603 1 1710,	
24 2 603 2 1709,3806,	
12 1 603 1 1707,	
observarlo 1 603 1 1703,	
hospitalizar 1 603 1 1699,	
Hay 4 603 4 1697,2234,2575,3199,	
ECG 1 603 1 1691,	
dilución) 1 603 1 1687,	
(observando 1 603 1 1683,	
mg/ml 1 603 1 1682,	
cutáneos 1 603 1 2976,	
lenta 1 603 1 1680,	
3-0 1 603 1 1672,	
nuevo 1 603 1 2241,	
(0 1 603 1 1671,	
000 1 603 1 1670,	
inmediata 1 603 1 1667,	
subcutánea 1 603 1 1666,	
(epinefrina) 1 603 1 1663,	
necesariamente 1 603 1 1659,	
limitarse 1 603 1 1658,	
siguiente 1 603 1 1656,	
constituido 1 603 1 1653,	
urgencia 1 603 1 1652,	
aplicarse 1 603 1 1648,	
Debe 1 603 1 1647,	
mortal 1 603 1 1646,	
resultar 1 603 1 1645,	
fármacos 1 603 1 1631,	
sustituirlo 1 603 1 1621,	
rapidez 3 603 3 1619,3276,3710,	
prolongado 1 603 1 1607,	
Cirugía/anestesia 1 603 1 1888,	
raros 1 603 1 1598,	
frecuentes 2 603 2 1587,2723,	
son 2 603 2 1585,2392,	
laringe 2 603 2 1582,1643,	
y/o 3 603 3 1581,2572,2984,	
glotis 2 603 2 1580,1640,	
lengua 2 603 2 1579,1638,	
mucosas 1 603 1 1578,	
labios 1 603 1 1576,	
cara 3 603 3 1574,2568,3011,	
angioedema 4 603 4 1571,1602,1633,2891,	
conocida 1 603 1 1557,	
insecto 1 603 1 1552,	
picadura 1 603 1 1550,	
Pueden 1 603 1 1544,	
Piel 1 603 1 2927,	
interrumpirse 1 603 1 1538,	
Así 1 603 1 1531,	
graves 1 603 1 1523,	
siguen 1 603 1 1511,	
hipersensibilidad 3 603 3 1504,1556,2940,	
insectos 3 603 3 1500,1508,1561,	
picaduras 1 603 1 1498,	
toxinas 3 603 3 1496,1506,1559,	
antes) 1 603 1 1479,	
registradas 1 603 1 1468,	
semejantes 1 603 1 1465,	
dextrano 1 603 1 1460,	
sulfato 2 603 2 1458,3248,	
tratados 4 603 4 1443,1566,2172,2704,	
LDL 2 603 2 1440,1456,	
aféresis 2 603 2 1438,1454,	
lípido 2 603 2 1437,1453,	
grupo 6 603 6 1431,1490,1629,2718,3343,3543,	
pertenezca 2 603 2 1428,1626,	
membrana 1 603 1 1423,	
sodio 1 603 1 3502,	
consiguiente 1 603 1 1418,	
manifestarse 1 603 1 1409,	
suelen 1 603 1 1408,	
crecimiento 1 603 1 4121,	
síntomas 7 603 7 1407,1584,1726,2787,2975,3165,3222,	
Los 12 603 12 1406,1441,1501,1583,1984,2116,2522,2625,2974,3164,3667,4144,	
disnea 2 603 2 1405,2884,	
rubor 1 603 1 1402,	
facial 1 603 1 1401,	
moderada 1 603 1 3828,	
hinchazón 1 603 1 1400,	
anafilactoides 3 603 3 1398,1464,1522,	
reacciones 8 603 8 1397,1463,1521,1546,2699,2743,2936,3296,	
hiperflujo 3 603 3 1392,1477,3332,	
poliacrilonitrilo 2 603 2 1390,3330,	
alcanzan 1 603 1 3893,	
membranas 4 603 4 1388,1475,1577,3328,	
evitar 2 603 2 1384,3324,	
tratado 1 603 1 1379,	
necesaria 1 603 1 1374,	
sea 2 603 2 1373,3599,	
falta 1 603 1 1364,	
actualidad 1 603 1 1349,	
primeras 2 603 2 1339,1590,	
conocen 1 603 1 4185,	
suspender 6 603 6 1328,1615,1746,1943,2031,3075,	
reducir 3 603 3 1319,2253,2371,	
veces 3 603 3 1316,3950,3974,	
A 3 603 3 1315,3398,4260,	
simultáneamente 1 603 1 1312,	
administra 1 603 1 1311,	
urea 2 603 2 1306,3064,	
concentraciones 7 603 7 1303,3061,3067,3494,3728,3787,3894,	
experimentar 4 603 4 1299,1462,1520,2186,	
aparente 1 603 1 1295,	
Algunos 2 603 2 1292,1754,	
subyacentes 1 603 1 1287,	
nefropatías 1 603 1 1286,	
asociación 3 603 3 1271,2746,2832,	
atentamente 2 603 2 1258,2578,	
vigilarse 1 603 1 1257,	
oportuno 2 603 2 1255,1875,	
sistémicos 1 603 1 2324,	
instrucciones 1 603 1 1685,	
considere 1 603 1 1254,	
disminuye 2 603 2 3093,3454,	
Según 1 603 1 1252,	
administración"" 1 603 1 1248,	
(véanse 1 603 1 1243,	
casos 7 603 7 1242,1597,1612,2808,2957,3132,3150,	
aumenta 2 603 2 3521,3557,	
dada 1 603 1 1236,	
administración"") 1 603 1 1220,	
""Posología 2 603 2 1216,1244,	
renina-angiotensina-aldosterona 2 603 2 1177,3366,	
sistema 4 603 4 1176,3365,3561,3578,	
resultado 1 603 1 1171,	
predispuestos 1 603 1 1169,	
sujetos 2 603 2 1168,4017,	
prever 1 603 1 1161,	
Cabe 2 603 2 1160,3303,	
unilateral 1 603 1 1150,	
variaciones 2 603 2 1140,1162,	
pérdida 3 603 3 1133,2109,3500,	
producirse 6 603 6 1131,1545,1570,1600,2288,3030,	
contribuir 1 603 1 1124,	
factor 1 603 1 1121,	
Un 1 603 1 1120,	
solitario 1 603 1 1109,	
controlar 1 603 1 1948,	
extremidades 1 603 1 1575,	
arteria 2 603 2 1105,1153,	
nefropatía 1 603 1 1296,	
renales 1 603 1 1100,	
Almacenar 1 603 1 4199,	
arterias 1 603 1 1099,	
previa 2 603 2 1096,1297,	
bilateral 1 603 1 1095,	
estenosis 4 603 4 1094,1102,1149,1289,	
administre 1 603 1 1085,	
caso 3 603 3 1081,1368,1899,	
obstante 3 603 3 1079,1595,1871,	
""Contraindicaciones"") 2 603 2 1077,1361,	
Ninguna 1 603 1 4248,	
datos 7 603 7 1055,1893,1985,2307,2352,3857,4084,	
dispone 2 603 2 1053,1891,	
ajuste 1 603 1 1035,	
cuidadoso 1 603 1 1034,	
posterior 1 603 1 1032,	
impide 1 603 1 1030,	
aparición 1 603 1 1021,	
intravenosa 2 603 2 1019,1679,	
vía 2 603 2 1018,1970,	
normal 1 603 1 1016,	
salina 1 603 1 1015,	
vasopresora 1 603 1 3471,	
solución 3 603 3 1014,1665,1678,	
reponer 1 603 1 1010,	
Puede 4 603 4 1007,1130,2050,3085,	
supino 2 603 2 1006,3619,	
paciente 6 603 6 1004,1089,1377,1701,3191,3268,	
colocar 2 603 2 1002,3266,	
hay 9 603 9 1000,1317,1382,1613,1946,2351,2618,3228,3264,	
originar 1 603 1 988,	
podría 2 603 2 987,2419,	
consideraciones 1 603 1 968,	
similares 1 603 1 1547,	
Estas 1 603 1 967,	
afecta 2 603 2 1635,3008,	
temporalmente 1 603 1 962,	
interrumpir 2 603 2 961,2620,	
cuidadosamente 2 603 2 955,2483,	
ajustando 1 603 1 952,	
funcional 1 603 1 927,	
hiponatremia 1 603 1 923,	
padecen 1 603 1 922,	
asa 1 603 1 917,	
altas 2 603 2 913,2069,	
reciben 3 603 3 911,1525,2451,	
asociada 1 603 1 904,	
fundamentalmente 3 603 3 892,3360,3764,	
descrito 9 603 9 891,1267,2807,2849,2904,2935,3022,3103,3149,	
problema 2 603 2 888,2027,	
vómitos 3 603 3 886,2734,2912,	
diarrea 2 603 2 884,2907,	
diálisis 1 603 1 883,	
dieta 1 603 1 882,	
diuréticos 8 603 8 876,915,966,1129,1857,2115,2117,2174,	
depleción 1 603 1 872,	
volumen 6 603 6 870,1012,1953,2181,2212,3283,	
disminución 5 603 5 868,3104,3467,3484,4124,	
presenten 1 603 1 866,	
probable 2 603 2 862,907,	
trastorno 1 603 1 859,	
complicados 1 603 1 857,	
rara 4 603 4 852,2798,2838,2931,	
acentuado 1 603 1 836,	
descenso 1 603 1 835,	
provocar 3 603 3 833,1863,1915,	
igual 4 603 4 823,1183,2099,2333,	
Al 1 603 1 822,	
Hipotensión 1 603 1 821,	
psoriasis 2 603 2 819,2971,	
utilizarse 4 603 4 813,1191,1961,2159,	
ocurre 2 603 2 803,2992,	
Como 3 603 3 802,2439,2991,	
Psoriasis 1 603 1 801,	
reciente 2 603 2 799,3227,	
trasplante 1 603 1 796,	
sometidos 4 603 4 793,1451,1471,1923,	
relacionada 1 603 1 785,	
existe 3 603 3 783,1110,3988,	
Trasplante 1 603 1 779,	
Advertencias 1 603 1 772,	
ml/min) 1 603 1 769,	
< 1 603 1 767,	
(aclaramiento 1 603 1 764,	
reducción 3 603 3 2188,3475,3652,	
hemodiálisis 7 603 7 763,1346,1357,1372,1416,1473,3321,	
renovascular 4 603 4 756,1050,1064,1092,	
Hipertensión 1 603 1 755,	
Lactancia 1 603 1 753,	
Embarazo 2 603 2 751,2509,	
hereditario/idiopático 1 603 1 749,	
Angioedema 2 603 2 748,1563,	
restricción 1 603 1 877,	
previo 1 603 1 741,	
asociado 2 603 2 738,3687,	
angioneurótico 2 603 2 737,3006,	
edema 2 603 2 736,3005,	
Antecedentes 1 603 1 734,	
inhibidor 5 603 5 729,1323,1446,1527,2036,	
Hipersensibilidad 2 603 2 722,1494,	
Contraindicaciones 1 603 1 720,	
niños 2 603 2 717,1813,	
administrarse 1 603 1 714,	
pediátrico 1 603 1 705,	
estudiado 1 603 1 702,	
Niños 2 603 2 698,1805,	
excesiva 3 603 3 697,986,2189,	
accidente 2 603 2 691,995,	
miocardio 3 603 3 688,992,2819,	
infarto 3 603 3 686,990,2817,	
sufrir 1 603 1 684,	
Estos 2 603 2 678,2390,	
cerebrovascular 4 603 4 677,692,981,996,	
enfermedad 3 603 3 676,980,2013,	
pecho 4 603 4 674,978,2648,2816,	
angina 3 603 3 672,976,2814,	
aplica 1 603 1 667,	
Esto 1 603 1 664,	
fármaco 5 603 5 649,711,1487,2223,3647,	
aplican 1 603 1 971,	
aumente 1 603 1 644,	
horas 7 603 7 629,3641,3726,3742,3785,3798,3807,	
6-8 2 603 2 628,3640,	
periodo 1 603 1 625,	
aguda 2 603 2 613,2852,	
vigilar 7 603 7 604,1333,1881,2261,2482,3188,3201,	
médica 2 603 2 601,938,	
supervisión 2 603 2 600,937,	
estrecha 2 603 2 599,940,	
inhibidores 32 603 32 576,743,806,826,1186,1273,1910,1988,2072,2102,2274,2301,2310,2337,2355,2377,2428,2476,2503,2523,2550,2586,2626,2755,2827,2855,2867,2950,2995,3157,3346,3594,	
sintomática 3 603 3 571,850,2447,	
observado 6 603 6 569,2065,2740,3920,3945,4058,	
concomitante 4 603 4 566,654,2247,2329,	
cardiaca 5 603 5 565,897,1283,1845,3633,	
será 1 603 1 554,	
ECA 39 603 39 545,579,732,746,809,829,1189,1276,1326,1449,1530,1913,1991,2039,2075,2105,2277,2304,2313,2340,2358,2380,2431,2506,2526,2553,2589,2629,2758,2830,2858,2870,2953,2998,3160,3349,3453,3556,3597,	
aumentos 2 603 2 1300,3058,	
días 2 603 2 538,3912,	
tres 1 603 1 537,	
hospital 2 603 2 622,944,	
durante 8 603 8 534,623,1262,1337,1588,1704,1928,3673,	
existente 1 603 1 533,	
interrupción 2 603 2 528,3680,	
corporales 1 603 1 525,	
procedentes 1 603 1 4089,	
líquidos 2 603 2 524,3505,	
sal 6 603 6 521,879,2136,2184,2217,3279,	
déficits 1 603 1 519,	
corrección 1 603 1 516,	
requiere 1 603 1 511,	
comienzo 1 603 1 508,	
alto 2 603 2 498,609,	
producir 6 603 6 490,1996,2764,2883,3057,3489,	
grave 7 603 7 615,898,1115,1284,1603,2767,3171,	
primera 6 603 6 486,493,617,636,846,3903,	
hipotensión 20 603 20 484,491,570,612,696,849,985,999,1023,1114,1403,1916,2289,2561,2594,2766,2784,2834,3170,3263,	
riesgo 10 603 10 482,499,610,682,1112,1395,1518,2317,2344,2780,	
mayor 7 603 7 481,681,1111,1517,1926,2316,4014,	
enfermos 6 603 6 474,679,1071,1772,2396,3934,	
precaución 5 603 5 472,815,1193,1963,2161,	
usarse 1 603 1 470,	
hepática 5 603 5 449,458,477,4004,4048,	
contraindicado 4 603 4 443,1075,1359,2515,	
deposita 1 603 1 3382,	
está 5 603 5 442,1074,1358,2146,2514,	
hemodiálisis) 1 603 1 439,	
(insuficiencia 1 603 1 434,	
inferior 3 603 3 430,1232,4203,	
administrar 4 603 4 421,1224,1809,3274,	
farmacocinéticas"") 2 603 2 417,1251,	
""Propiedades 2 603 2 416,1250,	
AUC 4 603 4 412,3928,3952,4006,	
incremento 4 603 4 410,2295,3628,3947,	
experiencia 6 603 6 405,784,1239,1366,3976,3989,	
limitada 3 603 3 404,1238,3986,	
Dada 1 603 1 402,	
29 1 603 1 393,	
indican 3 603 3 1992,2314,2360,	
menores 2 603 2 372,1202,	
­ 1 603 1 4266,	
necesitan 2 603 2 370,1200,	
En 18 603 18 366,560,580,928,1347,1367,1564,1610,1775,1846,2716,3098,3131,3139,3913,3933,4000,4096,	
empleo"") 3 603 3 365,401,506,	
especiales 5 603 5 363,399,504,775,4196,	
precauciones 4 603 4 362,398,503,774,	
""Advertencias 3 603 3 360,396,501,	
(véase 8 603 8 359,395,415,500,1076,1215,1360,1478,	
obtiene 1 603 1 2491,	
80 2 603 2 357,1213,	
ml/min 10 603 10 355,358,391,394,433,1211,1214,1235,3942,3966,	
30 4 603 4 354,1210,1234,3252,	
Aclaramiento 3 603 3 350,386,427,	
813) 1 603 1 348,	
sustituirá 1 603 1 345,	
mg/dl 1 603 1 342,	
mol/l 1 603 1 338,	
unidades 1 603 1 337,	
utilizan 2 603 2 335,2666,	
85; 1 603 1 332,	
0 2 603 2 331,347,	
multiplicará 1 603 1 329,	
resultante 1 603 1 327,	
mujeres 3 603 3 324,2543,2599,	
han 10 603 10 2739,2806,2903,2934,2955,3021,3148,3919,4057,4153,	
(en 1 603 1 322,	
[mg/dl] 1 603 1 321,	
sérica 3 603 3 320,1144,3127,	
72 2 603 2 317,343,	
adrenalina 2 603 2 1662,1676,	
= 1 603 1 316,	
CLCrea 1 603 1 315,	
ml) 1 603 1 1674,	
] 1 603 1 314,	
[kg 1 603 1 313,	
Fecha 1 603 1 4270,	
corporal 2 603 2 312,4129,	
peso 2 603 2 311,4128,	
[años]) 1 603 1 309,	
(140 1 603 1 306,	
31-41) 1 603 1 305,	
16 1 603 1 304,	
1976; 1 603 1 303,	
(Nephron 1 603 1 302,	
GAULT 1 603 1 301,	
monofásica 1 603 1 3733,	
Y 1 603 1 300,	
Rifampicina 1 603 1 2401,	
COCKROFT 1 603 1 299,	
fórmula 1 603 1 297,	
empleando 1 603 1 295,	
máximo 1 603 1 3637,	
creatinina 14 603 14 291,319,352,388,429,766,1143,1208,1231,1308,3070,3205,3939,3963,	
aclaramiento 5 603 5 289,1206,1229,3937,3961,	
crías 1 603 1 4114,	
determinar 1 603 1 287,	
haya 2 603 2 285,1817,	
insuficiencia 27 603 27 280,457,476,564,896,902,925,1118,1158,1197,1268,1282,1841,1844,2004,2059,2398,2563,2845,2850,3083,3178,3916,3982,3998,4003,4047,	
inhibición 4 603 4 542,1174,3450,3553,	
posible 7 603 7 279,283,514,550,958,1942,3583,	
significativo 1 603 1 1866,	
iniciar 5 603 5 271,378,1414,2195,2769,	
función 8 603 8 267,1135,1165,1260,1335,1798,2388,3529,	
evaluar 2 603 2 265,1796,	
vasos 1 603 1 2929,	
Es 6 603 6 263,282,905,2259,3284,3582,	
ligeras 1 603 1 1139,	
riñón 4 603 4 262,781,798,1108,	
10-29 1 603 1 3965,	
través 1 603 1 260,	
predominantemente 1 603 1 258,	
excretan 1 603 1 257,	
imidaprilato 13 603 13 255,414,2411,3314,3771,3777,3812,3823,3896,3932,3954,4011,4035,	
activo 3 603 3 253,2414,3769,	
déficit 1 603 1 3143,	
farmacológicamente 2 603 2 252,3768,	
Por 7 603 7 708,1065,1178,1417,2417,3550,4029,	
metabolito 3 603 3 251,2413,3767,	
renal 32 603 32 246,268,281,435,759,903,926,1119,1136,1154,1159,1166,1198,1261,1269,1291,1336,1799,1842,2005,2060,2389,2399,2564,2837,2846,2851,3084,3179,3917,3983,3999,	
Insuficiencia 3 603 3 245,448,758,	
recomendada 2 603 2 235,453,	
respuesta 1 603 1 227,	
ajustarse 1 603 1 224,	
Esta 1 603 1 221,	
inicial 8 603 8 211,452,553,585,657,1028,1785,3795,	
náuseas 1 603 1 2905,	
La 23 603 23 209,232,450,655,848,1020,2200,2545,2696,3292,3369,3421,3449,3506,3605,3648,3679,3743,3772,3808,3817,3975,4134,	
más) 1 603 1 208,	
aparece 2 603 2 998,2840,	
años 3 603 3 206,1782,4192,	
(65 1 603 1 205,	
avanzada 3 603 3 204,1753,1758,	
edad 4 603 4 203,308,1752,1757,	
Pacientes 7 603 7 201,479,1047,1156,1344,1435,1750,	
demostrado 2 603 2 199,408,	
eficacia 2 603 2 195,1820,	
condiciones 1 603 1 190,	
comidas 2 603 2 189,3750,	
minutos 3 603 3 185,1411,3253,	
15 1 603 1 184,	
momento 1 603 1 181,	
comprimidos 3 603 3 177,4221,4227,	
recomienda 6 603 6 174,377,1332,1420,1481,1795,	
Se 11 603 11 173,488,602,1199,1265,1331,1480,1794,2805,2847,3322,	
antihipertensivos 5 603 5 172,1433,1492,2473,3670,	
tratamientos 1 603 1 171,	
simultánea 1 603 1 2364,	
beneficiarían 1 603 1 163,	
hipertensos 5 603 5 161,562,855,2703,3611,	
salida 1 603 1 1972,	
comprobado 2 603 2 157,2864,	
No 14 603 14 154,699,782,1051,1078,1221,1594,1806,1870,1889,2679,3987,4055,4183,	
2001 1 603 1 4280,	
diurético 6 603 6 153,532,653,1314,1330,2209,	
combinación 2 603 2 150,166,	
considerar 3 603 3 146,3286,3304,	
preferentemente 4 603 4 145,619,941,3192,	
equilibrio 1 603 1 3039,	
o 42 603 42 144,207,437,536,650,689,725,761,885,900,918,924,979,993,1101,1285,1327,1424,1641,1675,1780,1843,1902,1917,1927,2092,2125,2131,2182,2213,2321,2325,2454,2569,2664,2677,2752,2772,2841,3137,3294,4069,	
recomendada) 1 603 1 143,	
máxima 4 603 4 142,234,3720,3775,	
(dosis 1 603 1 141,	
20 2 603 2 139,3994,	
incrementar 1 603 1 134,	
necesario 7 603 7 133,264,1009,1880,2260,2481,3285,	
pacientes 54 603 54 130,160,277,368,425,446,455,496,561,582,607,670,792,817,854,864,894,909,930,974,1061,1147,1195,1204,1227,1280,1293,1355,1442,1470,1485,1502,1554,1565,1755,1762,1777,1922,1965,1999,2055,2171,2449,2486,2702,2878,3100,3140,3610,3666,3914,3958,4001,4045,	
número 2 603 2 128,2875,	
pequeño 1 603 1 127,	
corrigen 1 603 1 3073,	
embargo 2 603 2 124,1905,	
Sin 2 603 2 123,1904,	
eficaz 2 603 2 122,1045,	
determinado 2 603 2 116,2640,	
según 2 603 2 113,225,	
10 6 603 6 109,238,390,432,768,3848,	
aumentarse 1 603 1 107,	
diaria 3 603 3 105,120,137,	
desensibilización 2 603 2 1515,1543,	
dosis 31 603 31 104,119,136,210,222,233,371,451,487,494,552,584,618,637,646,656,847,912,954,1027,1038,1201,1321,1784,2067,2230,2243,2775,3835,3890,3992,	
sanguíneas 2 603 2 1304,3062,	
semanas 4 603 4 100,1340,1591,3661,	
después 11 603 11 95,572,630,693,843,1024,1041,1412,1604,3642,3900,	
arterial 10 603 10 94,231,840,1290,1696,2193,3436,3615,3657,3695,	
presión 8 603 8 93,230,839,1695,2192,3614,3656,3694,	
óptimo 1 603 1 90,	
control 2 603 2 89,1689,	
Si 7 603 7 84,546,956,997,1939,2145,3260,	
día 6 603 6 83,183,220,243,466,597,	
vez 15 603 15 81,218,241,340,464,595,1827,1979,2043,2799,2839,2880,2909,2932,3028,	
iniciarse 2 603 2 76,934,	
debe 23 603 23 75,106,223,420,469,586,603,658,713,812,933,960,1190,1223,1256,1537,1714,1788,1808,1960,2668,3187,3323,	
tratamiento 41 603 41 74,102,148,273,294,380,510,531,574,740,874,932,964,1044,1068,1127,1264,1342,1513,1534,1541,1593,1606,1617,1650,1732,1748,1803,1833,2023,2033,2197,2227,2622,2749,2771,3077,3288,3663,3675,3683,	
El 12 603 12 73,247,440,467,507,1632,1958,2512,3310,3350,3634,3760,	
Adultos 1 603 1 72,	
- 40 603 40 71,200,244,307,349,385,426,447,478,721,733,747,750,752,754,757,778,800,820,1046,1155,1343,1434,1493,1562,1728,1749,1804,1824,1887,1954,1976,2040,2759,2835,2859,2897,2926,3016,3051,	
bipedestación 1 603 1 3621,	
efecto 10 603 10 2297,2373,2422,2493,2499,2642,2684,3351,3590,3635,	
x 2 603 2 310,318,	
administración 12 603 12 70,633,788,2246,2328,2363,2403,3244,3606,3703,3865,3904,	
forma 3 603 3 68,1218,1246,	
Posología 1 603 1 66,	
esencial 1 603 1 63,	
hipertensión 6 603 6 62,1049,1063,1091,3357,3435,	
Este 3 603 3 858,887,2026,	
Tratamiento 1 603 1 59,	
terapéuticas 2 603 2 58,3212,	
Indicaciones 1 603 1 57,	
clínicos 1 603 1 54,	
Datos 4 603 4 53,4051,4158,4249,	
4 12 603 12 52,55,64,718,770,771,2076,2507,2649,2692,3161,4194,	
Comprimidos 2 603 2 51,4228,	
farmacéutica 1 603 1 50,	
Forma 1 603 1 49,	
base 1 603 1 47,	
3 6 603 6 43,48,99,719,4050,4187,	
equivalente 1 603 1 40,	
imidapril 70 603 70 39,46,168,248,275,422,468,559,593,639,707,724,790,811,831,950,1040,1059,1073,1086,1181,1225,1353,1381,1536,1568,1609,1734,1770,1787,1810,1835,1897,1907,1945,1959,1983,2049,2097,2199,2233,2249,2271,2331,2416,2425,2458,2467,2513,2606,2624,2686,2706,2720,2751,3000,3092,3311,3354,3608,3706,3759,3761,3820,3842,3906,3930,4008,4040,4102,	
hidrocloruro 1 603 1 37,	
cuantitativa 1 603 1 32,	
cualitativa 1 603 1 30,	
Composición 1 603 1 29,	
mg 19 603 19 27,35,44,79,110,140,216,239,384,462,557,591,663,948,1793,3849,3852,3995,4236,	
5 21 603 21 26,34,78,215,383,461,556,590,662,947,1673,1792,2077,3333,3336,3696,3911,4049,4208,4235,4276,	
Tanatril 1 603 1 24,	
Denominación 1 603 1 21,	
1 8 603 8 20,56,1668,1669,1681,3337,4131,4161,	
ECA; 1 603 1 2479,	
PRODUCTO 1 603 1 19,	
creatinfosfocinasa 1 603 1 3129,	
DEL 1 603 1 18,	
CARACTERISTICAS 1 603 1 17,	
LAS 1 603 1 16,	
DE 1 603 1 15,	
RESUMEN 1 603 1 14,	
ocasiones 1 603 1 2901,	
información 2 603 2 11,2609,	
Toda 1 603 1 9,	
cardiovascular 1 603 1 2761,	
medicamento 7 603 7 8,13,23,441,1426,1624,3259,	
Basica 1 603 1 6,	
	"Información 1 603 1 5,	
proteinuria 1 603 1 2047,	
COMPRIMIDOS 2 603 2 4,4285,	
28 2 603 2 3,4226,	
5MG 2 603 2 2,4283,	
2 20 603 20 1,25,28,33,42,65,214,382,460,555,589,661,946,1791,3697,3741,4181,4234,4264,4282,	
TANATRIL 2 603 2 0,4281,	
