Prospectos 1 192 1 4658,	
2007 1 192 1 4648,	
Junio 1 192 1 4646,	
TEXTO 1 192 1 4645,	
2002 1 192 1 4639,	
AUTORIZACIÓN/RENOVACIÓN 1 192 1 4632,	
FECHA 2 192 2 4628,4641,	
64 2 192 2 4618,4625,	
NÚMERO(S) 1 192 1 4607,	
(Madrid) 1 192 1 4604,	
Aravaca 1 192 1 4603,	
28023 1 192 1 4602,	
B 1 192 1 4601,	
4-Área 1 192 1 4600,	
Avda 1 192 1 4597,	
Mayor 2 192 2 4596,4599,	
Osa 2 192 2 4595,4598,	
Empresarial 1 192 1 4594,	
S 1 192 1 4591,	
Farmacéutica 1 192 1 4590,	
COMERCIALIZACIÓN 2 192 2 4587,4612,	
AUTORIZACIÓN 3 192 3 4585,4610,4635,	
TITULAR 1 192 1 4582,	
especial 1 192 1 4580,	
uso/manipulación 1 192 1 4577,	
90 3 192 3 4557,4569,4656,	
estuche 2 192 2 4553,4566,	
lámina 1 192 1 4545,	
transparente 1 192 1 4543,	
PVC/PVDC 1 192 1 4542,	
Blister 1 192 1 4540,	
recipiente 1 192 1 4539,	
contenido 1 192 1 4537,	
Naturaleza 1 192 1 4535,	
30ºC 1 192 1 4532,	
temperatura 1 192 1 4529,	
conservación 1 192 1 4525,	
Precauciones 1 192 1 4522,	
validez 1 192 1 4517,	
aplicable 1 192 1 4512,	
Incompatibilidades 1 192 1 4510,	
laurisulfato 1 192 1 4506,	
estearato 1 192 1 4503,	
microcristalina 1 192 1 4502,	
celulosa 1 192 1 4501,	
Lista 1 192 1 4495,	
	6 1 192 1 4493,	
FARMACÉUTICOS 1 192 1 4492,	
1/4 1 192 1 4473,	
organogénesis 1 192 1 4467,	
administraron 1 192 1 4457,	
postimplantación 1 192 1 4453,	
fetal 1 192 1 4452,	
pérdida 1 192 1 4451,	
hubo 1 192 1 4444,	
asociados 1 192 1 4407,	
postnatal 1 192 1 4395,	
perinatal 1 192 1 4393,	
teratología 2 192 2 4382,4441,	
1500 2 192 2 4376,4463,	
hidronefrosis 1 192 1 4359,	
m2) 1 192 1 4348,	
1/2 1 192 1 4336,	
gestantes 1 192 1 4329,	
ningún 1 192 1 4325,	
m2 3 192 3 4321,4436,4489,	
pauta 4 192 4 4319,4345,4433,4486,	
ocho 1 192 1 4309,	
(cuatro 1 192 1 4306,	
respectivamente 2 192 2 4297,4311,	
30 1 192 1 4293,	
conejos 2 192 2 4287,4443,	
control 1 192 1 4279,	
aumentó 1 192 1 4270,	
Teratogénesis 1 192 1 4267,	
corporal) 1 192 1 4266,	
superficie 1 192 1 4265,	
mg/m2 1 192 1 4263,	
considerando 1 192 1 4262,	
reproducción 2 192 2 4243,4373,	
observaron 1 192 1 4236,	
médula 1 192 1 4226,	
formación 1 192 1 4221,	
mamífero 1 192 1 4210,	
aberraciones 1 192 1 4205,	
bacterias 1 192 1 4200,	
mamíferos 1 192 1 4198,	
cinco 1 192 1 4307,	
utilizando 1 192 1 4195,	
estándar 1 192 1 4192,	
mutagénico 1 192 1 4189,	
genotóxico 1 192 1 4186,	
potencial 1 192 1 4185,	
carcinogénico 1 192 1 4177,	
concurrentes 1 192 1 4156,	
controles 1 192 1 4155,	
adyacentes 1 192 1 4146,	
invadieron 1 192 1 4143,	
metastatizaron 1 192 1 4141,	
supervivencia 1 192 1 4136,	
afectaron 1 192 1 4133,	
grado 1 192 1 4131,	
macho 3 192 3 4082,4126,4171,	
células 5 192 5 4075,4121,4165,4196,4208,	
tumores 4 192 4 4072,4119,4128,4163,	
1000 2 192 2 4058,4386,	
250 1 192 1 4057,	
dieta 1 192 1 4040,	
Durante 1 192 1 4032,	
preclínicos 1 192 1 4028,	
Datos 1 192 1 4027,	
única 1 192 1 4024,	
lineal 1 192 1 4007,	
T1/2) 1 192 1 4001,	
CLr 1 192 1 3999,	
F 1 192 1 3997,	
CL/F 1 192 1 3986,	
incluye 1 192 1 3977,	
no-linealidad 1 192 1 3968,	
confiere 1 192 1 3967,	
disminuye 1 192 1 3960,	
MINISTERIO 2 192 2 3951,4636,	
linealidad 1 192 1 3950,	
(aproximadamente 2 192 2 4252,4335,	
posología 1 192 1 3947,	
les 3 192 3 3939,4114,4456,	
Estas 2 192 2 4414,4468,	
similares 2 192 2 3931,4149,	
mes 1 192 1 3910,	
determinó 1 192 1 3900,	
plasma 1 192 1 3868,	
proporcionales 1 192 1 3859,	
directamente 1 192 1 3858,	
velocidad 1 192 1 3845,	
constante 1 192 1 3843,	
plasmático 2 192 2 3839,3852,	
d 1 192 1 3818,	
independiente 1 192 1 3808,	
semivida 1 192 1 3801,	
únicamente 1 192 1 3796,	
elimina 2 192 2 3794,3866,	
Eliminación 1 192 1 3791,	
responsables 1 192 1 3785,	
mixta 1 192 1 3784,	
oxidativas 1 192 1 3781,	
hepáticas 1 192 1 3780,	
induce 1 192 1 3777,	
hombre 1 192 1 3774,	
hay 1 192 1 3766,	
Metabolismo 1 192 1 3764,	
20% 1 192 1 3744,	
(LCR) 1 192 1 3739,	
cefalorraquídeo 1 192 1 3738,	
litros 1 192 1 3727,	
distribución 1 192 1 3723,	
volumen 1 192 1 3721,	
Distribución 1 192 1 3710,	
disponible 1 192 1 3709,	
post- 1 192 1 3704,	
inalterada 2 192 2 3695,3795,	
Porcentaje 1 192 1 3691,	
post-administración 1 192 1 3688,	
Linealidad/No 1 192 1 3949,	
curva 1 192 1 3670,	
Semivida 1 192 1 3661,	
Área 1 192 1 3667,	
) 1 192 1 3659,	
(h 1 192 1 3658,	
½ 1 192 1 3657,	
T 1 192 1 3656,	
Tiempo 1 192 1 3651,	
plasmática 1 192 1 3643,	
Concentración 1 192 1 3642,	
(37) 1 192 1 3639,	
(25) 1 192 1 3636,	
47 1 192 1 3634,	
(%) 1 192 1 3631,	
Ae% 3 192 3 3630,3689,3985,	
(27) 1 192 1 3629,	
51 1 192 1 3627,	
(34) 1 192 1 3626,	
34 2 192 2 3624,3637,	
(0-8) 2 192 2 3620,3665,	
(41) 1 192 1 3618,	
(89) 1 192 1 3615,	
(12) 1 192 1 3612,	
T½ 1 192 1 3608,	
(76) 1 192 1 3607,	
(54) 1 192 1 3604,	
(18) 1 192 1 3601,	
(h) 2 192 2 3598,3609,	
Tmax 2 192 2 3597,3649,	
(29) 1 192 1 3596,	
71 1 192 1 3595,	
74 1 192 1 3592,	
(24) 2 192 2 3590,3623,	
(µg/ml) 1 192 1 3587,	
Cmax 3 192 3 3586,3640,3655,	
14) 2 192 2 3576,3579,	
7) 1 192 1 3573,	
= 9 192 9 3572,3575,3578,3641,3650,3660,3666,3690,3707,	
(N 3 192 3 3571,3574,3577,	
800-mg 1 192 1 3569,	
300-mg 1 192 1 3567,	
Parámetro 1 192 1 3566,	
(%CV) 1 192 1 3555,	
Medios 1 192 1 3554,	
Farmacocinéticos 1 192 1 3553,	
Parámetros 1 192 1 3552,	
Resumen 1 192 1 3549,	
TABLA 1 192 1 3547,	
parámetros 2 192 2 3545,3971,	
facilitan 1 192 1 3543,	
predictivas 1 192 1 3532,	
20 1 192 1 3522,	
µg/ml 2 192 2 3520,3523,	
repetida 1 192 1 3509,	
afectada 1 192 1 3505,	
resulta 1 192 1 3504,	
grasas 1 192 1 3487,	
régimen 1 192 1 3484,	
60% 1 192 1 3479,	
aproximadamente 4 192 4 3477,3742,4418,4471,	
disminuir 1 192 1 3460,	
tiende 1 192 1 3458,	
absorbida) 2 192 2 3455,3957,	
máximas 2 192 2 3439,4092,	
Tras 1 192 1 3432,	
Absorción 1 192 1 3431,	
fases 1 192 1 3423,	
momento 1 192 1 3418,	
28 1 192 1 3413,	
evaluación 1 192 1 3411,	
disponibles 1 192 1 3408,	
diarias 1 192 1 3407,	
tenían 1 192 1 3404,	
además 1 192 1 3403,	
aleatorizados 1 192 1 3395,	
intención 1 192 1 3386,	
modificada 1 192 1 3384,	
5144 1 192 1 3381,	
8%) 1 192 1 3379,	
(20 1 192 1 3378,	
20/96 1 192 1 3377,	
2%) 1 192 1 3376,	
(17 1 192 1 3375,	
Mayo 1 192 1 4637,	
17/99 1 192 1 3374,	
7362 1 192 1 3369,	
0 4 192 4 3368,3380,3684,3700,	
5%) 1 192 1 3367,	
(23 1 192 1 3366,	
4/17 1 192 1 3365,	
0%) 1 192 1 3364,	
(19 1 192 1 3363,	
4/21 1 192 1 3362,	
P 1 192 1 3358,	
Valor 1 192 1 3356,	
Placebo 1 192 1 3354,	
Categoría 1 192 1 3351,	
MITT* 1 192 1 3346,	
población 2 192 2 3345,3383,	
50%) 1 192 1 3342,	
(Mejoría 1 192 1 3341,	
Respuesta 1 192 1 3340,	
resumen 1 192 1 3335,	
procedentes 1 192 1 3328,	
6-12 1 192 1 3324,	
3-5 1 192 1 3321,	
(grupo 1 192 1 3317,	
dicotómica 1 192 1 3316,	
continua 1 192 1 3314,	
responda 1 192 1 3310,	
revelaron 1 192 1 3299,	
tasas 1 192 1 3293,	
post-hoc 2 192 2 3290,3333,	
adicionales 2 192 2 3289,3332,	
Análisis 1 192 1 3288,	
placebo 1 192 1 3287,	
comparación 2 192 2 3285,4276,	
favor 1 192 1 3279,	
respondedores 2 192 2 3277,3295,	
50% 1 192 1 3273,	
significativa 1 192 1 3270,	
estadísticamente 3 192 3 3269,3305,4066,	
numérica 1 192 1 3266,	
demostró 1 192 1 3263,	
comprendidas 1 192 1 3255,	
edades 3 192 3 3254,3319,3906,	
llevado 1 192 1 3248,	
Un 1 192 1 3236,	
síntesis 1 192 1 3227,	
químicos 1 192 1 3221,	
convulsivantes 1 192 1 3220,	
electroshock 1 192 1 3216,	
impide 1 192 1 3212,	
accede 1 192 1 3207,	
importancia 2 192 2 3190,4400,	
cerebro 2 192 2 3184,3210,	
sódico 2 192 2 3178,4507,	
áreas 1 192 1 3171,	
recambio 1 192 1 3166,	
aumenta 2 192 2 3164,3962,	
monoamino 1 192 1 3154,	
ligeramente 1 192 1 3149,	
alcanzan 1 192 1 3144,	
µM 1 192 1 3140,	
ensayo 1 192 1 3130,	
sistemas 1 192 1 3128,	
agonista 1 192 1 3121,	
parcialmente 1 192 1 3117,	
difiere 1 192 1 3109,	
consecuencia 1 192 1 3108,	
sodio 1 192 1 3103,	
interacciona 1 192 1 3098,	
N-metil-d-aspartato 1 192 1 3095,	
glicina 1 192 1 3093,	
GABAB 1 192 1 3090,	
A 2 192 2 3089,4592,	
neurotransmisores 2 192 2 3082,3155,	
habituales 1 192 1 3075,	
receptores 3 192 3 3071,3079,3086,	
une 2 192 2 3068,3714,	
sitio 1 192 1 3057,	
identificada 1 192 1 3054,	
hidrouréter 1 192 1 4357,	
voltaje 1 192 1 3051,	
dependientes 1 192 1 3049,	
calcio 1 192 1 3048,	
canales 2 192 2 3046,3101,	
alfa2-delta 1 192 1 3043,	
subunidad 1 192 1 3042,	
derivados 1 192 1 3039,	
analgésica 1 192 1 3034,	
anticonvulsivante 1 192 1 3032,	
actividad 1 192 1 3031,	
hipocampo 1 192 1 3024,	
rata 1 192 1 3018,	
cerebrales 3 192 3 3016,3083,3172,	
Carcinogénesis 1 192 1 4031,	
tejidos 2 192 2 3015,4145,	
péptidos 1 192 1 3012,	
unión 2 192 2 3010,3059,	
nuevo 1 192 1 3007,	
caracterizado 1 192 1 3005,	
radiomarcada 1 192 1 3003,	
vitro 6 192 6 2999,3105,3132,3157,4194,4213,	
in 8 192 8 2998,3104,3131,3145,3156,4193,4212,4215,	
profármacos 1 192 1 2993,	
micronúcleos 1 192 1 4223,	
agonistas 1 192 1 2989,	
recaptación 1 192 1 2986,	
transaminasa 1 192 1 2982,	
inhibidores 3 192 3 2978,2983,3224,	
barbituratos 1 192 1 2976,	
valproato 2 192 2 2975,3177,	
sinapsis 1 192 1 2970,	
interaccionan 1 192 1 2967,	
activos 1 192 1 2965,	
principios 1 192 1 2964,	
gamma-aminobutírico) 1 192 1 2953,	
(ácido 1 192 1 2952,	
GABA 9 192 9 2951,2972,2981,2988,2991,2995,3088,3168,3229,	
neurotransmisor 1 192 1 2950,	
relacionada 1 192 1 2947,	
estructuralmente 1 192 1 2946,	
conoce 2 192 2 2943,4398,	
exacto 1 192 1 2938,	
acción 2 192 2 2937,2958,	
magnésico 1 192 1 4504,	
mecanismo 2 192 2 2935,2956,	
N03AX12 1 192 1 2933,	
ATC 1 192 1 2932,	
Código 1 192 1 2931,	
Otros 1 192 1 2929,	
farmacoterapéutico 1 192 1 2928,	
Grupo 1 192 1 2927,	
farmacodinámicas 1 192 1 2926,	
conservar 1 192 1 4527,	
Propiedades 2 192 2 2925,3429,	
ESTE 1 192 1 2921,	
FARMACOLÓGICAS 1 192 1 2919,	
PROPIEDADES 1 192 1 2918,	
hipoactividad 1 192 1 2914,	
respirar 1 192 1 2912,	
mg/kg 3 192 3 2900,3948,4251,	
8000 1 192 1 2899,	
recibieron 1 192 1 2895,	
ratones 4 192 4 2891,4042,4284,4328,	
letal 1 192 1 2887,	
identificado 1 192 1 2883,	
grave 1 192 1 2870,	
obstante 1 192 1 2865,	
benzodiazepinas 2 192 2 2977,3091,	
previa 1 192 1 2858,	
experiencia 1 192 1 2857,	
acuerdo 2 192 2 2854,3944,	
minimizar 1 192 1 2841,	
sobredosificación 1 192 1 2837,	
fármaco 2 192 2 2833,4094,	
limitar 1 192 1 2829,	
absorción 2 192 2 2821,2831,	
soporte 1 192 1 2818,	
totalmente 1 192 1 2814,	
recuperaron 1 192 1 2813,	
Todos 1 192 1 2809,	
letargia 1 192 1 2805,	
hablar 1 192 1 2803,	
dificultad 2 192 2 2801,2910,	
visión 1 192 1 2799,	
incluyen 3 192 3 2797,2908,3996,	
vida 1 192 1 2792,	
poner 1 192 1 2788,	
pudiera 1 192 1 2787,	
g 1 192 1 2778,	
49 1 192 1 2777,	
sobredosis 3 192 3 2772,2796,2845,	
Con 1 192 1 2771,	
Sobredosis 1 192 1 2770,	
9 2 192 2 2769,4627,	
agresivos 1 192 1 2765,	
comportamientos 1 192 1 2764,	
respiratorio 1 192 1 2738,	
4) 1 192 1 2734,	
clara 1 192 1 2730,	
casos 1 192 1 2713,	
abrasión 1 192 1 2709,	
fractura 1 192 1 2708,	
accidentales 1 192 1 2707,	
intoxicaciones 1 192 1 2704,	
traumáticas 1 192 1 2702,	
Lesiones 2 192 2 2701,2706,	
hepática 1 192 1 2700,	
valores 1 192 1 2694,	
diabetes 1 192 1 2690,	
glucemia 1 192 1 2686,	
leucocitario 1 192 1 2678,	
recuento 1 192 1 2677,	
Disminución 1 192 1 2675,	
REVISIÓN 1 192 1 4643,	
complementarias 1 192 1 2673,	
Exploraciones 1 192 1 2672,	
causal 1 192 1 2666,	
establecido 2 192 2 2663,3188,	
inesperadas 1 192 1 2656,	
%CV 3 192 3 3581,3583,3585,	
notificado 4 192 4 2654,2712,2747,2762,	
dolores 1 192 1 2647,	
(principalmente 1 192 1 2643,	
síndrome 2 192 2 2635,2640,	
malestar 1 192 1 2634,	
marcha 1 192 1 2630,	
02 1 192 1 3589,	
generalizado 1 192 1 2629,	
N-metil-D-aspartato 1 192 1 3124,	
fiebre 1 192 1 2624,	
Fatiga 1 192 1 2623,	
lugar 2 192 2 2618,3008,	
generales 1 192 1 2613,	
Impotencia 1 192 1 2611,	
mama 1 192 1 2609,	
reproductor 1 192 1 2605,	
aparato 1 192 1 2604,	
agudo 1 192 1 2601,	
Fallo 1 192 1 2599,	
Incontinencia 1 192 1 2597,	
incidencia 4 192 4 4070,4272,4355,4449,	
Poco 1 192 1 2595,	
urinarios 1 192 1 2594,	
renales 1 192 1 2592,	
espasmos 1 192 1 2590,	
espalda 1 192 1 2589,	
Artralgia 1 192 1 2585,	
musculoesqueléticos 1 192 1 2579,	
alopecia 1 192 1 2577,	
multiforme 1 192 1 2576,	
eritema 1 192 1 2575,	
Stevens-Johnson 1 192 1 2573,	
Síndrome 1 192 1 2571,	
acné 1 192 1 2569,	
enzimas 1 192 1 3779,	
prurito 1 192 1 2568,	
erupción 1 192 1 2567,	
físico 1 192 1 2566,	
traumatismo 1 192 1 2565,	
resultantes 1 192 1 2562,	
contusiones 1 192 1 2561,	
menudo 1 192 1 2559,	
descrita 2 192 2 2556,4004,	
facial 1 192 1 2554,	
Edema 2 192 2 2553,2626,	
subcutáneo 1 192 1 2551,	
tejido 2 192 2 2550,2582,	
piel 1 192 1 2547,	
ictericia 1 192 1 2543,	
Hepatitis 1 192 1 2542,	
hepatobiliares 1 192 1 2540,	
flatulencia 1 192 1 2536,	
vivo 2 192 2 3146,4216,	
garganta 1 192 1 2535,	
estereñimiento 1 192 1 2529,	
modelos 1 192 1 3232,	
dispepsia 1 192 1 2528,	
abdominal 1 192 1 2527,	
diarrea 2 192 2 2525,2807,	
gingivitis 1 192 1 2524,	
dentales 1 192 1 2523,	
Vómitos 1 192 1 2520,	
gastrointestinales 1 192 1 2518,	
(fracción 2 192 2 3452,3954,	
rinitis 1 192 1 2516,	
tos 1 192 1 2515,	
faringitis 1 192 1 2514,	
bronquitis 2 192 2 2513,2743,	
Disnea 1 192 1 2512,	
torácicos 1 192 1 2508,	
respiratorios 1 192 1 2507,	
vasodilatación 1 192 1 2505,	
observan 1 192 1 3443,	
Hipertensión 1 192 1 2504,	
vasculares 1 192 1 2502,	
Tinnitus 1 192 1 2496,	
Vértigo 1 192 1 2494,	
angioedema 1 192 1 2574,	
oído 1 192 1 2489,	
diplopía 1 192 1 2486,	
ambliopía 1 192 1 2485,	
visuales 1 192 1 2482,	
Alteraciones 2 192 2 2481,4230,	
oculares 1 192 1 2479,	
distonía) 1 192 1 2477,	
discinesia 1 192 1 2476,	
coreotetosis 1 192 1 2475,	
movimiento 1 192 1 2472,	
reflejos 1 192 1 2468,	
(F) 1 192 1 3982,	
ausencia 1 192 1 2466,	
descenso 1 192 1 2464,	
eliminarse 1 192 1 2849,	
coordinación 1 192 1 2460,	
hipoestesia 1 192 1 2459,	
parestesias 1 192 1 2458,	
sensaciones 1 192 1 2456,	
cabeza 1 192 1 2455,	
parámetro 1 192 1 3979,	
insomnio 2 192 2 2452,2645,	
temblor 1 192 1 2451,	
amnesia 1 192 1 2450,	
disartria 1 192 1 2449,	
variable 1 192 1 3313,	
hipercinesia 2 192 2 2448,2767,	
ataxia 2 192 2 2445,2909,	
mareos 1 192 1 2444,	
glutamato 2 192 2 3092,3123,	
anormal 3 192 3 2436,2461,2631,	
pensamiento 1 192 1 2435,	
nerviosismo 1 192 1 2434,	
ansiedad 2 192 2 2433,2644,	
presente 1 192 1 3755,	
emocional 1 192 1 2431,	
observados 1 192 1 4152,	
2000 6 192 6 4049,4060,4100,4250,4365,4388,	
inestabilidad 1 192 1 2430,	
confusión 1 192 1 2428,	
Hostilidad 1 192 1 2427,	
psiquiátricos 1 192 1 2425,	
medicación 1 192 1 3399,	
apetito 1 192 1 2423,	
Anorexia 1 192 1 2420,	
relación 3 192 3 2665,2723,3198,	
nutrición 1 192 1 2418,	
metabolismo 3 192 3 2415,3769,3787,	
urticaria) 1 192 1 2412,	
alérgicas 1 192 1 2409,	
inmunológico 1 192 1 2406,	
Trombocitopenia 1 192 1 2402,	
Raras 11 192 11 2401,2407,2469,2495,2499,2537,2541,2570,2598,2637,2682,	
Leucopenia 1 192 1 2400,	
linfático 1 192 1 2398,	
sangre 1 192 1 2394,	
Trastornos 18 192 18 2391,2403,2413,2424,2437,2470,2478,2487,2497,2501,2506,2517,2539,2544,2578,2591,2602,2612,	
otitis 2 192 2 2389,2739,	
urinario 1 192 1 2387,	
tracto 2 192 2 2386,2737,	
respiratoria 1 192 1 2383,	
infección 3 192 3 2382,2384,2388,	
Neumonía 1 192 1 2381,	
Frecuentes 16 192 16 2380,2399,2419,2426,2446,2480,2493,2503,2511,2519,2552,2584,2610,2625,2674,2705,	
viral 1 192 1 2379,	
Infección 1 192 1 2378,	
Muy 3 192 3 2376,2441,2621,	
e 5 192 5 2374,2429,2703,2766,3211,	
Infecciones 2 192 2 2373,2735,	
decreciente 1 192 1 2366,	
orden 1 192 1 2365,	
presentan 2 192 2 2363,3489,	
alta 3 192 3 2358,2827,4088,	
asignó 1 192 1 2354,	
le 1 192 1 2353,	
distintas 3 192 3 2351,3181,3193,	
observó 4 192 4 2348,4063,4324,4350,	
adversa 1 192 1 2346,	
000) 1 192 1 2338,	
1/1 1 192 1 2337,	
24 1 192 1 3621,	
000; 1 192 1 2336,	
1/10 1 192 1 2335,	
raras 1 192 1 2333,	
1/100) 1 192 1 2331,	
000 1 192 1 2330,	
(1/1 1 192 1 2329,	
<1/10) 1 192 1 2326,	
1/100 1 192 1 2325,	
(1/10) 1 192 1 2322,	
blister 2 192 2 4555,4568,	
ordenadas 1 192 1 2315,	
siguiente 2 192 2 2314,3338,	
adjuntan 1 192 1 2310,	
monoterapia) 1 192 1 2305,	
llevados 1 192 1 2296,	
observadas 1 192 1 2291,	
Reacciones 3 192 3 2286,2408,2638,	
8 9 192 9 2285,3564,3594,3614,3622,3686,3702,4475,4606,	
aumentar 1 192 1 2281,	
comienzo 1 192 1 2275,	
especialmente 1 192 1 2273,	
Esto 1 192 1 2271,	
maquinaria 1 192 1 2270,	
manejen 1 192 1 2269,	
conduzcan 1 192 1 2267,	
cabo 2 192 2 2298,3250,	
peligrosas 1 192 1 2262,	
potencialmente 1 192 1 2261,	
moderadas 1 192 1 2255,	
leves 1 192 1 2253,	
síntomas 2 192 2 2249,2794,	
u 2 192 2 2247,4308,	
mareo 2 192 2 2246,2798,	
causar 1 192 1 2244,	
central 1 192 1 2241,	
nervioso 2 192 2 2240,2440,	
sistema 5 192 5 2239,2317,2397,2405,2439,	
actúa 1 192 1 2236,	
reducida 2 192 2 2232,2820,	
influencia 1 192 1 2219,	
máquinas 2 192 2 2217,2229,	
vehículos 1 192 1 2214,	
conducir 2 192 2 2213,2226,	
capacidad 2 192 2 2211,2224,	
Efectos 1 192 1 2208,	
superan 1 192 1 2201,	
utilizará 1 192 1 2193,	
estructurales 1 192 1 3040,	
sólo 2 192 2 2191,2744,	
administre 1 192 1 2185,	
prestarse 1 192 1 2181,	
lactantes 4 192 4 2179,2189,2197,3763,	
desconocer 1 192 1 2173,	
leche 2 192 2 2170,3758,	
excreta 1 192 1 2167,	
notificaron 1 192 1 2164,	
asociada 1 192 1 2129,	
concluir 1 192 1 2125,	
feto 1 192 1 2121,	
superior 2 192 2 2116,4530,	
claramente 2 192 2 2115,2202,	
beneficio 1 192 1 2110,	
excepto 1 192 1 2107,	
embarazo 2 192 2 2106,2143,	
debería 1 192 1 2102,	
humanos 9 192 9 2099,4111,4180,4261,4302,4316,4342,4427,4480,	
seres 2 192 2 2098,4179,	
desconoce 2 192 2 2094,4158,	
utilizarse 1 192 1 2103,	
3) 1 192 1 2092,	
reproductiva 1 192 1 2088,	
toxicidad 4 192 4 2087,2784,2843,2904,	
mostrado 1 192 1 2086,	
animales 4 192 4 2084,2907,3205,4139,	
utilización 1 192 1 2075,	
suficientes 1 192 1 2072,	
Ninguna 1 192 1 4578,	
datos 3 192 3 2071,3327,4021,	
existen 1 192 1 2070,	
materna 3 192 3 2060,2171,3759,	
sociales 1 192 1 2056,	
genéticos 2 192 2 2055,3233,	
causado 1 192 1 2052,	
embarazos 1 192 1 2161,	
diferenciar 1 192 1 2043,	
retraso 3 192 3 2030,2046,4410,	
Raramente 1 192 1 2026,	
hijo 1 192 1 2025,	
madre 2 192 2 2021,2113,	
consecuencias 1 192 1 2017,	
graves 1 192 1 2016,	
llevar 1 192 1 2008,	
repentinamente 1 192 1 2000,	
400-mg 1 192 1 3568,	
embarazada 1 192 1 1995,	
quedarse 1 192 1 1994,	
planea 1 192 1 1993,	
mujer 1 192 1 1992,	
revisar 1 192 1 1984,	
fértil 1 192 1 1982,	
embarazadas 2 192 2 1978,2080,	
probablemente 1 192 1 1977,	
estén 1 192 1 1976,	
mujeres 2 192 2 1974,2079,	
aproxima 1 192 1 3463,	
específico 1 192 1 1971,	
consejo 1 192 1 1970,	
dar 1 192 1 1969,	
posible 3 192 3 1965,2042,2175,	
sea 1 192 1 1964,	
trate 1 192 1 1959,	
importante 2 192 2 1956,2012,	
(38) 1 192 1 3593,	
mayor 1 192 1 1945,	
Farmacocinético 1 192 1 3570,	
asociarse 1 192 1 1942,	
múltiple 1 192 1 1937,	
Una 1 192 1 1935,	
fácilmente 1 192 1 3208,	
tubo 1 192 1 1933,	
anomalías 2 192 2 1931,2522,	
gripal 1 192 1 2636,	
cardiovasculares 1 192 1 1929,	
malformaciones 4 192 4 1928,1948,2136,4274,	
leporino 1 192 1 1927,	
labio 1 192 1 1926,	
eliminación 4 192 4 3663,3803,3847,3991,	
frecuentemente 2 192 2 1923,2763,	
tratadas 3 192 3 1915,4083,4098,	
madres 5 192 5 1914,2037,2188,2196,3762,	
aumentado 1 192 1 1906,	
ósea 1 192 1 4227,	
ve 1 192 1 1905,	
defectos 1 192 1 1900,	
padecer 1 192 1 1899,	
riesgo 6 192 6 1897,1946,2096,2118,2134,4176,	
asociado 2 192 2 1885,2066,	
factores 1 192 1 2054,	
Riesgo 2 192 2 1884,2065,	
lactancia 1 192 1 1883,	
Embarazo 1 192 1 1881,	
relevancia 2 192 2 1877,4160,	
cimetidina 1 192 1 1871,	
aparecen 1 192 1 1924,	
administra 4 192 4 1868,2140,3940,4115,	
clínicamente 1 192 1 3492,	
ligera 1 192 1 1858,	
lado 1 192 1 1853,	
probenecid 1 192 1 1850,	
altera 1 192 1 1845,	
excreción 3 192 3 1839,1862,3798,	
24% 1 192 1 1825,	
aluminio 2 192 2 1815,4547,	
componentes 1 192 1 1806,	
moderada 1 192 1 2234,	
influye 1 192 1 1797,	
estradiol 1 192 1 1795,	
etinil 1 192 1 1794,	
noretindrona 1 192 1 1792,	
721 1 192 1 4619,	
contengan 2 192 2 1791,1814,	
orales 1 192 1 1789,	
anticonceptivos 1 192 1 1788,	
coadministración 2 192 2 1784,1808,	
mueve 1 192 1 3814,	
observada 1 192 1 1774,	
sujetos 3 192 3 1770,3252,3903,	
similar 2 192 2 1768,3175,	
estacionario 7 192 7 1766,1803,3559,3648,3678,3752,4014,	
farmacocinética 7 192 7 1761,1800,3496,3500,3894,3989,4006,	
reduce 4 192 4 1818,3116,3148,3836,	
carbamazepina 2 192 2 1759,3113,	
valproico 1 192 1 1757,	
ácido 1 192 1 1756,	
fenitoína 2 192 2 1755,3111,	
fenobarbital 1 192 1 1754,	
reducirse 1 192 1 1738,	
SNC 1 192 1 1734,	
signos 2 192 2 1730,2902,	
detectar 1 192 1 1729,	
controlados 1 192 1 1727,	
cuidadosamente 1 192 1 1726,	
pancreáticas 3 192 3 4077,4123,4167,	
comparado 1 192 1 1712,	
AUC 3 192 3 1709,3619,3664,	
adversos 1 192 1 4238,	
media 3 192 3 1707,2390,2740,	
44% 1 192 1 1704,	
mediastínicos 1 192 1 2510,	
observándose 1 192 1 1699,	
Mutagénesis 1 192 1 4181,	
600 2 192 2 1695,4047,	
controlada 1 192 1 1686,	
liberación 2 192 2 1685,3151,	
laberinto 1 192 1 2492,	
60 2 192 2 1682,4460,	
Fluctuaciones 1 192 1 2683,	
morfina 3 192 3 1680,1719,1745,	
administró 2 192 2 1676,4036,	
sanos 3 192 3 1673,1771,3904,	
voluntarios 1 192 1 1672,	
interacción 2 192 2 1667,1750,	
formas 1 192 1 1665,	
Interacción 1 192 1 1658,	
alternativos 1 192 1 1652,	
colorantes 1 192 1 1646,	
fijación 1 192 1 1644,	
(NMDA) 1 192 1 3125,	
turbidimétrico 1 192 1 1639,	
Biuret 1 192 1 1638,	
boca 1 192 1 2532,	
método 1 192 1 1637,	
analítico 1 192 1 1632,	
basados 1 192 1 1628,	
métodos 3 192 3 1627,1642,1651,	
positivo 1 192 1 1622,	
resultado 1 192 1 1621,	
verificar 1 192 1 1619,	
reactivas 1 192 1 1613,	
tiras 2 192 2 1612,1625,	
tratar 1 192 1 3388,	
análisis 3 192 3 1610,2697,3331,	
orina 2 192 2 1607,3697,	
totales 1 192 1 1605,	
generalmente 1 192 1 3517,	
magnesio 1 192 1 1817,	
proteínas 2 192 2 1604,3716,	
semi-cuantitativa 1 192 1 1601,	
pecho 1 192 1 2651,	
determinación 1 192 1 1600,	
positivos 1 192 1 1597,	
falsos 1 192 1 1596,	
lecturas 1 192 1 1594,	
obtener 1 192 1 1593,	
laboratorio 1 192 1 1590,	
Pruebas 1 192 1 1588,	
potenciales 2 192 2 1584,2204,	
riesgos 2 192 2 1583,2205,	
frente 2 192 2 1580,3679,	
ratas 10 192 10 2893,3163,4053,4081,4097,4125,4170,4245,4285,4361,	
sopesarse 1 192 1 1579,	
prolongada 1 192 1 1577,	
adecuadamente 2 192 2 1568,1739,	
desarrollo 4 192 4 1559,2033,2049,4413,	
inteligencia 1 192 1 1556,	
aprendizaje 1 192 1 1554,	
semanas) 1 192 1 1551,	
neocortex 1 192 1 3021,	
36 1 192 1 1550,	
(más 1 192 1 1548,	
efectos 3 192 3 1539,3201,4237,	
observado 5 192 5 1532,1749,1856,2029,2782,	
*La 1 192 1 3382,	
diferente 3 192 3 1530,1633,2960,	
adversas 5 192 5 1529,2258,2287,2290,2361,	
leve 1 192 1 2808,	
reacciones 4 192 4 1528,2257,2289,2360,	
perfil 1 192 1 1526,	
haya 1 192 1 1524,	
grupo 3 192 3 1518,3281,3397,	
clínicas 1 192 1 1515,	
investigaciones 1 192 1 1514,	
hallazgos 2 192 2 1512,4403,	
Aparte 1 192 1 1509,	
jóvenes 2 192 2 1508,1537,	
partir 2 192 2 1498,4018,	
comprendidad 1 192 1 3907,	
alto 2 192 2 1494,3485,	
porcentaje 1 192 1 1491,	
apareció 1 192 1 1483,	
ciego 2 192 2 1477,3426,	
sistemáticos 1 192 1 1461,	
realizado 1 192 1 1459,	
doble 3 192 3 1476,2800,3425,	
incluyendo 6 192 6 1454,2973,3019,3084,3222,3482,	
mixtas 1 192 1 1453,	
precaución 1 192 1 1448,	
usarse 1 192 1 1446,	
tipo 1 192 1 1435,	
agravar 1 192 1 1433,	
pudiendo 1 192 1 1432,	
primarias 1 192 1 1427,	
PRIMERA 1 192 1 4631,	
generalizadas 1 192 1 1426,	
considera 1 192 1 1418,	
éxito 1 192 1 1413,	
índice 2 192 2 1411,3275,	
antiepiléptico 5 192 5 1402,1919,1989,2003,2064,	
refractarios 1 192 1 1395,	
concomitantes 2 192 2 1392,2158,	
retirar 1 192 1 1388,	
intentos 1 192 1 1386,	
mialgia 1 192 1 2586,	
ocurre 2 192 2 1381,2272,	
tipos 1 192 1 1375,	
nuevos 1 192 1 1374,	
aparición 1 192 1 1372,	
acinares 3 192 3 4076,4122,4166,	
frecuencia 4 192 4 1366,2319,2356,2372,	
frecuencias 1 192 1 2350,	
aumento 10 192 10 1363,1701,2132,2421,2463,2679,2691,4065,4352,4446,	
experimentar 1 192 1 1361,	
medicamentos 7 192 7 1353,1390,1662,1892,1939,2156,4660,	
igual 2 192 2 1348,1379,	
Al 3 192 3 1347,1378,2172,	
epiléptico 1 192 1 1342,	
estatus 1 192 1 1341,	
precipitar 1 192 1 1339,	
epilépticos 1 192 1 1337,	
anticonvulsivantes 2 192 2 1334,3202,	
fármacos 4 192 4 1333,1781,3074,3790,	
brusca 1 192 1 1330,	
rebote 1 192 1 1325,	
fertilidad 3 192 3 4233,4241,4371,	
evidencia 2 192 2 1321,3767,	
existe 1 192 1 1320,	
Aunque 3 192 3 1318,2846,3510,	
8) 1 192 1 1317,	
interrupción 1 192 1 1311,	
considerarse 1 192 1 1309,	
estuvieron 1 192 1 3516,	
aguda 4 192 4 1307,2716,2785,2905,	
Media 3 192 3 3580,3582,3584,	
pancreatitis 2 192 2 1306,2715,	
desarrolla 1 192 1 1305,	
tratado 1 192 1 1302,	
Si 1 192 1 1299,	
conteniendo 1 192 1 4556,	
especiales 2 192 2 1296,4523,	
precauciones 1 192 1 1295,	
Advertencias 1 192 1 1293,	
activo 1 192 1 1285,	
principio 2 192 2 1284,1631,	
Contraindicaciones 1 192 1 1281,	
Adicionalmente 1 192 1 1257,	
( 2 192 2 2324,2334,	
dadas 1 192 1 1252,	
basarse 1 192 1 1246,	
mantenimiento 2 192 2 1242,1262,	
sudoración) 1 192 1 2648,	
tratarse 1 192 1 1224,	
dializa 1 192 1 1221,	
después 4 192 4 1207,1272,1832,2279,	
200 3 192 3 1203,1268,4046,	
seguida 1 192 1 1197,	
carga 1 192 1 1191,	
definió 1 192 1 3390,	
tratados 2 192 2 1183,1357,	
infestaciones 1 192 1 2375,	
anuria 1 192 1 1175,	
nistagmo 1 192 1 2462,	
reciben 2 192 2 1154,1780,	
mitad 1 192 1 1148,	
recibir 1 192 1 1146,	
deben 3 192 3 1145,1578,1724,	
7 6 192 6 1142,2207,3600,3726,3821,4581,	
proporción 1 192 1 1128,	
reducir 1 192 1 1123,	
ml/min 2 192 2 1119,1144,	
diferencia 1 192 1 3265,	
aclaramiento 8 192 8 1114,1130,1138,1159,3838,3851,3855,3861,	
c 1 192 1 1109,	
Deben 1 192 1 1102,	
ml/min) 2 192 2 1100,1164,	
Hipersensibilidad 1 192 1 1282,	
79 1 192 1 1099,	
(parámetros 1 192 1 3992,	
depresión 2 192 2 1732,2432,	
< 3 192 3 1098,1117,3359,	
(aclaramiento 1 192 1 1095,	
cardíacos 1 192 1 2498,	
presencia 1 192 1 2154,	
alteración 3 192 3 1093,2869,3830,	
son 10 192 10 1089,1925,3531,3740,3857,3930,4015,4102,4416,4470,	
reducidas 1 192 1 1088,	
administrarse 2 192 2 1079,1103,	
150b-300 1 192 1 1072,	
<15c 1 192 1 1071,	
15-29 1 192 1 1070,	
300-900 1 192 1 1069,	
30-49 1 192 1 1068,	
600-1800 1 192 1 1067,	
50-79 1 192 1 1066,	
900-3600 1 192 1 1065,	
80 1 192 1 1064,	
(mg/día) 1 192 1 1063,	
Total 1 192 1 1062,	
Diaria 1 192 1 1061,	
(ml/min) 1 192 1 1059,	
Creatinina 1 192 1 1058,	
57 1 192 1 3725,	
Aclaramiento 1 192 1 1056,	
RENAL 1 192 1 1055,	
peligro 1 192 1 2790,	
LA 5 192 5 1053,4584,4609,4630,4634,	
Vd/F 1 192 1 3987,	
SEGÚN 1 192 1 1052,	
ADULTOS 1 192 1 1051,	
DOSIS 1 192 1 1047,	
insuficiencia 1 192 1 1043,	
indicadas 1 192 1 1039,	
recomendaciones 2 192 2 1036,1249,	
siguiendo 1 192 1 1034,	
utilizar 4 192 4 1033,1649,2216,2228,	
100 2 192 2 1027,3139,	
sometidos 5 192 5 1021,1168,1176,1236,3886,	
y/o 3 192 3 1018,1793,4358,	
deteriorada 1 192 1 1008,	
alterada 2 192 2 993,3884,	
Pacientes 1 192 1 988,	
EN 1 192 1 1050,	
frecuentes 8 192 8 984,2321,2323,2328,2377,2442,2596,2622,	
edema 2 192 2 976,1485,	
somnolencia 6 192 6 974,1484,1736,2245,2443,2804,	
2) 3 192 3 972,1346,3892,	
edad 10 192 10 969,1470,1503,1520,1981,3297,3304,3350,3353,3929,	
FUNCIÓN 1 192 1 1054,	
renal 14 192 14 966,992,1007,1044,1094,1235,1840,1863,2600,2874,3799,3834,3856,3883,	
superiores 2 192 2 3137,4105,	
deterioro 2 192 2 962,1231,	
debido 2 192 2 960,2144,	
ajuste 3 192 3 956,998,3874,	
necesitar 1 192 1 954,	
Los 10 192 10 950,1538,1920,2081,2793,2901,2996,3326,3480,4118,	
años) 2 192 2 949,3325,	
astenia 3 192 3 980,1488,2632,	
65 3 192 3 948,1467,1500,	
(mayores 1 192 1 946,	
ancianos 4 192 4 945,952,987,3825,	
sequedad 1 192 1 2530,	
Uso 2 192 2 942,1165,	
incrementos 1 192 1 939,	
intervalos 1 192 1 936,	
mayores 1 192 1 935,	
lentamente 1 192 1 925,	
titular 1 192 1 923,	
órgano 1 192 1 916,	
Centro 1 192 1 4593,	
trasplante 1 192 1 914,	
corporal 1 192 1 911,	
débil 1 192 1 905,	
salud 1 192 1 904,	
general 4 192 4 902,1895,3915,4374,	
Instrucciones 2 192 2 892,4575,	
adicional 1 192 1 891,	
necesidad 2 192 2 887,1986,	
crías 1 192 1 4282,	
determinar 1 192 1 885,	
clínica 2 192 2 881,1878,	
situación 1 192 1 880,	
España 1 192 1 4605,	
evaluar 1 192 1 878,	
durante 9 192 9 870,2104,2141,2194,2292,2717,3412,3421,4465,	
caso 2 192 2 859,2835,	
duración 1 192 1 857,	
meses 2 192 2 855,874,	
seguridad 3 192 3 832,3535,4030,	
estudiado 2 192 2 827,1567,	
iguales 1 192 1 735,	
tomas 2 192 2 734,1083,	
repartida 2 192 2 731,1080,	
alternativa 1 192 1 723,	
De 1 192 1 721,	
muestra 1 192 1 717,	
significativo 3 192 3 3306,3493,4067,	
iniciar 1 192 1 708,	
Neuropático 1 192 1 701,	
púrpura 1 192 1 2555,	
Dolor 1 192 1 700,	
séricas 1 192 1 696,	
alteraciones 2 192 2 685,2615,	
antiácidos 2 192 2 1812,1837,	
produzcan 1 192 1 684,	
peso 2 192 2 910,2681,	
antiepilépticos 10 192 10 680,699,1354,1384,1391,1782,1893,1940,2157,2930,	
muertes 1 192 1 2655,	
combinación 2 192 2 677,2302,	
farmacocinéticas 3 192 3 3430,3972,3993,	
usada 1 192 1 675,	
Además 2 192 2 671,2753,	
optimizar 1 192 1 666,	
plasmáticas 11 192 11 662,689,3438,3513,3674,3717,3748,3918,4010,4091,4109,	
Aún 1 192 1 2251,	
concentraciones 15 192 15 661,688,695,3064,3136,3437,3512,3529,3673,3733,3747,3917,4009,4090,4108,	
predecibles 1 192 1 4016,	
monitorizar 1 192 1 659,	
necesario 2 192 2 658,2863,	
No 19 192 19 656,824,1456,1746,1996,2040,2069,2122,2864,2880,3185,3708,3765,4187,4234,4322,4396,4511,4526,	
Pancreatitis 1 192 1 2538,	
dividirse 1 192 1 638,	
clínico 2 192 2 629,3238,	
estudio 9 192 9 628,1475,1670,3237,3401,4369,4380,4392,4439,	
congénitas 2 192 2 1949,2137,	
50 3 192 3 620,3902,4292,	
35 1 192 1 614,	
25 2 192 2 612,4295,	
aproximado 1 192 1 593,	
periodo 1 192 1 592,	
incremento 1 192 1 583,	
alcanza 1 192 1 580,	
efectiva 2 192 2 578,599,	
mg/kg/día 11 192 11 574,615,621,4050,4061,4101,4334,4366,4377,4389,4464,	
15 3 192 3 573,1118,1163,	
10 5 192 5 571,3613,3616,4103,4640,	
inicial 3 192 3 567,726,3419,	
Niños 1 192 1 559,	
convulsiones 5 192 5 558,2447,2741,3214,3235,	
prevenir 1 192 1 556,	
creatinina 6 192 6 1097,1116,1132,1140,1161,3863,	
máximo 3 192 3 550,651,3217,	
intervalo 2 192 2 549,650,	
horas 10 192 10 547,648,1211,1276,1688,1831,3449,3565,3687,3822,	
exceder 2 192 2 544,645,	
debiendo 3 192 3 543,644,1737,	
unitarias 2 192 2 541,642,	
dividir 1 192 1 537,	
diaria 9 192 9 533,635,1076,1126,1152,4258,4300,4314,4340,	
abiertos 1 192 1 527,	
estudios 7 192 7 525,1460,2082,2294,2341,2997,3526,	
722 1 192 1 4626,	
farmacocinéticos 1 192 1 3546,	
toleradas 2 192 2 523,625,	
cromosómicas 1 192 1 4206,	
neural 1 192 1 1934,	
sido 5 192 5 521,623,1182,3053,4406,	
(en 1 192 1 2301,	
han 12 192 12 520,622,1181,1458,1566,2085,2653,2711,2746,2761,3004,4405,	
4800 1 192 1 518,	
retirada 2 192 2 1329,2642,	
Dosis 3 192 3 513,616,1060,	
semanas 4 192 4 499,512,810,823,	
total 7 192 7 496,509,534,636,807,820,1077,	
2400 2 192 2 491,802,	
1800 2 192 2 483,794,	
lenta 2 192 2 469,780,	
realizar 3 192 3 465,776,996,	
adecuado 2 192 2 464,775,	
resultar 2 192 2 463,774,	
pacientes 36 192 36 461,772,898,944,951,986,1003,1020,1041,1091,1111,1135,1156,1167,1173,1229,1336,1356,1394,1440,1450,1465,1479,1496,1506,1535,1723,1776,2265,2688,2811,2867,3394,3729,3824,3879,	
máxima 4 192 4 455,766,3644,4257,	
días 6 192 6 450,596,761,1107,1216,3414,	
2-3 3 192 3 449,760,1908,	
posteriormente 3 192 3 444,755,1198,	
incrementándose 2 192 2 443,754,	
paciente 5 192 5 438,749,863,883,1301,	
tolerabilidad 2 192 2 435,746,	
respuesta 3 192 3 433,744,3119,	
basándose 3 192 3 430,741,2852,	
Por 7 192 7 427,738,1441,1569,1614,1720,1851,	
(TVD) 1 192 1 422,	
mediante 7 192 7 412,581,709,927,1626,2815,4005,	
describe 2 192 2 406,1013,	
titulando 1 192 1 399,	
NA 3 192 3 3632,3633,3706,	
iniciarse 1 192 1 398,	
mg/día 14 192 14 394,447,458,484,492,505,519,730,758,769,795,803,816,4117,	
Se 11 192 11 994,1591,1826,1966,2093,2652,2710,3871,4062,4157,4349,	
3600 9 192 9 393,457,504,768,815,4116,4304,4429,4482,	
900 2 192 2 391,729,	
eficaz 2 192 2 388,1419,	
rango 2 192 2 385,3817,	
clínicos 8 192 8 383,526,850,2295,2342,2750,2757,3527,	
ensayos 5 192 5 382,849,2749,2756,4191,	
Adultos 2 192 2 377,703,	
mínimo 3 192 3 376,477,788,	
semana 3 192 3 374,488,799,	
gradual 1 192 1 368,	
manera 1 192 1 367,	
alternativo 1 192 1 362,	
sustituirlo 1 192 1 358,	
interrumpir 2 192 2 354,1999,	
hemodiálisis 10 192 10 1023,1170,1178,1213,1238,1278,2851,2879,3870,3888,	
reducción 2 192 2 350,1859,	
absoluta 1 192 1 3468,	
necesite 2 192 2 348,864,	
juicio 1 192 1 344,	
Cuando 1 192 1 342,	
- 1 192 1 3447,	
beneficios 2 192 2 1573,2200,	
individual 3 192 3 341,436,747,	
ausencias 2 192 2 1431,1455,	
eficacia 3 192 3 340,829,3537,	
tolerancia 1 192 1 338,	
función 10 192 10 335,965,991,1006,1234,2699,2873,3783,3833,3882,	
dosis 69 192 69 333,353,387,401,440,454,472,481,532,540,554,566,577,598,634,641,655,713,725,751,765,783,792,919,931,941,959,1001,1038,1075,1087,1125,1151,1189,1201,1240,1251,1260,1266,1741,2283,2825,2885,2896,3454,3465,3693,3811,3877,3942,3956,3964,4023,4044,4055,4086,4247,4256,4289,4299,4313,4331,4339,4363,4415,4425,4458,4469,4478,	
determinará 1 192 1 331,	
médico 3 192 3 330,346,876,	
El 6 192 6 329,395,475,786,1896,2934,	
plazo 4 192 4 328,530,632,1547,	
requiere 1 192 1 323,	
normalmente 2 192 2 322,2862,	
epilepsia 8 192 8 321,1778,1888,2039,2059,2147,2300,3731,	
náuseas 2 192 2 2521,2646,	
La 26 192 26 320,531,565,597,633,704,973,1074,1760,1783,1807,1838,2218,2722,2819,3041,3114,3158,3450,3466,3499,3800,3842,3893,3952,3988,	
b 1 192 1 1101,	
tres 5 192 5 315,418,640,733,1082,	
veces 10 192 10 310,316,419,1909,4104,4254,4296,4310,4423,4476,	
día 6 192 6 306,312,318,421,737,1085,	
vez 1 192 1 304,	
Día 4 192 4 295,297,299,425,	
gravedad 1 192 1 2368,	
INICIAL 1 192 1 294,	
DOSIS-TITULACIÓN 1 192 1 293,	
acciones 1 192 1 3194,	
DE 10 192 10 292,1048,2920,4583,4586,4608,4611,4629,4633,4642,	
DIAGRAMA 1 192 1 291,	
alternos 1 192 1 1108,	
Tabla 8 192 8 289,409,719,971,1016,1045,1255,3540,	
diferenciado 1 192 1 283,	
regiones 1 192 1 3182,	
epígrafe 1 192 1 282,	
reacción 1 192 1 2345,	
recogidas 1 192 1 279,	
encuentran 1 192 1 278,	
indican 1 192 1 1522,	
menores 2 192 2 273,932,	
dosificación 1 192 1 270,	
pautas 1 192 1 268,	
indujo 2 192 2 4203,4219,	
Las 7 192 7 267,1024,1086,2288,2359,4008,4089,	
recomienda 7 192 7 256,995,1187,1264,1618,1827,3872,	
indicaciones 2 192 2 253,896,	
inicio 2 192 2 246,1655,	
titulación 5 192 5 243,467,586,710,778,	
esquema 1 192 1 241,	
adjunta 1 192 1 239,	
tabla 2 192 2 236,3339,	
En 17 192 17 234,380,459,770,858,897,1110,1214,1473,1668,2339,3203,3538,3728,3823,3914,4437,	
nacimiento 1 192 1 1903,	
agua) 1 192 1 233,	
vaso 1 192 1 231,	
ejemplo 5 192 5 229,907,1134,2411,2474,	
(por 4 192 4 228,1133,2410,2473,	
líquido 2 192 2 227,3737,	
suficiente 1 192 1 225,	
ingesta 1 192 1 224,	
entero 1 192 1 221,	
tragarse 1 192 1 220,	
debe 14 192 14 219,364,397,536,568,637,877,1078,1223,1245,1308,1445,1998,2180,	
Período 1 192 1 4515,	
alcanzar 9 192 9 452,479,490,502,763,790,801,813,3653,	
alimentos 2 192 2 217,3481,	
hámsters 1 192 1 4229,	
administrar 2 192 2 213,1691,	
conjuntivo 1 192 1 2583,	
oral 3 192 3 209,2886,3435,	
Vía 1 192 1 208,	
efecto 4 192 4 2176,3301,3491,4326,	
administración 10 192 10 207,414,1835,1848,2620,3159,3434,3508,3562,3705,	
forma 3 192 3 205,722,3174,	
Posología 1 192 1 203,	
post-herpética 2 192 2 198,847,	
Palpitaciones 1 192 1 2500,	
administrada 2 192 2 1717,4259,	
neuralgia 2 192 2 197,846,	
dolorosa 1 192 1 194,	
diabética 2 192 2 193,843,	
neuropatía 2 192 2 192,842,	
periférico 8 192 8 178,188,702,838,869,977,1486,2627,	
neuropático 6 192 6 177,187,837,868,1482,2308,	
dolor 11 192 11 176,186,836,867,1481,2307,2453,2526,2587,2633,2649,	
Tratamiento 1 192 1 174,	
12 8 192 8 170,263,275,546,647,3261,3372,3912,	
adolescentes 4 192 4 167,260,379,1563,	
monoterapia 4 192 4 152,1406,1952,1961,	
1) 1 192 1 147,	
5 18 192 18 146,854,873,1143,1657,2091,2917,2923,3427,3591,3610,3625,3819,3926,4025,4253,4422,4534,	
apartado 6 192 6 145,1315,1344,2090,2732,3890,	
(ver 7 192 7 144,970,1314,1343,2089,2731,3889,	
adelante 7 192 7 143,173,266,285,564,609,1472,	
años 15 192 15 141,171,264,276,562,607,1468,1501,3262,3361,3373,3913,3927,4034,4519,	
niños 10 192 10 137,272,603,1561,1912,2035,2752,2759,3898,3922,	
adultos 5 192 5 135,165,200,258,3936,	
secundaria 2 192 2 133,163,	
generalización 2 192 2 132,162,	
o 30 192 30 130,160,215,357,411,692,933,1286,1370,1640,1647,1758,1816,1979,2061,2233,2254,2268,2303,2465,2533,2628,2915,3094,3315,3536,3885,4199,4242,4286,	
parciales 3 192 3 128,158,3247,	
crisis 11 192 11 127,157,1323,1369,1377,1425,1437,1452,2011,3246,3406,	
tratamiento 18 192 18 125,155,184,356,396,834,865,1397,1422,1988,2002,2063,2277,2669,2719,2816,3244,3348,	
excitación 1 192 1 2916,	
combinada 2 192 2 122,3241,	
biodisponibilidad 5 192 5 1820,3451,3467,3953,3981,	
terapia 10 192 10 121,249,325,668,705,890,1542,1576,1936,3240,	
indicada 4 192 4 119,150,181,2877,	
está 8 192 8 118,149,180,2128,2729,2945,3754,4002,	
Gabapentina 22 192 22 117,148,179,210,1415,2100,2165,2190,2235,2944,3062,3096,3147,3355,3711,3753,3775,3792,3864,4182,4201,4268,	
Epilepsia 2 192 2 116,319,	
terapéuticas 2 192 2 115,3065,	
Indicaciones 1 192 1 114,	
/ 1 192 1 4544,	
	4 1 192 1 112,	
CLÍNICOS 1 192 1 111,	
DATOS 2 192 2 110,4491,	
4 20 192 20 109,201,1210,1275,1279,1291,1292,1316,1345,1656,1879,2206,2284,2733,2768,3588,3628,3638,3891,4521,	
blanco 1 192 1 108,	
rosa 1 192 1 95,	
color 2 192 2 94,107,	
dura 2 192 2 92,105,	
gelatina 2 192 2 91,104,	
Cápsulas 1 192 1 81,	
FARMACÉUTICA 1 192 1 79,	
FORMA 1 192 1 78,	
3 13 192 13 77,300,511,539,595,822,1280,3258,3448,3541,3548,4026,4514,	
6 16 192 16 75,140,561,606,1880,3360,3370,3606,3617,4490,4508,4513,4520,4533,4573,4574,	
sección 2 192 2 74,288,	
ver 1 192 1 73,	
excipientes 3 192 3 72,1290,4497,	
completa 1 192 1 70,	
lista 2 192 2 69,2313,	
Para 3 192 3 67,1171,1227,	
gabapentina 68 192 68 53,66,474,601,664,670,672,691,785,1030,1185,1226,1244,1304,1313,1327,1359,1408,1444,1463,1544,1698,1711,1716,1743,1752,1763,1786,1810,1822,1829,1842,1865,2068,2077,2127,2186,2221,2671,2721,2727,2774,2823,2847,2889,2940,3002,3036,3061,3115,3161,3196,3206,3283,3441,3457,3498,3502,3515,3735,3771,3806,3841,3849,3896,3920,3959,4037,	
contiene 3 192 3 49,62,4500,	
cápsula 5 192 5 48,61,1678,1693,4499,	
Cada 3 192 3 47,60,4498,	
	 4 192 4 40,80,4588,4649,	
CUANTITATIVA 1 192 1 39,	
Y 1 192 1 38,	
CUALITATIVA 1 192 1 37,	
COMPOSICIÓN 1 192 1 36,	
2 19 192 19 35,202,298,498,809,1017,1046,1256,1687,3428,3446,3519,3599,3602,3611,3635,4033,4509,4518,	
400 7 192 7 30,56,63,98,1195,4563,4622,	
EFG 2 192 2 27,34,	
	GABAPENTINA 1 192 1 21,	
MEDICAMENTO 2 192 2 20,2922,	
DEL 2 192 2 19,4644,	
NOMBRE 1 192 1 18,	
atención 1 192 1 2182,	
1 15 192 15 17,76,113,237,290,296,410,426,720,2924,3603,3605,3909,4420,4494,	
información 1 192 1 14,	
mg/ 4 192 4 4320,4347,4435,4488,	
Toda 1 192 1 12,	
(N=12) 1 192 1 1674,	
medicamento 4 192 4 11,16,361,1918,	
Basica 1 192 1 9,	
ptosis 1 192 1 2913,	
	Información 1 192 1 8,	
eliminada 1 192 1 3694,	
causalidad 1 192 1 2725,	
500 5 192 5 6,4333,4385,4559,4571,	
duras 9 192 9 5,26,33,46,59,82,88,101,4655,	
cápsulas 20 192 20 4,7,25,32,45,58,87,89,100,102,1025,3471,4552,4560,4565,4572,4617,4624,4654,4657,	
mg 29 192 29 3,24,31,44,51,57,64,86,99,302,308,314,417,1028,1105,1196,1206,1271,1683,1696,3474,4305,4430,4483,4551,4564,4616,4623,4653,	
300 20 192 20 2,23,43,50,85,301,307,313,416,446,757,1104,1193,1205,1270,3473,4461,4550,4615,4652,	
BEXAL 13 192 13 1,22,29,42,55,84,97,4549,4562,4589,4614,4621,4651,	
relacionados 2 192 2 2250,3028,	
GABAPENTINA 12 192 12 0,28,41,54,83,96,1049,4548,4561,4613,4620,4650,	
