	Prospectos 1 223 1 9584,	
cond 1 223 1 9583,	
29 1 223 1 9483,	
debajo 1 223 1 9050,	
hemodiálisis 1 223 1 9035,	
realizarse 1 223 1 9030,	
regularidad 1 223 1 9028,	
estándar 1 223 1 9014,	
médicas 1 223 1 9013,	
prácticas 1 223 1 9012,	
Pauta 1 223 1 8940,	
(40 1 223 1 8920,	
Pacientes 1 223 1 8910,	
prediálisis 2 223 2 8864,8913,	
40 2 223 2 8750,8779,	
EU/1/01/183/028 1 223 1 8712,	
EU/1/01/183/027 1 223 1 8711,	
EU/1/01/183/026 1 223 1 8710,	
EU/1/01/183/013 1 223 1 8709,	
EU/1/01/183/011 1 223 1 8708,	
óseos 1 223 1 7968,	
22 1 223 1 6876,	
EU/1/01/183/008 1 223 1 6558,	
EU/1/01/183/007 1 223 1 6557,	
sodiosódico 1 223 1 6428,	
535-793 2 223 2 6152,8219,	
geométricas 2 223 2 6142,8209,	
medias 2 223 2 6141,8208,	
rango 2 223 2 6138,8205,	
6-97 2 223 2 6126,8193,	
disminuyen 1 223 1 9048,	
95 2 223 2 6125,8192,	
realizados 2 223 2 6117,8184,	
" 2 223 2 5971,8038,	
18 1 223 1 5759,	
maquinaria 2 223 2 5721,7788,	
afectar 2 223 2 5714,7781,	
adversas"" 2 223 2 5712,7779,	
""Reacciones 2 223 2 5711,7778,	
escasos 2 223 2 5706,7773,	
contraindicación 3 223 3 5672,7739,9559,	
materna; 3 223 3 5666,7733,9553,	
evaluado 3 223 3 5652,7719,9539,	
embarazadas 3 223 3 5648,7715,9535,	
mujeres 3 223 3 5647,7714,9534,	
prescripción 3 223 3 5645,7712,9532,	
prestarse 3 223 3 5641,7708,9528,	
Debería 3 223 3 5640,7707,9527,	
únicamente 4 223 4 5628,7103,7695,9515,	
embarazo 3 223 3 5627,7694,9514,	
feto 6 223 6 5620,5639,7687,7706,9507,9526,	
daños 3 223 3 5617,7684,9504,	
produzcan 3 223 3 5616,7683,9503,	
espera 3 223 3 5613,7680,9500,	
inactivados 3 223 3 5610,7677,9497,	
embarazos 3 223 3 5586,7653,9472,	
dispone 3 223 3 5581,7648,9467,	
sub-óptima 2 223 2 5422,7489,	
seroprotección 2 223 2 5395,7462,	
obtener 2 223 2 5393,7460,	
serológicos 2 223 2 5383,7450,	
realización 2 223 2 5380,7447,	
crónicas 2 223 2 5375,7442,	
subyacentes 2 223 2 5374,7441,	
enfermedades 2 223 2 5373,7440,	
fumar 2 223 2 5367,7434,	
obesidad 2 223 2 5366,7433,	
masculino 2 223 2 5365,7432,	
sexo 2 223 2 5364,7431,	
avanzada 2 223 2 5363,7430,	
Estos 2 223 2 5359,7426,	
inmune 2 223 2 5352,7419,	
reducen 2 223 2 5349,7416,	
factores 4 223 4 5347,5360,7414,7427,	
número 2 223 2 5345,7412,	
observado 2 223 2 5343,7410,	
Adultos 2 223 2 4725,6790,	
mayores) 4 223 4 4653,4733,6718,6798,	
edad 6 223 6 4651,4731,5362,6716,6796,7429,	
(16 4 223 4 4648,4728,6713,6793,	
	"4 2 223 2 4615,6680,	
EU/1/01/183/025 1 223 1 4497,	
EU/1/01/183/024 1 223 1 4495,	
EU/1/01/183/023 1 223 1 4494,	
EU/1/01/183/022 1 223 1 4493,	
EU/1/01/183/021 1 223 1 4492,	
EU/1/01/183/020 1 223 1 4491,	
EU/1/01/183/005 1 223 1 4490,	
EU/1/01/183/004 1 223 1 4489,	
ajustada 2 223 2 4435,8654,	
totalmente 2 223 2 4434,8653,	
esté 2 223 2 4433,8652,	
reloj 2 223 2 4430,8649,	
sentido 2 223 2 4425,8644,	
girándola 2 223 2 4422,8641,	
fijar 2 223 2 4419,8638,	
Sujetar 2 223 2 4412,8631,	
separadas 1 223 1 4379,	
20 1 223 1 4340,	
(clorobutilo) 6 223 6 4335,4360,4383,8558,8580,8602,	
émbolo 6 223 6 4334,4359,4382,8557,8579,8601,	
	6 3 223 3 4262,6419,8486,	
cardíacos 3 223 3 3577,5841,7907,	
11 1 223 1 3456,	
precargada 10 223 10 2267,2339,4327,4349,4372,6601,6672,8550,8569,8591,	
TEXTO 4 223 4 2253,4528,6589,8744,	
04/08/2006 4 223 4 2246,4521,6582,8737,	
renovación 4 223 4 2242,4517,6578,8733,	
27/04/2001 4 223 4 2237,4512,6573,8728,	
autorización 8 223 8 2236,2245,4511,4520,6572,6581,8727,8736,	
Fecha 8 223 8 2232,2238,4507,4513,6568,6574,8723,8729,	
AUTORIZACIÓN/RENOVACIÓN 4 223 4 2228,4503,6564,8719,	
PRIMERA 4 223 4 2227,4502,6563,8718,	
FECHA 8 223 8 2224,2248,4499,4523,6560,6584,8715,8739,	
EU/1/01/183/019 1 223 1 2222,	
EU/1/01/183/018 1 223 1 2221,	
EU/1/01/183/001 1 223 1 2220,	
Francia 4 223 4 2213,4482,6550,8701,	
Lyon 4 223 4 2212,4481,6549,8700,	
F-69007 4 223 4 2211,4480,6548,8699,	
Salk 4 223 4 2210,4479,6547,8698,	
microgramos/ml 3 223 3 4535,6596,8751,	
Jonas 4 223 4 2209,4478,6546,8697,	
SNC 4 223 4 2206,4475,6543,8694,	
MSD 4 223 4 2205,4474,6542,8693,	
PASTEUR 4 223 4 2204,4473,6541,8692,	
	SANOFI 4 223 4 2203,4472,6540,8691,	
COMERCIALIZACIÓN 8 223 8 2202,2219,4471,4488,6539,6556,8690,8707,	
AUTORIZACIÓN 12 223 12 2200,2217,2231,4469,4486,4506,6537,6554,6567,8688,8705,8722,	
LA 16 223 16 2199,2226,2230,2250,4468,4501,4505,4525,6536,6562,6566,6586,8687,8717,8721,8741,	
Aquellas 2 223 2 4822,6888,	
TITULAR 4 223 4 2197,4466,6534,8685,	
normativa 4 223 4 2194,4463,6531,8682,	
realizará 4 223 4 2189,4458,6526,8677,	
contacto 4 223 4 2185,4454,6522,8673,	
utilizado 4 223 4 2175,4444,6512,8663,	
utilizarse 3 223 3 5624,7691,9511,	
desechará 1 223 1 2169,	
inmediatamente 1 223 1 2164,	
50 4 223 4 4341,4574,6638,8790,	
administrará 1 223 1 2163,	
extraída 1 223 1 2161,	
perforado 1 223 1 2156,	
haya 1 223 1 2155,	
agitar 4 223 4 2147,4408,6503,8627,	
Antes 4 223 4 2142,4403,6498,8622,	
eliminación 8 223 8 2141,2171,4402,4440,6497,6508,8621,8659,	
envases 3 223 3 2135,4396,8615,	
tamaños 3 223 3 2133,4394,8613,	
comercializados 3 223 3 2131,4392,8611,	
estén 3 223 3 2130,4391,8610,	
estéril 1 223 1 2121,	
vacía 1 223 1 2119,	
jeringa 15 223 15 2116,2266,2338,4326,4348,4371,4417,4438,6600,6671,8549,8568,8590,8636,8657,	
Envase 9 223 9 2100,2124,4336,4361,4384,6487,8559,8581,8603,	
I) 9 223 9 2099,2113,4330,4352,4375,6486,8553,8572,8594,	
Tipo 9 223 9 2098,2112,4329,4351,4374,6485,8552,8571,8593,	
(vidrio 9 223 9 2097,2111,4328,4350,4373,6484,8551,8570,8592,	
vial 7 223 7 2096,2110,2158,2167,4607,6483,8823,	
suspensión 9 223 9 2094,2108,4324,4346,4369,6481,8547,8566,8588,	
envase 4 223 4 2089,4319,6477,8543,	
contenido 4 223 4 2087,4317,6475,8541,	
Naturaleza 4 223 4 2085,4315,6473,8539,	
congelar 4 223 4 2082,4312,6470,8536,	
8ºC) 4 223 4 2080,4310,6468,8534,	
(entre 4 223 4 2077,4307,6465,8531,	
nevera 4 223 4 2076,4306,6464,8530,	
Conservar 4 223 4 2074,4304,6462,8528,	
conservación 4 223 4 2073,4303,6461,8527,	
Precauciones 8 223 8 2070,2138,4300,4399,6458,6494,8524,8618,	
validez 4 223 4 2065,4295,6453,8519,	
14 1 223 1 4496,	
Periodo 4 223 4 2063,4293,6451,8517,	
mezclarse 4 223 4 2058,4288,6446,8512,	
compatibilidad 4 223 4 2053,4283,6441,8507,	
agua 4 223 4 2042,4272,6430,8496,	
borato 4 223 4 2039,4269,6426,8493,	
sódico 7 223 7 2038,2040,4268,4270,6425,8492,8494,	
Cloruro 4 223 4 2037,4267,6424,8491,	
Lista 4 223 4 2034,4264,6421,8488,	
	 1 223 1 2030,	
FARMACÉUTICOS 4 223 4 2029,4261,6418,8485,	
animal 4 223 4 2026,4258,6415,8482,	
reproducción 4 223 4 2025,4257,6414,8481,	
realizado 7 223 7 2022,4254,5687,6411,7754,8478,9574,	
preclínicos 4 223 4 2016,4248,6405,8472,	
Datos 4 223 4 2015,4247,6404,8471,	
farmacocinéticas 4 223 4 2010,4242,6399,8466,	
primario 4 223 4 2006,4238,6395,8462,	
hepático 4 223 4 2005,4237,6394,8461,	
cáncer 4 223 4 2004,4236,6393,8460,	
antineoplásica 4 223 4 2000,4232,6389,8456,	
reconocida 4 223 4 1995,4227,6384,8451,	
causados 4 223 4 1978,4210,6367,8434,	
están 4 223 4 1977,4209,6366,8433,	
hepatocelulares 4 223 4 1976,4208,6365,8432,	
carcinomas 4 223 4 1975,4207,6364,8431,	
80 4 223 4 1971,4203,6360,8427,	
vinculación 4 223 4 1957,4189,6346,8413,	
conectivo 1 223 1 7966,	
estudios 15 223 15 1953,2023,2051,4185,4255,4281,5688,6342,6412,6439,7755,8409,8479,8505,9575,	
complicación 4 223 4 1940,4172,6329,8396,	
Hepatocelular 4 223 4 1934,4166,6323,8390,	
Carcinoma 4 223 4 1933,4165,6322,8389,	
Disminución 4 223 4 1929,4161,6318,8385,	
requiere 4 223 4 1920,4152,6309,8376,	
aún 4 223 4 1906,4138,6295,8362,	
definido 4 223 4 1905,4137,6294,8361,	
sucede 4 223 4 1873,4105,6262,8329,	
inducida 4 223 4 1846,4078,6235,8302,	
inmunológica 4 223 4 1833,4065,6222,8289,	
memoria 4 223 4 1832,4064,6221,8288,	
persistencia 4 223 4 1830,4062,6219,8286,	
2ºC 4 223 4 2078,4308,6466,8532,	
Además 4 223 4 1825,4057,6214,8281,	
manifiesto 4 223 4 1824,4056,6213,8280,	
clínicamente 4 223 4 1823,4055,6212,8279,	
ningún 4 223 4 1818,4050,6207,8274,	
mostró 4 223 4 1817,4049,6206,8273,	
derivada 4 223 4 1813,4045,6202,8269,	
similar 4 223 4 1812,4044,6201,8268,	
administrado 4 223 4 1809,4041,6198,8265,	
había 4 223 4 1808,4040,6197,8264,	
000 4 223 4 1799,4031,6188,8255,	
aproximadamente 4 223 4 1797,4029,6186,8253,	
seguimiento 4 223 4 1790,4022,6179,8246,	
duración 8 223 8 1769,1886,4001,4118,6158,6275,8225,8342,	
desconoce 8 223 8 1767,1881,3999,4113,6156,6270,8223,8337,	
Aunque 4 223 4 1765,3997,6154,8221,	
tratados 2 223 2 1764,3996,	
históricos 2 223 2 1762,3994,	
controles 2 223 2 1761,3993,	
tasa 2 223 2 1757,3989,	
comparada 2 223 2 1754,3986,	
95% 2 223 2 1753,3985,	
EU/1/01/183/029 1 223 1 8713,	
crónica 6 223 6 1750,1964,3982,4196,6353,8420,	
prevención 2 223 2 1744,3976,	
estimada 2 223 2 1742,3974,	
bebés 2 223 2 1738,3970,	
130 2 223 2 1737,3969,	
Entre 2 223 2 1736,3968,	
(HBeAg) 2 223 2 1735,3967,	
e 2 223 2 1728,3960,	
(HBsAg) 9 223 9 1724,1845,3956,4077,5600,6234,7667,8301,9487,	
positivas 2 223 2 1713,3945,	
neonatos 2 223 2 1709,3941,	
seguida 2 223 2 1690,3922,	
eficacia 4 223 4 1678,1741,3910,3973,	
demostrado 10 223 10 1676,1828,1955,3908,4060,4187,6217,6344,8284,8411,	
respectivamente 2 223 2 1673,3905,	
297 2 223 2 1671,3903,	
214 2 223 2 1669,3901,	
geométrica 2 223 2 1664,3896,	
media 2 223 2 1663,3895,	
Incompatibilidades 4 223 4 2047,4277,6435,8501,	
2% 2 223 2 1660,3892,	
5% 4 223 4 1656,3888,6127,8194,	
97 4 223 4 1655,1659,3887,3891,	
protectores 4 223 4 1650,3882,6133,8200,	
niveles 5 223 5 1649,3881,6132,8199,9045,	
proporción 2 223 2 1645,3877,	
concomitantes 2 223 2 1643,3875,	
UI/l) 4 223 4 1629,3861,6112,8179,	
(> 4 223 4 1627,3859,6110,8177,	
protector 12 223 12 1613,1772,1889,3845,4004,4121,6096,6161,6278,8163,8228,8345,	
desarrollaron 6 223 6 1610,3842,6093,6131,8160,8198,	
Merck 14 223 14 1609,1707,1783,1871,3841,3939,4015,4103,6092,6172,6260,8159,8239,8327,	
previa 14 223 14 1602,1700,1776,1864,3834,3932,4008,4096,6085,6165,6253,8152,8232,8320,	
formulación 14 223 14 1601,1699,1775,1863,3833,3931,4007,4095,6084,6164,6252,8151,8231,8319,	
administró 4 223 4 1593,3825,6076,8143,	
sanos 8 223 8 1588,1892,3820,4124,6071,6281,8138,8348,	
1497 4 223 4 1581,3813,6064,8131,	
96 4 223 4 1578,3810,6061,8128,	
ensayos 10 223 10 1575,1632,3807,3864,6058,6115,6148,8125,8182,8215,	
correlaciona 4 223 4 1559,3791,6042,8109,	
última 8 223 8 1556,2241,3788,4516,6039,6577,8106,8732,	
medidos 4 223 4 1548,3780,6031,8098,	
superior 4 223 4 1544,3776,6027,8094,	
igual 4 223 4 1542,3774,6025,8092,	
título 4 223 4 1527,3759,6010,8077,	
desarrollo 4 223 4 1524,3756,6007,8074,	
induce 4 223 4 1507,3739,5990,8057,	
J07BC01 4 223 4 1504,3736,5987,8054,	
ATC 4 223 4 1503,3735,5986,8053,	
código 4 223 4 1502,3734,5985,8052,	
antiinfecciosos 4 223 4 1501,3733,5984,8051,	
farmacodinámicas 4 223 4 1498,3730,5981,8048,	
Propiedades 8 223 8 1497,2009,3729,4241,5980,6398,8047,8465,	
	5 4 223 4 1495,3727,5978,8045,	
ESTE 4 223 4 1493,3725,5976,8043,	
FARMACOLÓGICAS 4 223 4 1491,3723,5974,8041,	
PROPIEDADES 4 223 4 1490,3722,5973,8040,	
sobredosis 4 223 4 1487,3720,5970,8037,	
notificado 4 223 4 1484,3717,5967,8034,	
Sobredosis 4 223 4 1480,3712,5963,8030,	
9 12 223 12 1479,1794,2223,3711,4026,4498,5962,6183,6559,8029,8250,8714,	
hepáticas 4 223 4 1477,3709,5960,8027,	
REVISIÓN 4 223 4 2251,4526,6587,8742,	
complementarias 4 223 4 1467,3699,5950,8017,	
Exploraciones 4 223 4 1466,3698,5949,8016,	
gripal 4 223 4 1465,3697,5948,8015,	
síntomas 4 223 4 1462,3694,5945,8012,	
malestar 4 223 4 1461,3693,5944,8011,	
fiebre 4 223 4 1460,3692,5943,8010,	
Fatiga 4 223 4 1459,3691,5942,8009,	
transitorio 4 223 4 1451,3683,5934,8001,	
inyección) 4 223 4 1449,3681,5932,7999,	
<1/10) 4 223 4 1442,3674,5925,7992,	
(>1/100 4 223 4 1441,3673,5924,7991,	
Frecuentes 4 223 4 1440,3672,5923,7990,	
lugar 8 223 8 1436,1447,3669,3679,5920,5930,7987,7997,	
alteraciones 4 223 4 1433,3666,5917,7984,	
generales 4 223 4 1431,3664,5915,7982,	
extremidad 4 223 4 1429,3662,5913,7980,	
mialgia 4 223 4 1425,3658,5909,7976,	
artritis 4 223 4 1424,3657,5908,7975,	
Artralgia 4 223 4 1423,3656,5907,7974,	
conjuntivo 3 223 3 1417,3650,5901,	
musculoesqueléticos 4 223 4 1413,3646,5897,7963,	
eczema 4 223 4 1411,3644,5895,7961,	
angioedema 4 223 4 1410,3643,5894,7960,	
multiforme 4 223 4 1409,3642,5893,7959,	
eritema 8 223 8 1408,1452,3641,3684,5892,5935,7958,8002,	
urticaria 4 223 4 1407,3640,5891,7957,	
enzimas 4 223 4 1476,3708,5959,8026,	
prurito 4 223 4 1406,3639,5890,7956,	
alopecia 4 223 4 1405,3638,5889,7955,	
Erupción 4 223 4 1404,3637,5888,7954,	
subcutáneo 4 223 4 1398,3631,5882,7948,	
piel 4 223 4 1394,3627,5878,7944,	
abdominal 4 223 4 1390,3623,5874,7940,	
diarrea 4 223 4 1388,3621,5872,7938,	
Vómitos 4 223 4 1386,3619,5870,7936,	
gastrointestinales 4 223 4 1380,3613,5864,7930,	
4) 2 223 2 1378,3611,	
apartado 4 223 4 1376,3609,5710,7777,	
(ver 2 223 2 1375,3608,	
broncoespasmo 4 223 4 1365,3598,5862,7928,	
tipo 8 223 8 1364,1464,3597,3696,5861,5947,7927,8014,	
Síntomas 4 223 4 1362,3595,5859,7925,	
mediastínicos 4 223 4 1356,3589,5853,7919,	
torácicos 4 223 4 1354,3587,5851,7917,	
respiratorios 4 223 4 1353,3586,5850,7916,	
vasculitis 4 223 4 1351,3584,5848,7914,	
NÚMERO(S) 4 223 4 2215,4484,6552,8703,	
Hipotensión 4 223 4 1350,3583,5847,7913,	
vasculares 1 223 1 1344,	
síncope 4 223 4 1342,3575,5839,7905,	
mencionados 2 223 2 5707,7774,	
mareo 4 223 4 1341,3574,5838,7904,	
cefalea 4 223 4 1340,3573,5837,7903,	
ataques 4 223 4 1339,3572,5836,7902,	
múltiple 8 223 8 1336,1338,3569,3571,5833,5835,7899,7901,	
esclerosis 8 223 8 1335,1337,3568,3570,5832,5834,7898,7900,	
exacerbación 4 223 4 1333,3566,5830,7896,	
central 4 223 4 1332,3565,5829,7895,	
desmielinización 4 223 4 1328,3561,5825,7891,	
enfermedad 4 223 4 1326,3559,5823,7889,	
encefalitis 4 223 4 1325,3558,5822,7888,	
transversa) 4 223 4 1324,3557,5821,7887,	
mielitis 8 223 8 1320,1323,3553,3556,5817,5820,7883,7886,	
óptica 4 223 4 1319,3552,5816,7882,	
Guillain-Barré 4 223 4 1317,3550,5814,7880,	
síndrome 4 223 4 1315,3548,5812,7878,	
(incluyendo 4 223 4 1313,3546,5810,7876,	
neuritis 8 223 8 1312,1318,3545,3551,5809,5815,7875,7881,	
facial) 4 223 4 1311,3544,5808,7874,	
(poliradiculoneuritis 4 223 4 1309,3542,5806,7872,	
periféricas 4 223 4 1308,3541,5805,7871,	
neuropatías 4 223 4 1307,3540,5804,7870,	
(parálisis 4 223 4 1304,3537,5801,7867,	
Parestesia 4 223 4 1302,3535,5799,7865,	
nervioso 8 223 8 1296,1331,3529,3564,5793,5828,7859,7894,	
nodosa 4 223 4 1292,3525,5789,7855,	
poliarteritis 4 223 4 1291,3524,5788,7854,	
suero 4 223 4 1289,3522,5786,7852,	
inmunológico 4 223 4 1281,3514,5778,7844,	
linfadenopatía 4 223 4 1277,3510,5774,7840,	
Trombocitopenia 4 223 4 1276,3509,5773,7839,	
000) 40 223 40 1275,1286,1301,1349,1361,1385,1403,1422,1458,1472,3508,3519,3534,3582,3594,3618,3636,3655,3690,3704,5772,5783,5798,5846,5858,5869,5887,5906,5941,5955,7838,7849,7864,7912,7924,7935,7953,7973,8008,8022,	
1/10 40 223 40 1274,1285,1300,1348,1360,1384,1402,1421,1457,1471,3507,3518,3533,3581,3593,3617,3635,3654,3689,3703,5771,5782,5797,5845,5857,5868,5886,5905,5940,5954,7837,7848,7863,7911,7923,7934,7952,7972,8007,8021,	
(< 40 223 40 1273,1284,1299,1347,1359,1383,1401,1420,1456,1470,3506,3517,3532,3580,3592,3616,3634,3653,3688,3702,5770,5781,5796,5844,5856,5867,5885,5904,5939,5953,7836,7847,7862,7910,7922,7933,7951,7971,8006,8020,	
raras 40 223 40 1272,1283,1298,1346,1358,1382,1400,1419,1455,1469,3505,3516,3531,3579,3591,3615,3633,3652,3687,3701,5769,5780,5795,5843,5855,5866,5884,5903,5938,5952,7835,7846,7861,7909,7921,7932,7950,7970,8005,8019,	
Muy 40 223 40 1271,1282,1297,1345,1357,1381,1399,1418,1454,1468,3504,3515,3530,3578,3590,3614,3632,3651,3686,3700,5768,5779,5794,5842,5854,5865,5883,5902,5937,5951,7834,7845,7860,7908,7920,7931,7949,7969,8004,8018,	
linfático 4 223 4 1270,3503,5767,7833,	
sangre 4 223 4 1266,3499,5763,7829,	
Trastornos 36 223 36 1263,1278,1293,1343,1352,1379,1391,1412,1430,3496,3511,3526,3576,3585,3612,3624,3645,3663,5760,5775,5790,5840,5849,5863,5875,5896,5914,7826,7841,7856,7906,7915,7929,7941,7962,7981,	
causal 4 223 4 1259,3492,5755,7822,	
indeseables 4 223 4 1243,3476,5739,7806,	
efectos 9 223 9 1242,3475,5691,5705,5738,7758,7772,7805,9578,	
siguientes 4 223 4 1241,3474,5737,7804,	
informado 4 223 4 1239,3472,5735,7802,	
amplio 4 223 4 1232,3465,5728,7795,	
Tras 4 223 4 1230,3463,5726,7793,	
Reacciones 8 223 8 1228,1443,3461,3675,5724,5926,7791,7993,	
8 12 223 12 1227,2207,2214,3460,4476,4483,5723,6544,6551,7790,8695,8702,	
máquinas 7 223 7 1222,3455,5683,5699,7750,7766,9570,	
utilizar 7 223 7 1221,3454,5682,5698,7749,7765,9569,	
anafilaxia 4 223 4 1290,3523,5787,7853,	
conducir 9 223 9 1219,3452,5680,5696,5718,7747,7763,7785,9567,	
capacidad 10 223 10 1217,3450,5678,5694,5716,7745,7761,7783,9565,9581,	
Efectos 5 223 5 1214,3447,5675,7742,9562,	
cuerpo 2 223 2 4414,8633,	
procede 8 223 8 1211,1224,2012,3444,3458,4244,6401,8468,	
Embarazo 5 223 5 1207,3440,5576,7643,9462,	
Puede 3 223 3 2127,4388,8607,	
estudiada 2 223 2 1204,3437,	
suficientemente 2 223 2 1203,3436,	
sido 6 223 6 1202,1994,3435,4226,6383,8450,	
ciclos 2 223 2 1187,3420,	
usando 4 223 4 1185,1636,3418,3868,	
administrada 2 223 2 1177,3410,	
(PREVENAR) 2 223 2 1176,3409,	
neumococo 2 223 2 1175,3408,	
conjugada 2 223 2 1173,3406,	
De 1 223 1 9008,	
jeringas 5 223 5 1165,3398,5572,7639,9458,	
utilizando 5 223 5 1160,3393,5567,7634,9453,	
concomitante 7 223 7 1156,1169,3389,3402,5563,7630,9449,	
previamente 5 223 5 1150,3383,5557,7624,9443,	
hayan 9 223 9 1148,2182,3381,4451,5555,6519,7622,8670,9441,	
completar 5 223 5 1134,3367,5541,7608,9427,	
separada 3 223 3 4356,8576,8598,	
lugares 10 223 10 1128,1161,3361,3394,5535,5568,7602,7635,9421,9454,	
interacción 5 223 5 1116,3349,5523,7590,9409,	
formas 5 223 5 1114,3347,5521,7588,9407,	
medicamentos 6 223 6 1111,3344,5518,7585,9404,9586,	
induración 4 223 4 1453,3685,5936,8003,	
Interacción 5 223 5 1107,3340,5514,7581,9400,	
dolor 12 223 12 1389,1426,1450,3622,3659,3682,5873,5910,5933,7939,7977,8000,	
retrasar 2 223 2 1104,3337,	
impedir 2 223 2 1102,3335,	
beneficio 5 223 5 1086,3319,5632,7699,9519,	
horas 2 223 2 1083,3316,	
48-72 2 223 2 1082,3315,	
monitorización 2 223 2 1079,3312,	
apnea 4 223 4 1074,1366,3307,3599,	
respiratoria 4 223 4 1065,1080,3298,3313,	
inmadurez 2 223 2 1064,3297,	
previo 2 223 2 1062,3295,	
historial 2 223 2 1061,3294,	
aquéllos 2 223 2 1058,3291,	
especialmente 2 223 2 1056,3289,	
gestación 4 223 4 1054,1374,3287,3607,	
semanas 4 223 4 1052,1372,3285,3605,	
28 4 223 4 1051,1371,3284,3604,	
prematuros 4 223 4 1049,1369,3282,3602,	
serie 2 223 2 1043,3276,	
sensibilización 5 223 5 1038,3271,5511,7578,9397,	
Bell) 4 223 4 1306,3539,5803,7869,	
producir 5 223 5 1035,3268,5508,7575,9394,	
Por 5 223 5 1031,3264,5504,7571,9390,	
fabricación 5 223 5 1030,3263,5503,7570,9389,	
proceso 5 223 5 1028,3261,5501,7568,9387,	
durante 14 223 14 1026,1081,1791,3259,3314,4023,5499,5625,6180,7566,7692,8247,9385,9512,	
utilizan 5 223 5 1025,3258,5498,7565,9384,	
potásico 5 223 5 1021,3254,5494,7561,9380,	
protectora 2 223 2 1679,3911,	
tiocianato 5 223 5 1020,3253,5493,7560,9379,	
formaldehído 5 223 5 1018,3251,5491,7558,9377,	
trazas 5 223 5 1016,3249,5489,7556,9375,	
contener 5 223 5 1015,3248,5488,7555,9374,	
anafiláctica 5 223 5 1005,3238,5478,7545,9364,	
reacción 5 223 5 1004,3237,5477,7544,9363,	
produzca 5 223 5 1002,3235,5475,7542,9361,	
lactancia 8 223 8 1209,3442,5578,5665,7645,7732,9464,9552,	
raro 5 223 5 998,3231,5471,7538,9357,	
apropiado 5 223 5 994,3227,5467,7534,9353,	
médico 5 223 5 993,3226,5466,7533,9352,	
tratamiento 5 223 5 992,3225,5465,7532,9351,	
preparado 5 223 5 990,3223,5463,7530,9349,	
inyectables 9 223 9 986,2044,3219,4274,5459,6432,7526,8498,9345,	
vacunas 26 223 26 985,1159,1247,1642,1876,3218,3392,3480,3874,4108,5355,5458,5566,5607,5743,6265,7422,7525,7633,7674,7810,8332,9175,9344,9452,9494,	
Como 15 223 15 981,1084,1244,1872,3214,3317,3477,4104,5454,5740,6261,7521,7807,8328,9340,	
hígado 5 223 5 980,3213,5453,7520,9339,	
infectan 5 223 5 978,3211,5451,7518,9337,	
patógenos 5 223 5 976,3209,5449,7516,9335,	
agentes 5 223 5 963,3196,5436,7503,9322,	
causadas 5 223 5 960,3193,5433,7500,9319,	
infecciones 5 223 5 959,3192,5432,7499,9318,	
previene 5 223 5 957,3190,5430,7497,9316,	
prevenir 9 223 9 948,2002,3181,4234,5335,6391,7402,8458,9307,	
casos 13 223 13 943,1252,1485,3176,3485,3718,5330,5748,5968,7397,7815,8035,9302,	
manifiesta 5 223 5 940,3173,5327,7394,9299,	
exista 5 223 5 933,3166,5320,7387,9292,	
momento 9 223 9 929,1884,3162,4116,5316,6273,7383,8340,9288,	
adultos 13 223 13 1587,3819,4645,5236,6070,6123,6710,7303,8137,8190,8862,8911,9210,	
incubación 5 223 5 919,3152,5306,7373,9278,	
periodo 5 223 5 917,3150,5304,7371,9276,	
Dado 5 223 5 914,3147,5301,7368,9273,	
Advertencias 5 223 5 908,3141,5295,7362,9267,	
febril 5 223 5 904,3137,5291,7358,9263,	
Enfermedad 9 223 9 903,1287,3136,3520,5290,5784,7357,7850,9262,	
activo 5 223 5 895,3128,5282,7349,9254,	
principio 5 223 5 894,3127,5281,7348,9253,	
Hipersensibilidad 5 223 5 892,3125,5279,7346,9251,	
Contraindicaciones 5 223 5 890,3123,5277,7344,9249,	
manipulación 5 223 5 887,3120,5274,7341,9246,	
instrucciones 5 223 5 883,3116,5270,7337,9242,	
Ver 5 223 5 877,3110,5264,7331,9236,	
trastornos 5 223 5 875,3108,5262,7329,9234,	
trombocitopenia 5 223 5 873,3106,5260,7327,9232,	
Excepcionalmente 5 223 5 861,3094,5248,7315,9220,	
parálisis 8 223 8 1303,1310,3536,3543,5800,5807,7866,7873,	
intravascular 5 223 5 860,3093,5247,7314,9219,	
inyectar 5 223 5 857,3090,5244,7311,9216,	
deltoides 5 223 5 855,3088,5242,7309,9214,	
músculo 5 223 5 854,3087,5241,7308,9213,	
muslo 2 223 2 839,3072,	
anterolateral 2 223 2 837,3070,	
pequeños 6 223 6 833,1583,3066,3815,6066,8133,	
preferido 7 223 7 824,842,3057,3075,5231,7298,9205,	
sitio 7 223 7 823,841,3056,3074,5230,7297,9204,	
El 15 223 15 822,840,1523,1935,3055,3073,3755,4167,5229,6006,6324,7296,8073,8391,9203,	
vía 17 223 17 820,859,868,3053,3092,3101,5227,5246,5255,5368,7294,7313,7322,7435,9201,9218,9227,	
administrarse 5 223 5 818,3051,5225,7292,9199,	
Forma 5 223 5 811,3045,5219,7286,9193,	
incluyendo 8 223 8 802,1321,3036,3554,5210,5818,7277,7884,	
acelerada 4 223 4 801,3035,5209,7276,	
proponer 4 223 4 798,3032,5206,7273,	
según 5 223 5 790,3024,5198,7265,9187,	
Grupo 4 223 4 1499,3731,5982,8049,	
contemplar 5 223 5 784,3018,5192,7259,9181,	
incompleta 5 223 5 781,3015,5189,7256,9178,	
vacunadas 14 223 14 776,778,1788,3010,3012,4020,5184,5186,6177,7251,7253,8244,8980,9173,	
caso 14 223 14 772,997,1819,3006,3230,4051,5180,5470,6208,7247,7537,8275,9169,9356,	
plazo 5 223 5 768,3002,5176,7243,9165,	
corto 5 223 5 765,2999,5173,7240,9162,	
protección 9 223 9 763,1561,2997,3793,5171,6044,7238,8111,9160,	
paciente) 5 223 5 760,2994,5168,7235,9157,	
decir 5 223 5 752,2986,5160,7227,9149,	
(es 5 223 5 751,2985,5159,7226,9148,	
necesario 5 223 5 750,2984,5158,7225,9147,	
fuera 5 223 5 749,2983,5157,7224,9146,	
análisis 8 223 8 738,2972,5146,5382,7213,7449,9024,9135,	
posible 13 223 13 688,925,2922,3158,5096,5312,5631,7163,7379,7698,9085,9284,9518,	
C 5 223 5 969,3202,5442,7509,9328,	
hemorrágicos 5 223 5 876,3109,5263,7330,9235,	
contaminada) 5 223 5 678,2912,5086,7153,9075,	
aguja 12 223 12 677,2123,2911,4332,4355,4421,5085,7152,8555,8575,8640,9074,	
pinchazo 5 223 5 674,2908,5082,7149,9071,	
presuntamente 5 223 5 664,2898,5072,7139,9061,	
expuestas 10 223 10 662,665,2896,2899,5070,5073,7137,7140,9059,9062,	
localmente 2 223 2 657,2891,	
recomendada 3 223 3 656,2890,9192,	
pauta 7 223 7 653,800,2887,3034,5208,7275,9189,	
acuerdo 12 223 12 650,754,2191,2884,2988,4460,5162,6528,7229,8679,9009,9151,	
posteriores 7 223 7 645,745,2879,2979,5153,7220,9142,	
diferentes 19 223 19 639,732,1129,1166,1637,2873,2966,3362,3399,3869,5140,5536,5573,7207,7603,7640,9129,9422,9459,	
sitios 7 223 7 636,729,2870,2963,5137,7204,9126,	
simultáneamente 2 223 2 625,2859,	
vida 2 223 2 620,2854,	
hepatocelular 8 223 8 1937,1968,4169,4200,6326,6357,8393,8424,	
días 7 223 7 618,712,2852,2946,5120,7187,9109,	
humorales 4 223 4 1509,3741,5992,8059,	
7 16 223 16 617,711,1213,2196,2851,2945,3446,4465,5119,5674,6533,7186,7741,8684,9108,9561,	
horas) 7 223 7 603,697,2837,2931,5105,7172,9094,	
24 7 223 7 602,696,2836,2930,5104,7171,9093,	
serológico 10 223 10 739,758,2973,2992,5147,5166,7214,7233,9136,9155,	
primeras 8 223 8 601,695,2835,2929,5103,7170,9001,9092,	
inmunoglobulina 21 223 21 593,628,683,724,1124,1684,2827,2862,2917,2958,3357,3916,5091,5132,5531,7158,7199,7598,9080,9121,9417,	
Una 3 223 3 590,2151,2824,	
madres 4 223 4 581,1712,2815,3944,	
hijos 2 223 2 579,2813,	
nacidos 6 223 6 578,830,1710,2812,3063,3942,	
justifique 3 223 3 5633,7700,9520,	
recién 4 223 4 577,829,2811,3062,	
especiales 18 223 18 572,911,2071,2139,2806,3144,4301,4400,5067,5298,6459,6495,7134,7365,8525,8619,9056,9270,	
posológicas 9 223 9 571,574,659,2805,2808,2893,5066,7133,9055,	
materiales 4 223 4 2180,4449,6517,8668,	
Recomendaciones 9 223 9 570,573,658,2804,2807,2892,5065,7132,9054,	
sistémicas 4 223 4 569,2803,5064,7131,	
o 35 223 35 568,663,777,874,896,1140,1543,2802,2897,3011,3107,3129,3373,3775,5063,5071,5185,5261,5283,5417,5547,6026,7130,7138,7252,7328,7350,7484,7614,8093,9060,9174,9233,9255,9433,	
locales 8 223 8 567,1444,2801,3676,5062,5927,7129,7994,	
adversas 8 223 8 566,1229,2800,3462,5061,5725,7128,7792,	
reacciones 9 223 9 565,1036,2799,3269,5060,5509,7127,7576,9395,	
aumento 4 223 4 563,2797,5058,7125,	
experimentar 4 223 4 561,2795,5056,7123,	
potencial 9 223 9 559,1072,2793,3305,5054,5636,7121,7703,9523,	
- 51 223 51 589,604,640,679,698,733,769,891,902,1122,1132,1155,2823,2838,2874,2913,2932,2967,3003,3124,3135,3355,3365,3388,5087,5106,5141,5177,5278,5289,5529,5539,5562,7154,7173,7208,7244,7345,7356,7596,7606,7629,9076,9095,9130,9166,9250,9261,9415,9425,9448,	
beneficios 4 223 4 552,2786,5047,7114,	
(1 3 223 3 4549,6613,8765,	
posibles 4 223 4 551,2785,5046,7113,	
sopesados 4 223 4 549,2783,5044,7111,	
vez 5 223 5 548,2152,2782,5043,7110,	
alto 10 223 10 545,1091,1802,2779,3324,4034,5040,6191,7107,8258,	
individuos 4 223 4 543,2777,5038,7105,	
considerada 4 223 4 541,2775,5036,7102,	
náuseas 4 223 4 1387,3620,5871,7937,	
La 37 223 37 537,605,699,954,1167,1505,1893,1989,2170,2771,2839,2933,3187,3400,3737,4125,4221,4439,5032,5107,5427,5621,5988,6282,6378,6507,7098,7174,7494,7688,8055,8349,8445,8658,9096,9313,9508,	
finalización 4 223 4 531,2765,5026,7092,	
rutinaria 4 223 4 528,2762,5023,7089,	
revacunación 8 223 8 525,538,2759,2772,5020,5033,7086,7099,	
recomendadas 8 223 8 520,795,2754,3029,5015,5203,7081,7270,	
administran 4 223 4 515,2749,5010,7076,	
seguridad 8 223 8 507,2018,2741,4250,5002,6407,7068,8474,	
relación 8 223 8 504,1258,2738,3491,4999,5754,7065,7821,	
datos 7 223 7 502,2736,4997,5583,7063,7650,9469,	
suficientes 4 223 4 501,2735,4996,7062,	
dada 4 223 4 497,2731,4992,7058,	
30-50 4 223 4 488,2722,4983,7049,	
adicional 4 223 4 485,2719,4980,7046,	
adecuada 4 223 4 479,2713,4974,7040,	
produce 4 223 4 476,2710,4971,7037,	
% 16 223 16 475,489,1579,1972,2709,2723,3811,4204,4970,4984,6062,6361,7036,7050,8129,8428,	
15-25 4 223 4 474,2708,4969,7035,	
responden 6 223 6 467,2701,4962,5416,7028,7483,	
revacuna 4 223 4 462,2696,4957,7023,	
Cuando 6 223 6 460,1039,2694,3272,4955,7021,	
respuesta 16 223 16 459,478,1852,2693,2712,4084,4954,4973,5351,5421,6241,7020,7039,7418,7488,8308,	
Revacunación 4 223 4 455,2689,4950,7016,	
A 5 223 5 967,3200,5440,7507,9326,	
UI/l 14 223 14 454,1547,1672,2688,3779,3904,4949,6030,6153,7015,8097,8220,9007,9053,	
10 30 223 30 453,1546,1628,2103,2247,2687,3778,3860,4339,4364,4387,4522,4534,4563,4948,6029,6111,6491,6583,6595,6627,7014,8096,8178,8562,8584,8606,8738,9006,9052,	
inferior 5 223 5 451,2685,4946,7012,9004,	
(anti-HBsAg) 13 223 13 449,1522,1541,2683,3754,3773,4944,6005,6024,7010,8072,8091,8997,	
Las 2 223 2 641,2875,	
antígeno 28 223 28 440,1513,1532,1618,1715,1727,1836,2674,3745,3764,3850,3947,3959,4068,4935,5591,5996,6015,6101,6225,7001,7658,8063,8082,8168,8292,8988,9477,	
nivel 9 223 9 435,1612,2669,3844,4930,6095,6996,8162,8983,	
adicionales 19 223 19 430,494,517,789,2664,2728,2751,3023,4925,4989,5012,5197,5410,6991,7055,7078,7264,7477,9186,	
considerar 11 223 11 425,1068,2659,3301,4920,5378,5405,6986,7445,7472,8969,	
tejido 8 223 8 1397,1416,3630,3649,5881,5900,7947,7965,	
deteriorado 4 223 4 422,2656,4917,6983,	
inmunitario 4 223 4 421,2655,4916,6982,	
sistema 20 223 20 420,1269,1280,1295,1330,2654,3502,3513,3528,3563,4915,5766,5777,5792,5827,6981,7832,7843,7858,7893,	
vacunados 12 223 12 417,1739,1891,2651,3971,4123,4912,6130,6280,6978,8197,8347,	
En 26 223 26 416,770,941,1573,1630,2048,2650,3004,3174,3805,3862,4278,4911,5178,5328,6056,6113,6436,6977,7245,7395,8123,8180,8502,9167,9300,	
trasplantados) 4 223 4 415,2649,4910,6976,	
diálisis 6 223 6 413,2647,4908,6974,8866,8915,	
pacientes 15 223 15 411,414,871,2645,2648,3104,4906,4909,5258,6972,6975,7325,8861,9033,9230,	
E 5 223 5 972,3205,5445,7512,9331,	
ejemplo 9 223 9 410,673,2644,2907,4905,5081,6971,7148,9070,	
(por 9 223 9 409,672,2643,2906,4904,5080,6970,7147,9069,	
inmunocomprometidos 4 223 4 408,2642,4903,6969,	
respetar 4 223 4 406,2640,4901,6967,	
recomendación 4 223 4 397,2631,4892,6958,	
portadoras 2 223 2 582,2816,	
incluyen 6 223 6 394,2628,4889,5361,6955,7428,	
local 8 223 8 393,2195,2627,4464,4888,6532,6954,8683,	
embargo 13 223 13 388,496,2622,2730,4883,4991,5602,5701,6949,7057,7669,7768,9489,	
Sin 13 223 13 387,495,2621,2729,4882,4990,5601,5700,6948,7056,7668,7767,9488,	
completo 6 223 6 383,2617,4878,5400,6944,7467,	
recibido 9 223 9 380,1149,2614,3382,4875,5556,6941,7623,9442,	
(en 11 223 11 599,693,1445,2833,2927,3677,5101,5928,7168,7995,9090,	
han 23 223 23 379,1238,1483,1954,2021,2613,3471,3716,4186,4253,4874,5686,5734,5966,6343,6410,6940,7753,7801,8033,8410,8477,9573,	
sanas 8 223 8 377,1787,2611,4019,4872,6176,6938,8243,	
personas 42 223 42 376,457,464,661,774,1146,1786,1800,2610,2691,2698,2895,3008,3379,4018,4032,4823,4871,4952,4959,5069,5182,5386,5413,5553,6175,6189,6889,6937,7018,7025,7136,7249,7453,7480,7620,8242,8256,8979,9058,9171,9439,	
necesidad 17 223 17 369,786,1077,1894,2603,3020,3310,4126,4864,5194,5407,6283,6930,7261,7474,8350,9183,	
establecido 11 223 11 367,1256,2601,3489,4862,5670,5752,6928,7737,7819,9557,	
No 38 223 38 364,856,1210,1223,1481,2011,2019,2081,2598,3089,3443,3457,3714,4243,4251,4311,4859,5243,5579,5649,5684,5964,6400,6408,6469,6925,7310,7646,7716,7751,8031,8467,8475,8535,9215,9465,9536,9571,	
inmunocompetentes 4 223 4 363,2597,4858,6924,	
Vacunados 8 223 8 362,407,2596,2641,4857,4902,6923,6968,	
niño 3 223 3 5663,7730,9550,	
rue 4 223 4 2208,4477,6545,8696,	
recuerdo 19 223 19 361,402,1144,1860,2595,2636,3377,4092,4856,4897,5551,6249,6922,6963,7618,8316,8966,8976,9437,	
Dosis 5 223 5 359,2593,4854,6920,8964,	
altos 4 223 4 358,2592,4853,6919,	
anticuerpos 35 223 35 356,437,481,1508,1529,1615,1652,1855,2590,2671,2715,3740,3761,3847,3884,4087,4851,4932,4976,5991,6012,6098,6135,6244,6917,6998,7042,8058,8079,8165,8202,8311,8985,9026,9047,	
títulos 8 223 8 354,1667,2588,3899,4849,6145,6915,8212,	
inducir 4 223 4 353,2587,4848,6914,	
refuerzo 21 223 21 347,374,806,1899,1913,2581,2608,3040,4131,4145,4842,4869,5214,6288,6302,6908,6935,7281,8355,8369,9042,	
recibir 4 223 4 343,2577,4838,6904,	
deben 10 223 10 342,405,647,2576,2639,2881,4837,4900,6903,6966,	
dosis) 4 223 4 341,2575,4836,6902,	
comprimido 8 223 8 333,1924,2567,4156,4828,6313,6894,8380,	
reciban 4 223 4 330,2564,4825,6891,	
indicadas 4 223 4 326,2560,4821,6887,	
administre 6 223 6 322,1041,2556,3274,4817,6883,	
administrar 36 223 36 311,613,624,648,682,707,718,864,1121,2545,2847,2858,2882,2916,2941,2952,3097,3354,4806,5090,5115,5126,5251,5528,6871,7157,7182,7193,7318,7595,9038,9079,9104,9115,9223,9414,	
debe 51 223 51 310,424,612,681,706,783,817,988,1067,1101,2057,2146,2544,2658,2846,2915,2940,3017,3050,3221,3300,3334,4287,4407,4805,4919,5089,5114,5191,5224,5377,5461,6445,6502,6870,7156,7181,7258,7291,7444,7528,8511,8626,8968,9029,9037,9078,9103,9180,9198,9347,	
cuarta 4 223 4 307,2541,4802,6867,	
12 23 223 23 296,314,350,809,1198,1916,2530,2548,2584,3043,3431,3713,4148,4791,4809,4845,5217,6305,6856,6874,6911,7284,8372,	
grave 9 223 9 905,1941,3138,4173,5292,6330,7359,8397,9264,	
primera 20 223 20 291,606,700,1998,2235,2525,2840,2934,4230,4510,4786,5108,6387,6571,6851,7175,8454,8726,8962,9097,	
después 21 223 21 288,490,689,1553,2522,2724,2923,3785,4783,4985,5097,5396,6036,6848,7051,7164,7463,8103,8959,8998,9086,	
Elevación 4 223 4 1473,3705,5956,8023,	
tercera 5 223 5 284,2518,4779,6844,8955,	
mes; 9 223 9 282,305,2516,2539,4777,4800,6842,6865,8953,	
intervalo 9 223 9 279,302,2513,2536,4774,4797,6839,6862,8950,	
meses 40 223 40 274,287,297,315,337,351,810,1199,1552,1917,2508,2521,2531,2549,2571,2585,3044,3432,3784,4149,4769,4782,4792,4810,4832,4846,5218,6035,6306,6834,6847,6857,6875,6898,6912,7285,8102,8373,8945,8958,	
pautas 18 223 18 267,325,390,792,1638,2501,2559,2624,3026,3870,4762,4820,4885,5200,6827,6886,6951,7267,	
recomendar 4 223 4 265,2499,4760,6825,	
clínicos 13 223 13 1576,1633,3808,3865,5584,6059,6116,6149,7651,8126,8183,8216,9470,	
inyecciones 14 223 14 262,276,299,2496,2510,2533,4757,4771,4794,6822,6836,6859,8939,8947,	
tres 15 223 15 261,298,492,1695,2495,2532,2726,3927,4756,4793,4987,6821,6858,7053,8938,	
carcinoma 8 223 8 1936,1967,4168,4199,6325,6356,8392,8423,	
incluir 5 223 5 258,2492,4753,6818,8935,	
deberá 9 223 9 257,539,2491,2773,4752,5034,6817,7100,8934,	
ciclo 44 223 44 254,332,339,382,469,533,1136,1595,1693,1923,2488,2566,2573,2616,2703,2767,3369,3827,3925,4155,4749,4827,4834,4877,4964,5028,5399,5424,5543,6078,6312,6814,6893,6900,6943,7030,7094,7466,7491,7610,8145,8379,8931,9429,	
Un 5 223 5 253,2487,4748,6813,8930,	
farmacoterapéutico 4 223 4 1500,3732,5983,8050,	
primaria 28 223 28 252,270,386,472,536,1046,1139,2486,2504,2620,2706,2770,3279,3372,4747,4765,4881,4967,5031,5546,6812,6830,6947,7033,7097,7613,8929,9432,	
anamnésica 4 223 4 1853,4085,6242,8309,	
Vacunación 5 223 5 251,2485,4746,6811,8928,	
inyección 39 223 39 250,285,638,731,827,845,1131,1163,1557,2118,2484,2519,2872,2965,3060,3078,3364,3396,3789,4745,4780,5139,5234,5538,5570,6040,6810,6845,7206,7301,7605,7637,8107,8927,8956,9128,9208,9424,9456,	
0 24 223 24 245,271,293,1189,1194,1926,2090,2104,2479,2505,2527,3422,3427,4158,4320,4342,4365,4766,4788,6315,6831,6853,8382,8942,	
µg) 5 223 5 243,2477,4739,6804,8921,	
(5 2 223 2 242,2476,	
recomienda 18 223 18 239,317,523,735,2473,2551,2757,2969,4735,4812,5018,5143,6800,6878,7084,7210,8917,9132,	
Niños 2 223 2 226,2460,	
efecto 11 223 11 1771,1888,4003,4120,5654,6160,6277,7721,8227,8344,9541,	
administración 42 223 42 224,292,427,742,813,1008,1168,1439,2458,2526,2661,2976,3047,3241,3401,3671,4723,4787,4922,5150,5221,5370,5481,5657,5922,6788,6852,6988,7217,7288,7437,7548,7724,7989,8908,8963,8971,9017,9139,9195,9367,9544,	
forma 14 223 14 222,527,780,2456,2761,3014,4721,5022,5188,6786,7088,7255,8906,9177,	
Posología 10 223 10 220,225,2454,2459,4719,4724,6784,6789,8904,8909,	
ausencia 13 223 13 212,499,2049,2446,2733,4279,4711,4994,6437,6776,7060,8503,8896,	
presenta 5 223 5 210,2444,4709,6774,8894,	
intramuscular 5 223 5 821,3054,5228,7295,9202,	
delta) 5 223 5 207,2441,4706,6771,8891,	
agente 5 223 5 206,2440,4705,6770,8890,	
(causada 5 223 5 203,2437,4702,6767,8887,	
dado 5 223 5 198,2432,4697,6762,8882,	
D 10 223 10 197,202,2431,2436,4696,4701,6761,6766,8881,8886,	
prevenga 5 223 5 194,2428,4693,6758,8878,	
mediante 9 223 9 187,1850,2421,4082,4686,6239,6751,8306,8871,	
esperar 5 223 5 185,2419,4684,6749,8869,	
Se 37 223 37 183,263,316,680,734,796,1674,2417,2497,2550,2914,2968,3030,3906,4682,4758,4811,5088,5142,5204,5341,5376,5403,6747,6823,6877,7155,7209,7271,7408,7443,7470,8867,8967,9036,9077,9131,	
oficiales 4 223 4 182,2416,4681,6746,	
recomendaciones 4 223 4 181,2415,4680,6745,	
base 4 223 4 178,2412,4677,6742,	
determinan 4 223 4 175,2409,4674,6739,	
vacunación 35 223 35 173,256,269,385,392,471,555,655,1089,1098,2407,2490,2503,2619,2626,2705,2789,2889,3322,3331,4672,4751,4764,4880,4887,4966,5050,6737,6816,6829,6946,6953,7032,7117,8933,	
específicos 8 223 8 170,1510,2404,3742,4669,5993,6734,8060,	
grupos 4 223 4 167,2401,4666,6731,	
Los 10 223 10 166,327,1952,2400,2561,4184,4665,6341,6730,8408,	
exposición 14 223 14 159,692,714,2393,2926,2948,4658,5100,5122,6723,7167,7189,9089,9111,	
riesgo 34 223 34 157,169,546,558,1071,1803,1931,2391,2403,2780,2792,3304,4035,4163,4656,4668,5041,5053,5390,5588,5635,6192,6320,6721,6733,7108,7120,7457,7655,7702,8259,8387,9474,9522,	
subcutánea 5 223 5 869,3102,5256,7323,9228,	
considerados 4 223 4 155,2389,4654,6719,	
edad) 4 223 4 154,237,2388,2471,	
años 16 223 16 152,235,1795,2067,2386,2469,4027,4297,4649,4729,6184,6455,6714,6794,8251,8521,	
15 4 223 4 151,234,2385,2468,	
nacimiento 10 223 10 148,231,598,633,1689,2382,2465,2832,2867,3921,	
(desde 4 223 4 146,229,2380,2463,	
adolescentes 18 223 18 145,228,851,1585,2379,2462,3084,3817,4647,4727,5238,6068,6119,6712,6792,7305,8135,8186,	
niños 26 223 26 143,328,832,848,1048,1096,1368,1582,1584,1635,1647,2377,2562,3065,3081,3281,3329,3601,3814,3816,3867,3879,6065,6067,8132,8134,	
conocidos 5 223 5 141,2375,4643,6708,8859,	
subtipos 5 223 5 140,2374,4642,6707,8858,	
causada 5 223 5 136,2370,4638,6703,8854,	
frente 30 223 30 125,438,556,1511,1530,1562,1616,2359,2672,2790,3743,3762,3794,3848,4627,4933,5051,5994,6013,6045,6099,6692,6999,7118,8061,8080,8112,8166,8843,8986,	
mayores 4 223 4 849,3082,6120,8187,	
activa 5 223 5 124,2358,4626,6691,8842,	
inmunización 31 223 31 123,189,535,794,932,1045,1138,2357,2423,2769,3028,3165,3278,3371,4625,4688,5030,5202,5319,5545,6690,6753,7096,7269,7386,7612,8841,8873,9191,9291,9431,	
indicada 5 223 5 120,2354,4622,6687,8838,	
está 5 223 5 119,2353,4621,6686,8837,	
vacuna 129 223 129 118,320,432,510,610,644,704,747,816,866,945,955,1011,1013,1118,1152,1172,1180,1236,1262,1506,1604,1702,1778,1811,1849,1866,1990,1999,2150,2160,2352,2554,2666,2744,2844,2878,2938,2981,3049,3099,3178,3188,3244,3246,3351,3385,3405,3413,3469,3495,3738,3836,3934,4010,4043,4081,4098,4222,4231,4411,4620,4815,4927,5005,5112,5155,5223,5253,5332,5428,5484,5486,5525,5559,5622,5660,5732,5758,5989,6087,6167,6200,6238,6255,6379,6388,6506,6685,6881,6993,7071,7179,7222,7290,7320,7399,7495,7551,7553,7592,7626,7689,7727,7799,7825,8056,8154,8234,8267,8305,8322,8446,8455,8630,8836,9019,9101,9144,9197,9225,9304,9314,9370,9372,9411,9445,9509,9547,	
Esta 20 223 20 117,815,1012,1117,2351,3048,3245,3350,4619,5222,5485,5524,6684,7289,7552,7591,8835,9196,9371,9410,	
terapéuticas 5 223 5 116,2350,4618,6683,8834,	
Indicaciones 5 223 5 115,2349,4617,6682,8833,	
	4 3 223 3 113,2347,8831,	
CLÍNICOS 5 223 5 112,2346,4614,6679,8830,	
DATOS 9 223 9 111,2028,2345,4260,4613,6417,6678,8484,8829,	
4 55 223 55 110,218,888,906,907,1105,1205,1212,1225,1226,1377,1478,2069,2344,2452,3121,3139,3140,3338,3438,3445,3459,3610,3710,4299,4612,4717,5275,5293,5294,5512,5574,5673,5722,5961,6457,6677,6782,7342,7360,7361,7579,7641,7740,7789,8028,8523,8828,8902,9247,9265,9266,9398,9460,9560,	
(10 2 223 2 4738,6803,	
opaca 5 223 5 109,2343,4611,6676,8827,	
ligeramente 5 223 5 108,2342,4610,6675,8826,	
blanquecina 5 223 5 107,2341,4609,6674,8825,	
	Suspensión 5 223 5 104,2335,4604,6668,8820,	
FARMACÉUTICA 5 223 5 103,2334,4603,6667,8819,	
FORMA 5 223 5 102,2333,4602,6666,8818,	
3 31 223 31 101,814,889,1597,1798,2014,2062,2066,2332,3122,3829,4030,4246,4292,4296,4601,5276,6080,6187,6403,6450,6454,6665,7343,8147,8254,8470,8516,8520,8817,9248,	
6 62 223 62 99,273,286,879,880,1192,1206,2027,2031,2032,2045,2061,2068,2083,2136,2137,2330,2507,2520,3112,3113,3425,3439,4259,4275,4291,4298,4313,4397,4398,4599,4768,4781,5266,5267,5575,6416,6433,6449,6456,6471,6492,6493,6663,6833,6846,7333,7334,7642,8483,8499,8515,8522,8537,8616,8617,8815,8944,8957,9238,9239,9461,	
sección 10 223 10 98,878,2329,3111,4598,5265,6662,7332,8814,9237,	
ver 5 223 5 97,2328,4597,6661,8813,	
excipientes 14 223 14 96,901,2036,2327,3134,4266,4596,5288,6423,6660,7355,8490,8812,9260,	
completa 5 223 5 94,2325,4594,6658,8810,	
lista 5 223 5 93,2324,4593,6657,8809,	
consultar 5 223 5 91,2322,4591,6655,8807,	
Para 5 223 5 90,2321,4590,6654,8806,	
2150-2-3) 5 223 5 89,2320,4589,6653,8805,	
(cepa 5 223 5 88,2319,4588,6652,8804,	
cerevisiae 5 223 5 87,2318,4587,6651,8803,	
Saccharomyces 5 223 5 86,2317,4586,6650,8802,	
actualmente 4 223 4 395,2629,4890,6956,	
levadura 5 223 5 85,2316,4585,6649,8801,	
cepa 5 223 5 81,2312,4581,6645,8797,	
producido 5 223 5 78,2309,4578,6642,8794,	
Al+++) 5 223 5 76,2307,4576,6640,8792,	
* 5 223 5 77,2308,4577,6641,8793,	
miligramos 5 223 5 75,2306,4575,6639,8791,	
25 2 223 2 74,2305,	
amorfo 5 223 5 72,2303,4572,6636,8788,	
aluminio 5 223 5 71,2302,4571,6635,8787,	
hidroxifosfato 5 223 5 69,2300,4569,6633,8785,	
sulfato 5 223 5 68,2299,4568,6632,8784,	
Adsorbido 5 223 5 66,2297,4566,6630,8782,	
microgramos 5 223 5 65,2296,4565,6629,8781,	
00 5 223 5 64,2295,4564,6628,8780,	
(HBsAg)* 5 223 5 62,2293,4562,6626,8778,	
vacunaciones 2 223 2 5426,7493,	
recombinante 24 223 24 61,82,1607,1705,1781,1869,2292,2313,3839,3937,4013,4101,4561,4582,6090,6170,6258,6625,6646,8157,8237,8325,8777,8798,	
hepatitis 125 223 125 59,134,164,196,201,216,447,587,670,922,937,952,966,968,971,1183,1520,1539,1571,1625,1722,1733,1748,1821,1843,1878,1950,1962,1987,2290,2368,2398,2430,2435,2450,2681,2821,2904,3155,3170,3185,3199,3201,3204,3416,3752,3771,3803,3857,3954,3965,3980,4053,4075,4110,4182,4194,4219,4559,4636,4663,4695,4700,4715,4942,5078,5309,5324,5339,5357,5439,5441,5444,5598,6003,6022,6054,6108,6210,6232,6267,6339,6351,6376,6623,6701,6728,6760,6765,6780,7008,7145,7376,7391,7406,7424,7506,7508,7511,7665,8070,8089,8121,8175,8277,8299,8334,8406,8418,8443,8775,8852,8880,8885,8900,8995,9021,9067,9281,9296,9311,9325,9327,9330,9485,	
virus 64 223 64 56,131,161,444,584,667,1517,1536,1568,1622,1719,1730,1840,1947,1984,2287,2365,2395,2678,2818,2901,3749,3768,3800,3854,3951,3962,4072,4179,4216,4556,4633,4660,4939,5075,5595,5609,6000,6019,6051,6105,6229,6336,6373,6620,6698,6725,7005,7142,7662,7676,8067,8086,8118,8172,8296,8403,8440,8772,8849,8992,9064,9481,9496,	
superficie 31 223 31 54,442,1515,1534,1620,1717,1838,2285,2676,3747,3766,3852,3949,4070,4554,4937,5593,5998,6017,6103,6227,6618,7003,7660,8065,8084,8170,8294,8770,8990,9479,	
Antígeno 5 223 5 52,2283,4552,6616,8768,	
contiene 5 223 5 51,2282,4551,6615,8767,	
ml) 5 223 5 50,2281,4550,6614,8766,	
(0 11 223 11 48,73,334,2279,2304,2568,4573,4829,6637,6895,8789,	
dosis 99 223 99 47,241,308,345,372,400,429,484,493,516,591,607,642,701,744,788,804,1142,1598,1640,1682,1696,1858,1897,1911,2278,2475,2542,2579,2606,2634,2663,2718,2727,2750,2825,2841,2876,2935,2978,3022,3038,3375,3830,3872,3914,3928,4090,4129,4143,4548,4737,4803,4840,4867,4895,4924,4979,4988,5011,5109,5152,5196,5212,5409,5549,6081,6247,6286,6300,6612,6802,6868,6906,6933,6961,6990,7045,7054,7077,7176,7219,7263,7279,7476,7616,8148,8314,8353,8367,8764,8919,8974,9002,9040,9098,9141,9185,9435,	
plasma 4 223 4 1815,4047,6204,8271,	
	Una 5 223 5 46,2277,4547,6611,8763,	
CUANTITATIVA 5 223 5 45,2276,4546,6610,8762,	
Y 5 223 5 44,2275,4545,6609,8761,	
CUALITATIVA 5 223 5 43,2274,4544,6608,8760,	
COMPOSICIÓN 5 223 5 42,2273,4543,6607,8759,	
región 2 223 2 836,3069,	
2 38 223 38 41,219,295,336,1196,1551,1928,2008,2046,2272,2453,2529,2570,3429,3783,4160,4240,4276,4377,4542,4718,4790,4831,6034,6317,6397,6434,6606,6783,6855,6897,8101,8384,8464,8500,8596,8758,8903,	
agujas 4 223 4 4378,4428,8597,8647,	
(rADN) 5 223 5 40,2271,4541,6605,8757,	
B 157 223 157 39,60,135,165,217,448,512,588,595,630,671,685,726,923,938,953,1126,1154,1184,1249,1521,1540,1572,1606,1626,1686,1704,1723,1734,1749,1780,1822,1844,1868,1879,1951,1963,1988,1992,2270,2291,2369,2399,2451,2682,2746,2822,2829,2864,2905,2919,2960,3156,3171,3186,3359,3387,3417,3482,3753,3772,3804,3838,3858,3918,3936,3955,3966,3981,4012,4054,4076,4100,4111,4183,4195,4220,4224,4540,4560,4637,4664,4716,4943,5007,5079,5093,5134,5310,5325,5340,5358,5533,5561,5599,5745,6004,6023,6055,6089,6109,6169,6211,6233,6257,6268,6340,6352,6377,6381,6604,6624,6702,6729,6781,7009,7073,7146,7160,7201,7377,7392,7407,7425,7600,7628,7666,7812,8071,8090,8122,8156,8176,8236,8278,8300,8324,8335,8407,8419,8444,8448,8756,8776,8853,8901,8996,9022,9068,9082,9123,9282,9297,9312,9419,9447,9486,	
antihepatitis 57 223 57 38,511,594,629,684,725,1125,1153,1248,1605,1685,1703,1779,1867,1991,2269,2745,2828,2863,2918,2959,3358,3386,3481,3837,3917,3935,4011,4099,4223,4539,5006,5092,5133,5532,5560,5744,6088,6168,6256,6380,6603,7072,7159,7200,7599,7627,7811,8155,8235,8323,8447,8755,9081,9122,9418,9446,	
Vacuna 5 223 5 37,2268,4538,6602,8754,	
precauciones 5 223 5 910,3143,5297,7364,9269,	
inyectable 10 223 10 36,105,2264,2336,4537,4605,6598,6669,8753,8821,	
Suspensión 10 223 10 35,106,2263,2340,4536,4608,6597,6673,8752,8824,	
ml 16 223 16 34,247,2092,2106,2262,2481,4322,4344,4367,4742,6479,6807,8545,8564,8586,8924,	
microgramos/0 2 223 2 32,2260,	
5 41 223 41 31,33,49,63,246,1106,1488,1489,1792,2007,2013,2084,2091,2105,2259,2261,2280,2294,2480,3339,3721,4024,4239,4245,4314,4321,4343,4366,5513,5972,6181,6396,6402,6472,7580,8039,8248,8463,8469,8538,9399,	
	HBVAXPRO 5 223 5 30,2258,4533,6594,8749,	
MEDICAMENTO 9 223 9 29,1494,2257,3726,4532,5977,6593,8044,8748,	
NOMBRE 5 223 5 27,2255,4530,6591,8746,	
PRODUCTO 1 223 1 24,	
DEL 10 223 10 23,28,2252,2256,4527,4531,6588,6592,8743,8747,	
grupo 2 223 2 1094,3327,	
CARACTERÍSTICAS 1 223 1 22,	
LAS 1 223 1 21,	
DE 33 223 33 20,1492,2198,2201,2216,2218,2225,2229,2249,3724,4467,4470,4485,4487,4500,4504,4524,5975,6535,6538,6553,6555,6561,6565,6585,8042,8686,8689,8704,8706,8716,8720,8740,	
RESUMEN 1 223 1 19,	
O 1 223 1 18,	
TÉCNICA 1 223 1 17,	
FICHA 1 223 1 16,	
información 1 223 1 13,	
Toda 1 223 1 11,	
medicamento 10 223 10 10,15,2055,2173,4285,4442,6443,6510,8509,8661,	
Basica 1 223 1 8,	
	Información 1 223 1 7,	
INYE 1 223 1 6,	
SUSP 1 223 1 5,	
infección 40 223 40 128,214,935,950,1565,1746,1759,1944,1960,1981,2362,2448,3168,3183,3797,3978,3991,4176,4192,4213,4630,4713,5322,5337,6048,6333,6349,6370,6695,6778,7389,7404,8115,8400,8416,8437,8846,8898,9294,9309,	
AGUJAS 1 223 1 4,	
JER+2 1 223 1 3,	
atención 3 223 3 5642,7709,9529,	
1 73 223 73 2,25,26,100,114,240,272,294,335,1190,1195,1496,1549,1927,2033,2102,2126,2254,2331,2348,2474,2506,2528,2569,3423,3428,3728,3781,4159,4263,4338,4354,4363,4386,4529,4600,4616,4736,4741,4767,4789,4830,5979,6032,6316,6420,6478,6489,6590,6664,6681,6801,6806,6832,6854,6896,8046,8099,8383,8487,8544,8561,8563,8574,8583,8585,8605,8745,8816,8832,8918,8923,8943,	
10MCG/ML 1 223 1 1,	
HBVAXPRO 12 223 12 0,191,1901,2425,4133,4690,5402,6290,6755,7469,8357,8875,	
