	Prospectos 1 412 1 3542,	
Sanitarios 1 412 1 3541,	
Productos 1 412 1 3540,	
Medicamento 1 412 1 3538,	
Española 1 412 1 3536,	
Agencia 1 412 1 3535,	
web 1 412 1 3532,	
página 1 412 1 3531,	
disponible 1 412 1 3528,	
detallada 1 412 1 3523,	
2007 1 412 1 3520,	
Agosto 1 412 1 3519,	
TEXTO 1 412 1 3517,	
REVISIÓN 1 412 1 3515,	
FECHA 1 412 1 3512,	
63452 1 412 1 3510,	
NÚMERO 1 412 1 3504,	
(Madrid) 1 412 1 3502,	
28769 1 412 1 3499,	
Severo 1 412 1 3496,	
PTM-C/ 1 412 1 3495,	
A 1 412 1 3494,	
S 1 412 1 3493,	
GlaxoSmithKline 1 412 1 3492,	
COMERCIALIZACIÓN 2 412 2 3490,3508,	
AUTORIZACIÓN 2 412 2 3488,3506,	
LA 2 412 2 3487,3514,	
TITULAR 1 412 1 3485,	
normativas 1 412 1 3482,	
acuerdo 1 412 1 3479,	
realizará 1 412 1 3477,	
contacto 1 412 1 3473,	
hayan 1 412 1 3470,	
materiales 1 412 1 3468,	
utilizado 1 412 1 3463,	
especial 1 412 1 3457,	
manipulaciones) 1 412 1 3455,	
(y 1 412 1 3453,	
aluminio 1 412 1 3443,	
lámina 1 412 1 3441,	
Blister 1 412 1 3438,	
contenido 1 412 1 3435,	
Naturaleza 1 412 1 3433,	
condiciones 1 412 1 3427,	
requiere 1 412 1 3426,	
conservación 2 412 2 3424,3430,	
Precauciones 2 412 2 3421,3449,	
validez 1 412 1 3416,	
desconocen 1 412 1 3411,	
Incompatibilidades 1 412 1 3409,	
8000 1 412 1 3405,	
Polietilenglicol 1 412 1 3404,	
400 1 412 1 3401,	
Macrogol 1 412 1 3400,	
E172 1 412 1 3399,	
rojo 1 412 1 3398,	
Óxido 1 412 1 3395,	
titanio 1 412 1 3392,	
Dióxido 1 412 1 3390,	
Estearato 1 412 1 3381,	
sodio 1 412 1 3378,	
Carboximetilalmidón 1 412 1 3376,	
Povidona 1 412 1 3372,	
USNF 2 412 2 3371,3406,	
Eur 7 412 7 3364,3375,3380,3385,3389,3394,3403,	
Ph 7 412 7 3363,3374,3379,3384,3388,3393,3402,	
microcristalina 1 412 1 3362,	
Celulosa 1 412 1 3361,	
BP 1 412 1 3360,	
188 1 412 1 3359,	
Núcleo 1 412 1 3357,	
Lista 1 412 1 3354,	
	6 1 412 1 3352,	
FARMACEÚTICOS 1 412 1 3351,	
carcinogenicidad 1 412 1 3331,	
acabo 1 412 1 3322,	
llevados 1 412 1 3321,	
relevantes 1 412 1 3312,	
innata 1 412 1 3302,	
carcinomas 1 412 1 3277,	
adenomas 1 412 1 3275,	
ratones 3 412 3 3269,3305,3335,	
sola 1 412 1 3267,	
realizados 1 412 1 3264,	
oncogenicidad 3 412 3 3263,3320,3342,	
Carcinogenicidad 1 412 1 3259,	
folínico 1 412 1 3258,	
ácido 1 412 1 3257,	
eliminaron 1 412 1 3253,	
significativa 1 412 1 3250,	
redujeron 1 412 1 3247,	
antagonista) 1 412 1 3245,	
dihidrofolato 1 412 1 3244,	
(un 1 412 1 3243,	
positivos 1 412 1 3240,	
micronucleo 1 412 1 3235,	
ratón 2 412 2 3229,3237,	
ensayo 2 412 2 3225,3233,	
positivo 1 412 1 3222,	
Ames 1 412 1 3219,	
negativo 1 412 1 3214,	
resultado 1 412 1 3213,	
dio 2 412 2 3211,3221,	
Cicloguanilo 1 412 1 3205,	
separado 1 412 1 3191,	
envase 1 412 1 3437,	
mutagénica 1 412 1 3189,	
tuvieran 1 412 1 3187,	
mutagenicidad 3 412 3 3177,3198,3290,	
variedad 1 412 1 3173,	
Mutagenicidad 1 412 1 3170,	
clínico 1 412 1 3169,	
humanos 1 412 1 3165,	
observada 1 412 1 3163,	
tóxico 1 412 1 3154,	
pudo 1 412 1 3150,	
empleando 1 412 1 3145,	
parámetros 1 412 1 3137,	
disponibles 1 412 1 3106,	
ratas 3 412 3 3100,3285,3333,	
encontrado 1 412 1 3092,	
reproducción 1 412 1 3088,	
práctica 2 412 2 3081,3315,	
relevancia 1 412 1 3078,	
consideran 2 412 2 3075,3311,	
empleadas 1 412 1 3068,	
similares 1 412 1 3065,	
ampliamente 1 412 1 3051,	
Como 1 412 1 3045,	
terapéutico 1 412 1 3034,	
margen 1 412 1 3033,	
alcanzan 1 412 1 3031,	
observaron 2 412 2 3026,3283,	
enteramente 1 412 1 3020,	
estuvieron 1 412 1 3019,	
encontrados 1 412 1 3005,	
hallazgos 4 412 4 3004,3073,3280,3296,	
Toxicidad 1 412 1 2999,	
preclínicos 1 412 1 2996,	
Datos 1 412 1 2995,	
dispone 1 412 1 2980,	
65-68 1 412 1 2965,	
modifique 1 412 1 2955,	
85% 1 412 1 2946,	
incremento 1 412 1 2944,	
observa 1 412 1 2942,	
sanos 1 412 1 2931,	
comparan 1 412 1 2928,	
repetidas 3 412 3 2895,3002,3011,	
acumulación 1 412 1 2887,	
consecuencia 1 412 1 2883,	
alargan 1 412 1 2881,	
h) 2 412 2 2874,2879,	
39 1 412 1 2873,	
(t1/2 2 412 2 2872,2877,	
54% 1 412 1 2852,	
64% 1 412 1 2850,	
reducidos 1 412 1 2848,	
observados 1 412 1 2831,	
intervalo 1 412 1 2828,	
están 1 412 1 2825,	
y/o 1 412 1 2818,	
Cmax 1 412 1 2779,	
% 2 412 2 2776,2966,	
incrementa 1 412 1 2772,	
(el 1 412 1 2769,	
comparado 1 412 1 2765,	
superior 1 412 1 2761,	
disponibilidad 1 412 1 2756,	
jóvenes 2 412 2 2754,2768,	
significativos 2 412 2 2731,2913,	
clínicamente 2 412 2 2730,2912,	
cambios 3 412 3 2729,2787,2911,	
Farmacocinética 3 412 3 2724,2798,2903,	
106 1 412 1 2720,	
15 1 412 1 2718,	
L/h 2 412 2 2713,2721,	
10 2 412 2 2699,2711,	
pesan 1 412 1 2697,	
medio 2 412 2 2686,2735,	
80 3 412 3 2674,2701,2782,	
sujeto 2 412 2 2672,2680,	
mayor 2 412 2 2669,3272,	
70% 1 412 1 2668,	
aumentar 1 412 1 2660,	
aclaramiento 3 412 3 2653,2685,2816,	
12-15 1 412 1 2644,	
encuentran 2 412 2 2642,2847,	
semividas 3 412 3 2634,2790,2867,	
valores 3 412 3 2632,2830,2969,	
1-2 1 412 1 2627,	
eliminación 7 412 7 2615,2636,2792,2869,2959,3452,3459,	
semivida 2 412 2 2613,2957,	
Eliminación 1 412 1 2611,	
implicaciones 1 412 1 2603,	
parece 1 412 1 2600,	
paciente 1 412 1 2599,	
recomendadas 1 412 1 2591,	
Durante 1 412 1 2583,	
excretan 1 412 1 2580,	
metabolitos 1 412 1 2574,	
Sus 1 412 1 2573,	
40% 1 412 1 2572,	
producto 1 412 1 2567,	
urinaria 1 412 1 2565,	
polimórfico 1 412 1 2560,	
P450 1 412 1 2559,	
2C19 1 412 1 2556,	
isoenzima 1 412 1 2555,	
heces 1 412 1 2545,	
(>90%) 1 412 1 2542,	
predominantemente 1 412 1 2541,	
inalterado 1 412 1 2540,	
original 1 412 1 2539,	
insignificante 1 412 1 2534,	
orina 2 412 2 2533,2582,	
excreción 2 412 2 2529,2564,	
metabolice 1 412 1 2526,	
Metabolismo 1 412 1 2517,	
afectada 1 412 1 2505,	
ve 1 412 1 2504,	
humano 1 412 1 2501,	
42 1 412 1 2497,	
20 1 412 1 2495,	
75% 1 412 1 2472,	
L/kg 2 412 2 2463,2498,	
oral 4 412 4 2447,2478,2690,2817,	
administrarse 2 412 2 2444,2475,	
Después 2 412 2 2442,2473,	
derivadas 1 412 1 2439,	
grado 2 412 2 2425,3368,	
alto 1 412 1 2424,	
elevada 1 412 1 2411,	
une 1 412 1 2406,	
distribución 3 412 3 2393,2451,2482,	
volumen 3 412 3 2390,2449,2480,	
Distribución 1 412 1 2388,	
ingestión 1 412 1 2385,	
independencia 1 412 1 2382,	
extensamente 1 412 1 2380,	
rápida 1 412 1 2378,	
comparación 1 412 1 3039,	
absorbe 1 412 1 2377,	
ayunas 1 412 1 2350,	
respecto 2 412 2 2346,3107,	
Cmáx 3 412 3 2344,2839,2972,	
AUC 6 412 6 2339,2770,2819,2842,2949,2975,	
veces 2 412 2 2335,2342,	
%) 1 412 1 2783,	
2-3 2 412 2 2334,2621,	
aumentando 1 412 1 2332,	
magnitud 2 412 2 2328,2740,	
velocidad 2 412 2 2325,2737,	
aumenta 2 412 2 2323,2658,	
vez 1 412 1 2320,	
alimentaria 1 412 1 2316,	
grasa 1 412 1 2315,	
alrededor 1 412 1 2311,	
interindividual 1 412 1 2309,	
750 1 412 1 2294,	
absoluta 1 412 1 2288,	
biodisponibilidad 1 412 1 2287,	
VIH 1 412 1 2285,	
infectados 1 412 1 2282,	
acuosa 1 412 1 2279,	
solubilidad 1 412 1 2278,	
Ochoa 1 412 1 3497,	
baja 1 412 1 2277,	
lipofílico 1 412 1 2275,	
altamente 1 412 1 2274,	
compuesto 1 412 1 2273,	
Absorción 1 412 1 2269,	
cicloguanilo 2 412 2 2258,3242,	
proguanilo 3 412 3 2256,2657,2723,	
dosificado 1 412 1 2247,	
recomendada 1 412 1 2233,	
farmacocinéticas 2 412 2 2221,2225,	
inmunes 2 412 2 2214,2217,	
Una 1 412 1 3171,	
aumentada 1 412 1 2204,	
Esta 1 412 1 2202,	
sinérgica 1 412 1 2194,	
demostrado 1 412 1 2192,	
600-3000 1 412 1 2183,	
4-clorofenilbiguanida 2 412 2 2181,2577,	
ng/mL; 1 412 1 2168,	
4-20 1 412 1 2167,	
cepas 1 412 1 2162,	
principal 1 412 1 2154,	
ejerce 1 412 1 2149,	
(0% 1 412 1 2139,	
(48% 1 412 1 2130,	
halofantrina 1 412 1 2129,	
(29% 1 412 1 2124,	
mefloquina 1 412 1 2123,	
(32% 1 412 1 2119,	
quinina 1 412 1 2118,	
aislados) 5 412 5 2117,2122,2127,2133,2142,	
(41% 1 412 1 2114,	
cloroquina 1 412 1 2113,	
resistencia 1 412 1 2108,	
detectó 1 412 1 2107,	
aislados 1 412 1 2102,	
30 1 412 1 2101,	
Entre 1 412 1 2098,	
cruzadas 1 412 1 2089,	
140 1 412 1 2775,	
ng/mL) 2 412 2 2084,2184,	
43 1 412 1 2083,	
23-1 1 412 1 2082,	
0 2 412 2 2081,2708,	
(CI50 2 412 2 2074,2156,	
metabolizado 1 412 1 2551,	
spp 1 412 1 2073,	
potente 1 412 1 2068,	
Microbiología 1 412 1 2064,	
utilizan 1 412 1 2061,	
observado 3 412 3 2053,2266,3155,	
sinergismo 1 412 1 2052,	
explicar 2 412 2 2050,3151,	
último 1 412 1 2047,	
colapsar 1 412 1 2035,	
capaz 1 412 1 2026,	
metabolización 2 412 2 2015,2595,	
independiente 1 412 1 2012,	
antipalúdica 2 412 2 2011,2145,	
deoxitimidilato 1 412 1 2004,	
síntesis 1 412 1 2002,	
Parece 1 412 1 3293,	
cicloguanil 10 412 10 1992,2017,2024,2155,2575,2640,2759,2824,2876,2977,	
negativos 1 412 1 3292,	
través 2 412 2 1988,2151,	
mecanismos 1 412 1 1982,	
Uno 1 412 1 1979,	
membrana 2 412 2 1977,2039,	
colapso 1 412 1 1973,	
bc1 1 412 1 1970,	
citocromo 2 412 2 1969,2558,	
complejo 1 412 1 1967,	
nivel 1 412 1 1965,	
mitocondrial 3 412 3 1963,1978,2040,	
electrónico 1 412 1 1962,	
vía 3 412 3 1958,2446,2477,	
nucleicos 1 412 1 1946,	
ácidos 1 412 1 1945,	
replicación 1 412 1 1943,	
necesarias 1 412 1 1940,	
pirimidinas 1 412 1 1939,	
biosíntesis 1 412 1 1937,	
implicadas 1 412 1 1934,	
rutas 1 412 1 1932,	
interfieren 1 412 1 1929,	
constituyentes 1 412 1 1921,	
acción 3 412 3 1919,1950,1984,	
Mecanismo 1 412 1 1917,	
B51 1 412 1 1916,	
P01B 1 412 1 1915,	
ATC 1 412 1 1914,	
Código 1 412 1 1913,	
farmacoterapéutico 1 412 1 1911,	
farmacodinámicas 1 412 1 1909,	
Propiedades 2 412 2 1908,2220,	
	5 1 412 1 1906,	
ESTE 1 412 1 1904,	
FARMACOLÓGICAS 1 412 1 1902,	
PROPIEDADES 1 412 1 1901,	
apropiado 1 412 1 1899,	
apoyo 1 412 1 1898,	
sintomático 1 412 1 1895,	
proporcionarse 1 412 1 1892,	
sospecha 1 412 1 1888,	
sobredosis 2 412 2 1882,1890,	
casos 2 412 2 1880,1886,	
Sobredosis 1 412 1 1875,	
asociados 2 412 2 1868,3021,	
test 1 412 1 3217,	
estaban 2 412 2 1867,2262,	
reversibles 1 412 1 1864,	
función 3 412 3 1861,2400,2835,	
pruebas 1 412 1 1859,	
anormales 1 412 1 1856,	
Observadas 2 412 2 1819,1833,	
menor 2 412 2 1808,2570,	
visto 2 412 2 1804,2171,	
haberse 1 412 1 1803,	
Estos 3 412 3 1800,3238,3279,	
evaluar 1 412 1 1799,	
Poloxámero 1 412 1 3358,	
difícil 1 412 1 1797,	
experiencias 1 412 1 1791,	
causal 1 412 1 1789,	
sustitución 1 412 1 3370,	
metabolito 4 412 4 1991,2153,2180,3207,	
Por 1 412 1 1784,	
(VIH) 1 412 1 1783,	
aparente 1 412 1 2391,	
Humana 1 412 1 1782,	
Inmunodeficiencia 1 412 1 1781,	
Virus 1 412 1 1778,	
avanzada 1 412 1 1776,	
infección 1 412 1 1775,	
complicaciones 1 412 1 1772,	
menudo 1 412 1 1771,	
recibido 1 412 1 1763,	
participaron 1 412 1 1756,	
documentación 1 412 1 1750,	
calculada 1 412 1 1736,	
mediastínicos 1 412 1 1733,	
torácicos 1 412 1 1731,	
respiratorios 1 412 1 1730,	
alteraciones 1 412 1 1723,	
generales 1 412 1 1721,	
PVC 1 412 1 3440,	
subcutáneo 1 412 1 1719,	
tejido 1 412 1 1718,	
piel 1 412 1 1715,	
años 1 412 1 3418,	
hepaticas 1 412 1 1709,	
hepatobiliares 1 412 1 1708,	
enzimas 1 412 1 1707,	
gastrointestinales 1 412 1 1703,	
nervioso 1 412 1 1701,	
administrado 1 412 1 2243,	
Dolor 1 412 1 1698,	
relación 2 412 2 1788,2677,	
nutrición 1 412 1 1695,	
amilasa 1 412 1 1693,	
metabolismo 1 412 1 1690,	
Niveles 2 412 2 1688,1705,	
inmunológico 1 412 1 1685,	
presencia 1 412 1 2512,	
alteración 1 412 1 1679,	
linfático 1 412 1 1678,	
sangre 1 412 1 1672,	
Pancitopenia 1 412 1 1670,	
Trastornos 9 412 9 1667,1681,1686,1696,1702,1704,1710,1720,1729,	
sistema 4 412 4 1666,1677,1684,1700,	
órganos 1 412 1 1661,	
Frecuencia 3 412 3 1659,1735,1746,	
incidencia 1 412 1 3273,	
Poco 1 412 1 1658,	
Frecuentes 1 412 1 1657,	
Muy 1 412 1 1656,	
Cantos 1 412 1 3501,	
Clasificación 1 412 1 1654,	
empleado 1 412 1 3050,	
placebo 1 412 1 1653,	
cabeza 1 412 1 1632,	
antimalárico 1 412 1 1607,	
comparador 1 412 1 1606,	
atovacuona- 1 412 1 1601,	
similar 3 412 3 1595,1643,3160,	
proporción 3 412 3 1594,1642,2412,	
comunicaron 2 412 2 1591,1639,	
tos 1 412 1 1588,	
anorexia 1 412 1 1583,	
cefalea 1 412 1 1582,	
abdominal 2 412 2 1581,1634,	
dolor 3 412 3 1580,1630,1633,	
causa 2 412 2 1578,1628,	
independientemente 2 412 2 1575,1625,	
descritos 2 412 2 1574,1624,	
comúnmente 2 412 2 1573,1623,	
adversos 3 412 3 1571,1621,1872,	
acontecimientos 4 412 4 1570,1620,1801,1870,	
demostró 1 412 1 2206,	
disponibles) 1 412 1 1557,	
partir 2 412 2 1553,1738,	
estimarse 1 412 1 1551,	
(no 1 412 1 1549,	
conocida 2 412 2 1548,1665,	
frecuencia 4 412 4 1546,1807,1829,1838,	
1/100); 1 412 1 1545,	
000 1 412 1 1543,	
(1/1 1 412 1 1542,	
<1/10); 1 412 1 1539,	
(1/100 1 412 1 1537,	
(1/10); 1 412 1 1535,	
frecuentes 5 412 5 1534,1536,1541,1663,1664,	
frecuencias 1 412 1 1532,	
clasificación 1 412 1 1530,	
espontáneas 2 412 2 1521,1822,	
comunicaciones 2 412 2 1520,1821,	
comunicadas 1 412 1 1510,	
resumen 1 412 1 1505,	
siguiente 2 412 2 1501,1526,	
adversas 3 412 3 1499,1509,1792,	
Reacciones 2 412 2 1498,1683,	
8 6 412 6 1497,2461,2462,2709,2712,3503,	
ponerles 1 412 1 1488,	
principalmente 1 412 1 2561,	
actividades 1 412 1 1485,	
afectados 1 412 1 1475,	
advertidos 1 412 1 1469,	
mareos 1 412 1 1464,	
aparición 1 412 1 1462,	
comunicado 2 412 2 1460,1879,	
máquinas 2 412 2 1457,1480,	
utilizar 2 412 2 1456,1479,	
capacidad 3 412 3 1452,2030,2593,	
Efectos 1 412 1 1449,	
hijos 1 412 1 1442,	
amamanten 1 412 1 1439,	
madres 1 412 1 1437,	
cantidades 1 412 1 1435,	
pequeñas 1 412 1 1434,	
humana 2 412 2 1425,1432,	
excreta 2 412 2 1422,1429,	
materno 1 412 1 1415,	
plasma 2 412 2 1414,2500,	
momento 1 412 1 1411,	
determinadas 1 412 1 1408,	
30% 1 412 1 1402,	
rata 1 412 1 1399,	
alimento 1 412 1 2387,	
leche 3 412 3 1393,1424,1431,	
Lactancia 1 412 1 1387,	
estén 1 412 1 1382,	
tubo 1 412 1 1371,	
defectos 1 412 1 1368,	
prevenir 1 412 1 1366,	
suplementos 3 412 3 1362,1380,3255,	
edad 1 412 1 1358,	
disminuya 1 412 1 1350,	
folato 2 412 2 1349,1364,	
suplemento 1 412 1 1347,	
Ninguna 1 412 1 3456,	
datos 6 412 6 1338,1556,1845,2814,2982,3105,	
hay 6 412 6 1337,2223,2728,2786,2910,3104,	
parásito 1 412 1 1335,	
incluye 1 412 1 1503,	
dihidrofolatorreductasa 2 412 2 1333,1998,	
inhibiendo 1 412 1 1331,	
parte 2 412 2 1327,1483,	
feto 1 412 1 1322,	
supera 1 412 1 1316,	
madre 1 412 1 1315,	
esperado 1 412 1 1312,	
beneficio 1 412 1 1311,	
be 1 412 1 1307,	
embarazo 1 412 1 1304,	
utilización 1 412 1 1299,	
3) 1 412 1 1297,	
preñados 1 412 1 1288,	
conejos 3 412 3 1287,3102,3144,	
materna 2 412 2 1285,1394,	
toxicidad 2 412 2 1284,3085,	
Hipromelosa 1 412 1 3387,	
observó 1 412 1 1283,	
postnatal 2 412 2 1281,3122,	
pre- 2 412 2 1279,3120,	
desarrollo 2 412 2 1278,3119,	
parto 1 412 1 1275,	
efectos 4 412 4 1272,3110,3134,3239,	
congénitos 1 412 1 1369,	
individuales 2 412 2 1268,3128,	
componentes 2 412 2 1267,3127,	
teratogenicidad 4 412 4 1262,1293,3095,3142,	
fertilidad 1 412 1 3116,	
evidencia 5 412 5 1260,2521,3093,3181,3328,	
mostrado 4 412 4 1259,1271,3133,3180,	
animales 1 412 1 1256,	
Estudios 2 412 2 1254,3083,	
desconocido 1 412 1 1253,	
postcomercialización 2 412 2 1522,1823,	
riesgo 3 412 3 1250,1318,1490,	
embarazadas 1 412 1 1247,	
conjuntamente 1 412 1 1245,	
administran 1 412 1 1244,	
lactancia 1 412 1 1229,	
eliminándose 1 412 1 2536,	
Embarazo 1 412 1 1227,	
lugar 2 412 2 1222,1726,	
desplazamiento 2 412 2 1220,2441,	
farmacológicas 2 412 2 1216,2437,	
interacciones 3 412 3 1215,2224,2436,	
produzcan 2 412 2 1214,2435,	
probable 2 412 2 1211,2432,	
indicando 2 412 2 1207,2428,	
tasas 1 412 1 1202,	
altas 2 412 2 1201,1766,	
vitro 7 412 7 1196,2076,2110,2158,2173,2198,2418,	
in 7 412 7 1195,2075,2109,2157,2172,2197,2417,	
desplaza 2 412 2 1194,2416,	
(>99%) 2 412 2 1191,2413,	
alta 1 412 1 1190,	
magnesio 1 412 1 3383,	
generalmente 1 412 1 2261,	
proteínas 4 412 4 1188,1206,2408,2467,	
unión 6 412 6 1186,1204,1224,2427,2465,2507,	
tasa 1 412 1 1184,	
respectivamente 2 412 2 1176,2853,	
45% 1 412 1 2313,	
34% 1 412 1 1175,	
50% 1 412 1 1172,	
aproximadamente 3 412 3 1170,2460,2666,	
reduce 1 412 1 1164,	
niveles 3 412 3 1150,1166,2252,	
debido 1 412 1 1144,	
prescribe 1 412 1 1140,	
Debe 1 412 1 1135,	
8-35%) 1 412 1 1134,	
rango 4 412 4 1133,2265,2493,2706,	
90% 1 412 1 1130,	
IC 1 412 1 1128,	
23% 2 412 2 1127,2305,	
(disminución 1 412 1 1125,	
Cmin 1 412 1 1122,	
disminución 3 412 3 1119,1147,2963,	
resulta 1 412 1 1116,	
indinavir 4 412 4 1115,1124,1143,1153,	
concomitante 1 412 1 1111,	
4) 3 412 3 1108,1180,2902,	
plasmáticas 1 412 1 1102,	
concentraciones 3 412 3 1101,1389,1405,	
importantes 3 412 3 1098,1217,2438,	
descensos 1 412 1 1097,	
asociado 1 412 1 1095,	
resultados 1 412 1 1855,	
simultáneo 1 412 1 1088,	
indiquen 1 412 1 1341,	
continuo 1 412 1 1079,	
atovacuona-proguanil 6 412 6 1074,1563,1613,1650,1817,1851,	
profiláxis 1 412 1 1067,	
retirar 1 412 1 1065,	
significativo 1 412 1 3035,	
iniciar 1 412 1 1063,	
precaución 2 412 2 1061,1137,	
Se 7 412 7 1059,1154,1282,1458,1523,2351,3410,	
todavía 1 412 1 1058,	
diferentes 1 412 1 1933,	
determinado 1 412 1 1057,	
farmacológica 1 412 1 1053,	
potencial 6 412 6 1051,1251,1319,1975,2037,2886,	
mecanismo 3 412 3 1048,1948,2048,	
El 11 412 11 1047,1086,1323,1426,1947,2005,2372,2389,2546,2652,2684,	
cumarina 2 412 2 1046,1085,	
basados 2 412 2 1043,1082,	
anticoagulantes 2 412 2 1042,1081,	
conducir 2 412 2 1454,1478,	
warfanina 1 412 1 1039,	
anticoagulante 1 412 1 1036,	
potenciar 2 412 2 1033,2028,	
Proguanil 1 412 1 1031,	
interacción 2 412 2 1030,1052,	
formas 1 412 1 1028,	
medicamentos 2 412 2 1025,3544,	
Interacción 1 412 1 1021,	
mL/min) 1 412 1 986,	
rifabutina 2 412 2 970,1163,	
rifampicina 2 412 2 968,1161,	
simultánea 1 412 1 964,	
5) 2 412 2 958,974,	
tetraciclina 2 412 2 954,1092,	
metoclopramida 2 412 2 952,1090,	
simultáneamente 1 412 1 951,	
reciban 2 412 2 950,1361,	
diferente 1 412 1 940,	
quimioprofilaxis 1 412 1 930,	
debidas 2 412 2 916,1218,	
infecciones 1 412 1 915,	
convención 1 412 1 1527,	
reactivación 1 412 1 913,	
hipnozoitos 1 412 1 909,	
activo 2 412 2 905,3208,	
fármaco 4 412 4 902,1354,2538,2889,	
adicional 1 412 1 899,	
habían 1 412 1 2242,	
tratados 2 412 2 935,1647,	
necesitarán 1 412 1 896,	
parásitos 2 412 2 895,2043,	
segura 1 412 1 3055,	
desarrollen 1 412 1 889,	
aquéllos 1 412 1 887,	
así 2 412 2 885,2960,	
ovale 1 412 1 884,	
reiteradamente 1 412 1 877,	
expuestos 2 412 2 876,2923,	
viajeros 1 412 1 875,	
sólo 2 412 2 871,3323,	
vivax 2 412 2 870,880,	
viceversa 1 412 1 2516,	
parasitarias 1 412 1 862,	
recidivas 1 412 1 861,	
comunes 1 412 1 859,	
modificar 1 412 1 2569,	
Fueron 1 412 1 858,	
fallo 1 412 1 856,	
pulmonar 1 412 1 854,	
edema 1 412 1 853,	
hiperparasitemia 1 412 1 852,	
incluyan 1 412 1 851,	
Pérdida 1 412 1 1713,	
graves 1 412 1 846,	
puedan 1 412 1 1487,	
manifestaciones 1 412 1 845,	
u 1 412 1 843,	
cerebral 1 412 1 842,	
estudiado 1 412 1 835,	
11 1 412 1 828,	
pediátricos 2 412 2 824,2695,	
controlada 2 412 2 806,946,	
estrechamente 2 412 2 805,945,	
tenido 1 412 1 1769,	
parasitemia 2 412 2 802,942,	
tratar 1 412 1 795,	
emplea 1 412 1 793,	
mujeres 1 412 1 1356,	
alternativas 1 412 1 789,	
terapias 1 412 1 788,	
considerarse 2 412 2 787,1308,	
deben 5 412 5 786,1444,1467,1477,3298,	
presenten 1 412 1 782,	
mosquiteros) 1 412 1 775,	
(repelentes 1 412 1 774,	
personal 1 412 1 773,	
protección 1 412 1 772,	
medidas 1 412 1 770,	
ajustándose 1 412 1 767,	
continúen 1 412 1 766,	
recomendarse 1 412 1 757,	
agentes 1 412 1 754,	
igual 1 412 1 750,	
embargo 1 412 1 748,	
Sin 1 412 1 747,	
clínicos 12 412 12 739,1339,1518,1561,1611,1742,1759,1815,1849,1871,2210,2237,	
ensayos 11 412 11 738,1517,1560,1610,1741,1758,1814,1848,2236,3175,3288,	
eficacia 4 412 4 736,814,1352,2203,	
reducción 1 412 1 733,	
asocian 1 412 1 730,	
reducirse 1 412 1 715,	
normal 2 412 2 709,2837,	
dosificación 1 412 1 708,	
continuarse 1 412 1 705,	
diarrea 7 412 7 703,719,724,762,783,1586,1636,	
producen 1 412 1 691,	
repetida 1 412 1 688,	
mínimos 2 412 2 1151,2253,	
deberán 2 412 2 684,933,	
tabla 1 412 1 1502,	
toman 1 412 1 675,	
Las 3 412 3 672,1388,1436,	
establecido 3 412 3 652,810,1233,	
No 18 412 18 649,807,832,959,1230,1336,1416,1876,2222,2518,2727,2909,2978,3089,3103,3192,3336,3425,	
Advertencias 1 412 1 643,	
contraindicado 1 412 1 621,	
Hipersensibilidad 1 412 1 605,	
Contraindicaciones 1 412 1 604,	
secciones 3 412 3 578,1011,2897,	
alternativo 2 412 2 565,998,	
MINISTERIO 3 412 3 560,975,2797,	
inhibición 2 412 2 1959,1995,	
posible 2 412 2 556,990,	
locales 1 412 1 3483,	
ml/min) 2 412 2 552,640,	
fértil 1 412 1 1359,	
<30 3 412 3 551,639,985,	
creatinina 3 412 3 550,638,984,	
(aclaramiento 3 412 3 548,636,982,	
interrumpe 1 412 1 2000,	
señalan 1 412 1 525,	
farmacocinéticos 1 412 1 524,	
Los 11 412 11 522,874,1266,1465,1753,1844,1920,2631,3003,3260,3317,	
renal 13 412 13 521,537,546,596,634,857,980,1680,2803,2808,2836,2858,2864,	
ajuste 1 412 1 509,	
conteniendo 1 412 1 3444,	
especiales 5 412 5 507,646,3422,3428,3450,	
precauciones 2 412 2 506,645,	
prevén 1 412 1 505,	
realizado 3 412 3 495,3195,3339,	
fracaso 1 412 1 927,	
han 10 412 10 494,1258,1270,1762,1768,1878,3132,3179,3194,3338,	
Aunque 1 412 1 491,	
moderada 5 412 5 490,541,2812,2922,2940,	
reacciones 1 412 1 1508,	
leve 5 412 5 488,539,2810,2920,2938,	
hepática 8 412 8 470,486,501,1862,2908,2918,2936,2987,	
disfunción 7 412 7 469,520,595,2802,2907,2935,2986,	
2) 7 412 7 464,515,583,1018,2371,2796,2992,	
5 13 412 13 463,514,582,1017,1020,1296,1843,1900,2218,2341,2993,3417,3432,	
apartado 10 412 10 462,513,956,972,1106,1178,1295,2369,2794,2990,	
(ver 13 412 13 461,512,577,955,971,1010,1105,1177,1294,2368,2793,2896,2989,	
sienten 1 412 1 1474,	
posológicos 3 412 3 457,481,532,	
ajustes 3 412 3 456,480,531,	
realizar 3 412 3 455,479,530,	
necesario 3 412 3 454,478,529,	
recomienda 5 412 5 558,961,992,1060,2352,	
indica 2 412 2 450,474,	
farmacocinético 2 412 2 449,473,	
estudio 5 412 5 448,472,1291,1397,3140,	
ancianos 5 412 5 446,460,2726,2752,2764,	
trató 1 412 1 865,	
Misma 1 412 1 439,	
> 1 412 1 434,	
Tres 2 412 2 425,3500,	
31-40 1 412 1 421,	
Dos 1 412 1 412,	
21-30 1 412 1 408,	
11-20 1 412 1 397,	
niños 7 412 7 396,2246,2260,2457,2489,2630,2648,	
variabilidad 1 412 1 2308,	
consecutivos 2 412 2 393,407,	
tres 4 412 4 391,405,419,432,	
toma 3 412 3 389,417,430,	
única 4 412 4 388,416,429,2292,	
comprimidos 6 412 6 383,413,426,2297,2358,3446,	
Cuatro 1 412 1 382,	
TRATAMIENTO 1 412 1 378,	
kg 10 412 10 377,398,409,422,436,669,829,2675,2683,2702,	
40 4 412 4 376,435,668,2682,	
inferior 1 412 1 374,	
corporal 4 412 4 372,2250,2403,2663,	
peso 10 412 10 371,400,411,424,438,671,831,2249,2402,2662,	
cuyo 1 412 1 370,	
personas 3 412 3 369,673,760,	
diario 2 412 2 354,403,	
Un 4 412 4 352,401,447,471,	
adultos 9 412 9 351,381,443,2268,2455,2486,2624,2651,2693,	
semanas 1 412 1 348,	
estudios 11 412 11 344,496,523,2196,2209,3008,3124,3196,3261,3318,3340,	
establecida 1 412 1 342,	
amplia 1 412 1 3172,	
desconocida 2 412 2 1831,1842,	
neural 1 412 1 1372,	
sido 3 412 3 341,1056,3049,	
efectividad 2 412 2 337,656,	
seguridad 5 412 5 335,654,812,1235,2998,	
hepatocelulares 1 412 1 3278,	
endémicas 1 412 1 333,	
áreas 1 412 1 332,	
inmunizadas) 1 412 1 330,	
parcialmente 2 412 2 329,2552,	
(personas 1 412 1 328,	
residentes 1 412 1 327,	
dicha 1 412 1 324,	
abandonar 1 412 1 323,	
7 3 412 3 319,1448,3484,	
diariamente 1 412 1 317,	
días 8 412 8 314,320,392,406,420,433,2622,2628,	
28 1 412 1 313,	
exceder 1 412 1 311,	
estancia 1 412 1 306,	
período 1 412 1 304,	
continuar 3 412 3 301,316,1375,	
endémico 1 412 1 299,	
sea 5 412 5 298,373,555,904,989,	
zona 2 412 2 293,325,	
entrar 1 412 1 290,	
indicaron 1 412 1 1852,	
horas 2 412 2 287,2645,	
48 1 412 1 286,	
24 1 412 1 284,	
iniciarse 1 412 1 283,	
· 3 412 3 282,300,315,	
debería 3 412 3 281,310,1374,	
PROFILAXIS 1 412 1 278,	
nueva 1 412 1 276,	
tomarse 1 412 1 274,	
volver 1 412 1 272,	
después 2 412 2 267,321,	
grave 8 412 8 502,547,597,635,981,2859,2865,2988,	
primera 2 412 2 265,695,	
durante 9 412 9 263,302,390,404,418,431,693,1289,1302,	
vómitos 7 412 7 262,692,721,727,764,785,1585,	
produjeran 1 412 1 261,	
caso 7 412 7 257,467,518,701,911,2800,2905,	
En 18 412 18 255,326,542,700,776,910,976,1355,1558,1608,1885,2234,2280,2499,2804,2860,2932,3138,	
reducida 1 412 1 254,	
verá 1 412 1 253,	
sistémica 3 412 3 249,2757,3159,	
exposición 4 412 4 248,3037,3042,3158,	
igualmente 1 412 1 245,	
administrar 1 412 1 243,	
deberá 4 412 4 242,271,803,1891,	
tolerar 1 412 1 238,	
pacientes 35 412 35 235,459,483,498,534,543,593,631,664,717,777,800,823,932,948,977,1076,1466,1597,1646,1675,1754,2213,2281,2355,2692,2751,2805,2833,2855,2861,2915,2930,2933,2984,	
Si 2 412 2 233,790,	
día 1 412 1 232,	
transporte 1 412 1 1961,	
hora 3 412 3 230,266,696,	
absorción) 1 412 1 226,	
máxima 1 412 1 225,	
asegurar 1 412 1 223,	
(para 1 412 1 222,	
láctea 2 412 2 221,2367,	
bebida 2 412 2 220,2366,	
o 27 412 27 217,285,508,608,613,679,720,763,784,855,881,925,953,969,1064,1068,1162,1481,1493,1514,1809,2363,2607,2747,3117,3185,3251,	
Período 1 412 1 3414,	
alimentos 4 412 4 216,240,2302,2362,	
ingerida 3 412 3 214,2300,2317,	
debe 4 412 4 212,704,756,943,	
diaria 1 412 1 211,	
náuseas 1 412 1 1584,	
La 16 412 16 209,279,710,941,1109,1298,1500,2143,2185,2314,2464,2612,2755,2838,3458,3521,	
efecto 2 412 2 1035,3153,	
administración 14 412 14 208,270,561,699,963,994,1110,1158,1344,1377,1728,2585,2689,2892,	
forma 4 412 4 206,1326,3054,3249,	
Posología 7 412 7 204,349,379,394,444,465,516,	
Sanitarias 1 412 1 201,	
insuficiencia 10 412 10 485,500,536,545,633,979,2807,2857,2863,2917,	
Autoridades 1 412 1 200,	
OMS 1 412 1 195,	
incluirán 1 412 1 190,	
Hidroxipropilcelulosa 1 412 1 3365,	
9 2 412 2 1874,3511,	
Normalmente 1 412 1 186,	
resistencias 2 412 2 182,2088,	
prevalencia 1 412 1 180,	
local 1 412 1 178,	
oficiales 2 412 2 175,189,	
directrices 3 412 3 174,188,192,	
cuenta 1 412 1 172,	
tenerse 2 412 2 170,1136,	
Deberán 1 412 1 169,	
resistente 1 412 1 165,	
pueda 1 412 1 163,	
hierro 1 412 1 3397,	
patógeno 1 412 1 162,	
tratamiento 19 412 19 154,564,570,681,819,839,898,922,997,1003,1070,1078,1087,1384,1566,1599,1894,2606,3058,	
profilaxis 11 412 11 151,280,364,586,624,660,678,744,1616,2608,3060,	
K30 1 412 1 3373,	
recomendado 2 412 2 148,361,	
especialmente 1 412 1 147,	
está 7 412 7 146,360,620,2398,2490,2703,3527,	
Grupo 1 412 1 1910,	
antipalúdicos 6 412 6 142,168,185,755,1912,2093,	
fármacos 5 412 5 141,184,1199,2092,2421,	
resistentes 1 412 1 139,	
Recubrimiento 1 412 1 3386,	
sensibles 1 412 1 137,	
P 15 412 15 135,158,575,590,628,869,879,883,918,1008,1955,2079,2104,2164,2200,	
eficaz 1 412 1 132,	
obtenida 1 412 1 1747,	
complicado 2 412 2 126,849,	
agudo 4 412 4 124,573,780,1006,	
Este 1 412 1 2046,	
Tratamiento 1 412 1 121,	
actual 1 412 1 2097,	
paludismo 25 412 25 117,123,156,297,366,572,588,626,662,683,746,779,797,821,841,848,867,890,1005,1072,1568,1618,2045,2610,3062,	
Profilaxis 1 412 1 115,	
indicado 1 412 1 113,	
Está 1 412 1 112,	
falciparum 15 412 15 111,120,129,136,159,576,591,629,919,1009,1956,2080,2105,2165,2201,	
Plasmodium 4 412 4 110,119,128,2072,	
hepáticos 1 412 1 108,	
geográfica 1 412 1 294,	
esquizontes 1 412 1 107,	
37 1 412 1 2878,	
frente 9 412 9 104,133,906,1953,2070,2077,2111,2136,2159,	
actividad 6 412 6 103,2010,2069,2144,2175,3188,	
presenta 2 412 2 102,2087,	
sanguíneo 2 412 2 98,939,	
sensibilidad 1 412 1 3301,	
esquizonticida 2 412 2 97,938,	
actúa 2 412 2 94,1330,	
hidrocloruro 8 412 8 90,610,1239,1926,2057,2373,2547,3016,	
e 6 412 6 89,176,1114,1238,1925,2056,	
atovacuona 44 412 44 88,251,607,713,1104,1113,1141,1168,1237,1391,1407,1420,1513,1752,1761,1795,1924,1952,2033,2055,2138,2188,2227,2255,2299,2322,2395,2453,2509,2524,2531,2617,2655,2715,2746,2821,2845,2925,3015,3184,3200,3266,3307,3348,	
fija 1 412 1 86,	
dosis 15 412 15 85,210,277,440,511,687,1764,2232,2291,2590,2894,3001,3010,3028,3064,	
combinación 11 412 11 83,1265,2063,2186,3014,3071,3098,3113,3147,3202,3346,	
terapéuticas 1 412 1 79,	
Indicaciones 1 412 1 78,	
CLÍNICOS 1 412 1 75,	
DATOS 2 412 2 74,3350,	
4 27 412 27 73,76,202,579,580,600,602,641,642,957,973,1012,1014,1019,1107,1179,1225,1447,1496,1832,1873,2370,2795,2898,2901,2991,3420,	
biconvexos 1 412 1 72,	
redondos 1 412 1 70,	
rosa 1 412 1 69,	
color 1 412 1 68,	
película 1 412 1 65,	
recubiertos 1 412 1 63,	
FARMACÉUTICA 1 412 1 60,	
FORMA 1 412 1 59,	
3 7 412 7 58,601,603,1015,1818,2994,3413,	
6 9 412 9 56,1226,3349,3407,3412,3419,3431,3447,3448,	
sección 2 412 2 55,599,	
mostraron 2 412 2 3270,3327,	
ver 2 412 2 54,598,	
excipientes 3 412 3 53,618,3356,	
completa 1 412 1 51,	
lista 1 412 1 50,	
linfoma 1 412 1 3227,	
consultar 1 412 1 48,	
Para 2 412 2 47,584,	
esperada 1 412 1 3044,	
100 1 412 1 45,	
proguanil 38 412 38 44,92,612,1241,1324,1427,1515,1602,1835,1928,1986,2006,2020,2059,2147,2177,2190,2229,2375,2397,2469,2484,2514,2549,2597,2638,2749,2822,2871,2951,3018,3023,3047,3186,3204,3210,3325,3344,	
Hidrocloruro 1 412 1 42,	
mg 3 412 3 41,46,2295,	
250 1 412 1 40,	
Atovacuona 6 412 6 39,1181,2065,2085,2270,2404,	
contiene 1 412 1 38,	
comprimido 3 412 3 35,353,402,	
Cada 1 412 1 34,	
CUANTITATIVA 1 412 1 32,	
Y 1 412 1 31,	
CUALITATIVA 1 412 1 30,	
COMPOSICIÓN 1 412 1 29,	
2 8 412 8 28,203,1013,1745,2219,2899,3408,3498,	
Comprimidos 4 412 4 27,62,66,358,	
Malarone 32 412 32 26,37,80,130,244,339,356,357,385,567,619,658,676,741,791,816,836,873,924,966,1000,1301,1329,1386,1446,1512,1884,1923,2244,2360,2587,3130,	
	 6 412 6 25,33,61,3491,3509,3518,	
MEDICAMENTO 2 412 2 24,1905,	
NOMBRE 1 412 1 22,	
1 6 412 6 21,57,77,1734,1907,3353,	
PRODUCTO 1 412 1 20,	
DEL 3 412 3 19,23,3516,	
CARACTERÍSTICAS 1 412 1 18,	
LAS 1 412 1 17,	
DE 7 412 7 16,1903,3486,3489,3505,3507,3513,	
RESUMEN 1 412 1 15,	
O 1 412 1 14,	
absorción 3 412 3 711,2331,2743,	
TÉCNICA 1 412 1 13,	
FICHA 1 412 1 12,	
información 3 412 3 9,177,3522,	
Toda 1 412 1 7,	
medicamento 4 412 4 6,11,3461,3526,	
Basica 1 412 1 4,	
	Información 1 412 1 3,	
COMPRIMIDOS 1 412 1 2,	
12 3 412 3 1,347,3445,	
clínica 3 412 3 3043,3082,3316,	
MALARONE 2 412 2 0,1744,	
