	Prospectos 1 167 1 5692,	
" 1 167 1 5691,	
analizar 1 167 1 5679,	
(4ºC) 1 167 1 5666,	
preparadas 1 167 1 5657,	
serán 1 167 1 5656,	
hielo/agua 2 167 2 5651,5677,	
heparínico 1 167 1 5642,	
refrigerados 1 167 1 5636,	
colocarse 1 167 1 5632,	
minimizar 1 167 1 5622,	
objeto 1 167 1 5620,	
deberán 2 167 2 5609,5645,	
conservante 2 167 2 5462,5572,	
único 1 167 1 5448,	
transparentes 1 167 1 5439,	
Únicamente 1 167 1 5433,	
Inspeccionar 1 167 1 5428,	
girando 1 167 1 5418,	
continuación 1 167 1 5397,	
descrita 1 167 1 5395,	
preparación 1 167 1 5392,	
Fasturtec"" 1 167 1 5385,	
""Cómo 1 167 1 5383,	
Ver 1 167 1 5380,	
sanitarios 1 167 1 5379,	
profesionales 1 167 1 5378,	
médicos 1 167 1 5376,	
--------------------------------------------------------------------------------------------------------------------------- 1 167 1 5368,	
aprobado 1 167 1 5339,	
+370 1 167 1 5332,	
UAB 1 167 1 5328,	
Lietuva 2 167 2 5327,5330,	
1483 1 167 1 5324,	
+44 1 167 1 5322,	
51 1 167 1 5320,	
33 1 167 1 5318,	
+371 1 167 1 5316,	
SIA 1 167 1 5313,	
Latvia 1 167 1 5312,	
Kingdom 1 167 1 5310,	
United 1 167 1 5309,	
Latvija 1 167 1 5308,	
634 1 167 1 5305,	
(0)8 1 167 1 5304,	
+46 1 167 1 5303,	
+357 1 167 1 5299,	
AB 1 167 1 5298,	
Cyprus 1 167 1 5295,	
300 1 167 1 5293,	
+358 1 167 1 5289,	
Puh/Tel 1 167 1 5288,	
393 1 167 1 5286,	
02 1 167 1 5285,	
Oy 1 167 1 5282,	
Suomi/Finland 1 167 1 5276,	
Italia 1 167 1 5275,	
777 1 167 1 5274,	
103 1 167 1 5273,	
+421 1 167 1 5270,	
7000 1 167 1 5268,	
535 1 167 1 5267,	
+354 1 167 1 5266,	
Sími 1 167 1 5265,	
Pharma 1 167 1 5260,	
hf 1 167 1 5258,	
Vistor 1 167 1 5257,	
Slovenská 1 167 1 5255,	
48 1 167 1 5252,	
560 1 167 1 5251,	
56 1 167 1 5246,	
403 1 167 1 5245,	
d 1 167 1 5238,	
Slovenija 1 167 1 5233,	
63 1 167 1 5229,	
57 2 167 2 5228,5272,	
+33 1 167 1 5226,	
depuis 1 167 1 5224,	
Appel 1 167 1 5223,	
31 1 167 1 5221,	
317 1 167 1 5220,	
(0) 4 167 4 5218,5243,5290,5323,	
+40 1 167 1 5217,	
555 1 167 1 5215,	
222 1 167 1 5214,	
800 1 167 1 5213,	
Tél 1 167 1 5211,	
L 1 167 1 5210,	
R 1 167 1 5209,	
france 1 167 1 5205,	
România 2 167 2 5203,5207,	
400 1 167 1 5201,	
89 1 167 1 5200,	
35 1 167 1 5199,	
21 2 167 2 5198,5219,	
+351 1 167 1 5197,	
94 1 167 1 5194,	
485 1 167 1 5193,	
93 1 167 1 5192,	
+34 1 167 1 5191,	
Farmacêuticos 1 167 1 5187,	
Produtos 1 167 1 5186,	
S 4 167 4 5182,5188,5208,5278,	
España 1 167 1 5179,	
46 1 167 1 5177,	
541 1 167 1 5176,	
+48 1 167 1 5174,	
900 1 167 1 5170,	
210 1 167 1 5169,	
z 1 167 1 5165,	
Sp 1 167 1 5164,	
AEBE 1 167 1 5162,	
Polska 1 167 1 5160,	
­ 1 167 1 5158,	
185 1 167 1 5157,	
+43 1 167 1 5154,	
88 1 167 1 5152,	
627 1 167 1 5150,	
OÜ 1 167 1 5145,	
Österreich 1 167 1 5142,	
Eesti 1 167 1 5141,	
71 1 167 1 5139,	
67 2 167 2 5137,5317,	
+47 1 167 1 5136,	
222010 1 167 1 5134,	
(0)180 1 167 1 5132,	
+49 1 167 1 5131,	
AS 1 167 1 5129,	
GmbH 2 167 2 5126,5147,	
Sanofi-Aventis 1 167 1 5124,	
Norge 2 167 2 5123,5128,	
Deutschland 2 167 2 5122,5125,	
755 1 167 1 5121,	
557 1 167 1 5120,	
(0)182 1 167 1 5119,	
+31 1 167 1 5118,	
45 1 167 1 5113,	
Tlf 2 167 2 5111,5135,	
Netherlands 1 167 1 5108,	
A/S 1 167 1 5106,	
Nederland 1 167 1 5103,	
Danmark 1 167 1 5102,	
+356 1 167 1 5100,	
111 1 167 1 5098,	
233 1 167 1 5096,	
+420 1 167 1 5095,	
Ltd 3 167 3 5093,5236,5296,	
s 2 167 2 5088,5262,	
Malta 2 167 2 5086,5092,	
Ceská 1 167 1 5084,	
505 2 167 2 5082,5325,	
+36 1 167 1 5080,	
+386 1 167 1 5249,	
Tel 19 167 19 5079,5094,5099,5117,5130,5148,5153,5173,5190,5196,5216,5241,5248,5269,5283,5302,5315,5321,5331,	
53 1 167 1 5077,	
970 1 167 1 5076,	
zrt 1 167 1 5072,	
EOOD 1 167 1 5070,	
Bulgaria 1 167 1 5069,	
Magyarország 2 167 2 5067,5073,	
(Belgique/Belgien) 1 167 1 5066,	
00 11 167 11 5059,5065,5078,5116,5140,5172,5178,5195,5247,5253,5307,	
54 2 167 2 5058,5064,	
710 2 167 2 5057,5063,	
(0)2 3 167 3 5056,5062,5075,	
+32 2 167 2 5055,5061,	
Tél/Tel 2 167 2 5054,5060,	
Belgium 2 167 2 5051,5053,	
Luxembourg/Luxemburg 1 167 1 5049,	
Belgien 1 167 1 5048,	
België/Belgique/ 1 167 1 5047,	
titular 1 167 1 5041,	
local 1 167 1 5039,	
dirigiéndose 1 167 1 5036,	
solicitar 1 167 1 5029,	
Pueden 1 167 1 5028,	
F- 1 167 1 5021,	
fabricación 1 167 1 5013,	
Responsable 1 167 1 5010,	
París 1 167 1 5008,	
comercialización 2 167 2 4999,5046,	
Envase 2 167 2 4883,4934,	
Aspecto 1 167 1 4848,	
	"Composición 1 167 1 4791,	
ADICIONAL 1 167 1 4790,	
y/o 1 167 1 4785,	
observa 1 167 1 4778,	
8°C) 1 167 1 4761,	
2°C 1 167 1 4759,	
fecha 1 167 1 4747,	
utilice 2 167 2 4742,4775,	
síntomas 1 167 1 4698,	
informar 1 167 1 4690,	
dolor 1 167 1 4686,	
vómitos 1 167 1 4683,	
diarrea 1 167 1 4682,	
registrado 2 167 2 4656,4677,	
nariz) 1 167 1 4653,	
irritación 1 167 1 4651,	
(goteo 1 167 1 4649,	
raros 1 167 1 4644,	
arterial 1 167 1 4638,	
dificultades 1 167 1 4633,	
alérgico) 1 167 1 4630,	
fiebre 1 167 1 4614,	
incluyen 1 167 1 4613,	
1/1000 1 167 1 4602,	
1/10 1 167 1 4587,	
afecta 2 167 2 4585,4598,	
significa 2 167 2 4583,4596,	
Un 2 167 2 4579,4591,	
personas 3 167 3 4560,4590,4603,	
producir 1 167 1 4553,	
	Al 1 167 1 4545,	
ADVERSOS 1 167 1 4544,	
EFECTOS 1 167 1 4543,	
POSIBLES 1 167 1 4542,	
pregunte 1 167 1 4535,	
recurrir 1 167 1 4518,	
rojos 2 167 2 4514,4668,	
glóbulos 2 167 2 4513,4667,	
riguroso 1 167 1 4510,	
determinará 1 167 1 4488,	
periódicamente 1 167 1 4481,	
controlará 1 167 1 4480,	
disolvente; 1 167 1 4400,	
(el 1 167 1 4383,	
suministrado 1 167 1 4379,	
kg 1 167 1 4356,	
calculará 1 167 1 4342,	
CÓMO 1 167 1 4336,	
Conducción 1 167 1 4318,	
receta 1 167 1 4303,	
recientemente 1 167 1 4295,	
utilizado 1 167 1 4294,	
Uso 1 167 1 4278,	
recomienden 1 167 1 4270,	
permanente 1 167 1 4264,	
sanguíneas 1 167 1 4249,	
afectan 2 167 2 4245,4664,	
reversibles 2 167 2 4243,4662,	
determinados 1 167 1 4241,	
repetir 1 167 1 4234,	
aumenta 1 167 1 4230,	
limitada 1 167 1 4218,	
cuenta 1 167 1 4201,	
Debe 2 167 2 4198,4689,	
anterior 1 167 1 4187,	
episodio 1 167 1 4186,	
sufrido 1 167 1 4184,	
Informe 2 167 2 4178,4283,	
raras 1 167 1 4176,	
producen 1 167 1 4174,	
Éstas 1 167 1 4172,	
administran 1 167 1 4161,	
humano 1 167 1 4158,	
origen 1 167 1 4156,	
igual 2 167 2 4151,4546,	
celular 1 167 1 4139,	
metabólico 1 167 1 4138,	
componentes 3 167 3 4120,4819,4838,	
(hipersensible) 1 167 1 4107,	
r 2 167 2 5089,5263,	
use 1 167 1 4101,	
	No 1 167 1 4079,	
USAR 2 167 2 4077,4337,	
ANTES 1 167 1 4075,	
protege 1 167 1 4071,	
facilidad 1 167 1 4062,	
soluble 1 167 1 4053,	
(denominada 1 167 1 4048,	
sustancia 1 167 1 4047,	
dañar 1 167 1 4037,	
podría 1 167 1 4036,	
eliminar 1 167 1 4026,	
suficiente 1 167 1 4024,	
podrían 2 167 2 4020,4575,	
través 1 167 1 4009,	
orina 2 167 2 4007,4067,	
eliminarse 2 167 2 4004,4059,	
suele 1 167 1 4003,	
cantidades 1 167 1 3998,	
dirigida 1 167 1 5373,	
presente 2 167 2 3993,4015,	
Cuando 1 167 1 3991,	
excesivos 1 167 1 3975,	
Portugal 1 167 1 5180,	
disminuir 1 167 1 3972,	
prescribe 1 167 1 3970,	
así 1 167 1 3952,	
padece 1 167 1 3951,	
desintoxicante 1 167 1 3941,	
	Agente 1 167 1 3940,	
UTILIZA 1 167 1 3939,	
SE 1 167 1 3938,	
PARA 1 167 1 3936,	
QUÉ 2 167 2 3932,3937,	
Posibles 1 167 1 3921,	
Cómo 1 167 1 3917,	
Antes 1 167 1 3912,	
utiliza 1 167 1 3910,	
p 1 167 1 5279,	
Contenido 1 167 1 3899,	
farmacéutico 3 167 3 3898,4288,4540,	
informe 2 167 2 3893,4722,	
mencionado 2 167 2 3889,4718,	
adverso 4 167 4 3887,4581,4593,4716,	
aprecia 2 167 2 3884,4713,	
sufre 2 167 2 3879,4708,	
considera 2 167 2 3871,4700,	
consulte 1 167 1 3865,	
duda 2 167 2 3864,4528,	
leerlo 1 167 1 3859,	
volver 1 167 1 3857,	
Conserve 1 167 1 3849,	
empezar 1 167 1 3843,	
representante 1 167 1 5038,	
detenidamente 1 167 1 3840,	
Lea 1 167 1 3836,	
22 3 167 3 3822,5175,5300,	
	B 1 167 1 3820,	
EU/1/00/170/002 1 167 1 3683,	
proptegerlo 1 167 1 3633,	
mg/5 2 167 2 3478,3543,	
ACTIVO 1 167 1 3474,	
AMPOLLA 1 167 1 3451,	
VIAL 1 167 1 3446,	
ACONDICIONAMIENTO 1 167 1 3441,	
DISOLVENTE/AMPOLLA 2 167 2 3392,3777,	
Titular 1 167 1 4994,	
UNIDADES 4 167 4 3377,3430,3762,3815,	
VOLUMEN 4 167 4 3374,3427,3759,3812,	
PESO 4 167 4 3372,3425,3757,3810,	
	 4 167 4 3358,3411,3743,3796,	
POLVO/VIAL 2 167 2 3331,3716,	
PRIMARIOS 4 167 4 3330,3391,3715,3776,	
ACONDICIONAMIENTOS 4 167 4 3329,3390,3714,3775,	
PEQUEÑOS 4 167 4 3328,3389,3713,3774,	
INCLUIRSE 4 167 4 3326,3387,3711,3772,	
OTROS 5 167 5 3321,3382,3434,3767,3819,	
	Lote 5 167 5 3319,3368,3421,3753,3806,	
TIRAS 1 167 1 3270,	
BLÍSTERS 1 167 1 3268,	
INCLUIR 1 167 1 3266,	
BRAILLE 2 167 2 3262,3706,	
16 4 167 4 3259,3703,5114,5171,	
INSTRUCCIONES 2 167 2 3256,3700,	
GENERALES 2 167 2 3247,3691,	
Lote 2 167 2 3244,3688,	
EU/1/00/170/001 1 167 1 3239,	
NÚMERO(S) 2 167 2 3234,3678,	
sanofi-aventis 30 167 30 3223,3667,5000,5050,5052,5068,5071,5087,5091,5104,5107,5127,5143,5146,5161,5163,5181,5184,5204,5206,5234,5237,5259,5277,5281,5294,5297,5311,5314,5329,	
CORRESPONDA) 2 167 2 3211,3655,	
(CUANDO 2 167 2 3210,3654,	
DERIVADOS 2 167 2 3206,3650,	
ESTÉN 1 167 1 3205,	
UTILIZADO 2 167 2 3199,3645,	
NO 2 167 2 3198,3644,	
ELIMINACIÓN 2 167 2 3195,3641,	
PRECAUCIONES 2 167 2 3192,3638,	
	CAD 7 167 7 3162,3314,3363,3416,3608,3748,3801,	
NECESARIO 2 167 2 3157,3603,	
ES 3 167 3 3156,3602,3933,	
SI 2 167 2 3155,3601,	
ESPECIALES 6 167 6 3154,3173,3193,3600,3619,3639,	
OTRAS 2 167 2 3152,3598,	
vista 3 167 3 3147,3593,4737,	
alcance 3 167 3 3143,3589,4733,	
fuera 3 167 3 3141,3587,4731,	
	Mantener 3 167 3 3140,3586,4730,	
MANTENERSE 2 167 2 3139,3585,	
realizarse 2 167 2 3116,3562,	
prospecto 8 167 8 3107,3553,3839,3851,3892,3901,4721,5336,	
ADMINISTRACIÓN 10 167 10 3104,3339,3357,3400,3410,3550,3724,3742,3785,3795,	
VÍA(S) 6 167 6 3102,3337,3398,3548,3722,3783,	
	El 2 167 2 3051,3497,	
EXCIPIENTES 2 167 2 3050,3496,	
genética 3 167 3 3040,3486,4809,	
ingeniería 3 167 3 3039,3485,4808,	
DISOLVENTE 3 167 3 3007,3281,3453,	
cabeza 1 167 1 4688,	
AMPOLLAS 2 167 2 3005,3279,	
POLVO 3 167 3 3002,3276,3448,	
ENVASE 5 167 5 2997,3080,3271,3443,3526,	
caducidad 1 167 1 4749,	
EXTERIOR 2 167 2 2996,3442,	
EL 4 167 4 2994,3136,3440,3582,	
FIGURAR 2 167 2 2992,3438,	
QUE 9 167 9 2990,3135,3204,3324,3385,3436,3581,3709,3770,	
uricasa 1 167 1 4113,	
12 3 167 3 2988,3233,3677,	
ADVERTENCIAS 2 167 2 3153,3599,	
11 3 167 3 2985,3212,3656,	
PROSPECTO 2 167 2 2984,3821,	
ETIQUETADO 2 167 2 2982,2987,	
procede 1 167 1 2979,	
EFICAZ 1 167 1 2975,	
UTILIZACIÓN 1 167 1 2972,	
CON 4 167 4 2970,2998,3272,3444,	
RELACIÓN 1 167 1 2969,	
Características 1 167 1 2958,	
Resumen 1 167 1 2955,	
Técnica 1 167 1 2953,	
LOTE 7 167 7 3243,3318,3367,3420,3687,3752,3805,	
Ficha 1 167 1 2952,	
I 1 167 1 2951,	
Anexo 1 167 1 2950,	
(Ver 1 167 1 2949,	
restringida 1 167 1 2948,	
médica 3 167 3 2947,3254,3698,	
prescripción 3 167 3 2946,3253,3697,	
sujeto 3 167 3 2944,3251,3695,	
AL 1 167 1 2936,	
IMPUESTAS 1 167 1 2935,	
USO 5 167 5 2934,3209,3258,3653,3702,	
DISPENSACIÓN 3 167 3 2932,3249,3693,	
RESTRICCIONES 2 167 2 2930,2967,	
· 2 167 2 2927,2964,	
Bondeville 2 167 2 2918,5026,	
Dame 2 167 2 2916,5024,	
Notre 2 167 2 2915,5023,	
76960 2 167 2 2914,5022,	
l'Abbaye 2 167 2 2913,5020,	
rue 2 167 2 2911,5018,	
Production 2 167 2 2909,5016,	
Wellcome 2 167 2 2908,5015,	
Glaxo 2 167 2 2907,5014,	
lotes 1 167 1 2906,	
liberación 1 167 1 2903,	
responsable(s) 1 167 1 2900,	
30390 1 167 1 2890,	
d'Avignon 1 167 1 2889,	
Route 1 167 1 2888,	
Chimie 1 167 1 2887,	
Sanofi 1 167 1 2886,	
biológico(s) 1 167 1 2885,	
activo(s) 1 167 1 2884,	
principio(s) 1 167 1 2883,	
fabricante(s) 2 167 2 2879,2899,	
los) 3 167 3 2878,2882,2898,	
(de 3 167 3 2877,2881,2897,	
dirección 2 167 2 2875,2895,	
Nombre 2 167 2 2873,2893,	
CONDICIONES 8 167 8 2845,2921,2928,2965,3172,3246,3618,3690,	
B 3 167 3 2844,2920,5109,	
LOTES 2 167 2 2843,2872,	
LOS 4 167 4 2842,2871,3202,3648,	
LIBERACIÓN 2 167 2 2840,2869,	
RESPONSABLE(S) 2 167 2 2837,2866,	
FABRICACIÓN 2 167 2 2836,2865,	
TITULAR(ES) 2 167 2 2831,2860,	
BIOLÓGICO(S) 2 167 2 2829,2858,	
ACTIVO(S) 3 167 3 2828,2857,3028,	
PRINCIPIO(S) 3 167 3 2827,2856,3027,	
FABRICANTE(S) 2 167 2 2823,2852,	
II 1 167 1 2821,	
ANEXO 2 167 2 2820,2980,	
eu/ 1 167 1 2818,	
europa 2 167 2 2817,5366,	
emea 2 167 2 2816,5365,	
//www 2 167 2 2815,5364,	
(EMEA) 2 167 2 2813,5362,	
debiera 1 167 1 4500,	
Medicamento 5 167 5 2812,2943,3250,3694,5361,	
Agencia 2 167 2 2809,5358,	
Vía 4 167 4 3129,3352,3575,3737,	
web 2 167 2 2806,5355,	
página 2 167 2 2805,5354,	
disponible 3 167 3 2802,4326,5351,	
TEXTO 1 167 1 2794,	
REVISIÓN 1 167 1 2792,	
2006 1 167 1 2787,	
revalidación 1 167 1 2782,	
última 2 167 2 2781,5341,	
2001 1 167 1 2777,	
Febrero 2 167 2 2775,2785,	
23 5 167 5 2773,2783,4197,5230,5231,	
autorización 3 167 3 2772,4997,5044,	
AUTORIZACIÓN/RENOVACIÓN 1 167 1 2764,	
PRIMERA 1 167 1 2763,	
FECHA 9 167 9 2760,2789,3159,3311,3360,3413,3605,3745,3798,	
	EU/1/00/170/001-002 1 167 1 2758,	
NÚMERO 8 167 8 2753,3241,3316,3365,3418,3685,3750,3803,	
Francia 7 167 7 2751,2892,2919,3232,3676,5009,5027,	
Paris 3 167 3 2750,3231,3675,	
75013 4 167 4 2749,3230,3674,5007,	
Qué 1 167 1 3903,	
F 4 167 4 2747,3228,3672,5005,	
France 5 167 5 2746,3227,3671,5004,5202,	
avenue 4 167 4 2744,3225,3669,5002,	
	sanofi-aventis 2 167 2 2742,3309,	
COMERCIALIZACIÓN 10 167 10 2741,2757,2850,2926,2942,3222,3238,3308,3666,3682,	
AUTORIZACIÓN 13 167 13 2739,2755,2767,2834,2848,2863,2924,2940,3220,3236,3306,3664,3680,	
LA 15 167 15 2738,2762,2766,2791,2833,2839,2847,2862,2868,2923,2939,2971,3219,3305,3663,	
realizar 2 167 2 2729,4506,	
2755224 1 167 1 5334,	
mantenerse 2 167 2 2715,5672,	
ºC) 1 167 1 2709,	
(4 1 167 1 2708,	
refrigerada 2 167 2 2707,5665,	
previamente 4 167 4 2706,4214,5635,5664,	
Europea 2 167 2 2810,5359,	
centrifugación 2 167 2 2702,5660,	
prepararse 1 167 1 2700,	
sumergirse 2 167 2 2689,5646,	
anticoagulante 2 167 2 2685,5641,	
heparina 1 167 1 2683,	
contengan 2 167 2 2682,5639,	
prerrefrigerados 1 167 1 2680,	
201 1 167 1 5291,	
tubos 2 167 2 2679,5634,	
recoger 1 167 1 2677,	
sangre 5 167 5 2674,3967,3996,4516,5630,	
vivo 2 167 2 2672,5626,	
ex 2 167 2 2671,5625,	
analito 2 167 2 2670,5628,	
siguiente 2 167 2 2658,5370,	
rigurosamente 1 167 1 2656,	
tenga 1 167 1 2645,	
deberá 4 167 4 2632,5455,5631,5671,	
Perfusión 2 167 2 2628,5583,	
inmediatamente 7 167 7 2627,3164,3610,4260,4691,5582,5658,	
diluida 3 167 3 2624,4440,5578,	
final 4 167 4 2605,2631,5557,5586,	
posteriormente 3 167 3 2577,4441,5529,	
obtenido 2 167 2 2567,5518,	
requerida 2 167 2 2557,5508,	
cantidad 2 167 2 2554,5505,	
MÍNIMA 5 167 5 3264,3323,3384,3708,3769,	
obtener 4 167 4 2552,2591,5503,5543,	
Fecha 2 167 2 2768,2778,	
corporal 6 167 6 2540,2611,4346,4359,5491,5563,	
depende 4 167 4 2537,2608,5488,5560,	
Dilución 2 167 2 2526,5477,	
reconstituida 8 167 8 2519,2536,2566,2616,5468,5487,5517,5568,	
conservantes 2 167 2 2514,2619,	
+353 1 167 1 5242,	
Todo 1 167 1 2502,	
De 2 167 2 2498,4068,	
partículas 3 167 3 2497,4787,5444,	
incoloras 2 167 2 2495,5441,	
trasparentes 1 167 1 2493,	
soluciones 2 167 2 2492,5438,	
Sólo 1 167 1 2487,	
visualmente 2 167 2 2482,5429,	
V 1 167 1 5110,	
Examinar 1 167 1 2481,	
agitar 3 167 3 2480,4420,5427,	
validadas 3 167 3 2478,5425,5476,	
controladas 4 167 4 2476,2525,5423,5474,	
asépticas 4 167 4 2475,2524,5422,5473,	
suavemente 2 167 2 2472,5419,	
girándolo 1 167 1 2470,	
mezclar 2 167 2 2469,5417,	
Añadir 2 167 2 2456,5402,	
diluirse 5 167 5 2439,2521,2576,5470,5528,	
tendrá 4 167 4 2437,5526,5579,5587,	
concentración 4 167 4 2429,2599,4430,5551,	
80 1 167 1 5156,	
+372 1 167 1 5149,	
obtiene 4 167 4 2424,3483,4425,4806,	
Tras 2 167 2 2420,4421,	
ml) 1 167 1 2419,	
excesivo 1 167 1 3984,	
ml; 1 167 1 2402,	
reconstituir 3 167 3 2394,2411,4372,	
(vial 1 167 1 2386,	
proporcionada 1 167 1 2385,	
174 4 167 4 2743,3224,3668,5001,	
completo 2 167 2 2379,4376,	
manipulaciones 1 167 1 2372,	
comercializados 2 167 2 2359,4989,	
estén 2 167 2 2358,4988,	
Puede 4 167 4 2355,2543,4985,5494,	
10 6 167 6 2332,2788,3191,3637,4962,5138,	
ampolla 17 167 17 2297,2316,2346,2382,2397,2414,2461,3123,3540,3569,4382,4395,4413,4925,4946,4976,5407,	
eu 1 167 1 5367,	
tapón 4 167 4 2289,2338,4917,4968,	
I) 8 167 8 2286,2302,2335,2351,4914,4930,4965,4981,	
+39 1 167 1 5284,	
(tipo 8 167 8 2285,2301,2334,2350,4913,4929,4964,4980,	
vidrio 8 167 8 2280,2299,2329,2348,4908,4927,4959,4978,	
ampollas 3 167 3 2267,3094,4895,	
viales 11 167 11 2258,2278,2327,2550,2574,3091,4886,4906,4957,5501,5525,	
envases 2 167 2 2255,2363,	
Denmark 1 167 1 5105,	
presenta 6 167 6 2253,2276,2325,4696,4904,4955,	
envase 4 167 4 2250,4754,4854,4993,	
contenido 6 167 6 2248,2458,3120,3566,4852,5404,	
Naturaleza 1 167 1 2246,	
diluido 1 167 1 2239,	
200 1 167 1 5292,	
luz 4 167 4 2231,3190,3636,4773,	
protegerlo 3 167 3 2228,3187,4770,	
caucho 4 167 4 2291,2340,4919,4970,	
original 4 167 4 2226,3185,3631,4768,	
embalaje 4 167 4 2225,3184,3630,4767,	
congelar 4 167 4 2221,3180,3626,4763,	
8ºC) 1 167 1 2219,	
(entre 2 167 2 2216,4758,	
36 1 167 1 5222,	
nevera 4 167 4 2215,3178,3624,4757,	
conservación 2 167 2 2209,2236,	
Precauciones 2 167 2 2206,2366,	
+2ºC 1 167 1 2201,	
adquiridos 1 167 1 4301,	
estabilidad 1 167 1 2186,	
	rasburicasa 1 167 1 3475,	
demostrado 1 167 1 2183,	
después 5 167 5 2173,2188,3165,3611,4744,	
recomienda 1 167 1 2169,	
aparece 1 167 1 4751,	
años 1 167 1 2167,	
validez 1 167 1 2165,	
14 2 167 2 3245,3689,	
Periodo 1 167 1 2163,	
dilución 5 167 5 2155,2178,2195,3170,3616,	
glucosa 1 167 1 2153,	
filtro 1 167 1 2142,	
quimioterapéuticos 2 167 2 2106,2132,	
agentes 2 167 2 2105,2131,	
mencionados 1 167 1 2081,	
excepto 1 167 1 2078,	
mezclarse 1 167 1 2075,	
Incompatibilidades 1 167 1 2070,	
inyectables 4 167 4 2067,3073,3519,4847,	
preparaciones 4 167 4 2066,3072,3518,4846,	
agua 4 167 4 2064,3070,3516,4844,	
188 4 167 4 2063,3069,3515,4843,	
Disolvente 5 167 5 2061,3067,3401,3513,3786,	
dihidrógeno 4 167 4 2057,3063,3509,4831,	
dihidrato 8 167 8 2056,2060,3062,3066,3508,3512,4830,4834,	
dodecahidrato 4 167 4 2053,3059,3505,4827,	
disódico 8 167 8 2052,2055,3058,3061,3504,3507,4826,4829,	
manitol 4 167 4 2050,3056,3502,4824,	
alanina 4 167 4 2049,3055,3501,4823,	
Polvo 3 167 3 2048,2210,4855,	
Lista 1 167 1 2045,	
	6 1 167 1 2043,	
515 1 167 1 5326,	
FARMACÉUTICOS 1 167 1 2042,	
interpretación 1 167 1 2031,	
dificulta 1 167 1 2029,	
estándar 1 167 1 2028,	
endógena 1 167 1 2023,	
presencia 1 167 1 2020,	
genotoxicidad 1 167 1 2018,	
repetidas 1 167 1 2016,	
toxicidad 1 167 1 2013,	
CONSERVACIÓN 3 167 3 3175,3621,4727,	
farmacología 1 167 1 2010,	
convencionales 1 167 1 2008,	
según 2 167 2 2005,4343,	
riesgos 1 167 1 1999,	
+45 1 167 1 5112,	
muestran 1 167 1 1998,	
preclínicos 1 167 1 1987,	
Datos 1 167 1 1986,	
farmacocinética 1 167 1 1980,	
afectar 1 167 1 1977,	
debería 1 167 1 1976,	
ocurra 1 167 1 1968,	
prevé 1 167 1 1964,	
Puesto 1 167 1 1961,	
minoritaria 1 167 1 1960,	
considerada 1 167 1 1954,	
esperan 1 167 1 1944,	
péptica 2 167 2 1940,1971,	
riñones 4 167 4 4012,4019,4039,4073,	
hidrólisis 2 167 2 1939,1970,	
trastorno 1 167 1 4137,	
decir 1 167 1 1938,	
metabólica 1 167 1 1933,	
degradación 3 167 3 1932,2668,5624,	
tamaños 2 167 2 2361,4991,	
ruta 1 167 1 1930,	
siga 1 167 1 1928,	
2) 2 167 2 1924,2963,	
espera 2 167 2 1918,1926,	
1) 1 167 1 1915,	
baja 1 167 1 1899,	
sistémica 1 167 1 1897,	
sodio 2 167 2 2584,5539,	
consiguiente 1 167 1 1894,	
(aprox 1 167 1 1890,	
parece 1 167 1 1883,	
limitados 1 167 1 1882,	
adolescentes 2 167 2 1878,1903,	
farmacocinéticos 1 167 1 1873,	
incluidos 1 167 1 1869,	
19 1 167 1 1865,	
semivida 1 167 1 1861,	
Solamente 1 167 1 5445,	
ml/h/kg 1 167 1 1858,	
aprox 1 167 1 1855,	
fisiológico 1 167 1 1849,	
vascular 1 167 1 1848,	
similar 1 167 1 1845,	
ml/kg 1 167 1 1841,	
127 1 167 1 1840,	
110 1 167 1 1838,	
distribución 1 167 1 1835,	
volumen 10 167 10 1833,1847,2378,2532,2562,2593,4375,5483,5513,5545,	
rango 1 167 1 1831,	
inesperada 1 167 1 1825,	
21493022 1 167 1 5101,	
acumulación 1 167 1 1824,	
- 17 167 17 1817,1839,2748,3229,3673,3848,3860,3869,4091,4096,4103,4123,4794,4816,4835,5006,5185,	
alcanzan 1 167 1 1813,	
estacionario 1 167 1 1811,	
Después 1 167 1 1793,	
farmacocinéticas 1 167 1 1792,	
términos 1 167 1 1784,	
conclusiones 1 167 1 1776,	
0050 1 167 1 5083,	
DEBE 8 167 8 2991,3138,3325,3386,3437,3584,3710,3771,	
mostró 1 167 1 1775,	
867 1 167 1 1752,	
análisis 1 167 1 1748,	
plazo 1 167 1 1746,	
perfil 1 167 1 1732,	
consistentes 2 167 2 1729,1777,	
seguridad 6 167 6 1724,1743,1788,1989,2012,4064,	
1% 1 167 1 1720,	
baja) 1 167 1 4639,	
96 1 167 1 1719,	
úrico) 1 167 1 1717,	
(normalización 1 167 1 1709,	
total 4 167 4 1708,1739,2594,5546,	
resto 1 167 1 2503,	
respuesta 1 167 1 1707,	
tasa 1 167 1 1705,	
evaluables 1 167 1 1702,	
229 1 167 1 1700,	
eficacia 2 167 2 1698,1786,	
resultados 3 167 3 1696,1722,2034,	
Los 6 167 6 1695,1721,1867,1990,4817,4836,	
días) 2 167 2 1694,1774,	
(principalmente 2 167 2 1689,1769,	
15 3 167 3 1679,3255,3699,	
Tenga 1 167 1 4140,	
ESPECIAL 2 167 2 3133,3579,	
años) 2 167 2 1672,1756,	
246 2 167 2 1668,1726,	
trataron 1 167 1 1667,	
pivotales 2 167 2 1665,1782,	
calcio/fósforo 1 167 1 1660,	
deterioro 1 167 1 1651,	
posterior 1 167 1 1650,	
evitando 1 167 1 1648,	
sérico 1 167 1 1647,	
fosfato 13 167 13 1646,2051,2054,2058,3057,3060,3064,3503,3506,3510,4825,4828,4832,	
eficaz 1 167 1 1644,	
excreción 1 167 1 1643,	
función 2 167 2 1635,1654,	
mejoría 1 167 1 1632,	
acompaña 1 167 1 1629,	
población 2 167 2 1627,1738,	
rápido 1 167 1 1620,	
2ºC 1 167 1 2217,	
Además 1 167 1 1618,	
24 4 167 4 1614,1767,2198,5319,	
hiperuricémicos 1 167 1 1605,	
confirmada 1 167 1 1596,	
normalización 1 167 1 1595,	
(-12 1 167 1 1587,	
comparado 1 167 1 1581,	
0%) 1 167 1 1580,	
(-86 1 167 1 1579,	
basal 1 167 1 1573,	
nivel 4 167 4 1572,3986,5601,5681,	
concentraciones 2 167 2 1565,1807,	
porcentual 1 167 1 1561,	
variación 1 167 1 1560,	
0001) 1 167 1 1557,	
(p 1 167 1 1554,	
significativa 1 167 1 1553,	
aclaramiento 2 167 2 1851,1886,	
diferencia 1 167 1 1552,	
grave 2 167 2 3881,4710,	
primera 3 167 3 1547,1594,2771,	
horas 7 167 7 1544,1609,1615,1866,2199,2733,5689,	
A 9 167 9 1541,1637,2822,2851,2986,3265,5183,5189,5280,	
Ireland 2 167 2 5232,5235,	
comparación 1 167 1 1538,	
rápida 1 167 1 1534,	
significativamente 1 167 1 1532,	
utilizando 2 167 2 1524,4291,	
circulante 2 167 2 3964,3990,	
aleatorizado 1 167 1 1523,	
III 2 167 2 1522,2981,	
fase 1 167 1 1521,	
comparativo 1 167 1 1519,	
exceso 1 167 1 4017,	
vial 9 167 9 2212,2307,2403,2465,3537,4384,4402,4937,5412,	
clínico 1 167 1 1518,	
cuidado 1 167 1 4142,	
ensayo 1 167 1 1517,	
Reconstitución 2 167 2 2452,5398,	
mg/kg 2 167 2 1508,1512,	
detallada 2 167 2 2797,5346,	
05 1 167 1 1507,	
descenso 1 167 1 1492,	
notable 1 167 1 1491,	
observó 4 167 4 1489,1529,1550,1822,	
congénita 1 167 1 1484,	
déficit 2 167 2 1476,4131,	
incrementa 1 167 1 1468,	
CONTENIDO 6 167 6 3078,3370,3423,3524,3755,3808,	
únicamente 2 167 2 1466,5374,	
endógenos 1 167 1 1464,	
antioxidantes 1 167 1 1463,	
eliminado 1 167 1 1461,	
adultos 2 167 2 1906,4367,	
normales 2 167 2 1458,3999,	
incremento 3 167 3 1448,3959,3983,	
estequiométrica 1 167 1 1442,	
periódico 1 167 1 4509,	
formación 1 167 1 1441,	
mayor 2 167 2 1889,4061,	
conduce 1 167 1 1438,	
fácilmente 1 167 1 1428,	
cataliza 1 167 1 1413,	
potencia 1 167 1 1411,	
uricolítico 1 167 1 1408,	
agente 1 167 1 1407,	
tumorales 1 167 1 1380,	
células 2 167 2 1379,4248,	
Conservar 7 167 7 2222,3176,3181,3622,3627,4755,4764,	
masiva 1 167 1 1377,	
conlleva 1 167 1 1374,	
agudo 1 167 1 1361,	
catabólica 1 167 1 1355,	
producto 5 167 5 1351,1423,2072,4534,4850,	
último 3 167 3 1350,2711,5668,	
V03AF07 1 167 1 1341,	
ATC 1 167 1 1340,	
código 1 167 1 1339,	
antineoplásicos 1 167 1 1338,	
tratamientos 1 167 1 1337,	
detoxificantes 1 167 1 1335,	
farmacoterapéutico 1 167 1 1333,	
Grupo 1 167 1 1332,	
farmacodinámicas 1 167 1 1331,	
conservar 1 167 1 2213,	
Propiedades 2 167 2 1330,1791,	
	5 1 167 1 1328,	
ESTE 1 167 1 1326,	
Estonia 1 167 1 5144,	
FARMACOLÓGICAS 1 167 1 1324,	
PROPIEDADES 1 167 1 1323,	
específico 2 167 2 1319,4084,	
CADUCIDAD 7 167 7 3161,3313,3362,3415,3607,3747,3800,	
antídoto 1 167 1 1318,	
monitorizar 2 167 2 1300,5599,	
antineoplásico 1 167 1 3945,	
recibir 1 167 1 1295,	
podido 1 167 1 1294,	
paciente 6 167 6 1292,2542,2613,5493,5565,5607,	
producción 1 167 1 1280,	
detectables 1 167 1 1270,	
plasmáticos 3 167 3 1266,1365,1496,	
dará 1 167 1 1262,	
sobredosis 2 167 2 1261,1297,	
(tensión 1 167 1 4637,	
acción 2 167 2 1257,1531,	
Según 2 167 2 1253,1879,	
Sobredosis 1 167 1 1252,	
intervalo 2 167 2 1247,1502,	
gravedad 1 167 1 1243,	
decreciente 1 167 1 1241,	
orden 1 167 1 1240,	
lugar 2 167 2 1231,1263,	
alteraciones 1 167 1 1228,	
obstante 1 167 1 2180,	
Fiebre 1 167 1 1227,	
generales 3 167 3 1225,1308,4521,	
Diarrea 1 167 1 1223,	
gastrointestinales 1 167 1 1222,	
Cefalea 1 167 1 1220,	
sistema 1 167 1 1218,	
Trastornos 3 167 3 1216,1221,1224,	
Agentes 1 167 1 1334,	
1/100) 1 167 1 1215,	
000 1 167 1 1213,	
< 3 167 3 1207,1214,1555,	
1/100 3 167 3 1206,4589,4600,	
( 2 167 2 1205,1211,	
frecuente 4 167 4 1204,1210,4582,4595,	
1/1 1 167 1 1212,	
definen 1 167 1 1202,	
aumento 2 167 2 1277,1360,	
frecuencias 1 167 1 1200,	
frecuencia 2 167 2 1198,1249,	
sistemas 1 167 1 1195,	
órganos 1 167 1 1193,	
clasificadas 1 167 1 1191,	
atribuibles 1 167 1 1183,	
posiblemente 1 167 1 1182,	
grado 1 167 1 1178,	
enumeran 2 167 2 1173,1238,	
Asimismo 2 167 2 1171,4674,	
produce 2 167 2 1167,3037,	
enzimática 3 167 3 1157,1416,1434,	
deficiencia 1 167 1 1142,	
observado 3 167 3 1132,4621,4642,	
causados 2 167 2 1127,4610,	
estaban 1 167 1 1126,	
eliminación 4 167 4 1863,1948,1959,2369,	
frecuentemente 1 167 1 1125,	
hematológicos 1 167 1 1116,	
ensayos 4 167 4 1112,1189,1663,1780,	
práctica 1 167 1 5389,	
rinitis 2 167 2 1095,4648,	
broncoespasmo 1 167 1 1092,	
1%) 6 167 6 1091,1094,1098,1105,1110,1588,	
(< 7 167 7 1090,1093,1096,1104,1108,1670,1754,	
hipotensión 2 167 2 1089,4636,	
atribuido 1 167 1 1084,	
También 1 167 1 1081,	
rash 1 167 1 1080,	
principalmente 2 167 2 1079,1875,	
EN 22 167 22 2968,2993,3261,3267,3327,3371,3373,3376,3388,3424,3426,3429,3439,3705,3712,3756,3758,3761,3773,3809,3811,3814,	
desecharse 1 167 1 2509,	
frecuentes 5 167 5 1078,4606,4624,4659,4680,	
significativas 1 167 1 1074,	
fármaco 1 167 1 1072,	
concomitante 1 167 1 1065,	
subyacente 1 167 1 1060,	
enfermedad 2 167 2 1059,3947,	
esperados 1 167 1 1055,	
media 2 167 2 1562,4466,	
adversos 7 167 7 1054,3877,3923,4555,4578,4605,4706,	
incidencia 1 167 1 1051,	
alta 1 167 1 1050,	
debido 5 167 5 1047,1151,1390,1656,2156,	
causalidad 1 167 1 1042,	
purinas 1 167 1 1358,	
valorar 1 167 1 1040,	
difícil 1 167 1 1039,	
avanzadas 1 167 1 1034,	
malignas 1 167 1 1033,	
soporte 3 167 3 1026,1310,4523,	
especial 1 167 1 4141,	
concomitantemente 1 167 1 1022,	
Reacciones 1 167 1 1017,	
máquinas 4 167 4 998,1014,4322,4334,	
utilizar 10 167 10 997,1013,2140,2149,2490,3110,3556,4333,5432,5436,	
capacidad 4 167 4 993,1009,4023,4329,	
Efectos 2 167 2 990,4604,	
materna 1 167 1 987,	
leche 1 167 1 986,	
excreta 2 167 2 983,1427,	
http 2 167 2 2814,5363,	
conoce 1 167 1 978,	
embarazo 2 167 2 973,4314,	
desconocido 1 167 1 966,	
potencial 2 167 2 962,2159,	
post-natal 1 167 1 955,	
baño 4 167 4 2692,2718,5649,5675,	
desarrollo 1 167 1 954,	
parto 1 167 1 952,	
efectos 8 167 8 950,1006,1053,3876,3922,4554,4577,4705,	
Ísland 1 167 1 5254,	
respecto 2 167 2 947,5032,	
animales 2 167 2 946,2027,	
estudios 7 167 7 944,1003,1741,1872,1994,2007,2037,	
realizado 2 167 2 943,1002,	
embarazadas 1 167 1 939,	
cutáneas 1 167 1 4618,	
mujeres 1 167 1 938,	
	INFORMACIÓN 4 167 4 3322,3383,3435,3768,	
requerido 4 167 4 2533,2563,5484,5514,	
exposición 2 167 2 934,1896,	
clínicos 7 167 7 931,1113,1190,1664,1781,1996,2039,	
lactancia 4 167 4 927,975,4306,4317,	
Embarazo 2 167 2 925,4304,	
farmacológicas 2 167 2 922,1946,	
interacciones 2 167 2 921,1945,	
improbables 1 167 1 919,	
son 3 167 3 918,4822,4841,	
Al 2 167 2 912,4150,	
metabolismo 2 167 2 911,1967,	
estudio 1 167 1 909,	
086 1 167 1 5097,	
cabo 1 167 1 907,	
llevado 1 167 1 905,	
ADVERTENCIA 2 167 2 3132,3578,	
interacción 1 167 1 901,	
Producto 1 167 1 2960,	
formas 1 167 1 899,	
Interacción 1 167 1 892,	
muestras 9 167 9 885,2640,2664,2687,2696,5595,5617,5644,5653,	
estricto 2 167 2 881,5613,	
seguir 3 167 3 878,2655,5610,	
asegurar 1 167 1 862,	
alopurinol 5 167 5 859,1540,1586,1617,4277,	
secuencial 2 167 2 855,4273,	
bajos 1 167 1 1267,	
disponibles 3 167 3 850,932,4268,	
mieloproliferativas 1 167 1 846,	
enfermedades 1 167 1 845,	
relacionada 1 167 1 843,	
sospecha 1 167 1 1289,	
investigado 1 167 1 838,	
monitorizados 1 167 1 833,	
anomalías 1 167 1 825,	
disolvente) 1 167 1 4418,	
efectivo 1 167 1 819,	
nervioso 1 167 1 1219,	
hipocalcemia 1 167 1 815,	
hiperpotasemia 1 167 1 813,	
hiperfosfatemia 1 167 1 812,	
centrífuga 2 167 2 2705,5663,	
provocar 3 167 3 811,3957,4167,	
derivada 1 167 1 802,	
renales 2 167 2 801,1402,	
túbulos 2 167 2 800,1401,	
cristales 2 167 2 794,1395,	
13 2 167 2 3240,3684,	
precipitación 3 167 3 792,1393,1659,	
70 1 167 1 5115,	
causado 1 167 1 789,	
fallo 2 167 2 787,1388,	
desarrollar 1 167 1 785,	
mecanismo 2 167 2 779,1255,	
normales; 1 167 1 776,	
debajo 1 167 1 772,	
reduce 2 167 2 765,781,	
caso 5 167 5 740,2642,4032,4089,4232,	
hemólisis 6 167 6 730,1119,1304,1474,4255,4671,	
adecuadas 2 167 2 720,756,	
mg/1 2 167 2 3032,3097,	
medidas 4 167 4 719,755,1307,4520,	
significativo 1 167 1 3960,	
iniciar 3 167 3 718,753,1306,	
desarrollado 1 167 1 713,	
interrumpir 1 167 1 699,	
recibían 2 167 2 693,734,	
notificado 2 167 2 686,727,	
sanos 2 167 2 683,1487,	
voluntarios 2 167 2 682,1486,	
anti- 1 167 1 673,	
anticuerpos 1 167 1 672,	
detectado 1 167 1 671,	
han 13 167 13 670,685,726,904,942,1001,1083,1131,4608,4620,4641,4655,4676,	
repetidamente 1 167 1 659,	
tratados 3 167 3 658,1757,4213,	
sido 5 167 5 657,837,4212,4609,5338,	
hayan 3 167 3 656,712,4211,	
hay 5 167 5 650,848,929,4266,4324,	
Actualmente 1 167 1 648,	
atópica 1 167 1 647,	
alergia 2 167 2 646,4149,	
antecedentes 3 167 3 644,4126,4147,	
Se 12 167 12 636,669,684,697,725,1130,2168,4470,4479,4619,4640,4654,	
adecuada 1 167 1 635,	
terapia 1 167 1 634,	
iniciarse 1 167 1 632,	
permanentemente 3 167 3 629,707,749,	
inmediato 4 167 4 627,705,747,2172,	
interrumpido 2 167 2 625,745,	
poloxámero 4 167 4 2062,3068,3514,4842,	
casos 9 167 9 620,687,728,1087,1145,4622,4643,4657,4678,	
En 12 167 12 618,738,1111,1342,1485,1515,1662,1740,1828,2641,4030,4501,	
anafilaxis 1 167 1 4646,	
Manipulación 2 167 2 2637,5593,	
8) 3 167 3 617,724,760,	
conducir 4 167 4 995,1011,1382,4331,	
anafilaxia 2 167 2 613,1107,	
incluyendo 2 167 2 612,1106,	
hipersensibilidad 3 167 3 611,1103,4626,	
PRINCIPIO 1 167 1 3473,	
graves 2 167 2 609,1101,	
especialmente 1 167 1 607,	
permite 1 167 1 1641,	
alérgico 4 167 4 606,4106,4171,4192,	
tipo 5 167 5 605,2110,4170,4191,4629,	
adversas 7 167 7 603,1018,1046,1068,1176,1236,1735,	
reacciones 13 167 13 602,608,1045,1067,1076,1100,1175,1235,1734,4168,4189,4228,4616,	
aparición 2 167 2 599,1302,	
estrechamente 2 167 2 594,832,	
monitorizarse 2 167 2 593,2647,	
demuestra 1 167 1 588,	
clínica 2 167 2 585,4207,	
experiencia 2 167 2 584,4206,	
humanos 4 167 4 582,964,1344,2004,	
metahemoglobinemia 6 167 6 689,714,1123,1150,4252,4673,	
seres 3 167 3 581,1343,2003,	
alérgicas 4 167 4 579,1077,4229,4617,	
respuestas 1 167 1 578,	
871600 1 167 1 5301,	
inducir 1 167 1 577,	
proteínas 4 167 4 575,1923,1936,4154,	
transcurrido 1 167 1 1591,	
Advertencias 1 167 1 566,	
contraindicada 1 167 1 558,	
está 8 167 8 557,1953,2801,3992,4014,4290,5350,5372,	
inducida 1 167 1 549,	
posible 1 167 1 546,	
Por 8 167 8 541,826,1285,2710,4219,5463,5573,5667,	
conversión 2 167 2 535,1156,	
derivado 1 167 1 532,	
subproducto 1 167 1 531,	
hidrógeno 6 167 6 528,554,1170,1284,1446,1452,	
peróxido 6 167 6 526,552,1168,1282,1444,1450,	
hemolítica 5 167 5 524,548,1121,1148,4129,	
plasmáticas 1 167 1 1566,	
anemia 6 167 6 523,547,1120,1147,1483,4128,	
causan 1 167 1 522,	
celulares 1 167 1 520,	
metabólicos 1 167 1 519,	
trastornos 5 167 5 518,563,1115,4242,4661,	
Deficiencia 1 167 1 513,	
activo 2 167 2 506,4797,	
principio 2 167 2 505,4796,	
Hipersensibilidad 1 167 1 503,	
Contraindicaciones 1 167 1 502,	
ajuste 2 167 2 491,4083,	
ningún 6 167 6 490,908,1317,2141,5461,5571,	
Como 1 167 1 486,	
Niños 2 167 2 485,1661,	
ajustar 1 167 1 482,	
necesario 6 167 6 481,489,2545,4081,5496,5598,	
No 25 167 25 479,847,902,928,940,976,999,1820,2137,2146,2179,2220,2479,2978,3179,3625,4100,4265,4307,4323,4419,4741,4762,4774,5426,	
35%) 1 167 1 1891,	
hepática 3 167 3 478,1974,4093,	
Pacientes 1 167 1 473,	
poblaciones 2 167 2 471,1134,	
adicional 2 167 2 469,3930,	
plasma 7 167 7 463,870,1711,2698,2713,5655,5670,	
notificadas 1 167 1 1186,	
determinación 3 167 3 457,864,2723,	
manipulación 5 167 5 452,883,2661,5394,5615,	
conteniendo 1 167 1 2466,	
especiales 7 167 7 449,472,569,640,2000,2207,2367,	
precauciones 3 167 3 448,568,639,	
deben 10 167 10 446,592,637,717,752,830,2489,2688,2699,5435,	
vitro 1 167 1 444,	
in 1 167 1 443,	
l'étranger 1 167 1 5225,	
degradar 1 167 1 439,	
Dado 1 167 1 434,	
instrucciones 1 167 1 427,	
salina 2 167 2 415,2126,	
lavarse 2 167 2 412,2123,	
alternativa 2 167 2 408,2119,	
Si 11 167 11 402,2113,3861,3870,4013,4145,4239,4494,4524,4699,5596,	
medicamentos 8 167 8 401,896,4196,4282,4298,4550,4572,5694,	
incompatibilidad 3 167 3 398,2112,2160,	
evitar 5 167 5 396,544,2108,2666,3981,	
quimioterápicos 2 167 2 394,420,	
utilizada 3 167 3 388,2099,2507,	
diferente 2 167 2 385,2096,	
vía 11 167 11 384,407,410,1354,1430,1957,2095,2118,2121,4163,4458,	
identificado 1 167 1 1316,	
perfundirse 7 167 7 372,381,2092,2626,2633,5581,5589,	
citorreductora 3 167 3 365,1030,1372,	
pauta 1 167 1 359,	
cambiar 1 167 1 354,	
requiere 1 167 1 353,	
criterio 1 167 1 346,	
séricos 1 167 1 339,	
niveles 11 167 11 338,767,775,1265,1364,1457,1495,1599,1714,2649,3974,	
adecuado 1 167 1 335,	
(reacciones 1 167 1 4627,	
control 3 167 3 334,1621,4508,	
basarse 1 167 1 331,	
agua/hielo 2 167 2 2694,2720,	
exacta 3 167 3 329,865,4491,	
días 5 167 5 326,1688,1768,1819,4478,	
DIRECCIÓN 2 167 2 3215,3659,	
7 15 167 15 325,989,1693,2309,2405,2735,3151,3476,3541,3597,3763,3789,4404,4477,4939,	
duración 3 167 3 316,328,4490,	
muestra 1 167 1 455,	
6) 2 167 2 314,889,	
apartado 6 167 6 312,615,722,758,887,957,	
hidrosoluble 1 167 1 1424,	
(ver 6 167 6 311,614,721,757,886,956,	
minutos 5 167 5 310,375,2636,4469,5592,	
30 5 167 5 309,374,2635,4468,5591,	
9%) 5 167 5 307,2451,2589,4452,5541,	
(0 5 167 5 306,2450,2588,4451,5540,	
sódico 7 167 7 302,2059,2446,3065,3511,4450,4833,	
cloruro 5 167 5 301,2445,2582,4449,5537,	
administrará 3 167 3 4456,4471,4565,	
50 4 167 4 296,2596,5306,5548,	
intravenosa 8 167 8 294,2443,3130,3353,3576,3738,4164,4459,	
día 3 167 3 290,4361,4475,	
vez 4 167 4 288,1639,4473,5342,	
aparecen 1 167 1 4240,	
administra 2 167 2 286,1021,	
mg/kg/día 6 167 6 283,499,1680,1683,1763,1805,	
Utilizar 2 167 2 3163,3609,	
20 7 167 7 282,498,1511,1682,1762,1804,4353,	
0 13 167 13 281,497,1097,1109,1506,1510,1556,1678,1761,1803,4352,5159,5212,	
recomendada 4 167 4 276,494,1527,4349,	
dosis 12 167 12 275,484,493,1504,1526,1548,1676,1801,2015,4087,4340,4348,	
náuseas 1 167 1 4684,	
horario 1 167 1 356,	
La 32 167 32 274,315,348,367,376,583,761,806,1403,1432,1947,2019,2087,2598,2614,2629,2673,2795,3034,3113,3480,3559,3946,4347,4368,4803,5344,5369,5550,5566,5584,5629,	
tratamiento 18 167 18 273,318,622,668,677,694,701,735,742,822,873,1024,1064,3944,3955,4236,4257,4493,	
LOS) 2 167 2 2826,2855,	
relacionadas 1 167 1 1069,	
múltiples 2 167 2 271,665,	
ciclos 2 167 2 270,666,	
recomendar 3 167 3 269,664,852,	
Leer 2 167 2 3105,3551,	
datos 8 167 8 266,652,849,930,1750,1881,1991,4267,	
suficientes 2 167 2 265,651,	
desechar 1 167 1 5456,	
republika 2 167 2 5085,5256,	
existen 1 167 1 264,	
+359 1 167 1 5074,	
actualmente 1 167 1 262,	
dado 1 167 1 260,	
hospital 1 167 1 4503,	
durante 14 167 14 254,308,373,450,871,971,1369,1684,1764,2143,2634,4312,4464,5590,	
3) 2 167 2 959,1941,	
utilizarse 4 167 4 251,405,970,2116,	
alantoína) 1 167 1 4049,	
sólo 1 167 1 249,	
hematológicas 1 167 1 247,	
neoplasias 2 167 2 246,1032,	
cualificado 1 167 1 242,	
médico 10 167 10 241,347,3868,3896,4181,4286,4487,4538,4694,4725,	
EMBALAJE 1 167 1 2995,	
supervisión 1 167 1 238,	
administrarse 1 167 1 236,	
Slovakia 1 167 1 5261,	
debe 37 167 37 235,250,330,371,380,411,623,631,698,743,877,969,1299,2074,2091,2122,2139,2148,2374,2508,2520,2575,2625,2654,2676,2714,2728,3115,3561,4258,4309,4371,4391,4409,4438,4505,5469,	
efecto 4 167 4 3886,4580,4592,4715,	
administración 6 167 6 233,349,762,1233,2560,5511,	
forma 3 167 3 231,4263,4461,	
reconstituirse 3 167 3 2375,4392,4410,	
Posología 1 167 1 229,	
niños 7 167 7 1876,1901,3150,3596,4099,4364,4740,	
quimioterapia 6 167 6 226,244,259,364,1029,1371,	
inicio 4 167 4 223,256,361,596,	
rápidas 1 167 1 221,	
reducción 1 167 1 219,	
VIALES 2 167 2 3000,3274,	
lisis 3 167 3 217,807,1376,	
riesgo 6 167 6 215,783,961,1136,1470,4226,	
tumoral 3 167 3 213,220,808,	
carga 1 167 1 212,	
elevada 2 167 2 211,1410,	
maligna 1 167 1 209,	
hematológica 2 167 2 208,3948,	
neoplasia 1 167 1 207,	
pacientes 22 167 22 205,560,591,642,654,679,691,710,732,829,840,1140,1472,1481,1604,1669,1701,1727,1753,1829,1868,4209,	
renal 11 167 11 202,476,788,1389,1431,1636,1655,1852,1887,1949,4095,	
insuficiencia 5 167 5 201,475,1385,1973,4092,	
prevenir 1 167 1 199,	
aguda 2 167 2 197,203,	
hiperuricemia 3 167 3 196,805,842,	
profilaxis 1 167 1 193,	
Este 3 167 3 2071,4453,5335,	
Tratamiento 1 167 1 191,	
terapéuticas 1 167 1 190,	
Indicaciones 1 167 1 189,	
	4 1 167 1 187,	
CLÍNICOS 1 167 1 186,	
DATOS 2 167 2 185,2041,	
4 30 167 30 184,227,500,564,565,616,723,759,890,923,988,1015,1181,1250,1543,1608,1773,2205,2732,2962,3074,3315,3364,3417,3520,3749,3802,3920,4541,5688,	
incoloro 2 167 2 183,4882,	
e 9 167 9 182,814,1305,1386,2494,4635,4650,4881,5440,	
transparente 11 167 11 181,2281,2300,2330,2349,4784,4880,4909,4928,4960,4979,	
líquido 2 167 2 180,4879,	
aglomerado 2 167 2 173,4872,	
aspecto 2 167 2 172,4871,	
blanquecino 2 167 2 170,4869,	
o 37 167 37 169,174,218,357,477,507,974,1149,1268,1681,2177,2572,2954,3169,3615,3882,3897,3979,4094,4114,4134,4253,4287,4292,4539,4672,4711,4868,4873,5090,5166,5167,5239,5240,5264,5377,5523,	
blanco 2 167 2 168,4867,	
El 21 167 21 165,176,525,960,1359,1447,1589,1850,2273,2322,2510,2531,2561,4795,4864,4875,4901,4952,5457,5482,5512,	
G6PDH 4 167 4 515,1144,1478,4133,	
	Polvo 3 167 3 156,3081,3527,	
FARMACÉUTICA 3 167 3 155,3076,3522,	
FORMA 9 167 9 154,3075,3100,3355,3408,3521,3546,3740,3793,	
3 32 167 32 153,501,860,1179,1818,1856,1985,2162,2166,2243,2257,2266,2283,2999,3004,3047,3090,3093,3273,3278,3310,3359,3412,3493,3744,3797,3916,4335,4885,4894,4911,5382,	
6 26 167 26 151,313,432,433,466,467,888,924,2040,2068,2085,2086,2161,2204,2242,2244,2364,2365,3131,3381,3433,3577,3766,3818,3928,4788,	
sección 7 167 7 150,431,465,2084,2241,2961,5381,	
mostraron 1 167 1 1703,	
ver 4 167 4 149,430,464,2240,	
excipientes 3 167 3 148,512,2047,	
completa 1 167 1 146,	
Aramon 1 167 1 2891,	
lista 1 167 1 145,	
consultar 1 167 1 143,	
Para 4 167 4 142,425,861,2232,	
	La 1 167 1 4339,	
9 10 167 10 141,304,1251,2448,2586,2759,3171,3617,4446,5534,	
8 7 167 7 140,1016,1687,2752,2819,3158,3604,	
pH 1 167 1 139,	
+8ºC 1 167 1 2203,	
TEA 1 167 1 138,	
Conservación 1 167 1 3925,	
tampón 1 167 1 137,	
± 1 167 1 134,	
ºC 2 167 2 133,136,	
+30 2 167 2 132,5168,	
condiciones 6 167 6 131,2234,2474,2523,5421,5472,	
siguientes 3 167 3 130,2734,5690,	
SU 2 167 2 3208,3652,	
minuto 1 167 1 127,	
alantoína 4 167 4 125,540,1162,1421,	
úrico 31 167 31 123,342,442,460,538,770,797,868,1160,1273,1347,1368,1398,1419,1437,1499,1569,1602,1624,2652,2726,3963,3978,3989,4002,4029,4035,4044,4484,5604,5684,	
ácido 32 167 32 122,341,441,459,537,769,796,867,1159,1272,1346,1367,1397,1418,1436,1498,1568,1601,1623,1716,2651,2725,3962,3977,3988,4001,4028,4034,4043,4483,5603,5683,	
mol 1 167 1 120,	
transforma 2 167 2 118,4041,	
ahora 1 167 1 4204,	
INFORMACIÓN 6 167 6 2989,3260,3263,3704,3707,4789,	
1/10) 1 167 1 1208,	
actividad 1 167 1 114,	
(UAE) 1 167 1 110,	
Enzimática 1 167 1 109,	
Actividad 1 167 1 108,	
Unidad 1 167 1 106,	
*Una 1 167 1 105,	
TITULAR 5 167 5 2736,2937,3217,3303,3661,	
UAE* 1 167 1 104,	
18 3 167 3 102,1671,1755,	
corresponde 2 167 2 100,111,	
kDa 1 167 1 97,	
34 2 167 2 96,5151,	
aproximadamente 1 167 1 95,	
molecular 1 167 1 93,	
peso 7 167 7 92,2539,2610,4345,4358,5490,5562,	
idénticas 1 167 1 89,	
oxidación 2 167 2 1415,1433,	
procedimiento 3 167 3 880,2659,5612,	
subunidades 1 167 1 88,	
Las 7 167 7 1066,1199,1234,2686,2695,5643,5652,	
tetramérica 1 167 1 86,	
proteína 2 167 2 85,1910,	
Rasburicasa 4 167 4 82,572,1907,2373,	
modificada 1 167 1 81,	
genéticamente 1 167 1 80,	
cerevisiae 4 167 4 79,3046,3492,4815,	
respiratorias 1 167 1 4634,	
Saccharomyces 4 167 4 78,3045,3491,4814,	
MATERIALES 2 167 2 3203,3649,	
cepa 4 167 4 76,3043,3489,4812,	
partir 3 167 3 73,2569,5520,	
obtenida 1 167 1 71,	
modelos 1 167 1 2026,	
urato-oxidasa 2 167 2 70,2022,	
recombinante 1 167 1 69,	
enzima 3 167 3 68,116,917,	
(DE 2 167 2 2825,2854,	
rasburicasa 52 167 52 64,351,370,379,424,437,556,674,915,936,981,1165,1404,1674,1759,1798,1827,1952,1983,2090,2136,2264,2313,2392,2409,2435,2467,2556,2601,3025,3029,3035,3299,3351,3403,3471,3481,3736,3788,4110,4216,4369,4390,4408,4436,4799,4804,4892,4943,5415,5507,5553,	
mg 15 167 15 62,99,2262,2311,2390,2407,3380,3406,3765,3791,4354,4388,4406,4890,4941,	
contiene 9 167 9 59,2513,2618,3054,3500,4786,5414,5460,5570,	
Fasturtec 52 167 52 58,65,234,248,278,284,320,587,661,696,703,737,764,816,834,857,875,967,1019,1086,1129,1185,1259,1321,1514,1536,1578,1611,2251,3340,3725,3823,3905,3915,3919,3927,3968,4040,4102,4122,4144,4165,4238,4275,4311,4497,4551,4563,4612,4743,4776,4793,	
ml 26 167 26 54,297,2270,2284,2305,2319,2333,2354,2597,3033,3098,3128,3432,3479,3544,3574,3817,4398,4416,4898,4912,4933,4949,4963,4984,5549,	
reconstitución 9 167 9 52,2176,2191,2422,3114,3168,3560,3614,4423,	
	Después 1 167 1 49,	
CUANTITATIVA 1 167 1 48,	
Y 22 167 22 47,2830,2859,2933,2974,2983,3003,3077,3101,3200,3214,3277,3336,3397,3449,3523,3547,3646,3658,3721,3782,3935,	
CUALITATIVA 1 167 1 46,	
COMPOSICIÓN 1 167 1 45,	
2 20 167 20 44,103,228,366,1790,1816,2069,2304,3026,3300,3354,3407,3472,3739,3792,3911,4074,4932,5133,5271,	
perfusión 23 167 23 43,164,293,391,418,1796,2102,2129,2145,2530,2607,3024,3089,3298,3350,3470,3535,3735,3835,4463,4863,5481,5559,	
solución 43 167 43 41,162,299,368,377,414,2088,2125,2151,2426,2442,2455,2505,2518,2535,2565,2580,2604,2615,2623,2630,3022,3087,3296,3348,3468,3533,3733,3833,4427,4444,4781,4861,5401,5451,5467,5486,5516,5532,5556,5567,5577,5585,	
concentrado 12 167 12 39,56,160,3020,3085,3294,3346,3466,3531,3731,3831,4859,	
disolvente 30 167 30 37,158,177,2272,2294,2321,2343,2384,2399,2416,2463,2511,3018,3083,3125,3292,3464,3529,3571,3829,4378,4840,4857,4876,4900,4922,4951,4973,5409,5458,	
polvo 16 167 16 35,166,2274,2323,3016,3052,3290,3344,3462,3498,3729,3827,4821,4865,4902,4953,	
mg/ml 15 167 15 34,305,2433,2449,2587,3015,3289,3343,3461,3728,3826,4434,4447,4802,5535,	
5 53 167 53 33,61,891,958,1322,1691,1789,1857,1984,2245,2261,2310,2318,2353,2389,2406,2418,2432,3014,3031,3096,3099,3288,3320,3342,3369,3379,3405,3422,3460,3477,3542,3545,3573,3727,3754,3764,3790,3807,3816,3825,3924,4387,4405,4415,4433,4726,4801,4889,4940,4948,4983,5333,	
	Fasturtec 4 167 4 31,3012,3286,3458,	
MEDICAMENTO 14 167 14 30,1327,2977,3011,3137,3197,3285,3335,3396,3457,3583,3643,3720,3781,	
interrumpirse 1 167 1 4259,	
NOMBRE 11 167 11 28,3009,3213,3283,3301,3333,3394,3455,3657,3718,3779,	
LISTA 2 167 2 3048,3494,	
SEGURA 1 167 1 2973,	
PRODUCTO 1 167 1 25,	
DEL 20 167 20 24,29,2793,2824,2853,2976,3010,3079,3196,3216,3284,3302,3334,3395,3456,3525,3642,3660,3719,3780,	
grupo 2 167 2 1576,1584,	
CARACTERÍSTICAS 1 167 1 23,	
LAS 1 167 1 22,	
DE 82 167 82 21,1325,2737,2740,2754,2756,2761,2765,2790,2832,2835,2838,2841,2846,2849,2861,2864,2867,2870,2922,2925,2931,2938,2941,3001,3006,3049,3103,3134,3160,3174,3194,3201,3207,3218,3221,3235,3237,3242,3248,3257,3275,3280,3304,3307,3312,3317,3338,3356,3361,3366,3399,3409,3414,3419,3447,3452,3495,3549,3580,3606,3620,3640,3647,3651,3662,3665,3679,3681,3686,3692,3701,3723,3741,3746,3751,3784,3794,3799,3804,4076,4728,	
RESUMEN 1 167 1 20,	
O 8 167 8 19,2929,2966,3269,3375,3428,3760,3813,	
TÉCNICA 1 167 1 18,	
FICHA 1 167 1 17,	
ocasiones 1 167 1 4177,	
información 7 167 7 14,2796,4325,5031,5345,5371,5388,	
Toda 1 167 1 12,	
91 1 167 1 5287,	
medicamento 10 167 10 11,16,2238,2800,3112,3558,3847,4454,5035,5349,	
sufran 1 167 1 4562,	
Basica 1 167 1 9,	
	Información 1 167 1 8,	
PERF 1 167 1 7,	
SOL 1 167 1 6,	
5ML 1 167 1 5,	
INY 1 167 1 4,	
5MG/ML 1 167 1 2,	
1 64 167 64 1,3,26,27,32,53,60,98,135,152,188,1329,1685,1765,1771,2044,2260,2269,2306,2315,2388,2401,2431,2910,3008,3013,3030,3095,3127,3282,3287,3332,3341,3378,3393,3404,3431,3445,3450,3454,3459,3536,3539,3717,3726,3778,3824,3902,3931,4386,4397,4432,4800,4888,4897,4936,4945,4975,5017,5081,5155,5227,5244,5250,	
Información 2 167 2 468,3929,	
FASTURTEC 5 167 5 0,3934,4078,4338,4729,	
