	Prospectos 1 430 1 4856,	
2004 1 430 1 4855,	
Enero 1 430 1 4853,	
TEXTO 1 430 1 4852,	
REVISION 1 430 1 4850,	
2000 1 430 1 4846,	
FECHA 2 430 2 4836,4848,	
278 1 430 1 4834,	
276 1 430 1 4826,	
277 1 430 1 4818,	
275 1 430 1 4810,	
280 1 430 1 4802,	
279 1 430 1 4793,	
274 1 430 1 4784,	
273 1 430 1 4776,	
61 8 430 8 4775,4783,4792,4801,4809,4817,4825,4833,	
28033 1 430 1 4760,	
Roble 1 430 1 4759,	
Edificio 1 430 1 4758,	
56 1 430 1 4757,	
nº 1 430 1 4756,	
Galvache 1 430 1 4755,	
Serrano 1 430 1 4754,	
C/ 1 430 1 4753,	
S 1 430 1 4751,	
Spain 1 430 1 4750,	
Farmacéutica 1 430 1 4749,	
	AstraZeneca 1 430 1 4748,	
COMERCIALIZACION 2 430 2 4747,4768,	
AUTORIZACION 3 430 3 4745,4766,4843,	
LA 4 430 4 4744,4765,4838,4842,	
TITULAR 1 430 1 4742,	
2º 1 430 1 4737,	
temperatura 1 430 1 4735,	
prolongarse 1 430 1 4728,	
deberían 1 430 1 4727,	
normalmente 1 430 1 4725,	
manipula 1 430 1 4723,	
personal 1 430 1 4720,	
utilización 1 430 1 4716,	
internos 1 430 1 4712,	
condiciones 1 430 1 4709,	
tiempos 1 430 1 4707,	
fuese 1 430 1 4704,	
microbiológico 1 430 1 4695,	
vista 1 430 1 4694,	
punto 1 430 1 4692,	
Desde 1 430 1 4690,	
20º 1 430 1 4687,	
temperaturas 1 430 1 4685,	
estables 1 430 1 4677,	
mezclas 2 430 2 4672,4697,	
evaluado 1 430 1 4667,	
NAROPIN/sulfato 1 430 1 4657,	
NAROPIN/citrato 1 430 1 4654,	
amplios 1 430 1 4642,	
tabla 1 430 1 4639,	
establecidos 1 430 1 4636,	
rangos 1 430 1 4633,	
0-50 1 430 1 4628,	
clonidina 2 430 2 4626,4663,	
0-100 1 430 1 4621,	
morfina 2 430 2 4619,4659,	
Sulfato 1 430 1 4617,	
4-4 1 430 1 4614,	
0-10 1 430 1 4607,	
Citrato 2 430 2 4603,4610,	
Concentración* 1 430 1 4602,	
Aditivo 1 430 1 4601,	
1-2 1 430 1 4599,	
Concentración 1 430 1 4596,	
siguientes 1 430 1 4594,	
compatible 1 430 1 4591,	
físicamente 2 430 2 4590,4676,	
química 2 430 2 4588,4674,	
(Polybag) 1 430 1 4586,	
plástico 1 430 1 4583,	
requiera 1 430 1 4570,	
autoclave 1 430 1 4560,	
re-introducir 1 430 1 4557,	
intacto 1 430 1 4553,	
utilizada 1 430 1 4550,	
Desechar 1 430 1 4546,	
destinado 1 430 1 4540,	
conservantes 1 430 1 4537,	
/manipulación 1 430 1 4533,	
Instrucciones 1 430 1 4530,	
fit"" 1 430 1 4527,	
lock"" 1 430 1 4524,	
""Luer 2 430 2 4523,4526,	
cierre 1 430 1 4520,	
ajustarse 1 430 1 4515,	
diseñadas 1 430 1 4513,	
especialmente 1 430 1 4512,	
estéril 9 430 9 4377,4395,4414,4433,4451,4469,4487,4505,4573,	
blister 9 430 9 4376,4394,4413,4432,4450,4468,4486,4504,4567,	
envasadas 8 430 8 4374,4392,4411,4430,4448,4466,4484,4502,	
polipropileno 9 430 9 4369,4387,4406,4425,4443,4461,4479,4497,4509,	
contenido 1 430 1 4356,	
30ºC 2 430 2 4349,4689,	
almacenamiento 2 430 2 4343,4711,	
Precauciones 1 430 1 4340,	
(Polybag®) 3 430 3 4333,4407,4426,	
bolsas 4 430 4 4330,4404,4423,4581,	
(Polyamp®) 8 430 8 4323,4370,4388,4444,4462,4480,4498,4510,	
ampollas 8 430 8 4322,4367,4385,4441,4459,4477,4495,4507,	
validez 1 430 1 4320,	
> 1 430 1 4313,	
pH 1 430 1 4312,	
escasa 1 430 1 4309,	
alcalinas 1 430 1 4304,	
Apartado 1 430 1 4295,	
mencionadas 1 430 1 4292,	
investigado 1 430 1 4283,	
Agua 1 430 1 4274,	
Hidróxido 1 430 1 4271,	
Acido 1 430 1 4269,	
Cloruro 1 430 1 4266,	
Lista 1 430 1 4263,	
	"6 1 430 1 4261,	
FARMACEUTICOS 1 430 1 4260,	
cardiotoxicidad) 1 430 1 4256,	
farmacodinámica 1 430 1 4241,	
parte 2 430 2 4229,4289,	
humanos 1 430 1 4227,	
identificaron 1 430 1 4224,	
mutagénico 1 430 1 4218,	
potencial 1 430 1 4217,	
reproductiva 1 430 1 4216,	
farmacología 1 430 1 4206,	
convencionales 1 430 1 4204,	
base 2 430 2 4201,4237,	
preclínicos 1 430 1 4197,	
Datos 1 430 1 4196,	
racemización 1 430 1 4189,	
evidencia 1 430 1 4187,	
patrón 1 430 1 4173,	
plasma 1 430 1 4168,	
detectables 1 430 1 4166,	
conjugada 2 430 2 4159,4162,	
1-3% 1 430 1 4157,	
4-hidroxi-dealquilado 1 430 1 4153,	
N-dealquilado 1 430 1 4149,	
4-hidroxi-Ropivacaína 1 430 1 4146,	
conjugado 1 430 1 4141,	
compuesto 1 430 1 4140,	
fundamentalmente 1 430 1 4136,	
37% 1 430 1 4130,	
inalterado 1 430 1 4120,	
elimina 1 430 1 4117,	
orina 2 430 2 4104,4135,	
excreta 2 430 2 4101,4132,	
86% 1 430 1 4096,	
Un 1 430 1 4093,	
aromática 1 430 1 4092,	
hidroxilación 1 430 1 4091,	
predominantemente 1 430 1 4089,	
extensamente 1 430 1 4088,	
resulta 1 430 1 4071,	
madre 2 430 2 4068,4084,	
feto 2 430 2 4062,4080,	
unión 1 430 1 4056,	
grado 1 430 1 4054,	
barrera 1 430 1 4043,	
fácilmente 1 430 1 4041,	
partir 1 430 1 4017,	
estacionario 1 430 1 3993,	
l/minuto 1 430 1 3985,	
15 2 430 2 3984,4844,	
grupo 2 430 2 3964,4030,	
relacionada 1 430 1 3958,	
demostrado 1 430 1 3955,	
farmacocinética 1 430 1 3947,	
farmacológicamente 1 430 1 3923,	
sustancia 2 430 2 3920,3922,	
aumento 1 430 1 3907,	
interescalena 1 430 1 3900,	
totales 2 430 2 3896,4076,	
fracción 2 430 2 3883,3999,	
ácida 2 430 2 3879,3912,	
glicoproteína 2 430 2 3878,3911,	
mayoritariamente 1 430 1 3875,	
une 1 430 1 3874,	
compatibilidades 1 430 1 4284,	
aproximadamente 1 430 1 3867,	
intermedia 1 430 1 3865,	
índice 1 430 1 3861,	
terminal 2 430 2 3849,4007,	
litros 1 430 1 3844,	
47 1 430 1 3843,	
estacionaria 1 430 1 3841,	
fase 1 430 1 3840,	
440 1 430 1 3826,	
medio 1 430 1 3822,	
total 4 430 4 3821,3935,3970,4094,	
superior 1 430 1 3805,	
aparente 1 430 1 3803,	
vida 3 430 3 3799,3847,4005,	
explica 1 430 1 3796,	
limitante 1 430 1 3789,	
factor 1 430 1 3788,	
orden 3 430 3 3776,3824,3972,	
fases 1 430 1 3774,	
medias 1 430 1 3770,	
vidas 1 430 1 3769,	
espacio 2 430 2 3766,4019,	
completa 1 430 1 3761,	
muestra 4 430 4 3758,4012,4163,4308,	
proporcional 1 430 1 3751,	
Cmax 1 430 1 3749,	
cinética 1 430 1 3745,	
sigue 1 430 1 3743,	
vascularización 1 430 1 3736,	
depende 1 430 1 3726,	
considerablemente 1 430 1 3710,	
potencia 1 430 1 3709,	
poseen 1 430 1 3702,	
metabolitos 2 430 2 3701,4176,	
Todos 1 430 1 3699,	
lípidos 1 430 1 3698,	
soluble 1 430 1 3695,	
altamente 1 430 1 3694,	
Es 1 430 1 3693,	
puro 1 430 1 3692,	
enantiómero-S-(-) 1 430 1 3691,	
quiral 1 430 1 3685,	
centro 1 430 1 3684,	
posee 2 430 2 3682,3966,	
farmacocinéticas 1 430 1 3680,	
habituales 1 430 1 3668,	
recomendadas 1 430 1 3663,	
idóneamente 1 430 1 3659,	
seguridad 3 430 3 3655,4199,4208,	
margen 1 430 1 3653,	
buen 1 430 1 3652,	
esperados 1 430 1 3638,	
toleraron 1 430 1 3627,	
expuestos 1 430 1 3623,	
sanos 1 430 1 3622,	
""Posología 1 430 1 3615,	
incluida 1 430 1 3610,	
expone 1 430 1 3606,	
detallada 1 430 1 3594,	
adrenalina) 1 430 1 3590,	
vasoconstrictor 1 430 1 3587,	
agente 1 430 1 3586,	
1% 1 430 1 4115,	
influidas 1 430 1 3580,	
dependen 1 430 1 3568,	
eficacia 1 430 1 3565,	
característica 1 430 1 3546,	
5% 1 430 1 4002,	
propiedad 1 430 1 3544,	
impulsos 1 430 1 3541,	
excitación 1 430 1 3532,	
umbral 1 430 1 3528,	
incrementa 1 430 1 3526,	
despolarización 1 430 1 3522,	
consecuencia 1 430 1 3518,	
Como 1 430 1 3517,	
iones 1 430 1 3514,	
nerviosa 1 430 1 3511,	
membrana 1 430 1 3507,	
permeabilidad 1 430 1 3504,	
reversible 1 430 1 3501,	
mecanismo 1 430 1 3497,	
origina 1 430 1 3483,	
bajas 2 430 2 3482,3632,	
analgésicos 1 430 1 3469,	
B09 1 430 1 3455,	
N01B 1 430 1 3454,	
ATC) 1 430 1 3453,	
(código 1 430 1 3452,	
Grupo 1 430 1 3450,	
farmacodinámicas 1 430 1 3449,	
Propiedades 2 430 2 3448,3679,	
	"5 1 430 1 3446,	
FARMACOLOGICAS 1 430 1 3445,	
PROPIEDADES 1 430 1 3444,	
" 3 430 3 3442,4257,4740,	
óptimas 1 430 1 3429,	
cardiopulmonar 1 430 1 3420,	
aplicar 1 430 1 3417,	
circulatorio 1 430 1 3416,	
produjese 1 430 1 3414,	
solubilidad 1 430 1 4310,	
proporcionales 1 430 1 3406,	
2-3 1 430 1 3399,	
transcurridos 1 430 1 3398,	
vez 1 430 1 3397,	
efedrina 1 430 1 3386,	
administrarán 1 430 1 3382,	
bradicardia) 1 430 1 3380,	
(hipotensión 1 430 1 3379,	
observa 1 430 1 3376,	
traqueal 1 430 1 3373,	
intubación 1 430 1 3372,	
controlada 1 430 1 3370,	
Suxametonio 1 430 1 3359,	
diazepam 1 430 1 3352,	
alternativa 1 430 1 3340,	
De 1 430 1 3338,	
abortarán 1 430 1 3334,	
sódico 1 430 1 3333,	
1-3 1 430 1 3329,	
intravenosas 2 430 2 3327,3626,	
espontánea 1 430 1 3322,	
remiten 1 430 1 3319,	
anticonvulsivante 1 430 1 3314,	
único 1 430 1 4544,	
bolsa) 1 430 1 3307,	
(máscara 1 430 1 3305,	
asistida 1 430 1 3301,	
ventilación 3 430 3 3300,3369,3428,	
oxígeno 1 430 1 3298,	
proporcionará 1 430 1 3297,	
Son 1 430 1 3421,	
circulación 2 430 2 3288,3434,	
oxigenación 2 430 2 3285,3426,	
mantenimiento 2 430 2 3282,3431,	
consistirá 1 430 1 3279,	
interrumpirá 2 430 2 3263,3360,	
reanimación 1 430 1 3252,	
benzodiacepinas 1 430 1 3229,	
fuertemente 1 430 1 3226,	
corta 1 430 1 3716,	
reciba 1 430 1 3220,	
precedidos 1 430 1 3204,	
contractilidad 1 430 1 3197,	
cruza 1 430 1 4040,	
conductividad 1 430 1 3195,	
depresión 2 430 2 3192,3377,	
sufentanilo 2 430 2 4612,4656,	
resultó 1 430 1 3188,	
voluntarios 2 430 2 3182,3621,	
cardíaco 1 430 1 3170,	
paro 2 430 2 3169,3415,	
acompañado 1 430 1 3487,	
producirse 2 430 2 3163,3531,	
Pueden 1 430 1 3162,	
cantidades 1 430 1 3149,	
inyectado 1 430 1 3147,	
hayan 1 430 1 3146,	
metabolismo 1 430 1 3133,	
sodio 3 430 3 3516,4268,4273,	
consiguiente 1 430 1 3132,	
redistribución 1 430 1 3122,	
recuperación 2 430 2 3117,3137,	
aumenta 1 430 1 3106,	
respiratoria 1 430 1 3103,	
respiración 1 430 1 3091,	
actividad 1 430 1 3080,	
hipercapnia 1 430 1 3074,	
almacenar 1 430 1 4345,	
hipoxia 1 430 1 3072,	
Durante 1 430 1 3066,	
segundos 2 430 2 3062,3325,	
variable 1 430 1 3059,	
mal 1 430 1 3056,	
gran 1 430 1 3055,	
consciencia 1 430 1 3051,	
pérdida 1 430 1 3048,	
neurótico 1 430 1 3042,	
comportamiento 1 430 1 3041,	
confundirse 1 430 1 3038,	
Estos 1 430 1 3034,	
PRIMERA 1 430 1 4839,	
generalizadas 1 430 1 3033,	
aparición 1 430 1 3030,	
preceder 1 430 1 3027,	
musculares 2 430 2 3021,3364,	
espasmos 1 430 1 3020,	
muscular 2 430 2 3018,3081,	
rigidez 1 430 1 3017,	
hormigueo 1 430 1 3013,	
desvanecimientos 1 430 1 3012,	
ligeros 1 430 1 3011,	
mareos 1 430 1 3010,	
entumecimiento 1 430 1 3008,	
audición 1 430 1 3007,	
visuales 1 430 1 3004,	
alteraciones 1 430 1 3003,	
observan 1 430 1 2999,	
clorhídrico 1 430 1 4270,	
Inicialmente 1 430 1 2997,	
creciente 1 430 1 2996,	
gravedad 1 430 1 2995,	
respuesta 1 430 1 2988,	
Sistema 1 430 1 2977,	
proporciona 1 430 1 2972,	
anestésica 2 430 2 2962,3566,	
iniciales 1 430 1 2959,	
detectar 1 430 1 2956,	
difícil 1 430 1 2955,	
grandes 1 430 1 3148,	
central 5 430 5 2946,2979,2985,3129,3213,	
afectar 1 430 1 2942,	
tóxicas 1 430 1 2939,	
dependiendo 1 430 1 2922,	
alcanzarse 1 430 1 2915,	
máximas 1 430 1 2912,	
inmediatos 1 430 1 2903,	
accidentales 1 430 1 2895,	
intravasculares 1 430 1 2894,	
Síntomas 1 430 1 2889,	
6% 1 430 1 3886,	
Sobredosis 1 430 1 2888,	
sobredosis 2 430 2 2880,2908,	
plasmáticos 1 430 1 2868,	
niveles 1 430 1 2867,	
después 3 430 3 2858,3806,4105,	
agudos 1 430 1 2857,	
causar 2 430 2 2854,2900,	
aguda 4 430 4 2851,2892,3236,3261,	
Toxicidad 3 430 3 2849,2890,3152,	
permanentes 1 430 1 2848,	
secuelas 1 430 1 2847,	
ocasionar 1 430 1 2846,	
raramente 1 430 1 2844,	
caballo) 1 430 1 2842,	
cola 1 430 1 2840,	
aracnoiditis 1 430 1 2839,	
anterior 1 430 1 2838,	
arteria 1 430 1 2836,	
síndrome 1 430 1 2833,	
ósea 1 430 1 2830,	
repetirá 1 430 1 3392,	
médula 1 430 1 2829,	
neuropatía 1 430 1 2824,	
asociado 1 430 1 2814,	
8ºC 1 430 1 4739,	
neurológicas 1 430 1 2811,	
Complicaciones 1 430 1 2810,	
raras 1 430 1 2809,	
anafiláctico) 1 430 1 2807,	
choque 1 430 1 2806,	
alérgicas 2 430 2 2791,2794,	
urinaria 2 430 2 2781,4144,	
retención 1 430 1 2780,	
prurito 1 430 1 2778,	
vómitos 1 430 1 2776,	
importancia 2 430 2 2770,3424,	
(>1/10000) 1 430 1 2758,	
Ansiedad 1 430 1 2757,	
Raras 1 430 1 2754,	
Hipoestesia 1 430 1 2752,	
Bradicardia 1 430 1 2744,	
cardíacas 1 430 1 2743,	
(>1/100) 1 430 1 2741,	
mareo 1 430 1 2740,	
parestesia 2 430 2 2739,3015,	
Cefalea 1 430 1 2738,	
Frecuentes 1 430 1 2733,	
retrasarse 1 430 1 2936,	
Náuseas 1 430 1 2732,	
(>1/10) 1 430 1 2729,	
Hipotensión 1 430 1 2728,	
vasculares 1 430 1 2727,	
Alteraciones 7 430 7 2726,2730,2734,2742,2748,2755,2759,	
Muy 1 430 1 2724,	
dando 1 430 1 3533,	
clasificado 1 430 1 2713,	
orgánico 1 430 1 2705,	
clase 2 430 2 2702,2789,	
Dentro 1 430 1 2699,	
causadas 1 430 1 2686,	
producidas 1 430 1 2679,	
distinguir 1 430 1 2677,	
comunicadas 2 430 2 2659,2774,	
excesiva 1 430 1 2643,	
localizadas 1 430 1 2633,	
sistémicas 3 430 3 2631,2940,3176,	
según 1 430 1 2621,	
varía 1 430 1 2620,	
experimente 1 430 1 2617,	
esperar 2 430 2 2615,4235,	
envase 2 430 2 4552,4565,	
porcentaje 1 430 1 2609,	
espinal/epidural 1 430 1 2607,	
bradicardia 3 430 3 2603,3165,3671,	
sanguínea 1 430 1 2601,	
disminución 1 430 1 2597,	
fisiológicos 1 430 1 2588,	
distinguirse 1 430 1 2584,	
metabólica 1 430 1 3105,	
presentan 2 430 2 2569,3272,	
similar 3 430 3 2566,4034,4174,	
perfil 1 430 1 2559,	
Generales 1 430 1 2557,	
Reacciones 3 430 3 2555,2782,2790,	
8 3 430 3 2554,3852,4762,	
locomoción 1 430 1 2549,	
temporalmente 1 430 1 2547,	
SNC 3 430 3 2543,3637,4252,	
coordinación 1 430 1 2535,	
menor 3 430 3 2530,3711,4064,	
presentar 2 430 2 2527,3045,	
Dependiendo 1 430 1 2519,	
disponibles 1 430 1 2518,	
maquinaria 1 430 1 2514,	
placentaria 1 430 1 4044,	
vehículos 1 430 1 2511,	
conducir 1 430 1 2510,	
arritmia 1 430 1 3166,	
capacidad 1 430 1 2508,	
Efectos 1 430 1 2505,	
inmediatamente; 1 430 1 4701,	
materna 1 430 1 2502,	
leche 1 430 1 2501,	
excreción 3 430 3 2496,3135,4143,	
acerca 1 430 1 2493,	
No 6 430 6 2490,2515,4185,4280,4344,4350,	
Lactancia 1 430 1 2489,	
postnatal 1 430 1 2483,	
desarrollo 2 430 2 2478,2482,	
relación 1 430 1 2474,	
directos 1 430 1 2470,	
perjudiciales 1 430 1 2469,	
animales 1 430 1 2465,	
embarazo 2 430 2 2461,2477,	
suficientes 1 430 1 2453,	
datos 3 430 3 2452,2492,2517,	
existen 3 430 3 2451,2491,2516,	
barbitúricos 1 430 1 3231,	
obstetricia 1 430 1 2449,	
Aparte 1 430 1 2444,	
lactancia 1 430 1 2442,	
Embarazo 2 430 2 2440,2443,	
clínicamente 1 430 1 2437,	
alcanzadas 1 430 1 2436,	
inhiba 1 430 1 2428,	
CYP2D6 1 430 1 2423,	
competitivo 1 430 1 2420,	
vitro 1 430 1 2416,	
relevancia 1 430 1 2412,	
parece 2 430 2 2410,2426,	
posible 1 430 1 2676,	
inhibición 1 430 1 2405,	
CYP3A4 1 430 1 2401,	
ketoconazol 1 430 1 2393,	
15% 1 430 1 2387,	
CYPlA2 1 430 1 2369,	
sistema 12 430 12 2368,2400,2422,2704,2736,2750,2761,2944,2949,2983,3127,3211,	
concomitante 2 430 2 2363,2391,	
tratando 1 430 1 2360,	
estén 1 430 1 2359,	
APROBACION/RENOVACION 1 430 1 4840,	
evitará 1 430 1 2349,	
éste 1 430 1 2347,	
interaccionar 1 430 1 2345,	
administrados 1 430 1 2336,	
Así 1 430 1 2325,	
potente 2 430 2 2322,2398,	
selectivo 2 430 2 2320,2396,	
inhibidor 3 430 3 2319,2395,2419,	
conjunta 1 430 1 2315,	
70% 1 430 1 2311,	
redujo 2 430 2 2308,2384,	
vivo 3 430 3 2304,2382,4191,	
in 4 430 4 2303,2381,2415,4190,	
plasmático 6 430 6 2302,2378,3820,3872,3969,3980,	
aclaramiento 7 430 7 2301,2377,3819,3829,3968,3979,4022,	
Por 1 430 1 3308,	
metabolito 4 430 4 2298,4122,4148,4152,	
3-hidroxi-Ropivacaína 2 430 2 2296,4158,	
formación 1 430 1 2294,	
involucrado 1 430 1 2291,	
isoenzima 2 430 2 2408,2431,	
lA2 1 430 1 2289,	
(CYP) 1 430 1 2288,	
P450 1 430 1 2287,	
citocromo 1 430 1 2286,	
práctica 1 430 1 4648,	
(adversos) 1 430 1 2281,	
mutuamente 1 430 1 2278,	
potencien 1 430 1 2277,	
simultáneo 1 430 1 2265,	
aditivos 1 430 1 2262,	
envases 1 430 1 4359,	
relacionados 1 430 1 2244,	
estructuralmente 1 430 1 2243,	
reciban 1 430 1 2237,	
debe 2 430 2 2230,4556,	
interacción 1 430 1 2228,	
formas 1 430 1 2226,	
medicamentos 2 430 2 2223,4858,	
Interacción 1 430 1 2219,	
cruzada 1 430 1 2210,	
presente 1 430 1 2207,	
(ver 4 430 4 2193,2370,2484,2881,	
enoxacino 2 430 2 2192,2335,	
fluvoxamina 3 430 3 2190,2317,2333,	
CYP1A2 3 430 3 2187,2324,2330,	
inhibidores 3 430 3 2184,2327,2365,	
tratados 1 430 1 2181,	
prolongada 6 430 6 2176,2341,2352,2577,3465,3551,	
cardiovasculares 1 430 1 3201,	
súbita 1 430 1 2157,	
desarrollar 1 430 1 2155,	
causa 1 430 1 2153,	
debida 1 430 1 2150,	
hipovolemia 1 430 1 2149,	
riesgo 1 430 1 2142,	
aumentar 1 430 1 2140,	
crónica 1 430 1 2138,	
insuficiencia 1 430 1 2136,	
observada 1 430 1 2132,	
plasmáticas 6 430 6 2130,2435,2911,3895,4059,4075,	
generalmente 1 430 1 3203,	
proteínas 2 430 2 2129,4058,	
reducida 1 430 1 2127,	
acidosis 3 430 3 2123,3102,3441,	
plazo 1 430 1 2121,	
corto 1 430 1 2120,	
presencia 1 430 1 3583,	
alteración 2 430 2 2107,3085,	
9 3 430 3 2884,2887,4835,	
Normalmente 1 430 1 2095,	
congelar 1 430 1 4351,	
retardada 1 430 1 2094,	
repetición 1 430 1 2086,	
influencia 1 430 1 2529,	
grave; 1 430 1 2079,	
hígado 1 430 1 2065,	
metaboliza 2 430 2 2062,4087,	
indicada 1 430 1 2054,	
esté 2 430 2 2052,3225,	
concomitantemente 2 430 2 2182,2337,	
especial 1 430 1 2046,	
grave 3 430 3 2044,2161,3161,	
renal 4 430 4 2043,2108,2137,3830,	
disfunción 2 430 2 2042,2826,	
hepática 3 430 3 2039,2078,3864,	
enfermedad 2 430 2 2038,2077,	
cardiaca 1 430 1 2037,	
conducción 1 430 1 2036,	
completo 1 430 1 2033,	
parcial 1 430 1 2031,	
comprometedores 1 430 1 2027,	
u 2 430 2 2024,2271,	
libre 5 430 5 3884,3921,3981,4000,4052,	
general 4 430 4 2019,2672,2976,3223,	
mala 1 430 1 2017,	
inflamadas 1 430 1 1988,	
áreas 1 430 1 1987,	
evitar 2 430 2 1984,2173,	
precaución 3 430 3 1982,2073,2233,	
graves 4 430 4 1973,2805,3024,3095,	
asociarse 1 430 1 1965,	
responsabilidad 1 430 1 4718,	
transcurridas 1 430 1 2917,	
cuello 1 430 1 1963,	
zonas 1 430 1 1958,	
Ciertos 1 430 1 1949,	
absorción 5 430 5 1943,2647,3760,3784,4014,	
rápida 3 430 3 1942,2646,3140,	
debido 7 430 7 1933,2020,2090,2255,2639,2873,3075,	
probablemente 1 430 1 1931,	
Ello 1 430 1 1930,	
eliminación 4 430 4 2093,3292,3792,3802,	
frecuentemente 5 430 5 1917,2053,2131,2658,2773,	
producido 1 430 1 1915,	
hipotensión 5 430 5 1912,2158,2662,3164,3669,	
ml/minuto 3 430 3 3827,3833,3976,	
apnea 2 430 2 1910,3100,	
subaracnoidea 1 430 1 1899,	
complicaciones 1 430 1 1896,	
sistémica 5 430 5 1893,2145,2850,2891,3260,	
toxicidad 13 430 13 1892,2144,2541,2932,2961,2981,3155,3208,3235,3259,4209,4215,4220,	
diagnóstico 1 430 1 1885,	
familiarizado 1 430 1 1882,	
l/kg 1 430 1 3997,	
entrenado 1 430 1 1880,	
debidamente 1 430 1 1879,	
estará 1 430 1 1878,	
clínico 1 430 1 1877,	
responsable 1 430 1 1876,	
El 13 430 13 1875,2263,2285,2300,2376,2558,2608,3496,3555,4021,4053,4121,4551,	
procedimiento 1 430 1 1872,	
practicar 1 430 1 1870,	
insertada 1 430 1 1867,	
alcanzándose 1 430 1 4045,	
tendrán 1 430 1 1863,	
elevadas 1 430 1 1862,	
recibir 2 430 2 1853,3404,	
medicación 1 430 1 1845,	
emergencia 3 430 3 1842,1847,3254,	
resucitación 2 430 2 1840,3419,	
monitorización 2 430 2 1838,3250,	
necesarios 2 430 2 1835,3247,	
fármacos 5 430 5 1834,2242,2284,3246,4595,	
momento 2 430 2 1830,3242,	
indirectos 1 430 1 2472,	
disponible 3 430 3 1827,3239,3688,	
área 1 430 1 1823,	
equipo 3 430 3 1819,1832,3244,	
procedimientos 2 430 2 1810,1950,	
Los 8 430 8 1809,2013,2146,2462,3198,3401,3620,4632,	
especiales 2 430 2 1806,4341,	
Advertencias 1 430 1 1803,	
Hipovolemia 1 430 1 1800,	
obstétrica 1 430 1 1799,	
paracervical 1 430 1 1798,	
fibra 1 430 1 3510,	
intravenosa 9 430 9 1796,1866,3185,3310,3346,3389,3815,3857,4109,	
relacionadas 2 430 2 1784,2786,	
generales 2 430 2 1783,2270,	
corresponde 1 430 1 4154,	
contraindicaciones 1 430 1 1782,	
amida 6 430 6 1778,2216,2250,2574,2800,3462,	
tipo 8 430 8 1777,2057,2215,2249,2573,2799,3054,3461,	
anestésicos 12 430 12 1774,2213,2239,2247,2269,2524,2571,2797,2897,3114,3179,3471,	
conocida 1 430 1 1771,	
convulsiones 10 430 10 1918,3032,3053,3068,3273,3295,3317,3337,3363,4254,	
hipersensibilidad 2 430 2 1770,2209,	
contraindicadas 1 430 1 1766,	
están 4 430 4 1765,3202,3579,4511,	
Contraindicaciones 1 430 1 1760,	
año 3 430 3 1755,2010,4182,	
recomendar 2 430 2 1745,2000,	
obtenga 2 430 2 1738,1993,	
Hasta 2 430 2 1734,1989,	
embrionario/fetal 1 430 1 2479,	
vía 6 430 6 1731,1865,2623,3309,3388,3731,	
independientemente 5 430 5 1728,1789,1974,2166,2819,	
calculada 1 430 1 1727,	
anestésico 9 430 9 1725,1791,2168,2821,3124,3222,3267,3459,3705,	
Poco 1 430 1 2746,	
incidencia 1 430 1 1715,	
NUMERO 1 430 1 4763,	
mayor 5 430 5 1714,1740,1856,1968,1995,	
asocia 1 430 1 1711,	
mg/ml; 1 430 1 1705,	
estudiado 1 430 1 1692,	
sensorial 2 430 2 1682,3486,	
rápidamente 5 430 5 2872,3071,3335,3361,4046,	
diferente 1 430 1 1679,	
distribución 3 430 3 1678,3837,3990,	
obtener 1 430 1 1676,	
ajustar 1 430 1 1667,	
ml/kg 1 430 1 1664,	
prolonga 1 430 1 3108,	
volumen 4 430 4 1661,1669,3835,3988,	
mg/kg 4 430 4 1658,1697,3330,3350,	
emplea 2 430 2 1653,3658,	
debajo 1 430 1 1642,	
idónea 1 430 1 1640,	
quirúrgica 2 430 2 1639,3477,	
produce 4 430 4 1635,3088,3119,3475,	
extracción 1 430 1 3863,	
estrechamente 1 430 1 1606,	
observarán 1 430 1 1605,	
consultar 1 430 1 1563,	
ideal 1 430 1 1560,	
gradual 2 430 2 1549,2989,	
menudo 1 430 1 1544,	
alto 2 430 2 1540,1908,	
individuos 1 430 1 1535,	
producen 3 430 3 1532,1617,2638,	
directrices 1 430 1 1525,	
kg 3 430 3 1515,3977,3986,	
25 1 430 1 1514,	
corporal 4 430 4 1511,1542,1559,4027,	
peso 5 430 5 1510,1541,1558,3411,4026,	
T12 2 430 2 1505,1644,	
Inyección 1 430 1 1500,	
(per- 1 430 1 1494,	
Volumen 1 430 1 1488,	
Conc 1 430 1 1487,	
pediátricos 1 430 1 1479,	
Pacientes 1 430 1 1478,	
intervenciones 1 430 1 1475,	
estudiadas 1 430 1 1472,	
Concentraciones 1 430 1 1460,	
provocaron 1 430 1 1452,	
48 1 430 1 1450,	
Tasas 1 430 1 1438,	
avanzada 2 430 2 2023,2040,	
manteniéndose 1 430 1 1430,	
administración"" 1 430 1 3619,	
cirugía; 1 430 1 1429,	
225 1 430 1 1418,	
interescaleno 1 430 1 1416,	
estableció 1 430 1 1400,	
considerar 1 430 1 1381,	
deben 2 430 2 1380,3037,	
repetidas 1 430 1 1378,	
través 1 430 1 1370,	
aplican 1 430 1 1363,	
sólo 4 430 4 1356,4113,4164,4541,	
dicha 1 430 1 1354,	
investigándose 1 430 1 1353,	
opiáceos; 1 430 1 1352,	
secundarios 1 430 1 1351,	
taquicardia 1 430 1 2745,	
efectos 11 430 11 1350,1890,2259,2280,2468,2587,2855,2901,3110,3199,3467,	
lineal 1 430 1 3746,	
causó 1 430 1 1349,	
mejor 1 430 1 1344,	
proporcionó 1 430 1 1342,	
combinación 2 430 2 1337,1355,	
Esta 1 430 1 1336,	
periodo 2 430 2 1331,4680,	
potentes 3 430 3 2185,2328,2366,	
fentanilo 3 430 3 1322,1341,4605,	
µg/ml 1 430 1 1320,	
1-4 1 430 1 1319,	
mezclada 1 430 1 1317,	
sola 1 430 1 1315,	
estudios 5 430 5 1302,1397,2463,4203,4669,	
opiáceos 2 430 2 1300,2272,	
utilizar 2 430 2 1299,2513,	
necesidad 2 430 2 1297,2099,	
significativa 1 430 1 1294,	
reducción 4 430 4 1293,1548,2083,3500,	
observado 3 430 3 1291,3889,4171,	
permita 1 430 1 1285,	
pronto 1 430 1 1280,	
extraer 1 430 1 1276,	
analgésico 1 430 1 1271,	
estrecho 1 430 1 1268,	
seguimiento 1 430 1 1267,	
realizarse 2 430 2 1265,1816,	
días 2 430 2 1261,4683,	
máxima 2 430 2 1254,3642,	
severo 1 430 1 1251,	
moderado 1 430 1 1249,	
casos 4 430 4 1242,2803,2965,3094,	
progresivo 2 430 2 1234,3495,	
ligero 1 430 1 1231,	
proporcionan 1 430 1 1224,	
mg) 1 430 1 1221,	
(12-28 1 430 1 1220,	
(>1/1000) 1 430 1 2753,	
respectivamente 1 430 1 1425,	
Velocidades 1 430 1 1214,	
ésta 1 430 1 1190,	
induce 1 430 1 1185,	
intervención 1 430 1 1183,	
previamente 1 430 1 1180,	
inicie 1 430 1 1175,	
A 4 430 4 1170,3472,3870,4752,	
técnica 2 430 2 1169,1288,	
siguiente 1 430 1 1168,	
adversas 12 430 12 1158,1972,2556,2562,2580,2619,2630,2656,2696,2708,2768,2783,	
reacciones 12 430 12 1157,1971,2561,2579,2618,2629,2655,2695,2707,2767,2793,2938,	
relativamente 1 430 1 1155,	
mg/día 1 430 1 1153,	
800 1 430 1 1152,	
administrado 2 430 2 1147,1306,	
entorno 1 430 1 4572,	
72 2 430 2 1137,1334,	
mg/hora 1 430 1 1135,	
28 1 430 1 1134,	
encabezado 1 430 1 2716,	
velocidades 1 430 1 1131,	
post-operatorias 1 430 1 1129,	
continuas 2 430 2 1128,3903,	
epidurales 2 430 2 1127,4652,	
perfusiones 3 430 3 1126,3625,4651,	
así 4 430 4 1123,3289,3435,4705,	
24 2 430 2 1116,4731,	
tiopental 1 430 1 3332,	
administradas 1 430 1 1114,	
post-operatoria 1 430 1 1113,	
675 1 430 1 1105,	
acumuladas 1 430 1 1102,	
Dosis 3 430 3 1101,1489,3326,	
local 16 430 16 1100,1395,1726,1792,1953,1978,2169,2822,2963,3125,3268,3460,3538,3567,3706,4221,	
posibilidad 2 430 2 1095,2203,	
tóxica 2 430 2 1092,1389,	
plasmática 4 430 4 1091,1388,3723,3934,	
concentración 11 430 11 1090,1193,1387,1700,1709,2126,3722,3918,3933,4051,4635,	
Período 1 430 1 4318,	
alcanzar 2 430 2 1088,1385,	
riesgos 3 430 3 1086,1383,4225,	
cuenta 2 430 2 1084,2201,	
tenerse 2 430 2 1082,2199,	
mental 1 430 1 2536,	
repetida 2 430 2 1080,4214,	
prolongados 2 430 2 1070,1367,	
requieren 2 430 2 1068,2045,	
inducir 2 430 2 1097,1392,	
tolerada 2 430 2 1065,3643,	
resultado 2 430 2 1062,3173,	
elevan 1 430 1 2865,	
300 2 430 2 1058,1406,	
única 5 430 5 1056,1501,1629,2117,4212,	
utilizado 1 430 1 1053,	
limitado 3 430 3 1048,1142,3492,	
número 2 430 2 1047,1141,	
toleradas 3 430 3 1038,1120,1459,	
Ropivacaína 34 430 34 1034,1108,1179,1634,1702,2060,2178,2306,2354,2380,2414,2458,2498,3187,3456,3548,3629,3681,3720,3725,3742,3757,3794,3816,3858,3949,3965,4011,4039,4085,4126,4193,4246,4307,	
250 1 430 1 1031,	
únicas 1 430 1 1028,	
empleado 4 430 4 1026,1793,2170,2823,	
(en 1 430 1 2801,	
han 10 430 10 1025,1146,1470,1691,1914,2712,2813,3925,4282,4666,	
inmediatamente 4 430 4 1017,1624,3269,3418,	
deberá 9 430 9 1015,1081,1264,1554,1562,1622,2070,2172,4562,	
fármaco 10 430 10 1014,2582,2689,2698,2710,2785,2870,3151,3649,4119,	
3-hidroxi- 1 430 1 4125,	
tóxicos 7 430 7 1010,1619,2260,2856,2902,3111,3200,	
síntomas 5 430 5 1009,1618,2991,3000,3635,	
administra 1 430 1 2111,	
aparecen 2 430 2 1008,3256,	
Si 6 430 6 1007,1615,3255,3270,3374,3412,	
verbal 1 430 1 1004,	
contacto 1 430 1 1003,	
superiores 1 430 1 1149,	
mantiene 2 430 2 1001,1205,	
vitales 2 430 2 996,1609,	
funciones 2 430 2 995,1608,	
necesaria 1 430 1 1546,	
constantemente 1 430 1 993,	
Septiembre 1 430 1 4845,	
mg/minuto 1 430 1 989,	
25-50 1 430 1 988,	
lenta 3 430 3 979,3358,3785,	
inyectará 1 430 1 976,	
principal 3 430 3 973,2299,4123,	
modificar 1 430 1 2101,	
requerirá 3 430 3 963,3275,3368,	
signos 9 430 9 958,2930,2958,2993,3035,3190,3206,3257,4249,	
intratecal 1 430 1 955,	
cardíaca 1 430 1 951,	
frecuencia 3 430 3 950,1969,2718,	
temporal 1 430 1 947,	
incremento 3 430 3 946,3077,3891,	
reconocerse 1 430 1 943,	
accidental 6 430 6 941,956,1900,1938,2653,2878,	
Una 3 430 3 938,1625,3591,	
000) 1 430 1 937,	
Incompatibilidades 1 430 1 4279,	
2% 1 430 1 932,	
(lidocaína 1 430 1 930,	
lidocaína 1 430 1 927,	
relacionado 2 430 2 3904,4023,	
media 3 430 3 3800,3848,4006,	
adversos 1 430 1 1891,	
prueba 1 430 1 922,	
aconseja 1 430 1 918,	
alta 1 430 1 916,	
inyectar 1 430 1 912,	
Cuando 3 430 3 908,1066,1361,	
intravascular 6 430 6 907,940,1603,1937,2652,2877,	
catéter 2 430 2 1200,1278,	
prevenir 2 430 2 904,1600,	
cuidadosa 2 430 2 902,1593,	
locales 10 430 10 1775,2214,2240,2248,2525,2572,2798,2898,3115,3180,	
aspiración 3 430 3 901,964,1592,	
realizar 1 430 1 899,	
inyección 18 430 18 896,906,939,954,1598,1602,1614,1621,1626,1672,1898,1936,1948,2651,2876,2927,3741,4276,	
Antes 1 430 1 892,	
Forma 2 430 2 889,1586,	
inferiores 2 430 2 888,1503,	
agudo) 1 430 1 882,	
adecuadamente 1 430 1 1458,	
analgesia 7 430 7 872,1112,1203,1226,1433,1454,1637,	
formulación 1 430 1 866,	
empleando 2 430 2 864,1198,	
indica 2 430 2 3157,3650,	
recomienda 6 430 6 860,898,1166,1590,1686,1720,	
profundo 1 430 1 858,	
motor 4 430 4 857,1236,1718,3491,	
quirúrgicos 1 430 1 849,	
procesos 1 430 1 848,	
altas 5 430 5 845,2861,3177,3473,4244,	
concentraciones 8 430 8 841,885,2434,2910,3175,3894,4074,4165,	
requiere 2 430 2 837,1981,	
epidural) 1 430 1 836,	
Generalmente 1 430 1 828,	
conjuntamente 1 430 1 819,	
suponiendo 1 430 1 818,	
extra 1 430 1 817,	
administrarse 1 430 1 814,	
caso 3 430 3 811,2906,3394,	
En 19 430 19 810,1018,1039,1139,1301,1396,1536,2764,2904,2951,3092,3181,3664,3755,3936,3962,4200,4321,4328,	
14 2 430 2 803,3778,	
105 1 430 1 800,	
ml; 1 430 1 799,	
precipitación 1 430 1 4301,	
13 1 430 1 798,	
adrenalina 2 430 2 929,934,	
= 3 430 3 797,802,825,	
Madrid 1 430 1 4761,	
(97 1 430 1 794,	
inicial 1 430 1 789,	
crecientes 2 430 2 786,983,	
aplicarse 1 430 1 784,	
Deberán 2 430 2 783,1779,	
existe 3 430 3 772,2097,4186,	
actualmente 1 430 1 770,	
embargo 4 430 4 769,1263,1707,2403,	
Sin 3 430 3 768,1262,2402,	
requerirse 2 430 2 765,2081,	
tronco 1 430 1 762,	
posológica 1 430 1 753,	
recomendación 1 430 1 752,	
darse 1 430 1 750,	
respecto 1 430 1 742,	
Con 2 430 2 741,1286,	
sea 2 430 2 1932,3303,	
* 2 430 2 740,4631,	
pacientes 16 430 16 739,1050,1144,1650,1768,1849,2014,2059,2075,2105,2134,2147,2180,2235,2356,2611,	
escoger 1 430 1 4563,	
requerimientos 2 430 2 733,1582,	
específicas 3 430 3 729,778,1578,	
técnicas 2 430 2 726,1575,	
afectan 2 430 2 723,1572,	
adecuada 5 430 5 718,1227,1455,1565,1824,	
Convulsiones 1 430 1 2763,	
bibliografía 3 430 3 717,1564,1689,	
consultará 1 430 1 716,	
Se 20 430 20 715,962,1531,1561,1589,1604,1665,1690,1719,1913,1980,2171,2348,2812,3043,3296,3887,4169,4298,4561,	
necesario 6 430 6 713,812,854,3304,3395,3529,	
farmacoterapéutico 1 430 1 3451,	
promedio 1 430 1 712,	
intervalo 1 430 1 709,	
sedado 1 430 1 3227,	
""Dosis"" 1 430 1 706,	
columna 1 430 1 705,	
cifras 1 430 1 702,	
acción 8 430 8 700,2576,3355,3464,3554,3562,3602,4240,	
duración 7 430 7 697,1253,3058,3552,3559,3599,3714,	
inicio 3 430 3 695,3556,3596,	
individuales 2 430 2 692,1583,	
variaciones 3 430 3 691,1533,3915,	
lugar 6 430 6 690,1946,2924,3534,3570,3738,	
Tienen 1 430 1 689,	
adultos 4 430 4 688,1122,3756,4038,	
considerarse 3 430 3 682,1523,1780,	
deberán 6 430 6 681,1522,1814,2583,3403,4699,	
adecuado 1 430 1 679,	
necesarias 1 430 1 674,	
expuestas 1 430 1 667,	
Las 13 430 13 665,701,1516,1761,2578,2628,2654,2792,2937,3914,4506,4650,4671,	
quirúrgico) 1 430 1 664,	
post- 2 430 2 663,1638,	
gastrointestinales 1 430 1 2731,	
5-10 2 430 2 651,3383,	
interescaleno) 1 430 1 644,	
disminuye 1 430 1 3523,	
femoral 2 430 2 642,1404,	
(bloqueo 1 430 1 641,	
1-5 1 430 1 633,	
0-200 1 430 1 632,	
1-100 1 430 1 630,	
post-operatorio) 1 430 1 620,	
Naturaleza 1 430 1 4354,	
(tratamiento 1 430 1 617,	
lesión 2 430 2 1098,1393,	
12-28 2 430 2 599,613,	
6-14 3 430 3 597,611,1218,	
parto 2 430 2 591,2480,	
n/p 9 430 9 587,588,601,602,615,616,655,656,824,	
psiquiátricas 1 430 1 2756,	
mg/h 4 430 4 586,600,614,654,	
12-20 1 430 1 585,	
ml/h 4 430 4 584,598,612,652,	
30 2 430 2 576,4682,	
Disartria 1 430 1 3016,	
mínimo 1 430 1 575,	
parto) 1 430 1 574,	
(intervalo 1 430 1 573,	
20-30 1 430 1 565,	
(top-up) 1 430 1 561,	
intermitentes 3 430 3 560,657,1443,	
5-1 1 430 1 557,	
10-15 2 430 2 555,564,	
20-40 1 430 1 554,	
0 17 430 17 552,556,563,582,596,610,629,650,3348,3868,3983,4315,4608,4613,4615,4622,4629,	
Bolus 1 430 1 550,	
AGUDO 2 430 2 546,1493,	
DOLOR 2 430 2 545,1492,	
infiltración) 2 430 2 542,637,	
e 7 430 7 541,636,1911,2661,3073,3167,3371,	
indican 1 430 1 2467,	
menores 7 430 7 540,635,767,1752,2007,3927,4077,	
2-6 2 430 2 539,634,	
1-15 1 430 1 538,	
5-225 1 430 1 537,	
1-30 1 430 1 535,	
nervios 2 430 2 532,627,	
bloqueos 6 430 6 530,625,760,781,1069,1364,	
ej 10 430 10 529,567,580,624,659,834,874,2252,2832,3589,	
(por 9 430 9 528,566,623,658,833,873,2831,3588,4247,	
6-10 2 430 2 525,583,	
10-25 1 430 1 524,	
225-300 1 430 1 523,	
perioral 1 430 1 3009,	
30-40 1 430 1 522,	
braquial 4 430 4 519,757,1044,1924,	
plexo 4 430 4 518,756,1043,1923,	
nerviosos* 1 430 1 516,	
NAROPIN/clorhidrato 1 430 1 4661,	
comenzando 1 430 1 2719,	
nivel 2 430 2 512,3871,	
do 1 430 1 510,	
Inyecciones 2 430 2 559,2893,	
post-operatorio 6 430 6 509,603,1164,1245,1328,3908,	
recomiendan 1 430 1 884,	
procede 1 430 1 827,	
(dependien- 1 430 1 508,	
alivio 2 430 2 503,1345,	
38-113 1 430 1 501,	
5-15 1 430 1 500,	
Establecer 1 430 1 493,	
torácica 2 430 2 492,606,	
15-20 2 430 2 487,3324,	
Cesárea 1 430 1 484,	
3-5 4 430 4 483,489,808,924,	
10-20 6 430 6 482,488,502,553,653,1445,	
113-188 1 430 1 481,	
consideradas 1 430 1 673,	
15-25 1 430 1 480,	
7 13 430 13 478,485,498,520,533,536,1195,1410,1422,1464,2504,3974,4741,	
reflejan 1 430 1 707,	
Cirugía 1 430 1 477,	
post-quirúrgico) 1 430 1 1496,	
lumbar 2 430 2 476,549,	
presión 1 430 1 2600,	
Administración 5 430 5 474,490,547,604,1497,	
CIRUGIA 1 430 1 473,	
frecuentes 4 430 4 2665,2723,2725,2747,	
EN 1 430 1 472,	
función 1 430 1 2533,	
ANESTESIA 1 430 1 471,	
horas 10 430 10 470,1117,1138,1335,1451,2921,3782,3853,4010,4732,	
minutos 5 430 5 469,809,3065,3400,3779,	
mg/ml 12 430 12 466,869,1197,1213,1312,1360,1412,1424,1437,1466,1632,4600,	
esperado 1 430 1 714,	
decidir 1 430 1 463,	
antiarrítmicos 1 430 1 2254,	
hora 3 430 3 461,1223,1448,	
importantes 1 430 1 458,	
factores 4 430 4 457,721,1570,2026,	
son 11 430 11 456,671,2261,2663,2775,2808,3022,3667,4640,4673,4717,	
paciente 6 430 6 455,998,1585,1611,3219,3367,	
jeringa 1 430 1 4522,	
vigilan 1 430 1 992,	
condición 2 430 2 452,2018,	
conocimiento 1 430 1 449,	
clínica 7 430 7 446,453,2413,2683,2771,3646,4649,	
eficaz 1 430 1 443,	
producir 5 430 5 440,676,1904,3098,4300,	
requerida 1 430 1 438,	
pequeña 1 430 1 437,	
emplearse 4 430 4 433,2071,2231,3343,	
Deberá 4 430 4 432,1825,2198,3237,	
tipos 2 430 2 429,4518,	
diferentes 1 430 1 428,	
empleada 2 430 2 425,1979,	
habitualmente 2 430 2 424,2636,	
carácter 2 430 2 1247,2160,	
dosis 44 430 44 422,435,465,666,711,766,777,785,788,816,843,887,914,920,972,982,1027,1055,1148,1517,1552,1655,1693,1723,1861,2089,2103,2116,2522,2642,2860,3345,3405,3474,3481,3576,3631,3641,3662,3729,3754,4099,4211,4243,	
recomendaciones 3 430 3 419,684,775,	
recoge 1 430 1 417,	
continuación 2 430 2 416,3047,	
presenta 4 430 4 414,3070,3817,3859,	
Tabla 5 430 5 411,670,1521,2693,3609,	
náuseas 2 430 2 2660,2777,	
La 16 430 16 410,444,1202,1252,2122,2980,3101,3116,3136,3154,3543,3644,3721,3783,4142,4574,	
edad 10 430 10 409,1486,1757,2012,2022,3409,3945,3961,4032,4184,	
años 5 430 5 407,1484,3943,4327,4337,	
12 3 430 3 406,1483,3942,	
activa 1 430 1 3924,	
mayores 2 430 2 404,4179,	
bloqueo 32 430 32 431,442,495,678,728,744,856,960,1020,1041,1187,1235,1256,1402,1415,1577,1681,1717,1855,1874,1906,1921,1928,2030,2591,2606,2692,2970,3485,3490,3537,3674,	
niños 11 430 11 403,1507,1537,1751,2006,2765,2952,3402,3665,3937,4178,	
Adultos 1 430 1 401,	
regional 6 430 6 399,1795,1813,2051,2818,3953,	
anestesia 14 430 14 398,830,862,1787,1812,1952,1977,2050,2164,2668,2817,2975,3476,3952,	
experiencia 6 430 6 396,445,773,1741,1996,3645,	
sido 2 430 2 1471,3926,	
neural 2 430 2 1099,1394,	
amplia 1 430 1 395,	
médico 1 430 1 393,	
supervisión 1 430 1 390,	
50 1 430 1 820,	
administrará 3 430 3 385,806,3312,	
únicamente 2 430 2 383,748,	
forma 7 430 7 379,978,2362,3321,3339,3617,4138,	
Posología 2 430 2 377,400,	
post-quirúrgico 1 430 1 374,	
peri- 1 430 1 372,	
tratamiento 13 430 13 369,568,660,879,1161,1177,1325,1859,1887,2114,3276,3278,3438,	
pediatría 2 430 2 362,1530,	
3) 1 430 1 356,	
clínicos 3 430 3 1303,1398,4670,	
inyecciones 6 430 6 355,648,1377,1442,1956,1985,	
continuo 1 430 1 350,	
periférico 4 430 4 349,527,622,640,	
nervioso 13 430 13 348,639,763,1403,2592,2737,2751,2762,2945,2978,2984,3128,3212,	
durante 20 430 20 341,807,894,967,1115,1136,1329,1449,1596,1612,2162,2312,2338,2388,2459,2604,2666,2973,3897,4678,	
intermitente 1 430 1 340,	
mayoría 2 430 2 1239,1647,	
bolus 2 430 2 339,1079,	
equilibrio 1 430 1 4048,	
o 28 430 28 336,354,387,643,647,980,1075,1093,1316,1375,1390,1441,1857,1939,2032,2041,2118,2241,2471,2481,2648,2690,2862,2879,2919,3005,3224,3230,	
continua 7 430 7 335,353,578,608,646,1074,1374,	
Perfusión 4 430 4 333,577,607,645,	
agudo 2 430 2 331,360,	
dolor 15 430 15 330,359,371,505,570,589,594,619,662,881,1163,1244,1283,1327,1347,	
Este 1 430 1 3277,	
Tratamiento 4 430 4 328,357,592,3232,	
2) 2 430 2 327,823,	
periféricos 3 430 3 326,345,1366,	
Bloqueos 3 430 3 325,344,1502,	
nerviosos 4 430 4 323,747,1365,3542,	
DE 7 430 7 4743,4746,4764,4767,4837,4841,4849,	
troncos 3 430 3 322,515,746,	
cesárea 2 430 2 318,1477,	
incluyendo 2 430 2 317,4253,	
Bloqueo 9 430 9 313,320,347,364,513,517,526,621,638,	
TRATAMIENTO 2 430 2 543,1490,	
- 7 430 7 312,319,324,332,343,346,363,	
cirugía 6 430 6 311,316,832,1023,1110,2670,	
Anestesia 3 430 3 309,1794,1797,	
1) 2 430 2 308,782,	
indicado 1 430 1 306,	
está 4 430 4 305,2290,3687,4539,	
terapéuticas 1 430 1 303,	
Indicaciones 1 430 1 302,	
	"4 1 430 1 300,	
CLINICOS 1 430 1 299,	
espinal 3 430 3 961,1907,2837,	
DATOS 2 430 2 298,4259,	
4 18 430 18 297,375,1758,1801,1802,2195,2217,2373,2374,2438,2503,2553,2883,2886,3781,3869,3996,4339,	
(100 1 430 1 293,	
mediante 4 430 4 288,351,1071,1376,	
Solución 1 430 1 285,	
ml) 3 430 3 284,296,804,	
incluidas 1 430 1 1518,	
(10-20 1 430 1 283,	
velocidad 2 430 2 986,3520,	
epidural 26 430 26 282,292,314,334,365,475,491,548,605,863,876,1021,1188,1201,1257,1309,1498,1627,1673,1788,1929,2165,3675,3767,3810,3902,	
situación 2 430 2 2682,3159,	
perineural 2 430 2 280,290,	
efecto 2 430 2 1270,3704,	
administración 25 430 25 279,289,337,381,835,875,891,969,1012,1077,1588,1733,2175,2314,2340,2351,2390,2625,3265,3572,3733,3809,3814,3856,4108,	
	Solución 1 430 1 276,	
ausencia 1 430 1 2539,	
FARMACEUTICA 1 430 1 275,	
FORMA 1 430 1 274,	
debidos 1 430 1 2589,	
3 10 430 10 273,1260,1696,1704,1759,2487,4009,4195,4317,4326,	
deteriorar 1 430 1 2546,	
6 12 430 12 271,2439,4258,4277,4296,4297,4314,4316,4338,4352,4528,4529,	
apartado 6 430 6 270,2194,2372,2485,2882,3613,	
ver 1 430 1 269,	
excipientes 2 430 2 268,4265,	
Para 6 430 6 267,758,846,870,1159,1843,	
(10 2 430 2 242,265,	
(7 2 430 2 194,218,	
bolsa 2 430 2 129,155,	
mg/ml) 8 430 8 97,120,146,172,196,220,243,266,	
(2 4 430 4 96,119,145,171,	
soluciones 3 430 3 1762,4287,4303,	
) 12 430 12 93,116,142,168,191,215,239,262,2197,2375,2488,2885,	
ejemplo 2 430 2 2596,4248,	
E 8 430 8 92,115,141,167,190,214,238,261,	
O 8 430 8 91,114,140,166,189,213,237,260,	
(D 8 430 8 90,113,139,165,188,212,236,259,	
ropivacaína 8 430 8 89,112,138,164,187,211,235,258,	
Clorhidrato 9 430 9 87,110,136,162,185,209,233,256,4624,	
contiene 9 430 9 86,109,135,161,184,208,232,255,4536,	
ml 19 430 19 85,108,134,160,183,207,231,254,467,925,1219,4373,4391,4410,4429,4447,4465,4483,4501,	
10 8 430 8 84,182,230,868,4372,4446,4482,4847,	
ampolla 6 430 6 82,105,180,204,228,251,	
Cada 8 430 8 81,104,128,154,179,203,227,250,	
empleados 1 430 1 4645,	
microgramos/ml 4 430 4 4609,4616,4623,4630,	
POLYAMP®20 1 430 1 77,	
CUANTITATIVA 1 430 1 75,	
fraccionar 1 430 1 1721,	
Y 1 430 1 74,	
CUALITATIVA 1 430 1 73,	
COMPOSICION 1 430 1 72,	
2 20 430 20 71,376,551,562,581,595,609,628,631,649,1212,1311,1359,1436,1631,1657,3678,3995,4278,4336,	
100 8 430 8 61,133,223,240,792,4409,4472,4821,	
150 5 430 5 55,199,216,4454,4813,	
bifásica 2 430 2 3763,4015,	
75 5 430 5 49,175,192,4436,4805,	
400 5 430 5 42,149,169,4417,4796,	
perfusión 23 430 23 39,46,127,131,153,157,287,352,1073,1208,1216,1308,1373,1440,3184,3899,4332,4402,4421,4577,4585,4791,4800,	
200 14 430 14 35,67,123,143,159,246,263,295,936,4398,4428,4490,4787,4829,	
POLYBAG® 8 430 8 34,41,122,148,4397,4416,4786,4795,	
40 5 430 5 29,100,117,4380,4779,	
NAROPIN® 29 430 29 27,33,40,47,53,59,65,98,121,147,173,197,221,244,4360,4378,4396,4415,4434,4452,4470,4488,4777,4785,4794,4803,4811,4819,4827,	
precauciones 1 430 1 1805,	
inyectable 25 430 25 26,32,52,58,64,70,80,103,178,202,226,249,277,4365,4383,4439,4457,4475,4493,4774,4782,4808,4816,4824,4832,	
solución 34 430 34 25,31,37,44,51,57,63,69,79,102,125,151,177,201,225,248,4364,4382,4400,4419,4438,4456,4474,4492,4548,4575,4773,4781,4789,4798,4807,4815,4823,4831,	
mg 52 430 52 24,30,36,43,50,56,62,68,78,95,101,118,124,144,150,170,176,193,200,217,224,241,247,264,468,793,796,801,821,1032,1059,1106,1407,1419,1446,3384,4363,4381,4399,4418,4437,4455,4473,4491,4772,4780,4788,4797,4806,4814,4822,4830,	
20 11 430 11 23,94,107,206,253,4362,4390,4464,4500,4620,4771,	
basarse 1 430 1 1555,	
POLYAMP® 23 430 23 22,28,48,54,60,66,99,174,198,222,245,4361,4379,4435,4453,4471,4489,4770,4778,4804,4812,4820,4828,	
caudal 6 430 6 366,1499,1628,1674,3676,4020,	
	NAROPIN® 3 430 3 21,76,4769,	
MEDICAMENTO 1 430 1 20,	
DEL 4 430 4 19,544,1491,4851,	
interrumpirse 2 430 2 1016,1623,	
NOMBRE 1 430 1 18,	
atención 2 430 2 2047,2552,	
1 18 430 18 17,272,301,935,1481,1663,1754,2009,3349,3447,3832,3851,3880,3913,3940,4181,4262,4606,	
información 2 430 2 14,3592,	
Toda 1 430 1 12,	
cardiovascular 4 430 4 2950,3153,3156,3378,	
medicamento 2 430 2 11,16,	
Basica 1 430 1 9,	
	Información 1 430 1 8,	
INY 1 430 1 7,	
SOLUC 1 430 1 6,	
20ML 1 430 1 5,	
cabeza 1 430 1 1961,	
AMPOLLAS 1 430 1 4,	
5 31 430 31 3,195,219,479,486,499,521,534,558,795,1196,1411,1423,1465,2196,2218,2486,3443,3677,3975,4194,4353,4366,4384,4403,4422,4440,4458,4476,4494,4627,	
40MG/AMP 1 430 1 2,	
POLYAMP 1 430 1 1,	
vital 1 430 1 3423,	
NAROPIN 25 430 25 0,304,382,1210,1314,1339,1358,1409,1421,1435,1468,1749,1764,2004,2229,2267,2343,2564,2627,2635,2852,3604,4534,4579,4598,	
