	Prospectos 1 320 1 9636,	
d 1 320 1 9635,	
19 1 320 1 8981,	
18 1 320 1 8201,	
17 1 320 1 7833,	
13 1 320 1 5764,	
2772 1 320 1 5442,	
eu/ 1 320 1 5379,	
europa 1 320 1 5378,	
emea 1 320 1 5377,	
//www 1 320 1 5376,	
(EMEA) 1 320 1 5374,	
Medicamento 1 320 1 5373,	
Europea 1 320 1 5371,	
Agencia 1 320 1 5370,	
web 1 320 1 5367,	
página 1 320 1 5366,	
disponible 1 320 1 5363,	
detallada 1 320 1 5358,	
TEXTO 1 320 1 5355,	
2007 1 320 1 5348,	
renovación 1 320 1 5345,	
última 1 320 1 5344,	
1997 1 320 1 5340,	
27 2 320 2 5338,5346,	
autorización 1 320 1 5337,	
AUTORIZACIÓN/RENOVACIÓN 1 320 1 5329,	
PRIMERA 1 320 1 5328,	
EU/1/97/049/013 1 320 1 5323,	
EU/1/97/049/010 1 320 1 5322,	
	EU/1/97/049/001-003 1 320 1 5321,	
NÚMEROS 1 320 1 5316,	
Unido 1 320 1 5313,	
- 1 320 1 5311,	
1DH 1 320 1 5310,	
Road 1 320 1 5307,	
Sanderson 1 320 1 5306,	
Uxbridge 2 320 2 5303,5308,	
EEIG 1 320 1 5302,	
PHARMA 1 320 1 5301,	
SQUIBB 1 320 1 5300,	
	BRISTOL-MYERS 1 320 1 5299,	
COMERCIALIZACIÓN 2 320 2 5298,5320,	
AUTORIZACIÓN 3 320 3 5296,5318,5332,	
LA 4 320 4 5295,5327,5331,5352,	
locales 1 320 1 5291,	
normativas 1 320 1 5290,	
acuerdo 1 320 1 5287,	
realizará 1 320 1 5285,	
contacto 1 320 1 5281,	
materiales 1 320 1 5276,	
utilizado 1 320 1 5271,	
tamaños 1 320 1 5257,	
comercializados 1 320 1 5255,	
Puede 1 320 1 5251,	
unidosis 1 320 1 5248,	
precortado 1 320 1 5247,	
98 1 320 1 5224,	
56 2 320 2 5213,5235,	
blísters 4 320 4 5205,5216,5227,5240,	
Aluminio/PVC/PVDC 5 320 5 5199,5210,5221,5232,5250,	
blíster 2 320 2 5194,5246,	
Caja 5 320 5 5189,5200,5211,5222,5233,	
contenido 1 320 1 5186,	
Naturaleza 1 320 1 5184,	
temperatura 1 320 1 5178,	
Precauciones 2 320 2 5171,5262,	
validez 1 320 1 5166,	
188 1 320 1 5156,	
Poloxamer 1 320 1 5155,	
pregelatinizado 1 320 1 5154,	
maiz 1 320 1 5153,	
Almidón 1 320 1 5151,	
hidratada 1 320 1 5150,	
coloidal 1 320 1 5149,	
Sílice 1 320 1 5148,	
Estearato 1 320 1 5145,	
sódica 1 320 1 5142,	
Croscarmelosa 1 320 1 5141,	
microcristalina 1 320 1 5140,	
Celulosa 1 320 1 5139,	
Lista 1 320 1 5136,	
	6 1 320 1 5134,	
conejo 1 320 1 5130,	
materna 1 320 1 5117,	
resorción 1 320 1 5110,	
conejos 1 320 1 5104,	
nacimiento 1 320 1 5102,	
producen 1 320 1 5115,	
fetos 1 320 1 5094,	
subcutáneo) 1 320 1 5092,	
edema 1 320 1 5091,	
uterohidronefrosis 1 320 1 5089,	
pélvica 1 320 1 5087,	
(aumento 1 320 1 5083,	
mostrado 1 320 1 5079,	
animales 1 320 1 5075,	
carcinogenicidad 1 320 1 5069,	
clastogenicidad 1 320 1 5067,	
mutagenicidad 1 320 1 5066,	
relevancia 1 320 1 5061,	
parece 1 320 1 5058,	
humanos 1 320 1 5049,	
farmacológica 1 320 1 5040,	
envases 1 320 1 5259,	
relacionados 1 320 1 5036,	
consideraron 1 320 1 5035,	
macacos 1 320 1 5028,	
90 1 320 1 5025,	
yuxtaglomerulares 2 320 2 5021,5056,	
células 2 320 2 5020,5054,	
hiperplasia/hipertrofia 2 320 2 5017,5051,	
Además 1 320 1 5014,	
perfusión 1 320 1 5012,	
secundarios 1 320 1 4999,	
creatinina) 1 320 1 4996,	
túbulos 1 320 1 4988,	
tubular 1 320 1 4987,	
distensión 1 320 1 4986,	
(como 1 320 1 4983,	
degenerativos 1 320 1 4979,	
cambios 1 320 1 4978,	
macaco 1 320 1 4975,	
rata 3 320 3 4972,5096,5128,	
500 1 320 1 4968,	
hematocrito) 1 320 1 4962,	
(eritrocitos 1 320 1 4960,	
hematológicos 1 320 1 4959,	
macacos) 1 320 1 4952,	
100 1 320 1 4949,	
250 1 320 1 4944,	
no-clínicos 1 320 1 4936,	
órganos 1 320 1 4928,	
sistémica 1 320 1 4924,	
preclínicos 1 320 1 4916,	
cirrosis 1 320 1 4897,	
farmacocinéticos 2 320 2 4860,4887,	
parámetros 3 320 3 4859,4886,4958,	
(18%) 1 320 1 4855,	
originan 1 320 1 5007,	
sola 1 320 1 4844,	
diarios 1 320 1 4835,	
observados 1 320 1 4827,	
resultados 1 320 1 4810,	
nueve 1 320 1 4801,	
comparar 1 320 1 4787,	
21 1 320 1 4783,	
De 1 320 1 4779,	
múltiples 1 320 1 4762,	
23 2 320 2 4748,4781,	
evaluada 1 320 1 4746,	
heces 1 320 1 4726,	
recupera 1 320 1 4719,	
20% 1 320 1 4714,	
IV 1 320 1 4706,	
biliar 1 320 1 4697,	
eliminan 1 320 1 4694,	
(18-40 1 320 1 4665,	
jóvenes 1 320 1 4664,	
Agosto 2 320 2 5339,5347,	
65 1 320 1 4658,	
Cmax 2 320 2 4646,4816,	
AUC 2 320 2 4644,4817,	
hipertensas 1 320 1 4614,	
20%) 1 320 1 4599,	
limitada 2 320 2 4595,4852,	
acumulación 3 320 3 4593,4627,4850,	
observa 1 320 1 4591,	
tenían 1 320 1 4803,	
repetidas 1 320 1 4589,	
Después 2 320 2 4581,4700,	
dosificación 3 320 3 4576,4638,4685,	
pauta 1 320 1 4574,	
días 1 320 1 4570,	
estacionario 1 320 1 4564,	
semivida 3 320 3 4549,4623,4670,	
ml/min 1 320 1 4546,	
3-3 1 320 1 4544,	
157-176 1 320 1 4542,	
aclaramiento 2 320 2 4535,4822,	
5-2 1 320 1 4528,	
mecanismo 1 320 1 4519,	
esperado; 1 320 1 4514,	
recomendada) 1 320 1 4502,	
(doble 1 320 1 4497,	
600 2 320 2 4489,4495,	
proporcional 2 320 2 4477,4507,	
lineal 1 320 1 4475,	
CYP3A4 1 320 1 4466,	
isoenzima 1 320 1 4465,	
CYP2C9; 1 320 1 4463,	
P450 1 320 1 4462,	
citocromo 1 320 1 4461,	
oxida 1 320 1 4455,	
indican 1 320 1 4451,	
vitro 1 320 1 4450,	
6%) 1 320 1 4446,	
glucurónido 1 320 1 4443,	
oxidación 1 320 1 4435,	
glucurónica 1 320 1 4433,	
conjugación 1 320 1 4432,	
hígado 1 320 1 4426,	
inalterado 2 320 2 4420,4739,	
atribuye 1 320 1 4417,	
radioactividad 2 320 2 4413,4717,	
80-85% 1 320 1 4410,	
14C 2 320 2 4408,4711,	
30ºC 1 320 1 5181,	
marcado 2 320 2 4406,4709,	
intravenosa 1 320 1 4402,	
litros 1 320 1 4396,	
53-93 1 320 1 4395,	
sanguíneos 1 320 1 4388,	
celulares 1 320 1 4387,	
despreciable 2 320 2 4383,4470,	
96% 1 320 1 4380,	
plasmáticas 3 320 3 4376,4606,4991,	
fijación 2 320 2 4372,4382,	
ingesta 1 320 1 4360,	
60-80% 1 320 1 4358,	
aproximadamente 3 320 3 4356,4378,4712,	
demostraron 1 320 1 4353,	
absoluta 1 320 1 4352,	
(21%) 1 320 1 4335,	
(34%) 1 320 1 4329,	
abortos 1 320 1 5108,	
30 2 320 2 4316,5401,	
normoalbuminuria 1 320 1 4314,	
regresión 1 320 1 4312,	
seguimiento 1 320 1 4307,	
enlentecimiento 1 320 1 4286,	
meses 2 320 2 4282,4298,	
primeros 1 320 1 4281,	
(TFG) 2 320 2 4277,9634,	
filtración 2 320 2 4275,9632,	
0004) 2 320 2 4265,9622,	
70% 2 320 2 4258,9615,	
elevada 2 320 2 4251,9608,	
demostrando 2 320 2 4246,9603,	
(14 2 320 2 4231,9588,	
respecto 3 320 3 4227,4660,9584,	
(5 2 320 2 4225,9582,	
alcanzaron 2 320 2 4205,9562,	
Todos 3 320 3 4200,5031,9557,	
dihidropiridínicos) 2 320 2 4196,9553,	
(excluyendo 2 320 2 4185,9542,	
alcanzarlo 2 320 2 4179,9536,	
resolvieron 1 320 1 5099,	
basal) 2 320 2 4167,9524,	
nivel 2 320 2 4166,9523,	
30% 2 320 2 4163,9520,	
tasa 4 320 4 4152,4273,9509,9630,	
orina 6 320 6 4143,4158,4721,4736,9500,9515,	
(tasa 2 320 2 4137,9494,	
mujeres) 2 320 2 4118,9475,	
hombres 2 320 2 4111,9468,	
(creatinina 2 320 2 4105,9462,	
mg/día) 3 320 3 4100,4317,9457,	
(30-300 2 320 2 4099,9456,	
590 2 320 2 4092,9449,	
morbilidad 2 320 2 4083,9440,	
retrasa 2 320 2 4066,9423,	
Mellitus) 2 320 2 4056,9413,	
Diabetes 2 320 2 4055,9412,	
Type 2 320 2 4053,9410,	
Patients 2 320 2 4051,9408,	
Hypertensive 2 320 2 4050,9407,	
in 3 320 3 4049,4449,9406,	
Microalbuminuria 2 320 2 4048,9405,	
on 2 320 2 4047,9404,	
of 2 320 2 4045,9402,	
IRMA 4 320 4 4042,4077,9399,9434,	
hallazgos 3 320 3 4037,5033,9394,	
adecuada 2 320 2 4034,9391,	
nefritis 1 320 1 4984,	
explicación 2 320 2 4033,9390,	
encontrado 2 320 2 4031,9388,	
ictus 2 320 2 4002,9359,	
Asimismo 2 320 2 3986,9343,	
varones 2 320 2 3975,9332,	
fatal 6 320 6 3959,3973,3999,9316,9330,9356,	
hospitalización 2 320 2 4017,9374,	
Sin 4 320 4 3945,4615,4667,9302,	
fatales 4 320 4 3941,3944,9298,9301,	
secundaria 2 320 2 3937,9294,	
tres 4 320 4 3930,4280,4297,9287,	
estudio 3 320 3 3917,4602,9274,	
32% 2 320 2 3907,9264,	
representaban 2 320 2 3905,9262,	
subgrupo 2 320 2 3892,9249,	
confianza 2 320 2 3879,9236,	
intervalos 2 320 2 3877,9234,	
albúmina 6 320 6 3874,4141,4156,9231,9498,9513,	
excreción 6 320 6 3872,4139,4154,9229,9496,9511,	
valorar 2 320 2 3844,9201,	
significativa 3 320 3 3833,5118,9190,	
ERT 2 320 2 3829,9186,	
positiva 2 320 2 3824,9181,	
(aproximadamente 1 320 1 4444,	
encontró 2 320 2 3821,9178,	
individuales 2 320 2 3801,9158,	
componentes 3 320 3 3800,4386,9157,	
analizaron 4 320 4 3798,3850,9155,9207,	
comparado 2 320 2 3789,9146,	
23% 2 320 2 3783,9140,	
Park 1 320 1 5305,	
= 6 320 6 3779,3793,4263,9136,9150,9620,	
relativa 6 320 6 3772,3786,4254,9129,9143,9611,	
[20% 2 320 2 3769,9126,	
41% 2 320 2 3757,9114,	
39% 2 320 2 3755,9112,	
Aproximadamente 2 320 2 3733,9090,	
(ERT) 2 320 2 3727,9084,	
terminal 3 320 3 3726,4552,9083,	
duplicación 4 320 4 3717,3836,9074,9193,	
(doce 1 320 1 4794,	
relativo 2 320 2 3709,9066,	
redujo 4 320 4 3705,4027,9062,9384,	
78% 2 320 2 3694,9051,	
76% 2 320 2 3692,9049,	
60% 2 320 2 3684,9041,	
glomerular 2 320 2 4276,9633,	
alcanzó 2 320 2 3678,9035,	
envase 1 320 1 5188,	
porcentaje 6 320 6 3674,3870,4213,9031,9227,9570,	
160 2 320 2 3670,9027,	
basal 4 320 4 3667,3864,9024,9221,	
caso 2 320 2 3663,9020,	
135/85 4 320 4 3646,4175,9003,9532,	
predefinido 4 320 4 3645,4173,9002,9530,	
objetivo 6 320 6 3641,3680,4169,8998,9037,9526,	
alfabloqueantes) 2 320 2 3637,8994,	
(p 8 320 8 3633,3778,3792,4262,8990,9135,9149,9619,	
grupos 8 320 8 3620,3697,3931,4202,8977,9054,9288,9559,	
tolerabilidad 2 320 2 3616,8973,	
conservación 1 320 1 5174,	
ajustó 2 320 2 3587,8944,	
les 2 320 2 3586,8943,	
mg/dl 6 320 6 3581,4109,4116,8938,9466,9473,	
sérica 10 320 10 3575,3723,3842,3868,4106,8932,9080,9199,9225,9463,	
715 2 320 2 3563,8920,	
mortalidad 7 320 7 3560,3729,3814,5120,8917,9086,9171,	
causas 2 320 2 3558,8915,	
años) 7 320 7 3546,4128,4659,4666,4808,8903,9485,	
evaluaron 2 320 2 3536,8893,	
amlodipino 12 320 12 3532,3611,3702,3767,3791,4013,8889,8968,9059,9124,9148,9370,	
controlado 4 320 4 3525,4086,8882,9443,	
morbi-mortalidad 2 320 2 3521,8878,	
progresión 9 320 9 3501,3551,4068,4133,4289,8858,8908,9425,9490,	
Nephropathy 2 320 2 3494,8851,	
Diabetic 2 320 2 3493,8850,	
(Irbesartan 2 320 2 3492,8849,	
respectivamente 9 320 9 3477,3703,3768,3918,4547,8834,9060,9125,9275,	
-0 2 320 2 3474,8831,	
+0 2 320 2 3470,8827,	
variación 2 320 2 3467,8824,	
tomaban 4 320 4 3457,3464,8814,8821,	
PADSe 2 320 2 3449,8806,	
aumentó 2 320 2 3442,8799,	
PASSe 2 320 2 3441,8798,	
período 2 320 2 3423,8780,	
(PADSe) 2 320 2 3400,8757,	
diastólica 2 320 2 3396,8753,	
ajustado 2 320 2 3391,8748,	
distintas 2 320 2 3386,8743,	
aparentes 2 320 2 3383,8740,	
hubo 6 320 6 3380,3884,4920,5063,8737,9241,	
alta) 4 320 4 3378,3419,8735,8776,	
baja) 4 320 4 3366,3408,8723,8765,	
(dosis 12 320 12 3365,3371,3377,3407,3412,3418,8722,8728,8734,8764,8769,8775,	
mmHg 20 320 20 3364,3370,3376,3406,3411,3417,3446,3453,3472,3476,8721,8727,8733,8763,8768,8774,8803,8810,8829,8833,	
11 3 320 3 3362,5314,8719,	
absorbe 1 320 1 4346,	
comparación 2 320 2 3355,8712,	
(PASSe) 2 320 2 3353,8710,	
sentado 4 320 4 3350,3397,8707,8754,	
sistólica 4 320 4 3349,3660,8706,9017,	
principal 11 320 11 3343,3390,3713,3750,3805,4437,8700,8747,9070,9107,9162,	
variable 10 320 10 3342,3712,3749,3804,3936,8699,9069,9106,9161,9293,	
(media) 2 320 2 3326,8683,	
(baja) 2 320 2 3322,8679,	
mg/kg 6 320 6 3321,3325,3330,8678,8682,8687,	
ajustes 2 320 2 3313,8670,	
conedades 2 320 2 3299,8656,	
continuó 1 320 1 4304,	
hipertensión) 2 320 2 3298,8655,	
familiar 2 320 2 3296,8653,	
urinaria 2 320 2 3273,8630,	
secreción 2 320 2 3272,8629,	
úrico 4 320 4 3268,3276,8625,8633,	
aproxima 2 320 2 3252,8609,	
evaluados 1 320 1 4785,	
antihipertensiva 2 320 2 3244,8601,	
12 4 320 4 3237,4799,4807,8594,	
administra 2 320 2 3228,8585,	
inferior 3 320 3 3224,4512,8581,	
notablemente 2 320 2 3223,8580,	
7-10/3-6 2 320 2 3179,8536,	
(12 2 320 2 3160,8517,	
tiazida 2 320 2 3138,8495,	
rebote 2 320 2 3124,8481,	
basales 4 320 4 3117,3359,8474,8716,	
gradualmente 2 320 2 3113,8470,	
considerados 1 320 1 4997,	
retorna 2 320 2 3112,8469,	
Tras 6 320 6 3103,3420,4340,4397,8460,8777,	
4-6 2 320 2 3085,8442,	
alcanzándose 2 320 2 3080,8437,	
1-2 2 320 2 3078,8435,	
evidente 3 320 3 3076,4294,8433,	
tomas 2 320 2 3065,8422,	
dividida 2 320 2 3062,8419,	
total 9 320 9 3061,3912,3922,4025,4537,8418,9269,9279,9382,	
resto 1 320 1 4724,	
respuesta 6 320 6 3052,3217,3243,8409,8574,8600,	
obtiene 2 320 2 3045,8402,	
diaria 5 320 5 3040,4580,4758,4846,8397,	
Trial) 2 320 2 3495,8852,	
única 4 320 4 3039,4579,4757,8396,	
Con 3 320 3 3036,4838,8393,	
obtenido 2 320 2 3031,8388,	
sistólico 2 320 2 3030,8387,	
diastólico 2 320 2 3028,8385,	
correspondiente 2 320 2 3026,8383,	
60-70% 2 320 2 3024,8381,	
A 7 320 7 3012,3582,4491,4963,5043,8369,8939,	
reductor 6 320 6 3000,3068,3127,8357,8425,8484,	
diana 1 320 1 4929,	
3-6 2 320 2 2992,8349,	
transcurridas 5 320 5 2991,3084,4526,8348,8441,	
alcanza 4 320 4 2990,4525,4566,8347,	
/diastólica) 2 320 2 2976,8333,	
(sistólica 2 320 2 2975,8332,	
Hg 12 320 12 2974,3181,3648,3655,3672,4177,8331,8538,9005,9012,9029,9534,	
mm 12 320 12 2973,3180,3647,3654,3671,4176,8330,8537,9004,9011,9028,9533,	
8-13/5-8 2 320 2 2972,8329,	
dosificación) 2 320 2 2967,8324,	
decir 2 320 2 2962,8319,	
teratogénicos 1 320 1 5126,	
(es 2 320 2 2961,8318,	
valle 10 320 10 2960,3048,3177,3352,3399,8317,8405,8534,8709,8756,	
sedestación 2 320 2 2957,8314,	
disminuyen 2 320 2 2950,8307,	
Dosis 2 320 2 2944,8301,	
tendencia 4 320 4 2932,3823,8289,9180,	
diarias 6 320 6 2930,2946,4588,4763,8287,8303,	
únicas 5 320 5 2929,2945,4587,8286,8302,	
mínimo 2 320 2 2914,8271,	
cambio 4 320 4 2913,3389,8270,8746,	
reduce 4 320 4 2907,3499,8264,8856,	
Eficacia 2 320 2 2903,8260,	
activación 2 320 2 2898,8255,	
requiere 2 320 2 2897,8254,	
inactivos 2 320 2 2894,8251,	
metabolitos 3 320 3 2893,4692,8250,	
bradiquinina 2 320 2 2891,8248,	
degrada 2 320 2 2889,8246,	
causa 4 320 4 3732,3817,9089,9174,	
genera 2 320 2 2884,8241,	
(quininasa-II) 2 320 2 2880,8237,	
inhibe 2 320 2 2877,8234,	
monoterapia 6 320 6 2874,3151,3220,8231,8508,8577,	
recomendadas 4 320 4 2870,3035,8227,8392,	
significativamente 8 320 8 2866,3706,4366,4676,4866,4893,8223,9063,	
modifican 4 320 4 2865,4865,4892,8222,	
aldosterona 2 320 2 2857,8214,	
concentración 4 320 4 2854,4521,4560,8211,	
disminución 6 320 6 2851,2920,4955,5009,8208,8277,	
renina 2 320 2 2846,8203,	
(AT1) 2 320 2 2837,8194,	
antagonismo 2 320 2 2829,8186,	
síntesis 2 320 2 2824,8181,	
origen 2 320 2 2819,8176,	
independencia 2 320 2 2817,8174,	
AT1 2 320 2 2815,8172,	
mediadas 2 320 2 2811,8168,	
bloquear 2 320 2 2804,8161,	
Parece 2 320 2 2803,8160,	
vía 6 320 6 2801,2822,4429,4696,8158,8179,	
AT1) 2 320 2 2798,8155,	
(tipo 2 320 2 2797,8154,	
receptor 4 320 4 2793,2814,8150,8171,	
selectivo 4 320 4 2791,2830,8148,8187,	
antagonista 2 320 2 2790,8147,	
potente 2 320 2 2789,8146,	
Mecanismo 2 320 2 2783,8140,	
A04 2 320 2 2782,8139,	
C09C 2 320 2 2781,8138,	
ATC 2 320 2 2780,8137,	
Código 2 320 2 2779,8136,	
monofármacos 2 320 2 2778,8135,	
promedio 2 320 2 2970,8327,	
farmacoterapéutico 2 320 2 2774,8131,	
Grupo 2 320 2 2773,8130,	
conservar 1 320 1 5176,	
Propiedades 3 320 3 2771,4338,8128,	
	5 2 320 2 2769,8126,	
ESTE 2 320 2 2767,8124,	
FARMACOLÓGICAS 2 320 2 2765,8122,	
PROPIEDADES 2 320 2 2764,8121,	
elimina 3 320 3 2760,4880,8117,	
activado 2 320 2 2747,8104,	
vegetal 2 320 2 2746,8103,	
carbón 2 320 2 2745,8102,	
gástrico 2 320 2 2743,8100,	
lavado 2 320 2 2742,8099,	
emesis 2 320 2 2740,8097,	
inducción 2 320 2 2737,8094,	
incluyen 2 320 2 2736,8093,	
medidas 2 320 2 2734,8091,	
sintomático 2 320 2 2729,8086,	
vigilado 2 320 2 2723,8080,	
estrechamente 2 320 2 2722,8079,	
específica 2 320 2 2709,8066,	
bradicardia 2 320 2 2703,8060,	
taquicardia; 2 320 2 2696,8053,	
sobredosis 8 320 8 2692,2700,2715,2756,8049,8057,8072,8113,	
FARMACÉUTICOS 1 320 1 5133,	
probables 2 320 2 2690,8047,	
signos 2 320 2 2688,8045,	
distribución 1 320 1 4392,	
reveló 2 320 2 2685,8042,	
mg/día 6 320 6 2680,3572,4146,8037,8929,9503,	
900 4 320 4 2679,3571,8036,8928,	
expuestos 2 320 2 2674,8031,	
(diabetes 2 320 2 3294,8651,	
adultos 4 320 4 2673,4793,4830,8030,	
Sobredosis 2 320 2 2669,8026,	
9 6 320 6 2668,3368,4405,5324,8025,8725,	
(CK) 2 320 2 2659,8016,	
Business 1 320 1 5304,	
valores 9 320 9 2655,3116,3358,4354,4642,4814,8012,8473,8715,	
(6 2 320 2 2652,8009,	
observadas 2 320 2 2641,7998,	
anormalidades 2 320 2 2638,7995,	
abierta 2 320 2 2629,7986,	
Durante 4 320 4 2626,3277,7983,8634,	
(0 2 320 2 2624,7981,	
(2 5 320 5 2618,4127,4766,7975,9484,	
9%) 8 320 8 2616,2622,2625,4232,7973,7979,7982,9589,	
(7 2 320 2 2615,7972,	
cabeza 2 320 2 2614,7971,	
semanas 17 320 17 2609,2634,2683,3079,3086,3282,3337,3426,4778,7966,7991,8040,8436,8443,8639,8694,8783,	
ciego 6 320 6 2606,3523,4085,7963,8880,9442,	
fase 4 320 4 2604,2628,7961,7985,	
aparecieron 2 320 2 2597,7954,	
318 4 320 4 2584,3286,7941,8643,	
cabo 4 320 4 2582,3333,7939,8690,	
llevó 2 320 2 2580,7937,	
circulante 2 320 2 4415,4439,	
aleatorizado 2 320 2 2577,7934,	
anomalías 2 320 2 2567,7924,	
Hepatitis 2 320 2 2566,7923,	
hepatobiliares 2 320 2 2565,7922,	
urticaria 2 320 2 2563,7920,	
rash 2 320 2 2561,7918,	
hipersensibilidad 2 320 2 2558,7915,	
inmunológico 2 320 2 2555,7912,	
metabolismo 2 320 2 2546,7903,	
musculares 2 320 2 2543,7900,	
calambres 2 320 2 2542,7899,	
cinasa) 2 320 2 2541,7898,	
elevados 5 320 5 2538,2656,4653,7895,8013,	
plasmáticos 4 320 4 2537,2843,7894,8200,	
mialgia 2 320 2 2528,7885,	
re­aleatorizados 2 320 2 3433,8790,	
Artralgia 2 320 2 2527,7884,	
leucocitoclástica 2 320 2 2520,7877,	
Vasculitis 2 320 2 2519,7876,	
subcutáneo 2 320 2 2518,7875,	
piel 2 320 2 2514,7871,	
fallo 2 320 2 2501,7858,	
casos 4 320 4 2499,2531,7856,7888,	
urinarios 2 320 2 2495,7852,	
Disgeusia 2 320 2 2491,7848,	
Tinnitus 2 320 2 2488,7845,	
basofílicos 1 320 1 4989,	
laberinto 2 320 2 2487,7844,	
angioedema 2 320 2 2560,7917,	
oído 2 320 2 2484,7841,	
Cefalea 2 320 2 2481,7838,	
derivan 2 320 2 2472,7829,	
http 1 320 1 5375,	
conoce 2 320 2 2466,7823,	
post-comercialización; 2 320 2 2463,7820,	
siguientes 4 320 4 2454,2599,7811,7956,	
disfunción 2 320 2 2451,7808,	
mama 2 320 2 2448,7805,	
reproductor 2 320 2 2444,7801,	
aparato 2 320 2 2443,7800,	
torácico 2 320 2 2440,7797,	
lugar 2 320 2 2432,7789,	
generales 2 320 2 2427,7784,	
ortostática* 2 320 2 2422,7779,	
vasculares 2 320 2 2419,7776,	
dolor 6 320 6 2416,2439,2612,7773,7796,7969,	
tejido 6 320 6 2413,2517,2525,7770,7874,7882,	
musculoesqueléticos 4 320 4 2410,2522,7767,7879,	
mg/kg/día 3 320 3 4945,4950,5026,	
dispepsia/pirosis 2 320 2 2408,7765,	
náuseas/vómitos 2 320 2 2404,7761,	
gastrointestinales 4 320 4 2402,2490,7759,7847,	
tos 4 320 4 2400,2623,7757,7980,	
mediastínicos 2 320 2 2397,7754,	
torácicos 2 320 2 2395,7752,	
respiratorios 2 320 2 2394,7751,	
ortostático* 2 320 2 2392,7749,	
nervioso 4 320 4 2388,2480,7745,7837,	
Trastornos 34 320 34 2380,2385,2393,2401,2409,2418,2426,2441,2477,2482,2489,2492,2511,2521,2544,2552,2564,7737,7742,7750,7758,7766,7775,7783,7798,7834,7839,7846,7849,7868,7878,7901,7909,7921,	
(frecuentes) 2 320 2 2368,7725,	
7% 2 320 2 2367,7724,	
clínicamente 5 320 5 2362,3263,4932,7719,8620,	
sexual 2 320 2 2452,7809,	
hemoglobina* 2 320 2 2358,7715,	
clínicas 2 320 2 2348,7705,	
alteraciones 4 320 4 2346,2429,7703,7786,	
Ninguno 2 320 2 2339,7696,	
plasmática 9 320 9 2338,2855,4414,4522,4561,4594,4851,7695,8212,	
creatina-cinasa 4 320 4 2337,2658,7694,8015,	
Fecha 2 320 2 5333,5341,	
corporal 1 320 1 4536,	
7%) 4 320 4 2335,4242,7692,9599,	
(1 4 320 4 2334,2621,7691,7978,	
significativos 4 320 4 2333,3264,7690,8621,	
controlan 2 320 2 3146,8503,	
Frecuentes 12 320 12 2323,2389,2403,2415,2420,2435,7680,7746,7760,7772,7777,7792,	
26 4 320 4 2315,2633,7672,7990,	
3% 4 320 4 2305,2316,7662,7673,	
46 2 320 2 2304,7661,	
22% 2 320 2 2277,7634,	
4% 2 320 2 2264,7621,	
29 2 320 2 2263,7620,	
tratados 16 320 16 2236,2268,2309,2327,2377,2666,3698,3739,7593,7625,7666,7684,7734,8023,9055,9096,	
150-300 2 320 2 2948,8305,	
hiperkalemia* 2 320 2 2229,7586,	
REVISIÓN 1 320 1 5353,	
complementarias 2 320 2 2224,7581,	
Exploraciones 2 320 2 2223,7580,	
intervalo 2 320 2 2220,7577,	
gravedad 2 320 2 2216,7573,	
decreciente 2 320 2 2214,7571,	
orden 2 320 2 2213,7570,	
000) 2 320 2 2206,7563,	
(< 4 320 4 2204,4315,4598,7561,	
000); 2 320 2 2201,7558,	
1/10 4 320 4 2197,2205,7554,7562,	
1/100); 2 320 2 2194,7551,	
000 4 320 4 2192,2198,7549,7555,	
1/1 4 320 4 2191,2200,7548,7557,	
< 8 320 8 2186,2193,2199,4113,7543,7550,7556,9470,	
1/100 2 320 2 2185,7542,	
1/10); 4 320 4 2182,2187,7539,7544,	
( 15 320 15 2181,2184,2190,2196,2257,2298,4657,4943,4967,7538,7541,7547,7553,7614,7655,	
frecuentes 20 320 20 2180,2183,2189,2226,2383,2399,2406,2424,2438,2450,7537,7540,7546,7583,7740,7756,7763,7781,7795,7807,	
según 4 320 4 2175,3614,7532,8971,	
agrupadas 2 320 2 2174,7531,	
encuentran 2 320 2 2173,7530,	
mencionadas 2 320 2 2169,7526,	
indujo 1 320 1 4977,	
Las 8 320 8 2166,2207,2453,2733,7523,7564,7810,8090,	
mantiene 4 320 4 3006,3096,8363,8453,	
superiores 4 320 4 2162,4493,4966,7519,	
crónica 6 320 6 2155,2294,3511,7512,7651,8868,	
Incompatibilidades 1 320 1 5159,	
2% 5 320 5 2146,2662,4729,7503,8019,	
> 6 320 6 2145,3669,4144,7502,9026,9501,	
notificadas 4 320 4 2143,2459,7500,7816,	
adicionalmente 2 320 2 2142,7499,	
historia 2 320 2 3295,8652,	
refieren 2 320 2 2135,7492,	
(*) 2 320 2 2132,7489,	
asterisco 2 320 2 2131,7488,	
marcados 2 320 2 2128,7485,	
términos 2 320 2 2127,7484,	
recibieron 5 320 5 2124,3626,4832,7481,8983,	
asociaron 2 320 2 4181,9538,	
965 2 320 2 2122,7479,	
notificaron 2 320 2 2110,7467,	
presenta 3 320 3 2104,4472,7461,	
siguiente 4 320 4 2102,3403,7459,8760,	
superior 5 320 5 2097,2977,5179,7454,8334,	
frecuentes) 2 320 2 2092,7449,	
(poco 2 320 2 2091,7448,	
5% 2 320 2 2090,7447,	
0 14 320 14 2089,3319,3452,3580,3780,3794,4264,7446,8676,8809,8937,9137,9151,9621,	
ortostático 2 320 2 2086,7443,	
normal 6 320 6 2079,2253,4104,7436,7610,9461,	
microalbuminuria 8 320 8 2075,2249,4075,4098,7432,7606,9432,9455,	
duración 8 320 8 2066,2611,2636,3858,7423,7968,7993,9215,	
edad 6 320 6 2062,3192,3857,7419,8549,9214,	
sexo 6 320 6 2061,3195,3855,7418,8552,9212,	
recomendado) 2 320 2 2059,7416,	
rango 3 320 3 2056,4483,7413,	
relacionó 2 320 2 2050,7407,	
Poco 12 320 12 2382,2398,2405,2423,2437,2449,7739,7755,7762,7780,7794,7806,	
incidencia 8 320 8 2044,3953,3967,3993,7401,9310,9324,9350,	
(4 2 320 2 2041,7398,	
3%) 2 320 2 2035,7392,	
(3 2 320 2 2034,7391,	
tratado 8 320 8 2031,3765,3979,4220,7388,9122,9336,9577,	
frecuente 3 320 3 2027,4320,7384,	
laboratorio 4 320 4 2024,2640,7381,7997,	
interrupción 4 320 4 2016,3105,7373,8462,	
5%) 6 320 6 2014,2042,2653,7371,7399,8010,	
2%) 6 320 6 2008,2619,4226,7365,7976,9583,	
(56 4 320 4 2007,2013,7364,7370,	
diferente 2 320 2 2002,7359,	
frecuencia 12 320 12 1995,2177,2222,2468,2644,2917,7352,7534,7579,7825,8001,8274,	
realizados 3 320 3 1990,5073,7347,	
placebo 43 320 43 1989,2012,2040,2100,2117,2165,2243,2283,2322,2981,3439,3458,3534,3613,3688,3761,3777,3985,4089,4230,4261,4334,7346,7369,7397,7457,7474,7522,7600,7640,7679,8338,8796,8815,8891,8970,9045,9118,9134,9342,9446,9587,9618,	
adversas 14 320 14 1982,2107,2139,2168,2209,2456,2601,7339,7464,7496,7525,7566,7813,7958,	
Reacciones 4 320 4 1981,2556,7338,7913,	
fatiga 4 320 4 1978,2436,7335,7793,	
mareo 10 320 10 1976,2085,2390,2391,2620,7333,7442,7747,7748,7977,	
aparecer 2 320 2 1975,7332,	
cuenta 2 320 2 1969,7326,	
tenerse 2 320 2 1967,7324,	
Al 4 320 4 1961,3332,7318,8689,	
plazo 6 320 6 3102,3541,4126,8459,8898,9483,	
altere 2 320 2 1958,7315,	
improbable 2 320 2 1955,7312,	
propiedades 2 320 2 1952,7309,	
estudios 7 320 7 1936,4349,4448,4906,4935,5072,7293,	
máquinas 4 320 4 1931,1948,7288,7305,	
utilizar 6 320 6 1930,1947,1964,7287,7304,7321,	
conducir 6 320 6 1928,1945,1962,7285,7302,7319,	
capacidad 6 320 6 1926,1943,1960,7283,7300,7317,	
Efectos 2 320 2 1923,7280,	
7 8 320 8 1922,2844,3363,5226,5239,5292,7279,8720,	
ratas 4 320 4 1919,4947,5023,7276,	
leche 4 320 4 1910,1917,7267,7274,	
excreta 5 320 5 1907,1914,4734,7264,7271,	
Menos 1 320 1 4727,	
desconoce 3 320 3 1903,4516,7260,	
periodo 4 320 4 1899,3279,7256,8636,	
Lactancia 2 320 2 1889,7246,	
monitorizados 2 320 2 1876,7233,	
cuidadosamente 2 320 2 1875,7232,	
hayan 3 320 3 1868,5278,7225,	
madres 2 320 2 1867,7224,	
lactantes 4 320 4 1865,1920,7222,7277,	
cráneo 2 320 2 1863,7220,	
Datos 1 320 1 4915,	
ultrasonidos 2 320 2 1856,7213,	
media 2 320 2 3053,8410,	
adversos 6 320 6 1999,2020,2047,7356,7377,7404,	
prueba 2 320 2 1854,7211,	
detectaron 1 320 1 4619,	
partir 2 320 2 1844,7201,	
produce 8 320 8 1838,1880,2838,3167,7195,7237,8195,8524,	
3) 4 320 4 1835,1896,7192,7253,	
hiperpotasemia) 2 320 2 1831,7188,	
(fallo 2 320 2 1828,7185,	
eliminación 4 320 4 4551,4672,5265,5267,	
frecuentemente 2 320 2 2231,7588,	
neonatal 2 320 2 1827,7184,	
toxicidad 7 320 7 1826,2686,4923,4926,5116,7183,8043,	
dosis-dependiente 2 320 2 2926,8283,	
craneal) 2 320 2 1824,7181,	
incluye 2 320 2 3716,9073,	
osificación 2 320 2 1823,7180,	
retraso 2 320 2 1820,7177,	
oral 7 320 7 2802,4343,4400,4511,4533,4704,8159,	
conjuntivo 4 320 4 2414,2526,7771,7883,	
oligohidramnios 2 320 2 1819,7176,	
Basándose 2 320 2 1949,7306,	
(disminución 2 320 2 1814,7171,	
humana 4 320 4 1813,1911,7170,7268,	
fetotoxicidad 2 320 2 1812,7169,	
compararon 2 320 2 3530,8887,	
induce 3 320 3 1811,5016,7168,	
Se 8 320 8 1797,1902,2349,3535,7154,7259,7706,8892,	
10 7 320 7 3608,3653,4487,5070,5349,8965,9010,	
ARA 2 320 2 1748,7105,	
riesgos 2 320 2 1732,7089,	
existir 2 320 2 1731,7088,	
(ARAII) 2 320 2 1726,7083,	
soporte 2 320 2 2732,8089,	
específicos 2 320 2 1710,7067,	
epidemiológicos 2 320 2 1709,7066,	
pequeño 2 320 2 1701,7058,	
excluir 2 320 2 1699,7056,	
concluyente; 2 320 2 1693,7050,	
sido 7 320 7 1692,1869,2458,4745,7049,7226,7815,	
ECA 6 320 6 1683,2879,4189,7040,8236,9546,	
global 2 320 2 1996,7353,	
exposición 6 320 6 1678,1801,1840,7035,7158,7197,	
urea 1 320 1 4994,	
teratogenicidad 2 320 2 1675,7032,	
epidemiológica 2 320 2 1670,7027,	
evidencia 6 320 6 1669,3885,4921,5064,7026,9242,	
segundo 6 320 6 1655,1806,1846,7012,7163,7203,	
contraindicado 4 320 4 1647,1892,7004,7249,	
Está 2 320 2 1646,7003,	
trimestre 10 320 10 1639,1658,1687,1810,1847,6996,7015,7044,7167,7204,	
primer 4 320 4 1638,1686,6995,7043,	
coadministración 2 320 2 1619,6976,	
modificó 3 320 3 1616,4675,6973,	
rifampicina 2 320 2 1604,6961,	
inductores 2 320 2 1600,6957,	
evaluado 2 320 2 1595,6952,	
metabolizado 2 320 2 1589,6946,	
warfarina 2 320 2 1586,6943,	
significativas 7 320 7 1579,3382,3927,4933,6936,8739,9284,	
farmacodinámicas 6 320 6 1578,1953,2772,6935,7310,8129,	
farmacocinéticas 3 320 3 1576,4339,6933,	
observaron 7 320 7 1574,2331,3925,4604,6931,7688,9282,	
glucuronización 2 320 2 1571,6928,	
medida 2 320 2 1569,6926,	
menor 4 320 4 1568,4214,6925,9571,	
CYP2C9 6 320 6 1565,1591,1602,6922,6948,6959,	
metaboliza 3 320 3 1561,4423,6918,	
Irbesartan 22 320 22 1559,1912,2757,2786,2875,2895,2906,3704,4046,4421,4471,4689,4877,6916,7269,8114,8143,8232,8252,8263,9061,9403,	
farmacocinética 9 320 9 1556,1607,1611,4474,4741,4789,6913,6964,6968,	
modifica 5 320 5 1554,3189,4365,6911,8546,	
adicional 2 320 2 1542,6899,	
nutrición 2 320 2 2550,7907,	
Información 2 320 2 1541,6898,	
periódicamente 2 320 2 1538,6895,	
comienzo 2 320 2 1532,6889,	
después 4 320 4 1530,1539,6887,6896,	
monitorización 2 320 2 1525,6882,	
hidratados 2 320 2 1520,6877,	
mEq/l) 4 320 4 2260,2301,7617,7658,	
administrada 2 320 2 1509,6866,	
previa 2 320 2 1504,6861,	
aumento 4 320 4 1492,1702,6849,7059,	
empeoramiento 2 320 2 1479,6836,	
incremento 13 320 13 1475,2646,3950,3990,4149,4270,4506,6832,8003,9307,9347,9506,9627,	
tabla 2 320 2 2103,7460,	
(ECA) 2 320 2 1459,6816,	
conversora 2 320 2 1456,6813,	
atenuación 2 320 2 1445,6802,	
ocurrir 2 320 2 1443,6800,	
selectivos) 2 320 2 1441,6798,	
with 2 320 2 4052,9409,	
AINEs 4 320 4 1439,1471,6796,6828,	
g/día) 2 320 2 1437,6794,	
(> 2 320 2 1435,6792,	
salicílico 2 320 2 1434,6791,	
acetil 2 320 2 1433,6790,	
digoxina 2 320 2 1613,6970,	
ácido 6 320 6 1432,3267,3275,6789,8624,8632,	
COX- 2 320 2 1430,6787,	
ejemplo 2 320 2 1428,6785,	
(por 2 320 2 1427,6784,	
antiinflamatorios 2 320 2 1424,6781,	
simultáneamente 2 320 2 1421,6778,	
administran 2 320 2 1416,6773,	
esteroideos 4 320 4 1413,1426,6770,6783,	
Antiinflamatorios 2 320 2 1411,6768,	
riguroso 2 320 2 1404,6761,	
necesaria 2 320 2 1398,6755,	
máxima 4 320 4 2984,4501,4523,8341,	
fuera 4 320 4 1397,3668,6754,9025,	
recomendada(ver 2 320 2 1390,6747,	
está 5 320 5 1389,1891,5362,6746,7248,	
raramente 2 320 2 1375,6732,	
Muy 4 320 4 1374,2225,6731,7582,	
tóxicos 3 320 3 1373,5081,6730,	
séricas 2 320 2 1368,6725,	
reversibles 2 320 2 1364,6721,	
Reino 1 320 1 5312,	
incrementos 8 320 8 1363,2332,2342,2839,6720,7689,7699,8196,	
descrito 5 320 5 1362,1378,5107,6719,6735,	
conversor 2 320 2 1356,6713,	
heparina) 2 320 2 1340,6697,	
incrementar 2 320 2 1333,6690,	
contengan 2 320 2 1324,6681,	
sustitutos 2 320 2 1319,6676,	
suplementos 2 320 2 1315,6672,	
producir 2 320 2 1301,6658,	
dado 2 320 2 1290,6647,	
(sistólica/diastólica) 2 320 2 3182,8539,	
ahorradores 4 320 4 1287,1311,6644,6668,	
paciente 2 320 2 2719,8076,	
Suplementos 2 320 2 1282,6639,	
cuyas 2 320 2 1866,7223,	
causar 2 320 2 1264,6621,	
elevadas 5 320 5 1260,4611,4940,4992,6617,	
previo 2 320 2 1257,6614,	
tiazídicos 2 320 2 1254,6611,	
prolongada 2 320 2 1251,6608,	
acción 5 320 5 1250,2785,5039,6607,8142,	
calcio 4 320 4 1248,4194,6605,9551,	
bloqueantes 2 320 2 1243,6600,	
rubor 2 320 2 2425,7782,	
betabloqueantes 4 320 4 1242,3636,6599,8993,	
administrar 2 320 2 1233,6590,	
interacciones 6 320 6 1231,1545,1575,6588,6902,6932,	
(en 5 320 5 2054,2529,5022,7411,7886,	
han 20 320 20 1229,1361,1377,1594,1934,2457,2533,3260,4904,5078,5106,5123,6586,6718,6734,6951,7291,7814,7890,8617,	
embargo 8 320 8 1226,1695,3946,4616,4668,6583,7052,9303,	
irbesartan; 2 320 2 1224,6581,	
hipotensores 3 320 3 1222,5003,6579,	
taquicardia 2 320 2 2384,7741,	
efectos 23 320 23 1221,1372,1379,1597,1998,2019,2046,3262,3538,4123,5002,5080,5125,6578,6729,6736,6954,7355,7376,7403,8619,8895,9480,	
potenciar 2 320 2 1219,6576,	
Diuréticos 2 320 2 1210,6567,	
interacción 2 320 2 1209,6566,	
formas 2 320 2 1207,6564,	
Interacción 2 320 2 1200,6557,	
(media 2 320 2 3542,8899,	
extensión 2 320 2 1183,6540,	
comparables 1 320 1 4824,	
avalar 2 320 2 1181,6538,	
disponer 2 320 2 1176,6533,	
esperar 2 320 2 1174,6531,	
16 7 320 7 1170,2595,3304,6527,7490,7952,8661,	
comprendidas 6 320 6 1166,2591,3300,6523,7948,8657,	
edades 4 320 4 1165,2590,6522,7947,	
UB8 1 320 1 5309,	
pediátricas 2 320 2 1163,6520,	
estudiado 2 320 2 1160,6517,	
glucosa 2 320 2 1146,6503,	
problemas 2 320 2 1142,6499,	
Laponia) 2 320 2 1140,6497,	
poblaciones 4 320 4 1138,1162,6495,6519,	
comprendida 2 320 2 3576,8933,	
observada 2 320 2 1135,6492,	
(insuficiencia 2 320 2 1134,6491,	
Lapp 2 320 2 1133,6490,	
lactasa 2 320 2 1131,6488,	
galactosa 4 320 4 1127,1148,6484,6505,	
intolerancia 2 320 2 1124,6481,	
Los 16 320 16 1121,1515,1864,2126,2687,2858,4447,4641,4809,5071,6478,6872,7221,7483,8044,8215,	
Lactosa 3 320 3 1116,5143,6473,	
procede 5 320 5 1104,1792,5161,6461,7149,	
inmediatamente 4 320 4 1096,1784,6453,7141,	
deberá 4 320 4 1094,1782,6451,7139,	
diagnostique 4 320 4 1091,1779,6448,7136,	
Cuando 8 320 8 1089,1777,3225,3796,6446,7134,8582,9153,	
conocido 4 320 4 1082,1770,6439,7127,	
perfil 4 320 4 1079,1767,6436,7124,	
tenga 4 320 4 1077,1765,6434,7122,	
alternativo 8 320 8 1075,1108,1763,1796,6432,6465,7120,7153,	
cambiar 4 320 4 1070,1758,6427,7115,	
deberán 4 320 4 1069,1873,6426,7230,	
embarazadas 4 320 4 1068,1756,6425,7113,	
quedarse 4 320 4 1067,1755,6424,7112,	
planeando 4 320 4 1066,1754,6423,7111,	
estén 5 320 5 1065,1753,5254,6422,7110,	
ARAII 16 320 16 1061,1101,1635,1652,1789,1803,1842,1872,6418,6458,6992,7009,7146,7160,7199,7229,	
continuar 4 320 4 1056,1744,6413,7101,	
considere 4 320 4 1054,1742,6411,7099,	
Salvo 4 320 4 1051,1739,6408,7096,	
II) 2 320 2 1047,6404,	
(ARA 2 320 2 1046,6403,	
II 10 320 10 1045,1420,1469,1725,1749,6402,6777,6826,7082,7106,	
Angiotensina 4 320 4 1044,1724,6401,7081,	
Receptores 4 320 4 1041,1722,6398,7079,	
Antagonistas 6 320 6 1038,1719,2775,6395,7076,8132,	
ningún 2 320 2 1035,6392,	
Embarazo 6 320 6 1030,1624,1627,6387,6981,6984,	
hiporreninénicos 2 320 2 1025,6382,	
estados 2 320 2 1024,6381,	
prevalencia 2 320 2 1022,6379,	
mg/kg/día) 1 320 1 4969,	
población 10 320 10 1015,3853,3915,3921,4024,6372,9210,9272,9278,9381,	
posiblemente 2 320 2 1010,6367,	
debido 2 320 2 1009,6366,	
negra 10 320 10 1008,1018,3214,3250,3902,6365,6375,8571,8607,9259,	
efectivos 2 320 2 995,6352,	
concentraciones 4 320 4 1367,4605,4990,6724,	
aparentemente 2 320 2 993,6350,	
son 4 320 4 992,2693,6349,8050,	
(9 2 320 2 4241,9598,	
angiotensia 2 320 2 991,6348,	
cerebrovascular 2 320 2 968,6325,	
accidente 2 320 2 967,6324,	
miocardio 8 320 8 964,3957,3971,3997,6321,9314,9328,9354,	
infarto 8 320 8 962,3955,3969,3995,6319,9312,9326,9352,	
provocar 4 320 4 960,1473,6317,6830,	
024) 2 320 2 3781,9138,	
isquémica 4 320 4 954,958,6311,6315,	
cardiopatía 2 320 2 953,6310,	
excesivo 2 320 2 945,6302,	
descenso 6 320 6 944,2353,3964,6301,7710,9321,	
(Effects 2 320 2 4044,9401,	
Como 8 320 8 937,969,1449,3196,6294,6326,6806,8553,	
raras 6 320 6 931,2195,2203,6288,7552,7560,	
oliguria 2 320 2 928,6285,	
uremia 2 320 2 927,6284,	
aguda 6 320 6 926,936,1489,6283,6293,6846,	
asociado 6 320 6 923,2344,2534,6280,7701,7891,	
angiotensina 12 320 12 906,982,1359,1419,1458,1468,6263,6339,6716,6776,6815,6825,	
convertidora 4 320 4 903,979,6260,6336,	
enzima 11 320 11 902,978,1355,1455,2882,4459,6259,6335,6712,6812,8239,	
inhibidores 14 320 14 899,975,1353,1429,1452,1680,4186,6256,6332,6710,6786,6809,7037,9543,	
renal) 2 320 2 895,6252,	
doble 6 320 6 2605,3522,4084,7962,8879,9441,	
incluyendo 7 320 7 890,1484,2498,5119,6247,6841,7855,	
subyacente 2 320 2 889,6246,	
enfermedad 6 320 6 887,956,3724,6244,6313,9081,	
congestiva 2 320 2 884,6241,	
cavitación 1 320 1 5086,	
diferencias 5 320 5 3381,3926,4620,8738,9283,	
cardíaca 2 320 2 883,6240,	
(ej 6 320 6 879,1339,3236,6236,6696,8593,	
actividad 2 320 2 875,6232,	
principalmente 5 320 5 872,1562,4456,6229,6919,	
dependen 2 320 2 871,6228,	
vascular 2 320 2 867,6224,	
tono 2 320 2 866,6223,	
cuyo 2 320 2 865,6222,	
Generales 2 320 2 862,6219,	
metabolito 1 320 1 4438,	
Por 4 320 4 853,1383,6210,6740,	
posible 2 320 2 1486,6843,	
inhibición 2 320 2 849,6206,	
actúan 6 320 6 847,1295,3204,6204,6652,8561,	
responden 2 320 2 839,6196,	
hiperaldosteronismo 2 320 2 835,6192,	
primario 4 320 4 831,836,6188,6193,	
Hiperaldosteronismo 2 320 2 830,6187,	
precaución 4 320 4 816,1511,6173,6868,	
concomitantemente 2 320 2 3229,8586,	
especial 2 320 2 815,6172,	
vasodilatadores 2 320 2 812,6169,	
sucede 6 320 6 809,938,3197,6166,6295,8554,	
obstructiva 4 320 4 807,829,6164,6186,	
hipertrófica 4 320 4 806,828,6163,6185,	
cardiomiopatía 4 320 4 805,827,6162,6184,	
mitral 4 320 4 804,824,6161,6181,	
aórtica 4 320 4 802,822,6159,6179,	
valvular 4 320 4 801,821,6158,6178,	
Estenosis 2 320 2 800,6157,	
litio 8 320 8 793,1351,1370,1410,6150,6708,6727,6767,	
0-3 2 320 2 3579,8936,	
combinación 10 320 10 791,1387,1396,1506,3153,6148,6744,6753,6863,8510,	
33% 2 320 2 3735,9092,	
continuación 2 320 2 2171,7528,	
Litio 4 320 4 786,1345,6143,6702,	
sérico 6 320 6 781,1495,3269,6138,6852,8626,	
estrecho 2 320 2 778,6135,	
006)] 2 320 2 3795,9152,	
cardiaca 6 320 6 769,2918,4021,6126,8275,9378,	
diabética 4 320 4 766,2375,6123,7732,	
debida 6 320 6 763,2017,4018,6120,7374,9375,	
franca 15 320 15 762,2158,2290,3514,4071,4136,4245,4292,6119,7515,7647,8871,9428,9493,9602,	
durante 39 320 39 750,1048,1086,1346,1636,1653,1684,1727,1774,1804,1897,1971,2460,2602,2681,3007,3054,3097,4278,4305,4776,6107,6405,6443,6703,6993,7010,7041,7084,7131,7161,7254,7328,7817,7959,8038,8364,8411,8454,	
renina-angiotensina 6 320 6 852,1299,3208,6209,6656,8565,	
hiperkalemia 8 320 8 749,1302,2256,2297,6106,6659,7613,7654,	
Hiperkalemia 4 320 4 736,2551,6093,7908,	
blanca 4 320 4 731,3257,6088,8614,	
raza 18 320 18 730,1007,1017,2063,3213,3249,3256,3856,3901,6087,6364,6374,7420,8570,8606,8613,9213,9258,	
sujetos 6 320 6 725,1005,4216,6082,6362,9573,	
mujeres 12 320 12 722,3894,3961,4004,4039,4613,4640,6079,9251,9318,9361,9396,	
favorable 2 320 2 720,6077,	
particular 2 320 2 717,6074,	
musculoesqueléticas 2 320 2 2347,7704,	
analizados 2 320 2 715,6072,	
uniforme 2 320 2 711,6068,	
cardiovasculares 4 320 4 708,3940,6065,9297,	
eventos 6 320 6 705,3746,3939,6062,9103,9296,	
observó 20 320 20 697,2081,2228,2255,2296,3809,3948,3988,4268,4504,4848,6054,7438,7585,7612,7653,9166,9305,9345,9625,	
diabéticos 10 320 10 2072,2150,2235,2246,2286,7429,7507,7592,7603,7643,	
avanzada 4 320 4 695,2376,6052,7733,	
incluyó 4 320 4 691,4091,6048,9448,	
ensayo 16 320 16 689,2576,2631,3490,3519,4041,4081,4120,6046,7933,7988,8847,8876,9398,9438,9477,	
realizado 5 320 5 686,1935,4905,6043,7292,	
análisis 2 320 2 685,6042,	
sometidos 2 320 2 671,6028,	
recientemente 2 320 2 670,6027,	
utilice 2 320 2 652,6009,	
máximo 3 320 3 3083,4770,8440,	
creatinina 12 320 12 648,2651,3574,3722,3841,3867,6005,8008,8931,9079,9198,9224,	
potasio 20 320 20 646,780,1284,1289,1313,1317,1325,1338,1494,2862,6003,6137,6641,6646,6670,6674,6682,6695,6851,8219,	
séricos 8 320 8 644,1336,1408,2860,6001,6693,6765,8217,	
niveles 23 320 23 643,1335,1407,2356,2536,2649,2842,2859,3720,3839,3865,4820,6000,6692,6764,7713,7893,8006,8199,8216,9077,9196,9222,	
periódicos 2 320 2 640,5997,	
ortostática 2 320 2 2083,7440,	
controles 2 320 2 639,5996,	
trasplante 4 320 4 634,673,5991,6030,	
intersticial 1 320 1 4985,	
angiotensina-II 20 320 20 630,915,2777,2796,2810,2827,2836,2849,2885,4193,5987,6272,8134,8153,8167,8184,8193,8206,8242,9550,	
receptores 6 320 6 627,912,2833,5984,6269,8190,	
antagonistas 14 320 14 624,909,988,1417,1465,4190,4195,5981,6266,6345,6774,6822,9547,9552,	
similar 4 320 4 621,4209,5978,9566,	
presentarse 4 320 4 618,2702,5975,8059,	
observado 15 320 15 614,972,1230,2351,2979,3121,3261,5124,5971,6329,6587,7708,8336,8478,8618,	
aspecto 2 320 2 610,5967,	
Aunque 6 320 6 608,1705,3875,5965,7062,9232,	
riesgo 26 320 26 601,773,1269,1477,1673,1704,1713,2506,3293,3708,3774,3788,4256,5958,6130,6626,6834,7030,7061,7070,7863,8650,9065,9131,9145,9613,	
8x1 1 320 1 5242,	
mayor 8 320 8 600,1021,2643,3169,5957,6378,8000,8526,	
existe 4 320 4 598,1019,5955,6376,	
evaluó 4 320 4 3284,4121,8641,9478,	
renina-angiotensina-aldosterona 6 320 6 597,746,878,5954,6103,6235,	
sistema 20 320 20 596,745,851,877,920,1298,2387,2479,2554,3207,5953,6102,6208,6234,6277,6655,7744,7836,7911,8564,	
afectan 6 320 6 594,743,917,5951,6100,6274,	
medicamentos 21 320 21 592,741,844,1204,1238,1293,1330,1423,1738,3201,5949,6098,6201,6561,6595,6650,6687,6780,7095,8558,9638,	
tratan 2 320 2 590,5947,	
funcionante 2 320 2 588,5945,	
único 2 320 2 587,5944,	
riñón 3 320 3 586,4982,5943,	
bilateral 2 320 2 578,5935,	
arteria 6 320 6 576,583,894,5933,5940,6251,	
estenosis 8 320 8 573,580,820,891,5930,5937,6177,6248,	
metabólica 2 320 2 2899,8256,	
presentan 4 320 4 572,2211,5929,7568,	
renovascular 2 320 2 567,5924,	
Hipertensión 6 320 6 566,2905,3482,5923,8262,8839,	
repetida 1 320 1 4841,	
media) 4 320 4 3372,3413,8729,8770,	
corregirse 2 320 2 559,5916,	
deben 8 320 8 558,1150,1517,1757,5915,6507,6874,7114,	
situaciones 2 320 2 557,5914,	
(alta) 2 320 2 3331,8688,	
similares 4 320 4 1380,1733,6737,7090,	
Estas 2 320 2 556,5913,	
sintomática 2 320 2 547,5904,	
hipotensión 20 320 20 546,603,925,1271,1830,1881,2082,2421,2617,2694,5903,5960,6282,6628,7187,7238,7439,7778,7974,8051,	
producirse 4 320 4 545,748,5902,6105,	
vómitos 2 320 2 543,5900,	
diarrea 4 320 4 541,2407,5898,7764,	
sal 4 320 4 540,1322,5897,6679,	
restrictivas 2 320 2 538,5895,	
dietas 2 320 2 537,5894,	
diuréticos 14 320 14 536,1253,1262,1286,1310,3136,3635,5893,6610,6619,6643,6667,8493,8992,	
prolongados 2 320 2 534,5891,	
útil 2 320 2 2750,8107,	
tratamientos 2 320 2 533,5890,	
y/o 6 320 6 530,767,2741,5887,6124,8098,	
consiguiente 2 320 2 3422,8779,	
sodio 2 320 2 529,5886,	
mg/kg) 1 320 1 4767,	
depleción 4 320 4 527,1265,5884,6622,	
intravascular 2 320 2 523,5880,	
volumen 7 320 7 522,531,1267,4390,5879,5888,6624,	
especiales 4 320 4 517,5172,5263,5874,	
precauciones 2 320 2 516,5873,	
Advertencias 2 320 2 514,5871,	
lactancia 6 320 6 507,1626,1901,5864,6983,7258,	
14 5 320 5 5191,5196,5207,5218,5229,	
Periodo 3 320 3 505,5164,5862,	
6) 6 320 6 504,511,1115,5861,5868,6472,	
embarazo 22 320 22 497,1050,1088,1093,1641,1660,1689,1729,1776,1781,1849,5854,6407,6445,6450,6998,7017,7046,7086,7133,7138,7206,	
trimestres 2 320 2 495,5852,	
tercer 6 320 6 494,1657,1809,5851,7014,7166,	
día) 2 320 2 3241,8598,	
Segundo 2 320 2 492,5849,	
tratadas 6 320 6 1870,4005,4011,7227,9362,9368,	
formulación 2 320 2 487,5844,	
activo 6 320 6 478,2799,2902,5835,8156,8259,	
principio 2 320 2 477,5834,	
Hipersensibilidad 2 320 2 475,5832,	
Contraindicaciones 2 320 2 474,5831,	
2) 6 320 6 471,1197,3481,5828,6554,8838,	
8 12 320 12 466,1192,1980,2682,3405,3624,5315,5823,6549,7337,8039,8762,	
presentó 4 320 4 3742,4243,9099,9600,	
combinada 6 320 6 3714,3751,3806,9071,9108,9163,	
secciones 12 320 12 464,499,1110,1190,1662,1883,5821,5856,6467,6547,7019,7240,	
eficacia 6 320 6 462,3184,3345,5819,8541,8702,	
seguridad 8 320 8 460,1081,1769,4918,4938,5817,6438,7126,	
suficientes 2 320 2 458,5815,	
datos 6 320 6 457,1179,1708,5814,6536,7065,	
hay 6 320 6 456,1172,1707,5813,6529,7064,	
IDNT 4 320 4 3491,3516,8848,8873,	
adolescentes 6 320 6 452,2587,3289,5809,7944,8646,	
niños 14 320 14 450,1188,2585,2665,3287,4749,4782,4795,4802,5807,6545,7942,8022,8644,	
recomienda 20 320 20 444,637,775,789,814,857,1305,1400,1630,1851,5801,5994,6132,6146,6171,6214,6662,6757,6987,7208,	
pediátricos 6 320 6 441,1155,2573,5798,6512,7930,	
magnesio 1 320 1 5147,	
proteínas 1 320 1 4375,	
generalmente 4 320 4 428,837,5785,6194,	
posibilidad 2 320 2 420,5777,	
considerarse 4 320 4 418,1523,5775,6880,	
mayores 3 320 3 413,4797,5770,	
Pacientes 10 320 10 408,440,675,1154,2572,5765,5797,6032,6511,7929,	
primera 3 320 3 554,5336,5911,	
grave 7 320 7 406,604,885,4912,5763,5961,6242,	
clínica 4 320 4 400,2904,5757,8261,	
experiencia 8 320 8 399,662,2462,2671,5756,6019,7819,8028,	
dispone 6 320 6 397,660,2706,5754,6017,8063,	
moderada 3 320 3 394,4901,5751,	
reacciones 12 320 12 2106,2138,2167,2208,2455,2600,7463,7495,7524,7565,7812,7957,	
leve 3 320 3 392,4899,5749,	
insuficiencia 29 320 29 389,404,606,656,759,768,882,934,1129,1487,2153,2292,3509,4020,4910,5746,5761,5963,6013,6116,6125,6239,6291,6486,6844,7510,7649,8866,9377,	
hepática 10 320 10 377,390,405,2571,4884,4911,5734,5747,5762,7928,	
4) 16 320 16 375,1281,1344,1393,1645,1667,1888,2510,5732,6638,6701,6750,7002,7024,7245,7867,	
transitorios 1 320 1 5082,	
mg) 4 320 4 367,3162,5724,8519,	
(75 2 320 2 366,5723,	
baja 6 320 6 365,3157,3233,5722,8514,8590,	
Depleción 2 320 2 520,5877,	
utilización 4 320 4 359,859,5716,6216,	
valorarse 2 320 2 357,5714,	
Debe 2 320 2 356,5713,	
función 22 320 22 354,869,1482,1502,1528,1817,1859,2077,2251,2570,4102,5711,6226,6839,6859,6885,7174,7216,7434,7608,7927,9459,	
cardíacos 2 320 2 2381,7738,	
presencia 2 320 2 757,6114,	
alteración 3 320 3 351,4870,5708,	
meseta 2 320 2 2936,8293,	
ajuste 8 320 8 345,383,434,4635,4682,5702,5740,5791,	
realizar 14 320 14 343,381,432,638,1401,1852,4633,4680,5700,5738,5789,5995,6758,7209,	
necesario 10 320 10 342,380,431,4199,4632,4679,5699,5737,5788,9556,	
Insuficiencia 10 320 10 338,376,631,2496,4856,4883,5695,5733,5988,7853,	
predeterminada 2 320 2 333,5690,	
subgrupos 4 320 4 714,3851,6071,9208,	
fármacos 6 320 6 327,3631,4183,5684,8988,9540,	
administró 4 320 4 323,1582,5680,6939,	
clínicos 8 320 8 317,1550,1985,2021,5674,6907,7342,7378,	
ensayos 8 320 8 316,1549,1984,2113,5673,6906,7341,7470,	
demostró 6 320 6 313,3496,4057,5670,8853,9414,	
beneficio 4 320 4 303,3887,5660,9244,	
El 36 320 36 302,1255,2718,2744,2828,3066,3092,3125,3388,3489,3515,3673,4040,4076,4119,4168,4285,4389,4436,4534,5659,6612,8075,8101,8185,8423,8449,8482,8745,8846,8872,9030,9397,9433,9476,9525,	
ajustándola 2 320 2 283,5640,	
significativo 2 320 2 2363,7720,	
iniciar 13 320 13 270,422,1034,1105,1273,1793,4572,5627,5779,6391,6462,6630,7150,	
debe 16 320 16 269,417,1033,1507,1522,1966,2720,2727,5626,5774,6390,6864,6879,7323,8077,8084,	
hipertensos 25 320 25 265,676,1993,2073,2151,2247,2287,2372,2588,3211,3290,3565,4750,5622,6033,7350,7430,7508,7604,7644,7729,7945,8568,8647,8922,	
5) 6 320 6 257,785,799,5614,6142,6156,	
maquinaria 2 320 2 1965,7322,	
aditivo 4 320 4 251,3140,5608,8497,	
demostrado 2 320 2 247,5604,	
hidroclorotiazida 8 320 8 245,1552,3159,3235,5602,6909,8516,8592,	
diurético 2 320 2 243,5600,	
concomitante 11 320 11 240,1308,1349,1462,1536,4361,5597,6665,6706,6819,6893,	
concreto 2 320 2 237,5594,	
antihipertensivos 18 320 18 235,845,942,1214,1217,1239,3202,3632,4184,5592,6202,6299,6571,6574,6596,8559,8989,9541,	
agentes 6 320 6 234,1213,1216,5591,6570,6573,	
TITULAR 1 320 1 5293,	
añadir 2 320 2 232,5589,	
300 17 320 17 229,285,2270,2942,3599,4062,4145,4223,4325,5586,5642,7627,8299,8956,9419,9502,9580,	
incrementarse 2 320 2 227,5584,	
excluyan 2 320 2 3882,9239,	
controlados 6 320 6 214,1986,2114,5571,7343,7471,	
adecuadamente 6 320 6 213,1519,3147,5570,6876,8504,	
En 27 320 27 210,236,258,716,770,1983,2069,2244,2284,3141,3617,3919,4600,4934,5103,5567,5593,5615,6073,6127,7340,7426,7601,7641,8498,8974,9276,	
años 13 320 13 209,416,1171,2596,3305,4310,4800,5168,5566,5773,6528,7953,8662,	
ancianos 10 320 10 204,409,439,1514,4656,4688,5561,5766,5796,6871,	
reducción 24 320 24 998,2983,3017,3170,3307,3339,3651,3771,3785,3827,3832,4253,6355,8340,8374,8527,8664,8696,9008,9128,9142,9184,9189,9610,	
hemodiálisis 8 320 8 201,371,2762,4876,4882,5558,5728,8119,	
especialmente 10 320 10 197,548,755,1496,1512,5554,5905,6112,6853,6869,	
11-15 1 320 1 4557,	
biodisponibilidad 2 320 2 4351,4368,	
terapia 10 320 10 190,267,424,1535,3108,5547,5624,5781,6892,8465,	
inicio 5 320 5 187,3089,4300,5544,8446,	
considerar 2 320 2 185,5542,	
podría 8 320 8 184,1442,1472,2701,5541,6799,6829,8058,	
causaron 1 320 1 4953,	
obstante 2 320 2 182,5539,	
No 38 320 38 181,395,442,658,1031,1572,1592,1628,1932,2704,3118,3258,3379,4028,4266,4630,4677,4902,4919,5062,5121,5160,5175,5538,5752,5799,6015,6388,6929,6949,6985,7289,8061,8475,8615,8736,9385,9623,	
adecuado 2 320 2 174,5531,	
hereditaria 2 320 2 1125,6482,	
arterial 44 320 44 172,332,949,1002,2910,2924,2953,2988,3004,3021,3072,3111,3131,3174,3311,3348,3395,3644,3659,3863,4172,4208,5529,5689,6306,6359,8267,8281,8310,8345,8361,8378,8429,8468,8488,8531,8668,8705,8752,9001,9016,9220,9529,9565,	
presión 44 320 44 171,331,948,1001,2909,2923,2952,2987,3003,3020,3071,3110,3130,3173,3310,3347,3394,3643,3658,3862,4171,4207,5528,5688,6305,6358,8266,8280,8309,8344,8360,8377,8428,8467,8487,8530,8667,8704,8751,9000,9015,9219,9528,9564,	
horas 14 320 14 168,2964,2993,3011,3015,3056,4529,4558,5525,8321,8350,8368,8372,8413,	
24 10 320 10 167,2963,3010,3014,3055,5524,8320,8367,8371,8412,	
control 6 320 6 165,777,1403,5522,6134,6760,	
proporciona 2 320 2 163,5520,	
10mg/kg/día) 1 320 1 5030,	
Karvea 43 320 43 153,225,253,308,565,616,650,667,754,795,861,1234,1277,1890,2717,3074,3186,3531,3548,3602,4130,4328,5510,5582,5610,5665,5922,5973,6007,6024,6111,6152,6218,6591,6634,7247,8074,8431,8543,8888,8905,8959,9487,	
alcanzar 2 320 2 2934,8291,	
alimentos 3 320 3 152,4363,5509,	
día 13 320 13 148,162,221,282,290,3166,4775,5505,5519,5578,5639,5647,8523,	
vez 12 320 12 146,160,219,280,288,3164,5503,5517,5576,5637,5645,8521,	
administrados 2 320 2 144,5501,	
150 16 320 16 142,157,216,275,3042,4237,4772,4833,5385,5396,5499,5514,5573,5632,8399,9594,	
recomendada 4 320 4 139,295,5496,5652,	
mantenimiento 6 320 6 138,294,3597,5495,5651,8954,	
inicial 4 320 4 135,363,5492,5720,	
Si 4 320 4 1394,1836,6751,7193,	
habitual 2 320 2 134,5491,	
dosis 75 320 75 133,155,177,193,223,273,292,347,362,385,436,555,1259,2053,2058,2676,2869,2928,2938,3034,3038,3060,3156,3232,3315,3387,3589,3595,4060,4249,4480,4485,4492,4500,4578,4586,4732,4756,4761,4845,4931,4939,4964,5044,5113,5490,5512,5534,5550,5580,5630,5649,5704,5719,5742,5793,5912,6616,7410,7415,8033,8226,8285,8295,8391,8395,8417,8513,8589,8672,8744,8946,8952,9417,9606,	
La 31 320 31 132,1505,1610,1668,2015,2043,2101,2670,2919,2982,3183,4311,4359,4371,4520,4548,4559,4740,5266,5356,5489,6862,6967,7025,7372,7400,7458,8027,8276,8339,8540,	
x 1 320 1 5236,	
bipedestación 2 320 2 2955,8312,	
efecto 25 320 25 250,620,700,1447,1938,2999,3067,3082,3093,3126,3810,3846,4469,5607,5977,6057,6804,7295,8356,8424,8439,8450,8483,9167,9203,	
administración 27 320 27 131,239,551,563,665,1348,1461,1717,2434,2996,4342,4399,4532,4584,4703,4753,4840,5488,5596,5908,5920,6022,6705,6818,7074,7791,8353,	
Posología 2 320 2 127,5484,	
1) 10 320 10 124,337,491,735,1029,5481,5694,5848,6092,6386,	
5 51 320 51 123,336,467,470,734,1028,1193,1196,1199,1834,2133,2258,2259,2299,2300,2763,3161,3238,3320,3324,3329,3415,3605,4108,4336,4545,4913,5183,5480,5693,5824,5827,6091,6385,6550,6553,6556,7191,7615,7616,7656,7657,8120,8518,8595,8677,8681,8686,8772,8962,9465,	
hemoglobina 1 320 1 4961,	
apartado 36 320 36 122,255,335,373,489,509,733,783,797,1027,1279,1342,1391,1643,1833,1894,2508,3479,5479,5612,5692,5730,5846,5866,6090,6140,6154,6384,6636,6699,6748,7000,7190,7251,7865,8836,	
(ver 46 320 46 121,254,334,372,463,488,498,508,732,782,796,1026,1109,1189,1278,1341,1642,1661,1832,1882,1893,2507,3478,5478,5611,5691,5729,5820,5845,5855,5865,6089,6139,6153,6383,6466,6546,6635,6698,6999,7018,7189,7239,7250,7864,8835,	
antihipertensivo 10 320 10 120,1074,1448,1762,3094,5477,6431,6805,7119,8451,	
tratamiento 56 320 56 119,298,752,841,897,1036,1058,1073,1098,1107,1256,1275,1746,1761,1786,1795,1973,2068,2712,2726,2753,3091,3099,3622,3848,3933,4204,4284,4302,5476,5655,6109,6198,6254,6393,6415,6430,6455,6464,6613,6632,7103,7118,7143,7152,7330,7425,8069,8083,8110,8448,8456,8979,9205,9290,9561,	
parte 2 320 2 116,5473,	
e 12 320 12 113,264,605,1352,2291,3634,5470,5621,5962,6709,7648,8991,	
tipo 16 320 16 111,262,679,1736,3137,3485,3568,4096,5468,5619,6036,7093,8494,8842,8925,9453,	
diabetes 14 320 14 110,261,678,3484,3567,3861,4095,5467,5618,6035,8841,8924,9218,9452,	
pacientes 120 320 120 108,199,211,259,311,349,369,387,402,412,438,525,570,654,669,692,771,818,833,864,880,951,1063,1122,1498,1516,1751,1992,2071,2095,2123,2149,2234,2245,2267,2280,2285,2308,2319,2326,2371,2504,3142,3210,3247,3431,3455,3507,3564,3584,3625,3676,3738,3899,4073,4093,4655,4663,4687,4829,4868,4874,4895,4908,5465,5556,5568,5616,5668,5706,5726,5744,5759,5769,5795,5882,5927,6011,6026,6049,6128,6175,6190,6221,6237,6308,6420,6479,6855,6873,7108,7349,7428,7452,7480,7506,7591,7602,7624,7637,7642,7665,7676,7683,7728,7861,8499,8567,8604,8788,8812,8864,8921,8941,8982,9033,9095,9256,9430,9450,	
renales 5 320 5 706,2493,5055,6063,7850,	
nefropatía 18 320 18 106,301,682,694,765,2374,3488,3504,3554,5463,5658,6039,6051,6122,7731,8845,8861,8911,	
esencial 6 320 6 102,1055,1743,5459,6412,7100,	
hipertensión 6 320 6 101,114,3122,5458,5471,8479,	
pobre 2 320 2 1501,6858,	
Tratamiento 4 320 4 98,103,5455,5460,	
terapéuticas 3 320 3 97,5045,5454,	
Indicaciones 2 320 2 96,5453,	
musculoesquelético* 2 320 2 2417,7774,	
	4 2 320 2 94,5451,	
CLÍNICOS 2 320 2 93,5450,	
DATOS 3 320 3 92,5132,5449,	
4 76 320 76 91,125,256,374,465,472,500,501,503,510,512,513,784,798,1111,1114,1191,1198,1280,1343,1392,1540,1622,1644,1663,1666,1884,1887,1895,1921,1979,2509,2667,3328,3445,3480,3630,4777,5170,5215,5448,5482,5613,5731,5822,5829,5857,5858,5860,5867,5869,5870,6141,6155,6468,6471,6548,6555,6637,6700,6749,6979,7001,7020,7023,7241,7244,7252,7278,7336,7866,8024,8685,8802,8837,8987,	
espontáneas 2 320 2 2475,7832,	
conlleva 2 320 2 1715,7072,	
grabado 2 320 2 86,5443,	
2771 1 320 1 85,	
canales 2 320 2 1246,6603,	
número 2 320 2 84,5441,	
cara 4 320 4 81,90,5438,5447,	
troquelado 2 320 2 78,5435,	
pico 2 320 2 3027,8384,	
susceptibles 2 320 2 1331,6688,	
corazón 2 320 2 77,5434,	
ovalada 2 320 2 74,5431,	
forma 4 320 4 73,129,5430,5486,	
26% 2 320 2 3910,9267,	
biconvexo 2 320 2 70,5427,	
blanquecino 2 320 2 69,5426,	
o 69 320 69 68,150,231,479,542,579,823,825,886,907,929,955,965,1141,1147,1326,1577,1963,1977,2022,2064,2820,2956,3193,3270,3291,3437,3612,3649,3728,4233,4401,4705,4872,5068,5090,5109,5129,5425,5507,5588,5836,5899,5936,6180,6182,6243,6264,6286,6312,6322,6498,6504,6683,6934,7320,7334,7379,7421,8177,8313,8550,8627,8648,8794,8969,9006,9085,9590,	
Blanco 2 320 2 67,5424,	
	Comprimido 2 320 2 66,5423,	
FARMACÉUTICA 2 320 2 65,5422,	
FORMA 2 320 2 64,5421,	
3 32 320 32 63,473,1112,1436,1664,1885,2608,3281,3336,3369,3374,3404,3409,3475,4569,4914,5163,5167,5420,5830,6469,6793,7021,7242,7965,8638,8693,8726,8731,8761,8766,8832,	
6 25 320 25 61,490,1168,1623,2476,2593,3302,3416,3545,4805,5131,5157,5162,5169,5182,5260,5261,5418,5847,6525,6980,7950,8659,8773,8902,	
sección 2 320 2 60,5417,	
mostraron 1 320 1 4811,	
ver 2 320 2 59,5416,	
excipientes 5 320 5 58,484,5138,5415,5841,	
completa 2 320 2 56,5413,	
creatina- 2 320 2 2540,7897,	
lista 2 320 2 55,5412,	
consultar 2 320 2 53,5410,	
sugeridas 2 320 2 2735,8092,	
Para 6 320 6 52,3843,4178,5409,9200,9535,	
monohidrato 3 320 3 49,5144,5406,	
renal 68 320 68 304,339,355,577,584,607,632,635,657,674,760,870,888,935,1483,1488,1503,1529,1818,1829,1860,2078,2154,2252,2293,2497,2502,3510,3725,3888,4103,4539,4699,4857,4871,5013,5088,5661,5696,5712,5934,5941,5964,5989,5992,6014,6031,6117,6227,6245,6292,6840,6845,6860,6886,7175,7186,7217,7435,7511,7609,7650,7854,7859,8867,9082,9245,9460,	
lactosa 4 320 4 48,1120,5405,6477,	
frente 18 320 18 1987,2115,3689,3752,3775,3982,4008,4087,4259,7344,7472,9046,9109,9132,9339,9365,9444,9616,	
37 1 320 1 45,	
15 2 320 2 44,6897,	
Excipiente 2 320 2 43,5400,	
irbesartan 103 320 103 42,278,321,448,702,984,1157,1382,1547,1558,1583,1609,1621,1905,1940,1957,2006,2033,2125,2238,2273,2311,2329,2379,2872,3133,3149,3222,3226,3317,3465,3498,3700,3741,3981,4007,4065,4222,4240,4344,4370,4404,4419,4442,4453,4554,4597,4608,4629,4648,4708,4738,4743,4765,4837,4854,4862,4889,4942,4976,5015,5042,5047,5077,5399,5635,5678,5805,6059,6341,6514,6739,6904,6915,6940,6966,6978,7262,7297,7314,7363,7390,7482,7595,7630,7668,7686,7736,8229,8490,8506,8579,8583,8674,8822,8855,9057,9098,9338,9364,9422,9579,9597,	
contiene 4 320 4 38,1119,5395,6476,	
comprimido 5 320 5 37,51,5243,5394,5408,	
	Cada 2 320 2 36,5393,	
CUANTITATIVA 2 320 2 35,5392,	
Y 2 320 2 34,5391,	
CUALITATIVA 2 320 2 33,5390,	
COMPOSICIÓN 2 320 2 32,5389,	
temprana 1 320 1 5111,	
2 45 320 45 31,112,126,263,407,680,1431,3375,3410,3425,3444,3451,3486,3544,3569,3604,3628,4043,4054,4078,4097,4309,4337,5158,5204,5388,5469,5483,5620,6037,6788,8732,8767,8782,8801,8808,8843,8901,8926,8961,8985,9400,9411,9435,9454,	
notificaciones 2 320 2 2474,7831,	
comprimidos 11 320 11 30,5192,5197,5203,5208,5214,5219,5225,5230,5238,5387,	
mg 53 320 53 29,40,46,143,158,180,196,217,230,276,286,427,2271,2943,2949,3043,3239,3592,3600,3606,3609,4063,4224,4238,4326,4490,4496,4773,4834,5386,5397,5403,5500,5515,5537,5553,5574,5587,5633,5643,5784,7628,8300,8306,8400,8596,8949,8957,8963,8966,9420,9581,9595,	
75 15 320 15 28,39,179,195,208,415,426,3591,5402,5536,5552,5565,5772,5783,8948,	
	Karvea 2 320 2 27,5384,	
MEDICAMENTO 4 320 4 26,2768,5383,8125,	
interrumpirse 4 320 4 1095,1783,6452,7140,	
NOMBRE 2 320 2 24,5381,	
1 35 320 35 22,23,62,95,468,1194,2121,2366,2770,3323,3471,3562,3578,4107,4114,4115,4527,5135,5193,5237,5380,5419,5452,5825,6551,7478,7723,8127,8680,8828,8919,8935,9464,9471,9472,	
PRODUCTO 1 320 1 21,	
DEL 4 320 4 20,25,5354,5382,	
grupo 34 320 34 2005,2011,2030,2039,2099,2164,2242,2282,2321,3687,3760,3978,3984,4219,4229,4235,4323,4333,7362,7368,7387,7396,7456,7521,7599,7639,7678,9044,9117,9335,9341,9576,9586,9592,	
CARACTERÍSTICAS 1 320 1 19,	
LAS 1 320 1 18,	
acciones 2 320 2 2807,8164,	
DE 10 320 10 17,2766,5294,5297,5317,5319,5326,5330,5351,8123,	
RESUMEN 1 320 1 16,	
O 1 320 1 15,	
absorción 3 320 3 1144,4510,6501,	
TÉCNICA 1 320 1 14,	
FICHA 1 320 1 13,	
ocasiones 2 320 2 932,6289,	
información 4 320 4 10,2708,5357,8065,	
Toda 1 320 1 8,	
cardiovascular 2 320 2 957,6314,	
medicamento 13 320 13 7,12,1118,1153,1588,3436,5005,5269,5361,6475,6510,6945,8793,	
Basica 1 320 1 5,	
	Información 1 320 1 4,	
proteinuria 17 320 17 761,2157,2289,3513,3570,4070,4135,4244,4291,6118,7514,7646,8870,8927,9427,9492,9601,	
COMPRIMIDOS 1 320 1 3,	
28 2 320 2 2,5202,	
150MG 1 320 1 1,	
FECHA 2 320 2 5325,5350,	
KARVEA 1 320 1 0,	
