	Prospectos 1 236 1 9331,	
ayu 1 236 1 9330,	
necesaria 1 236 1 9319,	
comprobar 1 236 1 9233,	
diagnósticas 1 236 1 9227,	
requerirse 1 236 1 9224,	
Pueden 1 236 1 9223,	
erradicación) 1 236 1 9222,	
(terapia 1 236 1 9220,	
necesarias 2 236 2 9208,9298,	
Incluso 1 236 1 9192,	
gastritis) 1 236 1 9173,	
especial 2 236 2 9171,9186,	
(forma 1 236 1 9170,	
sospechas 1 236 1 9158,	
tome 1 236 1 9148,	
circunstancias 1 236 1 9143,	
haga 1 236 1 9134,	
También 1 236 1 9130,	
verse 1 236 1 9124,	
afectar 1 236 1 9120,	
crea 1 236 1 9117,	
condición 1 236 1 9114,	
	Informe 1 236 1 9108,	
TOMAR 1 236 1 9104,	
ANTES 1 236 1 9102,	
detecta 1 236 1 9077,	
comparan 1 236 1 9073,	
obtenidos 1 236 1 9071,	
anteriormente 1 236 1 9068,	
volverá 1 236 1 9061,	
cuyo 1 236 1 9056,	
tomarán 1 236 1 9051,	
Transcurridos 1 236 1 9047,	
13Carbon-urea 1 236 1 9046,	
""normal"" 1 236 1 9026,	
analizarán 1 236 1 9021,	
Estas 1 236 1 9018,	
""Instrucciones 1 236 1 9014,	
(véase 1 236 1 9013,	
toman 1 236 1 9008,	
""comida 1 236 1 9002,	
ingerir 1 236 1 9000,	
ingerido 1 236 1 8995,	
comida 1 236 1 8991,	
respira 1 236 1 8974,	
detectarse 1 236 1 8966,	
13Carbono 6 236 6 8959,8964,8982,9030,9059,9084,	
sustancia 1 236 1 8957,	
test? 1 236 1 8951,	
consiste 2 236 2 8949,8998,	
Ahora 1 236 1 8936,	
curarla 1 236 1 8935,	
diagnosticado 1 236 1 8925,	
Ya 1 236 1 8922,	
diagnosticar 1 236 1 8919,	
desea 2 236 2 8908,8939,	
razones 1 236 1 8905,	
someta 1 236 1 8893,	
Su 1 236 1 8887,	
recomendado 2 236 2 8881,8890,	
INFAI? 1 236 1 8865,	
bacteria 3 236 3 8856,8874,9097,	
causada 2 236 2 8853,8871,	
	"Helicobacter 1 236 1 8815,	
UTILIZA 1 236 1 8814,	
SE 1 236 1 8813,	
adicional 1 236 1 8803,	
Posibles 1 236 1 8792,	
Cómo 1 236 1 8786,	
Antes 1 236 1 8779,	
Contenido 1 236 1 8764,	
informe 1 236 1 8758,	
adverso 1 236 1 8752,	
aprecia 1 236 1 8749,	
sufre 1 236 1 8744,	
efectos 2 236 2 8741,8793,	
considera 1 236 1 8736,	
perjudicarles 1 236 1 8733,	
síntomas 1 236 1 8729,	
tengan 1 236 1 8726,	
personas 1 236 1 8724,	
le 3 236 3 8713,8879,8923,	
farmacéutico 2 236 2 8708,8763,	
duda 1 236 1 8702,	
autoimune 1 236 1 9253,	
leerlo 1 236 1 8697,	
volver 1 236 1 8695,	
Conserve 1 236 1 8687,	
detenidamente 1 236 1 8678,	
Lea 1 236 1 8674,	
39 1 236 1 8673,	
barra 2 236 2 8659,8666,	
sello 1 236 1 8656,	
Código 1 236 1 8643,	
autoadhesivos 1 236 1 8642,	
	Hoja 1 236 1 8638,	
AUTOADHESIVOS 1 236 1 8591,	
ETIQUETAS 1 236 1 8589,	
HOJA 1 236 1 8587,	
ruega 1 236 1 8572,	
Valor 2 236 2 8565,8568,	
	Recipientes 1 236 1 8560,	
test"" 1 236 1 9004,	
PLÁSTICO 1 236 1 8513,	
VIDRIO 1 236 1 8511,	
ALIENTO 1 236 1 8510,	
MUESTRAS 1 236 1 8508,	
PARA 2 236 2 8507,8811,	
RECIPIENTES 1 236 1 8506,	
APARECER 2 236 2 8501,8584,	
	1 1 236 1 8171,	
Polvo 2 236 2 8058,8443,	
13C) 1 236 1 8962,	
	Prueba 2 236 2 8056,8441,	
OTROS 4 236 4 8055,8440,8559,8637,	
VOLUMEN 2 236 2 8044,8429,	
PESO 2 236 2 8042,8427,	
	Lote 2 236 2 8037,8422,	
	 6 236 6 8026,8411,8552,8557,8630,8635,	
ETIQUETA 2 236 2 7998,8372,	
PRIMARIOS 3 236 3 7997,8371,8505,	
ACONDICIONAMIENTOS 3 236 3 7996,8370,8504,	
PEQUEÑOS 3 236 3 7995,8369,8503,	
INCLUIRSE 2 236 2 7993,8367,	
MÍNIMA 4 236 4 7990,8364,8498,8581,	
EU/1/97/045/004 1 236 1 7959,	
CLINIPAC 1 236 1 7828,	
envases 1 236 1 7787,	
Embalaje 1 236 1 7784,	
INTERMEDIO 1 236 1 7783,	
BRAILLE 3 236 3 7770,7983,8357,	
INSTRUCCIONES 3 236 3 7764,7977,8351,	
15 3 236 3 7763,7976,8350,	
GENERALES 3 236 3 7755,7968,8342,	
Lote 3 236 3 7751,7964,8338,	
LOTE 7 236 7 7750,7963,8036,8337,8421,8556,8634,	
EU/1/97/045/002 2 236 2 7744,8099,	
EU/1/97/045/001 2 236 2 7743,8098,	
Número 5 236 5 7738,7954,8093,8328,8478,	
NÚMERO(S) 3 236 3 7733,7949,8323,	
D­44799 7 236 7 7729,7945,8110,8319,8494,8545,8623,	
Universitätsstr 7 236 7 7727,7943,8108,8317,8492,8543,8621,	
comercialización 7 236 7 7718,7742,7958,8097,8308,8332,8482,	
titular 2 236 2 7713,8303,	
(CUANDO 3 236 3 7698,7922,8288,	
minuto 4 236 4 8566,8569,8662,8669,	
SU 3 236 3 7696,7920,8286,	
DERIVADOS 3 236 3 7694,7918,8284,	
MATERIALES 3 236 3 7693,7917,8283,	
UTILIZADO 3 236 3 7689,7913,8279,	
NO 3 236 3 7688,7912,8278,	
ELIMINACIÓN 3 236 3 7685,7909,8275,	
PRECAUCIONES 3 236 3 7682,7906,8272,	
	No 4 236 4 7674,7898,8162,8264,	
CONSERVACIÓN 3 236 3 7673,7897,8263,	
{MM/AAAA} 5 236 5 7668,7891,8032,8258,8417,	
	CAD 5 236 5 7667,7890,8031,8257,8416,	
CADUCIDAD 7 236 7 7666,7889,8030,8256,8415,8551,8629,	
NECESARIO 3 236 3 7662,7885,8252,	
ES 4 236 4 7661,7884,8251,8806,	
SI 3 236 3 7660,7883,8250,	
ESPECIALES 9 236 9 7659,7671,7683,7882,7895,7907,8249,8261,8273,	
OTRAS 3 236 3 7657,7880,8247,	
vista 5 236 5 7652,7875,8077,8242,8462,	
alcance 5 236 5 7648,7871,8073,8238,8458,	
fuera 5 236 5 7646,7869,8071,8236,8456,	
MANTENERSE 3 236 3 7644,7867,8234,	
Tenga 1 236 1 9185,	
ESPECIAL 3 236 3 7638,7861,8228,	
prospecto 9 236 9 7630,7853,8064,8220,8449,8677,8689,8757,8766,	
infrarroja 1 236 1 7627,	
VÍA(S) 7 236 7 7615,7846,8006,8213,8380,8519,8597,	
Prospectos 1 236 1 7602,	
tubos 1 236 1 7595,	
contienen 3 236 3 7573,7577,8955,	
adhesivo 3 236 3 7526,7567,7611,	
13C-Urea 4 236 4 7499,7540,7581,8184,	
Diagnóstico 4 236 4 7490,7531,7572,8175,	
Equipo 4 236 4 7487,7528,7569,8172,	
únicamente 1 236 1 8819,	
CONTENIDO 5 236 5 7479,7821,8040,8168,8425,	
	Ninguno 2 236 2 7474,7816,	
EXCIPIENTES 3 236 3 7473,7815,8161,	
ACTIVO(S) 3 236 3 7462,7805,8151,	
C-urea 5 236 5 7459,7802,8019,8148,8404,	
FRASCOS 1 236 1 7444,	
FRASCO 3 236 3 7441,8000,8374,	
EXTERIOR 4 236 4 7437,7439,8120,8122,	
EL 6 236 6 7435,7641,7781,7864,8118,8231,	
DEBE 10 236 10 7432,7643,7778,7866,7992,8115,8233,8366,8500,8583,	
QUE 10 236 10 7431,7640,7777,7863,7991,8114,8230,8365,8499,8582,	
25 1 236 1 7426,	
PROSPECTO 2 236 2 7425,8672,	
ETIQUETADO 2 236 2 7423,7428,	
III 1 236 1 7422,	
ANEXO 1 236 1 7421,	
EFICAZ 1 236 1 7416,	
UTILIZACIÓN 1 236 1 7413,	
RELACIÓN 1 236 1 7410,	
EN 17 236 17 7409,7434,7769,7780,7982,7994,8041,8043,8046,8117,8356,8368,8426,8428,8431,8502,8585,	
prescripción 6 236 6 7403,7761,7974,8091,8348,8476,	
sujeto 6 236 6 7401,7759,7972,8089,8346,8474,	
Medicamento 6 236 6 7400,7758,7971,8088,8345,8473,	
AL 1 236 1 7393,	
IMPUESTAS 1 236 1 7392,	
USO 7 236 7 7391,7697,7766,7921,7979,8287,8353,	
DISPENSACIÓN 4 236 4 7389,7757,7970,8344,	
RESTRICCIONES 2 236 2 7387,7408,	
Germany 1 236 1 7376,	
44799 1 236 1 7374,	
D 1 236 1 7372,	
lotes 1 236 1 7361,	
liberación 1 236 1 7358,	
responsable 1 236 1 7355,	
fabricante 1 236 1 7354,	
dirección 1 236 1 7352,	
Nombre 3 236 3 7350,7711,8301,	
CONDICIONES 10 236 10 7330,7378,7385,7406,7670,7754,7894,7967,8260,8341,	
B 3 236 3 7329,7377,8671,	
LOTES 2 236 2 7328,7349,	
{número} 5 236 5 7752,7965,8038,8339,8423,	
LOS 5 236 5 7327,7348,7692,7916,8282,	
FABRICACIÓN 2 236 2 7321,7342,	
AUTORIZACIÓN/RENOVACIÓN 1 236 1 7293,	
1/97/045/003 1 236 1 7287,	
und 8 236 8 7272,7724,7940,8105,8314,8489,8540,8618,	
20 1 236 1 6931,	
(valor-minuto- 1 236 1 6202,	
documentado 1 236 1 6165,	
alimentos 1 236 1 8954,	
Período 1 236 1 6007,	
relacionadas 1 236 1 5983,	
preocupaciones 1 236 1 5982,	
hay 3 236 3 5981,9157,9257,	
95 1 236 1 5823,	
%-CI 2 236 2 5810,5822,	
98 2 236 2 5806,5818,	
168 1 236 1 5793,	
única 1 236 1 5329,	
16 4 236 4 5252,7767,7980,8354,	
QUÉ 2 236 2 8805,8812,	
discrepantes 1 236 1 5050,	
muestran 1 236 1 5048,	
inviables 1 236 1 5040,	
invasoras 2 236 2 5038,5047,	
eficacia 1 236 1 5027,	
45 13 236 13 4949,4963,5116,5533,5572,5951,6060,8141,8155,8181,8361,8397,8435,	
1/97/045/004 2 236 2 4904,7746,	
EU 2 236 2 4903,7745,	
PRINCIPIO(S) 3 236 3 7461,7804,8150,	
1/97/045/002 1 236 1 4902,	
	EU 2 236 2 4901,7286,	
NÚMEROS 1 236 1 4896,	
supera 1 236 1 4855,	
lineal 1 236 1 4844,	
oscilan 1 236 1 4812,	
generado 1 236 1 4787,	
probarse 1 236 1 4768,	
controla 1 236 1 4706,	
superiores 1 236 1 4673,	
ADMINISTRACIÓN 9 236 9 7617,7848,8008,8025,8215,8382,8410,8521,8599,	
C 1 236 1 4666,	
C/ 1 236 1 4665,	
13 9 236 9 4663,7458,7747,7801,7960,8018,8147,8334,8403,	
medir 3 236 3 4660,9023,9063,	
permite 1 236 1 4659,	
circuito 1 236 1 4651,	
circula 1 236 1 4648,	
cero 3 236 3 4646,4782,4786,	
definidas 1 236 1 4638,	
cantidades 1 236 1 4637,	
semi-automático 1 236 1 4635,	
isotópica 1 236 1 4617,	
composición 1 236 1 4616,	
empezar 1 236 1 8681,	
medida 1 236 1 4613,	
alterno 1 236 1 4609,	
fluctuaciones 1 236 1 4603,	
transforma 1 236 1 4601,	
resistencia 1 236 1 4600,	
alta 1 236 1 4599,	
consulte 1 236 1 8703,	
directo 1 236 1 4597,	
voltaje 2 236 2 4596,4608,	
conectado 1 236 1 4589,	
membrana 1 236 1 4588,	
capacitor 1 236 1 4586,	
presión 2 236 2 4575,4605,	
fluctuación 1 236 1 4565,	
Como 1 236 1 4560,	
comparativo 1 236 1 4559,	
ENVASE 3 236 3 7481,7823,8170,	
rayo 2 236 2 4553,4558,	
rompe 1 236 1 4546,	
componente 1 236 1 4527,	
deberá 2 236 2 4524,9041,	
respectivamente) 1 236 1 4522,	
concentraciones 1 236 1 4670,	
12CO2 1 236 1 4521,	
ó 1 236 1 4520,	
(13CO2 1 236 1 4519,	
UNIDADES 2 236 2 8047,8432,	
puros 1 236 1 4518,	
isotópicos 1 236 1 4517,	
cámaras 1 236 1 4511,	
posterior 1 236 1 4506,	
capa 1 236 1 4500,	
transmisión 1 236 1 4497,	
detectores 4 236 4 4490,4495,4780,4795,	
penetran 1 236 1 4487,	
modulados 1 236 1 4486,	
continuación 3 236 3 4482,9006,9040,	
A 6 236 6 4481,7315,7336,7427,9005,9039,	
obturador 1 236 1 4478,	
cámara 6 236 6 4467,4473,4503,4540,4579,4592,	
ancha 1 236 1 4462,	
incluyendo 1 236 1 9228,	
doble 1 236 1 4499,	
banda 1 236 1 4461,	
rayos 3 236 3 4458,4480,4484,	
alternativamente 1 236 1 4457,	
radiación 3 236 3 4452,4535,4550,	
integrado 1 236 1 4430,	
cero) 1 236 1 4421,	
(gas 1 236 1 4420,	
CO2 3 236 3 4419,4429,4672,	
generará 1 236 1 4415,	
calibración 2 236 2 4410,4800,	
sifón 1 236 1 4404,	
mayor 1 236 1 4396,	
constante 1 236 1 4393,	
mantendrá 1 236 1 4392,	
variable 1 236 1 4381,	
bomba 1 236 1 4378,	
EU/1/97/045/003 2 236 2 8333,8483,	
NDIR 1 236 1 4375,	
directamente 1 236 1 4361,	
infrarojos 10 236 10 4343,4438,4454,4459,4485,4492,4537,4584,4657,4725,	
posible 1 236 1 4315,	
plazo 1 236 1 4314,	
menor 1 236 1 4313,	
lectura 1 236 1 4310,	
FIGURAR 3 236 3 7433,7779,8116,	
mediante 7 236 7 4220,4376,4423,4476,4707,4783,4796,	
queda 1 236 1 4120,	
afectada 1 236 1 9125,	
recoge 1 236 1 4107,	
saco 8 236 8 3831,3855,3871,3892,3898,3920,3938,4113,	
frascos 3 236 3 3672,7575,7831,	
50 16 236 16 3671,3716,3721,3746,3749,3759,7443,7568,7574,7594,7597,7601,7606,7786,7829,7830,	
Etiquetas 2 236 2 3659,3751,	
sacos 4 236 4 3644,3736,4174,4213,	
Sacos 2 236 2 3614,3706,	
adicionales 2 236 2 3584,3676,	
compuestos 2 236 2 3583,3675,	
Una 2 236 2 3576,3668,	
(valor 1 236 1 3223,	
(NDIR) 2 236 2 3216,4227,	
dispersivo 3 236 3 3215,4226,4721,	
infrarojo 3 236 3 3213,4224,4719,	
real 1 236 1 8980,	
2H2O 2 236 2 3153,5621,	
+ 2 236 2 3152,5620,	
2H2N(13CO)NH2 2 236 2 3151,5619,	
INFAU 1 236 1 2878,	
profestional 1 236 1 2563,	
medicinal 1 236 1 2542,	
	Para 1 236 1 2484,	
TEXTO 3 236 3 2465,4931,7314,	
REVISIÓN 3 236 3 2463,4929,7312,	
Renovaciòn 3 236 3 2454,4920,7303,	
14/08/1997 3 236 3 2453,4919,7302,	
autorización 13 236 13 2452,2457,4918,4923,7301,7306,7716,7740,7956,8095,8306,8330,8480,	
grave 1 236 1 8746,	
primera 3 236 3 2451,4917,7300,	
AUTORIZACIÒN 2 236 2 2447,4913,	
AUTORIZACIÓN/RENOVACIÒN 2 236 2 2444,4910,	
PRIMERA 3 236 3 2443,4909,7292,	
FECHA 13 236 13 2440,2460,4906,4926,7289,7309,7664,7887,8028,8254,8413,8549,8627,	
	EU/1/97/045/001 1 236 1 2438,	
NÚMERO 9 236 9 2433,7281,7748,7961,8034,8335,8419,8554,8632,	
Alemania 10 236 10 2431,4894,7279,7731,7947,8112,8321,8496,8547,8625,	
D-44799 3 236 3 2429,4892,7277,	
142 11 236 11 2428,4891,7276,7371,7728,7944,8109,8318,8493,8544,8622,	
GmbH 11 236 11 2426,4889,7274,7369,7726,7942,8107,8316,8491,8542,8620,	
NMR-Imaging 11 236 11 2425,4888,7273,7368,7725,7941,8106,8315,8490,8541,8619,	
& 3 236 3 2424,4887,7367,	
Analytik 11 236 11 2423,4886,7271,7366,7723,7939,8104,8313,8488,8539,8617,	
biomedizinische 11 236 11 2422,4885,7270,7365,7722,7938,8103,8312,8487,8538,8616,	
für 11 236 11 2421,4884,7269,7364,7721,7937,8102,8311,8486,8537,8615,	
Institut 11 236 11 2420,4883,7268,7363,7720,7936,8101,8310,8485,8536,8614,	
	INFAI 5 236 5 2419,4882,7267,8535,8613,	
COMERCIALIZACIÓN 15 236 15 2418,2437,4881,4900,7266,7285,7335,7383,7399,7710,7737,7934,7953,8300,8327,	
LA 26 236 26 2415,2442,2446,2462,4878,4908,4912,4928,7263,7291,7295,7311,7318,7324,7332,7339,7345,7380,7396,7412,7707,7931,8297,8532,8586,8610,	
TITULAR 10 236 10 2413,4876,7261,7337,7394,7705,7929,8295,8530,8608,	
" 4 236 4 2411,4874,7259,9100,	
expuesto 1 236 1 4593,	
haya 3 236 3 2409,4872,7257,	
adecuado 3 236 3 2402,4865,7250,	
Alternativamente 3 236 3 2396,4859,7244,	
excede 2 236 2 2393,7241,	
Precisión 3 236 3 2369,4830,7217,	
empleando 2 236 2 2366,7214,	
natural 2 236 2 2365,7213,	
13C 4 236 4 2361,4701,7209,7839,	
consecutivos 3 236 3 2356,4828,7204,	
pulsos 3 236 3 2355,4827,7203,	
variando 2 236 2 2342,7190,	
Todos 3 236 3 2315,7163,8952,	
especificaciones 6 236 6 2301,2331,4735,4766,7148,7179,	
verificar 3 236 3 2299,4764,7146,	
principales 2 236 2 2297,7144,	
µl 2 236 2 2294,7141,	
< 8 236 8 2292,2334,2350,2357,7139,7182,7198,7205,	
Ajuste 4 236 4 2289,4777,4791,7136,	
(PDB) 2 236 2 2288,7135,	
Beliminate 2 236 2 2287,7134,	
intermedio 1 236 1 7785,	
Pee 2 236 2 2285,7132,	
Relación 3 236 3 2280,5995,7127,	
operativos 3 236 3 2275,4757,7122,	
Conservación 4 236 4 2271,4753,7118,8796,	
utilice 1 236 1 8883,	
acceso 3 236 3 2270,4752,7117,	
Seguridad 3 236 3 2268,4750,7115,	
replicados 3 236 3 2262,4743,7109,	
Mínimo 3 236 3 2258,4739,7105,	
múltiple 3 236 3 2257,4738,7104,	
replicado 3 236 3 2256,4737,7103,	
capaz 2 236 2 2253,7100,	
controlada 2 236 2 2234,7081,	
Bochum 11 236 11 2430,4893,7278,7375,7730,7946,8111,8320,8495,8546,8624,	
metabólica 2 236 2 2232,7079,	
utilización 2 236 2 2231,7078,	
13C-marcada 2 236 2 2229,7076,	
específicamente 2 236 2 2228,7075,	
independiente 2 236 2 2204,7051,	
cálculo 2 236 2 2188,7035,	
elevada 2 236 2 2181,7028,	
asegura 2 236 2 2179,7026,	
referencia 3 236 3 2177,4475,7024,	
fluctuante 1 236 1 4576,	
estándar 4 236 4 2175,2203,7022,7050,	
respecto 4 236 4 2171,2283,7018,7130,	
esencial 2 236 2 2160,7007,	
sistemas 2 236 2 2147,6994,	
dispone 2 236 2 2144,6991,	
Entrada 3 236 3 2130,4625,6977,	
realiza 3 236 3 2125,4360,6972,	
detección 2 236 2 2123,6970,	
magnética 2 236 2 2113,6960,	
desviación 2 236 2 2112,6959,	
producen 2 236 2 2107,6954,	
llamada 1 236 1 8958,	
aceleración 2 236 2 2105,6952,	
ordenación 2 236 2 2100,6947,	
colector 4 236 4 2096,2128,6943,6975,	
trayectoria 4 236 4 2093,2120,6940,6967,	
concentración 1 236 1 4802,	
fuente 5 236 5 2089,2110,4450,6936,6957,	
separadas 2 236 2 2087,6934,	
secciones 2 236 2 2086,6933,	
consta 2 236 2 2083,6929,	
analizador 5 236 5 2076,2142,4433,6922,6989,	
utilizando 1 236 1 4714,	
cinco 2 236 2 2070,6916,	
Qué 1 236 1 8768,	
Estos 2 236 2 2069,6915,	
detectadas 2 236 2 2068,6914,	
finalmente 2 236 2 2067,6913,	
desviadas 2 236 2 2061,6907,	
13C-urea) 1 236 1 5150,	
eléctrico 2 236 2 2060,6906,	
LIBERACIÓN 2 236 2 7325,7346,	
campo 4 236 4 2059,2064,6905,6910,	
aceleradas 2 236 2 2056,6902,	
medica 1 236 1 8933,	
haz 4 236 4 2055,2102,6901,6949,	
uso"") 1 236 1 9017,	
ordenadas 2 236 2 2052,6898,	
ionizadas 2 236 2 2051,6897,	
moléculas 2 236 2 2048,6894,	
separada 2 236 2 2041,6887,	
analizar 3 236 3 2038,4440,6884,	
espectrométrico 4 236 4 2034,4341,4436,6880,	
introduce 3 236 3 2026,4371,6872,	
característico 2 236 2 2024,6870,	
retención 2 236 2 2023,6869,	
26 1 236 1 7429,	
identificada 2 236 2 2018,6864,	
fracción 2 236 2 2012,6858,	
ionización 4 236 4 2010,2098,6856,6945,	
detector 5 236 5 2008,4223,4582,4718,6854,	
detectados 2 236 2 2005,6851,	
separados 2 236 2 1999,6845,	
pasar 2 236 2 1992,6838,	
Al 2 236 2 1991,6837,	
tipo 1 236 1 8989,	
eluyente 2 236 2 1990,6836,	
Helio 2 236 2 1988,6834,	
cromatográfica 2 236 2 1986,6832,	
columna 4 236 4 1985,1995,6831,6841,	
individuales 2 236 2 1982,6828,	
separa 2 236 2 1979,6825,	
gases 8 236 8 1977,1981,1998,4516,4798,6823,6827,6844,	
cromatografía 2 236 2 1975,6821,	
Nafion 3 236 3 1965,4407,6811,	
trampa 2 236 2 1964,6810,	
medio 2 236 2 1961,6807,	
elimina 2 236 2 1956,6802,	
flujo 2 236 2 1951,6797,	
separación 2 236 2 1949,6795,	
gas-cromatográfica 2 236 2 1947,6793,	
técnica 2 236 2 1946,6792,	
basa 5 236 5 1943,2221,4692,6789,7068,	
isotópicas 2 236 2 1934,6780,	
espectrometrías 2 236 2 1931,6777,	
espectrómetro 10 236 10 1921,2029,2079,2248,4655,4790,6767,6875,6925,7095,	
introducido 2 236 2 1918,6764,	
partir 5 236 5 1914,2001,6760,6847,8837,	
emplearse 3 236 3 2398,4861,7246,	
separado 2 236 2 1912,6758,	
determinar 5 236 5 1889,4679,5025,6735,8845,	
IRMS 2 236 2 1887,6733,	
Preparación 3 236 3 1882,4336,6728,	
documentación 4 236 4 1877,4332,6723,8651,	
validado 6 236 6 1874,2410,4329,4873,6720,7258,	
método 6 236 6 1873,2401,4328,4864,6719,7249,	
cualificados 3 236 3 1871,4306,6717,	
realizado 3 236 3 1868,4303,6714,	
sistema 10 236 10 1859,1925,1971,2184,4294,4630,6705,6771,6817,7031,	
fundamentales 3 236 3 1854,4289,6700,	
son 9 236 9 1853,2004,2302,4288,4494,5039,6699,6850,7149,	
medición 17 236 17 1852,2237,2314,2372,4287,4413,4469,4542,4555,4642,4709,4776,4833,6698,7084,7161,7220,	
precisión 6 236 6 1849,2311,4284,4773,6695,7158,	
referencia) 5 236 5 1846,2309,4281,6692,7156,	
gas 19 236 19 1844,2014,2043,2174,2242,2307,4279,4380,4529,4640,4645,4653,4785,6690,6860,6889,7021,7089,7154,	
(precisión 5 236 5 1842,2305,4277,6688,7152,	
Dee 2 236 2 2286,7133,	
estabilidad 6 236 6 1841,2304,4276,4771,6687,7151,	
magnético 2 236 2 2065,6911,	
linealidad 6 236 6 1840,2303,4275,4770,6686,7150,	
Universitätsstraße 4 236 4 2427,4890,7275,7370,	
masa 2 236 2 1837,7623,	
parámetros 6 236 6 1832,2274,4268,4756,6678,7121,	
Linealidad 3 236 3 2333,4822,7181,	
calidad 3 236 3 1823,4259,6669,	
marcadamente 3 236 3 1820,4256,6666,	
depende 4 236 4 1819,4255,6665,8987,	
exactitud 8 236 8 1816,1857,2182,4252,4292,6662,6703,7029,	
parte 4 236 4 1806,4242,4397,6641,	
analizan 3 236 3 1782,4219,6617,	
plástico 2 236 2 1780,6615,	
Las 3 236 3 1766,4206,6601,	
cuidado 1 236 1 9187,	
ensayo 4 236 4 1763,4203,5790,6598,	
especificación 6 236 6 1761,1829,4201,4265,6596,6675,	
Análisis 9 236 9 1754,2033,2255,4194,4435,4736,6589,6879,7102,	
cualificado 6 236 6 1753,2406,4193,4869,6588,7254,	
laboratorio 6 236 6 1752,2405,4192,4868,6587,7253,	
original 3 236 3 1746,4186,6581,	
enviados 3 236 3 1742,4182,6577,	
flexibles 1 236 1 7596,	
entrada 3 236 3 2149,4632,6996,	
engomador 5 236 5 1733,4171,6138,6568,8209,	
precintar 3 236 3 1728,4166,6563,	
Finalmente 3 236 3 1727,4165,6562,	
hoja 4 236 4 1722,4160,6557,8647,	
pertinente 5 236 5 1715,3660,3752,4153,6550,	
Colocar 3 236 3 1712,4150,6547,	
""valor-minuto-30"" 3 236 3 1710,4148,6545,	
marcadas 3 236 3 1709,4147,6544,	
puntos 2 236 2 1695,6530,	
valor-minuto-30"") 3 236 3 1687,4130,6522,	
paquete 9 236 9 1680,1730,1745,4123,4168,4185,6515,6565,6580,	
quedan 2 236 2 1677,6512,	
recogen 2 236 2 1669,6504,	
7) 2 236 2 1667,6502,	
cogé 2 236 2 3983,6383,	
(punto 3 236 3 1666,4104,6501,	
Treinta 3 236 3 1655,4093,6490,	
hora 3 236 3 1650,4088,6485,	
anotarse 3 236 3 1648,4086,6483,	
bebida 3 236 3 1640,4078,6475,	
preparada 3 236 3 1634,4072,6469,	
Esta 3 236 3 1630,4068,6465,	
ml) 3 236 3 1628,4066,6463,	
total 3 236 3 1621,4059,6456,	
(el 3 236 3 1619,4057,6454,	
contenidos 3 236 3 1614,4052,6449,	
añadiendo 3 236 3 1611,4049,6447,	
vez 4 236 4 1610,4048,4572,6446,	
tercera 3 236 3 1609,4047,6445,	
segunda 3 236 3 1607,4045,6443,	
borde 3 236 3 1605,4043,6441,	
vierte 3 236 3 1587,4025,6423,	
cuidadosamente 3 236 3 1580,4018,6416,	
agita 3 236 3 1579,4017,6415,	
cierra 3 236 3 1574,4012,6410,	
corriente 3 236 3 1571,4009,6408,	
volumen 6 236 6 1568,1620,4006,4058,6405,6455,	
cuartos 3 236 3 1565,4003,6402,	
suficientes 1 236 1 9259,	
llena 6 236 6 1560,1596,3998,4034,6398,6432,	
abre 3 236 3 1557,3995,6395,	
polvo"" 3 236 3 1555,3993,6393,	
""13C-urea 3 236 3 1554,3992,6392,	
etiquetado 3 236 3 1552,3990,6390,	
coge 1 236 1 1545,	
manera 3 236 3 1543,3981,6381,	
preparación 7 236 7 1532,1927,1973,3970,6370,6773,6819,	
demora 3 236 3 1508,3946,6358,	
tomarse 3 236 3 1506,3944,6356,	
laboratorios 6 236 6 1765,1870,4205,4305,6600,6716,	
momento 3 236 3 1504,3942,6354,	
espiración 2 236 2 1495,6345,	
valor-minuto-00"") 2 236 2 1492,6342,	
(Etiqueta 5 236 5 1488,1683,4126,6338,6518,	
segundo 3 236 3 1484,6334,9087,	
Llenar 2 236 2 1482,6332,	
quede 2 236 2 1479,6329,	
RESPONSABLE(S) 1 236 1 7343,	
alrededor 3 236 3 1468,6318,8574,	
""valor-minuto-00"" 3 236 3 1467,3936,6317,	
barras 16 236 16 1465,1478,1708,1719,3664,3756,3934,4146,4157,6136,6315,6328,6543,6554,8579,8645,	
pegar 4 236 4 1459,3928,6309,8573,	
Mantener 5 236 5 1449,3918,6299,8070,8455,	
falso!) 3 236 3 1447,3916,6298,	
segundos 3 236 3 1440,3909,6291,	
cualesquiera 1 236 1 9237,	
abierto 3 236 3 1436,3905,6287,	
vertical 3 236 3 1457,3926,6307,	
(¡Si 3 236 3 1432,3896,6283,	
cerrar 3 236 3 1426,3890,6277,	
inmediatamente 6 236 6 1425,1642,3889,4080,6276,6477,	
espirando 3 236 3 1418,3882,6269,	
Continuar 3 236 3 1417,3881,6268,	
condensado 2 236 2 1415,6267,	
asegurarse 3 236 3 1862,4297,6708,	
vapor 2 236 2 1414,6266,	
interna 2 236 2 1405,6257,	
superficie 2 236 2 1404,6256,	
cuya 3 236 3 2230,4702,7077,	
suavemente 3 236 3 1396,3875,6248,	
espirar 3 236 3 1395,3874,6247,	
Inmediatamente 3 236 3 1394,3873,6246,	
recipiente 14 236 14 1392,1428,1434,1451,1470,1485,2368,6245,6279,6285,6301,6320,6335,7216,	
colocarlo 3 236 3 1389,3868,6242,	
desenvolver 3 236 3 1382,3861,6235,	
Quitar 3 236 3 1372,3849,6225,	
valor-minuto-00"" 3 236 3 1366,3843,6220,	
""Tiempo 8 236 8 1363,1489,1684,3840,4127,6217,6339,6519,	
etiqueta 10 236 10 1362,1461,1714,3839,3930,4152,6216,6311,6549,8575,	
beber 1 236 1 9042,	
tubo 19 236 19 1352,1384,1400,1423,2091,2118,3827,3863,3879,3887,6206,6237,6252,6274,6938,6965,7513,7554,8197,	
Tomar 3 236 3 1350,3825,6204,	
· 33 236 33 1349,1371,1393,1416,1448,1561,1572,1612,1881,2032,2129,2213,2246,3824,3848,3872,3880,3917,3999,4010,4050,4326,4434,4624,4683,6727,6878,6976,7060,7093,7162,7384,7405,	
(valor-minuto-00) 2 236 2 1348,3823,	
basal 5 236 5 1347,2387,3822,6201,7235,	
determinación 6 236 6 1344,2208,3819,4345,6198,7055,	
reposo 3 236 3 1331,3805,6185,	
posición 6 236 6 1329,1456,3803,3925,6183,6306,	
suministradas 3 236 3 1319,3793,6173,	
acuerdo 3 236 3 1313,3787,6167,	
informado 2 236 2 1311,3785,	
Cada 4 236 4 1307,3781,4507,6161,	
cualificada 3 236 3 1305,3779,6159,	
persona 3 236 3 1304,3778,6158,	
realizarse 3 236 3 1299,3773,6153,	
manipulaciones 3 236 3 1294,3768,6148,	
provoca 1 236 1 4573,	
eliminación 3 236 3 1291,3765,6145,	
adhesivas 4 236 4 1284,3666,3758,6132,	
etiquetas 10 236 10 1283,1704,4142,6131,6539,7524,7565,7609,8207,8640,	
Hoja 6 236 6 1281,6129,7522,7563,7607,8205,	
Prospecto 7 236 7 1278,3656,3748,6126,7518,7559,8202,	
CON 1 236 1 7411,	
Instrucciones 8 236 8 1270,3648,3740,6118,7515,7556,7598,8199,	
recipientes 17 236 17 1266,1357,1379,1675,1736,1773,4369,6114,6211,6232,6510,6571,6608,7506,7547,7588,8191,	
recogida 8 236 8 1257,1339,3635,3727,3813,4318,6103,6193,	
flexible 13 236 13 1254,1353,1385,3632,3724,3828,3864,6100,6207,6238,7514,7555,8198,	
Tubo 4 236 4 1253,3631,3723,6099,	
horizontal 2 236 2 1480,6330,	
valor-minuto-00 4 236 4 1245,3623,3715,6092,	
muestreo 16 236 16 1244,1249,1365,1491,1686,3622,3627,3714,3719,3842,4129,6091,6096,6219,6341,6521,	
Tiempo 8 236 8 1242,1247,3620,3625,3712,3717,6089,6094,	
transportar 2 236 2 1234,6080,	
recoger 2 236 2 1231,6077,	
etiquetados 2 236 2 1229,6075,	
tres 6 236 6 1564,2085,4002,4741,6401,6932,	
plástico- 2 236 2 1228,6074,	
-o 2 236 2 1226,6072,	
vidrio 4 236 4 1225,1778,6071,6613,	
Recipientes 2 236 2 1223,6069,	
volumen) 4 236 4 1210,3601,3693,6057,	
10 18 236 18 1207,1734,1775,2354,2459,3122,3598,3690,4826,4925,6052,6569,6610,7202,7308,7681,7905,8271,	
polietileno 4 236 4 1205,3596,3688,6050,	
estriada 4 236 4 1203,3594,3686,6048,	
tapa 10 236 10 1202,1374,1431,3593,3685,3851,3895,6047,6227,6282,	
poliestireno 4 236 4 1200,3591,3683,6045,	
(de 4 236 4 1199,3590,3682,6044,	
Cantidad 4 236 4 1196,3587,3679,6042,	
Componente 4 236 4 1195,3586,3678,6041,	
Nº 4 236 4 1194,3585,3677,6040,	
partes 2 236 2 1193,6039,	
inicia 3 236 3 1336,3810,6190,	
siguientes 6 236 6 1192,2332,4734,6038,7180,8904,	
equipo 11 236 11 1187,1368,1549,1809,3845,3987,4245,6033,6222,6387,6644,	
Un 5 236 5 1186,4585,4629,5320,6032,	
envase 3 236 3 1185,3575,6031,	
Naturaleza 3 236 3 1181,3571,6027,	
25°C 8 236 8 1178,3568,6024,7680,7904,8087,8270,8472,	
superior 8 236 8 1176,3566,6022,7678,7902,8085,8268,8470,	
temperatura 9 236 9 1175,3565,4568,6021,7677,7901,8084,8267,8469,	
conservación 3 236 3 1171,3561,6017,	
Precauciones 6 236 6 1168,1288,3558,3762,6014,6142,	
14 3 236 3 7753,7966,8340,	
Periodo 2 236 2 1161,3551,	
Incompatibilidades 3 236 3 1156,3546,6002,	
aplicable 9 236 9 1153,1158,3543,3548,5502,5515,5999,6004,8163,	
nuevamente 3 236 3 1670,4108,6505,	
	"6 3 236 3 1147,3537,5993,	
FARMACÉUTICOS 3 236 3 1146,3536,5992,	
producto 4 236 4 1143,2541,3533,5989,	
clínico 4 236 4 1141,3531,5791,5987,	
seguridad 5 236 5 1130,1137,3520,3527,5979,	
cumplir 3 236 3 2328,4732,7176,	
preclínicos 3 236 3 1128,3518,5977,	
Datos 3 236 3 1127,3517,5976,	
primeros 3 236 3 1122,3512,5971,	
6) 1 236 1 4105,	
muestra 37 236 37 1115,1268,1381,1410,1454,1487,1885,1959,2040,2133,2170,2266,2291,3505,3646,3738,3816,3923,4110,4215,4339,4388,4628,4747,5964,6116,6234,6262,6304,6337,6731,6805,6886,6980,7017,7113,7138,	
iniciar 1 236 1 9212,	
significativo 4 236 4 1110,3500,5959,9080,	
Solamente 3 236 3 1091,3481,5941,	
rotura 3 236 3 1082,3472,5932,	
completo 3 236 3 1079,3469,5929,	
proceso 3 236 3 1078,3468,5928,	
velocidad 3 236 3 1075,3465,5925,	
limitante 3 236 3 1072,3462,5922,	
recogidas 3 236 3 1770,4210,6605,	
reacción 4 236 4 1065,3455,5915,9252,	
rápida 3 236 3 1062,3452,5912,	
distribución 3 236 3 1057,3447,5907,	
isotópico 5 236 5 1053,2191,3443,5903,7038,	
análisis 30 236 30 1052,1241,1749,1793,1825,1866,1901,1937,2154,2261,2322,3442,4189,4229,4261,4270,4301,4728,4742,5902,6087,6584,6628,6671,6712,6747,6783,7001,7108,7170,	
medido 3 236 3 1050,3440,5900,	
TITULAR(ES) 1 236 1 7316,	
será 3 236 3 1049,3439,5899,	
Cualquier 3 236 3 1045,3435,5895,	
Fecha 3 236 3 2448,4914,7297,	
corporal 3 236 3 1041,3431,5891,	
ciclo 3 236 3 1040,3430,5890,	
propio 3 236 3 1039,3429,5889,	
metaboliza 3 236 3 1027,3417,5877,	
dado 1 236 1 8945,	
cubra 2 236 2 1412,6264,	
oralmente 3 236 3 1025,3415,5875,	
farmacocinéticas 3 236 3 1021,3411,5871,	
NH4+ 3 236 3 1017,3407,5867,	
metabolismo 3 236 3 1015,3405,5865,	
incluye 3 236 3 1012,3402,5862,	
hidrólisis 4 236 4 1009,3399,4703,5859,	
produce 7 236 7 1002,1106,3392,3496,4563,5852,5956,	
amoníaco 6 236 6 999,1033,3389,3423,5849,5883,	
endógena 3 236 3 997,3387,5847,	
metabolizará 3 236 3 993,3383,5843,	
(1 1 236 1 8960,	
gastrointestinal 3 236 3 991,3381,5841,	
inyecta 1 236 1 4636,	
tracto 3 236 3 990,3380,5840,	
procesos 2 236 2 2071,6917,	
administrada 6 236 6 984,1024,3374,3414,5834,5874,	
ausencia 3 236 3 977,3367,5827,	
Existe 3 236 3 2373,4834,7221,	
89 1 236 1 973,	
comprendidas 11 236 11 942,4943,5004,5089,5105,5377,5468,5797,6655,8135,8391,	
93 2 236 2 938,5811,	
63 2 236 2 930,3364,	
103 2 236 2 929,3363,	
00) 1 236 1 6203,	
17 4 236 4 926,946,3360,5590,	
0 12 236 12 921,969,2335,2351,2358,3356,4804,4823,4858,7183,7199,7206,	
varía 2 236 2 914,3349,	
especificidad 4 236 4 912,966,3347,5816,	
%] 8 236 8 909,931,963,975,3344,3365,5813,5825,	
72 2 236 2 908,3343,	
99 2 236 2 907,3342,	
dedicado 2 236 2 1935,6781,	
05 2 236 2 904,3339,	
94 4 236 4 903,925,3338,3359,	
%-IC 6 236 6 902,924,960,972,3337,3358,	
[95 3 236 3 901,923,3336,	
97 3 236 3 898,956,3333,	
96 5 236 5 894,916,968,3329,3351,	
sensibilidad 4 236 4 889,954,3324,5804,	
457 2 236 2 886,3321,	
clínicos 3 236 3 884,936,3319,	
ensayos 5 236 5 883,935,2296,3318,7143,	
diagnósticos 3 236 3 869,3304,5775,	
comparación 3 236 3 866,3301,5772,	
existe 4 236 4 863,3298,5769,8847,	
incremento 10 236 10 854,1046,1109,3289,3436,3499,5760,5896,5958,9079,	
significa 3 236 3 851,3286,5757,	
base 4 236 4 844,3279,5330,5750,	
catalogación 3 236 3 831,3266,5737,	
crítico 3 236 3 828,3263,5734,	
punto 3 236 3 827,3262,5733,	
flora 3 236 3 824,3259,5730,	
bacterias 3 236 3 818,3253,5724,	
encontrado 3 236 3 816,3251,5722,	
sugiere 1 236 1 9092,	
han 6 236 6 815,1133,3250,3523,5721,8924,	
Raramente 3 236 3 813,3248,5719,	
sólamente 3 236 3 808,3243,5714,	
estómago 4 236 4 807,3242,5713,8852,	
producida 4 236 4 804,3239,5710,9249,	
30 19 236 19 799,1123,1439,1627,2391,3234,3513,3908,4065,4853,5705,5972,6290,6462,7239,7892,8570,8670,9048,	
00 5 236 5 795,3230,5701,8567,8663,	
valores 3 236 3 792,3227,5698,	
) 3 236 3 789,3224,5695,	
( 2 236 2 787,5693,	
absoluta 3 236 3 786,3222,5692,	
diferencia 6 236 6 785,2380,3221,4841,5691,7228,	
establece 3 236 3 783,3219,5689,	
(IRMS) 4 236 4 780,1791,5686,6626,	
masas 21 236 21 775,1786,1905,1923,1933,2031,2036,2081,2250,2319,5681,6621,6683,6751,6769,6779,6877,6882,6927,7097,7167,	
ésta 1 236 1 9324,	
espectrometría 13 236 13 773,1784,1835,1903,3211,4221,4374,4716,5679,6619,6681,6749,7621,	
permaneciese 3 236 3 1435,3904,6286,	
determina 6 236 6 771,842,3209,3277,5677,5748,	
muestras 49 236 49 766,1236,1260,1341,1359,1671,1702,1739,1757,1767,2151,2339,3204,3617,3638,3709,3730,3834,3858,3901,4116,4140,4177,4197,4207,4356,4634,4808,5672,6082,6106,6195,6213,6506,6537,6574,6592,6602,6998,7187,7509,7550,7591,8193,8562,9009,9019,9053,9090,	
proporción 3 236 3 761,3199,5667,	
cambia 3 236 3 758,3196,5664,	
13C/12C 17 236 17 755,1797,1892,2212,2281,2386,3193,4233,4349,4682,4848,5661,6632,6738,7059,7128,7234,	
isótopos 7 236 7 754,779,1790,3192,5660,5685,6625,	
Información 1 236 1 8802,	
relación 22 236 22 751,777,1788,1796,1891,2200,2211,2385,3189,4232,4348,4662,4681,4847,5657,5683,6623,6631,6737,7047,7058,7233,	
bacteriana 9 236 9 749,980,1010,3187,3370,3400,5655,5830,5860,	
espirado 11 236 11 744,769,1118,2245,3182,3207,3508,5650,5675,5967,7092,	
aire 17 236 17 743,768,1117,1238,1262,3181,3206,3507,3640,3732,4417,5649,5674,5966,6084,6108,8195,	
13CO2 18 236 18 740,763,1048,1059,1112,2239,3178,3201,3438,3449,3502,4711,5646,5669,5898,5909,5961,7086,	
liberado 3 236 3 738,3176,5644,	
enzimática 1 236 1 4704,	
bicarbonato 3 236 3 733,3171,5639,	
transportado 3 236 3 731,3169,5637,	
De 3 236 3 728,3166,5634,	
sanguíneos 3 236 3 727,3165,5633,	
difunde 3 236 3 723,3161,5629,	
AUTORIZACIÓN 20 236 20 2416,2435,4879,4898,7264,7283,7296,7319,7333,7340,7381,7397,7708,7735,7932,7951,8298,8325,8533,8611,	
carbono 31 236 31 721,757,1031,1801,1896,1909,2017,2046,2139,2167,2196,3159,3195,3421,4237,4353,4444,4621,5627,5663,5881,6636,6742,6755,6863,6892,6986,7014,7043,8971,9035,	
dióxido 28 236 28 719,1029,1799,1894,1907,2015,2044,2137,2165,2194,3157,3419,4235,4351,4442,4619,5625,5879,6634,6740,6753,6861,6890,6984,7012,7041,8969,9033,	
enzima 5 236 5 712,3146,3154,5614,5622,	
podría 3 236 3 1443,3912,6294,	
metabolizada 3 236 3 709,3143,5611,	
Lista 2 236 2 1149,3539,	
mucosa 4 236 4 699,3133,5601,9247,	
alcanza 7 236 7 697,881,952,3131,3316,5599,5787,	
marcada 10 236 10 696,1105,1466,3130,3495,3935,4699,5598,5955,6316,	
ingestión 6 236 6 692,1653,3126,4091,5594,6488,	
Después 3 236 3 689,3123,5591,	
curso 3 236 3 684,3117,5585,	
14/08/2007 3 236 3 2458,4924,7307,	
unidad 3 236 3 679,3112,5580,	
administra 3 236 3 677,3110,5578,	
cantidad 5 236 5 669,3102,5570,8979,9025,	
farmacodinámica 3 236 3 666,3099,5567,	
descrito 12 236 12 663,1006,1134,1692,3096,3396,3524,4135,5564,5856,6527,9067,	
VO4CX 3 236 3 659,3092,5560,	
ATC 3 236 3 658,3091,5559,	
Frasco 6 236 6 1198,3589,3681,6043,8049,8433,	
código 18 236 18 657,1463,1476,1706,1717,3090,3662,3754,3932,4144,4155,5558,6134,6313,6326,6541,6552,8577,	
correspondientes 4 236 4 1265,3643,3735,6113,	
Otros 3 236 3 653,3086,5554,	
fármaco-terapéutico 3 236 3 652,3085,5553,	
Grupo 3 236 3 651,3084,5552,	
farmacodinámicas 3 236 3 650,3083,5551,	
conservar 10 236 10 1173,1232,3563,6019,6078,7675,7899,8082,8265,8467,	
Propiedades 6 236 6 649,1020,3082,3410,5550,5870,	
	5 3 236 3 647,3080,5548,	
ESTE 3 236 3 645,3078,5546,	
FARMACOLÓGICAS 3 236 3 643,3076,5544,	
PROPIEDADES 3 236 3 642,3075,5543,	
sobredosis 3 236 3 640,3073,5541,	
espera 3 236 3 638,3071,5539,	
liberan 3 236 3 631,3064,5532,	
sólo 4 236 4 629,3062,5530,9325,	
hecho 3 236 3 626,3059,5527,	
Debido 3 236 3 624,3057,5525,	
Sobredosis 3 236 3 623,3056,5524,	
9 15 236 15 622,899,1711,2439,3055,3334,4172,4905,5523,5812,6546,7288,7669,7893,8259,	
conocida 3 236 3 620,3053,5521,	
adversas 3 236 3 618,3051,5519,	
Reacciones 3 236 3 617,3050,5518,	
8 12 236 12 616,1654,2432,3049,4149,4895,5517,6489,7280,7663,7886,8253,	
afecta 2 236 2 605,3038,	
máquinas 5 236 5 600,614,3033,3047,5513,	
utilizar 8 236 8 599,3032,5512,7633,7856,8067,8223,8452,	
Emplear 3 236 3 1699,4137,6534,	
conducir 3 236 3 597,3030,5510,	
Efectos 3 236 3 592,3025,5505,	
DIRECCIÓN 5 236 5 7703,7927,8293,8528,8606,	
7 17 236 17 591,917,957,974,1629,2412,3024,3352,4092,4819,4875,5504,6464,7260,7656,7879,8246,	
tratamiento 5 236 5 578,3011,5029,8943,9214,	
Estabilidad 3 236 3 2349,4829,7197,	
utilizados 2 236 2 575,3008,	
productos 2 236 2 574,3007,	
informar 2 236 2 571,3004,	
indica 3 236 3 861,3296,5767,	
recomienda 6 236 6 570,1321,3003,3795,4308,6175,	
Se 19 236 19 569,1320,1544,1573,1586,1595,3002,3794,3982,4011,4024,4033,4307,6174,6382,6409,6422,6431,8571,	
embarazo 4 236 4 565,586,2998,3019,	
perjudicial 2 236 2 562,2995,	
pueda 3 236 3 560,2993,9119,	
esperar 2 236 2 556,2989,	
No 24 236 24 553,660,1131,1152,1157,1172,2986,3093,3521,3542,3547,3562,5501,5514,5561,5980,5998,6003,6018,7419,8081,8466,9147,9256,	
lactancia 7 236 7 552,568,589,2985,3001,3022,5500,	
Embarazo 3 236 3 550,2983,5498,	
ureasa 26 236 26 547,713,748,802,821,979,1066,1088,2980,3147,3155,3186,3237,3256,3369,3456,3478,5495,5615,5623,5654,5708,5727,5829,5916,5938,	
INFORMACIÓN 10 236 10 7430,7768,7776,7981,7989,8113,8355,8363,8497,8580,	
ahora 3 236 3 1641,4079,6476,	
actividad 6 236 6 544,665,2977,3098,5492,5566,	
tratamientos 3 236 3 532,2965,5480,	
afectado 3 236 3 528,2961,5476,	
verá 3 236 3 527,2960,5475,	
ADVERTENCIA 3 236 3 7637,7860,8227,	
interacción 3 236 3 522,2955,5459,	
formas 3 236 3 520,2953,5457,	
medicamentos 4 236 4 517,2950,5454,9333,	
Interacción 3 236 3 513,2946,5450,	
5 35 236 35 512,641,895,1018,1125,1180,1277,1501,2336,2945,3074,3330,3408,3515,3570,3655,3747,3968,4805,5449,5542,5868,5974,6026,6125,6351,7184,7612,7843,8039,8210,8424,8558,8636,8795,	
interfieran 3 236 3 534,2967,5482,	
realizar 6 236 6 500,1322,2933,3796,5437,6176,	
ésto 4 236 4 496,2929,5183,5433,	
repetición 4 236 4 493,2926,5430,9321,	
necesitando 3 236 3 491,2924,5428,	
espectroscopía 1 236 1 7625,	
durante 12 236 12 486,563,584,2267,2919,2996,3017,4394,4748,5423,7114,9312,	
vomita 4 236 4 485,2918,5422,9311,	
Si 7 236 7 482,2915,5419,8699,8735,9153,9308,	
CORRESPONDA) 3 236 3 7699,7923,8289,	
confirmar 5 236 5 476,2909,5413,8909,9302,	
pruebas 8 236 8 474,2907,5037,5046,5411,9205,9226,9300,	
precisarse 3 236 3 472,2905,5409,	
positivos 10 236 10 469,840,1097,2902,3275,3487,5406,5746,5947,9294,	
procede 1 236 1 7420,	
atrófica) 4 236 4 460,2893,5397,9282,	
(gastritis 4 236 4 459,2892,5396,9281,	
gastritis-A 4 236 4 458,2891,5395,9280,	
aislados 4 236 4 456,2889,5393,9278,	
casos 4 236 4 455,2888,5392,9277,	
ADVERTENCIAS 3 236 3 7658,7881,8248,	
11 15 236 15 452,2885,4947,5008,5093,5109,5381,5472,5801,6659,7700,7924,8139,8290,8395,	
edades 13 236 13 447,941,2880,4942,5003,5088,5104,5376,5467,5796,6654,8134,8390,	
disponible 2 236 2 442,2875,	
está 2 236 2 441,2874,	
gastrectomía 4 236 4 433,2866,5390,9275,	
recomendar 4 236 4 427,2860,5384,9269,	
emite 1 236 1 4456,	
diagnóstica 4 236 4 421,2854,5367,9263,	
capacidad 9 236 9 420,595,608,2853,3028,3041,5366,5508,9262,	
insuficientes 3 236 3 417,2850,5363,	
Leer 5 236 5 7628,7851,8062,8218,8447,	
Ninguna 3 236 3 619,3052,5520,	
datos 7 236 7 416,1135,2849,3525,5362,8649,9258,	
productoras 3 236 3 819,3254,5725,	
Hay 6 236 6 415,1860,2848,4295,5361,6706,	
malignos 3 236 3 414,2847,5360,	
tumores 4 236 4 413,2846,5359,9255,	
autoinmune 3 236 3 411,2844,5357,	
ejemplo 3 236 3 408,2841,5354,	
complicaciones 4 236 4 406,2839,5352,9239,	
presencia 15 236 15 403,702,746,1301,2836,3136,3184,3775,5349,5604,5652,6155,9094,9235,9304,	
valorar 3 236 3 401,2834,5347,	
diferentes 3 236 3 1997,6843,9225,	
endoscópicos 4 236 4 399,2832,5345,9231,	
intervalo 2 236 2 892,3327,	
invasivos 4 236 4 398,2831,5344,9230,	
métodos 4 236 4 397,2830,5343,9229,	
diferencial 3 236 3 395,2828,5341,	
indicado 3 236 3 392,2825,5338,	
Puede 4 236 4 390,2823,5336,8866,	
indicación 2 236 2 384,2817,	
constituye 3 236 3 383,2816,5327,	
positivo 4 236 4 379,2812,5322,9203,	
paso 3 236 3 1071,3461,5921,	
especiales 10 236 10 374,1169,1289,2807,3559,3763,5317,6015,6143,9015,	
precauciones 3 236 3 373,2806,5316,	
Advertencias 3 236 3 371,2804,5314,	
2) 6 236 6 368,510,2801,2943,5311,5447,	
(ver 6 236 6 365,507,2798,2940,5308,5444,	
urea 26 236 26 364,695,983,996,1044,1085,1104,2227,2797,3129,3373,3386,3434,3475,3494,4698,5307,5597,5833,5846,5894,5935,5954,7074,7838,9184,	
pudiera 3 236 3 356,2789,5299,	
medirse 2 236 2 4525,4532,	
sospechada 3 236 3 354,2787,5297,	
documentada 3 236 3 352,2785,5295,	
atrófica 4 236 4 351,2784,5294,9169,	
gastritis 7 236 7 350,410,2783,2843,5293,5356,9168,	
gástrica 13 236 13 348,700,825,2781,3134,3260,5291,5602,5731,8870,9165,9243,9248,	
infección 20 236 20 347,864,873,2374,2780,3299,3308,4835,5019,5290,5770,5779,7222,8849,8869,8913,8927,9164,9216,9244,	
utilizarse 5 236 5 343,2776,5011,5286,8833,	
Autoadhesivo 1 236 1 8654,	
pulmones 4 236 4 736,3174,5642,8977,	
Contraindicaciones 3 236 3 338,2771,5281,	
doblar 3 236 3 1387,3866,6240,	
resultado 13 236 13 335,378,1446,2768,2811,3915,4561,5278,5321,6297,8946,9127,9195,	
estando 3 236 3 1325,3799,6179,	
validez 6 236 6 333,1163,2766,3553,5276,6009,	
cuestionable 3 236 3 331,2764,5274,	
%[95 1 236 1 3357,	
llegar 3 236 3 328,2761,5271,	
apartado 9 236 9 321,366,508,2754,2799,2941,5264,5309,5445,	
descritas 3 236 3 318,2751,5261,	
instrucciones 9 236 9 315,1316,1724,2748,3790,4162,5258,6170,6559,	
adecuadamente 3 236 3 313,2746,5256,	
precisa 1 236 1 4803,	
seguir 5 236 5 312,1497,2745,5255,6347,	
vasos 3 236 3 726,3164,5632,	
Es 3 236 3 310,2743,5253,	
niños 15 236 15 435,2868,4940,5001,5086,5374,5465,6652,7655,7878,8080,8132,8245,8388,8465,	
erradicación 9 236 9 307,389,580,2740,2822,3013,5031,5249,5335,	
importante 7 236 7 301,311,2734,2744,5243,5254,9132,	
especialmente 3 236 3 300,2733,5242,	
Esto 6 236 6 298,2178,2731,4658,5240,7025,	
status 6 236 6 294,537,2727,2970,5236,5485,	
interferir 7 236 7 291,357,2724,2790,5233,5300,9177,	
debilita 1 236 1 4533,	
Ambos 3 236 3 289,2722,5231,	
mencionado 1 236 1 8754,	
ácidos 3 236 3 288,2721,5230,	
antisecretores 3 236 3 287,2720,5229,	
agentes 6 236 6 286,654,2719,3087,5228,5555,	
dosis 7 236 7 284,681,2717,3114,5114,5226,5582,	
última 3 236 3 283,2716,5225,	
sistémica 3 236 3 276,2709,5218,	
continuo 2 236 2 1952,6798,	
antibacteriana 3 236 3 275,2708,5217,	
terapia 9 236 9 274,305,387,2707,2738,2820,5216,5247,5333,	
semanas 7 236 7 272,279,2705,2712,4325,5214,5221,	
después 12 236 12 267,280,302,1657,2700,2713,2735,4095,5209,5222,5244,6492,	
realizará 3 236 3 266,2699,5208,	
consiguiente 4 236 4 262,2695,4544,5204,	
Por 8 236 8 261,1067,2694,3457,4543,5203,5917,8859,	
través 5 236 5 1398,3877,4401,4464,6250,	
negativos 6 236 6 260,838,2693,3273,5202,5744,	
falsos 7 236 7 259,468,2692,2901,5201,5405,9293,	
resultados 12 236 12 258,467,2279,2691,2900,4761,5049,5200,5404,7126,9070,9291,	
automática 2 236 2 1928,6774,	
lugar 8 236 8 256,2073,2115,2689,5198,6919,6962,9289,	
integra 3 236 3 1036,3426,5886,	
significativamente 3 236 3 759,3197,5665,	
supresión 3 236 3 250,2683,5192,	
La 33 236 33 249,760,801,1022,1054,1333,1531,1815,1828,2011,2097,2682,3198,3236,3412,3444,3807,3969,4251,4264,4344,5191,5666,5707,5872,5904,6187,6369,6661,6674,6857,6944,8978,	
retira 3 236 3 1421,3885,6272,	
siguiente 12 236 12 248,504,1542,1880,2681,2937,3980,4335,5190,5441,6380,6726,	
día 6 236 6 247,503,2680,2936,5189,5440,	
final 1 236 1 4792,	
hacerse 4 236 4 244,2677,5186,9328,	
procedimiento 8 236 8 241,559,1500,2674,2992,5182,6350,9314,	
repetir 3 236 3 239,2672,5180,	
necesario 4 236 4 238,2671,4422,5179,	
sea 6 236 6 237,1867,2670,4302,5178,6713,	
caso 4 236 4 234,2667,5175,9146,	
En 23 236 23 233,454,701,745,865,976,1502,2666,2887,3135,3183,3300,3366,3940,5174,5391,5603,5651,5771,5826,6352,8947,9276,	
minutos 16 236 16 232,800,1124,1656,2392,2665,3235,3514,4094,4854,5173,5706,5973,6491,7240,9049,	
40 3 236 3 231,2664,5172,	
aproximadamente 6 236 6 230,1626,2663,4064,5171,6461,	
dura 3 236 3 229,2662,5170,	
anterior 5 236 5 226,2659,4504,4580,5167,	
noche 3 236 3 225,2658,5166,	
introducir 2 236 2 2135,6982,	
dar 10 236 10 255,466,1444,2688,2899,3913,5197,5403,6295,9288,	
preferiblemente 3 236 3 222,2655,5163,	
horas 3 236 3 218,2651,5159,	
biópticos 3 236 3 870,3305,5776,	
ayunas 6 236 6 215,506,2648,2939,5156,5443,	
paciente 28 236 28 211,484,1275,1308,1327,1645,1726,2644,2917,3653,3745,3782,3801,4083,4164,5152,5421,6123,6162,6181,6480,6561,7521,7562,7605,8204,8653,9310,	
recetado 1 236 1 8715,	
El 44 236 44 210,227,339,377,718,826,998,1296,1792,1872,1924,1953,2214,2247,2643,2660,2772,2810,3156,3261,3388,3770,4228,4327,4365,4382,4526,4684,5151,5168,5282,5624,5732,5848,6150,6627,6718,6770,6799,7061,7094,8877,8906,8996,	
urea) 2 236 2 209,2642,	
13C- 2 236 2 208,2641,	
disolver 6 236 6 204,1582,2637,4020,5146,6418,	
tenga 1 236 1 9162,	
vaso 9 236 9 200,1592,1616,2633,4030,4054,5142,6428,6451,	
prueba) 3 236 3 197,2630,5139,	
administrar 3 236 3 193,2626,5135,	
(para 6 236 6 192,203,2625,2636,5134,5145,	
agua 28 236 28 191,202,1529,1570,1594,1602,1618,1623,1954,1967,2624,2635,3967,4008,4032,4040,4056,4061,4385,4406,5144,6407,6430,6438,6453,6458,6800,6813,	
diluido 4 236 4 186,1524,2619,3962,	
cítrico 4 236 4 185,1523,2618,3961,	
ácido 4 236 4 184,1522,2617,3960,	
g 4 236 4 182,1520,2615,3958,	
% 27 236 27 179,896,900,905,918,922,927,958,970,1517,2346,2612,3331,3335,3340,3353,3361,3955,4676,4816,4820,5133,5808,5820,6367,7194,8961,	
100 11 236 11 178,920,1516,2611,3355,3954,5125,5132,6359,6366,7587,	
naranja 6 236 6 176,1514,2609,3952,5130,6364,	
zumo 6 236 6 174,1512,2607,3950,5128,6362,	
ml 16 236 16 172,189,1208,1510,1527,1776,2605,2622,3599,3691,3948,3965,5126,6053,6360,6611,	
200 10 236 10 171,188,1509,1526,2293,2604,2621,3947,3964,7140,	
­ 1 236 1 7373,	
necesitan 3 236 3 170,2603,5124,	
valor-minuto-30 4 236 4 1250,3628,3720,6097,	
test 76 236 76 168,221,228,264,340,360,381,462,490,686,1189,1297,1324,1370,1442,1537,1551,1633,1665,1682,1818,1939,2156,2217,2324,2601,2654,2661,2697,2773,2793,2814,2895,2923,3119,3771,3798,3847,3911,3975,3989,4071,4103,4125,4254,5122,5162,5169,5206,5283,5303,5324,5399,5427,5587,6035,6151,6178,6224,6293,6375,6389,6468,6500,6517,6664,6785,7003,7064,7172,8828,8997,9122,9284,9316,9323,	
conducción 2 236 2 610,3043,	
realización 6 236 6 166,488,2599,2921,5120,5425,	
contenido 17 236 17 157,1183,1589,2190,2364,2590,3573,4027,4383,6029,6425,7037,7212,8983,9028,9057,9082,	
deben 15 236 15 154,1505,1740,2049,2327,2587,3943,4180,4731,4767,5111,6355,6575,6895,7175,	
equilibrio 3 236 3 2162,4548,7009,	
o 39 236 39 152,180,349,353,412,438,541,839,1034,1518,1779,1968,2585,2613,2782,2786,2845,2871,2974,3274,3424,3956,5032,5041,5292,5296,5358,5489,5745,5884,6614,6814,8707,8747,8762,8842,9123,9156,9166,	
años 20 236 20 151,440,453,947,1165,2873,2886,3555,4948,5009,5094,5110,5382,5473,5802,6011,6660,8140,8396,8841,	
Códigos 2 236 2 8657,8664,	
12 8 236 8 150,944,2584,4664,7732,7948,8322,8840,	
pacientes 19 236 19 148,345,431,834,887,1094,2582,2778,2864,3269,3322,3484,5102,5288,5388,5740,5794,5944,9273,	
Los 10 236 10 147,1735,2295,2581,4173,4722,5101,6570,7142,9069,	
aliento 76 236 76 143,362,464,688,880,951,1759,1769,1803,1827,1899,1916,1941,2003,2158,2219,2244,2326,2341,2577,2795,2897,3121,3315,3619,3711,3836,3860,3903,4118,4179,4199,4209,4217,4239,4263,4272,4320,4358,4364,4366,4390,4446,4623,4690,4713,4730,4810,5305,5401,5589,5786,6594,6604,6638,6673,6745,6762,6787,6849,7005,7066,7091,7174,7189,7511,7552,7593,8564,8830,8986,9012,9038,9055,9182,9286,	
adversos 2 236 2 8742,8794,	
prueba 16 236 16 141,878,949,1334,2575,3313,3577,3669,3808,4688,5097,5784,6188,8896,9180,9198,	
adecuada 3 236 3 135,2569,5080,	
médica 10 236 10 134,2568,5079,7404,7762,7975,8092,8349,8477,9115,	
EMBALAJE 5 236 5 7436,7438,7782,8119,8121,	
supervisión 3 236 3 133,2567,5078,	
médico 11 236 11 130,2564,5075,8706,8761,8878,8888,8907,8938,9111,9138,	
concepto 3 236 3 2215,4685,7062,	
profesional 2 236 2 129,5074,	
administrado 3 236 3 126,2560,5071,	
debe 35 236 35 124,212,243,342,1298,1309,1624,1638,1647,1910,2251,2558,2645,2676,2775,3772,3783,4062,4076,4085,4531,5069,5153,5185,5285,6152,6163,6459,6473,6482,6756,7098,8720,8861,9327,	
efecto 1 236 1 8751,	
administración 15 236 15 120,145,1099,1660,2224,2554,2579,3489,4098,4695,5065,5099,5949,6495,7071,	
forma 11 236 11 118,326,1473,1637,2552,2759,4075,5063,5269,6323,6472,	
espectrómetros 3 236 3 2317,4723,7165,	
Posología 3 236 3 116,2550,5061,	
Este 8 236 8 107,121,2540,2555,5052,5066,8710,8963,	
gastroduodenal 3 236 3 106,2539,5020,	
úlcera 6 236 6 105,409,2538,2842,5355,9242,	
sufrir 2 236 2 104,2537,	
puedan 2 236 2 103,2536,	
adolescentes 4 236 4 101,939,2534,8835,	
adultos 3 236 3 99,2532,8843,	
Especificaciones 3 236 3 2205,4677,7052,	
individual 7 236 7 146,2163,2580,5100,7010,8057,8442,	
- 18 236 18 98,100,906,928,2531,2533,3341,3362,5034,5043,5051,8686,8698,8709,8734,9152,9292,9326,	
pylori 43 236 43 96,253,297,481,540,705,716,812,837,876,1096,2377,2529,2686,2730,2914,2973,3139,3150,3247,3272,3311,3486,4838,5023,5195,5239,5418,5488,5607,5618,5718,5743,5782,5946,7225,8858,8876,8916,8930,9099,9219,9307,	
causadas 2 236 2 93,2526,	
gastroduodenales 2 236 2 92,2525,	
infecciones 2 236 2 91,2524,	
vivo 3 236 3 89,2522,5016,	
in 3 236 3 88,2521,5015,	
diagnóstico 19 236 19 87,113,394,478,656,1811,2520,2547,2827,2911,3089,4247,5014,5058,5340,5415,5557,6646,8822,	
utiliza 4 236 4 84,2517,4448,8777,	
Helicobacter 87 236 87 80,95,136,252,296,309,423,443,480,523,539,601,704,715,811,836,875,1090,1095,1812,2376,2513,2528,2570,2685,2729,2742,2856,2876,2913,2956,2972,3034,3138,3149,3246,3271,3310,3480,3485,4248,4837,4996,5022,5081,5194,5238,5251,5369,5417,5460,5487,5606,5617,5717,5742,5781,5940,5945,6647,7224,7771,7984,8009,8358,8383,8522,8600,8770,8782,8788,8798,8823,8857,8863,8875,8884,8898,8915,8929,9098,9149,9189,9200,9218,9265,9306,	
terapéuticas 3 236 3 79,2512,4995,	
Indicaciones 3 236 3 78,2511,4994,	
[90 4 236 4 959,971,5809,5821,	
	4 3 236 3 76,2509,4992,	
CLÍNICOS 3 236 3 75,2508,4991,	
DATOS 6 236 6 74,1145,2507,3535,4990,5991,	
4 72 236 72 73,114,271,336,367,369,370,509,511,548,590,615,621,848,860,1167,1269,1481,1698,2395,2506,2548,2704,2769,2800,2802,2803,2942,2944,2981,3023,3048,3054,3283,3295,3557,3647,3739,3939,4324,4857,4989,5059,5213,5279,5310,5312,5313,5446,5448,5496,5503,5516,5522,5754,5766,5807,6013,6117,6331,6533,7243,7475,7505,7817,8033,8164,8190,8418,8553,8631,8791,	
incolora 3 236 3 72,2505,4988,	
e 8 236 8 71,1424,1917,2504,3888,4987,6275,6763,	
clara 3 236 3 70,2503,4986,	
Solución 3 236 3 69,2502,4985,	
	Polvo 5 236 5 65,2498,4981,7482,7824,	
FARMACÉUTICA 6 236 6 64,2497,4980,7477,7819,8166,	
FORMA 11 236 11 63,2496,4979,7476,7613,7818,7844,8023,8165,8211,8408,	
3 53 236 53 62,337,437,450,717,962,1126,1160,1164,1252,1332,1696,2260,2359,2495,2770,2870,2883,3516,3550,3554,3630,3722,3806,4824,4945,4978,5006,5091,5107,5280,5379,5470,5799,5975,6006,6010,6111,6186,6531,6657,7107,7207,7470,7812,8027,8137,8158,8393,8412,8548,8626,8785,	
integrante 3 236 3 1807,4243,6642,	
6 49 236 49 60,217,322,323,549,1144,1154,1159,1166,1179,1280,1286,1287,1530,2493,2650,2755,2756,2982,3534,3544,3549,3556,3569,3658,3750,3760,3761,4067,4976,5158,5265,5266,5497,5990,6000,6005,6012,6025,6128,6140,6141,6368,7636,7859,8054,8226,8439,8801,	
sección 3 236 3 59,2492,4975,	
ver 3 236 3 58,2491,4974,	
excipientes 6 236 6 57,1151,2490,3541,4973,5997,	
completa 3 236 3 55,2488,4971,	
lista 3 236 3 54,2487,4970,	
consultar 3 236 3 52,2485,4968,	
Para 20 236 20 51,164,434,1888,2037,2134,2152,2597,2867,4408,4439,4763,4967,5118,6734,6883,6981,6999,7620,7624,	
13C-urea 26 236 26 50,635,674,707,1023,1216,1600,3068,3107,3141,3413,3607,3699,4038,4966,5536,5575,5609,5873,6063,6436,7469,7811,8053,8157,8438,	
contiene 22 236 22 46,1190,1212,3578,3603,3670,3695,4512,4962,6036,6059,7465,7491,7495,7532,7536,7808,8050,8154,8176,8180,8434,	
frasco 23 236 23 45,160,1407,1547,1576,1598,2593,3580,3985,4014,4036,4425,4961,6259,6385,6412,6434,7464,7493,7534,7807,8153,8178,	
	Un 2 236 2 44,4960,	
CUANTITATIVA 3 236 3 43,2483,4959,	
Y 27 236 27 42,2482,4958,7390,7415,7424,7442,7478,7614,7690,7702,7820,7845,7914,7926,8005,8167,8212,8280,8292,8379,8518,8527,8590,8596,8605,8810,	
CUALITATIVA 3 236 3 41,2481,4957,	
COMPOSICIÓN 3 236 3 40,2480,4956,	
Bucle 2 236 2 2290,7137,	
2 38 236 38 39,115,278,1019,1155,1222,1246,1251,1306,2352,2479,2549,2711,3409,3545,3613,3705,3780,4955,5060,5220,5869,6001,6088,6093,6098,6160,7200,7460,7546,7803,8022,8149,8407,8525,8603,8778,9101,	
	Mantener 3 236 3 7645,7868,8235,	
oral 33 236 33 38,68,693,1221,2478,2501,3127,3612,3704,4696,4954,4984,5595,6068,7457,7485,7504,7545,7586,7619,7800,7827,7842,7850,8017,8021,8061,8146,8189,8217,8402,8406,8446,	
solución 34 236 34 37,67,1220,1535,1631,1663,2477,2500,3611,3703,3973,4069,4101,4953,4983,6067,6373,6466,6498,7456,7484,7503,7544,7585,7799,7826,7841,8016,8060,8145,8188,8401,8445,9044,	
polvo 23 236 23 35,206,1218,1585,2475,2639,3609,3701,4023,4951,5148,6065,6421,7454,7501,7542,7583,7797,7836,8014,8143,8186,8399,	
Via 5 236 5 7618,7849,8020,8216,8405,	
mg 39 236 39 34,48,163,633,672,1102,1214,2474,2596,3066,3105,3492,3605,3697,4950,4964,5117,5534,5573,5952,6061,7453,7467,7497,7538,7579,7775,7796,7810,7834,7988,8013,8052,8142,8156,8182,8362,8398,8436,	
dárselo 1 236 1 8721,	
75 26 236 26 33,47,162,632,671,1101,1213,2473,2595,3065,3104,3491,3604,3696,7452,7466,7496,7537,7578,7774,7795,7809,7833,7987,8012,8051,	
Test 47 236 47 31,81,137,424,444,524,602,1813,2471,2514,2571,2857,2877,2957,3035,4249,4936,4997,5082,5370,5461,6648,7450,7489,7530,7571,7772,7793,7985,8010,8128,8174,8359,8384,8523,8601,8771,8783,8789,8799,8816,8824,8864,8885,9150,9190,9266,	
	Helicobacter 6 236 6 30,2470,4935,7449,7792,8127,	
MEDICAMENTO 20 236 20 29,646,2469,3079,4934,5547,7418,7448,7642,7687,7791,7865,7911,8004,8126,8232,8277,8378,8517,8595,	
NOMBRE 15 236 15 27,2467,4933,7446,7701,7789,7925,8002,8124,8291,8376,8515,8526,8593,8604,	
LISTA 3 236 3 7471,7813,8159,	
SEGURA 1 236 1 7414,	
PRODUCTO 1 236 1 24,	
DEL 27 236 27 23,28,2464,2468,4930,7313,7417,7447,7480,7686,7704,7790,7822,7910,7928,7999,8003,8125,8169,8276,8294,8373,8377,8516,8529,8594,8607,	
grupo 1 236 1 9088,	
CARACTERÍSTICAS 1 236 1 22,	
LAS 1 236 1 21,	
DE 106 236 106 20,644,2414,2417,2434,2436,2441,2445,2461,3077,4877,4880,4897,4899,4907,4911,4927,5545,7262,7265,7282,7284,7290,7294,7310,7317,7320,7323,7326,7331,7334,7338,7341,7344,7347,7379,7382,7388,7395,7398,7472,7616,7639,7665,7672,7684,7691,7695,7706,7709,7734,7736,7749,7756,7765,7814,7847,7862,7888,7896,7908,7915,7919,7930,7933,7950,7952,7962,7969,7978,8007,8024,8029,8035,8160,8214,8229,8255,8262,8274,8281,8285,8296,8299,8324,8326,8336,8343,8352,8381,8409,8414,8420,8509,8520,8531,8534,8550,8555,8588,8598,8609,8612,8628,8633,9103,	
RESUMEN 1 236 1 19,	
O 6 236 6 18,7386,7407,8045,8430,8512,	
absorción 7 236 7 987,1055,3377,3445,4427,5837,5905,	
TÉCNICA 1 236 1 17,	
FICHA 1 236 1 16,	
información 1 236 1 13,	
Toda 1 236 1 11,	
91 1 236 1 961,	
medicamento 14 236 14 10,15,108,122,2556,5053,5067,7635,7858,8069,8225,8454,8685,8711,	
Basica 1 236 1 8,	
RESPONSABLE 1 236 1 7322,	
	Información 1 236 1 7,	
10ML 1 236 1 6,	
FR 1 236 1 5,	
1 72 236 72 4,25,26,61,77,159,181,648,1148,1197,1276,1279,1285,1295,1519,2345,2466,2494,2510,2592,2614,3081,3538,3579,3588,3624,3629,3654,3657,3667,3680,3769,3957,4675,4815,4932,4977,4993,5549,5819,5824,5994,6055,6056,6112,6124,6127,6139,6149,7193,7440,7445,7463,7486,7492,7512,7527,7533,7553,7788,7806,8001,8048,8123,8152,8177,8196,8375,8514,8592,8767,8804,	
75MG/FR 1 236 1 3,	
INFAI 52 236 52 2,32,82,138,425,445,525,603,1814,2472,2515,2572,2858,2958,3036,4250,4937,4998,5083,5371,5462,6649,7362,7451,7719,7773,7794,7935,7986,8011,8100,8129,8309,8360,8385,8484,8524,8602,8772,8784,8790,8800,8809,8817,8825,8886,8899,9107,9151,9191,9201,9267,	
TEST 3 236 3 1,8808,9106,	
HELICOBACTER 3 236 3 0,8807,9105,	
