	Prospectos 1 594 1 9249,	
intoxicació 1 594 1 9248,	
""45 1 594 1 6518,	
emea 1 594 1 6448,	
//www 1 594 1 6447,	
Medicamento 1 594 1 6444,	
Europea 1 594 1 6442,	
Agencia 1 594 1 6441,	
web 1 594 1 6438,	
página 1 594 1 6437,	
detallada 1 594 1 6429,	
TEXTO 1 594 1 6426,	
REVISIÓN 1 594 1 6424,	
2007 1 594 1 6419,	
renovación 1 594 1 6416,	
última 1 594 1 6415,	
2002 1 594 1 6411,	
junio 2 594 2 6410,6418,	
autorización 1 594 1 6408,	
AUTORIZACIÓN/RENOVACIÓN 1 594 1 6400,	
PRIMERA 1 594 1 6399,	
FECHA 2 594 2 6396,6421,	
EU/1/02/222/003 1 594 1 6394,	
NÚMERO(S) 1 594 1 6389,	
Unido 1 594 1 6387,	
Reino 1 594 1 6386,	
AL7 1 594 1 6384,	
City 1 594 1 6383,	
Welwyn 1 594 1 6381,	
Falcon 1 594 1 6377,	
Limited 1 594 1 6375,	
Registration 1 594 1 6374,	
	Roche 1 594 1 6373,	
COMERCIALIZACIÓN 2 594 2 6372,6393,	
AUTORIZACIÓN 3 594 3 6370,6391,6403,	
LA 4 594 4 6369,6398,6402,6423,	
normativa 1 594 1 6364,	
hayan 1 594 1 6352,	
materiales 1 594 1 6350,	
especial 1 594 1 6339,	
aluminio) 1 594 1 6331,	
lámina 1 594 1 6329,	
tríplex 1 594 1 6324,	
blíster 1 594 1 6323,	
Una 1 594 1 6315,	
envase 2 594 2 6314,6322,	
contenido 1 594 1 6312,	
Naturaleza 1 594 1 6310,	
condiciones 1 594 1 6304,	
requiere 1 594 1 6303,	
conservación 2 594 2 6301,6307,	
validez 1 594 1 6293,	
E132) 1 594 1 6283,	
carmín 1 594 1 6282,	
C 1 594 1 6278,	
FD 1 594 1 6276,	
impresión 1 594 1 6269,	
Tinta 1 594 1 6267,	
(E171) 2 594 2 6266,6275,	
Dióxido 2 594 2 6263,6272,	
rojo 1 594 1 6261,	
(E172) 2 594 2 6257,6262,	
hierro 2 594 2 6255,6260,	
Óxido 2 594 2 6253,6258,	
Gelatina 1 594 1 6252,	
sódico 1 594 1 6247,	
Estearilfumarato 1 594 1 6246,	
Croscarmelosa 1 594 1 6244,	
Povidona 1 594 1 6243,	
Talco 1 594 1 6242,	
maíz) 1 594 1 6241,	
almidón 1 594 1 6239,	
(derivado 1 594 1 6237,	
Almidón 1 594 1 6235,	
Lista 1 594 1 6228,	
	6 1 594 1 6226,	
adulta 1 594 1 6217,	
rata 1 594 1 6216,	
cerebro 1 594 1 6213,	
650 1 594 1 6201,	
cerebral 1 594 1 6195,	
obtuvo 1 594 1 6192,	
administró 1 594 1 6184,	
24 1 594 1 6176,	
exploratorio 1 594 1 6165,	
post-parto 1 594 1 6161,	
administrados 1 594 1 6155,	
aparecieron 1 594 1 6149,	
significativos 1 594 1 6147,	
muertes 1 594 1 6143,	
destetados 1 594 1 6135,	
pro-fármaco 1 594 1 6125,	
muerte 1 594 1 6117,	
produjo 1 594 1 6114,	
cachorros 2 594 2 6108,6133,	
administrada 1 594 1 6106,	
reversible 1 594 1 6080,	
irritación 1 594 1 6079,	
detectó 1 594 1 6077,	
inducidos 1 594 1 6075,	
formular 1 594 1 6066,	
50 1 594 1 6055,	
Aproximadamente 1 594 1 6053,	
sensibilización 1 594 1 6042,	
respectivos 1 594 1 6034,	
mg/día 2 594 2 6026,6030,	
01 1 594 1 6025,	
estimación 1 594 1 6022,	
da 1 594 1 6020,	
extrapolación 1 594 1 6013,	
44 1 594 1 5954,	
480 1 594 1 5949,	
máxima 1 594 1 5940,	
prolongación 1 594 1 5921,	
post-natales 1 594 1 5915,	
sexos 1 594 1 5909,	
estudio 3 594 3 5887,6088,6164,	
Un 1 594 1 5886,	
fetal 2 594 2 5885,5963,	
observaron 1 594 1 5880,	
mg/kg/día 5 594 5 5873,5876,5898,5927,6154,	
500 6 594 6 5872,5875,5897,5926,6153,6200,	
conejos 3 594 3 5866,5967,6085,	
teratológicos 1 594 1 5862,	
realizaron 1 594 1 5860,	
aprobadas 1 594 1 5858,	
indicaciones 1 594 1 5856,	
beneficio-riesgo 1 594 1 5851,	
cambian 1 594 1 5849,	
hallazgos 1 594 1 5847,	
márgenes 1 594 1 5833,	
Considerando 1 594 1 5831,	
realizará 1 594 1 6359,	
utilizadas 1 594 1 5830,	
tumores 1 594 1 5821,	
dosis-dependiente 1 594 1 5818,	
tendencia 1 594 1 5814,	
carcinogénesis 1 594 1 5809,	
resultados 1 594 1 5803,	
genotoxicidad 1 594 1 5801,	
toxicidad 1 594 1 5796,	
farmacológica 1 594 1 5795,	
convencionales 2 594 2 5792,5807,	
particular 1 594 1 5782,	
preclínicos 2 594 2 5772,5777,	
alcanzan 1 594 1 5726,	
Con 1 594 1 5720,	
mg/kg 5 594 5 5719,5724,6102,6131,6190,	
eliminaron 1 594 1 5696,	
pequeño 1 594 1 5680,	
estudió 1 594 1 5677,	
farmacocinéticos 2 594 2 5658,5750,	
investigado 1 594 1 5655,	
ml/min) 1 594 1 5643,	
creatinina 1 594 1 5639,	
(aclaramiento 1 594 1 5637,	
posológico 1 594 1 5623,	
ajuste 1 594 1 5622,	
ningún 2 594 2 5621,5780,	
precisa 1 594 1 5620,	
tolerabilidad 1 594 1 5614,	
Teniendo 1 594 1 5607,	
asemejaron 1 594 1 5600,	
observadas 1 594 1 5596,	
semividas 1 594 1 5593,	
78 1 594 1 5578,	
alta 2 594 2 5571,6123,	
35 1 594 1 5568,	
resultó 1 594 1 5564,	
esperar 1 594 1 5528,	
concluye 1 594 1 5518,	
posológicos 1 594 1 5505,	
inversamente 1 594 1 5495,	
grados 1 594 1 5483,	
esperada 1 594 1 5841,	
100 1 594 1 5467,	
heces 1 594 1 5460,	
eu/ 1 594 1 6450,	
radiactivamente 1 594 1 5455,	
marcada 1 594 1 5454,	
lugar 1 594 1 5443,	
filtración 2 594 2 5428,5440,	
l/h) 2 594 2 5421,5432,	
(18 1 594 1 5419,	
excreción 1 594 1 5414,	
exclusivamente 1 594 1 5412,	
semivida 1 594 1 5395,	
máximas 1 594 1 5388,	
orina 1 594 1 5384,	
metaboliza 1 594 1 5376,	
90 1 594 1 5364,	
absorbida 1 594 1 5357,	
fracción 1 594 1 5356,	
Eliminación 1 594 1 5354,	
compuestos 2 594 2 5353,6033,	
conjugados 1 594 1 5345,	
principales 1 594 1 5334,	
inhibidores 1 594 1 5331,	
sustratos 1 594 1 5327,	
hígado 1 594 1 5312,	
acción 1 594 1 5305,	
convierte 1 594 1 5299,	
(aprox 1 594 1 5293,	
plasma 1 594 1 5289,	
lugares 1 594 1 5274,	
distribuye 1 594 1 5270,	
Puesto 1 594 1 5258,	
extracelular 2 594 2 5256,5266,	
líquido 1 594 1 5255,	
Way 1 594 1 6378,	
litros 1 594 1 5246,	
distribución 1 594 1 5234,	
medio 1 594 1 5232,	
Distribución 1 594 1 5229,	
alimentos 1 594 1 5228,	
alteran 1 594 1 5221,	
isoformas 1 594 1 5335,	
plasmáticas 2 594 2 5206,5387,	
concentraciones 2 594 2 5205,5386,	
sistémica 1 594 1 5183,	
circulación 1 594 1 5182,	
llega 1 594 1 5179,	
mínimo 1 594 1 5171,	
Como 1 594 1 5170,	
Metabolismo 1 594 1 5296,	
esterasas 2 594 2 5168,5308,	
ampliamente 2 594 2 5158,5300,	
transforma 1 594 1 5157,	
(profármaco) 1 594 1 5154,	
después 1 594 1 5146,	
fácilmente 1 594 1 5141,	
evaluar 1 594 1 5125,	
específicos 1 594 1 5123,	
25 2 594 2 5113,5566,	
0015]) 1 594 1 5105,	
1/276 1 594 1 5082,	
12/272 1 594 1 5073,	
participantes 1 594 1 5044,	
geriátricas 1 594 1 5037,	
residencias 1 594 1 5036,	
residentes 1 594 1 5034,	
24-50) 1 594 1 5028,	
28 1 594 1 5024,	
0006]) 1 594 1 5008,	
7; 1 594 1 5004,	
(76 1 594 1 4993,	
6/520 1 594 1 4984,	
respectivamente 4 594 4 4930,5877,5960,6206,	
(ITT- 1 594 1 4928,	
pediátricos 1 594 1 4923,	
límite 1 594 1 4905,	
24) 1 594 1 4898,	
NNT 3 594 3 4884,5018,5107,	
0206]) 1 594 1 4882,	
9; 1 594 1 4878,	
94 1 594 1 4877,	
22 1 594 1 4874,	
80 2 594 2 4868,5040,	
(2/47) 1 594 1 4859,	
21 2 594 2 4845,6159,	
significativo 1 594 1 5531,	
iniciar 1 594 1 4838,	
momento 1 594 1 4836,	
eliminando 1 594 1 4831,	
85 1 594 1 4810,	
(21/111) 1 594 1 4779,	
estimable) 1 594 1 4908,	
subgrupo 1 594 1 4750,	
acuerdo 3 594 3 4745,5788,6361,	
0114]) 1 594 1 4743,	
6; 2 594 2 4739,5101,	
(9/84) 1 594 1 4720,	
0042]) 1 594 1 4686,	
2; 1 594 1 4682,	
81 1 594 1 4681,	
(10/135) 1 594 1 4663,	
recibió 8 594 8 4657,4668,4714,4725,4786,4797,4853,4864,	
(27/136) 1 594 1 4651,	
duró 1 594 1 4624,	
profilaxis 1 594 1 4621,	
hogares 3 594 3 4619,4644,4695,	
estatus 1 594 1 4545,	
independientemente 1 594 1 4543,	
) 1 594 1 4531,	
(EMEA) 1 594 1 6445,	
12) 1 594 1 4521,	
verdaderos 1 594 1 4512,	
0001]) 1 594 1 4497,	
16; 1 594 1 4494,	
[IC 7 594 7 4489,4675,4732,4804,4871,4997,5094,	
92 2 594 2 4487,5092,	
(reducción 6 594 6 4485,4670,4727,4799,4866,5090,	
24/200 1 594 1 4469,	
confirmados 1 594 1 4464,	
clínica 8 594 8 4457,4612,4637,4764,4820,4972,5071,5691,	
manifiestos 4 594 4 4447,4592,4690,4926,	
163 1 594 1 4442,	
siete 1 594 1 4434,	
roedores 2 594 2 5811,5829,	
continuó 1 594 1 4432,	
comienzo 1 594 1 4422,	
inició 1 594 1 4415,	
manifiesto 3 594 3 4403,4429,4551,	
vacunados 3 594 3 4393,4953,5047,	
0188]) 1 594 1 4815,	
(12 2 594 2 4390,4470,	
contactos 5 594 5 4389,4461,4507,4597,4922,	
(NNT) 2 594 2 4375,4505,	
varía 2 594 2 4353,4366,	
predecible 1 594 1 4351,	
Precauciones 2 594 2 6298,6334,	
epidemias 1 594 1 4346,	
confirmada 5 594 5 4337,4613,4638,4767,4821,	
variable 2 594 2 4323,4600,	
familias 2 594 2 4314,4559,	
absorbe 1 594 1 5140,	
comparación 1 594 1 4284,	
001) 1 594 1 4282,	
coriza 1 594 1 4266,	
8°C) 1 594 1 4263,	
022) 1 594 1 4254,	
504 1 594 1 4212,	
agruparon 1 594 1 4208,	
rápidamente 1 594 1 5705,	
diferente 1 594 1 4197,	
individuales 2 594 2 4176,4206,	
positiva 1 594 1 4154,	
0148) 1 594 1 4136,	
aumentado 1 594 1 4111,	
había 1 594 1 4110,	
(FEV1) 1 594 1 4109,	
forzado 1 594 1 4105,	
espiratorio 1 594 1 4104,	
volumen 3 594 3 4103,5231,5252,	
tratamiento) 1 594 1 4101,	
(último 1 594 1 4098,	
53 1 594 1 4067,	
asmáticos 1 594 1 4056,	
334 1 594 1 4054,	
completó 1 594 1 4049,	
tratado 3 594 3 4041,4079,4120,	
16 4 594 4 4036,4524,5669,6878,	
26 3 594 3 4027,4678,4706,	
europa 1 594 1 6449,	
otitis 1 594 1 4023,	
comparado 2 594 2 4012,4123,	
(PVC/PE/PVDC 1 594 1 6325,	
catarro) 1 594 1 3994,	
alivio 2 594 2 3988,4233,	
recuperación 1 594 1 3978,	
(definido 1 594 1 3975,	
48 1 594 1 3961,	
comenzado 1 594 1 3957,	
33 2 594 2 3948,4171,	
catarro 1 594 1 3928,	
tos 3 594 3 3926,3992,4264,	
además 2 594 2 3924,5437,	
ºC) 1 594 1 3923,	
(edad 2 594 2 3912,5574,	
edades 3 594 3 3906,4058,5665,	
influenza) 1 594 1 3904,	
(65 1 594 1 3898,	
5976) 1 594 1 3884,	
Periodo 1 594 1 6291,	
14 3 594 3 3872,6137,6174,	
(22/133) 1 594 1 3865,	
""maximización"" 1 594 1 6050,	
0156) 1 594 1 3831,	
Cubierta 1 594 1 6248,	
(29/250) 1 594 1 3821,	
(52/268) 1 594 1 3813,	
19 4 594 4 3811,4530,4777,8259,	
tratadas 2 594 2 3806,3858,	
total 4 594 4 3769,4534,4629,4888,	
crónicas 2 594 2 3749,3845,	
alto 1 594 1 3722,	
0012) 1 594 1 3713,	
350) 1 594 1 3703,	
(116/1 1 594 1 3702,	
063) 1 594 1 3693,	
(135/1 1 594 1 3692,	
antibióticos 3 594 3 3685,3808,3860,	
bronquitis) 3 594 3 3682,3805,3857,	
(principalmente 3 594 3 3681,3804,3856,	
inferior 4 594 4 3680,3803,3855,5640,	
especificadas 2 594 2 3676,3799,	
desarrollaron 1 594 1 3674,	
0001) 2 594 2 3668,4011,	
Contenido 1 594 1 6231,	
p 11 594 11 3666,4008,4251,4279,4495,4683,4740,4812,4879,5005,5102,	
días; 4 594 4 3665,4007,4250,4278,	
­ 6 594 6 3645,3662,4004,4247,4275,4520,	
disminuyen 1 594 1 5392,	
95 18 594 18 3641,3658,4000,4243,4271,4490,4517,4526,4676,4733,4805,4872,4894,4902,4998,5026,5095,5115,	
(IC 11 594 11 3640,3657,3999,4242,4270,4516,4525,4893,4901,5025,5114,	
duración 6 594 6 3627,3728,3768,4086,4181,4257,	
redujeron 1 594 1 3623,	
participaban 2 594 2 3604,5685,	
413) 1 594 1 3602,	
377 1 594 1 4445,	
agrupado 2 594 2 3587,4943,	
cabeza) 1 594 1 3583,	
cansancio 1 594 1 3579,	
sódica 1 594 1 6245,	
malestar 1 594 1 3578,	
58 1 594 1 4729,	
escalofrío/sudor 1 594 1 3577,	
(dolor 1 594 1 3575,	
sistémico 1 594 1 3574,	
garganta) 1 594 1 3568,	
nasales 1 594 1 3564,	
(tos 1 594 1 3562,	
síntoma 2 594 2 3560,3573,	
8ºC 1 594 1 3554,	
fiebre 5 594 5 3552,3772,3919,3991,4260,	
inicio 2 594 2 3548,3964,	
36 1 594 1 3545,	
cumplían 1 594 1 3537,	
local 2 594 2 3524,6365,	
encontraba 1 594 1 3519,	
III 1 594 1 3501,	
fase 2 594 2 3500,5347,	
64 2 594 2 3469,4801,	
De 3 594 3 3464,4744,5512,	
%) 9 594 9 3459,4471,4479,4977,4987,5076,5085,5295,5365,	
74 1 594 1 3458,	
46 1 594 1 3455,	
(rango 1 594 1 3453,	
67 2 594 2 3451,3930,	
haya 1 594 1 5631,	
confirmó 2 594 2 3445,4440,	
tratada 4 594 4 3443,3707,3825,3878,	
Globalmente 2 594 2 3439,4147,	
individuos 1 594 1 3433,	
número 4 594 4 3431,4369,4499,5681,	
proporcional 2 594 2 3429,5496,	
redujo 15 594 15 3426,3687,3765,3774,3793,3968,4019,4092,4228,4449,4646,4773,4842,4965,5064,	
positivos 9 594 9 3415,3472,3491,3594,3787,3835,3900,3935,4071,	
incluyó 1 594 1 3412,	
agrupada 1 594 1 3405,	
intención 3 594 3 3401,4539,4913,	
infectados 6 594 6 3392,3941,4188,4214,4691,4927,	
estadísticos 1 594 1 3386,	
efectivo 1 594 1 3371,	
gripal 10 594 10 3367,3448,3631,4301,4382,4438,4456,4467,4971,5070,	
Absorción 1 594 1 5137,	
geográficamente 1 594 1 3362,	
variar 1 594 1 3359,	
parece 1 594 1 3358,	
prevalencia 1 594 1 3354,	
reducción 4 594 4 3346,4698,4996,5128,	
grado 1 594 1 3344,	
expuestos 1 594 1 3340,	
detectadas 1 594 1 3329,	
menor 2 594 2 3321,5714,	
asocian 1 594 1 3318,	
A/H1N1 1 594 1 3314,	
espontánea 1 594 1 3309,	
H5N1) 1 594 1 3303,	
variantes 1 594 1 3301,	
encontradas 1 594 1 3299,	
subtipo 1 594 1 3293,	
originar 1 594 1 3291,	
parecen 1 594 1 3290,	
N1 1 594 1 3283,	
neuronaminidasas 1 594 1 3282,	
mutaciones 3 594 3 3279,3287,3305,	
laboratorio 6 594 6 3277,4341,4617,4642,4771,4825,	
así 1 594 1 3269,	
habían 2 594 2 3338,5045,	
tratados 4 594 4 3266,3683,3781,6060,	
inmunodeprimidos 1 594 1 3253,	
joven 1 594 1 3249,	
(ITT) 3 594 3 3404,4542,4916,	
mayor 2 594 2 3244,6205,	
tasa 2 594 2 3237,5426,	
realizó 1 594 1 3231,	
completo 1 594 1 3228,	
farmacocinética 2 594 2 5650,5672,	
genotipado 1 594 1 3227,	
(5 1 594 1 3223,	
1%) 1 594 1 3221,	
(4 3 594 3 3220,4975,5074,	
19/464 1 594 1 3219,	
años) 4 594 4 3218,3740,3916,5579,	
(1-12 1 594 1 3217,	
4%) 2 594 2 3215,3224,	
5/1 1 594 1 3212,	
32%) 1 594 1 3211,	
(0 3 594 3 3210,3214,5083,	
245 2 594 2 3209,3213,	
4/1 1 594 1 3208,	
Adultos 2 594 2 3205,3525,	
Geno- 1 594 1 3202,	
Población 1 594 1 3198,	
clínico 1 594 1 3196,	
observara 1 594 1 3194,	
natural 1 594 1 3190,	
eliminarlo 1 594 1 3187,	
capaces 1 594 1 3185,	
resistentes 2 594 2 3181,3260,	
transitorios 1 594 1 3176,	
Todos 1 594 1 3170,	
Roche 1 594 1 3169,	
estudiado 1 594 1 3163,	
sido 4 594 4 3162,3328,3339,5046,	
susceptibilidad 3 594 3 3154,3322,3349,	
asociada 2 594 2 3139,6118,	
fármaco 1 594 1 3138,	
resistencia 3 594 3 3136,3157,3289,	
(42 2 594 2 3127,6218,	
días) 4 594 4 3118,3124,3128,3648,	
(7 2 594 2 3117,5430,	
fecha 1 594 1 3109,	
reducida 2 594 2 3097,3155,	
(500 1 594 1 5943,	
Sensibilidad 1 594 1 3096,	
mediana 5 594 5 3091,3625,3725,4083,4178,	
publicados 1 594 1 3079,	
0 26 594 26 3056,3661,3667,3712,3830,3883,4002,4010,4046,4135,4239,4245,4253,4273,4281,4496,4679,4685,4742,4814,4875,4881,5007,5104,6024,6028,	
comprendidos 1 594 1 3054,	
aisladas 2 594 2 3051,3263,	
CI50 2 594 2 3038,3083,	
valores 2 594 2 3036,3080,	
voluntarios 1 594 1 3033,	
experimental 1 594 1 3031,	
provocación 1 594 1 3030,	
antiviral 1 594 1 3014,	
humanos 2 594 2 3004,5936,	
similares 2 594 2 2999,5763,	
exposiciones 2 594 2 2996,5727,	
modelos 1 594 1 2989,	
vivo 2 594 2 2987,5344,	
utilizado 1 594 1 6345,	
patogenicidad 1 594 1 2979,	
B 10 594 10 2958,2985,3023,3068,3088,3952,4146,4165,4193,4219,	
vitro 5 594 5 2950,2963,3326,5316,5516,	
in 7 594 7 2949,2962,2986,3325,5315,5343,5515,	
inhibe 3 594 3 2948,2961,2974,	
carboxilato 9 594 9 2947,5241,5268,5284,5303,5371,5391,5493,5730,	
infeccioso 1 594 1 2942,	
posterior 1 594 1 2939,	
infectadas 1 594 1 2934,	
células 1 594 1 2933,	
virales 1 594 1 2926,	
partículas 1 594 1 2925,	
liberación 1 594 1 2922,	
infectada 2 594 2 2918,4160,	
célula 1 594 1 2916,	
entrada 1 594 1 2911,	
importante 1 594 1 2908,	
viral 2 594 2 2906,3101,	
neuraminidasa 4 594 4 2905,3043,3100,5264,	
virión 1 594 1 2900,	
superficie 1 594 1 2898,	
encuentran 1 594 1 2895,	
glucoproteínas 1 594 1 2892,	
neuraminidasas 2 594 2 2886,2952,	
selectivo 1 594 1 2882,	
actúa 1 594 1 2879,	
(oseltamivir 2 594 2 2876,5163,	
(16/188) 1 594 1 3874,	
profármaco 5 594 5 2872,5192,5208,5699,6197,	
J05AH02 1 594 1 2867,	
ATC 1 594 1 2866,	
código 1 594 1 2865,	
Antiviral 1 594 1 2864,	
primaria 3 594 3 3424,4324,4601,	
farmacoterapéutico 1 594 1 2863,	
Grupo 1 594 1 2862,	
farmacodinámicas 1 594 1 2861,	
Propiedades 2 594 2 2860,5135,	
ESTE 1 594 1 2856,	
FARMACOLÓGICAS 1 594 1 2854,	
PROPIEDADES 1 594 1 2853,	
específico 2 594 2 2851,3296,	
acompañada 1 594 1 3555,	
antídoto 1 594 1 2850,	
http 1 594 1 6446,	
típicos 1 594 1 5824,	
conoce 1 594 1 2848,	
interrumpir 1 594 1 2838,	
vértigos 1 594 1 2834,	
resistencias 1 594 1 3241,	
consistirán 1 594 1 2826,	
encontrada 1 594 1 6210,	
intoxicación 1 594 1 2824,	
anticipar 2 594 2 2819,9243,	
obstante 2 594 2 2817,9241,	
sobredosis 3 594 3 2815,2845,9239,	
experiencia 2 594 2 2811,9235,	
dispone 2 594 2 2808,9232,	
9 7 594 7 2804,3197,3644,4519,4892,6395,9228,	
jóvenes 4 594 4 2801,5606,5695,9225,	
65 5 594 5 2774,3739,5576,5585,9198,	
ancianos 9 594 9 2764,3467,3737,3786,5033,5573,5598,5627,9188,	
diferencias 2 594 2 2757,9181,	
hubo 5 594 5 2756,4696,5902,6142,9180,	
adicional 2 594 2 2751,9175,	
angioneurótico 2 594 2 2749,9173,	
edema 2 594 2 2748,9172,	
multiforme 2 594 2 2746,9170,	
eritema 3 594 3 2745,6068,9169,	
tóxica 2 594 2 2744,9168,	
epidérmica 2 594 2 2743,9167,	
conversión 1 594 1 5368,	
necrólisis 2 594 2 2742,9166,	
Stevens-Johnson 2 594 2 2741,9165,	
síndrome 2 594 2 2739,9163,	
revelan 1 594 1 5779,	
tejido 2 594 2 2727,9151,	
mortal 2 594 2 2720,9144,	
fulminante 2 594 2 2719,9143,	
casos 11 594 11 2712,2813,4446,4463,4509,4591,4689,4925,6115,9136,9237,	
pseudogripal 2 594 2 2710,9134,	
enzimas 3 594 3 2704,2885,9128,	
aumento 4 594 4 2701,5530,5817,9125,	
hepatitis 4 594 4 2699,2718,9123,9142,	
hepatobiliar 2 594 2 2697,9121,	
hepatobiliares 2 594 2 2690,9114,	
creadas 1 594 1 3274,	
hemorrágica 2 594 2 2688,9112,	
colitis 2 594 2 2687,9111,	
(1 2 594 2 4478,4985,	
gastrointestinal 3 594 3 2685,5145,9109,	
Hemorragia 2 594 2 2684,9108,	
estaban 5 594 5 2676,3053,3940,4830,9100,	
principalmente 5 594 5 2657,5165,5309,5362,9081,	
accidente 2 594 2 2651,9075,	
lesiones 2 594 2 2649,9073,	
resultado 3 594 3 2648,5711,9072,	
dio 2 594 2 2646,9070,	
delirio 4 594 4 2640,2645,9064,9069,	
alucinación 2 594 2 2638,9062,	
comportamiento 2 594 2 2637,9061,	
consciencia 2 594 2 2634,9058,	
disminución 3 594 3 2630,5540,9054,	
Convulsiones 2 594 2 2624,9048,	
trastornos 4 594 4 2617,2626,9041,9050,	
anafilácticas/anafilactoides 2 594 2 2613,9037,	
incluyendo 6 594 6 2611,2698,2737,9035,9122,9161,	
convulsiones 2 594 2 2666,9090,	
hipersensibilidad 2 594 2 2610,9034,	
inmunológico 2 594 2 2604,9028,	
graves 4 594 4 2600,2733,9024,9157,	
Información 2 594 2 2750,9174,	
relación 2 594 2 2595,9019,	
adicionales 2 594 2 2588,9012,	
Datos 3 594 3 2587,5771,9011,	
sanos 7 594 7 2586,2802,3034,3897,4951,9010,9226,	
similar 4 594 4 2581,2796,9005,9220,	
cualitativamente 4 594 4 2580,2795,9004,9219,	
bronquial 2 594 2 2578,9002,	
asma 2 594 2 2577,9001,	
repetidas 1 594 1 5799,	
tenían 4 594 4 2576,3481,3918,9000,	
nivel 2 594 2 2632,9056,	
oídos 2 594 2 2563,8987,	
TITULAR 1 594 1 6367,	
tuvieron 2 594 2 2560,8984,	
Pacientes 3 594 3 2558,3200,8982,	
Park 1 594 1 6380,	
= 15 594 15 2545,3600,3711,3829,3882,4045,4134,4252,4684,4741,4813,4880,5006,5103,8969,	
unitaria 2 594 2 2544,8968,	
Dosis 2 594 2 2543,8967,	
controlado 2 594 2 2541,8965,	
decir 2 594 2 2536,8960,	
organismo 1 594 1 2945,	
brazo 2 594 2 2532,8956,	
tenía 2 594 2 2531,8955,	
ensayo 17 594 17 2527,2539,3893,4052,4309,4387,4554,4606,4840,5021,5031,5052,5110,5688,6048,8951,8963,	
Dermatitis 2 594 2 2520,8944,	
timpánica 2 594 2 2510,8934,	
membrana 2 594 2 2505,8929,	
oídoc 2 594 2 2497,8921,	
Trastorno 4 594 4 2495,2502,8919,8926,	
Conjuntivitis 2 594 2 2483,8907,	
oculares 2 594 2 2481,8905,	
Náuseas 2 594 2 2469,8893,	
Vómitos 2 594 2 2453,8877,	
Epistaxis 2 594 2 2422,8846,	
empeoramiento) 2 594 2 2421,8845,	
Asma 2 594 2 2415,8839,	
Linfadenopatía 2 594 2 2404,8828,	
linfático 2 594 2 2402,8826,	
sangre 2 594 2 2398,8822,	
9% 4 594 4 2390,2456,8814,8880,	
adversos 6 594 6 2570,2782,5904,6151,8994,9206,	
media 4 594 4 2389,3913,4024,8813,	
Otitis 2 594 2 2388,8812,	
Neumonia 2 594 2 2373,8797,	
prevención) 2 594 2 2349,8773,	
pediátrica 3 594 3 2323,4889,8747,	
significativa 3 594 3 2296,5541,8720,	
estadísticamente 2 594 2 2295,8719,	
asociadas 2 594 2 2281,8705,	
II) 1 594 1 4929,	
excluyen 2 594 2 2275,8699,	
(N 1 594 1 3599,	
náuseas; 2 594 2 2273,8697,	
Sujetos 2 594 2 2269,8693,	
b 4 594 4 2268,2542,8692,8966,	
notificado 6 594 6 2251,2656,2665,8675,9080,9089,	
También 4 594 4 2248,2662,8672,9086,	
identificado 3 594 3 2243,5342,8667,	
Estos 6 594 6 2239,2652,2711,8663,9076,9135,	
Cansancio 2 594 2 2228,8652,	
Mareo 2 594 2 2223,8647,	
Eccema 2 594 2 2215,8639,	
Urticariaa 2 594 2 2209,8633,	
Rasha 2 594 2 2204,8628,	
titanio 2 594 2 6265,6274,	
Dermatitisa 2 594 2 2199,8623,	
subcutáneo 6 594 6 2196,2518,2728,8620,8942,9152,	
téjido 4 594 4 2195,2517,8619,8941,	
piel 9 594 9 2192,2514,2724,2736,6045,8616,8938,9148,9160,	
Dispepsia 2 594 2 2162,8586,	
Diarrea 4 594 4 2157,2461,8581,8885,	
Vómitosc 2 594 2 2146,8570,	
7% 2 594 2 2142,8566,	
11 8 594 8 2140,2391,2464,4718,4782,8564,8815,8888,	
c 6 594 6 2139,2284,2557,8563,8708,8981,	
Náuseasb 2 594 2 2138,8562,	
gastrointestinales 6 594 6 2135,2450,2680,8559,8874,9104,	
representa 1 594 1 5193,	
Rinorrea 2 594 2 2129,8553,	
Sobredosis 2 594 2 2805,9229,	
6% 8 594 8 2127,2128,2158,2472,8551,8552,8582,8896,	
Tos 2 594 2 2124,8548,	
mediastínicos 4 594 4 2122,2413,8546,8837,	
torácicos 4 594 4 2120,2411,8544,8835,	
Vertigo 2 594 2 2113,8537,	
oído 4 594 4 2108,2490,8532,8914,	
Convulsionesa 2 594 2 2101,8525,	
Insomnio 2 594 2 2094,8518,	
18 3 594 3 2091,7687,8515,	
62 2 594 2 3488,4672,	
20 9 594 9 2089,2457,4649,5448,5973,6409,6417,8513,8881,	
Incompatibilidades 1 594 1 6286,	
2% 46 594 46 2087,2088,2132,2149,2153,2154,2155,2156,2165,2166,2224,2226,2227,2374,2379,2384,2385,2386,2394,2406,2478,2498,2522,8511,8512,8556,8573,8577,8578,8579,8580,8589,8590,8648,8650,8651,8798,8803,8808,8809,8810,8818,8830,8902,8922,8946,	
administrado 3 594 3 2972,4961,5060,	
Dolor 8 594 8 2084,2151,2233,2474,8508,8575,8657,8898,	
nervioso 4 594 4 2081,2620,8505,9044,	
pre- 1 594 1 5913,	
Alucinacionesa 2 594 2 2073,8497,	
Trastornos 40 594 40 2069,2078,2106,2118,2134,2189,2220,2395,2409,2449,2480,2488,2511,2601,2614,2679,2689,2694,2721,2732,8493,8502,8530,8542,8558,8613,8644,8819,8833,8873,8904,8912,8935,9025,9038,9103,9113,9118,9145,9156,	
superior 4 594 4 2068,4906,5423,8492,	
8% 14 594 14 2066,2067,2143,2147,2159,2231,2232,8490,8491,8567,8571,8583,8655,8656,	
respiratorio 6 594 6 2063,3561,3679,3802,3854,8487,	
tracto 6 594 6 2062,3678,3801,3853,5144,8486,	
<1% 50 594 50 2059,2074,2076,2102,2116,2117,2130,2200,2201,2205,2206,2207,2208,2210,2211,2212,2213,2216,2218,2219,2234,2235,2407,2485,2523,8483,8498,8500,8526,8540,8541,8554,8624,8625,8629,8630,8631,8632,8634,8635,8636,8637,8640,8642,8643,8658,8659,8831,8909,8947,	
0% 48 594 48 2058,2064,2065,2075,2077,2103,2104,2105,2131,2217,2376,2377,2381,2382,2387,2408,2419,2486,2487,2500,2501,2508,2509,2524,8482,8488,8489,8499,8501,8527,8528,8529,8555,8641,8800,8801,8805,8806,8811,8832,8843,8910,8911,8924,8925,8932,8933,8948,	
aguda 4 594 4 2055,2825,4025,8479,	
1% 64 594 64 2052,2053,2056,2057,2095,2096,2097,2098,2114,2115,2125,2126,2133,2150,2163,2164,2202,2203,2229,2230,2393,2405,2420,2425,2426,2467,2479,2484,2499,2506,2507,2521,8476,8477,8480,8481,8519,8520,8521,8522,8538,8539,8549,8550,8557,8574,8587,8588,8626,8627,8653,8654,8817,8829,8844,8849,8850,8891,8903,8908,8923,8930,8931,8945,	
5% 4 594 4 2051,2476,8475,8900,	
4% 16 594 16 2050,2144,2236,2417,2418,2471,2473,2477,8474,8568,8660,8841,8842,8895,8897,8901,	
Bronquitis 6 594 6 2049,2054,2383,8473,8478,8807,	
infestaciones 4 594 4 2047,2371,8471,8795,	
e 4 594 4 2046,2370,8470,8794,	
Infecciones 6 594 6 2045,2060,2369,8469,8484,8793,	
Placebo 10 594 10 2042,2044,2186,2188,2446,8466,8468,8610,8612,8870,	
Adversa 8 594 8 2040,2184,2367,2444,8464,8608,8791,8868,	
Frecuencia 18 594 18 2038,2182,2365,2442,2605,2621,2681,2691,2729,8462,8606,8789,8866,9029,9045,9105,9115,9153,	
Sistemas 8 594 8 2034,2178,2361,2438,8458,8602,8785,8862,	
Porcentaje 8 594 8 2027,2171,2354,2431,8451,8595,8778,8855,	
Órganos 8 594 8 2025,2169,2352,2429,8449,8593,8776,8853,	
Clasificación 8 594 8 2023,2167,2350,2427,8447,8591,8774,8851,	
vigilancia 6 594 6 2021,2246,2592,8445,8670,9016,	
estación 2 594 2 4363,5050,	
sistema 12 594 12 2019,2080,2401,2603,2619,2696,8443,8504,8825,9027,9043,9120,	
mediante 3 594 3 2017,5366,8441,	
25/519 1 594 1 4974,	
oseltamivir) 2 594 2 1995,8419,	
% 85 594 85 1990,2090,2092,2141,2333,2345,2392,2455,2458,2460,2463,2465,3452,3456,3470,3489,3642,3659,3691,3701,3812,3820,3864,3873,3899,3931,3949,4001,4029,4037,4069,4116,4128,4150,4172,4244,4272,4392,4488,4491,4518,4527,4650,4662,4674,4677,4707,4719,4731,4734,4778,4791,4803,4806,4846,4858,4870,4873,4895,4903,4994,4999,5027,5041,5093,5096,5116,5174,5197,5449,5569,5974,6056,8414,8514,8516,8565,8757,8769,8816,8879,8882,8884,8887,8889,	
laca 1 594 1 6271,	
intervalo 2 594 2 1971,8395,	
gravedad 2 594 2 1967,8391,	
(7/104) 1 594 1 4792,	
decreciente 2 594 2 1965,8389,	
familiares 2 594 2 3122,4598,	
orden 2 594 2 1964,8388,	
enumeran 2 594 2 1962,8386,	
procedentes 4 594 4 1953,2589,8377,9013,	
tratar 5 594 5 3403,4374,4504,4541,4915,	
análisis 12 594 12 1948,3385,3586,4226,4339,4615,4640,4748,4769,4823,4942,8372,	
correspondiente 2 594 2 1945,8369,	
categoría 2 594 2 1944,8368,	
incluyen 6 594 6 1937,2310,2713,8361,8734,9137,	
demostró 3 594 3 3025,5487,5899,	
disponibles) 2 594 2 1932,8356,	
partir 3 594 3 1928,2930,8352,	
estimarse 2 594 2 1926,8350,	
(no 2 594 2 1924,8348,	
conocida 12 594 12 1923,2607,2623,2683,2693,2731,8347,9031,9047,9107,9117,9155,	
frecuencia 6 594 6 1921,1973,2260,8345,8397,8684,	
(<1/10 2 594 2 1918,8342,	
raras 4 594 4 1917,2642,8341,9066,	
000) 4 594 4 1915,1919,8339,8343,	
<1/1 2 594 2 1914,8338,	
respiratorios 4 594 4 2119,2410,8543,8834,	
(1/10 2 594 2 1912,8336,	
Raras 2 594 2 1911,8335,	
<1/100) 2 594 2 1910,8334,	
000 7 594 7 1909,1913,6101,6130,6189,8333,8337,	
(1/1 2 594 2 1908,8332,	
experimentaron 12 594 12 2031,2175,2271,2279,2358,2435,8455,8599,8695,8703,8782,8859,	
< 4 594 4 1904,4009,4280,8328,	
1/100 2 594 2 1903,8327,	
Frecuentes 34 594 34 1901,2048,2083,2093,2112,2123,2137,2145,2222,2372,2403,2414,2452,2468,2482,2494,2519,8325,8472,8507,8517,8536,8547,8561,8569,8646,8796,8827,8838,8876,8892,8906,8918,8943,	
actividad 4 594 4 2902,3013,3982,5261,	
1/10) 4 594 4 1900,1905,8324,8329,	
( 11 594 11 1899,1902,1988,2331,3738,3920,4261,8323,8326,8412,8755,	
caja 1 594 1 6316,	
frecuentes 14 594 14 1898,1907,1987,2072,2100,2198,2327,8322,8331,8411,8496,8524,8622,8751,	
cobayas 1 594 1 6052,	
Muy 10 594 10 1897,1916,2082,2136,2451,8321,8340,8506,8560,8875,	
categorías 2 594 2 1896,8320,	
según 5 594 5 1893,1946,3333,8317,8370,	
dando 1 594 1 5709,	
clasificado 2 594 2 1892,8316,	
continuación 2 594 2 1889,8313,	
tablas 4 594 4 1884,1940,8308,8364,	
incluidas 2 594 2 1881,8305,	
notificada 3 594 3 1872,3336,8296,	
adversa 10 594 10 1871,2035,2179,2362,2439,8295,8459,8603,8786,8863,	
reacción 10 594 10 1870,2033,2177,2360,2437,8294,8457,8601,8784,8861,	
(incluyendo 3 594 3 2416,3297,8840,	
1-2 2 594 2 1865,8289,	
espontáneamente 2 594 2 1863,8287,	
resolvieron 2 594 2 1862,8286,	
segundo 4 594 4 1856,4051,4108,8280,	
primer 2 594 2 1854,8278,	
ocasión 2 594 2 1851,8275,	
0; 1 594 1 4811,	
única 6 594 6 1850,5661,5741,6098,6168,8274,	
notificaron 2 594 2 1847,8271,	
cabeza 4 594 4 1839,2086,8263,8510,	
dolor 6 594 6 1837,2561,3566,3581,8261,8985,	
vómitos 7 594 7 1823,1877,2283,2832,8247,8301,8707,	
Reacción 8 594 8 2039,2183,2366,2443,8463,8607,8790,8867,	
notificadas 8 594 8 1809,1996,2314,2328,8233,8420,8738,8752,	
reacciones 16 594 16 1807,1844,1879,1934,1959,2312,2598,2612,8231,8268,8303,8358,8383,8736,9022,9036,	
tomaban 2 594 2 1800,8224,	
99 2 594 2 1797,8221,	
914 2 594 2 1794,8218,	
recibieron 5 594 5 1783,2766,3751,8207,9190,	
032 2 594 2 1780,8204,	
23-62) 1 594 1 5117,	
muscular 1 594 1 3576,	
107 2 594 2 1776,8200,	
realizados 7 594 7 1773,2001,3106,3167,4948,8197,8425,	
libre 1 594 1 3972,	
general 4 594 4 1758,2565,8182,8989,	
perfil 6 594 6 1757,2567,2779,8181,8991,9203,	
adversas 20 594 20 1755,1808,1845,1880,1935,1960,1985,2313,2325,2599,8179,8232,8269,8304,8359,8384,8409,8737,8749,9023,	
Reacciones 8 594 8 1754,1984,2324,2608,8178,8408,8748,9032,	
8 11 594 11 1753,3093,3699,3922,4115,4808,4900,4976,5420,6388,8177,	
influencia 2 594 2 1743,8167,	
máquinas 4 594 4 1739,1751,8163,8175,	
utilizar 4 594 4 1738,1750,8162,8174,	
conducir 4 594 4 1736,1748,8160,8172,	
Efectos 2 594 2 1731,8155,	
7 14 594 14 1730,3690,4127,4240,4277,4661,4673,4790,4896,6110,6157,6173,6366,8154,	
justifica 2 594 2 1722,8146,	
lactante 4 594 4 1721,1728,8145,8152,	
pregelatinizado 1 594 1 6236,	
sólo 4 594 4 1708,2272,8132,8696,	
humana 3 594 3 1706,6010,8130,	
Menos 1 594 1 5446,	
desconoce 2 594 2 1694,8118,	
leche 6 594 6 1692,1705,5995,6009,8116,8129,	
excretan 6 594 6 1689,1702,5992,6006,8113,8126,	
lactantes 2 594 2 1682,8106,	
ratas 11 594 11 1681,5864,5891,5906,5917,5946,5965,5981,6093,6171,8105,	
feto 2 594 2 1679,8103,	
recién 1 594 1 2927,	
justifique 2 594 2 1673,8097,	
madre 5 594 5 1672,1720,5979,8096,8144,	
potencial 7 594 7 1669,1676,1717,6040,8093,8100,8141,	
beneficio 4 594 4 1668,1716,8092,8140,	
humano 4 594 4 5250,5290,5786,5845,	
salvo 2 594 2 1665,8089,	
postnatal 2 594 2 1653,8077,	
parto 3 594 3 1650,5923,8074,	
desarrollo 5 594 5 1648,1652,5884,8072,8076,	
embarazo 4 594 4 1647,1664,8071,8088,	
directos 2 594 2 1642,8066,	
dañinos 2 594 2 1641,8065,	
efectos 6 594 6 1640,5881,5903,6146,6150,8064,	
muestran 2 594 2 1639,8063,	
obtenidos 3 594 3 1768,5766,8192,	
animales 6 594 6 1637,2990,6019,6059,6074,8061,	
(índigo 1 594 1 6281,	
estudios 9 594 9 1635,5314,5514,5657,5791,5806,5861,5912,8059,	
embarazadas 2 594 2 1633,8057,	
mujeres 2 594 2 1632,8056,	
lactancia 5 594 5 1621,1713,5985,8045,8137,	
Embarazo 2 594 2 1619,8043,	
cálcicos) 2 594 2 1616,8040,	
carbonatos 2 594 2 1615,8039,	
aluminio 2 594 2 1611,8035,	
(hidróxidos 2 594 2 1609,8033,	
antiácidos 2 594 2 1608,8032,	
cimetidina 2 594 2 1606,8030,	
acetilsalicílico 2 594 2 1605,8029,	
diseminación 2 594 2 2938,5276,	
ácido 2 594 2 1604,8028,	
paracetamol 2 594 2 1603,8027,	
principal 2 594 2 1595,8019,	
observado 3 594 3 1588,3075,8012,	
fenilbutazona) 2 594 2 1584,8008,	
metotrexato 2 594 2 1583,8007,	
clorpropamida 2 594 2 1582,8006,	
eliminan 2 594 2 1578,8002,	
1TW 1 594 1 6385,	
terapéutico 2 594 2 1574,7998,	
estrecho 2 594 2 1572,7996,	
fármacos 2 594 2 1569,7993,	
conjuntamente 4 594 4 1579,1601,8003,8025,	
tomando 4 594 4 1568,2677,7992,9101,	
estén 2 594 2 1567,7991,	
	"5 1 594 1 2858,	
prescriba 2 594 2 1562,7986,	
embargo 3 594 3 1555,6127,7979,	
vías 2 594 2 1553,7977,	
excretora 2 594 2 1550,7974,	
capacidad 6 594 6 1549,1734,1746,7973,8158,8170,	
aniónica) 2 594 2 1546,7970,	
glomerular 4 594 4 1542,5429,5441,7966,	
(filtración 2 594 2 1541,7965,	
características 2 594 2 1535,7959,	
participaron 3 594 3 1816,4563,8240,	
sustancias 2 594 2 1533,7957,	
mayoría 5 594 5 1530,1841,5403,7954,8265,	
conocido 2 594 2 1527,7951,	
margen 5 594 5 1524,1573,5929,7948,7997,	
oralmente 1 594 1 2973,	
dado 2 594 2 1522,7946,	
competición 2 594 2 1513,7937,	
basadas 2 594 2 1510,7934,	
25/464 1 594 1 3222,	
importantes 2 594 2 1509,7933,	
limitada 2 594 2 1504,7928,	
embrionario/fetal 2 594 2 1649,8073,	
vía 4 594 4 1491,1502,7915,7926,	
elimina 6 594 6 1485,5361,5381,5411,5457,7909,	
amoxicilina 2 594 2 1482,7906,	
cinética 2 594 2 1480,7904,	
presenta 2 594 2 1477,7901,	
Por 1 594 1 3381,	
metabolito 23 594 23 1471,1539,1596,1686,1699,2874,5161,5187,5202,5211,5324,5408,5547,5557,5702,5958,5989,6003,7895,7963,8020,8110,8123,	
duplica 2 594 2 1467,7891,	
aproximadamente 5 594 5 1466,3633,5244,5969,7890,	
tubular 7 594 7 1464,1517,1545,5445,7888,7941,7969,	
secreción 7 594 7 1463,1516,1544,5444,7887,7940,7968,	
aniónicos 2 594 2 1460,7884,	
portadores 1 594 1 3175,	
transportadores 2 594 2 1459,7883,	
inhibidor 3 594 3 1456,2881,7880,	
potente 2 594 2 1455,7879,	
013) 1 594 1 4047,	
normal 3 594 3 1448,3985,7872,	
probenecid 4 594 4 1441,1453,7865,7877,	
concomitante 5 594 5 1439,1451,5225,7863,7875,	
ajustes 3 594 3 1433,5504,7857,	
(29/183) 1 594 1 4038,	
requieren 2 594 2 1432,7856,	
FARMACÉUTICOS 1 594 1 6225,	
probables 4 594 4 1429,1521,7853,7945,	
mecanismos 2 594 2 1426,7850,	
negativos 2 594 2 3417,3434,	
través 4 594 4 1423,1487,7847,7911,	
relevantes 4 594 4 1421,2759,7845,9183,	
interacciones 6 594 6 1419,1506,1589,7843,7930,8013,	
sugieren 2 594 2 1416,7840,	
glucuronidasa 2 594 2 1411,7835,	
P450 3 594 3 1407,5338,7831,	
(53/200) 1 594 1 4030,	
citocromo 3 594 3 1406,5337,7830,	
sistemas 2 594 2 1404,7828,	
independiente 2 594 2 1401,7825,	
metabolismo 2 594 2 1400,7824,	
magnesio 2 594 2 1613,8037,	
proteínas 3 594 3 1397,5287,7821,	
unión 3 594 3 1395,5281,7819,	
escasa 2 594 2 1394,7818,	
farmacocinéticas 5 594 5 1388,1590,5136,7812,8014,	
propiedades 2 594 2 1387,7811,	
destetadas 1 594 1 6095,	
ocurridas 1 594 1 3306,	
interacción 6 594 6 1385,1479,1497,7809,7903,7921,	
virulencia 1 594 1 4343,	
formas 2 594 2 1383,7807,	
medicamentos 3 594 3 1380,7804,9251,	
Interacción 2 594 2 1376,7800,	
Goma 1 594 1 6270,	
2) 8 594 8 1373,1415,2556,5552,5647,7797,7839,8980,	
combinada 1 594 1 3848,	
secciones 2 594 2 1368,7792,	
indiquen 2 594 2 1324,7748,	
fiables 2 594 2 1323,7747,	
epidemiológicos 2 594 2 1322,7746,	
administrarse 4 594 4 1311,1710,7735,8134,	
Sólo 2 594 2 1309,7733,	
administrando 2 594 2 1307,7731,	
esté 2 594 2 1306,7730,	
deterioro 2 594 2 3195,5498,	
superiores 1 594 1 3081,	
mantiene 2 594 2 1302,7726,	
múltiples 1 594 1 5675,	
anual 2 594 2 1291,7715,	
vacunación 2 594 2 1290,7714,	
valoración 2 594 2 1284,7708,	
afectar 2 594 2 1281,7705,	
placebo 19 594 19 1258,2291,2534,2769,3652,3697,3817,3869,4015,4034,4132,4286,4475,4982,5080,7682,8715,8958,9193,	
grupos 7 594 7 1253,2289,3121,3780,4200,7677,8713,	
complicaciones 6 594 6 1250,3675,3798,3851,5132,7674,	
Poco 8 594 8 1906,2071,2099,2197,8330,8495,8523,8621,	
incidencia 14 594 14 1248,3796,3847,4021,4333,4452,4609,4634,4701,4761,4817,4968,5067,7672,	
aclaramiento 1 594 1 5417,	
diferencia 4 594 4 1245,2286,7669,8710,	
observó 4 594 4 1240,5919,6036,7664,	
respiratoria 7 594 7 1237,2792,3483,3748,3844,7661,9216,	
y/o 7 594 7 1235,2791,3484,3747,3843,7659,9215,	
crónica 5 594 5 1234,2793,3486,7658,9217,	
cardiaca 7 594 7 1233,2790,3485,3746,3842,7657,9214,	
sujetos 15 594 15 1230,1565,2277,3391,3413,3672,3736,3743,4187,4213,4372,4502,7654,7989,8701,	
inmunocomprometidos 2 594 2 1217,7641,	
Sin 3 594 3 1554,6126,7978,	
hospitalización 2 594 2 1193,7617,	
requerir 2 594 2 1192,7616,	
inminente 2 594 2 1190,7614,	
postcomercialización 6 594 6 2022,2247,2593,8446,8671,9017,	
riesgo 10 594 10 1189,1675,1725,3145,3723,5130,5781,7613,8099,8149,	
considere 2 594 2 1185,7609,	
inestable 2 594 2 1182,7606,	
suficientemente 2 594 2 1179,7603,	
médica 2 594 2 1178,7602,	
afección 2 594 2 1177,7601,	
respecto 3 594 3 1165,5837,7589,	
hay 3 594 3 1162,3130,7586,	
establecido 6 594 6 1133,1197,1221,7557,7621,7645,	
distintos 2 594 2 1126,7550,	
agentes 2 594 2 1125,7549,	
causadas 2 594 2 1123,7547,	
enfermedades 2 594 2 1122,7546,	
existe 2 594 2 1113,7537,	
causada 3 594 3 1107,3376,7531,	
37 3 594 3 3553,3921,4262,	
frente 8 594 8 1103,1297,3017,3372,4394,4522,7527,7721,	
únicamente 4 594 4 1102,3370,3508,7526,	
eficaz 2 594 2 1101,7525,	
Oseltamivir 31 594 31 1099,1475,1707,2041,2043,2185,2187,2368,2445,2447,2448,2868,2946,2959,2971,3368,4227,4448,5138,5297,7523,7899,8131,8465,8467,8609,8611,8792,8869,8871,8872,	
precauciones 4 594 4 1095,1559,7519,7983,	
Advertencias 2 594 2 1093,7517,	
2/205 1 594 1 4477,	
activo 26 594 26 1084,1256,1472,1540,1687,1700,2875,5162,5188,5203,5212,5325,5409,5548,5558,5703,5959,5990,6004,6064,7508,7680,7896,7964,8111,8124,	
principio 3 594 3 1083,6063,7507,	
79 1 594 1 4738,	
Hipersensibilidad 2 594 2 1081,7505,	
Contraindicaciones 2 594 2 1080,7504,	
establecer 4 594 4 1074,1363,7498,7787,	
suficientes 6 594 6 1066,1355,1625,7490,7779,8049,	
existen 6 594 6 1064,1353,1623,7488,7777,8047,	
Niños 4 594 4 1062,3216,5648,7486,	
fertilidad 1 594 1 5889,	
evidencia 6 594 6 1057,1114,3131,5632,7481,7538,	
exista 2 594 2 1056,7480,	
obervado 1 594 1 3256,	
Ancianos 3 594 3 1046,5553,7470,	
diálisis 4 594 4 986,1043,7410,7467,	
(ml/min) 12 594 12 962,973,981,1020,1031,1038,7386,7397,7405,7444,7455,7462,	
Creatinina 4 594 4 955,1013,7379,7437,	
Aclaramiento 4 594 4 953,1011,7377,7435,	
tabla 8 594 8 951,1009,2265,2307,7375,7433,8689,8731,	
detalla 4 594 4 948,1006,7372,7430,	
primera 1 594 1 6407,	
grave 13 594 13 943,1003,1061,1180,1336,1351,5636,7367,7427,7485,7604,7760,7775,	
renal 28 594 28 928,942,1002,1060,1071,1335,1350,1360,1447,1465,1518,5415,5418,5463,5486,5502,5635,7352,7366,7426,7484,7495,7759,7774,7784,7871,7889,7942,	
hepáticas 5 594 5 925,2705,5169,7349,9129,	
alteraciones 4 594 4 924,2635,7348,9059,	
realizado 4 594 4 919,5121,6169,7343,	
sugiere 2 594 2 1494,7918,	
han 23 594 23 918,1132,1196,1587,1891,2242,2250,2655,2664,3074,3327,5120,5317,5341,7342,7556,7620,8011,8315,8666,8674,9079,9088,	
insuficiencia 19 594 19 914,941,1001,1059,1070,1349,1359,2715,5485,5524,5634,7338,7365,7425,7483,7494,7773,7783,9139,	
ajustar 10 594 10 899,935,995,1050,1339,7323,7359,7419,7474,7763,	
necesario 6 594 6 898,1049,4370,4500,7322,7473,	
No 52 594 52 896,916,982,987,1039,1044,1047,1063,1112,1130,1161,1194,1218,1238,1352,1430,1585,1622,1658,2755,2806,2816,2846,5118,5339,5878,5996,6148,6287,6302,7320,7340,7406,7411,7463,7468,7471,7487,7536,7554,7585,7618,7642,7662,7776,7854,8009,8046,8082,9179,9230,9240,	
hepática 8 594 8 895,915,2716,5511,5525,7319,7339,9140,	
Insuficiencia 8 594 8 894,927,1334,5462,5510,7318,7351,7758,	
especiales 9 594 9 893,1096,2754,6299,6305,6335,7317,7520,9178,	
Poblaciones 2 594 2 892,7316,	
semanas 5 594 5 891,4964,5063,6091,7315,	
brote 3 594 3 875,5011,7299,	
despreciable 1 594 1 5292,	
epidemia 3 594 3 858,4934,7282,	
global 1 594 1 4917,	
exposición 20 594 20 727,1469,5190,5200,5490,5534,5544,5555,5611,5713,5835,5840,5934,5962,6071,6121,6194,6209,7151,7893,	
posteriores 2 594 2 724,7148,	
10 26 594 26 708,773,853,970,980,1028,1037,2344,2459,2462,4114,4515,4625,5399,6318,6420,7132,7197,7277,7394,7404,7452,7461,8768,8883,8886,	
vez 21 594 21 704,780,792,804,813,849,886,977,1024,4411,4958,5057,7128,7204,7216,7228,7237,7273,7310,7401,7448,	
infectado 4 594 4 696,731,7120,7155,	
salud 1 594 1 3984,	
individuo 4 594 4 695,730,7119,7154,	
ojos 1 594 1 6083,	
directo 2 594 2 692,7116,	
prevenir 5 594 5 686,1803,4377,7110,8227,	
dosificación 2 594 2 649,7073,	
pesen 4 594 4 637,832,7061,7256,	
simultánea 1 594 1 3979,	
N2 1 594 1 3285,	
alternativa 4 594 4 626,821,7050,7245,	
laberinto 4 594 4 2111,2493,8535,8917,	
60 4 594 4 606,801,7030,7225,	
23 9 594 9 592,601,787,796,5245,7016,7025,7211,7220,	
> 24 594 24 588,600,612,638,783,795,807,833,960,969,1018,1027,7012,7024,7036,7062,7207,7219,7231,7257,7384,7393,7442,7451,	
kg 28 594 28 581,590,593,602,605,614,640,776,785,788,797,800,809,835,7005,7014,7017,7026,7029,7038,7064,7200,7209,7212,7221,7224,7233,7259,	
15 15 594 15 580,589,775,784,2454,4149,4528,4735,4807,5971,7004,7013,7199,7208,8878,	
Fecha 2 594 2 6404,6412,	
corporal 5 594 5 574,769,5257,6998,7193,	
Peso 4 594 4 573,768,6997,7192,	
peso 4 594 4 572,2552,6996,8976,	
(aproximadamente 1 594 1 5745,	
posología 8 594 8 568,759,945,2547,6992,7183,7369,8971,	
siguiente 8 594 8 567,952,1010,2308,6991,7376,7434,8732,	
indica 1 594 1 5435,	
recomienda 8 594 8 565,934,994,1338,6989,7358,7418,7762,	
indirectos 2 594 2 1644,8068,	
disponible 7 594 7 550,744,1164,6434,6974,7168,7588,	
encuentra 4 594 4 549,743,6973,7167,	
12 12 594 12 543,737,3689,3819,3910,4062,4571,4756,5461,5758,6967,7161,	
durante 29 594 29 535,662,707,852,856,873,1662,1711,1997,2317,3509,3620,3760,4433,4932,4962,5009,5061,5476,6959,7086,7131,7276,7280,7297,8086,8135,8421,8741,	
día 46 594 46 534,587,599,611,620,661,706,782,794,806,815,851,888,968,979,1026,1857,3011,3619,3635,3759,3777,4096,4099,4269,4413,4960,5059,5475,6958,7011,7023,7035,7044,7085,7130,7206,7218,7230,7239,7275,7312,7392,7403,7450,8281,	
veces 21 594 21 532,585,597,609,618,659,966,3009,3617,3757,5473,5950,5955,6204,6956,7009,7021,7033,7042,7083,7390,	
recomendada 26 594 26 524,576,630,684,760,771,825,866,946,957,1015,1077,1366,6948,7000,7054,7108,7184,7195,7249,7290,7370,7381,7439,7501,7790,	
oral 9 594 9 523,563,757,5150,5178,5453,6947,6987,7181,	
náuseas 7 594 7 1825,1834,2280,2828,8249,8258,8704,	
La 42 594 42 521,682,758,864,944,1295,1449,1840,2285,2901,3012,3236,3669,3724,3767,4177,4291,4322,4342,4436,4599,4620,4816,5189,5280,5355,5464,5554,5649,5671,5961,6340,6427,6945,7106,7182,7288,7368,7719,7873,8264,8709,	
edad) 5 594 5 518,679,6221,6942,7103,	
17 6 594 6 515,676,3863,6939,7100,7350,	
13 5 594 5 513,674,3529,6937,7098,	
abdominal 4 594 4 2152,2475,8576,8899,	
(de 4 594 4 512,673,6936,7097,	
administra 2 594 2 1600,8024,	
aparecen 2 594 2 504,6928,	
posible 7 594 7 495,718,1724,5127,6919,7142,8148,	
* 1 594 1 3225,	
sea 4 594 4 494,717,6918,7141,	
pronto 4 594 4 492,715,6916,7139,	
iniciarse 4 594 4 490,713,6914,7137,	
utilizarse 2 594 2 1660,8084,	
3) 6 594 6 482,1160,1657,6906,7584,8081,	
escasez 2 594 2 472,6896,	
Blue 1 594 1 6279,	
debido 2 594 2 469,6893,	
comparables 2 594 2 5589,5731,	
año 4 594 4 466,1154,6890,7578,	
menores 3 594 3 463,5583,6887,	
recomendado 10 594 10 458,983,988,1040,1045,6882,7407,7412,7464,7469,	
apropiadas 2 594 2 450,6874,	
recibir 4 594 4 447,647,6871,7071,	
tragar 6 594 6 443,643,838,6867,7067,7262,	
manifestaciones 2 594 2 2822,9246,	
puedan 6 594 6 442,642,837,6866,7066,7261,	
kg) 2 594 2 439,6863,	
40 14 594 14 438,604,613,639,799,808,834,6862,7028,7037,7063,7223,7232,7258,	
medicamentosas 2 594 2 1507,7931,	
(> 3 594 3 437,5363,6861,	
niños 48 594 48 436,462,539,635,733,830,922,1068,1149,1357,1781,1798,1868,2304,2330,2573,2585,2659,3890,3896,4017,4055,4567,4752,4766,4827,5663,5683,5693,5754,6860,6886,6963,7059,7157,7254,7346,7492,7573,7781,8205,8222,8292,8728,8754,8997,9009,9083,	
Garden 1 594 1 6382,	
adolescentes 18 594 18 434,511,672,1983,2015,2661,2784,3207,3527,3593,4565,6858,6935,7096,8407,8439,9085,9208,	
adultos 36 594 36 433,520,651,681,939,999,1347,1777,1795,1814,1981,2013,2771,2800,3591,4564,4950,5582,5605,5708,5736,5768,6857,6944,7075,7105,7363,7423,7771,8201,8219,8238,8405,8437,9195,9224,	
Los 12 594 12 432,1634,2835,3035,3535,5313,5692,5748,5775,5802,6856,8058,	
replicación 2 594 2 2967,2976,	
45 14 594 14 412,427,559,594,753,789,6456,6476,6836,6851,6983,7018,7177,7213,	
administrar 2 594 2 392,6816,	
75 34 594 34 388,400,529,615,656,699,810,846,881,963,974,1021,1032,3006,3612,3752,4408,4955,5054,5173,5743,6812,6824,6953,7039,7080,7123,7234,7270,7305,7387,7398,7445,7456,	
dosis 48 594 48 386,420,449,522,629,683,824,865,901,937,997,1052,1076,1341,1365,1435,5177,5217,5452,5588,5660,5674,5718,5721,5740,5798,5868,5893,5939,6097,6167,6186,6810,6844,6873,6946,7053,7107,7248,7289,7325,7361,7421,7476,7500,7765,7789,7859,	
bioequivalentes 2 594 2 384,6808,	
formulaciones 2 594 2 383,6807,	
suspensión 14 594 14 381,431,453,562,633,756,828,6805,6855,6877,6986,7057,7180,7252,	
efecto 1 594 1 5942,	
administración 9 594 9 376,1438,1450,5149,5224,5465,6800,7862,7874,	
forma 14 594 14 374,394,417,552,746,3189,3308,3428,5185,6798,6818,6841,6976,7170,	
Posología 10 594 10 372,575,770,956,1014,6796,6999,7194,7380,7438,	
poblaciones 4 594 4 367,2753,6791,9177,	
seguridad 17 594 17 476,1137,1168,1199,1526,1760,2762,5774,5794,5931,6900,7561,7592,7623,7950,8184,9186,	
geográficas 2 594 2 365,6789,	
áreas 2 594 2 364,6788,	
diferentes 4 594 4 363,3895,5482,6787,	
enfermedad 28 594 28 360,1106,1232,1236,2709,2789,3375,3482,3630,3731,3745,3841,3974,4089,4184,4300,4381,4437,4455,4466,4970,5069,6784,7530,7656,7660,9133,9213,	
impacto 2 594 2 357,6781,	
circulantes 2 594 2 354,6778,	
caracteristicas 2 594 2 350,6774,	
acerca 2 594 2 347,6771,	
disponibles 2 594 2 346,6770,	
Ninguna 1 594 1 6338,	
datos 22 594 22 345,474,1065,1321,1354,1624,1767,1931,1952,4210,5749,5776,6016,6769,6898,7489,7745,7778,8048,8191,8355,8376,	
cuenta 3 594 3 343,5609,6767,	
deben 5 594 5 340,1557,2837,6764,7981,	
utilización 4 594 4 331,1628,6755,8052,	
relativas 2 594 2 328,6752,	
proporcionales 1 594 1 5214,	
decisiones 2 594 2 327,6751,	
toma 2 594 2 325,6749,	
oficiales 2 594 2 322,6746,	
recomendaciones 2 594 2 321,6745,	
basándose 2 594 2 318,6742,	
reciben 1 594 1 5738,	
determinarse 2 594 2 317,6741,	
debe 14 594 14 316,489,712,1280,1310,1659,1709,6740,6913,7136,7704,7734,8083,8133,	
horas 3 594 3 3546,3962,5400,	
antivirales 5 594 5 307,333,2998,6731,6757,	
generales 2 594 2 2221,8645,	
sustituto 4 594 4 297,1268,6721,7692,	
significativamente 9 594 9 3766,3794,3969,4093,4196,4450,4774,4966,5065,	
psiquiátricos 8 594 8 2070,2615,2627,2669,8494,9039,9051,9093,	
estacional 5 594 5 283,3126,3360,4321,6707,	
considerar 2 594 2 280,6704,	
podría 2 594 2 279,6703,	
inusualmente 1 594 1 6122,	
pandemia) 2 594 2 277,6701,	
3% 22 594 22 2148,2160,2161,2225,2237,2375,2380,2423,2424,2466,2470,8572,8584,8585,8649,8661,8799,8804,8847,8848,8890,8894,	
situación 2 594 2 275,6699,	
Fenotipado* 2 594 2 3201,3204,	
vacuna 6 594 6 272,300,1271,6696,6724,7695,	
circulante 2 594 2 268,6692,	
cepas 7 594 7 265,3046,3149,3178,3259,5827,6689,	
coincidir 2 594 2 263,6687,	
ej 4 594 4 258,1581,6682,8005,	
(p 9 594 9 257,1580,3710,3828,3881,4044,4133,6681,8004,	
excepcionales 2 594 2 256,6680,	
situaciones 2 594 2 255,6679,	
protección 4 594 4 253,1296,6677,7720,	
necesite 2 594 2 252,6676,	
circunstancias 2 594 2 247,6671,	
función 9 594 9 244,570,1446,2550,5501,6668,6994,7870,8974,	
determinará 2 594 2 239,6663,	
prevención 48 594 48 234,282,312,338,765,818,869,909,1144,1211,1316,1343,1832,1976,2008,2299,2529,3112,4297,4311,4320,4556,4582,4658,4669,4715,4726,4787,4798,4854,4865,6658,6706,6736,6762,7189,7242,7293,7333,7568,7635,7740,7767,8256,8400,8432,8723,8953,	
Tamiflu 44 594 44 231,293,377,380,452,455,547,632,741,762,827,1264,1278,1308,1312,1740,1762,1784,1801,2003,2678,3143,5853,6655,6717,6801,6804,6876,6879,6971,7056,7165,7186,7251,7688,7702,7732,7736,8164,8186,8208,8225,8427,9102,	
apropiado 2 594 2 229,6653,	
El 27 594 27 227,304,487,710,1275,1756,2526,2778,3144,3226,3343,3953,4498,4883,5017,5106,5230,5407,5416,6651,6728,6911,7134,7699,8180,8950,9202,	
clínicamente 9 594 9 216,1420,1508,2758,3052,6640,7844,7932,9182,	
diagnosticado 2 594 2 215,6639,	
caso 13 594 13 212,240,242,260,2843,4379,4400,4428,4550,6636,6664,6666,6684,	
gris 2 594 2 6505,6514,	
oscilando 1 594 1 4166,	
contacto 5 594 5 209,691,6355,6633,7115,	
personas 7 594 7 199,285,1287,5406,6623,6709,7711,	
post-exposición 11 594 11 197,670,766,3116,3119,4312,4384,4557,6621,7094,7190,	
- 19 594 19 195,226,396,403,415,4493,4529,4680,4737,4809,4876,4897,5002,5099,6619,6650,6820,6827,6839,	
Prevención 15 594 15 191,196,665,669,855,989,4287,4383,4931,6615,6620,7089,7093,7279,7413,	
1) 4 594 4 190,1262,6614,7686,	
5 43 594 43 189,481,536,578,663,1159,1261,1372,1375,1414,1656,1835,2852,3094,3621,3637,3646,3647,3761,3914,3997,4028,4730,5003,5098,5133,5196,5431,5477,5769,6294,6309,6613,6905,6960,7002,7087,7583,7685,7796,7799,7838,8080,	
apartado 16 594 16 188,480,1158,1260,1413,1655,2554,5550,5645,6612,6904,7582,7684,7837,8079,8978,	
(ver 18 594 18 187,479,1157,1259,1367,1412,1654,2553,5549,5644,6611,6903,7581,7683,7791,7836,8078,8977,	
A 7 594 7 186,2956,2983,3021,3050,3945,6610,	
proporción 1 594 1 3670,	
predominante 2 594 2 180,6604,	
gripe) 1 594 1 4397,	
infección 8 594 8 179,2965,2992,3366,3447,4143,4547,6603,	
naturalmente 4 594 4 174,4303,4587,6598,	
clínicos 14 594 14 170,1772,1957,2000,2257,2320,3105,3166,6594,8196,8381,8424,8681,8744,	
ensayos 37 594 37 169,920,1771,1819,1830,1956,1999,2256,2319,2340,2347,3028,3078,3104,3165,3235,3408,3499,3606,4175,4205,4223,4318,4330,4947,5122,6593,7344,8195,8243,8254,8380,8423,8680,8743,8764,8771,	
Intervalo 8 594 8 2036,2180,2363,2440,8460,8604,8787,8864,	
basa 4 594 4 166,1764,6590,8188,	
indicación 2 594 2 164,6588,	
Esta 2 594 2 163,6587,	
primeros 4 594 4 161,500,6585,6924,	
aparición 5 594 5 158,3134,3147,3239,6582,	
días 37 594 37 155,501,537,579,664,709,723,774,854,1036,1866,3622,3639,3656,3762,3998,4241,4420,4435,4626,5478,6111,6138,6160,6177,6219,6579,6925,6961,7003,7088,7133,7147,7198,7278,7460,8290,	
periodo 4 594 4 152,3511,5983,6576,	
siguientes 2 594 2 1895,8319,	
inicia 2 594 2 149,6573,	
tratamiento 43 594 43 147,310,336,488,623,711,905,1142,1207,1228,1255,1314,1345,1787,1821,1859,2006,2342,2840,3410,3503,3608,3954,4202,4405,6571,6734,6760,6912,7047,7135,7329,7566,7631,7652,7679,7738,7769,8211,8245,8283,8430,8766,	
eficacia 20 594 20 144,478,1117,1135,1170,1201,1223,3423,4292,4326,4577,4603,5690,6568,6902,7541,7559,7594,7625,7647,	
demostrado 5 594 5 142,4306,4575,5318,6566,	
Se 19 594 19 140,564,933,993,1337,1693,3073,3254,4048,4207,5859,6035,6076,6564,6988,7357,7417,7761,8117,	
mg/kg/día) 1 594 1 5944,	
producida 1 594 1 4458,	
población 32 594 32 139,225,250,863,878,1243,1333,2322,3247,3399,3442,3523,3706,3720,3824,3877,4139,4153,4537,4632,4887,4911,4939,5016,6563,6649,6674,7287,7302,7667,7757,8746,	
circulando 7 594 7 136,222,1330,3520,6560,6646,7754,	
sellado 1 594 1 6326,	
está 9 594 9 135,221,457,1329,6433,6559,6645,6881,7753,	
influenza 41 594 41 134,185,220,1111,1129,1328,2889,2955,2970,2982,3020,3049,3067,3087,3152,3313,3380,3396,3421,3438,3476,3495,3517,3598,3791,3839,3939,3944,3951,4075,4158,4164,4192,4218,5279,6558,6609,6644,7535,7553,7752,	
virus 50 594 50 133,184,219,267,353,1110,1128,1327,2888,2913,2941,2954,2969,2981,3019,3048,3086,3151,3180,3295,3312,3357,3379,3395,3420,3437,3475,3494,3516,3597,3790,3838,3903,3938,3943,4074,4157,4163,4191,4217,4833,5278,6557,6608,6643,6691,6777,7534,7552,7751,	
característicos 2 594 2 127,6551,	
acontecimientos 6 594 6 2240,2569,2781,8664,8993,9205,	
síntomas 15 594 15 126,162,506,2653,2668,3551,3563,3967,4237,4425,6550,6586,6930,9077,9092,	
presentan 6 594 6 124,1887,3278,3388,6548,8311,	
edad 22 594 22 122,206,292,468,546,740,1156,2777,3534,4759,5761,6113,6140,6179,6546,6630,6716,6892,6970,7164,7580,9201,	
aparece 2 594 2 2262,8686,	
años 25 594 25 120,204,290,516,544,677,738,2775,3532,3911,4063,4572,4757,5586,5670,5759,6295,6544,6628,6714,6940,6968,7101,7162,9199,	
equilibrio 2 594 2 5238,5563,	
o 41 594 41 118,202,288,402,414,435,1085,1181,1593,1607,1612,1643,1651,1697,1855,2016,2768,2830,3156,3530,3565,3580,3927,6001,6542,6626,6712,6826,6838,6859,7509,7605,8017,8031,8036,8067,8075,8121,8279,8440,9192,	
pacientes 44 594 44 115,369,912,984,1041,1174,1216,1443,2029,2173,2356,2433,2671,2707,2787,2836,3172,3252,3265,3331,3462,3466,3505,3536,3834,3934,5480,5522,5626,6539,6793,7336,7408,7465,7598,7640,7867,8453,8597,8780,8857,9095,9131,9211,	
En 36 594 36 114,254,323,1680,1867,2305,2564,2641,3102,3397,3496,3584,3784,3832,3891,4016,4076,4094,4385,4552,4627,4687,4940,5029,5910,5980,6086,6162,6538,6678,6747,8104,8291,8729,8988,9065,	
Sinusitis 2 594 2 2378,8802,	
gripe 77 594 77 113,130,172,194,214,237,303,315,486,509,668,688,860,872,932,992,1147,1214,1274,1294,1300,1319,1790,1805,1979,2011,2302,2673,2994,3115,3611,3717,3734,3888,4145,4290,4336,4348,4402,4511,4585,4611,4636,4693,4703,4763,4819,4936,5013,6537,6554,6596,6618,6638,6661,6727,6739,6910,6933,7092,7112,7284,7296,7356,7416,7571,7638,7698,7718,7724,7743,8214,8229,8403,8435,8726,9097,	
Tratamiento 14 594 14 110,483,929,1974,2297,3363,3714,3885,4140,6534,6907,7353,8398,8721,	
terapéuticas 3 594 3 109,5857,6533,	
Indicaciones 2 594 2 108,6532,	
	4 2 594 2 106,6530,	
CLÍNICOS 2 594 2 105,6529,	
DATOS 3 594 3 104,6224,6528,	
4 40 594 40 103,370,1078,1091,1092,1263,1369,1374,1617,1729,1752,2555,2803,3643,3654,3660,3663,3664,4126,4274,4802,4857,5075,5084,5508,5551,5646,6297,6527,6794,7502,7515,7516,7793,7798,8041,8153,8176,8979,9227,	
" 3 594 3 102,6222,6526,	
azul 2 594 2 101,6525,	
mg/kg) 1 594 1 5747,	
color 2 594 2 100,6524,	
son 16 594 16 98,382,1392,1427,1519,2891,5213,5326,5330,5762,5823,6522,6806,7816,7851,7943,	
inscripciones 2 594 2 97,6521,	
mg"" 2 594 2 95,6519,	
""30 1 594 1 94,	
clara 2 594 2 90,3158,	
requisitos 1 594 1 3539,	
amarilla 1 594 1 89,	
(10 1 594 1 3123,	
opaca 2 594 2 88,6513,	
tapa 2 594 2 87,6512,	
""ROCHE"" 2 594 2 84,6509,	
inscripción 4 594 4 83,93,6508,6517,	
frecuentemente 6 594 6 1811,1874,2316,8235,8298,8740,	
eliminación 5 594 5 1537,5595,6337,6341,7961,	
claro 1 594 1 80,	
amarillo 2 594 2 79,6256,	
opaco 2 594 2 78,6504,	
procede 1 594 1 6288,	
cuerpo 2 594 2 77,6503,	
formadas 3 594 3 74,2928,6500,	
están 4 594 4 73,1187,6499,7611,	
presentaban 1 594 1 3541,	
Las 23 594 23 70,96,385,1386,1505,1806,1878,1933,1958,3286,3304,5204,5385,5592,6496,6520,6809,7810,7929,8230,8302,8357,8382,	
	"Cápsula 2 594 2 68,6494,	
FARMACÉUTICA 2 594 2 67,6493,	
FORMA 2 594 2 66,6492,	
3 11 594 11 65,926,1079,3061,3915,5294,5770,6029,6290,6491,7503,	
6 30 594 30 63,890,1618,3071,3700,4003,4060,4068,4097,4249,4391,4492,4736,4904,4963,5001,5062,5100,5397,6223,6284,6289,6296,6308,6332,6333,6376,6489,7314,8042,	
sección 3 594 3 62,5507,6488,	
mostraron 2 594 2 5812,6067,	
ver 3 594 3 61,5506,6487,	
excipientes 5 594 5 60,1090,6230,6486,7514,	
completa 2 594 2 58,6484,	
lista 2 594 2 57,6483,	
consultar 2 594 2 55,6481,	
Para 15 594 15 54,510,538,621,671,732,816,5503,6480,6934,6962,7045,7095,7156,7240,	
equivalente 3 594 3 48,5253,6474,	
Shire 1 594 1 6379,	
fosfato 7 594 7 47,2869,2960,5153,5471,6105,6473,	
oseltamivir 97 594 97 46,53,526,702,884,1119,1139,1172,1203,1225,1390,1474,1499,1563,1592,1598,1630,1661,1683,1696,2293,2338,2767,3016,3040,3160,3183,3262,3268,3324,3342,3351,3615,3709,3755,3783,3792,3827,3880,3956,4018,4043,4081,4122,4294,4407,4484,4579,4623,4954,4992,5053,5089,5152,5240,5267,5283,5302,5321,5359,5370,5390,5470,5492,5536,5591,5652,5729,5752,5952,5986,6000,6038,6104,6472,6479,6950,7126,7308,7543,7563,7596,7627,7649,7814,7898,7923,7987,8016,8022,8054,8085,8107,8120,8717,8762,9191,	
cantidad 2 594 2 44,6470,	
conjunto 4 594 4 1949,2254,8373,8678,	
contiene 3 594 3 42,6317,6468,	
reclutados 2 594 2 3463,3507,	
dura 4 594 4 41,69,6467,6495,	
(15/70) 1 594 1 4847,	
cápsula 12 594 12 40,398,405,654,844,6234,6251,6466,6822,6829,7078,7268,	
	Cada 2 594 2 39,6465,	
nM 4 594 4 3058,3062,3072,3095,	
CUANTITATIVA 2 594 2 38,6464,	
Y 2 594 2 37,6463,	
CUALITATIVA 2 594 2 36,6462,	
COMPOSICIÓN 2 594 2 35,6461,	
región 1 594 1 4357,	
2 27 594 27 34,371,454,1370,1775,1793,3070,3601,3638,3655,4005,4006,4419,4986,5134,5348,5509,5723,6129,6203,6280,6285,6460,6795,7794,8199,8217,	
duras 4 594 4 33,72,6459,6498,	
cápsulas 17 594 17 32,71,378,445,554,645,748,840,6319,6458,6497,6802,6869,6978,7069,7172,7264,	
mg 66 594 66 31,51,389,401,408,413,423,428,530,557,560,583,595,607,616,657,700,751,754,778,790,802,811,847,882,964,975,1022,1033,3007,3613,3753,4409,4956,5055,5468,5744,6457,6477,6813,6825,6832,6837,6847,6852,6954,6981,6984,7007,7019,7031,7040,7081,7124,7175,7178,7202,7214,7226,7235,7271,7306,7388,7399,7446,7457,	
30 23 594 23 30,50,407,422,556,582,750,777,961,972,1019,1030,5642,6831,6846,6980,7006,7174,7201,7385,7396,7443,7454,	
	Tamiflu 2 594 2 29,6455,	
MEDICAMENTO 3 594 3 28,2857,6454,	
NOMBRE 2 594 2 26,6452,	
1 42 594 42 24,25,64,107,541,735,1153,1779,1989,2332,2859,3057,3060,3908,3996,4169,4246,4248,4276,4569,4754,4869,5000,5097,5667,5746,5871,5896,5925,6100,6188,6199,6227,6451,6490,6531,6965,7159,7577,8203,8413,8756,	
alcanzadas 2 594 2 3002,5734,	
PRODUCTO 1 594 1 23,	
DEL 4 594 4 22,27,6425,6453,	
(23/89) 1 594 1 4708,	
grupo 25 594 25 1993,2336,3651,3696,3816,3868,4033,4078,4119,4131,4474,4482,4654,4666,4711,4723,4783,4795,4850,4862,4980,4990,5079,8417,8760,	
adquirida 4 594 4 173,4302,4586,6597,	
CARACTERÍSTICAS 1 594 1 21,	
LAS 1 594 1 20,	
DE 9 594 9 19,2855,6368,6371,6390,6392,6397,6401,6422,	
RESUMEN 1 594 1 18,	
O 1 594 1 17,	
TÉCNICA 1 594 1 16,	
FICHA 1 594 1 15,	
ocasiones 2 594 2 2643,9067,	
información 5 594 5 12,1163,3335,6428,7587,	
Toda 1 594 1 10,	
medicamento 5 594 5 9,14,5617,6343,6432,	
Basica 1 594 1 7,	
	Información 1 594 1 6,	
ORAL 1 594 1 5,	
SUSP 1 594 1 4,	
carboxilato) 2 594 2 2877,5164,	
POLVO 1 594 1 3,	
30G 1 594 1 2,	
12MG/ML 1 594 1 1,	
TAMIFLU 1 594 1 0,	
