	Prospectos 1 147 1 9728,	
coagulación 1 147 1 9701,	
tragar 1 147 1 9697,	
musculoesquelético 1 147 1 9687,	
(manchas 1 147 1 9673,	
rápida 1 147 1 9659,	
rojo 1 147 1 9656,	
rinorrea 1 147 1 9648,	
respiratorias 1 147 1 9642,	
vías 1 147 1 9641,	
inflamación 1 147 1 9621,	
rojos 1 147 1 9619,	
calambres 1 147 1 9592,	
rigidez 1 147 1 9589,	
hipertermia 1 147 1 9568,	
repentina 1 147 1 9546,	
eritema 1 147 1 9541,	
musculares 2 147 2 9522,9593,	
dolores 1 147 1 9521,	
cara 2 147 2 9514,9556,	
hinchazón 2 147 2 9511,9545,	
rojez 1 147 1 9509,	
diarrea 1 147 1 9502,	
sibilancia 1 147 1 9500,	
nasal 1 147 1 9496,	
ardor 2 147 2 9493,9661,	
acúfenos 1 147 1 9489,	
sensibilidad 3 147 3 9485,9579,9628,	
descenso 1 147 1 9482,	
letargo 1 147 1 9480,	
debilidad 1 147 1 9478,	
secreción 1 147 1 9468,	
exantema 1 147 1 9464,	
picor 3 147 3 9462,9608,9678,	
estrechez 1 147 1 9457,	
espalda 1 147 1 9455,	
malestar 1 147 1 9723,	
palidez 1 147 1 9451,	
respiratoria 2 147 2 9444,9574,	
dificultad 3 147 3 9443,9573,9695,	
fatiga 1 147 1 9441,	
torácico 1 147 1 9437,	
(Entre 2 147 2 9427,9596,	
cabeza 1 147 1 9423,	
frío 3 147 3 9415,9683,9689,	
(hormigueo) 1 147 1 9411,	
sensación 4 147 4 9409,9413,9552,9681,	
(ocurren 1 147 1 9397,	
siguientes 1 147 1 9392,	
notificaron 1 147 1 9390,	
Durante 1 147 1 9385,	
dígaselo 1 147 1 9380,	
estaban 1 147 1 9362,	
secundarios 2 147 2 9355,9377,	
producir 1 147 1 9339,	
igual 1 147 1 9332,	
	Al 1 147 1 9331,	
EFECTOS 1 147 1 9329,	
POSIBLES 1 147 1 9328,	
póngase 1 147 1 9321,	
olvidó 1 147 1 9309,	
seguras 1 147 1 9307,	
comunicados 1 147 1 9288,	
cambiar 1 147 1 9269,	
sanitarios) 1 147 1 9218,	
profesionales 1 147 1 9217,	
destinada 1 147 1 9214,	
mezclará 1 147 1 9205,	
intravenosa) 1 147 1 9196,	
(mediante 1 147 1 9194,	
vena 1 147 1 9193,	
administra 1 147 1 9188,	
CÓMO 1 147 1 9183,	
Consulte 1 147 1 9170,	
pasar 1 147 1 9165,	
Embarazo/Lactancia 1 147 1 9129,	
receta 1 147 1 9110,	
adquiridos 1 147 1 9108,	
recientemente 1 147 1 9102,	
usado 1 147 1 9101,	
usando 1 147 1 9098,	
Informe 1 147 1 9090,	
hay 2 147 2 9078,9141,	
moradas) 1 147 1 9674,	
teoría 1 147 1 9077,	
Uso 2 147 2 9050,9111,	
ancianos 1 147 1 9049,	
incluidos 1 147 1 9044,	
grupos 2 147 2 9023,9041,	
Distintos 1 147 1 9022,	
prevenir 1 147 1 9017,	
necesite 1 147 1 9012,	
decírselo 1 147 1 9005,	
Adversos"") 1 147 1 8997,	
""Posibles 1 147 1 8995,	
produce 2 147 2 8979,9677,	
secundario 2 147 2 8976,9373,	
relacionada 1 147 1 8969,	
desarrollar 1 147 1 8961,	
componente 1 147 1 8946,	
(hipersensible) 1 147 1 8942,	
anafiláctica 1 147 1 8933,	
alérgica 1 147 1 8932,	
experimentado 1 147 1 8929,	
	"No 1 147 1 8924,	
USAR 2 147 2 8922,9184,	
sanguíneos 1 147 1 8892,	
paredes 1 147 1 8888,	
acumulando 1 147 1 8885,	
(GL-3) 1 147 1 8873,	
globotriaosilceramida 1 147 1 8872,	
denominada 1 147 1 8871,	
grasa 1 147 1 8870,	
sustancia 1 147 1 8869,	
afectados 1 147 1 8862,	
normal 1 147 1 8859,	
inferior 1 147 1 8857,	
UTILIZA 1 147 1 8829,	
SE 1 147 1 8828,	
PARA 1 147 1 8826,	
QUÉ 2 147 2 8822,8827,	
Información 1 147 1 8819,	
Conservación 1 147 1 8815,	
Contenido 1 147 1 8789,	
informe 1 147 1 8783,	
mencionado 1 147 1 8779,	
aprecia 1 147 1 8774,	
sufre 2 147 2 8769,9370,	
sintomas 1 147 1 8754,	
tengan 1 147 1 8751,	
dárselo 1 147 1 8746,	
le 2 147 2 8738,9314,	
síncope 1 147 1 9491,	
farmacéutico 4 147 4 8733,8788,9095,9175,	
ojos 2 147 2 9610,9618,	
consulte 1 147 1 8728,	
duda 1 147 1 8727,	
leerlo 1 147 1 8722,	
Conserve 1 147 1 8712,	
empezar 1 147 1 8706,	
detenidamente 1 147 1 8703,	
cardíaco 1 147 1 9472,	
32 1 147 1 8688,	
EU/1/01/188/006 1 147 1 8587,	
EU/1/01/188/005 1 147 1 8586,	
EU/1/01/188/004 1 147 1 8585,	
NL 2 147 2 8355,8678,	
­ 2 147 2 8354,8677,	
OTROS 2 147 2 8349,8672,	
VOLUMEN 2 147 2 8344,8667,	
PESO 2 147 2 8343,8666,	
	Lote 2 147 2 8338,8661,	
	 2 147 2 8327,8650,	
ETIQUETA 2 147 2 8298,8621,	
articulaciones 1 147 1 9527,	
PRIMARIOS 2 147 2 8297,8620,	
ACONDICIONAMIENTOS 2 147 2 8296,8619,	
PEQUEÑOS 2 147 2 8295,8618,	
MÍNIMA 2 147 2 8290,8613,	
BRAILLE 2 147 2 8288,8611,	
INSTRUCCIONES 2 147 2 8282,8605,	
GENERALES 2 147 2 8273,8596,	
Lote 2 147 2 8269,8592,	
NÚMERO 4 147 4 8266,8335,8589,8658,	
13 2 147 2 8265,8588,	
EU/1/01/188/003 1 147 1 8264,	
EU/1/01/188/002 1 147 1 8263,	
EU/1/01/188/001 1 147 1 8262,	
12 2 147 2 8255,8578,	
NL-1411DD 2 147 2 8251,8574,	
UNIDADES 2 147 2 8347,8670,	
Titular 2 147 2 8239,8562,	
11 2 147 2 8228,8551,	
CORRESPONDA) 2 147 2 8219,8542,	
(CUANDO 2 147 2 8218,8541,	
SU 2 147 2 8216,8539,	
DERIVADOS 2 147 2 8214,8537,	
MATERIALES 2 147 2 8213,8536,	
UTILIZADO 2 147 2 8209,8532,	
NO 2 147 2 8208,8531,	
ELIMINACIÓN 2 147 2 8205,8528,	
PRECAUCIONES 2 147 2 8202,8525,	
	Conservar 2 147 2 8194,8517,	
CONSERVACIÓN 2 147 2 8193,8516,	
{mes/año} 4 147 4 8188,8333,8511,8656,	
	CAD 4 147 4 8187,8332,8510,8655,	
CADUCIDAD 4 147 4 8186,8331,8509,8654,	
NECESARIO 2 147 2 8178,8501,	
ES 3 147 3 8177,8500,8823,	
SI 2 147 2 8176,8499,	
ESPECIAL(ES) 2 147 2 8175,8498,	
ADVERTENCIA(S) 2 147 2 8174,8497,	
OTRA(S) 2 147 2 8173,8496,	
alcance 2 147 2 8164,8487,	
MANTENERSE 2 147 2 8160,8483,	
prospecto 7 147 7 8146,8469,8702,8714,8782,8791,9035,	
ADMINISTRACIÓN 6 147 6 8141,8308,8326,8464,8631,8649,	
VÍA(S) 4 147 4 8139,8306,8462,8629,	
paraconcentrado 2 147 2 8122,8131,	
	1 2 147 2 8108,8429,	
ENVASE 2 147 2 8107,8428,	
manitol 2 147 2 8092,8413,	
EXCIPIENTES 2 147 2 8090,8411,	
EXTERIOR 4 147 4 8049,8051,8370,8372,	
supervisión 1 147 1 9225,	
EMBALAJE 4 147 4 8048,8050,8369,8371,	
EL 4 147 4 8047,8157,8368,8480,	
DEBE 6 147 6 8044,8159,8292,8365,8482,8615,	
QUE 6 147 6 8043,8156,8291,8364,8479,8614,	
PROSPECTO 2 147 2 8037,8687,	
ETIQUETADO 2 147 2 8035,8040,	
ANEXO 1 147 1 8033,	
tres 1 147 1 8031,	
entregar 1 147 1 8029,	
Seguridad 1 147 1 8026,	
Periódicos 1 147 1 8024,	
Informes 1 147 1 8023,	
OTRAS 1 147 1 8020,	
cuerpo 1 147 1 8881,	
procede 1 147 1 8018,	
EFICAZ 1 147 1 8014,	
UTILIZACIÓN 1 147 1 8011,	
CON 1 147 1 8009,	
RELACIÓN 1 147 1 8008,	
Características 1 147 1 7998,	
Resumen 1 147 1 7995,	
Técnica 1 147 1 7993,	
LOTE 4 147 4 8268,8337,8591,8660,	
Ficha 1 147 1 7992,	
Anexo 1 147 1 7990,	
(Véase 1 147 1 7989,	
restringida 1 147 1 7988,	
médica 3 147 3 7987,8280,8603,	
sujeto 3 147 3 7984,8277,8600,	
debiera 1 147 1 9284,	
Medicamento 3 147 3 7983,8276,8599,	
AL 1 147 1 7976,	
IMPUESTAS 1 147 1 7975,	
USO 5 147 5 7974,8217,8284,8540,8607,	
DISPENSACIÓN 3 147 3 7972,8275,8598,	
RESTRICCIONES 2 147 2 7970,8006,	
· 86 147 86 7967,8003,8019,9406,9408,9412,9416,9418,9420,9424,9435,9438,9440,9442,9445,9448,9450,9452,9456,9461,9463,9465,9467,9470,9474,9477,9479,9481,9488,9490,9492,9494,9497,9499,9501,9503,9506,9508,9510,9515,9520,9523,9528,9530,9535,9540,9544,9548,9551,9560,9564,9567,9570,9572,9575,9582,9585,9588,9591,9605,9607,9611,9617,9620,9624,9631,9635,9637,9643,9647,9649,9657,9660,9664,9669,9672,9680,9685,9688,9694,9698,9700,9708,9716,9722,9724,	
Reino 1 147 1 7958,	
8PU 1 147 1 7957,	
CB9 1 147 1 7956,	
Suffolk 1 147 1 7955,	
Haverhill 1 147 1 7954,	
bebidas 2 147 2 9118,9128,	
Hollands 1 147 1 7952,	
Ltd 1 147 1 7950,	
lotes 1 147 1 7948,	
liberación 1 147 1 7945,	
responsable(s) 1 147 1 7942,	
02134 1 147 1 7932,	
Allston 1 147 1 7930,	
Road 2 147 2 7929,7953,	
Field 1 147 1 7928,	
76 1 147 1 7915,	
UU 3 147 3 7912,7923,7934,	
EE 3 147 3 7911,7922,7933,	
01701-9322 2 147 2 7910,7921,	
Framingham 2 147 2 7908,7919,	
Avenue 2 147 2 7907,7918,	
York 2 147 2 7906,7917,	
New 2 147 2 7905,7916,	
51 1 147 1 7904,	
Corp 3 147 3 7903,7914,7925,	
biológico(s) 1 147 1 7901,	
activo(s) 1 147 1 7900,	
principio(s) 1 147 1 7899,	
fabricante(s) 2 147 2 7895,7941,	
los) 3 147 3 7894,7898,7940,	
dirección 2 147 2 7891,7937,	
Nombre 2 147 2 7889,7935,	
anormal 2 147 2 9410,9476,	
CONDICIONES 9 147 9 7861,7961,7968,8004,8021,8190,8272,8513,8595,	
LOTES 2 147 2 7859,7888,	
{número} 4 147 4 8270,8339,8593,8662,	
LOS 4 147 4 7858,7887,8212,8535,	
LIBERACIÓN 2 147 2 7856,7885,	
RESPONSABLE(S) 2 147 2 7853,7882,	
FABRICACIÓN 2 147 2 7852,7881,	
TITULAR(ES) 2 147 2 7847,7876,	
BIOLÓGICO(S) 2 147 2 7845,7874,	
ACTIVO(S) 4 147 4 7844,7873,8076,8397,	
PRINCIPIO(S) 4 147 4 7843,7872,8075,8396,	
(DE 2 147 2 7841,7870,	
FABRICANTE(S) 2 147 2 7839,7868,	
EU/1/01/188/004-006 1 147 1 7785,	
lagrimal 1 147 1 9469,	
	Genzyme 3 147 3 7768,8350,8673,	
	6 1 147 1 6995,	
1/100)) 1 147 1 5129,	
debeutilizarse 1 147 1 5021,	
40% 1 147 1 4522,	
fuera 2 147 2 8162,8485,	
máxima 1 147 1 4515,	
) 1 147 1 4240,	
europa 2 147 2 3931,7836,	
emea 2 147 2 3930,7835,	
//www 2 147 2 3929,7834,	
http 2 147 2 3928,7833,	
(EMEA) 2 147 2 3927,7832,	
Medicamentos 2 147 2 3926,7831,	
calor 2 147 2 9554,9693,	
Europea 2 147 2 3924,7829,	
Agencia 2 147 2 3923,7828,	
Vía 4 147 4 8142,8321,8465,8644,	
web 2 147 2 3920,7825,	
pagina 2 147 2 3919,7824,	
TEXTO 2 147 2 3908,7813,	
REVISIÓN 2 147 2 3906,7811,	
03/08/2006 2 147 2 3901,7806,	
renovación 2 147 2 3900,7805,	
03/08/2001 2 147 2 3894,7800,	
autorización 4 147 4 3893,7799,8242,8565,	
AUTORIZACIÓN/RENOVACIÓN 2 147 2 3885,7791,	
PRIMERA 2 147 2 3884,7790,	
FECHA 8 147 8 3881,3903,7787,7808,8184,8329,8507,8652,	
EU/1/01/188/001-003 1 147 1 3879,	
NÚMERO(S) 4 147 4 3874,7780,8256,8579,	
Bajos 4 147 4 3872,7778,8254,8577,	
Países 4 147 4 3871,7777,8253,8576,	
congestión 2 147 2 9495,9638,	
Naarden 4 147 4 3870,7776,8252,8575,	
DD 2 147 2 3869,7775,	
NL-1411 2 147 2 3868,7774,	
Gooimeer 4 147 4 3866,7772,8249,8572,	
V 6 147 6 3865,7771,8248,8353,8571,8676,	
B 9 147 9 3864,7770,7860,7960,8247,8352,8570,8675,8686,	
Europe 6 147 6 3863,7769,8246,8351,8569,8674,	
COMERCIALIZACIÓN 11 147 11 3861,3878,7767,7784,7866,7966,7982,8238,8261,8561,8584,	
pérdida 2 147 2 3799,7705,	
producirá 2 147 2 3797,7703,	
proteica 2 147 2 3793,7699,	
tos 1 147 1 9498,	
partícula 2 147 2 3792,7698,	
proteínas 2 147 2 3787,7693,	
unión 2 147 2 3784,7690,	
presión 1 147 1 9534,	
Administración 2 147 2 3762,7668,	
sacuda 2 147 2 3754,7660,	
mezclar 2 147 2 3749,7655,	
masaje 2 147 2 3741,7647,	
cuidadosamente 2 147 2 3737,7643,	
Invierta 2 147 2 3736,7642,	
250 2 147 2 3723,7629,	
70 4 147 4 3704,3715,7610,7621,	
use 9 147 9 3693,3706,3719,3732,7599,7612,7625,7638,8925,	
inferiores 2 147 2 3689,7595,	
basándose 2 147 2 3682,7588,	
50 4 147 4 3678,3697,7584,7603,	
Determine 2 147 2 3663,7569,	
detallada 2 147 2 3911,7816,	
05 2 147 2 3657,7563,	
concentración 2 147 2 3653,7559,	
aire) 2 147 2 3650,7556,	
espacio 2 147 2 3648,7554,	
hacerlo 2 147 2 3645,7551,	
(evitando 2 147 2 3644,7550,	
continuación 2 147 2 3627,7533,	
evite 2 147 2 3620,7526,	
filtro 4 147 4 3618,3774,7524,7680,	
agujas 2 147 2 3616,7522,	
mg) 2 147 2 3600,7506,	
Extraiga 2 147 2 3590,7496,	
aire/líquido 2 147 2 3588,7494,	
interfase 2 147 2 3587,7493,	
aire 2 147 2 3577,7483,	
Elimine 2 147 2 3575,7481,	
equivalente 2 147 2 3564,7470,	
bolsa 8 147 8 3559,3581,3745,3759,7465,7487,7651,7665,	
retirar 2 147 2 3556,7462,	
TITULAR 5 147 5 3856,7762,7977,8233,8556,	
añadir 2 147 2 3542,7448,	
abdominales 1 147 1 9505,	
Dilución 2 147 2 3538,7444,	
locales 2 147 2 3537,7443,	
normativas 2 147 2 3536,7442,	
acuerdo 2 147 2 3533,7439,	
realizará 2 147 2 3531,7437,	
contacto 3 147 3 3527,7433,9323,	
hayan 2 147 2 3524,7430,	
materiales 2 147 2 3522,7428,	
utilizado 2 147 2 3517,7423,	
proteicas 2 147 2 3510,7416,	
minimizar 4 147 4 3505,3585,7411,7491,	
diluir 2 147 2 3500,7406,	
extrañas 2 147 2 3488,7394,	
observa 2 147 2 3486,7392,	
VIALES 4 147 4 8055,8057,8376,8378,	
cambiado 2 147 2 3478,7384,	
partículas 6 147 6 3475,3487,3509,7381,7393,7415,	
visualmente 2 147 2 3465,7371,	
compruebe 2 147 2 3464,7370,	
diluirla 2 147 2 3463,7369,	
Antes 5 147 5 3461,3540,7367,7446,8802,	
pH 2 147 2 3450,7357,	
muscular 1 147 1 9587,	
incolora 2 147 2 3448,7355,	
apariencia 2 147 2 3445,7352,	
presenta 2 147 2 3443,7350,	
agite 4 147 4 3425,3756,7332,7662,	
invierta 2 147 2 3423,7330,	
suavemente 2 147 2 3421,7328,	
personas 2 147 2 8749,9346,	
Incline 2 147 2 3413,7320,	
directamente 4 147 4 3409,3633,7316,7539,	
goteo 3 147 3 3400,7307,9190,	
lentamente 6 147 6 3393,3591,3629,7300,7497,7535,	
añadiendo 2 147 2 3392,7299,	
Esto 2 147 2 3389,7296,	
liofilizado 4 147 4 3383,3412,7290,7319,	
violento 2 147 2 3375,7282,	
impacto 2 147 2 3374,7281,	
Evite 2 147 2 3372,7279,	
Reconstituya 2 147 2 3356,7263,	
único 2 147 2 3352,7259,	
Cada 2 147 2 3345,7252,	
minutos) 2 147 2 3344,7251,	
30 2 147 2 3343,7250,	
(aproximadamente 2 147 2 3342,7249,	
ambiente 2 147 2 3341,7248,	
nevera 6 147 6 3334,7241,8196,8358,8519,8681,	
reconstitución 4 147 4 3319,3497,7226,7403,	
necesarios 4 147 4 3316,3331,7223,7238,	
aséptica 2 147 2 3309,7216,	
técnica 2 147 2 3308,7215,	
observaron 1 147 1 9357,	
Utilice 2 147 2 3306,7213,	
administrarse 3 147 3 3302,7209,9211,	
9% 8 147 8 3300,3573,3643,3676,7207,7479,7549,7582,	
cloruro 8 147 8 3296,3569,3639,3672,7203,7475,7545,7578,	
manipulaciones 2 147 2 3275,7182,	
tamaños 2 147 2 3264,7171,	
estén 2 147 2 3261,7168,	
Puede 3 147 3 3258,7165,9010,	
Tamaño 2 147 2 3247,7154,	
plástico 2 147 2 3246,7153,	
capuchón 2 147 2 3244,7151,	
aluminio 2 147 2 3241,7148,	
precinto 2 147 2 3239,7146,	
siliconizado 2 147 2 3236,7143,	
butilo 2 147 2 3235,7142,	
eu 2 147 2 3932,7837,	
tapón 2 147 2 3233,7140,	
cierre 2 147 2 3229,7136,	
I 3 147 3 3224,7131,7991,	
Tipo 2 147 2 3223,7130,	
transparente 4 147 4 3221,3446,7128,7353,	
viales 14 147 14 3218,3255,3315,3330,3503,7125,7162,7222,7237,7409,8119,8128,8440,8450,	
suministra 3 147 3 3216,7123,9198,	
contenido 4 147 4 3209,3578,7116,7484,	
Naturaleza 2 147 2 3207,7114,	
(entre 8 147 8 3201,3677,7108,7583,8197,8359,8520,8682,	
refrigerado 2 147 2 3200,7107,	
transportar 2 147 2 3199,7106,	
Conservar 4 147 4 3197,7104,8356,8679,	
conservación 2 147 2 3196,7103,	
Precauciones 4 147 4 3193,3269,7100,7176,	
8°C 2 147 2 3190,7097,	
temperatura 4 147 4 3186,3340,7093,7247,	
horas 2 147 2 3183,7090,	
diluida 6 147 6 3175,3752,3769,7082,7658,7675,	
debería 2 147 2 3170,7077,	
almacenarse 2 147 2 3168,7075,	
usuario 2 147 2 3162,7069,	
responsabilidad 2 147 2 3160,7067,	
condiciones 2 147 2 3152,7059,	
inmediato 2 147 2 3150,7057,	
utiliza 4 147 4 3148,7055,8800,8832,	
inmediatamente 4 147 4 3144,7051,9009,9384,	
microbiológico 2 147 2 3139,7046,	
vista 4 147 4 3138,7045,8168,8491,	
punto 2 147 2 3136,7043,	
Desde 2 147 2 3134,7041,	
diluidas 2 147 2 3133,7040,	
Lea 1 147 1 8699,	
reconstituidas 2 147 2 3131,7038,	
Soluciones 2 147 2 3130,7037,	
validez 2 147 2 3127,7034,	
mezclarse 2 147 2 3114,7021,	
incompatibilidad 2 147 2 3110,7017,	
ausencia 2 147 2 3106,7013,	
Incompatibilidades 2 147 2 3104,7011,	
AUTORIZACIÓN 15 147 15 3859,3876,3888,7765,7782,7794,7850,7864,7879,7964,7980,8236,8259,8559,8582,	
heptahidratado 4 147 4 3101,7008,8100,8421,	
dibásico 4 147 4 3100,7007,8099,8420,	
monohidratado 4 147 4 3097,7004,8096,8417,	
prescripción 3 147 3 7986,8279,8602,	
monobásico 4 147 4 3096,7003,8095,8416,	
sódico 16 147 16 3095,3099,3297,3570,3640,3673,7002,7006,7204,7476,7546,7579,8094,8098,8415,8419,	
Fosfato 4 147 4 3094,3098,7001,7005,	
Manitol 2 147 2 3093,7000,	
Lista 2 147 2 3090,6997,	
FARMACÉUTICOS 2 147 2 3087,6994,	
genotóxico 2 147 2 3082,6989,	
potencial 2 147 2 3081,6988,	
etapas 2 147 2 3074,6981,	
llevado 2 147 2 3067,6974,	
repetidas 2 147 2 3059,6966,	
únicas 2 147 2 3054,6961,	
toxicidad 6 147 6 3051,3056,3062,6958,6963,6969,	
farmacológica 2 147 2 3049,6956,	
según 2 147 2 3044,6951,	
hombre 2 147 2 3043,6950,	
especial 3 147 3 3040,6947,8950,	
LA 20 147 20 3858,3883,3887,3905,7764,7789,7793,7810,7849,7855,7863,7878,7884,7963,7979,8010,8235,8258,8558,8581,	
peligro 2 147 2 3039,6946,	
conocen 1 147 1 9057,	
manifiesto 2 147 2 3037,6944,	
pusieron 2 147 2 3035,6942,	
preclínicos 2 147 2 3024,6931,	
Datos 2 147 2 3023,6930,	
secundaria 2 147 2 3018,6925,	
considera 3 147 3 3015,6922,8761,	
clínicamente 2 147 2 3005,6912,	
afecte 2 147 2 2994,6901,	
consiguiente 2 147 2 2986,6893,	
péptica 2 147 2 2984,6891,	
metabólicamente 2 147 2 2981,6888,	
degrade 2 147 2 2980,6887,	
Calcule 2 147 2 3311,7218,	
prevé 2 147 2 2977,6884,	
inesperados 2 147 2 2952,6859,	
produjeron 2 147 2 2950,6857,	
basado 2 147 2 2942,6849,	
aumento 6 147 6 2933,2962,6840,6869,9531,9625,	
exposición 4 147 4 2941,2965,6848,6872,	
global 2 147 2 2924,6831,	
Unido 1 147 1 7959,	
240 2 147 2 2920,6827,	
L 2 147 2 2914,6821,	
aumentó 4 147 4 2910,2918,6817,6825,	
Vee 2 147 2 2909,6816,	
ritmo 1 147 1 9471,	
seroconversión 6 147 6 2898,2930,2968,6805,6837,6875,	
min 4 147 4 2895,2921,6802,6828,	
55 2 147 2 2894,6801,	
L; 2 147 2 2889,6796,	
mL/min 4 147 4 2875,2907,6782,6814,	
77 2 147 2 2874,6781,	
influencia 2 147 2 2858,6764,	
kg) 2 147 2 2852,6758,	
completar 2 147 2 3605,7511,	
64 2 147 2 2850,6756,	
ANTES 1 147 1 8920,	
27 2 147 2 2847,6753,	
pesaban 2 147 2 2845,6751,	
evaluó 2 147 2 2831,6737,	
120 2 147 2 2823,6729,	
ml/min 2 147 2 2809,6715,	
119-345 2 147 2 2808,6714,	
plasmático 2 147 2 2804,6710,	
l 2 147 2 2801,6707,	
40 2 147 2 2799,6705,	
3- 2 147 2 2798,6704,	
estacionario 4 147 4 2793,2884,6699,6791,	
experimenta 1 147 1 8999,	
medio 4 147 4 2788,2879,6694,6786,	
volumen 12 147 12 2787,2878,3544,3563,3607,3665,6693,6785,7450,7469,7513,7571,	
min/ml 2 147 2 2785,6691,	
microg 2 147 2 2784,6690,	
780 2 147 2 2783,6689,	
370 2 147 2 2781,6687,	
AUCinf 2 147 2 2777,6683,	
ng/ml 2 147 2 2773,6679,	
500 7 147 7 2772,3680,3734,6678,7586,7640,7926,	
000 3 147 3 2769,6675,9603,	
m 2 147 2 3780,7686,	
plasmáticas 4 147 4 2765,3788,6671,7694,	
Cmax 4 147 4 2764,2947,6670,6854,	
300 2 147 2 2745,6651,	
aproximadamente 4 147 4 2744,3456,6650,7363,	
minutos 6 147 6 2728,2746,2824,6634,6652,6730,	
100 9 147 9 2727,3710,3717,3730,6633,7616,7623,7636,9433,	
45 2 147 2 2725,6631,	
osciló 4 147 4 2723,2766,6629,6672,	
dependió 2 147 2 2718,6624,	
semivida 8 147 8 2715,2815,2891,2917,6621,6721,6798,6824,	
saturado 2 147 2 2713,6619,	
proporcional 2 147 2 2697,6603,	
envase 2 147 2 3211,7118,	
aumentaron 2 147 2 2693,6599,	
AUC 4 147 4 2692,2945,6598,6852,	
valores 2 147 2 2690,6596,	
Tras 6 147 6 2666,2729,2896,6572,6635,6803,	
farmacocinéticas 2 147 2 2665,6571,	
aclaración 1 147 1 2658,	
impregnación 2 147 2 2634,6539,	
mantenimiento 2 147 2 2620,6525,	
definitiva 2 147 2 2614,6519,	
sacar 2 147 2 2611,6516,	
(número 2 147 2 2604,6509,	
diseño 2 147 2 2601,6506,	
limitaciones 2 147 2 2599,6504,	
intervenir 2 147 2 2586,6491,	
superficial) 2 147 2 2568,6473,	
cutáneo 2 147 2 2567,6472,	
(endotelio 2 147 2 2565,6470,	
capilar 4 147 4 2554,2566,6459,6471,	
celular 2 147 2 2550,6455,	
pudo 2 147 2 2543,6448,	
18 2 147 2 2541,6446,	
24 5 147 5 2528,3182,6433,7089,8038,	
alternas 2 147 2 2526,6431,	
alternativa 2 147 2 2517,6422,	
seguir 2 147 2 2501,6406,	
21 2 147 2 2497,6402,	
adicional 3 147 3 2493,6398,8820,	
aplicable 3 147 3 2485,6390,9037,	
sólo 5 147 5 2483,3733,6388,7639,9220,	
CONTENIDO 4 147 4 8105,8341,8426,8664,	
(equivalentes 2 147 2 3597,7503,	
conclusión 4 147 4 2482,2613,6387,6518,	
significativo 2 147 2 3006,6913,	
iniciar 2 147 2 2475,6380,	
inicio 2 147 2 2451,6356,	
superficial 4 147 4 2437,2472,6342,6377,	
año 2 147 2 2424,6329,	
edad; 2 147 2 2414,6319,	
(8-16 2 147 2 2411,6316,	
dieciséis 2 147 2 2404,6309,	
abierto 2 147 2 2403,6308,	
pediátrico 2 147 2 2400,6305,	
mejores 2 147 2 2395,6300,	
vital 2 147 2 2391,6296,	
precoz 2 147 2 2389,6294,	
detección 2 147 2 2386,6291,	
cutáneos 2 147 2 2512,6417,	
lenta 2 147 2 2381,6286,	
progresión 2 147 2 2380,6285,	
Debido 4 147 4 2377,2596,6282,6501,	
clínicas 2 147 2 2367,6272,	
consecuencias 2 147 2 2366,6271,	
principales 2 147 2 2365,6270,	
respecto 6 147 6 2362,2616,3071,6267,6521,6978,	
proporciona 2 147 2 2359,6264,	
cardiacos 2 147 2 2336,6241,	
0341)) 2 147 2 2327,6232,	
protocolo 2 147 2 2325,6230,	
% 2 147 2 2322,6227,	
61 2 147 2 2321,6226,	
0577); 2 147 2 2316,6221,	
intención 2 147 2 2312,6217,	
población 6 147 6 2310,2323,2866,6215,6228,6773,	
53% 2 147 2 2309,6214,	
= 4 147 4 2308,2320,6213,6225,	
(reducción 4 147 4 2305,2317,6210,6222,	
cerebrovascular 2 147 2 2279,6184,	
cardiaca 3 147 3 2277,6182,9613,	
índice 4 147 4 2271,2283,6176,6188,	
reduciría 2 147 2 2269,6174,	
determinar 2 147 2 2266,6171,	
82 2 147 2 2263,6168,	
cabo 4 147 4 2253,3069,6158,6976,	
llevó 2 147 2 2251,6156,	
vida 2 147 2 2243,6148,	
calidad 2 147 2 2241,6146,	
mejor 2 147 2 2240,6145,	
Genzyme 7 147 7 3862,7902,7913,7924,7949,8245,8568,	
lograr 2 147 2 2233,6138,	
indican 6 147 6 2228,2344,2627,6133,6249,6532,	
resultados 6 147 6 2226,2340,2396,6131,6245,6301,	
neurológicos 2 147 2 2224,6129,	
signos 2 147 2 2221,6126,	
evaluar 2 147 2 2216,6121,	
específico 2 147 2 2214,6119,	
Aunque 2 147 2 2207,6112,	
Sin 4 147 4 2189,2575,6094,6480,	
estabilizó 2 147 2 2183,6088,	
proteinuria 2 147 2 2181,6086,	
INCLUIRSE 2 147 2 8293,8616,	
sérica 2 147 2 2177,6082,	
glomerular 2 147 2 2171,6076,	
filtración 2 147 2 2170,6075,	
tasa 2 147 2 2168,6073,	
valoró 2 147 2 2165,6070,	
continuaron 2 147 2 2153,6058,	
normalizaron 2 147 2 2147,6052,	
plasmáticos 2 147 2 2143,6048,	
nasofaringitis 1 147 1 9529,	
niveles 4 147 4 2142,2174,6047,6079,	
tratamiento) 2 147 2 2126,6031,	
cinco 2 147 2 2123,6028,	
(hasta 2 147 2 2119,6024,	
final 5 147 5 2116,3654,6021,7560,8986,	
(100%) 2 147 2 2114,6019,	
(96%) 2 147 2 2107,6012,	
49 2 147 2 2105,6010,	
47 2 147 2 2102,6007,	
consiguió 4 147 4 2100,2134,6005,6039,	
mes 2 147 2 2095,6000,	
sexto 2 147 2 2094,5999,	
nuevo 2 147 2 2080,5985,	
demostró 2 147 2 2078,5983,	
sostenido 4 147 4 2062,2098,5967,6003,	
comparación 4 147 4 2051,2298,5956,6203,	
individuales 2 147 2 2043,5948,	
hidrólisis 2 147 2 2983,6890,	
riñones 2 147 2 2034,5939,	
inclusiones 2 147 2 2029,5934,	
significativa 2 147 2 2027,5932,	
estadísticamente 2 147 2 2026,5931,	
disminución 6 147 6 2025,2704,5930,6610,9536,9576,	
corroborado 2 147 2 2022,5927,	
régimen 2 147 2 2618,6523,	
hallazgo 2 147 2 2020,5925,	
001) 4 147 4 2018,2059,5923,5964,	
(p<0 4 147 4 2017,2058,5922,5963,	
recibieron 4 147 4 2015,2056,5920,5961,	
(20/29) 2 147 2 2001,5906,	
69% 2 147 2 2000,5905,	
Este 7 147 7 1994,2019,2328,5899,5924,6233,8735,	
20 3 147 3 1990,3226,5895,	
vascular 8 147 8 1986,2068,2433,2468,5891,5973,6338,6373,	
endotelio 10 147 10 1985,2067,2432,2467,2553,5890,5972,6337,6372,6458,	
sustancialmente 2 147 2 2288,6193,	
eficaz 2 147 2 1978,5883,	
controlado 4 147 4 1972,2258,5877,6163,	
primer 2 147 2 1969,5874,	
2ºC 8 147 8 3188,3202,7095,7109,8198,8360,8521,8683,	
Además 2 147 2 1957,5862,	
dependiente 4 147 4 1945,1966,5850,5871,	
plasma 4 147 4 1931,1942,5836,5847,	
observó 2 147 2 1916,5821,	
días 2 147 2 1914,5819,	
administrados 2 147 2 1898,5803,	
evaluaron 2 147 2 1886,5791,	
realizados 2 147 2 1871,5776,	
abierta 4 147 4 1866,2084,5771,5989,	
extensión 4 147 4 1865,2083,5770,5988,	
controlados 2 147 2 1860,5765,	
ciego 4 147 4 1859,2257,5764,6162,	
dosis; 2 147 2 1854,5759,	
búsqueda 4 147 4 1852,1882,5757,5787,	
niños; 2 147 2 1847,5752,	
estudio 14 147 14 1845,1850,1880,2118,2213,2255,2399,5750,5755,5785,6023,6118,6160,6304,	
evaluadas 2 147 2 1842,5747,	
asialoglicoproteínas 2 147 2 1833,5738,	
fosfato 6 147 6 1830,5735,8093,8097,8414,8418,	
manosa 4 147 4 1828,1831,5733,5736,	
receptores 2 147 2 1826,5731,	
probablemente 2 147 2 1822,5727,	
captada 2 147 2 1812,5717,	
circulación 2 147 2 1809,5714,	
rápidamente 8 147 8 1806,2148,3172,3501,5711,6053,7079,7407,	
elimina 3 147 3 1805,5710,8876,	
Después 6 147 6 1796,2518,3494,5701,6423,7400,	
irreversibles 2 147 2 1795,5700,	
Cómo 1 147 1 8807,	
progresivo 2 147 2 1782,5687,	
declive 2 147 2 1781,5686,	
revirtiendo 2 147 2 1778,5683,	
estabilizando 2 147 2 1776,5681,	
previniendo 2 147 2 1775,5680,	
tejidos 4 147 4 1771,2509,5676,6414,	
acumulado 4 147 4 1768,2446,5673,6351,	
sustrato 2 147 2 1767,5672,	
eliminar 4 147 4 1765,3790,5670,7696,	
suficiente 2 147 2 1763,5668,	
oídos 1 147 1 9634,	
nivel 3 147 3 1762,5667,8847,	
restaurar 2 147 2 1756,5661,	
enzimático 2 147 2 1754,5659,	
sustitutivo 2 147 2 1753,5658,	
demostrado 1 147 1 9296,	
cerebrovasculares 4 147 4 1748,2338,5653,6243,	
daños 2 147 2 1794,5699,	
cardiacas 2 147 2 1746,5651,	
renales 11 147 11 1745,2140,2335,2510,2561,5650,6045,6240,6415,6466,9276,	
complicaciones 2 147 2 1744,5649,	
resultado 4 147 4 1741,2329,5646,6234,	
muerte 4 147 4 1739,2281,5644,6186,	
provocar 2 147 2 1737,5642,	
riñón 8 147 8 1924,1988,2070,2556,5829,5893,5975,6461,	
deterioros 2 147 2 1733,5638,	
último 2 147 2 1730,5635,	
parenquimatosas 4 147 4 1726,1821,5631,5726,	
endoteliales 4 147 4 1724,1819,5629,5724,	
doble 6 147 6 1858,2256,2935,5763,6161,6842,	
incluyendo 4 147 4 1721,1874,5626,5779,	
lisosomas 4 147 4 1716,1815,5621,5720,	
acumulación 4 147 4 1711,2462,5616,6367,	
eliminación 10 147 10 2717,2817,3008,3272,3513,6623,6723,6915,7179,7419,	
provoca 4 147 4 1709,1732,5614,5637,	
inexistente 3 147 3 1705,5610,8855,	
reducida 2 147 2 1703,5608,	
deficiencia 2 147 2 1698,5603,	
mg/; 1 147 1 4692,	
comercializados 2 147 2 3262,7169,	
caracteriza 2 147 2 1695,5600,	
hombres 2 147 2 1690,5595,	
afecta 2 147 2 1687,5592,	
arterial 2 147 2 9542,9543,	
hereditaria 2 147 2 1685,5590,	
multisistémica 2 147 2 1684,5589,	
heterogénea 2 147 2 1682,5587,	
progresiva 2 147 2 1681,5586,	
A16AB04 2 147 2 1671,5576,	
ATC 2 147 2 1670,5575,	
código 2 147 2 1669,5574,	
beneficios 2 147 2 2360,6265,	
- 6 147 6 1667,5572,8711,8723,8734,8759,	
alimentario 2 147 2 1663,5568,	
tracto 2 147 2 1662,5567,	
farmacoterapéutico 2 147 2 1659,5564,	
Grupo 2 147 2 1658,5563,	
farmacodinámicas 2 147 2 1657,5562,	
Propiedades 4 147 4 1656,2664,5561,6570,	
saque 2 147 2 3328,7235,	
	5 2 147 2 1654,5559,	
ESTE 2 147 2 1652,5557,	
FARMACOLÓGICAS 2 147 2 1650,5555,	
PROPIEDADES 2 147 2 1649,5554,	
" 3 147 3 1647,5552,9181,	
utilizaron 2 147 2 1638,5543,	
sobredosis 3 147 3 1632,5537,9291,	
casos 3 147 3 1630,5535,9289,	
notificado 2 147 2 1629,5534,	
Sobredosis 2 147 2 1625,5531,	
9 11 147 11 1624,2851,3458,3625,3880,5530,6757,7531,7786,8189,8512,	
normales 2 147 2 2154,6059,	
adultos 8 147 8 1622,2674,2737,5528,6580,6643,9047,9245,	
difiere 2 147 2 1618,5524,	
Tenga 1 147 1 8949,	
ESPECIAL 2 147 2 8154,8477,	
años) 2 147 2 1616,5522,	
Posibles 1 147 1 8811,	
(mayores 2 147 2 1613,5519,	
perfil 2 147 2 1602,5508,	
escasa 2 147 2 1597,5503,	
4) 2 147 2 1593,5499,	
complemento 2 147 2 1581,5487,	
espuma 4 147 4 3388,3624,7295,7530,	
activación 2 147 2 1579,5485,	
formación 8 147 8 1574,3386,3507,3622,5480,7293,7413,7528,	
suave 2 147 2 3742,7648,	
atribuidas 2 147 2 1571,5477,	
adversa 2 147 2 1549,5456,	
esteroideos 2 147 2 1530,5437,	
antiinflamatorios 2 147 2 1528,5435,	
logró 6 147 6 1507,1997,2439,5414,5902,6344,	
olvidado 1 147 1 9316,	
debida 1 147 1 5976,	
cefalea 2 147 2 1505,5412,	
mialgia 2 147 2 1503,5410,	
extremidades) 2 147 2 1502,5409,	
(incluyendo 2 147 2 1498,5405,	
vómitos 3 147 3 1492,5399,9425,	
(de 5 147 5 2836,6742,7893,7897,7939,	
abdominal 3 147 3 1490,5397,9447,	
dolor 21 147 21 1489,1493,1499,2237,5396,5400,5406,6142,9421,9436,9446,9449,9453,9487,9516,9524,9630,9632,9644,9686,9709,	
palpitaciones 3 147 3 1488,5395,9475,	
hipotensión 2 147 2 1486,5393,	
hipertensión 2 147 2 1485,5392,	
sibilante 2 147 2 1484,5391,	
respiración 3 147 3 1483,5390,9658,	
taquipnea 2 147 2 1482,5389,	
broncospasmo 3 147 3 1481,5388,9636,	
rinitis 3 147 3 1480,5387,9699,	
angioneurótico 2 147 2 1479,5386,	
facial 3 147 3 1477,5384,9566,	
edema 7 147 7 1476,1478,5383,5385,9561,9565,9725,	
urticaria 3 147 3 1475,5382,9507,	
enzimas 2 147 2 1668,5573,	
prurito 2 147 2 1474,5381,	
rubefacción 2 147 2 1473,5380,	
interior 2 147 2 3404,7311,	
torácicas 3 147 3 1472,5379,9550,	
molestias 6 147 6 1471,5378,9504,9549,9583,9670,	
garganta 5 147 5 1470,5377,9460,9559,9646,	
opresión 3 147 3 1467,5374,9586,	
disnea 2 147 2 1466,5373,	
incluyeron 2 147 2 1465,5372,	
fundamento 2 147 2 1750,5655,	
moderados 2 147 2 1464,5371,	
considerados 2 147 2 1460,5367,	
adicionales 2 147 2 1459,5366,	
escalofríos 3 147 3 1456,5363,9407,	
fiebre 3 147 3 1454,5361,9417,	
consistieron 2 147 2 1450,5357,	
(MedDRA) 2 147 2 1442,5350,	
Activities 2 147 2 1441,5349,	
Regulatory 2 147 2 1440,5348,	
for 2 147 2 1439,5347,	
Dictionary 2 147 2 1438,5346,	
Medical 2 147 2 1437,5345,	
basa 2 147 2 1434,5342,	
terminología 2 147 2 1428,5336,	
síntomas 4 147 4 1458,2223,5365,6128,	
acontecimientos 4 147 4 1419,2951,5327,6858,	
1% 2 147 2 1415,5323,	
fines 2 147 2 1410,5318,	
lugar 7 147 7 1405,1731,5313,5636,9704,9712,9720,	
alteraciones 2 147 2 1402,5310,	
despigmentación 1 147 1 9675,	
generales 2 147 2 1400,5308,	
	Mantener 2 147 2 8161,8484,	
conjuntivo 2 147 2 1398,5306,	
icos 2 147 2 1394,5302,	
subcutáneo 2 147 2 1391,5299,	
tejido 4 147 4 1390,1397,5298,5305,	
piel 10 147 10 1387,1928,2037,2564,5295,5833,5942,6469,9653,9668,	
gastrointestinal 2 147 2 1382,5290,	
mediastínicos 2 147 2 1380,5288,	
torácicos 2 147 2 1378,5286,	
respiratorios 2 147 2 1377,5285,	
vasculares 2 147 2 1375,5283,	
laberinto 2 147 2 1371,5279,	
oído 3 147 3 1368,5276,9623,	
oculares 2 147 2 1365,5273,	
somnolencia 3 147 3 1363,5271,9439,	
parestesia 2 147 2 1362,5270,	
perjudicarles 1 147 1 8758,	
nervioso 2 147 2 1361,5269,	
temblor 3 147 3 1357,5265,9606,	
hiperestesia 2 147 2 1356,5264,	
Cefalea 2 147 2 1354,5262,	
inmunológico 2 147 2 1353,5261,	
sistema 4 147 4 1352,1360,5260,5268,	
Trastornos 22 147 22 1350,1358,1364,1366,1372,1374,1376,1381,1384,1392,1399,5258,5266,5272,5274,5280,5282,5284,5289,5292,5300,5307,	
infestaciones 2 147 2 1349,5257,	
e 4 147 4 1348,3447,5256,7354,	
Infecciones 2 147 2 1347,5255,	
orgánico 2 147 2 1344,5252,	
Poco 3 147 3 1341,5249,9594,	
ocurren 2 147 2 1421,5329,	
Frecuentes 3 147 3 1340,5248,9426,	
Muy 3 147 3 1339,5247,9395,	
Sistema 2 147 2 1338,5246,	
envases 4 147 4 3250,3266,7157,7173,	
relacionados 4 147 4 1332,2953,5240,6860,	
Frecuencia 4 147 4 1327,1343,5235,5251,	
gravedad 2 147 2 1319,5227,	
""desconocida"" 2 147 2 1312,5220,	
categoría 2 147 2 1309,5217,	
incluyen 2 147 2 1302,5210,	
contenga 2 147 2 3474,7380,	
comercialización 4 147 4 1299,5207,8244,8567,	
posterior 2 147 2 1296,5204,	
notificadas 2 147 2 1291,5199,	
farmacocinética 4 147 4 2826,2997,6732,6904,	
RAMs 4 147 4 1290,1314,5198,5222,	
presentaban 2 147 2 2458,6363,	
Las 8 147 8 1289,1313,1443,2454,5197,5221,5351,6359,	
pequeño 2 147 2 1285,5193,	
relativamente 2 147 2 1284,5192,	
dado 2 147 2 1281,5189,	
frecuente 2 147 2 1280,5188,	
define 4 147 4 1277,1417,5185,5325,	
RAM 2 147 2 1271,5179,	
aparición 4 147 4 1268,2273,5176,6178,	
única 2 147 2 1258,5166,	
período 7 147 7 1254,1262,1295,5162,5170,5203,9160,	
mujeres) 4 147 4 1250,2418,5158,6323,	
Periodo 2 147 2 3125,7032,	
14 6 147 6 1249,2415,5157,6320,8271,8594,	
varones 10 147 10 1247,1875,2416,2489,2499,5155,5780,6321,6394,6404,	
(154 2 147 2 1246,5154,	
incluyó 2 147 2 2495,6400,	
168 2 147 2 1244,5152,	
total 6 147 6 1242,2121,3666,5150,6026,7572,	
MA 3 147 3 7909,7920,7931,	
descritas 2 147 2 1236,5144,	
administrado 2 147 2 1229,5137,	
LOS) 2 147 2 7842,7871,	
relacionadas 3 147 3 1226,5134,8963,	
(RAM) 2 147 2 1225,5133,	
1/100) 1 147 1 1221,	
1/1000 2 147 2 1218,5126,	
1/10 2 147 2 1214,5122,	
1/100 2 147 2 1211,5119,	
1/10; 2 147 2 1209,5117,	
desecharse 2 147 2 8227,8550,	
EN 11 147 11 8007,8046,8287,8294,8342,8346,8367,8610,8617,8665,8669,	
caja 2 147 2 3257,7164,	
frecuentes 12 147 12 1208,1210,1217,1342,1345,5116,5118,5125,5250,5253,9396,9595,	
órganos 7 147 7 1774,1788,2042,5679,5693,5947,8895,	
(muy 2 147 2 1207,5115,	
orgánicos 2 147 2 1204,5112,	
sistemas 2 147 2 1203,5111,	
enumeran 2 147 2 1201,5109,	
tabla 6 147 6 1199,1306,1413,5107,5214,5321,	
siguiente 4 147 4 1198,1305,5106,5213,	
adversas 7 147 7 1195,1224,1445,1559,5103,5132,5465,	
Reacciones 2 147 2 1194,5102,	
máquinas 4 147 4 1176,1189,5084,5097,	
utilizar 6 147 6 1175,1188,5083,5096,8149,8472,	
conducir 4 147 4 1173,1186,5081,5094,	
capacidad 4 147 4 1171,1184,5079,5092,	
Efectos 3 147 3 1168,5076,8996,	
utilice 8 147 8 1164,3482,3615,5072,7388,7521,8225,8548,	
enumerados 1 147 1 9379,	
interrumpir 2 147 2 1159,5067,	
recomienda 10 147 10 1158,3499,3555,3771,5066,7405,7461,7677,9132,9153,	
expuestos 2 147 2 1148,5056,	
nacidos 2 147 2 1147,5055,	
producidos 2 147 2 1143,5051,	
dispone 2 147 2 1137,5045,	
Como 2 147 2 1134,5042,	
materna 5 147 5 1133,1156,5041,5064,9169,	
leche 5 147 5 1132,1155,5040,5063,9168,	
excrete 2 147 2 1129,5037,	
vasos 1 147 1 8891,	
Es 3 147 3 1122,5030,9119,	
claramente 2 147 2 1120,5028,	
fuese 2 147 2 1119,5027,	
excepto 2 147 2 1117,5025,	
embarazo 3 147 3 1116,5024,9139,	
rotar 2 147 2 3420,7327,	
utilizarse 3 147 3 1113,3143,7050,	
3) 2 147 2 1109,5018,	
vía 2 147 2 3017,6924,	
embrionario/fetal 4 147 4 1105,3063,5014,6970,	
disponible 4 147 4 2091,3916,5996,7821,	
indirectos 2 147 2 1101,5010,	
recibiendo 1 147 1 9363,	
directos 2 147 2 1099,5008,	
nocivos 2 147 2 1098,5007,	
existencia 2 147 2 1095,5004,	
estomacales 1 147 1 9584,	
señalan 2 147 2 1093,5002,	
animales 2 147 2 1091,5000,	
embarazadas 3 147 3 1087,4996,9150,	
utilización 3 147 3 1081,4990,9145,	
suficientes 4 147 4 1078,2651,4987,6556,	
Leer 2 147 2 8144,8467,	
datos 6 147 6 1077,1139,3028,4986,5047,6935,	
existen 2 147 2 1076,4985,	
lactancia 5 147 5 1074,1161,4983,5069,9162,	
Embarazo 2 147 2 1072,4981,	
intracelular 2 147 2 1067,4976,	
posible 3 147 3 1123,5031,6561,	
inhibición 2 147 2 1063,4972,	
teórico 2 147 2 1061,4970,	
riesgo 7 147 7 1060,2307,2319,4969,6212,6224,9079,	
debido 6 147 6 1058,2071,2701,4967,6607,9615,	
gentamicina 3 147 3 1057,4966,9073,	
benoquina 3 147 3 1055,4964,9071,	
amiodarona 3 147 3 1054,4963,9070,	
cloroquina 3 147 3 1053,4962,9069,	
P450 2 147 2 1046,4955,	
citocromo 2 147 2 1045,4954,	
mediadas 2 147 2 1042,4951,	
den 2 147 2 1038,4947,	
improbable 3 147 3 1031,4940,9120,	
Dado 2 147 2 1027,4936,	
	Excipientes 2 147 2 8091,8412,	
vitro 2 147 2 1026,4935,	
in 2 147 2 1025,4934,	
metabolismo 6 147 6 1024,1029,1666,4933,4938,5571,	
interacciones 6 147 6 1021,1039,4930,4948,9058,9124,	
ADVERTENCIA 2 147 2 8153,8476,	
interacción 2 147 2 1014,4923,	
(p=0 4 147 4 2315,2326,6220,6231,	
Producto 3 147 3 1660,5565,8000,	
formas 2 147 2 1012,4921,	
Interacción 2 147 2 1005,4914,	
fertilidad 2 147 2 1002,4911,	
deterioro 2 147 2 999,4908,	
potenciales 2 147 2 994,4903,	
taquicardia 2 147 2 1487,5394,	
efectos 22 147 22 993,1097,1142,1330,1431,1888,2285,2334,4902,5006,5050,5238,5339,5793,6190,6239,8766,8812,9340,9354,9376,9393,	
excesivamente 2 147 2 3757,7663,	
evaluación 2 147 2 990,4899,	
avanzada 6 147 6 983,2206,2376,4892,6111,6281,	
limitado 4 147 4 977,2199,4886,6104,	
función 8 147 8 964,1785,2159,3321,4873,5690,6064,7228,	
alimentos 2 147 2 9116,9126,	
alcanzar 2 147 2 948,4857,	
aumentar 2 147 2 946,4855,	
consistente 4 147 4 1949,2331,5854,6236,	
tolera 2 147 2 939,4848,	
ADVERSOS 1 147 1 9330,	
recomendada) 2 147 2 933,4842,	
estándar 2 147 2 932,4841,	
1/25 2 147 2 927,4836,	
cambios 4 147 4 2927,3490,6834,7396,	
terapéutica 4 147 4 925,951,4834,4860,	
(½ 2 147 2 921,4830,	
menor 2 147 2 920,4829,	
baja 7 147 7 913,2581,3783,4822,6486,7689,9614,	
cuidado 3 147 3 3417,7324,8951,	
ensayo 12 147 12 898,902,1970,2087,2492,2603,4807,4811,5875,5992,6397,6508,	
positiva 2 147 2 893,4802,	
cutánea 3 147 3 892,4801,9679,	
presentaron 2 147 2 889,4798,	
IgE 4 147 4 887,1589,4796,5495,	
positivo 2 147 2 884,4793,	
dieron 2 147 2 883,4792,	
vuelto 2 147 2 875,4784,	
fármaco 6 147 6 872,908,1150,4781,4817,5058,	
distribución 4 147 4 2790,2881,6696,6788,	
dicho 4 147 4 871,2096,4780,6001,	
cuidadoso 2 147 2 868,4777,	
reinicio 4 147 4 867,906,4776,4815,	
situación 3 147 3 864,4610,4773,	
urgencia 2 147 2 861,4770,	
ESPECIALES 4 147 4 8191,8203,8514,8526,	
actuales 2 147 2 855,4764,	
observarán 2 147 2 852,4761,	
Se 12 147 12 851,1506,1694,1915,2250,4760,5413,5599,5820,6155,9197,9294,	
adecuado 2 147 2 850,4759,	
hágalo 2 147 2 3419,7326,	
iniciará 2 147 2 847,4756,	
interrupción 2 147 2 838,4747,	
considerarse 2 147 2 836,4745,	
anafiláctico 2 147 2 834,4743,	
graves 1 147 1 829,	
presentan 2 147 2 827,4737,	
Si 13 147 13 825,3145,4735,7052,8724,8760,8927,8954,8998,9277,9308,9312,9369,	
I) 2 147 2 824,4734,	
(Tipo 2 147 2 823,4733,	
inmediata 4 147 4 822,839,4732,4748,	
indicativas 2 147 2 818,4728,	
musculoesquelética 1 147 1 9590,	
experimentó 4 147 4 816,1544,4726,5451,	
número 8 147 8 813,1283,1584,3313,4723,5191,5490,7220,	
pared 2 147 2 3403,7310,	
reducido 6 147 6 812,1583,2605,4722,5489,6510,	
Un 6 147 6 811,1582,4721,5488,8077,8398,	
proteico 2 147 2 807,4717,	
producto 2 147 2 806,4716,	
alérgico 5 147 5 801,832,4711,4741,8941,	
tipo 5 147 5 800,831,4710,4740,9019,	
aparecer 2 147 2 795,4705,	
(Vee) 2 147 2 2885,6792,	
Pueden 2 147 2 794,4704,	
corticosteroides 4 147 4 793,1533,4703,5440,	
inyecte 2 147 2 3628,7534,	
ibuprofeno 2 147 2 791,4701,	
paracetamol 2 147 2 790,4700,	
antihistamínicos 4 147 4 789,1531,4699,5438,	
previo 4 147 4 787,3155,4697,7062,	
y/o 8 147 8 785,792,1532,1578,4695,4702,5439,5484,	
10 22 147 22 783,3254,3781,3867,3895,3902,4693,7161,7687,7773,7807,8056,8127,8201,8250,8377,8449,8524,8573,9404,9430,9599,	
; 1 147 1 782,	
15 6 147 6 780,2833,4691,6739,8281,8604,	
(~0 2 147 2 779,4690,	
continuado 2 147 2 767,4678,	
moderadas 4 147 4 751,1326,4662,5234,	
leves 6 147 6 749,1324,1462,4660,5232,5369,	
erupción 2 147 2 9650,9665,	
disminuyó 6 147 6 740,1560,2904,4651,5466,6811,	
RAP 2 147 2 739,4650,	
frecuencia 9 147 9 736,1206,1311,1555,4647,5114,5219,5461,9612,	
asociada 3 147 3 727,1550,4638,	
reacción 8 147 8 726,1548,4637,5455,8931,8968,9001,9717,	
< 4 147 4 1213,1220,5121,5128,	
experimentaron 4 147 4 722,747,4633,4658,	
(67%) 4 147 4 718,1540,4629,5447,	
siete 4 147 4 715,1537,4626,5444,	
estéril 1 147 1 9208,	
sesenta 4 147 4 713,1535,4624,5442,	
dermis 4 147 4 2436,2471,6341,6376,	
regularidad 2 147 2 707,4618,	
extremidades 3 147 3 9519,9569,9692,	
controlar 4 147 4 705,1508,4616,5415,	
situacion 1 147 1 699,	
8) 4 147 4 697,734,4608,4645,	
administrar 7 147 7 691,877,1050,4602,4786,4959,9067,	
volver 3 147 3 689,4600,8720,	
precaución 2 147 2 687,4598,	
habían 4 147 4 2419,2445,6324,6350,	
tratados 18 147 18 685,758,1251,1288,2005,2046,2294,2302,2421,4596,4669,5159,5196,5910,5951,6199,6207,6326,	
deben 3 147 3 683,4594,8028,	
Qué 1 147 1 8793,	
Estos 2 147 2 681,4592,	
día 3 147 3 677,4588,8988,	
ocurra 2 147 2 675,4586,	
media 4 147 4 2761,2812,6667,6718,	
adversos 8 147 8 1331,1432,5239,5340,8767,8813,9341,9394,	
prueba 2 147 2 891,4800,	
relacionado 4 147 4 673,1494,4584,5401,	
adverso 3 147 3 672,4583,8777,	
definidas 2 147 2 668,4579,	
musculoesquelét 2 147 2 1393,5301,	
(RAP) 2 147 2 667,4578,	
tensión 1 147 1 9539,	
triple 2 147 2 2938,6845,	
experimentar 2 147 2 661,4572,	
medicamentos 14 147 14 1009,1041,1527,3118,4918,4950,5434,7025,9015,9054,9062,9105,9336,9730,	
posibilidades 2 147 2 659,4570,	
Los 15 147 15 650,744,1088,1457,2141,2339,3027,4561,4655,4997,5364,6046,6244,6934,8022,	
2) 1 147 1 8002,	
(35% 2 147 2 646,4557,	
meseta 2 147 2 645,4556,	
(14% 2 147 2 637,4548,	
(RIPA)) 2 147 2 636,4547,	
radioinmunoprecipitación 2 147 2 635,4546,	
consecutivos 2 147 2 633,4544,	
través 6 147 6 629,1152,1824,4540,5060,5729,	
detectable 2 147 2 627,4538,	
anticuerpo 2 147 2 626,4537,	
ningún 4 147 4 625,2212,4536,6117,	
cardíacos 2 147 2 1373,5281,	
presencia 2 147 2 623,4534,	
pacientes) 11 147 11 614,640,649,2607,4525,4551,4560,6512,9405,9434,9604,	
medición(40% 1 147 1 611,	
última 4 147 4 610,3899,4518,7804,	
creatinina 2 147 2 2176,6081,	
máximo 5 147 5 607,1263,3180,5171,7087,	
medición 3 147 3 606,4514,4519,	
corazón 5 147 5 1926,2035,5831,5940,9663,	
pico 2 147 2 604,4512,	
veces 2 147 2 598,4506,	
reducción 11 147 11 596,773,1517,1918,2235,4504,4684,5424,5823,6140,9082,	
combinados 2 147 2 2038,5943,	
(basada 2 147 2 593,4501,	
carcinogénico 2 147 2 3084,6991,	
títulos 4 147 4 592,601,4500,4509,	
descendente 2 147 2 589,4497,	
tendencia 2 147 2 588,4496,	
seropositivos 2 147 2 581,4489,	
Con 6 147 6 574,865,2088,4481,4774,5993,	
grave 2 147 2 8771,9374,	
primera 4 147 4 570,3892,4477,7798,	
principalmente 3 147 3 562,4469,9358,	
r-hGAL 4 147 4 561,656,4468,4567,	
desarrolló 2 147 2 556,4463,	
mayoría 12 147 12 553,578,1323,1565,2186,2571,4460,4485,5231,5471,6091,6476,	
residual 2 147 2 551,4458,	
INFORMACIÓN 6 147 6 8042,8286,8289,8363,8609,8612,	
indicó 2 147 2 2710,6616,	
actividad 12 147 12 549,1066,1702,1758,3801,4456,4975,5607,5663,7707,8849,9085,	
IgG 8 147 8 542,558,1577,2901,4449,4465,5483,6808,	
anticuerpos 16 147 16 541,557,653,702,886,1576,1588,2583,4448,4464,4564,4613,4795,5482,5494,6488,	
desarrollo 6 147 6 539,1104,3076,4446,5013,6983,	
espera 6 147 6 537,2989,3079,4444,6896,6986,	
proteína 4 147 4 534,2974,4441,6881,	
r-hGAL) 2 147 2 531,4438,	
Puesto 2 147 2 521,4428,	
especiales 6 147 6 518,3194,3270,4425,7101,7177,	
precauciones 2 147 2 517,4424,	
Advertencias 2 147 2 515,4422,	
excipientes 4 147 4 512,3092,4419,6999,	
o 54 147 54 508,530,547,615,641,750,833,888,1056,1100,1325,1424,1704,1777,2278,2280,2460,2936,3489,3738,4415,4437,4454,4526,4552,4661,4742,4797,4965,5009,5233,5332,5609,5682,6183,6185,6365,6843,7395,7644,7994,8732,8772,8787,8856,8938,8983,9072,9094,9099,9174,9366,9375,9557,	
activo 2 147 2 507,4414,	
principio 2 147 2 506,4413,	
37 1 147 1 7951,	
frente 6 147 6 504,1973,2259,4411,5878,6164,	
anafiláctica) 2 147 2 503,4410,	
(reacción 2 147 2 502,4409,	
mortal 2 147 2 501,4408,	
potencialmente 2 147 2 500,4407,	
Hipersensibilidad 2 147 2 499,4406,	
Contraindicaciones 2 147 2 498,4405,	
16 7 147 7 492,2840,4399,6746,8285,8608,9252,	
8 21 147 21 490,1193,2110,2112,2797,2800,2837,3589,3873,4397,5101,6015,6017,6703,6706,6743,7495,7779,8183,8506,9250,	
establecidas 2 147 2 480,4387,	
desconocida 2 147 2 1346,5254,	
sido 5 147 5 479,2420,4386,6325,9287,	
aún 2 147 2 476,4383,	
edad 6 147 6 452,495,2843,4359,4402,6749,	
niños 8 147 8 445,488,4352,4395,8171,8494,9045,9247,	
pediátricos 8 147 8 438,1595,1612,2835,4345,5501,5518,6741,	
Pacientes 4 147 4 437,1594,4344,5500,	
posológica 8 147 8 431,463,2516,2532,4338,4370,6421,6437,	
pauta 8 147 8 430,462,2515,2531,4337,4369,6420,6436,	
Soldiers 1 147 1 7927,	
recomendar 4 147 4 428,460,4335,4367,	
actualmente 4 147 4 424,456,4331,4363,	
aparece 1 147 1 9032,	
años 20 147 20 420,450,493,1266,2124,2157,2412,2841,3129,4327,4357,4400,5174,6029,6062,6317,6747,7036,8032,9253,	
mayores 4 147 4 417,3728,4324,7634,	
eficacia 6 147 6 412,475,1835,4319,4382,5740,	
seguridad 14 147 14 409,472,1604,1838,2956,3026,3048,4316,4379,5510,5743,6863,6933,6955,	
hepática 4 147 4 403,2993,4310,6900,	
estudios 24 147 24 398,443,988,1019,1089,1181,1857,2343,3031,3046,3070,3108,4305,4350,4897,4928,4998,5089,5762,6248,6938,6953,6977,7015,	
ciento 4 147 4 717,1539,4628,5446,	
realizado 12 147 12 397,442,987,1018,1180,2211,4304,4349,4896,4927,5088,6116,	
renal 16 147 16 393,970,982,2160,2193,2205,2276,3009,4300,4879,4891,6065,6098,6110,6181,6916,	
insuficiencia 6 147 6 392,402,2992,4299,4309,6899,	
modificar 4 147 4 386,484,4293,4391,	
necesario 11 147 11 385,483,1121,3548,3608,4292,4390,5029,7454,7514,9268,	
No 43 147 43 383,394,404,439,481,984,1015,1047,1075,1177,1626,2948,3064,3077,3422,3481,3614,3753,4290,4301,4311,4346,4388,4893,4924,4956,4984,5085,5532,6855,6971,6984,7329,7387,7520,7659,8017,9055,9130,9140,9151,9266,9285,	
posteriores 6 147 6 382,567,3854,4289,4474,7760,	
perfusiones 4 147 4 381,3853,4288,7759,	
gradualmente 6 147 6 378,962,3850,4285,4871,7756,	
aumentarse 6 147 6 377,961,3849,4284,4870,7755,	
paciente 14 147 14 371,938,1275,3326,3553,3613,3843,4278,4847,5183,7233,7459,7519,7749,	
tolerancia 8 147 8 369,618,967,3841,4276,4529,4876,7747,	
determinado 6 147 6 367,407,3839,4274,4314,7745,	
confirmó 2 147 2 621,4532,	
haya 6 147 6 366,3477,3838,4273,7383,7744,	
asociadas 14 147 14 359,663,752,1446,1511,1960,3831,4266,4574,4663,5353,5418,5865,7737,	
reacciones 28 147 28 358,662,748,796,817,828,1223,1444,1510,1558,1568,1959,3830,4265,4573,4659,4706,4727,4738,5131,5352,5417,5464,5474,5864,7736,8962,9021,	
produzcan 7 147 7 357,1793,3829,4264,5698,7735,9123,	
posibilidad 4 147 4 353,3825,4260,7731,	
mínimo 14 147 14 351,1255,1546,3695,3708,3721,3823,4258,5163,5453,7601,7614,7627,7729,	
reducir 4 147 4 349,3821,4256,7727,	
mg/hora) 6 147 6 347,784,3819,4254,4694,7725,	
(15 4 147 4 346,3818,4253,7724,	
mg/min 5 147 5 345,781,3817,4252,7723,	
25 5 147 5 344,3816,4251,7722,8041,	
exceder 4 147 4 341,3813,4248,7719,	
velocidad 18 147 18 335,373,776,917,930,957,1520,3807,3845,4242,4280,4687,4826,4839,4866,5427,7713,7751,	
1) 1 147 1 333,	
consiste 2 147 2 3230,7137,	
hallazgos 4 147 4 329,2626,4235,6531,	
relevancia 2 147 2 323,4229,	
establecido 2 147 2 321,4227,	
embargo 6 147 6 317,2190,2576,4223,6095,6481,	
pacientes; 2 147 2 315,4221,	
celulares 4 147 4 312,1720,4218,5625,	
tipos 8 147 8 311,1719,2137,2558,4217,5624,6042,6463,	
línea 2 147 2 3776,7682,	
determinados 2 147 2 310,4216,	
GL-3 32 147 32 308,1713,1921,1940,1983,2031,2065,2131,2145,2429,2448,2464,2506,2549,2592,2661,4214,5618,5826,5845,5888,5936,5970,6036,6050,6334,6353,6369,6411,6454,6497,6567,	
aclaramiento 37 147 37 306,1937,1981,1995,2061,2097,2128,2426,2503,2546,2589,2707,2712,2803,2861,2871,2903,3020,4212,5842,5886,5900,5966,6002,6033,6331,6408,6451,6494,6564,6613,6618,6709,6767,6778,6810,6927,	
mantener 8 147 8 304,2544,2656,3178,4210,6449,6562,7085,	
podría 2 147 2 303,4209,	
0 36 147 36 297,343,447,1890,1954,2534,2638,2643,2678,3299,3460,3572,3642,3656,3660,3675,3778,3815,4203,4250,4354,5795,5859,6439,6543,6548,6584,7206,7366,7478,7548,7562,7566,7581,7684,7721,	
meses 6 147 6 293,566,2542,4199,4473,6447,	
estándares 2 147 2 854,4763,	
durante 21 147 21 291,762,1114,1252,1293,2155,2422,2527,2540,4197,4673,5022,5160,5201,6060,6327,6432,6445,8980,9137,9158,	
8ºC) 6 147 6 3204,7111,8200,8362,8523,8685,	
1mg/kg 1 147 1 287,	
inicial 14 147 14 285,336,931,2635,2869,3686,3808,4190,4243,4840,6540,6776,7592,7714,	
después 5 147 5 281,2629,4186,6534,9368,	
cutáneas 1 147 1 9671,	
mujeres 9 147 9 1086,1693,1877,2457,4995,5598,5782,6362,9149,	
alternativas 2 147 2 275,4180,	
posológicas 2 147 2 274,4179,	
pautas 2 147 2 273,4178,	
placebo 12 147 12 1862,1975,2016,2057,2261,2304,5767,5880,5921,5962,6166,6209,	
empleado 2 147 2 272,4177,	
sugiere 2 147 2 1599,5505,	
han 21 147 21 271,396,441,478,766,986,1017,1179,1628,3066,4176,4303,4348,4385,4677,4895,4926,5087,5533,6973,9286,	
clínicos 22 147 22 269,585,711,765,1239,1636,1734,2286,2361,3033,4174,4493,4622,4676,5147,5541,5639,6191,6266,6940,9352,9388,	
ensayos 18 147 18 268,280,584,632,710,764,1238,1635,4173,4185,4492,4543,4621,4675,5146,5540,9351,9387,	
En 24 147 24 266,276,708,900,1196,1633,1878,1967,2397,2490,3105,4171,4181,4619,4809,5104,5538,5783,5872,6302,6395,7012,8860,9349,	
sección 2 147 2 263,4168,	
mostraron 8 147 8 586,617,643,1587,4494,4528,4554,5493,	
ver 2 147 2 262,4167,	
preparación 2 147 2 259,4164,	
instrucciones 2 147 2 257,4162,	
Para 10 147 10 255,1408,3687,3763,4160,5316,7593,7669,8179,8502,	
intravenosa 22 147 22 254,810,1800,2669,2732,3294,3305,3567,3637,4159,4720,5705,6575,6638,7201,7212,7473,7543,8143,8322,8466,8645,	
semanas 25 147 25 251,290,302,1903,1991,2358,2525,2529,2539,2642,2648,2759,4156,4196,4208,5808,5896,6263,6430,6434,6444,6547,6553,6665,9265,	
administrada 2 147 2 246,4151,	
Fecha 4 147 4 3889,3896,7795,7801,	
corporal 10 147 10 245,1646,2688,2756,4150,5551,6594,6662,9260,9305,	
peso 14 147 14 244,1645,2687,2755,2854,3323,4149,5550,6593,6661,6760,7230,9259,9304,	
Reconstitución 2 147 2 3354,7261,	
mg/kg 33 147 33 242,299,954,1235,1643,1897,1909,1956,2355,2523,2536,2639,2645,2685,2753,4147,4193,4205,4863,5143,5548,5802,5814,5861,6260,6428,6441,6544,6550,6591,6659,9257,9302,	
recomendada 3 147 3 236,4141,9241,	
carácter 2 147 2 2402,6307,	
dosis 67 147 67 235,284,388,486,912,924,943,950,1232,1639,1884,1935,1944,1952,1965,2352,2579,2623,2632,2676,2700,2721,2750,3053,3058,3551,3611,3685,3688,3700,3713,3727,4140,4189,4295,4393,4821,4833,4852,4859,5140,5544,5789,5840,5849,5857,5870,6257,6484,6528,6537,6582,6606,6627,6656,6960,6965,7457,7517,7591,7594,7606,7619,7633,9240,9271,9298,	
III 1 147 1 8034,	
hereditarias 2 147 2 233,4138,	
hipersensibilidad 4 147 4 798,821,4708,4731,	
metabólicas 2 147 2 232,4137,	
enfermedades 3 147 3 231,4136,9275,	
u 2 147 2 229,4134,	
experiencia 4 147 4 219,4124,9142,9230,	
médico 12 147 12 217,859,4122,4768,8731,8786,9008,9093,9173,9228,9326,9383,	
supervisado 2 147 2 214,4119,	
debe 26 147 26 212,340,704,835,1049,1112,3113,3142,3167,3284,3812,4117,4247,4615,4744,4958,7020,7049,7074,7191,7718,8226,8549,8745,9004,9066,	
tratamiento 42 147 42 209,222,770,786,849,858,972,1335,1606,1752,1993,2073,2151,2195,2314,2347,2388,2453,2477,2520,4114,4127,4681,4696,4758,4767,4881,5243,5512,5657,5898,5978,6056,6100,6219,6252,6293,6358,6382,6425,8957,9233,	
recetado 1 147 1 8740,	
El 32 147 32 208,968,1534,1749,1936,2060,2127,2282,2425,2786,2853,2867,2922,3228,3276,3449,4113,4877,5441,5654,5841,5965,6032,6187,6330,6692,6759,6774,6829,7135,7183,7356,	
efecto 13 147 13 671,969,2192,2218,2923,4582,4878,6097,6123,6830,8776,8975,9372,	
administración 22 147 22 207,261,295,809,842,904,1407,1525,2668,2731,3765,4112,4166,4201,4719,4751,4813,5315,5432,6574,6637,7671,	
reconstituirse 2 147 2 3285,7192,	
Posología 2 147 2 203,4108,	
A) 2 147 2 200,4105,	
adolescentes 1 147 1 9046,	
(déficit 2 147 2 197,4102,	
Fabry 14 147 14 196,228,1677,2373,2410,4101,4133,5582,6278,6315,8842,8867,8918,9238,	
enfermedad 24 147 24 194,226,981,1675,1680,2204,2275,2371,2384,2408,4099,4131,4890,5580,5585,6109,6180,6276,6289,6313,8840,8865,8916,9236,	
confirmado 3 147 3 192,4097,8914,	
diagnóstico 3 147 3 191,4096,8913,	
(-galactosidasa 2 147 2 526,4433,	
pacientes 99 147 99 189,224,390,400,416,436,468,544,555,580,651,682,721,745,815,881,979,1245,1287,1426,1543,1586,1611,1873,2004,2013,2045,2054,2106,2113,2188,2202,2231,2264,2293,2301,2369,2405,2443,2456,2488,2498,2574,2595,2654,2834,2959,4094,4129,4297,4307,4323,4343,4375,4451,4462,4488,4562,4593,4632,4656,4725,4790,4888,5153,5195,5334,5450,5492,5517,5778,5909,5918,5950,5959,6011,6018,6093,6107,6136,6169,6198,6206,6274,6310,6348,6361,6393,6403,6479,6500,6559,6740,6866,8911,9025,9043,9273,9361,	
plazo 5 147 5 187,326,4092,4232,8909,	
enzimática 11 147 11 184,550,1759,2249,4089,4457,5664,6154,8837,8850,8906,	
Por 2 147 2 2985,6892,	
sustitución 6 147 6 183,2248,4088,6153,8836,8905,	
recién 2 147 2 1146,5054,	
terapia 6 147 6 181,2246,4086,6151,8834,8903,	
indicado 3 147 3 179,4084,8898,	
está 7 147 7 178,3915,4083,7820,8897,8955,9097,	
terapéuticas 2 147 2 176,4081,	
Indicaciones 2 147 2 175,4080,	
	"4 2 147 2 173,4078,	
vértigo 1 147 1 9571,	
CLÍNICOS 2 147 2 172,4077,	
DATOS 4 147 4 171,3086,4076,6993,	
4 42 147 42 170,201,496,513,514,597,696,733,1003,1070,1166,1192,1592,1623,2913,3192,3493,4075,4106,4403,4420,4421,4505,4607,4644,4912,4979,5074,5100,5498,5529,6820,7099,7399,8001,8101,8334,8422,8657,8810,8994,9327,	
blanquecino 2 147 2 169,4074,	
blanco 2 147 2 167,4072,	
color 7 147 7 166,3480,3492,4071,7386,7398,9655,	
Liofilizado 2 147 2 164,4067,	
	Polvo 2 147 2 157,4060,	
FARMACÉUTICA 4 147 4 156,4059,8103,8424,	
FORMA 8 147 8 155,4058,8102,8137,8324,8423,8460,8647,	
3 43 147 43 154,298,497,565,1642,1891,1896,1908,1955,2535,2644,2679,2684,2771,3022,3124,3128,3428,4057,4204,4404,4472,5547,5796,5801,5813,5860,6440,6549,6585,6590,6677,6929,7031,7035,7335,8087,8328,8408,8651,8806,9182,9301,	
natural 2 147 2 150,4053,	
idénticas 2 147 2 144,4047,	
son 5 147 5 143,3159,4046,7066,9306,	
vidrio 2 147 2 3220,7127,	
codificó 2 147 2 142,4045,	
nucleótida 2 147 2 139,4042,	
así 6 147 6 135,1779,2178,4038,5684,6083,	
aminoácidos 2 147 2 130,4033,	
secuencia 4 147 4 128,138,4031,4041,	
(CHO) 2 147 2 126,4029,	
chino 2 147 2 125,4028,	
hámster 2 147 2 124,4027,	
ovario 2 147 2 122,4025,	
procedentes 2 147 2 120,4023,	
mamíferas 2 147 2 119,4022,	
células 11 147 11 118,1723,1818,2139,2560,4021,5628,5723,6044,6465,8879,	
cultivo 2 147 2 116,4019,	
partir 2 147 2 113,4016,	
ADN 2 147 2 110,4013,	
tecnología 2 147 2 108,4011,	
FIGURAR 2 147 2 8045,8366,	
mediante 13 147 13 107,1515,2166,2982,3303,3399,4010,5422,6071,6889,7210,7306,9189,	
80 2 147 2 2821,6727,	
obtiene 2 147 2 106,4009,	
humana 4 147 4 103,528,4006,4435,	
A 9 147 9 102,527,3626,4005,4434,7532,7838,7867,8039,	
-galactosidasa 13 147 13 101,153,199,1069,1700,1708,4004,4056,4104,4978,5605,5613,8853,	
recombinante 10 147 10 98,111,134,529,535,4001,4014,4037,4436,4442,	
forma 9 147 9 97,133,149,205,4000,4036,4052,4110,9200,	
6) 2 147 2 91,3994,	
6 38 147 38 90,264,265,292,880,1071,1829,2888,3085,3088,3102,3123,3191,3205,3267,3268,3539,3993,4169,4170,4198,4789,4980,5734,6795,6992,7009,7030,7098,7112,7174,7175,7445,8152,8348,8475,8671,8818,	
apartado 13 147 13 89,331,695,732,1107,1591,3992,4237,4606,4643,5016,5497,8993,	
(ver 14 147 14 88,330,694,731,1106,1590,3991,4236,4605,4642,5015,5496,8992,9212,	
(no 2 147 2 619,4530,	
posteriormente 2 147 2 87,3990,	
diluirse 6 147 6 86,3171,3291,3989,7078,7198,	
reconstituida 14 147 14 83,3165,3433,3454,3469,3603,3632,3986,7072,7340,7361,7375,7509,7538,	
náuseas 3 147 3 1491,5398,9419,	
La 58 147 58 81,92,127,234,334,552,698,735,1267,1427,1554,1564,1596,1674,1701,1834,2158,2714,2825,2969,3007,3163,3173,3429,3512,3806,3909,3984,3995,4030,4139,4241,4459,4609,4646,5175,5335,5460,5470,5502,5579,5606,5739,6063,6620,6731,6876,6914,7070,7080,7336,7418,7712,7814,8220,8543,9029,9239,	
ml) 3 147 3 77,3681,7587,	
mg/7 1 147 1 76,	
(35 1 147 1 75,	
mg/ml 6 147 6 74,3658,3662,3980,7564,7568,	
5 48 147 48 73,332,1004,1108,1265,1648,2156,2662,2838,2912,3021,3206,3252,3435,3511,3938,3957,3979,4238,4913,5017,5173,5553,6061,6568,6744,6819,6928,7113,7120,7133,7159,7268,7342,7417,7505,8054,8118,8136,8340,8375,8384,8403,8439,8459,8633,8663,8814,	
inyectables 10 147 10 67,3290,3371,3380,3398,3973,7197,7278,7287,7305,	
preparaciones 10 147 10 66,3289,3370,3379,3397,3972,7196,7277,7286,7304,	
agua 11 147 11 64,3287,3368,3377,3395,3970,7194,7275,7284,7302,9207,	
ml 18 147 18 62,3227,3366,3441,3596,3698,3711,3724,3735,3968,7134,7273,7348,7502,7604,7617,7630,7641,	
DIRECCIÓN 2 147 2 8231,8554,	
7 19 147 19 60,449,1167,1615,3364,3459,3574,3595,3661,3855,4356,5075,5521,7365,7480,7567,7761,8172,8495,	
reconstituido 4 147 4 58,3545,3964,7451,	
vez 17 147 17 57,248,364,935,1900,1911,3432,3836,3963,4153,4271,4844,5805,5816,7339,7742,9262,	
anti-IgG 2 147 2 2584,6489,	
Una 9 147 9 56,363,934,3835,3962,4270,4843,7741,8967,	
65 2 147 2 419,4326,	
beta 48 147 48 55,80,94,525,693,761,1036,1084,1127,1673,1803,2049,2076,2672,2735,2971,3001,3013,3439,3805,3961,3983,3997,4432,4604,4672,4945,4993,5035,5578,5708,5954,5981,6578,6641,6878,6908,6920,7346,7711,8073,8086,8320,8394,8407,8643,8937,9089,	
agalsidasa 50 147 50 54,79,93,524,692,760,1035,1083,1126,1672,1802,2048,2075,2671,2734,2863,2970,3000,3012,3438,3804,3960,3982,3996,4431,4603,4671,4944,4992,5034,5577,5707,5953,5980,6577,6640,6770,6877,6907,6919,7345,7710,8072,8085,8319,8393,8406,8642,8936,9088,	
contiene 8 147 8 50,72,3434,3956,3978,7341,8081,8402,	
Fabrazyme 90 147 90 49,71,177,211,238,414,573,844,870,895,974,996,1051,1110,1165,1191,1228,1337,1608,1840,1976,2007,2197,2268,2296,2349,2828,3111,3212,3348,3360,3547,3955,3977,4082,4116,4143,4321,4480,4753,4779,4804,4883,4905,4960,5019,5073,5099,5136,5245,5514,5745,5881,5912,6102,6173,6201,6254,6734,7018,7119,7255,7267,7453,8309,8632,8689,8795,8805,8809,8817,8896,8926,8948,8953,8959,9028,9063,9113,9136,9147,9157,9163,9219,9243,9281,9293,9311,9320,9337,	
estabilicen 2 147 2 3338,7245,	
clínico 4 147 4 899,1971,4808,5876,	
vial 22 147 22 47,69,3346,3358,3406,3415,3427,3472,3594,3953,3975,7253,7265,7313,7322,7334,7378,7500,8078,8109,8399,8430,	
	Cada 2 147 2 46,3952,	
CUANTITATIVA 2 147 2 45,3951,	
Y 18 147 18 44,3950,7846,7875,7973,8013,8036,8104,8138,8210,8230,8305,8425,8461,8533,8553,8628,8825,	
CUALITATIVA 2 147 2 43,3949,	
COMPOSICIÓN 2 147 2 42,3948,	
temprana 2 147 2 2374,6279,	
2 49 147 49 41,61,202,250,289,301,631,1423,1902,1913,2417,2455,2538,2641,2647,2663,2768,2887,3103,3355,3365,3779,3947,4107,4155,4195,4207,4542,5331,5807,5818,6322,6360,6443,6546,6552,6569,6674,6794,7010,7262,7685,8074,8323,8395,8646,8801,8919,9264,	
perfusión 90 147 90 40,163,253,338,362,375,571,666,680,730,755,778,919,941,959,1259,1449,1497,1514,1522,1553,1799,1963,2742,3122,3283,3304,3561,3583,3670,3747,3761,3810,3834,3847,3946,4066,4158,4245,4269,4282,4478,4577,4591,4641,4666,4689,4828,4850,4868,5167,5356,5404,5421,5429,5459,5704,5868,6648,7029,7190,7211,7467,7489,7576,7653,7667,7716,7740,7753,8071,8117,8126,8135,8318,8392,8438,8448,8458,8641,8698,8966,8972,8982,8991,9195,9318,9707,9715,9727,	
solución 49 147 49 38,82,161,3164,3174,3281,3293,3430,3453,3468,3484,3566,3602,3631,3636,3668,3751,3768,3944,3985,4064,7071,7081,7188,7200,7337,7360,7374,7390,7472,7508,7537,7542,7574,7657,7674,8069,8115,8124,8133,8221,8316,8390,8436,8446,8456,8544,8639,8696,	
concentrado 15 147 15 36,159,3279,3942,4062,7186,8067,8113,8314,8388,8434,8444,8454,8637,8694,	
mg 35 147 35 33,52,1892,1894,1906,2680,2682,3214,3362,3436,3692,3705,3718,3731,3939,3958,5797,5799,5811,6586,6588,7121,7269,7343,7598,7611,7624,7637,8064,8083,8311,8385,8404,8634,8691,	
35 15 147 15 32,51,2906,3213,3361,3599,3691,3702,6813,7597,7608,8063,8082,8310,8690,	
mareos 3 147 3 1355,5263,9466,	
	Fabrazyme 6 147 6 31,3937,8062,8383,8830,9186,	
MEDICAMENTO 13 147 13 30,1653,3936,5558,8016,8061,8158,8207,8304,8382,8481,8530,8627,	
NOMBRE 8 147 8 28,3934,8059,8229,8302,8380,8552,8625,	
LISTA 2 147 2 8088,8409,	
SEGURA 1 147 1 8012,	
PRODUCTO 1 147 1 25,	
DEL 20 147 20 24,29,3907,3935,7812,7840,7869,8015,8060,8106,8206,8232,8299,8303,8381,8427,8529,8555,8622,8626,	
grupo 4 147 4 434,466,4341,4373,	
CARACTERÍSTICAS 1 147 1 23,	
LAS 1 147 1 22,	
DE 71 147 71 21,1651,3857,3860,3875,3877,3882,3886,3904,5556,7763,7766,7781,7783,7788,7792,7809,7848,7851,7854,7857,7862,7865,7877,7880,7883,7886,7962,7965,7971,7978,7981,8089,8140,8155,8185,8192,8204,8211,8215,8234,8237,8257,8260,8267,8274,8283,8307,8325,8330,8336,8410,8463,8478,8508,8515,8527,8534,8538,8557,8560,8580,8583,8590,8597,8606,8630,8648,8653,8659,8921,	
RESUMEN 1 147 1 20,	
O 5 147 5 19,7969,8005,8345,8668,	
TÉCNICA 1 147 1 18,	
FICHA 1 147 1 17,	
tuvo 2 147 2 2856,6762,	
información 9 147 9 14,1598,2090,3910,5504,5995,7815,9030,9213,	
Toda 1 147 1 12,	
medicamento 16 147 16 11,16,3141,3154,3515,3914,7048,7061,7421,7819,8151,8474,8710,8736,9180,9365,	
sufran 1 147 1 9348,	
Basica 1 147 1 9,	
	Información 1 147 1 8,	
PERFUSION 1 147 1 7,	
SOL 1 147 1 6,	
7ML 1 147 1 5,	
polvo 20 147 20 4,34,3277,3940,4069,7184,8065,8080,8111,8121,8130,8312,8386,8401,8432,8442,8452,8635,8692,9202,	
VIAL 5 147 5 3,8053,8300,8374,8623,	
1 56 147 56 2,26,27,174,241,953,1234,1655,1893,1905,2354,2522,2637,2681,2752,2848,3089,3251,3310,3933,3966,3967,4079,4146,4192,4239,4862,5142,5560,5798,5810,6259,6427,6542,6587,6658,6754,6996,7158,7217,7271,7272,7501,8052,8058,8301,8373,8379,8624,8792,8821,9256,9401,9428,9597,9602,	
35MG 1 147 1 1,	
FABRAZYME 4 147 4 0,8824,8923,9185,	
