	Prospectos 1 239 1 9615,	
duraci 1 239 1 9614,	
21 1 239 1 7625,	
400 1 239 1 7071,	
1000 2 239 2 6992,7012,	
11 1 239 1 3897,	
500 2 239 2 3511,3531,	
eu/ 2 239 2 3504,6985,	
europa 2 239 2 3503,6984,	
//www 2 239 2 3501,6982,	
http 2 239 2 3500,6981,	
(EMEA) 2 239 2 3499,6980,	
Medicamento 2 239 2 3498,6979,	
Europea 2 239 2 3496,6977,	
Agencia 2 239 2 3495,6976,	
web 2 239 2 3492,6973,	
disponible 2 239 2 3488,6969,	
detallada 2 239 2 3483,6964,	
TEXTO 2 239 2 3480,6961,	
REVISIÓN 2 239 2 3478,6959,	
2005 2 239 2 3473,6954,	
renovación 2 239 2 3468,6949,	
última 2 239 2 3467,6948,	
agosto 4 239 4 3461,3471,6942,6952,	
04 4 239 4 3459,3469,6940,6950,	
autorización 2 239 2 3458,6939,	
AUTORIZACIÓN/RENOVACIÓN 2 239 2 3450,6931,	
FECHA 4 239 4 3446,3475,6927,6956,	
EU/1/00/144/001 1 239 1 3444,	
NÚMERO(S) 2 239 2 3439,6920,	
Alemania 2 239 2 3437,6918,	
Leverkusen 2 239 2 3436,6917,	
D-51368 2 239 2 3435,6916,	
AG 2 239 2 3434,6915,	
HealthCare 2 239 2 3433,6914,	
	Bayer 2 239 2 3432,6913,	
COMERCIALIZACIÓN 4 239 4 3431,3443,6912,6924,	
AUTORIZACIÓN 6 239 6 3429,3441,3453,6910,6922,6934,	
LA 8 239 8 3428,3448,3452,3477,6909,6929,6933,6958,	
TITULAR 2 239 2 3426,6907,	
normativa 2 239 2 3423,6904,	
acuerdo 2 239 2 3420,6901,	
realizará 2 239 2 3418,6899,	
suministrada 2 239 2 3390,6871,	
desechable 2 239 2 3389,6870,	
transfiere 2 239 2 3384,6865,	
interior 2 239 2 3377,6858,	
turbidez 2 239 2 3374,6855,	
partículas 2 239 2 3372,6853,	
observan 2 239 2 3371,6852,	
agitar 2 239 2 3349,6830,	
Girar 2 239 2 3344,6825,	
asepsia 2 239 2 3343,6824,	
normas 2 239 2 3341,6822,	
prácticas 2 239 2 3335,6816,	
emea 2 239 2 3502,6983,	
buenas 2 239 2 3334,6815,	
procedimientos 2 239 2 3332,6813,	
estéril 6 239 6 3324,3388,3397,6805,6869,6878,	
transferencia 4 239 4 3323,3396,6804,6877,	
Mix2Vial 4 239 4 3320,3393,6801,6874,	
inyectables) 2 239 2 3315,6796,	
(2 2 239 2 3308,6789,	
suministrado 6 239 6 3307,3325,3398,6788,6806,6879,	
únicamente 2 239 2 3303,6784,	
preparación 2 239 2 3293,6774,	
instrucciones 2 239 2 3290,6771,	
incluido 2 239 2 3281,6762,	
prospecto 2 239 2 3280,6761,	
manipulaciones 2 239 2 3278,6759,	
alcohol 2 239 2 3265,6746,	
impregnadas 2 239 2 3263,6744,	
estériles 2 239 2 3262,6743,	
toallitas 2 239 2 3261,6742,	
jeringa 4 239 4 3251,3387,6732,6868,	
filtro 2 239 2 3243,6724,	
trasvasador 2 239 2 3241,6722,	
clorobutílico 2 239 2 3225,6706,	
aluminio) 4 239 4 3204,3233,6685,6714,	
cierre 4 239 4 3202,3231,6683,6712,	
látex 4 239 4 3200,3229,6681,6710,	
exento 4 239 4 3198,3227,6679,6708,	
contacto 2 239 2 3414,6895,	
gris 4 239 4 3197,3226,6678,6707,	
bromobutílico 2 239 2 3196,6677,	
mezcla 4 239 4 3193,3222,6674,6703,	
tapón 4 239 4 3191,3220,6672,6701,	
transparente 6 239 6 3186,3215,3364,6667,6696,6845,	
vidrio 4 239 4 3183,3212,6664,6693,	
(vial 4 239 4 3181,3210,6662,6691,	
· 6 239 6 3176,3205,3234,6657,6686,6715,	
Naturaleza 2 239 2 3165,6646,	
condiciones 2 239 2 3153,6634,	
disuelto 2 239 2 3354,6835,	
utilizada 2 239 2 3150,6631,	
Desechar 2 239 2 3146,6627,	
sola 2 239 2 3144,6625,	
contenido 4 239 4 3141,3167,6622,6648,	
refrigerar 2 239 2 3135,6616,	
parte 2 239 2 3129,6610,	
caducidad 2 239 2 3126,6607,	
fecha 2 239 2 3124,6605,	
nueva 2 239 2 3123,6604,	
anotarse 2 239 2 3121,6602,	
finalizar 2 239 2 3114,6595,	
máximo 2 239 2 3103,6584,	
25°C) 2 239 2 3099,6580,	
ambiente 2 239 2 3096,6577,	
temperatura 2 239 2 3095,6576,	
conservarse 2 239 2 3093,6574,	
envasado 2 239 2 3091,6572,	
200 1 239 1 3590,	
luz 2 239 2 3088,6569,	
protegerlos 2 239 2 3085,6566,	
exterior 4 239 4 3083,3133,6564,6614,	
embalaje 4 239 4 3082,3132,6563,6613,	
congelar 2 239 2 3076,6557,	
8°C) 2 239 2 3074,6555,	
(entre 2 239 2 3071,6552,	
nevera 2 239 2 3070,6551,	
Conservar 4 239 4 3068,3077,6549,6558,	
conservación 4 239 4 3067,3155,6548,6636,	
Precauciones 4 239 4 3064,3272,6545,6753,	
30ºC 2 239 2 3061,6542,	
48 2 239 2 3058,6539,	
física 2 239 2 3053,6534,	
química 2 239 2 3051,6532,	
meses 4 239 4 3035,3106,6516,6587,	
validez 2 239 2 3033,6514,	
equipos 2 239 2 3026,6507,	
interna 2 239 2 3023,6504,	
superficie 2 239 2 3022,6503,	
adsorción 2 239 2 3013,6494,	
fallos 2 239 2 3006,6487,	
suministra 2 239 2 3001,6482,	
equipo 8 239 8 2998,3246,3321,3394,6479,6727,6802,6875,	
EU/1/00/144/002 1 239 1 6925,	
ocasión 2 239 2 3145,6626,	
reconstitución 8 239 8 2994,3038,3327,3360,6475,6519,6808,6841,	
Sólo 2 239 2 2989,6470,	
disolventes 2 239 2 2988,6469,	
fármacos 2 239 2 2986,6467,	
mezclarse 2 239 2 2983,6464,	
Sacarosa 2 239 2 2970,6451,	
Polisorbato 2 239 2 2968,6449,	
Histidina 2 239 2 2967,6448,	
calcio 2 239 2 2966,6447,	
Cloruro 4 239 4 2961,2964,6442,6445,	
Lista 2 239 2 2956,6437,	
	6 2 239 2 2954,6435,	
FARMACÉUTICOS 2 239 2 2953,6434,	
precursor 2 239 2 2947,6428,	
compuesto 2 239 2 2946,6427,	
detectado 2 239 2 2936,6417,	
mutagénico 4 239 4 2927,2939,6408,6420,	
potencial 4 239 4 2926,2938,6407,6419,	
distintas 2 239 2 2916,6397,	
mamíferos 2 239 2 2915,6396,	
especies 2 239 2 2913,6394,	
heterólogas 2 239 2 2910,6391,	
inmune 2 239 2 2906,6387,	
carcinogénesis 2 239 2 2901,6382,	
crónica 2 239 2 2899,6380,	
toxicidad 4 239 4 2895,2898,6376,6379,	
repetida 2 239 2 2888,6369,	
perro) 2 239 2 2877,6358,	
conejo 2 239 2 2875,6356,	
rata 2 239 2 2874,6355,	
(ratón 2 239 2 2873,6354,	
subagudo 2 239 2 2865,6346,	
agudo 2 239 2 2863,6344,	
tóxico 2 239 2 2862,6343,	
evidenció 2 239 2 2859,6340,	
corporal) 2 239 2 2856,6337,	
relación 2 239 2 2853,6334,	
recomendada 2 239 2 2851,6332,	
veces 2 239 2 2845,6326,	
Incluso 2 239 2 2841,6322,	
seguridad 2 239 2 2840,6321,	
preclínicos 2 239 2 2838,6319,	
Datos 2 239 2 2837,6318,	
6-4 2 239 2 2832,6313,	
(intervalo 2 239 2 2830,6311,	
corresponde 2 239 2 2825,6306,	
188 2 239 2 2822,6303,	
Periodo 2 239 2 3031,6512,	
14 2 239 2 2810,6291,	
basal 2 239 2 2807,6288,	
160 2 239 2 2802,6283,	
22 3 239 3 2798,6279,8287,	
48)] 2 239 2 2797,6278,	
(0 2 239 2 2795,6276,	
[TMR 2 239 2 2794,6275,	
residencia 2 239 2 2793,6274,	
medio 4 239 4 2791,2808,6272,6289,	
carga 2 239 2 2786,6267,	
farmacocinéticos 2 239 2 2778,6259,	
parámetros 2 239 2 2777,6258,	
Otros 2 239 2 2776,6257,	
13 3 239 3 2773,4806,6254,	
semivida 2 239 2 2768,6249,	
suavemente 2 239 2 3345,6826,	
cuya 2 239 2 2767,6248,	
15 3 239 3 2751,5773,6232,	
terminal 4 239 4 2749,2769,6230,6250,	
desemivida 2 239 2 2748,6229,	
fases 2 239 2 2744,6225,	
exponencial 2 239 2 2741,6222,	
siguiendo 2 239 2 2738,6219,	
disminuye 2 239 2 2737,6218,	
Tras 6 239 6 2725,3036,3358,6206,6517,6839,	
similar 4 239 4 2712,2757,6193,6238,	
UI/Kg 2 239 2 2702,6183,	
incremento 2 239 2 2697,6178,	
registrados 4 239 4 2689,2716,6170,6197,	
análisis 2 239 2 2681,6162,	
farmacocinéticas 2 239 2 2679,6160,	
derivado 6 239 6 2673,2721,2764,6154,6202,6245,	
animales 2 239 2 2870,6351,	
obtenidos 2 239 2 2669,6150,	
similares 2 239 2 2666,6147,	
2000 2 239 2 3463,6944,	
observados 2 239 2 2658,6139,	
normalización 2 239 2 2655,6136,	
alargado 3 239 3 2643,6124,9605,	
debido 4 239 4 2902,3010,6383,6491,	
TTPa 5 239 5 2641,2657,6122,6138,9603,	
biológica 3 239 3 2636,6117,9598,	
convencional 3 239 3 2631,6112,9593,	
método 3 239 3 2626,6107,9588,	
(TTPa) 3 239 3 2623,6104,9585,	
activada 3 239 3 2622,6103,9584,	
parcial 3 239 3 2621,6102,9583,	
tromboplastina 3 239 3 2620,6101,9582,	
hemorrágica 3 239 3 2614,6095,9576,	
diatesis 3 239 3 2613,6094,9575,	
déficit 3 239 3 2606,6087,9568,	
temporal 3 239 3 2604,6085,9566,	
obteniéndose 3 239 3 2601,6082,9563,	
plasmáticos 3 239 3 2597,6078,9559,	
accidental 3 239 3 2587,6068,9549,	
traumatismo 3 239 3 2586,6067,9548,	
causa 3 239 3 2583,6064,9545,	
espontánea 3 239 3 2580,6061,9542,	
internos 3 239 3 2575,6056,9537,	
u 3 239 3 2573,6054,9535,	
músculos 3 239 3 2572,6053,9534,	
articulaciones 3 239 3 2571,6052,9533,	
profuso 3 239 3 2568,6049,9530,	
da 3 239 3 2563,6044,9525,	
reducidos 3 239 3 2557,6038,9519,	
sexo 3 239 3 2548,6029,9510,	
ligada 3 239 3 2546,6027,9508,	
sanguínea 3 239 3 2544,6025,9506,	
coágulo 3 239 3 2534,6015,9496,	
fibrinógeno 3 239 3 2529,6010,9491,	
Seguidamente 3 239 3 2524,6005,9486,	
trombina 6 239 6 2523,2526,6004,6007,9485,9488,	
protrombina 3 239 3 2521,6002,9483,	
venopunción 2 239 2 3248,6729,	
convierte 6 239 6 2519,2527,6000,6008,9481,9489,	
conversión 3 239 3 2507,5988,9469,	
corrección 3 239 3 2603,6084,9565,	
acelerando 3 239 3 2505,5986,9467,	
IX 3 239 3 2503,5984,9465,	
cofactor 3 239 3 2500,5981,9462,	
actúa 3 239 3 2498,5979,9460,	
circulación 3 239 3 2491,5972,9453,	
vWF 3 239 3 2487,5968,9449,	
une 3 239 3 2485,5966,9447,	
hemofílico 3 239 3 2480,5961,9442,	
perfunde 3 239 3 2476,5957,9438,	
fisiológicas 3 239 3 2472,5953,9434,	
funciones 3 239 3 2471,5952,9433,	
haya 2 239 2 3353,6834,	
vWF) 3 239 3 2469,5950,9431,	
(factor 3 239 3 2466,5947,9428,	
formado 3 239 3 2462,5943,9424,	
página 2 239 2 3491,6972,	
(vWF) 3 239 3 2460,5941,9422,	
VIII/factor 3 239 3 2456,5937,9418,	
D02 3 239 3 2451,5932,9413,	
B02B 3 239 3 2450,5931,9412,	
ATC 3 239 3 2449,5930,9411,	
código 3 239 3 2448,5929,9410,	
Grupo 3 239 3 2441,5922,9403,	
farmacodinámicas 3 239 3 2440,5921,9402,	
Propiedades 5 239 5 2439,2678,5920,6159,9401,	
	5 3 239 3 2437,5918,9399,	
ESTE 3 239 3 2435,5916,9397,	
FARMACOLÓGICAS 3 239 3 2433,5914,9395,	
PROPIEDADES 3 239 3 2432,5913,9394,	
" 3 239 3 2430,5911,9392,	
sobredosis 3 239 3 2420,5901,9382,	
síntomas 3 239 3 2418,5899,9380,	
notificado 3 239 3 2417,5898,9379,	
Sobredosis 3 239 3 2413,5894,9375,	
secciones 3 239 3 2405,5886,9367,	
(ver 3 239 3 2404,5885,9366,	
predisposición 3 239 3 2403,5884,9365,	
pequeñas 3 239 3 2391,5872,9353,	
ejemplo 3 239 3 2388,5869,9350,	
componentes 3 239 3 2383,5864,9345,	
alérgica 3 239 3 2380,5861,9342,	
posibilidad 3 239 3 2377,5858,9339,	
existe 3 239 3 2375,5856,9337,	
embargo 3 239 3 2374,5855,9336,	
Sin 3 239 3 2373,5854,9335,	
presentes 3 239 3 2369,5850,9331,	
mínimas 3 239 3 2362,5843,9324,	
repercusión 3 239 3 2356,5837,9318,	
ningún 7 239 7 2349,2860,2937,5830,6341,6418,9311,	
11% 3 239 3 2342,5823,9304,	
estudio 3 239 3 2339,5820,9301,	
inicio 3 239 3 2337,5818,9299,	
moléculas 3 239 3 2465,5946,9427,	
subgrupo 3 239 3 2326,5807,9288,	
desarrollado 3 239 3 2321,5802,9283,	
(PTPs) 3 239 3 2319,5800,9281,	
Incompatibilidades 2 239 2 2978,6459,	
2% 5 239 5 2313,2700,5794,6181,9275,	
000 3 239 3 2301,5782,9263,	
post-comercialización 3 239 3 2296,5777,9258,	
amplios 3 239 3 2294,5775,9256,	
hombre 2 239 2 2918,6399,	
cuatro 3 239 3 2290,5771,9252,	
de-novo 9 239 9 2285,2323,2345,5766,5804,5826,9247,9285,9307,	
observaron 3 239 3 2283,5764,9245,	
(PTPs 3 239 3 2267,5748,9229,	
73 3 239 3 2263,5744,9225,	
quinto 3 239 3 2252,5733,9214,	
desarrolló 6 239 6 2246,2351,5727,5832,9208,9313,	
posterior 3 239 3 2238,5719,9200,	
seguimiento 9 239 9 2237,2258,2288,5718,5739,5769,9199,9220,9250,	
posteriormente 3 239 3 2234,5715,9196,	
final 3 239 3 2229,5710,9191,	
alcanzaron 6 239 6 2222,2233,5703,5714,9184,9195,	
Cuatro 3 239 3 2216,5697,9178,	
4-478 3 239 3 2214,5695,9176,	
114 3 239 3 2212,5693,9174,	
días) 6 239 6 2198,2215,5679,5696,9160,9177,	
3-18 3 239 3 2197,5678,9159,	
(rango 6 239 6 2196,2213,5677,5694,9158,9175,	
9 8 239 8 2194,2412,3445,5675,5893,6926,9156,9374,	
detección 3 239 3 2186,5667,9148,	
mediana 6 239 6 2178,2200,5659,5681,9140,9162,	
(5%) 3 239 3 2166,5647,9128,	
superior 5 239 5 2157,3130,5638,6611,9119,	
presentaron 3 239 3 2154,5635,9116,	
(10%) 3 239 3 2153,5634,9115,	
desarrollaron 6 239 6 2146,2343,5627,5824,9108,9305,	
MTPs 3 239 3 2140,5621,9102,	
(14%) 3 239 3 2134,5615,9096,	
PUPs 3 239 3 2133,5614,9095,	
Cinco 3 239 3 2128,5609,9090,	
tratamiento) 6 239 6 2127,2280,5608,5761,9089,9242,	
definidos 6 239 6 2115,2268,5596,5749,9077,9230,	
(MTPs 3 239 3 2114,5595,9076,	
mínimamente 3 239 3 2111,5592,9073,	
23 6 239 6 2109,2139,5590,5620,9071,9101,	
(PUPs) 3 239 3 2107,5588,9069,	
C 3 239 3 2561,6042,9523,	
hemorrágicos 3 239 3 2100,5581,9062,	
meses; 2 239 2 3119,6600,	
episodios 3 239 3 2099,5580,9061,	
ensayos 12 239 12 2093,2208,2260,2348,5574,5689,5741,5829,9055,9170,9222,9310,	
utilizado 5 239 5 2091,3404,5572,6885,9053,	
PRIMERA 2 239 2 3449,6930,	
apropiados 3 239 3 2079,5560,9041,	
clínicos 12 239 12 2078,2094,2209,2261,5559,5575,5690,5742,9040,9056,9171,9223,	
exámenes 3 239 3 2077,5558,9039,	
monitorización 3 239 3 2070,5551,9032,	
someterse 3 239 3 2067,5548,9029,	
motivo 3 239 3 2063,5544,9025,	
previamente 17 239 17 2060,2106,2113,2266,2318,2693,5541,5587,5594,5747,5799,6174,9022,9068,9075,9228,9280,	
principalmente 3 239 3 2054,5535,9016,	
observó 6 239 6 2053,2308,5534,5789,9015,9270,	
Prurito 3 239 3 2018,5499,8980,	
tejido 3 239 3 2016,5497,8978,	
piel 3 239 3 2013,5494,8975,	
Mareo 3 239 3 2009,5490,8971,	
nervioso 3 239 3 2008,5489,8970,	
hereditaria 3 239 3 2545,6026,9507,	
arterial 3 239 3 2004,5485,8966,	
Alteración 3 239 3 2000,5481,8962,	
Investigaciones 3 239 3 1999,5480,8961,	
alérgica/anafiláctica 3 239 3 1998,5479,8960,	
inmunológico 3 239 3 1996,5477,8958,	
local 5 239 5 1982,3424,5463,6905,8944,	
determinación 3 239 3 2616,6097,9578,	
Reacción 6 239 6 1981,1997,5462,5478,8943,8959,	
lugar 9 239 9 1980,1985,2564,5461,5466,6045,8942,8947,9526,	
alteraciones 3 239 3 1977,5458,8939,	
generales 3 239 3 1975,5456,8937,	
Disgeusia 3 239 3 1973,5454,8935,	
gastrointestinales 3 239 3 1972,5453,8934,	
linfático 3 239 3 1966,5447,8928,	
sangre 3 239 3 1962,5443,8924,	
Trastornos 18 239 18 1959,1971,1974,1993,2005,2010,5440,5452,5455,5474,5486,5491,8921,8933,8936,8955,8967,8972,	
preferente 3 239 3 1956,5437,8918,	
Término 3 239 3 1955,5436,8917,	
MedDRA 6 239 6 1954,1958,5435,5439,8916,8920,	
sistema 12 239 12 1953,1965,1995,2007,5434,5446,5476,5488,8915,8927,8957,8969,	
órganos 6 239 6 1951,2574,5432,6055,8913,9536,	
Clasificación 3 239 3 1949,5430,8911,	
excepcionales 3 239 3 1941,5422,8903,	
moderados 3 239 3 1938,5419,8900,	
leves 3 239 3 1936,5417,8898,	
efectos 3 239 3 1933,5414,8895,	
Después 3 239 3 1923,5404,8885,	
nula 3 239 3 1918,5399,8880,	
influencia 3 239 3 1905,5386,8867,	
máquinas 6 239 6 1903,1916,5384,5397,8865,8878,	
fibrina 3 239 3 2531,6012,9493,	
utilizar 8 239 8 1902,1915,3366,5383,5396,6847,8864,8877,	
conducir 6 239 6 1900,1913,5381,5394,8862,8875,	
capacidad 6 239 6 1898,1911,5379,5392,8860,8873,	
Efectos 3 239 3 1895,5376,8857,	
7 5 239 5 1894,3425,5375,6906,8856,	
estrictamente 3 239 3 1891,5372,8853,	
utilizará 3 239 3 1885,5366,8847,	
sólo 3 239 3 1883,5364,8845,	
periodo 7 239 7 1876,3102,3116,5357,6583,6597,8838,	
embarazo 3 239 3 1873,5354,8835,	
dispone 3 239 3 1862,5343,8824,	
mujeres 3 239 3 1859,5340,8821,	
excepcional 3 239 3 1857,5338,8819,	
animal 3 239 3 1847,5328,8809,	
reproducción 5 239 5 1846,2897,5327,6378,8808,	
estudios 13 239 13 1844,2041,2295,2884,2923,5325,5522,5776,6365,6404,8806,9003,9257,	
cabo 5 239 5 1843,2883,5324,6364,8805,	
llevado 5 239 5 1841,2881,5322,6362,8803,	
lactancia 6 239 6 1837,1878,5318,5359,8799,8840,	
Embarazo 3 239 3 1835,5316,8797,	
interacciones 3 239 3 1825,5306,8787,	
conocen 3 239 3 1824,5305,8786,	
interacción 3 239 3 1821,5302,8783,	
formas 3 239 3 1819,5300,8781,	
Interacción 3 239 3 1812,5293,8774,	
sodio"" 3 239 3 1809,5290,8771,	
""exento 3 239 3 1807,5288,8769,	
esencialmente 3 239 3 1806,5287,8768,	
mg) 3 239 3 1801,5282,8763,	
(23 3 239 3 1800,5281,8762,	
consiguiente 3 239 3 1880,5361,8842,	
sodio 5 239 5 1799,2963,5280,6444,8761,	
mmol 3 239 3 1797,5278,8759,	
lote 3 239 3 1790,5271,8752,	
constancia 3 239 3 1780,5261,8742,	
deje 3 239 3 1779,5260,8741,	
administre 3 239 3 1775,5256,8737,	
les 3 239 3 1774,5255,8736,	
vez 7 239 7 1771,3137,3379,5252,6618,6860,8733,	
viales 2 239 2 3079,6560,	
beneficio 3 239 3 1759,5240,8721,	
prolongada 3 239 3 1747,5228,8709,	
adversas 6 239 6 1726,1922,5207,5403,8688,8884,	
Reacciones 6 239 6 1725,1921,5206,5402,8687,8883,	
Ver 3 239 3 1719,5200,8681,	
adecuadas 3 239 3 1712,5193,8674,	
laboratorio 8 239 8 1711,2075,2872,5192,5556,6353,8673,9037,	
cuidadosamente 3 239 3 1704,5185,8666,	
controlados 3 239 3 1703,5184,8665,	
habían 3 239 3 2320,5801,9282,	
tratados 26 239 26 1692,2059,2105,2112,2142,2265,2303,2317,2692,5173,5540,5586,5593,5623,5746,5784,5798,6173,8654,9021,9067,9074,9104,9227,9265,9279,	
antecedentes 3 239 3 1685,5166,8647,	
previo 3 239 3 1674,5155,8636,	
Factor 6 239 6 1662,2443,5143,5924,8624,9405,	
cambiar 3 239 3 1659,5140,8621,	
bajo) 3 239 3 1656,5137,8618,	
título 12 239 12 1655,2156,2168,2249,5136,5637,5649,5730,8617,9118,9130,9211,	
(con 3 239 3 1654,5135,8616,	
recurrentes 3 239 3 1651,5132,8613,	
observado 8 239 8 1649,1932,2759,5130,5413,6240,8611,8894,	
forman 3 239 3 1638,5119,8600,	
raramente 3 239 3 1636,5117,8598,	
primeros 6 239 6 1629,1642,5110,5123,8591,8604,	
genéticos 3 239 3 1620,5101,8582,	
factores 3 239 3 1619,5100,8581,	
antihemofílico 3 239 3 1616,5097,8578,	
modificadas 3 239 3 1597,5078,8559,	
cuantifican 3 239 3 1590,5071,8552,	
procoagulante 3 239 3 1584,5065,8546,	
dirigidas 3 239 3 1580,5061,8542,	
IgG 3 239 3 1579,5060,8541,	
inmunoglobulinas 3 239 3 1578,5059,8540,	
exclusivamente 3 239 3 1577,5058,8539,	
complicación 6 239 6 1564,2030,5045,5511,8526,8992,	
(inhibidores) 6 239 6 1561,2027,5042,5508,8523,8989,	
neutralizantes 6 239 6 1557,2023,5038,5504,8519,8985,	
anticuerpos 9 239 9 1556,2022,2354,5037,5503,5835,8518,8984,9316,	
formación 9 239 9 1554,2020,2083,5035,5501,5564,8516,8982,9045,	
habituales 3 239 3 1549,5030,8511,	
médicas 3 239 3 1548,5029,8510,	
pautas 3 239 3 1547,5028,8509,	
seguirán 3 239 3 1545,5026,8507,	
shock 3 239 3 1543,5024,8505,	
contactar 3 239 3 1536,5017,8498,	
inyección 6 239 6 1528,1992,5009,5473,8490,8954,	
inmediatamente 5 239 5 1526,3043,5007,6524,8488,	
interrumpirá 3 239 3 1525,5006,8487,	
produjera 3 239 3 1520,5001,8482,	
sintomático 3 239 3 1517,4998,8479,	
incluyendo 3 239 3 1514,4995,8476,	
instituir 3 239 3 1509,4990,8471,	
sea 9 239 9 1505,1768,2577,4986,5249,6058,8467,8730,9539,	
Cuando 6 239 6 1504,2474,4985,5955,8466,9436,	
anafiláctica 6 239 6 1503,1523,4984,5004,8465,8485,	
reacción 9 239 9 1502,1522,2379,4983,5003,5860,8464,8484,9341,	
precoces 3 239 3 1498,4979,8460,	
signos 3 239 3 1497,4978,8459,	
náusea 3 239 3 1491,4972,8453,	
hipotensión 3 239 3 1488,4969,8450,	
torácica 3 239 3 1486,4967,8448,	
opresión 3 239 3 1485,4966,8447,	
aparición 3 239 3 1483,4964,8445,	
Los 9 239 9 1474,1634,1690,4955,5115,5171,8436,8596,8652,	
alérgico 3 239 3 1473,4954,8435,	
tipo 7 239 7 1472,3184,3213,4953,6665,6694,8434,	
leve 3 239 3 1489,4970,8451,	
reacciones 3 239 3 1468,4949,8430,	
produzcan 3 239 3 1467,4948,8429,	
posible 9 239 9 1464,1482,1769,4945,4963,5250,8426,8444,8731,	
proteico 3 239 3 1459,4940,8421,	
especiales 7 239 7 1451,3065,3273,4932,6546,6754,8413,	
Advertencias 3 239 3 1448,4929,8410,	
ratón 9 239 9 1437,2366,2396,4918,5847,5877,8399,9328,9358,	
proteínas 5 239 5 1435,2909,4916,6390,8397,	
activo 3 239 3 1432,4913,8394,	
principio 3 239 3 1431,4912,8393,	
conocida 9 239 9 1429,1565,2031,4910,5046,5512,8391,8527,8993,	
Hipersensibilidad 3 239 3 1428,4909,8390,	
Contraindicaciones 3 239 3 1427,4908,8389,	
perfusión/nivel 3 239 3 1421,4902,8383,	
ecuación 3 239 3 1416,4897,8378,	
post-cirugía 3 239 3 1411,4892,8373,	
real 6 239 6 1404,1424,4885,4905,8366,8386,	
velocidades 3 239 3 1392,4873,8354,	
Las 3 239 3 1391,4872,8353,	
tisular 3 239 3 1386,4867,8348,	
daño 3 239 3 1385,4866,8347,	
importantes 3 239 3 1380,4861,8342,	
acelerado 3 239 3 1377,4858,8339,	
Puede 3 239 3 1366,4847,8328,	
56 3 239 3 1365,4846,8327,	
125 3 239 3 1363,4844,8325,	
25 3 239 3 1361,4842,8323,	
FVIIIr 3 239 3 1353,4834,8315,	
ml/h/kg 3 239 3 1352,4833,8314,	
Concentraciones 3 239 3 1346,4827,8308,	
ml/h 7 239 7 1344,2803,2823,4825,6284,6304,8306,	
IU/h/kg 3 239 3 1343,4824,8305,	
plasmático 3 239 3 1327,4808,8289,	
(UI/ml) 3 239 3 1324,4805,8286,	
corporal/concentración 3 239 3 1320,4801,8282,	
infusión 3 239 3 1312,4793,8274,	
multiplicar 3 239 3 1308,4789,8270,	
ml/hora 3 239 3 1307,4788,8269,	
100% 3 239 3 1301,4782,8263,	
obtener 3 239 3 1295,4776,8257,	
UI/Kg/h 6 239 6 1293,1314,4774,4795,8255,8276,	
debería 3 239 3 1289,4770,8251,	
ml/Kg/h 5 239 5 1283,2829,4764,6310,8245,	
Kg 9 239 9 1277,1317,1341,4758,4798,4822,8239,8279,8303,	
75 6 239 6 1276,1340,4757,4821,8238,8302,	
Ejemplo 3 239 3 1271,4752,8233,	
FVIII 15 239 15 1270,1299,1342,1403,1423,4751,4780,4823,4884,4904,8232,8261,8304,8365,8385,	
calcularse 6 239 6 1260,1397,4741,4878,8222,8359,	
ml/min) 3 239 3 1247,4728,8209,	
máxima 5 239 5 1243,2733,4724,6214,8205,	
producirse 2 239 2 3005,6486,	
(velocidad 3 239 3 1242,4723,8204,	
bienestar 3 239 3 1239,4720,8201,	
grado 6 239 6 1237,2650,4718,6131,8199,9612,	
determinará 3 239 3 1233,4714,8195,	
minutos 3 239 3 1227,4708,8189,	
intravenosa 9 239 9 1224,1462,1746,4705,4943,5227,8186,8424,8708,	
vía 3 239 3 1223,4704,8185,	
preparado 3 239 3 1209,4690,8171,	
aproximadamente; 2 239 2 2800,6281,	
Disolver 3 239 3 1207,4688,8169,	
dichos 3 239 3 2085,5566,9047,	
presión 3 239 3 2003,5484,8965,	
Administración 3 239 3 1206,4687,8168,	
hemofílicos 9 239 9 1205,2057,2648,4686,5538,6129,8167,9019,9610,	
médicos 3 239 3 1197,4678,8159,	
general 3 239 3 2149,5630,9111,	
dirigidos 3 239 3 1195,4676,8157,	
tratamientos 3 239 3 1192,4673,8154,	
Estos 6 239 6 1191,1574,4672,5055,8153,8536,	
(rFVIIa) 3 239 3 1190,4671,8152,	
activado 15 239 15 1188,2497,2504,2514,2518,4669,5978,5985,5995,5999,8150,9459,9466,9476,9480,	
formándose 3 239 3 2532,6013,9494,	
preparados 6 239 6 1184,2043,4665,5524,8146,9005,	
(CCPa) 3 239 3 1181,4662,8143,	
perdió 3 239 3 2255,5736,9217,	
(activado) 3 239 3 1180,4661,8142,	
protrombínico 3 239 3 1179,4660,8141,	
complejo 6 239 6 1178,2453,4659,5934,8140,9415,	
concentrado 3 239 3 1176,4657,8138,	
utilización 3 239 3 1174,4655,8136,	
considerarse 3 239 3 1172,4653,8134,	
alta 3 239 3 1170,4651,8132,	
anamnésica 3 239 3 1169,4650,8131,	
U 9 239 9 1163,2160,2172,4644,5641,5653,8125,9122,9134,	
títulos 6 239 6 1157,2352,4638,5833,8119,9314,	
observen 3 239 3 1153,4634,8115,	
valores 7 239 7 1143,2684,2715,4624,6165,6196,8105,	
ajustarse 3 239 3 1135,4616,8097,	
variables 3 239 3 1132,4613,8094,	
son 10 239 10 1131,1576,2665,2789,4612,5057,6146,6270,8093,8538,	
obstante 5 239 5 1122,3048,4603,6529,8084,	
No 22 239 22 1121,1822,1838,2414,2878,2919,3075,3134,3365,4602,5303,5319,5895,6359,6400,6556,6615,6846,8083,8784,8800,9376,	
eficaz 3 239 3 1117,4598,8079,	
clinicamente 3 239 3 1116,4597,8078,	
continuado 3 239 3 1115,4596,8077,	
permitir 3 239 3 1112,4593,8074,	
neutralizarlo 3 239 3 1110,4591,8072,	
adicional 5 239 5 1100,3237,4581,6718,8062,	
) 6 239 6 1095,1596,4576,5077,8057,8558,	
B 15 239 15 1094,1164,1595,2161,2173,4575,4645,5076,5642,5654,8056,8126,8557,9123,9135,	
(U 6 239 6 1093,1594,4574,5075,8055,8556,	
Bethesda 6 239 6 1092,1593,4573,5074,8054,8555,	
10 18 239 18 1090,1162,2159,2171,3188,3217,3474,4571,4643,5640,5652,6669,6698,6955,8052,8124,9121,9133,	
inferiores 3 239 3 1088,4569,8050,	
inhibidor 6 239 6 1083,1127,4564,4608,8045,8089,	
alteración 3 239 3 2540,6021,9502,	
presencia 12 239 12 1075,1124,1716,2554,4556,4605,5197,6035,8037,8086,8678,9516,	
media 2 239 2 2770,6251,	
adversos 3 239 3 1934,5415,8896,	
prueba 3 239 3 1071,4552,8033,	
realizarse 5 239 5 1069,3329,4550,6810,8031,	
adecuada 3 239 3 1067,4548,8029,	
controla 3 239 3 1061,4542,8023,	
esperados 3 239 3 1056,4537,8018,	
alcanzan 3 239 3 1047,4528,8009,	
Si 9 239 9 1044,1081,1518,4525,4562,4999,8006,8043,8480,	
desarrollo 12 239 12 1038,1605,1687,2049,4519,5086,5168,5530,8000,8567,8649,9011,	
controlarse 3 239 3 1033,4514,7995,	
Debe 3 239 3 1032,4513,7994,	
Pacientes 3 239 3 1029,4510,7991,	
años 6 239 6 1028,2291,4509,5772,7990,9253,	
menores 3 239 3 1025,4506,7987,	
niños 3 239 3 1024,4505,7986,	
61 3 239 3 1023,4504,7985,	
datos 3 239 3 1021,4502,7983,	
obtenido 3 239 3 1020,4501,7982,	
Se 8 239 8 1018,1647,3044,4499,5128,6525,7980,8609,	
mayores 3 239 3 1017,4498,7979,	
corto 3 239 3 1014,4495,7976,	
intervalo 3 239 3 1010,4491,7972,	
necesario 6 239 6 1008,1506,4489,4987,7970,8468,	
jóvenes 3 239 3 1005,4486,7967,	
casos 12 239 12 999,1650,1888,1940,4480,5131,5369,5421,7961,8612,8850,8902,	
intervalos 3 239 3 991,4472,7953,	
deben 18 239 18 974,1134,1476,1535,1701,2066,4455,4615,4957,5016,5182,5547,7936,8096,8438,8497,8663,9028,	
programada 3 239 3 964,4445,7926,	
cuenta 3 239 3 954,4435,7916,	
tenerse 3 239 3 952,4433,7914,	
aspecto 3 239 3 950,4431,7912,	
Inhibición 3 239 3 1967,5448,8929,	
materiales 5 239 5 946,3409,4427,6890,7908,	
(DEHF) 3 239 3 943,4424,7905,	
ftalato 3 239 3 942,4423,7904,	
informados 3 239 3 1478,4959,8440,	
(2-etilhexil) 3 239 3 941,4422,7903,	
di- 3 239 3 940,4421,7902,	
extracción 3 239 3 938,4419,7900,	
tasa 3 239 3 936,4417,7898,	
incrementa 3 239 3 934,4415,7896,	
excipiente 3 239 3 928,4409,7890,	
polisorbato 3 239 3 925,4406,7887,	
subcutáneo 3 239 3 2017,5498,8979,	
PVC 6 239 6 917,948,4398,4429,7879,7910,	
ambulatorias 3 239 3 912,4393,7874,	
bombas 3 239 3 911,4392,7873,	
empleando 3 239 3 910,4391,7872,	
demostrada 3 239 3 909,4390,7871,	
vitro 8 239 8 902,2630,2944,4383,6111,6425,7864,9592,	
estabilidad 5 239 5 898,3050,4379,6531,7860,	
UI/ml) 6 239 6 896,1357,4377,4838,7858,8319,	
ml/h/Kg) 3 239 3 888,4369,7850,	
Aclaramiento 6 239 6 886,1345,4367,4826,7848,8307,	
UI/Kg/h) 3 239 3 884,4365,7846,	
nombre 3 239 3 1782,5263,8744,	
Velocidad 9 239 9 880,1328,1330,4361,4809,4811,7842,8290,8292,	
ajustar 3 239 3 875,4356,7837,	
ml/Kg/h) 5 239 5 872,2834,4353,6315,7834,	
0-3 3 239 3 870,4351,7832,	
(3 3 239 3 869,4350,7831,	
farmacoterapéutico 3 239 3 2442,5923,9404,	
promedio 7 239 7 868,2698,2747,4349,6179,6228,7830,	
correlacionado 3 239 3 1609,5090,8571,	
empezar 3 239 3 864,4345,7826,	
previa 3 239 3 858,4339,7820,	
eliminación 7 239 7 857,3275,3400,4338,6756,6881,7819,	
curva 5 239 5 855,2740,4336,6221,7817,	
realizando 3 239 3 853,4334,7815,	
caduca 2 239 2 3112,6593,	
obtenerse 3 239 3 852,4333,7814,	
aclaramiento 22 239 22 850,1264,1280,1376,1406,1417,2801,2806,4331,4745,4761,4857,4887,4898,6282,6287,7812,8226,8242,8338,8368,8379,	
velocidad 21 239 21 845,1229,1256,1285,1310,1370,1419,4326,4710,4737,4766,4791,4851,4900,7807,8191,8218,8247,8272,8332,8381,	
zona 6 239 6 837,1755,4318,5236,7799,8717,	
tromboflebitis 6 239 6 834,1752,4315,5233,7796,8714,	
prevenir 9 239 9 832,966,1750,4313,4447,5231,7794,7928,8712,	
heparina 6 239 6 830,1748,4311,5229,7792,8710,	
utilizó 6 239 6 829,1741,4310,5222,7791,8703,	
reservorio 3 239 3 915,4396,7877,	
larga 3 239 3 826,4307,7788,	
intravenosas 3 239 3 824,4305,7786,	
perfusiones 3 239 3 823,4304,7785,	
operación) 3 239 3 816,4297,7778,	
después 12 239 12 813,874,1639,1657,4294,4355,5120,5138,7775,7836,8601,8619,	
(antes 3 239 3 810,4291,7772,	
quirúrgicas 6 239 6 809,1390,4290,4871,7771,8352,	
continua 17 239 17 806,906,960,1254,1737,2819,4287,4387,4441,4735,5218,6300,7768,7868,7922,8216,8699,	
utilizarse 7 239 7 803,2991,3042,4284,6472,6523,7765,	
Helixate 70 239 70 800,918,983,1119,1218,1248,1776,1827,1849,1869,1881,1907,1928,2087,2144,2305,2663,2707,2729,2780,2867,2929,2949,3173,3286,3299,3367,4281,4399,4464,4600,4699,4729,5257,5308,5330,5350,5362,5388,5409,5568,5625,5786,6144,6188,6210,6261,6348,6410,6430,6654,6767,6780,6848,7762,7880,7945,8081,8180,8210,8738,8789,8811,8831,8843,8869,8890,9049,9106,9267,	
demostrado 7 239 7 798,2695,3046,4279,6176,6527,7760,	
sometidos 5 239 5 792,2813,4273,6294,7754,	
adultos 5 239 5 788,2812,4269,6293,7750,	
realizado 5 239 5 785,2922,4266,6403,7747,	
semividas 3 239 3 779,4260,7741,	
presentar 3 239 3 778,4259,7740,	
in 15 239 15 775,901,2629,2687,2940,2943,4256,4382,6110,6168,6421,6424,7737,7863,9591,	
recuperación 5 239 5 774,2686,4255,6167,7736,	
distintos 3 239 3 771,4252,7733,	
alcanzar 3 239 3 770,4251,7732,	
variar 3 239 3 768,4249,7730,	
plasmático) 3 239 3 756,4237,7718,	
pruebas 9 239 9 748,1709,2073,4229,5190,5554,7710,8671,9035,	
Por 6 239 6 1879,2061,5360,5542,8841,9023,	
sustitución 6 239 6 746,2593,4227,6074,7708,9555,	
precisión 3 239 3 742,4223,7704,	
indispensable 3 239 3 739,4220,7701,	
mayor 14 239 14 737,795,1369,1626,2816,4218,4276,4850,5107,6297,7699,7757,8331,8588,	
cirugía 14 239 14 736,794,861,1739,2815,4217,4275,4342,5220,6296,7698,7756,7823,8701,	
intervenciones 9 239 9 734,808,1389,4215,4289,4870,7696,7770,8351,	
especial 5 239 5 731,3337,4212,6818,7693,	
repetir 3 239 3 725,4206,7687,	
administrar 3 239 3 716,4197,7678,	
indica 3 239 3 1212,4693,8174,	
recomienda 6 239 6 704,1764,4185,5245,7666,8726,	
Durante 6 239 6 700,2346,4181,5827,7662,9308,	
inicial 9 239 9 699,848,1288,4180,4329,4769,7661,7810,8250,	
especialmente 6 239 6 692,1000,4173,4481,7654,7962,	
calculadas 3 239 3 691,4172,7653,	
superiores 8 239 8 688,1160,2846,4169,4641,6327,7650,8122,	
cantidades 9 239 9 687,2361,2392,4168,5842,5873,7649,9323,9354,	
requerirse 6 239 6 686,1367,4167,4848,7648,8329,	
circunstancias 3 239 3 684,4165,7646,	
determinadas 3 239 3 683,4164,7645,	
clínica 17 239 17 677,899,1139,1707,2357,2850,4158,4380,4620,5188,5838,6331,7639,7861,8101,8669,9319,	
respuesta 14 239 14 676,758,1138,1168,2905,4157,4239,4619,4649,6386,7638,7720,8100,8130,	
adaptar 3 239 3 673,4154,7635,	
frecuencia 6 239 6 667,719,4148,4200,7629,7681,	
bolo 3 239 3 662,4143,7624,	
Como 6 239 6 659,1454,4140,4935,7621,8416,	
recalculada 3 239 3 1407,4888,8369,	
a) 3 239 3 658,4139,7620,	
80 8 239 8 655,926,2969,4136,4407,6450,7617,7888,	
Mayor 3 239 3 654,4135,7616,	
dentales 3 239 3 653,4134,7615,	
extracciones 3 239 3 652,4133,7614,	
Incluyendo 3 239 3 651,4132,7613,	
Menor 3 239 3 650,4131,7612,	
día 6 239 6 648,1410,4129,4891,7610,8372,	
Cada 5 239 5 642,3170,4123,6651,7604,	
Cirugía 3 239 3 638,4119,7600,	
primera 2 239 2 3457,6938,	
grave 6 239 6 637,973,4118,4454,7599,7935,	
hipersensibilidad 9 239 9 1470,1500,1513,4951,4981,4994,8432,8462,8475,	
(actividad 3 239 3 752,4233,7714,	
desaparezca 3 239 3 635,4116,7597,	
vivo 7 239 7 776,2688,2941,4257,6169,6422,7738,	
garganta 3 239 3 633,4114,7595,	
intracraneal 3 239 3 626,4107,7588,	
8 11 239 11 621,1724,1920,3438,4102,5205,5401,6919,7583,8686,8882,	
vital 3 239 3 613,4094,7575,	
riesgo 12 239 12 612,632,1603,1625,4093,4113,5084,5106,7574,7594,8565,8587,	
Sangrados 3 239 3 610,4091,7572,	
hayan 5 239 5 609,3411,4090,6892,7571,	
discapacidad 3 239 3 607,4088,7569,	
dolor 3 239 3 605,4086,7567,	
hematoma 3 239 3 603,4084,7565,	
días 36 239 36 599,996,1631,1644,1679,2123,2181,2195,2203,2225,2276,2333,4080,4477,5112,5125,5160,5604,5662,5676,5684,5706,5757,5814,7561,7958,8593,8606,8641,9085,9143,9157,9165,9187,9238,9295,	
durante 31 239 31 595,811,903,1225,1378,1388,1492,1871,2289,3057,3100,4076,4292,4384,4706,4859,4869,4973,5352,5770,6538,6581,7557,7773,7865,8187,8340,8350,8454,8833,9251,	
perfusión 72 239 72 586,619,727,805,839,847,882,905,959,1245,1253,1258,1287,1332,1337,1372,1394,1494,1531,1736,1745,1757,2788,2818,3028,4067,4100,4208,4286,4320,4328,4363,4386,4440,4726,4734,4739,4768,4813,4818,4853,4875,4975,5012,5217,5226,5238,6269,6299,6509,7548,7581,7689,7767,7801,7809,7844,7867,7921,8207,8215,8220,8249,8294,8299,8334,8356,8456,8493,8698,8707,8719,	
60 18 239 18 583,614,641,980,2152,2165,4064,4095,4122,4461,5633,5646,7545,7576,7603,7942,9114,9127,	
30 8 239 8 581,639,3034,4062,4120,6515,7543,7601,	
extensa 3 239 3 580,4061,7542,	
oral 3 239 3 577,4058,7539,	
cavidad 3 239 3 576,4057,7538,	
muscular 6 239 6 571,592,4052,4073,7533,7554,	
sangrado 18 239 18 570,573,591,625,634,2567,4051,4054,4072,4106,4115,6048,7532,7535,7553,7587,7596,9529,	
precoz 3 239 3 569,4050,7531,	
Hemartrosis 6 239 6 568,578,4049,4059,7530,7540,	
Al 3 239 3 567,4048,7529,	
horas 20 239 20 566,594,628,644,2752,2774,2799,3059,4047,4075,4109,4125,6233,6255,6280,6540,7528,7556,7590,7606,	
24 13 239 13 565,590,623,643,4046,4071,4104,4124,7527,7552,7585,7605,9254,	
12 7 239 7 563,588,4044,4069,4144,7525,7550,	
Repetir 9 239 9 561,584,617,4042,4065,4098,7523,7546,7579,	
40 3 239 3 560,4041,7522,	
Utilizar 2 239 2 3139,6620,	
20 16 239 16 558,978,1630,2224,2332,4039,4459,5111,5705,5813,7378,7520,7940,8592,9186,9294,	
Hemorragia 3 239 3 557,4038,7519,	
terapia 3 239 3 556,4037,7518,	
específicos 2 239 2 2885,6366,	
(horas)/Duración 3 239 3 553,4034,7515,	
(%) 3 239 3 552,4033,7514,	
exposición 24 239 24 1612,1681,2125,2183,2205,2227,2278,2335,5093,5162,5606,5664,5686,5708,5759,5816,8574,8643,9087,9145,9167,9189,9240,9297,	
requerido 6 239 6 551,1335,4032,4816,7513,8297,	
quirúrgico 6 239 6 550,2589,4031,6070,7512,9551,	
procedimiento 3 239 3 549,4030,7511,	
dosificación 6 239 6 547,1012,4028,4493,7509,7974,	
Frecuencia 3 239 3 545,4026,7507,	
observación 3 239 3 1706,5187,8668,	
Nivel 6 239 6 541,1326,4022,4807,7503,8288,	
hemorragia/Tipo 3 239 3 540,4021,7502,	
Grado 3 239 3 537,4018,7499,	
correspondiente 3 239 3 536,4017,7498,	
período 3 239 3 535,4016,7497,	
% 6 239 6 530,1355,4011,4836,7492,8317,	
han 19 239 19 1019,1648,1840,1931,2416,2880,2921,4500,5129,5321,5412,5897,6361,6402,7981,8610,8802,8893,9378,	
(en 14 239 14 529,883,887,895,2852,4010,4364,4368,4376,6333,7491,7845,7849,7857,	
inferior 6 239 6 525,2169,4006,5650,7487,9131,	
podrá 3 239 3 523,4004,7485,	
aparecen 3 239 3 511,3992,7473,	
caso 20 239 20 506,680,695,730,1383,1541,3109,3987,4161,4176,4211,4864,5022,6590,7468,7642,7657,7692,8345,8503,	
En 47 239 47 504,682,728,781,817,961,997,1154,1540,1727,1758,2040,2259,2293,2324,3107,3985,4163,4209,4262,4298,4442,4478,4635,5021,5208,5239,5521,5740,5774,5805,6588,7466,7644,7690,7743,7779,7923,7959,8116,8502,8689,8720,9002,9221,9255,9286,	
clínicas 3 239 3 503,3984,7465,	
X 9 239 9 2510,2513,2517,5991,5994,5998,9472,9475,9479,	
situaciones 6 239 6 502,1374,3983,4855,7464,8336,	
diferentes 9 239 9 501,780,2473,3982,4261,5954,7463,7742,9435,	
deberán 6 239 6 1193,1396,4674,4877,8155,8358,	
mínimos 3 239 3 496,3977,7458,	
sanguíneos 3 239 3 495,3976,7457,	
caucho 4 239 4 3195,3224,6676,6705,	
guía 3 239 3 491,3972,7453,	
proporciona 3 239 3 489,3970,7451,	
siguiente 6 239 6 488,1948,3969,5429,7450,8910,	
tabla 6 239 6 487,1947,3968,5428,7449,8909,	
nivel 27 239 27 482,516,527,707,890,922,1267,1297,1401,3963,3997,4008,4188,4371,4403,4748,4778,4882,7444,7478,7489,7669,7852,7884,8229,8259,8363,	
inhibidores 57 239 57 479,1031,1040,1077,1159,1575,1607,1635,1653,1689,1718,2051,2086,2147,2188,2247,2284,2322,2344,3960,4512,4521,4558,4640,5056,5088,5116,5134,5170,5199,5532,5567,5628,5669,5728,5765,5803,5825,7441,7993,8002,8039,8121,8537,8569,8597,8615,8651,8680,9013,9048,9109,9150,9209,9246,9284,9306,	
titulación 3 239 3 477,3958,7439,	
hemorragia 6 239 6 476,1063,3957,4544,7438,8025,	
e 6 239 6 472,900,3953,4381,7434,7862,	
localización 3 239 3 471,3952,7433,	
hemostática 3 239 3 470,3951,7432,	
función 15 239 15 469,877,1235,1262,1399,3950,4358,4716,4743,4880,7431,7839,8197,8224,8361,	
trastorno 3 239 3 466,3947,7428,	
gravedad 3 239 3 464,3945,7426,	
(peso 3 239 3 463,3944,7425,	
paciente 30 239 30 462,762,879,1241,1274,1338,2253,2350,2479,2493,3943,4243,4360,4722,4755,4819,5734,5831,5960,5974,7424,7724,7841,8203,8236,8300,9215,9312,9441,9455,	
necesidades 3 239 3 460,3941,7422,	
según 11 239 11 458,1210,1942,3330,3939,4691,5423,6811,7420,8172,8904,	
individualizarse 3 239 3 457,3938,7419,	
deberá 14 239 14 456,951,1171,1508,3120,3937,4432,4652,4989,6601,7418,7913,8133,8470,	
sustitutivo 3 239 3 455,3936,7417,	
duración 8 239 8 452,827,2652,3933,4308,6133,7414,7789,	
posología 3 239 3 450,3931,7412,	
previsto 3 239 3 437,3918,7399,	
administrarse 9 239 9 975,1221,1251,4456,4702,4732,7937,8183,8213,	
Aumento 3 239 3 436,3917,7398,	
II 3 239 3 435,3916,7397,	
0 14 239 14 433,1359,1364,2312,2828,3914,4840,4845,5793,6309,7395,8321,8326,9274,	
(% 6 239 6 429,441,3910,3922,7391,7403,	
deseado 12 239 12 425,483,891,1268,3906,3964,4372,4749,7387,7445,7853,8230,	
aumento 3 239 3 424,3905,7386,	
corporal(kg) 3 239 3 422,3903,7384,	
= 12 239 12 420,444,885,1418,3901,3925,4366,4899,7382,7406,7847,8380,	
requeridas 6 239 6 419,1130,3900,4611,7381,8092,	
I 3 239 3 417,3898,7379,	
siguientes 3 239 3 415,3896,7377,	
fórmulas 3 239 3 414,3895,7376,	
requerida 3 239 3 409,3890,7371,	
individual 6 239 6 681,759,4162,4240,7643,7721,	
- 40 239 40 400,559,564,582,589,597,615,622,640,656,2796,3239,3244,3249,3259,3881,4040,4045,4063,4070,4078,4096,4103,4121,4137,6277,6720,6725,6730,6740,7362,7521,7526,7544,7551,7559,7577,7584,7602,7618,	
5% 6 239 6 399,402,3880,3883,7361,7364,	
plasmática 9 239 9 393,1052,1147,3874,4533,4628,7355,8014,8109,	
(17%) 3 239 3 2141,5622,9103,	
aumenta 6 239 6 390,2594,3871,6075,7352,9556,	
Fecha 4 239 4 3454,3464,6935,6945,	
(inferior 2 239 2 3097,6578,	
corporal 8 239 8 389,989,2705,3870,4470,6186,7351,7951,	
peso 16 239 16 388,421,988,1319,2704,2855,3869,3902,4469,4800,6185,6336,7350,7383,7950,8281,	
kg 6 239 6 386,986,3867,4467,7348,7948,	
empírico 3 239 3 375,3856,7337,	
hallazgo 3 239 3 374,3855,7336,	
basa 3 239 3 371,3852,7333,	
necesaria 3 239 3 366,3847,7328,	
dosis 36 239 36 365,408,660,698,714,976,1016,1066,1129,1803,2784,2843,2849,3846,3889,4141,4179,4195,4457,4497,4547,4610,5284,6265,6324,6330,7327,7370,7622,7660,7676,7938,7978,8028,8091,8765,	
cálculo 9 239 9 362,842,1304,3843,4323,4785,7324,7804,8266,	
normal 6 239 6 360,406,3841,3887,7322,7368,	
presente 9 239 9 353,1085,2488,3834,4566,5969,7315,8047,9450,	
cantidad 6 239 6 349,665,3830,4146,7311,7627,	
equivale 3 239 3 346,3827,7308,	
Internacional 6 239 6 339,380,3820,3861,7301,7342,	
Unidad 6 239 6 338,379,3819,3860,7300,7341,	
Una 5 239 5 337,3378,3818,6859,7299,	
plasma) 3 239 3 336,3817,7298,	
estrecha 3 239 3 2071,5552,9033,	
internacional 3 239 3 330,3811,7292,	
(1 3 239 3 1356,4837,8318,	
gastrointestinal 3 239 3 636,4117,7598,	
normal) 12 239 12 321,431,443,532,3802,3912,3924,4013,7283,7393,7405,7494,	
(referido 6 239 6 317,327,3798,3808,7279,7289,	
envase 8 239 8 3169,3171,3236,3284,6650,6652,6717,6765,	
porcentaje 3 239 3 316,3797,7278,	
expresarse 3 239 3 314,3795,7276,	
plasma 18 239 18 312,319,358,1601,2675,2723,2766,3793,3800,3839,5082,6156,6204,6247,7274,7281,7320,8563,	
medicamentos 10 239 10 302,1816,1832,3783,5297,5313,7264,8778,8794,9617,	
actual 3 239 3 297,3778,7259,	
corresponden 3 239 3 293,3774,7255,	
Internacionales 6 239 6 289,326,3770,3807,7251,7288,	
Unidades 12 239 12 288,325,1091,1592,3769,3806,4572,5073,7250,7287,8053,8554,	
intensidad 3 239 3 473,3954,7435,	
expresa 3 239 3 286,3767,7248,	
administradas 6 239 6 284,448,3765,3929,7246,7410,	
unidades 3 239 3 280,3761,7242,	
número 6 239 6 278,1788,3759,5269,7240,8750,	
experiencia 9 239 9 269,1199,1864,3750,4680,5345,7231,8161,8826,	
médico 6 239 6 267,1539,3748,5020,7229,8501,	
supervisión 3 239 3 264,3745,7226,	
iniciarse 3 239 3 261,3742,7223,	
debe 31 239 31 260,672,724,1068,1220,1259,2551,2982,2990,3041,3301,3328,3741,4153,4205,4549,4701,4740,6032,6463,6471,6522,6782,6809,7222,7634,7686,8030,8182,8221,9513,	
tratamiento 53 239 53 259,272,454,702,744,1114,1202,1510,1516,1552,1568,1633,1646,1673,2034,2097,2591,3009,3740,3753,3935,4183,4225,4595,4683,4991,4997,5033,5049,5114,5127,5154,5515,5578,6072,6490,7221,7234,7416,7664,7706,8076,8164,8472,8478,8514,8530,8595,8608,8635,8996,9059,9553,	
efecto 2 239 2 2861,6342,	
x 12 239 12 423,432,446,889,3904,3913,3927,4370,7385,7394,7408,7851,	
administración 37 239 37 257,670,957,1099,1231,1461,1926,1987,1989,2661,2727,2887,2996,3295,3738,4151,4438,4580,4712,4942,5407,5468,5470,6142,6208,6368,6477,6776,7219,7632,7919,8061,8193,8423,8888,8949,8951,	
reconstituirse 2 239 2 3302,6783,	
Posología 6 239 6 253,276,3734,3757,7215,7238,	
enfermedad 3 239 3 247,3728,7209,	
indicado 9 239 9 244,528,1892,3725,4009,5373,7206,7490,8854,	
está 20 239 20 243,1084,1608,1890,2461,2642,3487,3724,4565,5089,5371,5942,6123,6968,7205,8046,8570,8852,9423,9604,	
Willebrand 9 239 9 237,250,2459,3718,3731,5940,7199,7212,9421,	
controlar 6 239 6 705,740,4186,4221,7667,7702,	
von 9 239 9 236,249,2458,3717,3730,5939,7198,7211,9420,	
VIII) 3 239 3 229,3710,7191,	
congénito 3 239 3 226,3707,7188,	
(déficit 3 239 3 225,3706,7187,	
extenso 3 239 3 1387,4868,8349,	
A 21 239 21 224,791,972,1573,1855,2039,2537,3705,4272,4453,5054,5336,5520,6018,7186,7753,7934,8535,8817,9001,9499,	
hemofilia 24 239 24 223,275,790,971,1572,1854,2038,2536,3704,3756,4271,4452,5053,5335,5519,6017,7185,7237,7752,7933,8534,8816,9000,9498,	
pacientes 94 239 94 221,787,969,1003,1036,1155,1204,1475,1534,1570,1669,1691,1762,2036,2056,2065,2103,2110,2118,2132,2191,2219,2245,2264,2271,2302,2316,2328,2400,2647,2691,2811,3702,4268,4450,4484,4517,4636,4685,4956,5015,5051,5150,5172,5243,5517,5537,5546,5584,5591,5599,5613,5672,5700,5726,5745,5752,5783,5797,5809,5881,6128,6172,6292,7183,7749,7931,7965,7998,8117,8166,8437,8496,8532,8631,8653,8724,8998,9018,9027,9065,9072,9080,9094,9153,9181,9207,9226,9233,9264,9278,9290,9362,9609,	
hemorragias 12 239 12 219,509,967,1379,3700,3990,4448,4860,7181,7471,7929,8341,	
profilaxis 6 239 6 216,963,3697,4444,7178,7925,	
Este 15 239 15 230,949,1791,2709,2754,2979,3711,4430,5272,6190,6235,6460,7192,7911,8753,	
Tratamiento 3 239 3 214,3695,7176,	
terapéuticas 3 239 3 213,3694,7175,	
Indicaciones 3 239 3 212,3693,7174,	
	"4 3 239 3 210,3691,7172,	
vértigo 3 239 3 1487,4968,8449,	
CLÍNICOS 3 239 3 209,3690,7171,	
DATOS 5 239 5 208,2952,3689,6433,7170,	
4 51 239 51 207,251,598,1325,1425,1446,1447,1723,1810,1833,1893,1919,2122,2136,2406,2409,2411,3063,3688,3732,4079,4906,4927,4928,5204,5291,5314,5374,5400,5603,5617,5887,5890,5892,6544,7169,7213,7560,8387,8408,8409,8685,8772,8795,8855,8881,9084,9098,9368,9371,9373,	
amarillento 3 239 3 199,3680,7161,	
ligeramente 3 239 3 198,3679,7160,	
blanco 3 239 3 196,3677,7158,	
color 3 239 3 195,3676,7157,	
4) 3 239 3 2410,5891,9372,	
friable 3 239 3 193,3674,7155,	
sólido 3 239 3 192,3673,7154,	
o 59 239 59 191,197,322,572,593,600,862,1015,1057,1165,1182,1381,1438,1440,1529,2581,2588,2864,2942,2987,3373,3672,3678,3803,4053,4074,4081,4343,4496,4538,4646,4663,4862,4919,4921,5010,6062,6069,6345,6423,6468,6854,7153,7159,7284,7534,7555,7562,7824,7977,8019,8127,8144,8343,8400,8402,8491,9543,9550,	
suelto 3 239 3 190,3671,7152,	
forma 9 239 9 187,255,2579,3668,3736,6060,7149,7217,9541,	
clínico 6 239 6 784,1730,4265,5211,7746,8692,	
vial 9 239 9 185,3178,3207,3347,3666,6659,6688,6828,7147,	
presenta 6 239 6 182,1944,3663,5425,7144,8906,	
seco 3 239 3 180,3661,7142,	
subsiguientes 3 239 3 1395,4876,8357,	
polvo 10 239 10 179,189,3180,3297,3660,3670,6661,6778,7141,7151,	
	Polvo 3 239 3 172,3653,7134,	
FARMACÉUTICA 3 239 3 171,3652,7133,	
3 43 239 43 169,596,663,995,1282,1292,1351,1358,1426,2163,2407,2827,2836,3030,3105,3118,3162,3650,4077,4476,4763,4773,4832,4839,4907,5644,5888,6308,6317,6511,6586,6599,6643,7131,7558,7957,8244,8254,8313,8320,8388,9125,9369,	
6 37 239 37 167,1027,1216,1217,1834,2150,2292,2833,2951,2976,3029,3062,3161,3163,3270,3271,3648,4508,4697,4698,5315,5631,6314,6432,6457,6510,6543,6642,6644,6751,6752,7129,7989,8178,8179,8796,9112,	
sección 11 239 11 166,1215,1722,3160,3647,4696,5203,6641,7128,8177,8684,	
ver 5 239 5 165,3159,3646,6640,7127,	
excipientes 8 239 8 164,1445,2958,3645,4926,6439,7126,8407,	
completa 3 239 3 162,3643,7124,	
lista 6 239 6 161,514,3642,3995,7123,7476,	
consultar 3 239 3 159,3640,7121,	
Para 11 239 11 158,840,1302,3151,3639,4321,4783,6632,7120,7802,8264,	
proteína 9 239 9 157,2364,2394,3638,5845,5875,7119,9326,9356,	
UI/mg 3 239 3 155,3636,7117,	
4000 3 239 3 154,3635,7116,	
específica 3 239 3 150,3631,7112,	
actividad 32 239 32 149,307,342,392,405,518,1051,1146,1583,2635,2732,3630,3788,3823,3873,3886,3999,4532,4627,5064,6116,6213,7111,7269,7304,7354,7367,7480,8013,8108,8545,9597,	
OMS 6 239 6 145,300,3626,3781,7107,7262,	
37 6 239 6 2102,2131,5583,5612,9064,9093,	
frente 9 239 9 140,763,2358,3621,4244,5839,7102,7725,9320,	
calibrado 3 239 3 139,3620,7101,	
sido 9 239 9 138,908,2090,3619,4389,5571,7100,7870,9052,	
FDA 3 239 3 135,3616,7097,	
Mega 3 239 3 132,3613,7094,	
estándar 12 239 12 131,142,296,329,3612,3623,3777,3810,7093,7104,7258,7291,	
comparación 3 239 3 128,3609,7090,	
etapa 3 239 3 126,3607,7088,	
ensayo 21 239 21 121,783,819,1729,2231,2240,2628,3602,4264,4300,5210,5712,5721,6109,7083,7745,7781,8691,9193,9202,9590,	
cinco 3 239 3 2218,5699,9180,	
utilizando 10 239 10 119,412,3316,3391,3600,3893,6797,6872,7081,7374,	
determina 6 239 6 118,411,3599,3892,7080,7373,	
(UI) 12 239 12 116,290,340,381,3597,3771,3821,3862,7078,7252,7302,7343,	
potencia 3 239 3 115,3596,7077,	
La 57 239 57 114,148,306,407,449,486,664,757,897,1228,1255,1553,1904,2019,2199,2535,2615,3326,3399,3481,3595,3629,3787,3888,3930,3967,4145,4238,4378,4709,4736,5034,5385,5500,5680,6016,6096,6807,6880,6962,7076,7110,7268,7369,7411,7448,7626,7719,7859,8190,8217,8515,8866,8981,9161,9497,9577,	
alfa/ml 3 239 3 113,3594,7075,	
100 19 239 19 109,616,657,1354,1643,1678,2275,4097,4138,4835,5124,5159,5756,7578,7619,8316,8605,8640,9237,	
aproximadamente 12 239 12 108,152,2753,2775,2804,3589,3633,6234,6256,6285,7070,7114,	
contiene 16 239 16 107,233,920,1793,3175,3288,3588,3714,4401,5274,6656,6769,7069,7195,7882,8755,	
acompaña 3 239 3 106,3587,7068,	
le 3 239 3 105,3586,7067,	
agua 8 239 8 100,203,3312,3581,3684,6793,7062,7165,	
ml 20 239 20 98,356,1097,1599,3189,3218,3258,3310,3579,3837,4578,5080,6670,6699,6739,6791,7060,7318,8059,8561,	
5 25 239 25 97,434,871,1811,2431,2676,2835,3164,3257,3309,3578,3915,4352,5292,5912,6157,6316,6645,6738,6790,7059,7396,7833,8773,9393,	
reconstituido 9 239 9 93,3138,3158,3380,3574,6619,6639,6861,7055,	
inyectables 11 239 11 90,103,206,2975,3571,3584,3687,6456,7052,7065,7168,	
preparaciones 13 239 13 89,102,205,2974,3314,3570,3583,3686,6455,6795,7051,7064,7167,	
Agua 5 239 5 87,2972,3568,6453,7049,	
Disolvente 5 239 5 86,2971,3567,6452,7048,	
humano 11 239 11 85,320,359,2724,3566,3801,3840,6205,7047,7282,7321,	
VII 3 239 3 1187,4668,8149,	
FORMA 3 239 3 170,3651,7132,	
gen 3 239 3 81,3562,7043,	
contienen 3 239 3 79,3560,7041,	
hámster 12 239 12 77,1439,2368,2398,3558,4920,5849,5879,7039,8401,9330,9360,	
determinar 15 239 15 712,1073,1714,2081,2633,4193,4554,5195,5562,6114,7674,8035,8676,9043,9595,	
crías 3 239 3 75,3556,7037,	
riñón 3 239 3 73,3554,7035,	
células 3 239 3 71,3552,7033,	
partir 6 239 6 69,1413,3550,4894,7031,8375,	
genética 3 239 3 67,3548,7029,	
ingeniería 3 239 3 66,3547,7028,	
mediante 15 239 15 65,747,1252,1705,2072,3546,4228,4733,5186,5553,7027,7709,8214,8667,9034,	
produce 3 239 3 64,3545,7026,	
factor 151 239 151 56,83,228,234,282,304,309,333,344,351,368,383,395,427,439,498,520,543,709,754,765,893,1042,1054,1079,1102,1149,1186,1559,1586,1614,1694,1969,2025,2045,2422,2455,2482,2495,2502,2509,2512,2516,2559,2599,2609,2638,2671,2719,2735,2762,3015,3537,3564,3709,3715,3763,3785,3790,3814,3825,3832,3849,3864,3876,3908,3920,3979,4001,4024,4190,4235,4246,4374,4523,4535,4560,4583,4630,4667,5040,5067,5095,5175,5450,5506,5526,5903,5936,5963,5976,5983,5990,5993,5997,6040,6080,6090,6119,6152,6200,6216,6243,6496,7018,7045,7190,7196,7244,7266,7271,7295,7306,7313,7330,7345,7357,7389,7401,7460,7482,7505,7671,7716,7727,7855,8004,8016,8041,8064,8111,8148,8521,8548,8576,8656,8931,8987,9007,9384,9417,9444,9457,9464,9471,9474,9478,9521,9561,9571,9600,	
El 58 239 58 55,91,178,200,258,277,361,1602,2174,2251,2452,2494,2515,2590,2640,2649,2680,2805,3089,3279,3296,3536,3572,3659,3681,3739,3758,3842,5083,5655,5732,5933,5975,5996,6071,6121,6130,6161,6286,6570,6760,6777,7017,7053,7140,7162,7220,7239,7323,8564,9136,9213,9414,9456,9477,9552,9602,9611,	
alfa 5 239 5 54,2891,3535,6372,7016,	
octocog 8 239 8 53,112,2890,3534,3593,6371,7015,7074,	
DCI 3 239 3 52,3533,7014,	
niveles 18 239 18 494,772,1049,1087,2556,2596,3975,4253,4530,4568,6037,6077,7456,7734,8011,8049,9518,9558,	
UI/vial 3 239 3 51,3532,7013,	
recombinante 24 239 24 49,62,1108,1189,1664,1700,2047,2429,3530,3543,4589,4670,5145,5181,5528,5910,7011,7024,8070,8151,8626,8662,9009,9391,	
origen 15 239 15 48,61,1107,1699,2428,3529,3542,4588,5180,5909,7010,7023,8069,8661,9390,	
coagulación 29 239 29 46,59,123,751,1105,1697,2426,2447,2543,3019,3527,3540,3604,4232,4586,5178,5907,5928,6024,6500,7008,7021,7085,7713,8067,8659,9388,9409,9505,	
Puesto 3 239 3 1851,5332,8813,	
VIII 136 239 136 44,57,84,283,305,310,334,345,352,369,384,396,428,440,499,521,544,710,755,766,894,1043,1055,1080,1103,1150,1560,1587,1615,1663,1695,1970,2026,2046,2423,2444,2467,2483,2496,2560,2600,2639,2672,2720,2736,2763,3016,3525,3538,3565,3764,3786,3791,3815,3826,3833,3850,3865,3877,3909,3921,3980,4002,4025,4191,4236,4247,4375,4524,4536,4561,4584,4631,5041,5068,5096,5144,5176,5451,5507,5527,5904,5925,5948,5964,5977,6041,6081,6120,6153,6201,6217,6244,6497,7006,7019,7046,7245,7267,7272,7296,7307,7314,7331,7346,7358,7390,7402,7461,7483,7506,7672,7717,7728,7856,8005,8017,8042,8065,8112,8522,8549,8577,8625,8657,8932,8988,9008,9385,9406,9429,9445,9458,9522,9562,9601,	
	Factor 3 239 3 43,3524,7005,	
CUANTITATIVA 3 239 3 42,3523,7004,	
Y 3 239 3 41,3522,7003,	
CUALITATIVA 3 239 3 40,3521,7002,	
COMPOSICIÓN 3 239 3 39,3520,7001,	
2 31 239 31 38,96,252,401,416,445,993,1246,1360,2677,2977,3214,3519,3577,3733,3882,3926,4474,4727,4841,6158,6458,6695,7000,7058,7214,7363,7407,7955,8208,8322,	
precauciones 3 239 3 1450,4931,8412,	
inyectable 6 239 6 37,177,3518,3658,6999,7139,	
solución 18 239 18 36,176,1323,1349,3148,3362,3382,3517,3657,4804,4830,6629,6843,6863,6998,7138,8285,8311,	
disolvente 13 239 13 34,174,201,3209,3306,3515,3655,3682,6690,6787,6996,7136,7163,	
Polvo 5 239 5 32,2959,3513,6440,6994,	
UI 18 239 18 31,110,147,418,447,981,3512,3591,3628,3899,3928,4462,6993,7072,7109,7380,7409,7943,	
Glicina 2 239 2 2960,6441,	
250 2 239 2 30,50,	
2°C 2 239 2 3072,6553,	
NexGen 73 239 73 29,801,919,984,1120,1219,1249,1777,1828,1850,1870,1882,1908,1929,2088,2145,2306,2664,2708,2730,2781,2868,2930,2950,3174,3287,3300,3368,3510,4282,4400,4465,4601,4700,4730,5258,5309,5331,5351,5363,5389,5410,5569,5626,5787,6145,6189,6211,6262,6349,6411,6431,6655,6768,6781,6849,6991,7763,7881,7946,8082,8181,8211,8739,8790,8812,8832,8844,8870,8891,9050,9107,9268,	
	Helixate 3 239 3 28,3509,6990,	
MEDICAMENTO 6 239 6 27,2436,3508,5917,6989,9398,	
NOMBRE 3 239 3 25,3506,6987,	
atención 2 239 2 3338,6819,	
1 43 239 43 23,24,168,211,378,398,647,1362,1796,2300,2438,2831,2955,3185,3240,3245,3250,3505,3649,3692,3859,3879,4128,4843,5277,5781,5919,6312,6436,6666,6721,6726,6731,6986,7130,7173,7340,7360,7609,8324,8758,9262,9400,	
FVIII) 3 239 3 485,3966,7447,	
PRODUCTO 1 239 1 22,	
DEL 6 239 6 21,26,3479,3507,6960,6988,	
CARACTERÍSTICAS 1 239 1 20,	
LAS 1 239 1 19,	
DE 18 239 18 18,2434,3427,3430,3440,3442,3447,3451,3476,5915,6908,6911,6921,6923,6928,6932,6957,9396,	
RESUMEN 1 239 1 17,	
O 1 239 1 16,	
TÉCNICA 1 239 1 15,	
FICHA 1 239 1 14,	
información 3 239 3 11,3482,6963,	
Toda 1 239 1 9,	
medicamento 39 239 39 8,13,92,231,1458,1784,1792,2372,2385,2980,3040,3090,3111,3157,3357,3402,3486,3573,3712,4939,5265,5273,5853,5866,6461,6521,6571,6592,6638,6838,6883,6967,7054,7193,8420,8746,8754,9334,9347,	
Basica 1 239 1 6,	
	Información 1 239 1 5,	
ADM 1 239 1 4,	
1VIAL+1VIAL+1EQ 1 239 1 3,	
2000UI 1 239 1 2,	
NEXGEN 1 239 1 1,	
HELIXATE 1 239 1 0,	
