" 1 287 1 4329,	
Prospectos 1 287 1 4326,	
Julio 1 287 1 4315,	
texto 1 287 1 4314,	
(parcial) 1 287 1 4312,	
2000 1 287 1 4306,	
Diciembre 1 287 1 4304,	
16520/0005 1 287 1 4288,	
PL 1 287 1 4287,	
comunitario 1 287 1 4284,	
(s) 1 287 1 4281,	
BILBAO 1 287 1 4277,	
48008 1 287 1 4276,	
27 1 287 1 4275,	
Urquijo 1 287 1 4274,	
Alameda 1 287 1 4273,	
S 1 287 1 4271,	
Farmacéutica 1 287 1 4270,	
Industrial 1 287 1 4269,	
comercialización 1 287 1 4267,	
autorización 3 287 3 4265,4294,4301,	
administrativos 1 287 1 4260,	
manipulación 1 287 1 4257,	
Instrucciones 1 287 1 4253,	
plano 1 287 1 4250,	
borde 1 287 1 4249,	
blanquecinos 1 287 1 4242,	
redondos 1 287 1 4240,	
biconvexos 1 287 1 4239,	
28 2 287 2 4236,4324,	
Envases 1 287 1 4231,	
aluminio/aluminio 1 287 1 4227,	
blister 1 287 1 4225,	
Tiras 1 287 1 4223,	
recipiente 1 287 1 4222,	
contenido 1 287 1 4220,	
Naturaleza 1 287 1 4218,	
C 1 287 1 4215,	
30º 1 287 1 4214,	
temperatura 1 287 1 4211,	
conservación 1 287 1 4207,	
Precauciones 1 287 1 4204,	
Tres 1 287 1 4200,	
validez 1 287 1 4199,	
Incompatibilidades 1 287 1 4191,	
glicerol 1 287 1 4188,	
Palmito-estearato 1 287 1 4186,	
sódica 1 287 1 4185,	
Croscarmelosa 1 287 1 4184,	
monohidratada 1 287 1 4183,	
Lactosa 1 287 1 4182,	
pregelatinizado 1 287 1 4181,	
Almidón 1 287 1 4178,	
anhídro 1 287 1 4177,	
dibásico 1 287 1 4176,	
cálcico 1 287 1 4175,	
Fosfato 1 287 1 4174,	
excipientes 1 287 1 4173,	
Lista 1 287 1 4171,	
farmacéuticos 1 287 1 4168,	
teratógeno 1 287 1 4165,	
potencial 1 287 1 4164,	
revelado 1 287 1 4163,	
conejos 1 287 1 4160,	
teratogénesis 1 287 1 4156,	
experimentó 1 287 1 4151,	
hembra 1 287 1 4149,	
macho 1 287 1 4147,	
ratas 2 287 2 4146,4158,	
fertilidad 1 287 1 4144,	
mg/kg 1 287 1 4142,	
500 1 287 1 4141,	
prenatal 1 287 1 4131,	
retraso 1 287 1 4128,	
observaron 1 287 1 4127,	
rata 1 287 1 4125,	
fetotoxicidad 1 287 1 4119,	
claros 1 287 1 4117,	
signos 1 287 1 4116,	
caracterizó 1 287 1 4114,	
animal 1 287 1 4109,	
reproducción 1 287 1 4108,	
humano 1 287 1 4104,	
adicionales 1 287 1 4095,	
importantes 1 287 1 4094,	
aporten 1 287 1 4092,	
carcinogénesis) 1 287 1 4090,	
toxicidad 1 287 1 4082,	
mutagénesis) 1 287 1 4077,	
(como 2 287 2 4073,4086,	
breves 1 287 1 4072,	
específicos 1 287 1 4069,	
preclínicos 1 287 1 4061,	
aumentó 1 287 1 4050,	
t1/2 1 287 1 4042,	
lado 1 287 1 4040,	
semejante 1 287 1 4033,	
tmax 1 287 1 4031,	
normales 1 287 1 4027,	
ligeramente 1 287 1 4022,	
grados 1 287 1 3989,	
diez 1 287 1 3982,	
30-80 1 287 1 3950,	
valores 1 287 1 3935,	
cabo 1 287 1 3917,	
estacionario 1 287 1 3908,	
múltiples 1 287 1 3900,	
50% 1 287 1 3894,	
alrededor 1 287 1 3892,	
orina 1 287 1 3890,	
excreta 1 287 1 3887,	
total 1 287 1 3885,	
radiactividad 1 287 1 3884,	
40% 1 287 1 3881,	
cerca 1 287 1 3879,	
radiomarcado 1 287 1 3878,	
compuesto 1 287 1 3877,	
urinaria 1 287 1 3871,	
plasmáticos 2 287 2 3867,3932,	
tenor 1 287 1 3863,	
240 1 287 1 3860,	
lineal 1 287 1 3853,	
única 1 287 1 3846,	
respectivamente) 1 287 1 3841,	
53% 1 287 1 3840,	
(85% 1 287 1 3838,	
proteínas 1 287 1 3835,	
unión 1 287 1 3827,	
42% 1 287 1 3824,	
absoluta 1 287 1 3819,	
terminal 1 287 1 3811,	
7-9 1 287 1 3806,	
bifásica 1 287 1 3800,	
Dichas 1 287 1 3795,	
hidroliza 1 287 1 3772,	
ricas 1 287 1 3760,	
70% 1 287 1 3757,	
acerca 1 287 1 3755,	
aproximada 1 287 1 3748,	
semivida 3 287 3 3745,3803,3810,	
manera 2 287 2 3741,3799,	
descienden 2 287 2 3739,3797,	
alcanza 2 287 2 3725,3788,	
tubo 1 287 1 3722,	
absorbe 1 287 1 3717,	
Después 1 287 1 3709,	
farmacocinéticas 1 287 1 3708,	
rápido 1 287 1 3699,	
brusca 1 287 1 3690,	
plazo 4 287 4 3687,3732,3791,4085,	
Número 1 287 1 4280,	
mantienen 1 287 1 3681,	
requerir 1 287 1 3669,	
óptima 1 287 1 3663,	
consecución 1 287 1 3659,	
observa 1 287 1 3649,	
compensador 1 287 1 3639,	
aproximadamente 2 287 2 3632,3825,	
decúbito 1 287 1 3628,	
sedestación 1 287 1 3627,	
adversos 1 287 1 3614,	
participe 1 287 1 3597,	
mecanismo 1 287 1 3596,	
prostaglandinas 1 287 1 3591,	
activar 1 287 1 3586,	
periférica 1 287 1 3584,	
vasodilatación 1 287 1 3583,	
contribuye 1 287 1 3580,	
maíz 1 287 1 4180,	
calicreína-cinina 1 287 1 3577,	
circulante 1 287 1 3572,	
metabolitos 1 287 1 3558,	
cininas 1 287 1 3556,	
vasodepresor 1 287 1 3551,	
péptido 1 287 1 3550,	
bradicinina 1 287 1 3547,	
degradar 1 287 1 3545,	
renovación 1 287 1 4298,	
Otra 1 287 1 3538,	
negativa 1 287 1 3521,	
retroalimentación 1 287 1 3520,	
sódio 1 287 1 3512,	
séricas 1 287 1 3505,	
incrementos 1 287 1 3501,	
ligeros 1 287 1 3500,	
pequeña 1 287 1 3496,	
última 1 287 1 3493,	
Aunque 1 287 1 3491,	
actividad 3 287 3 3480,3533,3569,	
traduce 1 287 1 3474,	
plasmática 4 287 4 3467,3537,3728,3783,	
heces 1 287 1 3897,	
secretar 1 287 1 3457,	
adrenal 1 287 1 3455,	
glándula 1 287 1 3454,	
estimulación 1 287 1 3451,	
vasoconstricción 1 287 1 3441,	
responsable 2 287 2 3438,3610,	
vasoconstrictor 1 287 1 3437,	
potente 2 287 2 3436,3549,	
2004 1 287 1 4317,	
convertidora 2 287 2 3425,3543,	
acción 1 287 1 3421,	
inactivo 1 287 1 3407,	
decapéptido 1 287 1 3405,	
I 2 287 2 3403,3412,	
angiotensinógeno 1 287 1 3400,	
convierte 2 287 2 3398,3414,	
circulatorio 1 287 1 3396,	
torrente 1 287 1 3395,	
sintetizada 1 287 1 3385,	
endógena 1 287 1 3384,	
enzima 3 287 3 3383,3424,3542,	
renina 3 287 3 3380,3530,3536,	
plasma 1 287 1 3378,	
obedecer 1 287 1 3369,	
parece 1 287 1 3368,	
C09A 1 287 1 3355,	
farmacoterapéutico 1 287 1 3354,	
ATC 1 287 1 3351,	
Código 1 287 1 3350,	
farmacodinámicas 1 287 1 3349,	
farmacológicas 1 287 1 3345,	
Propiedades 3 287 3 3344,3348,3707,	
mediante 1 287 1 3330,	
circulación 1 287 1 3329,	
eliminan 1 287 1 3326,	
marcapasos 1 287 1 3319,	
atropina 1 287 1 3312,	
tratarse 1 287 1 3310,	
intensas 1 287 1 3308,	
vagales 1 287 1 3307,	
II 5 287 5 3301,3417,3433,3470,3525,	
angiotensina 8 287 8 3300,3402,3411,3416,3428,3432,3469,3524,	
reposición 1 287 1 3291,	
sódico 1 287 1 3259,	
adsorbentes 1 287 1 3256,	
gástrico 1 287 1 3252,	
lavado 1 287 1 3251,	
favorecer 1 287 1 3247,	
absorción 4 287 4 3245,3753,3766,3848,	
prevenir 1 287 1 3243,	
adoptar 1 287 1 3240,	
gravedad 1 287 1 3229,	
naturaleza 1 287 1 3226,	
dependen 1 287 1 3223,	
medidas 2 287 2 3221,3241,	
intensivos 1 287 1 3208,	
cuidados 1 287 1 3207,	
unidad 1 287 1 3205,	
estrechamente 1 287 1 3199,	
ingestión 2 287 2 3192,3235,	
Tras 4 287 4 3190,3842,3872,3898,	
electrolíticos 1 287 1 3186,	
bradicardia 2 287 2 3184,3303,	
estupor 1 287 1 3183,	
consisten 1 287 1 3178,	
sobredosis 2 287 2 3177,3195,	
Sobredosis 1 287 1 3173,	
9 2 287 2 3172,4289,	
hemolítica 1 287 1 3164,	
G-6-PDH 1 287 1 3156,	
congénito 1 287 1 3154,	
inactivos 1 287 1 3559,	
pancitopenia 1 287 1 3148,	
electrólitos 1 287 1 3218,	
agranulocitosis 1 287 1 3146,	
hepáticas 1 287 1 3131,	
así 2 287 2 3125,3447,	
leucocitario 1 287 1 3124,	
recuento 1 287 1 3123,	
plaquetas 1 287 1 3120,	
hematócrito 1 287 1 3118,	
hemoglobina 1 287 1 3116,	
aldosterona 3 287 3 3106,3458,3490,	
secreción 3 287 3 3104,3488,3528,	
elevarse 1 287 1 3095,	
anemia 1 287 1 3163,	
plasmáticas 2 287 2 3077,3738,	
laboratorio 1 287 1 3063,	
Titular 1 287 1 4262,	
Parámetros 1 287 1 3061,	
gusto 1 287 1 3059,	
cefalea 1 287 1 3055,	
borrosa 1 287 1 3054,	
oídos 1 287 1 3052,	
zumbidos 1 287 1 3050,	
confusión 1 287 1 3049,	
impotencia 1 287 1 3045,	
parestesias 1 287 1 3044,	
sueño 1 287 1 3043,	
depresiones 1 287 1 3040,	
fatiga 1 287 1 3035,	
ocasionalmente 1 287 1 3028,	
nervioso 1 287 1 3027,	
bucofaríngeos 1 287 1 3024,	
tejidos 1 287 1 3023,	
ANA 1 287 1 2999,	
riñones 1 287 1 3388,	
eosinofilia 1 287 1 2992,	
artralgias 1 287 1 2991,	
mialgias 1 287 1 2990,	
fiebre 1 287 1 2989,	
acompañarse 1 287 1 2987,	
tipo 1 287 1 2979,	
eflorescencias 1 287 1 2977,	
tóxica 1 287 1 2976,	
epidérmica 1 287 1 2975,	
alopecia 1 287 1 2982,	
necrólisis 1 287 1 2974,	
Johnson 1 287 1 2973,	
síndrome 1 287 1 2970,	
multiforme 1 287 1 2969,	
eritema 1 287 1 2968,	
Con 1 287 1 2957,	
urticaria 1 287 1 2956,	
local 1 287 1 3574,	
erupción 1 287 1 2953,	
enzimas 1 287 1 3130,	
prurito 1 287 1 2952,	
exantema 1 287 1 2951,	
alérgicas 1 287 1 2946,	
sanguíneos 1 287 1 2939,	
íleo 1 287 1 2934,	
pancreatitis 1 287 1 2932,	
hepatitis 1 287 1 2931,	
colestásica 1 287 1 2930,	
ictericia 1 287 1 2929,	
boca 1 287 1 2928,	
sequedad 1 287 1 2926,	
Steven- 1 287 1 2972,	
estreñimiento 1 287 1 2925,	
abdominal 1 287 1 2924,	
dolor 1 287 1 2923,	
gastritis 1 287 1 2922,	
digestivo 2 287 2 2908,3723,	
superiores 1 287 1 2905,	
respiratorias 1 287 1 2904,	
vías 1 287 1 2903,	
broncoespasmo 1 287 1 2898,	
bronquitis 1 287 1 2897,	
glositis 1 287 1 2896,	
rinitis 1 287 1 2895,	
sinusitis 1 287 1 2894,	
importante 1 287 1 2885,	
inducen 1 287 1 2880,	
respiratorio 1 287 1 2870,	
intensifica 1 287 1 2852,	
Sistema 2 287 2 2845,3026,	
cerebral 1 287 1 2834,	
hemorragia 1 287 1 2833,	
transitorios 1 287 1 2831,	
isquémicos 1 287 1 2830,	
accidentes 1 287 1 2829,	
arritmias 1 287 1 2821,	
palpitaciones 1 287 1 2820,	
individuales 3 287 3 2817,3143,3161,	
(síncope) 1 287 1 2812,	
conciencia 1 287 1 2811,	
trastornos 4 287 4 2808,3041,3046,3185,	
visión 2 287 2 2804,3053,	
alteraciones 3 287 3 2801,3057,4152,	
debilidad 1 287 1 2800,	
sensación 1 287 1 2798,	
Junto 1 287 1 2789,	
grupos 2 287 2 2786,4037,	
oral 4 287 4 3713,3845,3849,3875,	
Aparato 3 287 3 2768,2869,2907,	
siguientes 2 287 2 2750,3264,	
Más 1 287 1 2743,	
dispepsia 1 287 1 2739,	
36% 1 287 1 2723,	
registro 1 287 1 4283,	
peptidilpeptidasa 1 287 1 3430,	
placebo 1 287 1 2721,	
34% 1 287 1 2718,	
sido 2 287 2 2716,3979,	
incidencia 1 287 1 2705,	
adversas 3 287 3 2703,2708,2752,	
Reacciones 1 287 1 2702,	
8 2 287 2 2701,4279,	
estudios 7 287 7 2689,4071,4075,4080,4088,4106,4154,	
existen 1 287 1 2688,	
cansancio 2 287 2 2686,3033,	
mareos 4 287 4 2684,2735,2797,3032,	
ocasional 1 287 1 2682,	
cuenta 1 287 1 2679,	
tenerse 1 287 1 2677,	
vehículos 1 287 1 2671,	
conducen 1 287 1 2670,	
Cuando 2 287 2 2668,3233,	
máquinas 2 287 2 2667,2675,	
utilizar 1 287 1 2666,	
conducir 2 287 2 2664,2699,	
capacidad 2 287 2 2662,2697,	
Efectos 1 287 1 2659,	
7 5 287 5 2658,3793,4229,4233,4261,	
alimentados 1 287 1 2654,	
materna 1 287 1 2643,	
leche 1 287 1 2642,	
excretarse 1 287 1 2639,	
además 1 287 1 2625,	
feto; 1 287 1 2624,	
peligros 1 287 1 2621,	
posibles 1 287 1 2620,	
recibir 1 287 1 2616,	
toman 1 287 1 2613,	
quedan 1 287 1 2610,	
Las 5 287 5 2606,3220,3736,3758,3781,	
oliguria 1 287 1 2603,	
utero 1 287 1 2592,	
in 1 287 1 2591,	
expuestos 1 287 1 2590,	
lactantes 2 287 2 2589,2653,	
observar 1 287 1 2585,	
muerte 1 287 1 2582,	
cráneo 1 287 1 2579,	
deformidades 1 287 1 2573,	
asociarse 2 287 2 2567,3011,	
trimestres 1 287 1 2565,	
revisión 1 287 1 4311,	
feto 1 287 1 2556,	
exposición 1 287 1 2554,	
bilirrubina 1 287 1 3135,	
embarazadas 2 287 2 2552,2611,	
administran 1 287 1 2549,	
eliminación 2 287 2 3249,3747,	
neonatal 2 287 2 2546,2570,	
fetal 1 287 1 2544,	
mortalidad 1 287 1 2543,	
morbilidad 1 287 1 2541,	
placenta 1 287 1 2537,	
atraviesan 1 287 1 2535,	
embarazo 1 287 1 2526,	
lactancia 2 287 2 2519,2529,	
6 9 287 9 2516,4166,4169,4189,4195,4202,4216,4251,4252,	
Alcohol 1 287 1 2503,	
deseado 1 287 1 2502,	
confirmar 1 287 1 2496,	
biodisponibilidad 2 287 2 2473,3818,	
inducir 1 287 1 2470,	
Antiácidos 1 287 1 2467,	
orales 1 287 1 2464,	
antidiabéticos 1 287 1 2463,	
hipoglucemia 1 287 1 2454,	
ocurrir 1 287 1 2452,	
consecuencia 1 287 1 2448,	
insulina 2 287 2 2446,2461,	
grasas 1 287 1 3762,	
sensibilidad 1 287 1 2443,	
Antidiabéticos 1 287 1 2434,	
hipertensivo 1 287 1 2430,	
disminuir 2 287 2 2427,2478,	
plasmástica 1 287 1 2416,	
concentración 4 287 4 2415,3466,3727,3782,	
reduce 2 287 2 2413,3622,	
rifampicina 1 287 1 2412,	
probables 1 287 1 2402,	
disminuyendo 1 287 1 2394,	
antihipertensivo 1 287 1 2382,	
esteroideo 1 287 1 2377,	
antiinflamatorio 1 287 1 2375,	
(AINE) 1 287 1 2358,	
esteroideos 1 287 1 2357,	
Antiinflamatorios 1 287 1 2355,	
corticosteroides 1 287 1 2331,	
Citostáticos 1 287 1 2328,	
leucopenia 2 287 2 2327,2354,	
Alopurinol 1 287 1 2313,	
causar 1 287 1 2540,	
Antihipertensivos 1 287 1 2299,	
cutánea 1 287 1 2954,	
postural 1 287 1 2298,	
Narcóticos/antipsicóticos 1 287 1 2294,	
anestésicos 1 287 1 2293,	
potenciar 3 287 3 2287,2441,2505,	
Anestésicos 1 287 1 2277,	
séricos 2 287 2 2274,3219,	
niveles 3 287 3 2273,2997,3931,	
último 1 287 1 2266,	
excreción 2 287 2 2263,3870,	
litio 2 287 2 2259,2276,	
continuación 1 287 1 3409,	
Litio 1 287 1 2252,	
concreto 1 287 1 2745,	
precavido 1 287 1 2245,	
menor 2 287 2 2239,2472,	
iniciando 1 287 1 2233,	
e 6 287 6 2232,2465,2604,2933,3187,3940,	
toma 3 287 3 2229,3267,3655,	
consumo 1 287 1 2223,	
aumentando 2 287 2 2218,2389,	
suspendiendo 1 287 1 2215,	
reducirse 1 287 1 2214,	
taquicardia 1 287 1 2819,	
efectos 7 287 7 2211,2289,2399,2480,3613,3678,4068,	
posibilidad 3 287 3 2209,2600,2681,	
disminuyen 2 287 2 2187,3763,	
vigilando 1 287 1 2171,	
deben 3 287 3 2166,2615,3309,	
confirmada 1 287 1 2165,	
hipopotasemia 1 287 1 2164,	
productos 1 287 1 2161,	
simultáneo 1 287 1 2158,	
indicado 1 287 1 2155,	
supresión 2 287 2 3373,3517,	
significativamente 3 287 3 2149,3764,4051,	
aumentar 4 287 4 2148,2247,2350,2781,	
postura 1 287 1 3280,	
sustitutos 1 287 1 2141,	
amilorida 1 287 1 2134,	
triamtereno 1 287 1 2132,	
espironolactona 1 287 1 2131,	
inducida 1 287 1 2120,	
atenuar 1 287 1 2115,	
Diuréticos 2 287 2 2096,2177,	
interacción 1 287 1 2095,	
formas 1 287 1 2093,	
Interacción 1 287 1 2086,	
relativamente 2 287 2 2076,3406,	
fatiga/somnolencia 1 287 1 2737,	
aparecer 3 287 3 2059,2920,3145,	
COMPRIMIDOS 1 287 1 4325,	
proteinuria 1 287 1 2055,	
registrado 2 287 2 2054,2965,	
Proteinuria 1 287 1 2049,	
corrige 1 287 1 2037,	
inmunosupresores 2 287 2 2033,2330,	
esclerodermia 1 287 1 2028,	
sistémico 1 287 1 2027,	
eritematoso 1 287 1 2026,	
lupus 1 287 1 2025,	
ejemplo 2 287 2 2024,2130,	
colagenovascular 1 287 1 2022,	
asocia 1 287 1 2018,	
grado 2 287 2 2010,3636,	
neutropenia 2 287 2 1989,2005,	
sobreviene 1 287 1 1988,	
Neutropenia/agranulocitosis 1 287 1 1985,	
izquierdo 1 287 1 1983,	
ventrículo 1 287 1 1982,	
obstrucción 1 287 1 1975,	
hipertrófica 1 287 1 1965,	
aórtica/miocardiopatía 1 287 1 1964,	
Estenosis 1 287 1 1963,	
cuidado 1 287 1 1959,	
gran 1 287 1 1958,	
hipotensores 3 287 3 1946,2212,2290,	
factores 1 287 1 1945,	
intensificación 1 287 1 1942,	
merced 2 287 2 1939,3418,	
hipotensor 6 287 6 1928,2306,2508,3362,3601,3646,	
shock 3 287 3 1927,3182,3282,	
anestesia 2 287 2 1911,1938,	
cirugía 2 287 2 1909,1933,	
frecuencia 5 287 5 1891,2173,2271,3213,3642,	
medicamentos 4 287 4 1886,2090,4286,4328,	
considera 1 287 1 1882,	
sérico 6 287 6 1877,1894,2152,2176,2392,3098,	
aumento 6 287 6 1873,2994,3127,3700,3977,4135,	
procainamida 1 287 1 2334,	
ahorradores 3 287 3 1866,2097,2126,	
potasio 15 287 15 1862,1868,1876,1893,2099,2103,2119,2128,2138,2146,2151,2175,2391,3097,3507,	
suplementos 4 287 4 1860,2101,2136,3287,	
recomiendan 1 287 1 1858,	
general 1 287 1 1855,	
presencia 2 287 2 1847,3090,	
particular 2 287 2 1845,2184,	
hiperpotasemia 2 287 2 1838,2605,	
produce 3 287 3 1837,2301,3272,	
Rara 6 287 6 1834,1986,2050,2888,2917,3036,	
Hiperpotasemia 1 287 1 1833,	
seguridad 2 287 2 1831,4063,	
establecido 1 287 1 1826,	
principio 1 287 1 1809,	
65 1 287 1 1787,	
jóvenes 1 287 1 1782,	
sensibles 1 287 1 1776,	
mayores 3 287 3 1772,3930,3934,	
concomitantemente 1 287 1 2460,	
especial 2 287 2 1768,2015,	
desaparece 1 287 1 1751,	
productiva 1 287 1 1749,	
seca 1 287 1 1746,	
tos 3 287 3 1745,2733,2881,	
sobrevenir 2 287 2 1743,2794,	
Durante 1 287 1 1737,	
Tos 1 287 1 1736,	
completo 1 287 1 1732,	
resuelto 1 287 1 1730,	
hayan 1 287 1 1729,	
alta 1 287 1 1725,	
dar 1 287 1 1723,	
Simpaticomiméticos 1 287 1 2476,	
le 1 287 1 1721,	
horas; 1 287 1 1718,	
24 2 287 2 1717,3815,	
12 1 287 1 1715,	
observarlo 1 287 1 1711,	
Hay 4 287 4 1705,2242,2583,3209,	
ECG 1 287 1 1699,	
dilución) 1 287 1 1695,	
(observando 1 287 1 1691,	
mg/ml 1 287 1 1690,	
cutáneos 1 287 1 2985,	
lenta 1 287 1 1688,	
3-0 1 287 1 1680,	
nuevo 1 287 1 2249,	
(0 1 287 1 1679,	
000 1 287 1 1678,	
inmediata 1 287 1 1675,	
subcutánea 1 287 1 1674,	
(epinefrina) 1 287 1 1671,	
necesariamente 1 287 1 1667,	
limitarse 1 287 1 1666,	
siguiente 1 287 1 1664,	
constituido 1 287 1 1661,	
urgencia 1 287 1 1660,	
aplicarse 1 287 1 1656,	
Debe 1 287 1 1655,	
mortal 1 287 1 1654,	
resultar 1 287 1 1653,	
fármacos 1 287 1 1639,	
sustituirlo 1 287 1 1629,	
rapidez 3 287 3 1627,3286,3719,	
prolongado 1 287 1 1615,	
Cirugía/anestesia 1 287 1 1896,	
raros 1 287 1 1606,	
frecuentes 2 287 2 1595,2731,	
son 2 287 2 1593,2400,	
laringe 2 287 2 1590,1651,	
y/o 3 287 3 1589,2580,2993,	
glotis 2 287 2 1588,1648,	
lengua 2 287 2 1587,1646,	
mucosas 1 287 1 1586,	
labios 1 287 1 1584,	
cara 3 287 3 1582,2576,3020,	
angioedema 4 287 4 1579,1610,1641,2900,	
conocida 1 287 1 1565,	
insecto 1 287 1 1560,	
picadura 1 287 1 1558,	
Pueden 1 287 1 1552,	
Piel 1 287 1 2936,	
interrumpirse 1 287 1 1546,	
Así 1 287 1 1539,	
graves 1 287 1 1531,	
siguen 1 287 1 1519,	
hipersensibilidad 3 287 3 1512,1564,2949,	
insectos 3 287 3 1508,1516,1569,	
picaduras 1 287 1 1506,	
toxinas 3 287 3 1504,1514,1567,	
antes) 1 287 1 1487,	
registradas 1 287 1 1476,	
semejantes 1 287 1 1473,	
dextrano 1 287 1 1468,	
sulfato 2 287 2 1466,3258,	
tratados 4 287 4 1451,1574,2180,2712,	
LDL 2 287 2 1448,1464,	
aféresis 2 287 2 1446,1462,	
lípido 2 287 2 1445,1461,	
grupo 6 287 6 1439,1498,1637,2726,3353,3553,	
pertenezca 2 287 2 1436,1634,	
membrana 1 287 1 1431,	
consiguiente 1 287 1 1426,	
manifestarse 1 287 1 1417,	
suelen 1 287 1 1416,	
crecimiento 1 287 1 4130,	
síntomas 7 287 7 1415,1592,1734,2795,2984,3175,3232,	
Los 12 287 12 1414,1449,1509,1591,1992,2124,2530,2633,2983,3174,3677,4153,	
disnea 2 287 2 1413,2893,	
rubor 1 287 1 1410,	
facial 1 287 1 1409,	
moderada 1 287 1 3837,	
hinchazón 1 287 1 1408,	
anafilactoides 3 287 3 1406,1472,1530,	
reacciones 8 287 8 1405,1471,1529,1554,2707,2751,2945,3306,	
hiperflujo 3 287 3 1400,1485,3342,	
poliacrilonitrilo 2 287 2 1398,3340,	
alcanzan 1 287 1 3902,	
membranas 4 287 4 1396,1483,1585,3338,	
evitar 2 287 2 1392,3334,	
tratado 1 287 1 1387,	
necesaria 1 287 1 1382,	
sea 2 287 2 1381,3609,	
falta 1 287 1 1372,	
actualidad 1 287 1 1357,	
primeras 2 287 2 1347,1598,	
conocen 1 287 1 4194,	
suspender 6 287 6 1336,1623,1753,1951,2039,3084,	
MINISTERIO 4 287 4 1335,1756,2433,2827,	
reducir 3 287 3 1326,2261,2379,	
veces 3 287 3 1323,3959,3983,	
A 3 287 3 1322,3408,4272,	
simultáneamente 1 287 1 1319,	
administra 1 287 1 1318,	
urea 2 287 2 1313,3073,	
concentraciones 7 287 7 1310,3070,3076,3504,3737,3796,3903,	
experimentar 4 287 4 1306,1470,1528,2194,	
aparente 1 287 1 1302,	
Algunos 2 287 2 1299,1762,	
subyacentes 1 287 1 1294,	
nefropatías 1 287 1 1293,	
asociación 3 287 3 1278,2754,2841,	
atentamente 2 287 2 1265,2586,	
vigilarse 1 287 1 1264,	
oportuno 2 287 2 1262,1883,	
sistémicos 1 287 1 2332,	
instrucciones 1 287 1 1693,	
considere 1 287 1 1261,	
disminuye 2 287 2 3102,3464,	
Según 1 287 1 1259,	
administración"" 1 287 1 1255,	
(véanse 1 287 1 1250,	
casos 7 287 7 1249,1605,1620,2816,2966,3142,3160,	
aumenta 2 287 2 3531,3567,	
dada 1 287 1 1243,	
administración"") 1 287 1 1227,	
""Posología 2 287 2 1223,1251,	
renina-angiotensina-aldosterona 2 287 2 1184,3376,	
sistema 4 287 4 1183,3375,3571,3588,	
resultado 1 287 1 1178,	
predispuestos 1 287 1 1176,	
sujetos 2 287 2 1175,4026,	
prever 1 287 1 1168,	
Cabe 2 287 2 1167,3313,	
unilateral 1 287 1 1157,	
variaciones 2 287 2 1147,1169,	
pérdida 3 287 3 1140,2117,3510,	
producirse 6 287 6 1138,1553,1578,1608,2296,3039,	
contribuir 1 287 1 1131,	
factor 1 287 1 1128,	
Un 1 287 1 1127,	
solitario 1 287 1 1116,	
controlar 1 287 1 1956,	
extremidades 1 287 1 1583,	
arteria 2 287 2 1112,1160,	
nefropatía 1 287 1 1303,	
renales 1 287 1 1107,	
Almacenar 1 287 1 4208,	
arterias 1 287 1 1106,	
previa 2 287 2 1103,1304,	
bilateral 1 287 1 1102,	
estenosis 4 287 4 1101,1109,1156,1296,	
administre 1 287 1 1092,	
caso 3 287 3 1088,1376,1907,	
obstante 3 287 3 1086,1603,1879,	
""Contraindicaciones"") 2 287 2 1084,1369,	
Ninguna 1 287 1 4258,	
datos 7 287 7 1062,1901,1993,2315,2360,3866,4093,	
dispone 2 287 2 1060,1899,	
ajuste 1 287 1 1042,	
cuidadoso 1 287 1 1041,	
posterior 1 287 1 1039,	
impide 1 287 1 1037,	
aparición 1 287 1 1028,	
intravenosa 2 287 2 1026,1687,	
vía 2 287 2 1025,1978,	
normal 1 287 1 1023,	
salina 1 287 1 1022,	
vasopresora 1 287 1 3481,	
solución 3 287 3 1021,1673,1686,	
reponer 1 287 1 1017,	
Puede 4 287 4 1014,1137,2058,3094,	
supino 2 287 2 1013,3629,	
paciente 6 287 6 1011,1096,1385,1709,3201,3278,	
colocar 2 287 2 1009,3276,	
hay 9 287 9 1007,1324,1390,1621,1954,2359,2626,3238,3274,	
originar 1 287 1 995,	
podría 2 287 2 994,2426,	
consideraciones 1 287 1 975,	
similares 1 287 1 1555,	
Estas 1 287 1 974,	
afecta 2 287 2 1643,3017,	
temporalmente 1 287 1 969,	
interrumpir 2 287 2 968,2628,	
cuidadosamente 2 287 2 962,2491,	
ajustando 1 287 1 959,	
funcional 1 287 1 934,	
hiponatremia 1 287 1 930,	
padecen 1 287 1 929,	
asa 1 287 1 924,	
altas 2 287 2 920,2077,	
reciben 3 287 3 918,1533,2459,	
asociada 1 287 1 911,	
fundamentalmente 3 287 3 899,3370,3773,	
descrito 9 287 9 898,1274,2815,2858,2913,2944,3031,3112,3159,	
problema 2 287 2 895,2035,	
vómitos 3 287 3 893,2742,2921,	
diarrea 2 287 2 891,2916,	
diálisis 1 287 1 890,	
dieta 1 287 1 889,	
diuréticos 8 287 8 883,922,973,1136,1865,2123,2125,2182,	
depleción 1 287 1 879,	
volumen 6 287 6 877,1019,1961,2189,2220,3293,	
disminución 5 287 5 875,3113,3477,3494,4133,	
presenten 1 287 1 873,	
probable 2 287 2 869,914,	
trastorno 1 287 1 866,	
complicados 1 287 1 864,	
rara 4 287 4 859,2806,2847,2940,	
acentuado 1 287 1 843,	
descenso 1 287 1 842,	
provocar 3 287 3 840,1871,1923,	
igual 4 287 4 830,1190,2107,2341,	
Al 1 287 1 829,	
Hipotensión 1 287 1 828,	
psoriasis 2 287 2 826,2980,	
utilizarse 4 287 4 820,1198,1969,2167,	
ocurre 2 287 2 810,3001,	
Como 3 287 3 809,2447,3000,	
Psoriasis 1 287 1 808,	
reciente 2 287 2 806,3237,	
trasplante 1 287 1 803,	
sometidos 4 287 4 800,1459,1479,1931,	
relacionada 1 287 1 792,	
existe 3 287 3 790,1117,3997,	
Trasplante 1 287 1 786,	
Advertencias 1 287 1 779,	
ml/min) 1 287 1 776,	
< 1 287 1 774,	
(aclaramiento 1 287 1 771,	
reducción 3 287 3 2196,3485,3662,	
hemodiálisis 7 287 7 770,1354,1365,1380,1424,1481,3331,	
renovascular 4 287 4 763,1057,1071,1099,	
Hipertensión 1 287 1 762,	
Lactancia 1 287 1 760,	
Embarazo 2 287 2 758,2517,	
hereditario/idiopático 1 287 1 756,	
Angioedema 2 287 2 755,1571,	
restricción 1 287 1 884,	
previo 1 287 1 748,	
asociado 2 287 2 745,3696,	
angioneurótico 2 287 2 744,3015,	
edema 2 287 2 743,3014,	
Antecedentes 1 287 1 741,	
inhibidor 5 287 5 736,1330,1454,1535,2044,	
Hipersensibilidad 2 287 2 729,1502,	
Contraindicaciones 1 287 1 727,	
niños 2 287 2 724,1821,	
administrarse 1 287 1 721,	
pediátrico 1 287 1 712,	
estudiado 1 287 1 709,	
Niños 2 287 2 705,1813,	
excesiva 3 287 3 704,993,2197,	
accidente 2 287 2 698,1002,	
miocardio 3 287 3 695,999,2828,	
infarto 3 287 3 693,997,2825,	
sufrir 1 287 1 691,	
Estos 2 287 2 685,2398,	
cerebrovascular 4 287 4 684,699,988,1003,	
enfermedad 3 287 3 683,987,2021,	
pecho 4 287 4 681,985,2656,2824,	
angina 3 287 3 679,983,2822,	
aplica 1 287 1 674,	
Esto 1 287 1 671,	
fármaco 5 287 5 656,718,1495,2231,3657,	
aplican 1 287 1 978,	
aumente 1 287 1 651,	
horas 7 287 7 636,3651,3735,3751,3794,3807,3816,	
6-8 2 287 2 635,3650,	
periodo 1 287 1 632,	
aguda 2 287 2 620,2861,	
vigilar 7 287 7 611,1341,1889,2269,2490,3198,3211,	
médica 2 287 2 608,945,	
supervisión 2 287 2 607,944,	
estrecha 2 287 2 606,947,	
inhibidores 32 287 32 583,750,813,833,1193,1280,1918,1996,2080,2110,2282,2309,2318,2345,2363,2385,2436,2484,2511,2531,2558,2594,2634,2763,2836,2864,2876,2959,3004,3167,3356,3604,	
sintomática 3 287 3 578,857,2455,	
observado 6 287 6 576,2073,2748,3929,3954,4067,	
concomitante 4 287 4 573,661,2255,2337,	
cardiaca 5 287 5 572,904,1290,1853,3643,	
será 1 287 1 561,	
ECA 39 287 39 552,586,739,753,816,836,1196,1283,1333,1457,1538,1921,1999,2047,2083,2113,2285,2312,2321,2348,2366,2388,2439,2514,2534,2561,2597,2637,2766,2839,2867,2879,2962,3007,3170,3359,3463,3566,3607,	
aumentos 2 287 2 1307,3067,	
días 2 287 2 545,3921,	
tres 1 287 1 544,	
hospital 2 287 2 629,951,	
durante 8 287 8 541,630,1269,1345,1596,1712,1936,3682,	
existente 1 287 1 540,	
interrupción 2 287 2 535,3689,	
corporales 1 287 1 532,	
procedentes 1 287 1 4098,	
líquidos 2 287 2 531,3515,	
sal 6 287 6 528,886,2144,2192,2225,3289,	
déficits 1 287 1 526,	
corrección 1 287 1 523,	
requiere 1 287 1 518,	
comienzo 1 287 1 515,	
alto 2 287 2 505,616,	
producir 6 287 6 497,2004,2772,2892,3066,3499,	
grave 7 287 7 622,905,1122,1291,1611,2775,3181,	
primera 7 287 7 493,500,624,643,853,3912,4293,	
hipotensión 20 287 20 491,498,577,619,703,856,992,1006,1030,1121,1411,1924,2297,2569,2602,2774,2792,2843,3180,3273,	
riesgo 10 287 10 489,506,617,689,1119,1403,1526,2325,2352,2788,	
mayor 7 287 7 488,688,1118,1525,1934,2324,4023,	
enfermos 6 287 6 481,686,1078,1780,2404,3943,	
precaución 5 287 5 479,822,1200,1971,2169,	
usarse 1 287 1 477,	
hepática 5 287 5 456,465,484,4013,4057,	
contraindicado 4 287 4 450,1082,1367,2523,	
deposita 1 287 1 3392,	
está 5 287 5 449,1081,1366,2154,2522,	
hemodiálisis) 1 287 1 446,	
(insuficiencia 1 287 1 441,	
inferior 3 287 3 437,1239,4212,	
administrar 4 287 4 428,1231,1817,3284,	
farmacocinéticas"") 2 287 2 424,1258,	
""Propiedades 2 287 2 423,1257,	
AUC 4 287 4 419,3937,3961,4015,	
incremento 4 287 4 417,2303,3638,3956,	
experiencia 6 287 6 412,791,1246,1374,3985,3998,	
limitada 3 287 3 411,1245,3995,	
Dada 1 287 1 409,	
29 1 287 1 400,	
indican 3 287 3 2000,2322,2368,	
menores 2 287 2 379,1209,	
necesitan 2 287 2 377,1207,	
En 18 287 18 373,567,587,935,1355,1375,1572,1618,1783,1854,2724,3107,3141,3149,3922,3942,4009,4105,	
empleo"") 3 287 3 372,408,513,	
especiales 5 287 5 370,406,511,782,4205,	
precauciones 4 287 4 369,405,510,781,	
""Advertencias 3 287 3 367,403,508,	
(véase 8 287 8 366,402,422,507,1083,1222,1368,1486,	
obtiene 1 287 1 2499,	
80 2 287 2 364,1220,	
ml/min 10 287 10 362,365,398,401,440,1218,1221,1242,3951,3975,	
30 4 287 4 361,1217,1241,3262,	
Aclaramiento 3 287 3 357,393,434,	
813) 1 287 1 355,	
sustituirá 1 287 1 352,	
mg/dl 1 287 1 349,	
mol/l 1 287 1 345,	
unidades 1 287 1 344,	
utilizan 2 287 2 342,2674,	
85; 1 287 1 339,	
0 2 287 2 338,354,	
multiplicará 1 287 1 336,	
resultante 1 287 1 334,	
mujeres 3 287 3 331,2551,2607,	
han 10 287 10 2747,2814,2912,2943,2964,3030,3158,3928,4066,4162,	
(en 1 287 1 329,	
[mg/dl] 1 287 1 328,	
sérica 3 287 3 327,1151,3136,	
72 2 287 2 324,350,	
adrenalina 2 287 2 1670,1684,	
= 1 287 1 323,	
CLCrea 1 287 1 322,	
ml) 1 287 1 1682,	
] 1 287 1 321,	
[kg 1 287 1 320,	
Fecha 2 287 2 4290,4308,	
corporal 2 287 2 319,4138,	
peso 2 287 2 318,4137,	
[años]) 1 287 1 316,	
(140 1 287 1 313,	
31-41) 1 287 1 312,	
16 1 287 1 311,	
1976; 1 287 1 310,	
(Nephron 1 287 1 309,	
GAULT 1 287 1 308,	
monofásica 1 287 1 3742,	
Y 1 287 1 307,	
Rifampicina 1 287 1 2408,	
COCKROFT 1 287 1 306,	
fórmula 1 287 1 304,	
empleando 1 287 1 302,	
máximo 1 287 1 3647,	
creatinina 14 287 14 298,326,359,395,436,773,1150,1215,1238,1315,3079,3215,3948,3972,	
aclaramiento 5 287 5 296,1213,1236,3946,3970,	
crías 1 287 1 4123,	
determinar 1 287 1 294,	
haya 2 287 2 292,1825,	
insuficiencia 27 287 27 287,464,483,571,903,909,932,1125,1165,1204,1275,1289,1849,1852,2012,2067,2406,2571,2854,2859,3092,3188,3925,3991,4007,4012,4056,	
inhibición 4 287 4 549,1181,3460,3563,	
posible 7 287 7 286,290,521,557,965,1950,3593,	
significativo 1 287 1 1874,	
iniciar 5 287 5 278,385,1422,2203,2777,	
función 8 287 8 274,1142,1172,1267,1343,1806,2396,3539,	
España 1 287 1 4278,	
evaluar 2 287 2 272,1804,	
vasos 1 287 1 2938,	
Es 6 287 6 270,289,912,2267,3294,3592,	
ligeras 1 287 1 1146,	
riñón 4 287 4 269,788,805,1115,	
10-29 1 287 1 3974,	
través 1 287 1 267,	
predominantemente 1 287 1 265,	
excretan 1 287 1 264,	
imidaprilato 13 287 13 262,421,2418,3324,3780,3786,3821,3832,3905,3941,3963,4020,4044,	
activo 3 287 3 260,2421,3778,	
déficit 1 287 1 3153,	
farmacológicamente 2 287 2 259,3777,	
Por 7 287 7 715,1072,1185,1425,2424,3560,4038,	
metabolito 3 287 3 258,2420,3776,	
renal 32 287 32 253,275,288,442,766,910,933,1126,1143,1161,1166,1173,1205,1268,1276,1298,1344,1807,1850,2013,2068,2397,2407,2572,2846,2855,2860,3093,3189,3926,3992,4008,	
Insuficiencia 3 287 3 252,455,765,	
recomendada 2 287 2 242,460,	
respuesta 1 287 1 234,	
ajustarse 1 287 1 231,	
Esta 1 287 1 228,	
inicial 8 287 8 218,459,560,592,664,1035,1793,3804,	
náuseas 1 287 1 2914,	
La 22 287 22 216,239,457,662,855,1027,2208,2553,2704,3302,3379,3431,3459,3516,3615,3658,3688,3752,3817,3826,3984,4143,	
más) 1 287 1 215,	
aparece 2 287 2 1005,2849,	
años 3 287 3 213,1790,4201,	
(65 1 287 1 212,	
avanzada 3 287 3 211,1761,1766,	
edad 4 287 4 210,315,1760,1765,	
Pacientes 7 287 7 208,486,1054,1163,1352,1443,1758,	
demostrado 2 287 2 206,415,	
eficacia 2 287 2 202,1828,	
condiciones 1 287 1 197,	
comidas 2 287 2 196,3759,	
minutos 3 287 3 192,1419,3263,	
15 1 287 1 191,	
momento 1 287 1 188,	
comprimidos 3 287 3 184,4230,4237,	
recomienda 6 287 6 181,384,1340,1428,1489,1803,	
Se 11 287 11 180,495,609,1206,1272,1339,1488,1802,2813,2856,3332,	
antihipertensivos 5 287 5 179,1441,1500,2481,3679,	
tratamientos 1 287 1 178,	
simultánea 1 287 1 2372,	
beneficiarían 1 287 1 170,	
hipertensos 5 287 5 168,569,862,2711,3621,	
salida 1 287 1 1980,	
comprobado 2 287 2 164,2873,	
No 14 287 14 161,706,789,1058,1085,1228,1602,1814,1878,1897,2687,3996,4064,4192,	
diurético 6 287 6 160,539,660,1321,1338,2217,	
combinación 2 287 2 157,173,	
considerar 3 287 3 153,3296,3314,	
preferentemente 4 287 4 152,626,948,3202,	
equilibrio 1 287 1 3048,	
o 43 287 43 151,214,444,543,657,696,732,768,892,907,925,931,986,1000,1108,1292,1334,1432,1649,1683,1788,1851,1910,1925,1935,2100,2133,2139,2190,2221,2329,2333,2462,2577,2672,2685,2760,2780,2850,3147,3304,4078,4295,	
recomendada) 1 287 1 150,	
máxima 4 287 4 149,241,3729,3784,	
(dosis 1 287 1 148,	
20 2 287 2 146,4003,	
incrementar 1 287 1 141,	
necesario 7 287 7 140,271,1016,1888,2268,2489,3295,	
pacientes 54 287 54 137,167,284,375,432,453,462,503,568,589,614,677,799,824,861,871,901,916,937,981,1068,1154,1202,1211,1234,1287,1300,1363,1450,1478,1493,1510,1562,1573,1763,1770,1785,1930,1973,2007,2063,2179,2457,2494,2710,2887,3109,3150,3620,3676,3923,3967,4010,4054,	
número 2 287 2 135,2884,	
pequeño 1 287 1 134,	
corrigen 1 287 1 3082,	
embargo 2 287 2 131,1913,	
Sin 2 287 2 130,1912,	
eficaz 2 287 2 129,1052,	
determinado 2 287 2 123,2648,	
según 2 287 2 120,232,	
10 7 287 7 116,245,397,439,775,3857,4307,	
aumentarse 1 287 1 114,	
diaria 3 287 3 112,127,144,	
desensibilización 2 287 2 1523,1551,	
dosis 31 287 31 111,126,143,217,229,240,378,458,494,501,559,591,625,644,653,663,854,919,961,1034,1045,1208,1328,1792,2075,2238,2251,2783,3844,3899,4001,	
sanguíneas 2 287 2 1311,3071,	
semanas 4 287 4 107,1348,1599,3671,	
después 11 287 11 102,579,637,700,850,1031,1048,1420,1612,3652,3909,	
arterial 10 287 10 101,238,847,1297,1704,2201,3446,3625,3667,3704,	
presión 8 287 8 100,237,846,1703,2200,3624,3666,3703,	
óptimo 1 287 1 97,	
control 2 287 2 96,1697,	
Si 7 287 7 91,553,963,1004,1947,2153,3270,	
día 6 287 6 90,190,227,250,473,604,	
vez 15 287 15 88,225,248,347,471,602,1835,1987,2051,2807,2848,2889,2918,2941,3037,	
iniciarse 2 287 2 83,941,	
debe 23 287 23 82,113,230,427,476,593,610,665,720,819,940,967,1197,1230,1263,1545,1722,1796,1816,1968,2676,3197,3333,	
tratamiento 41 287 41 81,109,155,280,301,387,517,538,581,747,881,939,971,1051,1075,1134,1271,1350,1521,1542,1549,1601,1614,1625,1658,1739,1755,1811,1841,2031,2041,2205,2235,2630,2757,2779,3086,3298,3673,3684,3692,	
El 12 287 12 80,254,447,474,514,1640,1966,2520,3320,3360,3644,3769,	
Adultos 1 287 1 79,	
- 40 287 40 78,207,251,314,356,392,433,454,485,728,740,754,757,759,761,764,785,807,827,1053,1162,1351,1442,1501,1570,1735,1757,1812,1832,1895,1962,1984,2048,2767,2844,2868,2906,2935,3025,3060,	
bipedestación 1 287 1 3631,	
efecto 10 287 10 2305,2381,2429,2501,2507,2650,2692,3361,3600,3645,	
x 2 287 2 317,325,	
administración 12 287 12 77,640,795,2254,2336,2371,2410,3254,3616,3712,3874,3913,	
forma 3 287 3 75,1225,1253,	
Posología 1 287 1 73,	
esencial 1 287 1 70,	
hipertensión 6 287 6 69,1056,1070,1098,3367,3445,	
Este 3 287 3 865,894,2034,	
Tratamiento 1 287 1 66,	
terapéuticas 2 287 2 65,3222,	
Indicaciones 1 287 1 64,	
clínicos 1 287 1 61,	
Datos 4 287 4 60,4060,4167,4259,	
4 13 287 13 59,62,71,725,777,778,2084,2515,2657,2700,3171,4203,4302,	
Comprimidos 2 287 2 58,4238,	
farmacéutica 1 287 1 57,	
Forma 1 287 1 56,	
base 1 287 1 54,	
3 6 287 6 50,55,106,726,4059,4196,	
equivalente 1 287 1 47,	
imidapril 70 287 70 46,53,175,255,282,429,475,566,600,646,714,731,797,818,838,957,1047,1066,1080,1093,1188,1232,1361,1389,1544,1576,1617,1741,1778,1795,1818,1843,1905,1915,1953,1967,1991,2057,2105,2207,2241,2257,2279,2339,2423,2432,2466,2475,2521,2614,2632,2694,2714,2728,2759,3009,3101,3321,3364,3618,3715,3768,3770,3829,3851,3915,3939,4017,4049,4111,	
hidrocloruro 1 287 1 44,	
cuantitativa 1 287 1 39,	
cualitativa 1 287 1 37,	
Composición 1 287 1 36,	
IMIDAPRIL 2 287 2 30,4318,	
Denominación 1 287 1 27,	
1 8 287 8 26,63,1676,1677,1689,3347,4140,4170,	
ECA; 1 287 1 2487,	
PRODUCTO 2 287 2 22,25,	
creatinfosfocinasa 1 287 1 3140,	
DEL 2 287 2 21,24,	
CARACTERISTICAS 1 287 1 20,	
LAS 1 287 1 19,	
DE 1 287 1 18,	
RESUMEN 2 287 2 17,23,	
ocasiones 1 287 1 2910,	
información 2 287 2 14,2617,	
Toda 1 287 1 12,	
cardiovascular 1 287 1 2769,	
medicamento 7 287 7 11,16,29,448,1434,1632,3269,	
Basica 1 287 1 9,	
	"Información 1 287 1 8,	
hospitalizar 1 287 1 1707,	
COMPRIMIDOS" 1 287 1 7,	
Periodo 1 287 1 4197,	
14 2 287 2 6,4234,	
comprimidos; 2 287 2 5,4323,	
mg 21 287 21 4,34,42,51,86,117,147,223,246,391,469,564,598,670,955,1801,3858,3861,4004,4246,4322,	
5 22 287 22 3,33,41,85,222,390,468,563,597,669,954,1681,1800,2085,3343,3346,3705,3920,4058,4217,4245,4321,	
2 19 287 19 2,32,35,40,49,72,221,389,467,562,596,668,953,1799,3706,3750,4190,4244,4320,	
BIAL 4 287 4 1,31,4268,4319,	
"IMIDAPRIL 1 287 1 0,	
