Prospectos 1 195 1 3552,	
TEXTO 1 195 1 3543,	
AUTORIZACION/REVALIDACION 1 195 1 3534,	
FECHA 2 195 2 3530,3539,	
572 1 195 1 3519,	
Reg 2 195 2 3517,3526,	
Nº 2 195 2 3516,3525,	
	GABAPENTINA 1 195 1 3511,	
NUMERO 1 195 1 3505,	
(Barcelona) 1 195 1 3503,	
Plegamans 1 195 1 3502,	
i 1 195 1 3501,	
Palau-solità 1 195 1 3500,	
08184 1 195 1 3499,	
51-57 1 195 1 3498,	
Reial 1 195 1 3497,	
Camí 1 195 1 3496,	
Av 1 195 1 3495,	
S 1 195 1 3493,	
AUTORIZACION 3 195 3 3488,3508,3537,	
uso/manipulación 1 195 1 3482,	
Instrucciones 1 195 1 3480,	
blíster 4 195 4 3451,3457,3468,3474,	
estuche 4 195 4 3449,3455,3466,3472,	
PVC/Aluminio 1 195 1 3443,	
Blíster 1 195 1 3441,	
recipiente 1 195 1 3440,	
contenido 1 195 1 3438,	
Naturaleza 1 195 1 3436,	
30ºC 1 195 1 3433,	
temperatura 1 195 1 3430,	
conservación 1 195 1 3426,	
Precauciones 1 195 1 3423,	
Dos 1 195 1 3419,	
validez 1 195 1 3418,	
talco 1 195 1 3409,	
almidón 1 195 1 3405,	
monohidrato 1 195 1 3404,	
Cada 1 195 1 3400,	
Relación 1 195 1 3397,	
	6 1 195 1 3395,	
FARMACÉUTICOS 1 195 1 3394,	
ósea 1 195 1 3389,	
médula 1 195 1 3388,	
formación 1 195 1 3383,	
mamífero 1 195 1 3372,	
aberraciones 1 195 1 3367,	
bacterias 1 195 1 3362,	
mamíferos 1 195 1 3360,	
estándar 1 195 1 3354,	
mutagénico 1 195 1 3351,	
genotóxico 1 195 1 3348,	
carcinogénico 1 195 1 3340,	
desconoce 1 195 1 3321,	
concurrentes 1 195 1 3319,	
observadas 1 195 1 3315,	
adyacentes 1 195 1 3309,	
invadieron 1 195 1 3306,	
metastatizaron 1 195 1 3304,	
supervivencia 1 195 1 3299,	
afectaron 1 195 1 3296,	
malignidad 1 195 1 3294,	
grado 1 195 1 3292,	
terapéutica 1 195 1 3274,	
alta 1 195 1 3245,	
tratadas 2 195 2 3240,3255,	
macho 3 195 3 3239,3288,3334,	
pancreáticas 3 195 3 3234,3285,3330,	
células 5 195 5 3232,3283,3328,3358,3370,	
tumores 3 195 3 3229,3281,3326,	
significativo 1 195 1 3224,	
estadísticamente 1 195 1 3223,	
observó 1 195 1 3220,	
1000 1 195 1 3212,	
600 1 195 1 3201,	
dieta 1 195 1 3194,	
hipoactividad 1 195 1 3186,	
respiración 1 195 1 3183,	
mg/kg 1 195 1 3173,	
8000 1 195 1 3172,	
ratones 2 195 2 3164,3196,	
letal 1 195 1 3160,	
identificado 1 195 1 3156,	
preclínicos 1 195 1 3150,	
comprometida 1 195 1 3134,	
directamente 1 195 1 3108,	
velocidad 1 195 1 3095,	
constante 1 195 1 3093,	
plasmático 2 195 2 3089,3102,	
aclaramiento 4 195 4 3088,3101,3105,3111,	
alteración 1 195 1 3080,	
ancianos 1 195 1 3075,	
voluntarios 1 195 1 3052,	
24 1 195 1 3050,	
estudió 1 195 1 3044,	
responsables 1 195 1 3037,	
mixtas 1 195 1 3036,	
oxidativas 1 195 1 3035,	
hepáticas 1 195 1 3034,	
enzimas 1 195 1 3033,	
dificultosa 1 195 1 3184,	
induce 1 195 1 3031,	
hombre 1 195 1 3028,	
metabolismo 2 195 2 3025,3039,	
hay 1 195 1 3022,	
únicamente 1 195 1 3017,	
elimina 2 195 2 3016,3116,	
20% 1 195 1 3005,	
(LCR) 1 195 1 3000,	
cefalorraquídeo 1 195 1 2999,	
líquido 1 195 1 2998,	
litros 1 195 1 2988,	
distribución 1 195 1 2983,	
volumen 1 195 1 2981,	
liga 1 195 1 2973,	
debajo 1 195 1 2963,	
están 1 195 1 2961,	
incrementos 1 195 1 2960,	
Posteriormente 1 195 1 2928,	
disponible 1 195 1 2927,	
NA 1 195 1 2924,	
determinado 1 195 1 2923,	
hr/mL) 1 195 1 2917,	
(µg 1 195 1 2916,	
AUC 2 195 2 2914,2952,	
ND 2 195 2 2913,2920,	
(12) 1 195 1 2910,	
t½ 1 195 1 2906,	
(18) 1 195 1 2902,	
(hr) 2 195 2 2899,2907,	
tmax 1 195 1 2898,	
(21) 1 195 1 2897,	
(24) 1 195 1 2894,	
02 1 195 1 2893,	
(µg/mL) 1 195 1 2891,	
Cmax 2 195 2 2890,2950,	
400-mg 1 195 1 2889,	
300-mg 1 195 1 2888,	
farmacocinético 1 195 1 2887,	
Parámetro 1 195 1 2886,	
(%RSD) 1 195 1 2876,	
medios 1 195 1 2875,	
parámetros 2 195 2 2866,2873,	
facilitan 1 195 1 2864,	
ó 1 195 1 2853,	
proporcionales 3 195 3 2845,2966,3109,	
indujo 2 195 2 3365,3381,	
Las 2 195 2 2839,3246,	
predictivas 1 195 1 2833,	
µg/ml 2 195 2 2821,2824,	
aguda 1 195 1 3178,	
estuvieron 1 195 1 2817,	
única 1 195 1 2810,	
Ninguna 2 195 2 3413,3483,	
datos 1 195 1 2807,	
repetida 1 195 1 2795,	
afectada 1 195 1 2791,	
resulta 1 195 1 2790,	
oscila 1 195 1 2779,	
independiente 1 195 1 2774,	
lineal 1 195 1 2765,	
plasma 2 195 2 2760,3118,	
describe 1 195 1 2754,	
mejor 1 195 1 2752,	
60% 1 195 1 2742,	
aproximadamente 2 195 2 2740,3003,	
2-3 1 195 1 2728,	
observan 1 195 1 2725,	
proporcional 1 195 1 2710,	
farmacocinéticas 1 195 1 2703,	
así 1 195 1 2690,	
inflamación 1 195 1 2686,	
analgésica 1 195 1 2679,	
Asimismo 1 195 1 2673,	
genéticos 1 195 1 2670,	
modelos 2 195 2 2669,2683,	
síntesis 1 195 1 2664,	
químicos 1 195 1 2658,	
convulsivantes 1 195 1 2657,	
impide 1 195 1 2649,	
e 1 195 1 2648,	
fácilmente 1 195 1 2644,	
importancia 1 195 1 2623,	
cerebro 2 195 2 2621,2647,	
regiones 1 195 1 2619,	
distintas 2 195 2 2618,2626,	
sódico 1 195 1 2615,	
áreas 1 195 1 2608,	
recambio 1 195 1 2603,	
aumenta 2 195 2 2601,2953,	
ratas 7 195 7 2600,3166,3207,3238,3254,3287,3333,	
monoamino 1 195 1 2591,	
liberación 1 195 1 2588,	
alcanzan 1 195 1 2581,	
µM 1 195 1 2577,	
100 1 195 1 2576,	
ensayo 1 195 1 2567,	
sistemas 1 195 1 2565,	
(NMDA) 1 195 1 2562,	
agonista 1 195 1 2558,	
parcialmente 1 195 1 2554,	
difiere 1 195 1 2546,	
consecuencia 1 195 1 2545,	
sodio 1 195 1 2540,	
interacciona 1 195 1 2535,	
N-metil-d-aspartato 1 195 1 2532,	
glicina 1 195 1 2530,	
GABAB 1 195 1 2527,	
300-4800 1 195 1 2937,	
comunes 1 195 1 2514,	
receptores 3 195 3 2510,2516,2523,	
clarificadas 1 195 1 2500,	
aún 2 195 2 2499,2637,	
puntos 1 195 1 2491,	
identificación 1 195 1 2486,	
571 1 195 1 3528,	
sólo 1 195 1 3235,	
estructurales 1 195 1 2482,	
derivados 1 195 1 2481,	
actividad 2 195 2 2475,2678,	
hipocampo 1 195 1 2468,	
neocortex 1 195 1 2465,	
cerebrales 3 195 3 2460,2520,2609,	
tejidos 2 195 2 2459,3308,	
péptidos 1 195 1 2456,	
unión 2 195 2 2454,2493,	
lugar 1 195 1 2452,	
caracterizado 1 195 1 2449,	
radiomarcada 1 195 1 2447,	
vitro 6 195 6 2443,2542,2569,2594,3356,3375,	
in 8 195 8 2442,2541,2568,2582,2593,3355,3374,3377,	
profármacos 1 195 1 2437,	
micronúcleos 1 195 1 3385,	
agonistas 1 195 1 2433,	
recomendada 1 195 1 3276,	
recaptación 1 195 1 2430,	
transaminasa 1 195 1 2426,	
inhibidores 3 195 3 2422,2427,2661,	
benzodiazepinas 2 195 2 2421,2528,	
barbitúricos 1 195 1 2420,	
valproato 2 195 2 2419,2614,	
sinapsis 1 195 1 2414,	
interaccionan 1 195 1 2411,	
diferente 1 195 1 2405,	
acción 1 195 1 2403,	
mecanismo 1 195 1 2401,	
gamma-aminobutírico) 1 195 1 2398,	
(ácido 1 195 1 2397,	
GABA 9 195 9 2396,2416,2425,2432,2435,2439,2525,2605,2666,	
neurotransmisor 1 195 1 2395,	
estructuralmente 1 195 1 2392,	
relacionada 1 195 1 2391,	
farmacodinámicas 1 195 1 2388,	
conservar 1 195 1 3428,	
Propiedades 2 195 2 2387,2702,	
	5 1 195 1 2385,	
ESTE 1 195 1 2383,	
acciones 1 195 1 2627,	
DE 8 195 8 2382,3486,3489,3506,3509,3531,3535,3540,	
FARMACOLÓGICAS 1 195 1 2381,	
PROPIEDADES 1 195 1 2380,	
fallo 1 195 1 2372,	
normalmente 1 195 1 2365,	
basándose 1 195 1 2357,	
eliminarse 1 195 1 2354,	
minimizar 1 195 1 2345,	
sobredosificación 1 195 1 2341,	
limitar 1 195 1 2333,	
reducida 1 195 1 2325,	
sintomático 1 195 1 2323,	
mediante 1 195 1 2321,	
totalmente 1 195 1 2320,	
recuperaron 1 195 1 2319,	
Todos 1 195 1 2315,	
hablar 1 195 1 2309,	
dificultad 1 195 1 2307,	
vértigos 1 195 1 2304,	
incluye 1 195 1 2303,	
sintomatología 1 195 1 2299,	
LA 4 195 4 3487,3507,3532,3536,	
peligro 1 195 1 2297,	
vida 2 195 2 2295,2767,	
poner 1 195 1 2293,	
pudiera 1 195 1 2292,	
toxicidad 3 195 3 2290,2347,3177,	
g 1 195 1 2284,	
sobredosis 3 195 3 2278,2302,2350,	
Con 1 195 1 2277,	
primario 1 195 1 2273,	
considerado 1 195 1 2271,	
pudo 1 195 1 2269,	
múltiples 1 195 1 2263,	
ligeramente 1 195 1 2586,	
participantes 1 195 1 2261,	
250 1 195 1 3211,	
Casi 1 195 1 2258,	
0%) 2 195 2 2253,2257,	
4%) 1 195 1 2250,	
6%) 2 195 2 2239,2244,	
fatiga 1 195 1 2237,	
8%) 1 195 1 2236,	
ataxia 2 195 2 2234,3182,	
2%) 1 195 1 2233,	
abandono 1 195 1 2225,	
asociaron 1 195 1 2222,	
debido 1 195 1 2211,	
abandonaron 1 195 1 2208,	
autorización 1 195 1 2207,	
anteriores 1 195 1 2204,	
espasticidad 1 195 1 2194,	
292 1 195 1 2185,	
8% 1 195 1 2182,	
adolescentes 1 195 1 2179,	
letargia 1 195 1 2311,	
acontecimiento 1 195 1 2214,	
7% 1 195 1 2173,	
Aproximadamente 1 195 1 2171,	
Abandono 1 195 1 2165,	
hepática 1 195 1 2164,	
pruebas 1 195 1 2161,	
elevación 1 195 1 2158,	
sanguínea 1 195 1 2153,	
glucosa 1 195 1 2152,	
fluctuaciones 1 195 1 2149,	
Stevens-Johnson 1 195 1 2148,	
síndrome 1 195 1 2146,	
multiforme 1 195 1 2145,	
eritema 1 195 1 2144,	
pancreatitis 1 195 1 2143,	
raras 1 195 1 2139,	
comercialización 1 195 1 2131,	
experiencia 2 195 2 2128,2360,	
Adicionalmente 1 195 1 2122,	
causal 1 195 1 2116,	
relación 1 195 1 2115,	
inexplicadas 1 195 1 2106,	
súbitas 1 195 1 2105,	
comunicado 2 195 2 2103,2136,	
farmacovigilancia 1 195 1 2100,	
Datos 2 195 2 2098,3149,	
utilizó 1 195 1 2095,	
perfil 1 195 1 2076,	
Acontecimientos 1 195 1 2066,	
pseudo-difteria 1 195 1 2065,	
aura 1 195 1 2062,	
desaparición 1 195 1 2060,	
moniliasis 1 195 1 2056,	
anteriormente 1 195 1 2042,	
administración) 2 195 2 2023,3146,	
(ver 2 195 2 2016,3139,	
jóvenes 1 195 1 2004,	
individuos 1 195 1 2002,	
clase 1 195 1 1997,	
son 9 195 9 1993,2053,2803,2832,2844,3001,3066,3107,3259,	
recibido 1 195 1 1984,	
nueve 1 195 1 1977,	
Cincuenta 1 195 1 1975,	
trastorno 1 195 1 1973,	
descrita 1 195 1 1969,	
visión 2 195 2 1967,2305,	
urinario 1 195 1 1964,	
urogenital 1 195 1 1960,	
neumonía 1 195 1 1958,	
realizado 1 195 1 2931,	
hostilidad 2 195 2 1955,2255,	
ansiedad 1 195 1 1953,	
parestesias 1 195 1 1952,	
reflejos 1 195 1 1951,	
ausencia 1 195 1 1949,	
disminución 1 195 1 1947,	
aumento 2 195 2 1946,3222,	
hiperquinesia 2 195 2 1945,2251,	
artralgia 1 195 1 1941,	
musculoesquelético 1 195 1 1940,	
traumatismos 1 195 1 1937,	
resultantes 1 195 1 1935,	
cardenales 1 195 1 1934,	
descritos 1 195 1 1930,	
linfático 1 195 1 1928,	
Sistemas 1 195 1 1925,	
gingivitis 1 195 1 1924,	
flatulencia 1 195 1 1922,	
digestivo 2 195 2 1921,2055,	
hipertensión 1 195 1 1919,	
facial 1 195 1 1916,	
edema 1 195 1 1915,	
malestar 1 195 1 1914,	
65 3 195 3 1981,3518,3527,	
astenia 1 195 1 1913,	
visual 1 195 1 1974,	
anterior 2 195 2 1909,2361,	
sección 1 195 1 1908,	
describen 1 195 1 1905,	
adicional 1 195 1 1894,	
recibieron 3 195 3 1890,2198,3168,	
efectos 2 195 2 1876,2632,	
resumen 1 195 1 1874,	
continuación 1 195 1 1872,	
A 3 195 3 1871,2526,3494,	
otitis 1 195 1 1860,	
tos 1 195 1 1858,	
diarrea 2 195 2 1856,2314,	
rinitis 1 195 1 1854,	
tracto 2 195 2 1848,1963,	
faringitis 1 195 1 1845,	
incluyeron 2 195 2 1844,3181,	
superior 3 195 3 1839,1850,3431,	
correspondientes 1 195 1 3008,	
Otros 2 195 2 1821,1862,	
farmacológico 1 195 1 1816,	
respiratoria 1 195 1 1807,	
Bronquitis 1 195 1 1801,	
respiratorio 4 195 4 1800,1849,1957,2064,	
Hiperquinesia 1 195 1 1794,	
Vértigo 1 195 1 1789,	
Hostilidad 1 195 1 1778,	
Vómitos 1 195 1 1766,	
Náuseas 1 195 1 1764,	
Organismo 2 195 2 1737,1910,	
128 1 195 1 1736,	
119 1 195 1 1733,	
= 4 195 4 1732,1735,2921,2925,	
N 2 195 2 1731,1734,	
Evento 1 195 1 1729,	
corporal/ 1 195 1 1728,	
Sistema 10 195 10 1727,1771,1799,1917,1939,1942,1959,2054,2058,2063,	
placebo) 1 195 1 1726,	
grupo 2 195 2 1725,1842,	
frecuentes 1 195 1 1721,	
numéricamente 1 195 1 1719,	
Incompatibilidades 1 195 1 3412,	
2% 2 195 2 1711,1829,	
(acontecimientos 1 195 1 1706,	
N-metil-D-aspartato 1 195 1 2561,	
fiebre 1 195 1 1674,	
infección 3 195 3 1672,1846,1961,	
acinares 3 195 3 3233,3284,3329,	
frecuencia 2 195 2 1664,1836,	
igual 3 195 3 1663,1837,2984,	
comúnmente 1 195 1 1642,	
neurotransmisores 2 195 2 2519,2592,	
físicos 1 195 1 1938,	
borrosa 1 195 1 1637,	
Visión 1 195 1 1636,	
C 1 195 1 1635,	
base 2 195 2 1634,1818,	
farmacológica 1 195 1 1631,	
Más 2 195 2 1629,1813,	
Digestivo 1 195 1 1763,	
COSTART 1 195 1 1627,	
preferencial 1 195 1 1625,	
Término 1 195 1 1624,	
glutamato 2 195 2 2529,2560,	
anormal 2 195 2 1614,1968,	
Coordinación 1 195 1 1613,	
Leucopenia 1 195 1 1612,	
Fractura 1 195 1 1601,	
Acné 1 195 1 1597,	
anorexia 2 195 2 1857,1923,	
Insomnio 1 195 1 1593,	
leucocitario 1 195 1 1586,	
rto 1 195 1 1585,	
establecida 1 195 1 2638,	
Disminución 1 195 1 1583,	
Prurito 1 195 1 1576,	
0 6 195 6 1573,1756,1770,1797,1804,1810,	
Abrasión 1 195 1 1569,	
Punzadas 1 195 1 1562,	
vírica 3 195 3 1557,1673,1741,	
Infección 3 195 3 1556,1740,1806,	
Diarrea 1 195 1 1552,	
Eritema 1 195 1 1545,	
dentales 1 195 1 1538,	
REVISION 1 195 1 3541,	
Anormalidades 1 195 1 1537,	
Impotencia 1 195 1 1536,	
Estreñimiento 1 195 1 1529,	
periférico 1 195 1 1518,	
Edema 1 195 1 1517,	
vivo 2 195 2 2583,3378,	
garganta 1 195 1 1510,	
Sequedad 1 195 1 1506,	
anormales 1 195 1 1499,	
Pensamientos 1 195 1 1498,	
Depresión 1 195 1 1491,	
espalda 1 195 1 1487,	
9 8 195 8 1482,1500,1511,1519,1526,1743,2275,3529,	
abdominal 1 195 1 1478,	
Tos 1 195 1 1476,	
11 1 195 1 1470,	
Mialgia 1 195 1 1469,	
absoluta 1 195 1 2732,	
Amnesia 1 195 1 1468,	
5) 8 195 8 1467,1516,1524,1532,1541,1548,1568,1592,	
Dispepsia 1 195 1 1461,	
Nerviosismo 1 195 1 1460,	
4) 2 195 2 1459,1484,	
6) 2 195 2 1454,1551,	
9) 2 195 2 1451,1475,	
(2 5 195 5 1450,1458,1463,1471,1483,	
2074 1 195 1 2176,	
16 1 195 1 1449,	
7) 5 195 5 1445,1502,1513,1521,1528,	
14 1 195 1 1443,	
22 1 195 1 1440,	
Rinitis 1 195 1 1439,	
COMERCIALIZACION 2 195 2 3490,3510,	
(4 2 195 2 1434,1441,	
23 1 195 1 1433,	
Diplopía 1 195 1 1431,	
(7 1 195 1 1429,	
27 1 195 1 1428,	
33 1 195 1 1425,	
vómitos 3 195 3 1424,1677,2242,	
Nauseas 1 195 1 1422,	
2) 3 195 3 1421,1435,1464,	
8) 7 195 7 1418,1481,1490,1494,1497,1535,1607,	
(6 2 195 2 1417,1426,	
37 1 195 1 1416,	
Temblor 1 195 1 1415,	
(8 1 195 1 1413,	
44 1 195 1 1412,	
cabeza 2 195 2 1411,1853,	
(5 1 195 1 1406,	
penetra 1 195 1 2643,	
19 1 195 1 1405,	
Tras 1 195 1 2714,	
0) 4 195 4 1404,1407,1472,1575,	
(11 1 195 1 1403,	
Fatiga 2 195 2 1401,1758,	
Ataxia 1 195 1 1400,	
Vértigos 1 195 1 1399,	
Somnolencia 2 195 2 1398,1773,	
Placebob 1 195 1 1397,	
(AA) 1 195 1 1395,	
adverso 3 195 3 1393,1730,2215,	
Acontecimiento 1 195 1 1392,	
pacientes] 1 195 1 1391,	
(%) 2 195 2 1389,2919,	
[número 1 195 1 1388,	
> 1 195 1 1371,	
porcentaje 1 195 1 1370,	
Resumen 2 195 2 1361,2870,	
Sentidos 1 195 1 1965,	
moderados 1 195 1 1357,	
considerados 1 195 1 1351,	
placebo 5 195 5 1330,1338,1387,1670,1843,	
comparaban 1 195 1 1327,	
transcurso 1 195 1 1320,	
1% 3 195 3 1311,1372,1884,	
presentaron 4 195 4 1306,1662,1825,1879,	
observaron 1 195 1 1299,	
signos 3 195 3 1294,1364,3175,	
relaciona 1 195 1 1292,	
siguiente 1 195 1 1291,	
tabla 1 195 1 1290,	
Incidencia 2 195 2 1283,1682,	
media 2 195 2 1861,2768,	
adversos 10 195 10 1282,1349,1640,1685,1864,1988,2026,2067,2079,2170,	
caso 2 195 2 1277,2339,	
fármaco(s) 1 195 1 1274,	
eliminación 3 195 3 2756,2770,3097,	
frecuentemente 4 195 4 1262,1932,1971,2220,	
administró 2 195 2 1261,3190,	
Debido 1 195 1 1256,	
participaron 1 195 1 1251,	
543 1 195 1 1249,	
une 1 195 1 2507,	
éstos 1 195 1 1248,	
De 1 195 1 1247,	
tolerado 1 195 1 1246,	
evaluado 1 195 1 1229,	
Reacciones 1 195 1 1225,	
manejen 1 195 1 1221,	
(47) 1 195 1 2905,	
conduzcan 1 195 1 1219,	
potencialmente 1 195 1 1213,	
moderadas 1 195 1 1210,	
leves 2 195 2 1208,1355,	
parte 2 195 2 1207,2125,	
adversas 2 195 2 1204,1226,	
leve 1 195 1 2313,	
reacciones 1 195 1 1203,	
similares 2 195 2 3067,3312,	
Estas 1 195 1 1202,	
acontecimientos 11 195 11 1281,1348,1639,1684,1822,1863,1987,2025,2078,2169,2217,	
síntomas 4 195 4 1200,1296,1366,2264,	
u 1 195 1 1198,	
somnolencia 5 195 5 1196,1679,2231,2248,2310,	
producir 1 195 1 1195,	
central 1 195 1 1192,	
nervioso 4 195 4 1191,1772,1943,2059,	
sistema 1 195 1 1190,	
actúa 1 195 1 1187,	
Como 2 195 2 1182,2751,	
maquinaria 2 195 2 1181,1222,	
utilizar 1 195 1 1180,	
conducir 1 195 1 1178,	
capacidad 1 195 1 1176,	
Efectos 1 195 1 1173,	
bebé 1 195 1 1170,	
riesgos 1 195 1 1167,	
potenciales 1 195 1 1166,	
claramente 1 195 1 1164,	
superan 1 195 1 1163,	
madre 1 195 1 1162,	
precaución 1 195 1 1149,	
hámsters 1 195 1 3391,	
administrar 1 195 1 1147,	
lactantes 1 195 1 1141,	
posible 2 195 2 1137,1271,	
desconocer 1 195 1 1135,	
materna 1 195 1 1133,	
leche 1 195 1 1132,	
excreta 1 195 1 1129,	
feto 1 195 1 1126,	
riesgo 2 195 2 1122,3339,	
paciente 1 195 1 1119,	
beneficio 1 195 1 1116,	
potencial 3 195 3 1115,1123,3347,	
utilizará 2 195 2 1106,1153,	
fármaco 3 195 3 1103,2337,3251,	
humanos 3 195 3 1101,3268,3343,	
seres 2 195 2 1100,3342,	
afectan 1 195 1 2746,	
predictivos 1 195 1 1095,	
4-12 1 195 1 3055,	
animales 5 195 5 1094,2641,2684,3180,3302,	
embarazadas 1 195 1 1084,	
mujeres 1 195 1 1083,	
hematológico 1 195 1 1926,	
realizados 3 195 3 1081,1325,2047,	
adecuados 1 195 1 1077,	
existen 1 195 1 1075,	
Fiebre 2 195 2 1558,1746,	
obstante 4 195 4 1073,2368,2484,2958,	
controles 2 195 2 1071,3318,	
comparación 1 195 1 1068,	
malformaciones 1 195 1 1066,	
incidencia 2 195 2 1064,3227,	
revelaron 1 195 1 1060,	
Ae% 1 195 1 2918,	
humana 1 195 1 1058,	
25 1 195 1 1054,	
respectivamente 1 195 1 1048,	
conejo 1 195 1 1045,	
ratón 1 195 1 1042,	
reproducción 2 195 2 1040,1092,	
embarazo 2 195 2 1036,1109,	
Nistagmus 1 195 1 1408,	
seguridad 4 195 4 1033,1231,2836,3152,	
establecido 2 195 2 1031,2113,	
lactancia 3 195 3 1027,1144,1156,	
Embarazo 1 195 1 1025,	
añadió 2 195 2 1018,1335,	
SG® 1 195 1 1015,	
rata 2 195 2 1043,2462,	
N-Multistick 1 195 1 1014,	
Ames 1 195 1 1013,	
reactivas 1 195 1 1011,	
tiras 1 195 1 1010,	
test 1 195 1 1008,	
2000 4 195 4 1237,3203,3214,3257,	
observados 6 195 6 1005,1367,1643,1865,2027,2068,	
positivos 1 195 1 1004,	
falsos 1 195 1 1003,	
Esto 1 195 1 999,	
sulfosalicílico 1 195 1 998,	
13 1 195 1 1457,	
precipitación 1 195 1 995,	
específico 1 195 1 993,	
boca 1 195 1 1508,	
método 1 195 1 991,	
orina 1 195 1 989,	
generalmente 2 195 2 1352,2818,	
proteínas 2 195 2 987,2976,	
determinar 2 195 2 985,1272,	
clínica 1 195 1 981,	
relevancia 2 195 2 980,3323,	
cimetidina 1 195 1 974,	
aparecen 1 195 1 1687,	
administra 2 195 2 971,3271,	
ligera 1 195 1 961,	
lado 1 195 1 956,	
probenecid 1 195 1 953,	
altera 1 195 1 948,	
excreción 3 195 3 942,965,3019,	
deberá 1 195 1 1146,	
24% 1 195 1 928,	
antiácidos 2 195 2 920,940,	
componentes 1 195 1 914,	
influye 1 195 1 904,	
estradiol 1 195 1 902,	
etinil 1 195 1 901,	
noretindrona 1 195 1 899,	
Faringitis 1 195 1 1455,	
contengan 1 195 1 898,	
orales 1 195 1 896,	
anticonceptivos 1 195 1 895,	
coadministración 2 195 2 891,916,	
reciben 1 195 1 887,	
epilepsia 3 195 3 885,2193,2992,	
observada 1 195 1 881,	
sanos 2 195 2 878,3053,	
sujetos 2 195 2 877,1238,	
similar 3 195 3 875,2087,2612,	
farmacocinética 6 195 6 867,907,2748,2764,2786,3046,	
fenobarbital 1 195 1 865,	
reduce 4 195 4 921,2553,2585,3086,	
carbamazepina 2 195 2 863,2550,	
valproico 1 195 1 862,	
ácido 2 195 2 861,997,	
fenitoína 2 195 2 860,2548,	
observado 4 195 4 855,959,2288,2944,	
formas 1 195 1 849,	
medicamentos 2 195 2 846,3554,	
Interacción 1 195 1 842,	
5 12 195 12 841,1503,1791,1796,1809,2379,2700,2781,2895,2908,3147,3435,	
considera 1 195 1 832,	
general 4 195 4 829,1739,1912,3058,	
anticonvulsivante 2 195 2 816,2476,	
Por 1 195 1 954,	
sustitución 1 195 1 812,	
preciso 1 195 1 802,	
sea 1 195 1 801,	
Cuando 1 195 1 800,	
Labilidad 2 195 2 1618,1783,	
epilepticus 1 195 1 799,	
status 1 195 1 798,	
precipitar 1 195 1 796,	
epilépticos 2 195 2 794,1888,	
anticonvulsivantes 4 195 4 791,1022,1185,2633,	
fármacos 6 195 6 790,888,1267,2409,2513,3042,	
brusca 1 195 1 787,	
rebote 1 195 1 782,	
(1 32 195 32 1437,1453,1474,1480,1489,1493,1496,1501,1504,1512,1520,1527,1531,1540,1547,1550,1554,1560,1564,1571,1581,1588,1595,1599,1603,1610,1616,1621,2232,2249,2252,2256,	
posibles 1 195 1 779,	
evidencia 2 195 2 777,3023,	
existe 1 195 1 776,	
Aunque 3 195 3 774,2351,2811,	
conteniendo 4 195 4 3452,3458,3469,3475,	
especiales 3 195 3 771,1966,3424,	
precauciones 1 195 1 770,	
Advertencias 1 195 1 768,	
convulsiones 2 195 2 1855,2651,	
hipersensibilidad 1 195 1 758,	
demostrado 2 195 2 757,2676,	
contraindicada 1 195 1 752,	
Contraindicaciones 1 195 1 749,	
después 2 195 2 740,935,	
200 2 195 2 736,3200,	
posteriormente 1 195 1 731,	
seguida 2 195 2 730,1343,	
tratados 5 195 5 727,1376,1668,1715,2034,	
hayan 2 195 2 724,756,	
carga 1 195 1 710,	
Tabla 1 195 1 2861,	
alternos 1 195 1 701,	
Deben 1 195 1 695,	
dividida 1 195 1 688,	
< 1 195 1 679,	
29 1 195 1 678,	
15 2 195 2 676,680,	
49 2 195 2 675,2283,	
79 1 195 1 672,	
­ 3 195 3 671,674,677,	
maíz 1 195 1 3407,	
50 3 195 3 670,1051,2896,	
beneficios 1 195 1 1159,	
- 1 195 1 667,	
80 1 195 1 665,	
(ml/min) 1 195 1 664,	
57 1 195 1 2986,	
Aclaramiento 1 195 1 661,	
Sobredosis 1 195 1 2276,	
Función 1 195 1 659,	
(mg/día) 1 195 1 658,	
total 2 195 2 657,685,	
diaria 2 195 2 656,684,	
Rangoa 1 195 1 652,	
Dosificación 1 195 1 639,	
1) 14 195 14 636,1414,1427,1430,1438,1442,1582,1589,1596,1600,1604,1611,1617,1622,	
TABLA 5 195 5 635,637,1359,1680,2868,	
(Ver 1 195 1 634,	
superiores 3 195 3 2331,2574,3262,	
deterioro 2 195 2 629,647,	
diabéticos 1 195 1 2156,	
avanzada 1 195 1 627,	
edad 1 195 1 626,	
reducción 2 195 2 804,962,	
hemodiálisis 8 195 8 620,704,721,746,2356,2378,3120,3138,	
sometidos 3 195 3 618,719,3136,	
Confusión 1 195 1 1525,	
realizar 1 195 1 604,	
recomienda 5 195 5 603,706,930,983,3122,	
alterada 3 195 3 601,616,2015,	
lactosa 1 195 1 3403,	
renal 13 195 13 600,615,633,651,660,943,966,2014,2373,3020,3084,3106,3133,	
Pacientes 2 195 2 596,702,	
MINISTERIO 2 195 2 595,1358,	
semanas 1 195 1 594,	
8 14 195 14 593,1224,1530,1539,1546,1757,1767,1774,1798,1805,1811,2857,2884,3504,	
7 15 195 15 591,1172,1473,1495,1553,1559,1563,1570,1769,1777,1779,2783,2901,2987,3484,	
duración 1 195 1 588,	
estudios 14 195 14 584,1038,1076,1090,1333,1384,1699,1899,2082,2091,2202,2441,2827,2932,	
demostrada 1 195 1 581,	
cromosómicas 1 195 1 3368,	
sido 3 195 3 580,725,2636,	
ausencias 1 195 1 839,	
eficacia 2 195 2 576,2838,	
repartidos 1 195 1 567,	
máxima 3 195 3 563,589,3275,	
respuesta 3 195 3 559,1098,2556,	
Vasodilatación 1 195 1 1608,	
función 10 195 10 556,599,614,632,650,2013,2163,2488,3083,3132,	
FARMAGENUS 1 195 1 3462,	
necesarios 1 195 1 554,	
casos 3 195 3 553,1112,2141,	
titulándola 1 195 1 551,	
tomas 1 195 1 548,	
(repartida 1 195 1 545,	
posológicas 1 195 1 527,	
recomendaciones 1 195 1 526,	
respecto 1 195 1 523,	
suficiente 1 195 1 521,	
dispone 1 195 1 519,	
60 2 195 2 515,1402,	
han 7 195 7 511,1983,2102,2135,2448,2496,2930,	
canales 1 195 1 2538,	
número 1 195 1 507,	
pequeño 1 195 1 506,	
plazo 1 195 1 503,	
estudio 2 195 2 500,2227,	
farmacocinéticos 3 195 3 2867,2874,2933,	
toleradas 1 195 1 497,	
40-50 1 195 1 493,	
20 2 195 2 479,2823,	
10 8 195 8 474,1479,1488,1492,1742,1747,3260,3538,	
aumentos 1 195 1 1061,	
días 2 195 2 468,700,	
durante 7 195 7 466,1034,1107,1142,1154,1300,3216,	
titulación 1 195 1 465,	
realizarse 1 195 1 463,	
emocional 2 195 2 1619,1784,	
día) 3 195 3 461,550,574,	
electroshock 1 195 1 2653,	
(3 4 195 4 458,571,1420,1444,	
repartida 1 195 1 454,	
mg/kg/día 9 195 9 453,475,480,486,494,516,3204,3215,3258,	
30 7 195 7 452,485,673,1052,3453,3470,3550,	
interacción 2 195 2 851,856,	
3-12 2 195 2 444,1657,	
Niños 1 195 1 442,	
mg/día 4 195 4 441,544,566,3279,	
diagnosticados 1 195 1 437,	
usual 1 195 1 430,	
horas 7 195 7 426,744,934,2729,2784,2858,2885,	
superar 1 195 1 423,	
pauta 1 195 1 415,	
creatinina 2 195 2 663,3113,	
máximo 2 195 2 408,2654,	
intervalo 1 195 1 407,	
El 2 195 2 406,2075,	
Ambliopíac 1 195 1 1432,	
ves 1 195 1 403,	
2400 1 195 1 386,	
1800 1 195 1 376,	
ESQUEMA 1 195 1 359,	
mantenimiento 2 195 2 357,641,	
retirada 2 195 2 786,808,	
Dosis 2 195 2 355,490,	
equitativas 1 195 1 354,	
dividido 1 195 1 350,	
comunicados 3 195 3 1989,2000,2041,	
incrementarse 1 195 1 344,	
1200 2 195 2 333,368,	
DÍA 3 195 3 319,321,323,	
DOSIS 2 195 2 318,358,	
Titulación 1 195 1 316,	
aproximaciones 1 195 1 315,	
siguientes 1 195 1 314,	
utilizando 2 195 2 310,3357,	
Gabapentinab 1 195 1 1396,	
Día 4 195 4 307,477,482,488,	
administrando 2 195 2 298,473,	
alcanzarse 1 195 1 297,	
asoció 1 195 1 1279,	
inicial 4 195 4 288,317,429,540,	
náuseas 2 195 2 1675,2240,	
La 23 195 23 286,341,427,446,538,575,682,866,890,915,941,1289,2005,2298,2324,2551,2595,2622,2704,2730,2766,2785,3092,	
día 11 195 11 285,294,304,349,367,375,385,395,405,420,693,	
veces 12 195 12 283,302,365,373,383,393,418,459,572,691,1055,3261,	
b 2 195 2 694,1628,	
tres 11 195 11 282,301,352,364,372,382,392,402,417,547,690,	
Se 11 195 11 602,705,929,982,1227,2101,3043,3121,3189,3219,3320,	
3600 6 195 6 280,346,396,565,668,3278,	
900 7 195 7 278,291,325,360,440,543,666,	
eficaz 4 195 4 275,448,472,833,	
dosis 38 195 38 274,287,342,353,412,428,447,457,471,513,539,562,570,609,655,683,708,734,807,1047,1057,2006,2330,2713,2777,2809,2848,2850,2935,2956,2969,3127,3158,3169,3198,3209,3243,3273,	
rango 1 195 1 272,	
Adultos 1 195 1 266,	
semana 2 195 2 264,826,	
Disartria 1 195 1 1456,	
mínimo 2 195 2 261,823,	
gradualmente 2 195 2 257,819,	
hacerse 2 195 2 256,818,	
alternativa 1 195 1 253,	
antiepiléptica 3 195 3 252,1342,1632,	
apetito 1 195 1 1579,	
medicación 2 195 2 251,815,	
TITULAR 1 195 1 3485,	
tuvieron 1 195 1 2262,	
añadir 1 195 1 247,	
y/o 6 195 6 246,900,1423,1676,1765,2241,	
interrumpirse 1 195 1 241,	
Al 3 195 3 240,1085,1134,	
optimizar 1 195 1 237,	
plasmáticas 9 195 9 233,2720,2799,2814,2841,2977,3010,3061,3248,	
concentraciones 13 195 13 232,2503,2573,2719,2798,2813,2830,2840,2994,3009,3060,3247,3265,	
predecibles 1 195 1 2804,	
monitorizar 1 195 1 230,	
necesario 2 195 2 229,2366,	
No 13 195 13 227,517,852,1028,1072,2367,2483,2922,2926,3021,3153,3349,3427,	
modifican 1 195 1 224,	
Período 1 195 1 3416,	
alimentos 2 195 2 222,2744,	
Aparato 2 195 2 1920,1956,	
oral 4 195 4 220,2057,2717,3159,	
vía 1 195 1 219,	
administran 1 195 1 217,	
comprimidos 1 195 1 213,	
Los 12 195 12 212,221,1037,1347,1638,1986,2024,2216,2440,2743,3174,3280,	
efecto 1 195 1 1138,	
x 3 195 3 379,389,399,	
administración 7 195 7 211,938,951,2596,2716,2794,2882,	
forma 4 195 4 209,2021,2611,3144,	
Posología 3 195 3 207,2019,3142,	
neuropático 3 195 3 204,2689,2699,	
dolor 4 195 4 203,1851,2688,2698,	
tratamiento 11 195 11 201,243,249,810,836,1302,1690,1815,2119,2167,2322,	
indicada 2 195 2 198,2376,	
está 3 195 3 197,751,2390,	
Neuropático 2 195 2 195,537,	
púrpura 1 195 1 1929,	
administrado 1 195 1 512,	
Dolor 5 195 5 194,536,1409,1477,1485,	
controlados 8 195 8 193,1080,1255,1288,1324,1385,1700,2083,	
clínicos 13 195 13 192,270,585,1254,1287,1870,1900,2031,2046,2072,2203,2694,2828,	
ensayos 12 195 12 191,269,1253,1286,1323,1869,2030,2045,2071,2210,2693,3353,	
adecuada 1 195 1 187,	
peligrosas 1 195 1 1214,	
disponga 1 195 1 184,	
ajuste 2 195 2 606,3124,	
combinado 1 195 1 176,	
Aumento 3 195 3 1446,1577,1751,	
administrarse 3 195 3 175,687,696,	
debe 7 195 7 174,255,422,686,817,1001,2007,	
menores 2 195 2 169,532,	
En 9 195 9 167,267,504,1331,2639,2859,2989,3057,3073,	
pico 2 195 2 2721,3249,	
simples 1 195 1 166,	
cuadros 1 195 1 165,	
excluyendo 1 195 1 163,	
secundaria 1 195 1 162,	
generalización 1 195 1 161,	
complejas 1 195 1 158,	
peso 2 195 2 1448,1753,	
antiepilépticos 7 195 7 154,179,889,1268,1653,1705,1820,	
muertes 1 195 1 2104,	
combinación 5 195 5 151,1264,1650,1702,2097,	
partir 2 195 2 146,189,	
3) 6 195 6 1505,1544,1555,1561,1565,1572,	
utilizarse 1 195 1 142,	
Puede 2 195 2 141,462,	
diagnóstico 1 195 1 140,	
(0 12 195 12 1466,1515,1523,1534,1543,1567,1574,1591,1606,2235,2238,2243,	
nuevo 2 195 2 139,2451,	
pacientes 27 195 27 135,435,611,624,718,754,793,883,1217,1240,1250,1314,1346,1375,1667,1714,1887,1978,1992,2010,2155,2317,2370,2696,2990,3074,3129,	
doble 1 195 1 2306,	
incluyendo 5 195 5 133,2417,2463,2521,2659,	
años 12 195 12 132,149,172,445,535,1658,1697,1982,2191,3056,3218,3420,	
12 8 195 8 131,171,425,534,1419,1462,1696,2190,	
mayores 2 195 2 129,1979,	
niños 13 195 13 128,144,168,509,531,1655,1692,1832,2033,2186,2247,3051,3065,	
adultos 6 195 6 126,645,2049,2177,2229,3072,	
PRIMERA 1 195 1 3533,	
generalizadas 1 195 1 124,	
secundariamente 1 195 1 123,	
ajustarse 1 195 1 2008,	
parciales 4 195 4 119,122,157,1317,	
crisis 7 195 7 118,121,137,156,780,1316,2672,	
excitación 1 195 1 3188,	
combinada 3 195 3 116,1381,2052,	
justifique 1 195 1 1120,	
biodisponibilidad 3 195 3 923,2705,2731,	
recién 1 195 1 436,	
terapia 7 195 7 115,239,1341,1380,1630,1893,2051,	
equilibrio 5 195 5 873,911,2802,2879,3013,	
o 21 195 21 114,120,159,309,617,761,811,864,1209,1220,1337,1509,1838,1948,2195,2515,2531,2837,3135,3187,3361,	
monoterapia 4 195 4 113,529,2074,2085,	
indicado 1 195 1 111,	
antiepiléptico 1 195 1 110,	
Epilepsia 2 195 2 106,265,	
terapéuticas 3 195 3 105,2504,3266,	
Indicaciones 1 195 1 104,	
	4 1 195 1 102,	
vértigo 2 195 2 1197,1944,	
CLÍNICOS 1 195 1 101,	
DATOS 2 195 2 100,3393,	
4 25 195 25 99,205,743,747,766,767,840,1023,1171,1223,1436,1755,1760,1768,1775,1776,1785,1803,2017,2274,2862,2869,2892,3140,3422,	
naranja 1 195 1 98,	
amarillo 1 195 1 86,	
color 2 195 2 85,97,	
gelatina 2 195 2 83,95,	
(0-) 1 195 1 2915,	
Pharmagenus 3 195 3 76,88,3492,	
Gabapentina 15 195 15 75,87,827,1127,1150,2389,2501,2533,2584,2970,3014,3029,3114,3344,3363,	
duras 3 195 3 74,81,93,	
Cápsulas 3 195 3 73,80,92,	
FARMACÉUTICA 1 195 1 71,	
FORMA 1 195 1 70,	
3 20 195 20 69,148,324,398,467,489,748,1533,1605,1681,1694,1744,1749,1754,1759,1782,1802,2188,3148,3415,	
6 24 195 24 67,1024,1452,1549,1580,1587,1594,1598,1602,1609,1615,1620,1762,1780,1788,1793,2911,3392,3410,3414,3421,3434,3478,3479,	
excipientes 3 195 3 65,765,3399,	
Lista 1 195 1 63,	
gabapentina 62 195 62 51,62,235,245,432,450,578,643,729,760,784,858,869,893,918,925,932,945,968,1019,1186,1233,1259,1328,1336,1378,1648,1717,1891,1985,2036,2121,2133,2199,2280,2328,2352,2446,2478,2495,2552,2598,2629,2642,2681,2707,2723,2737,2750,2758,2772,2788,2816,2843,2940,2996,3048,3063,3091,3099,3162,3191,	
contiene 3 195 3 47,58,3402,	
cápsula 3 195 3 46,57,3401,	
CUANTITATIVA 1 195 1 39,	
Y 1 195 1 38,	
CUALITATIVA 1 195 1 37,	
COMPOSICION 1 195 1 36,	
2 25 195 25 35,206,322,378,388,483,1360,1465,1514,1522,1566,1590,1781,1786,1790,1795,1808,2018,2701,2820,2900,2903,2909,3141,3411,	
EFG 2 195 2 28,34,	
300 16 195 16 25,43,48,77,299,327,329,331,362,380,697,712,738,2852,3446,3513,	
	 5 195 5 22,40,72,3491,3544,	
MEDICAMENTO 2 195 2 21,2384,	
DEL 2 195 2 20,3542,	
DENOMINACIÓN 1 195 1 19,	
1 18 195 18 18,68,103,308,320,478,638,1542,1745,1748,1750,1761,1787,1792,2386,2904,2912,3396,	
absorción 3 195 3 226,2326,2335,	
TÉCNICA 1 195 1 17,	
FICHA 1 195 1 16,	
ocasiones 1 195 1 2140,	
información 3 195 3 13,186,522,	
Toda 1 195 1 11,	
cardiovascular 1 195 1 1918,	
medicamento 2 195 2 10,15,	
Basica 1 195 1 8,	
ptosis 1 195 1 3185,	
	Información 1 195 1 7,	
capsulas 2 195 2 6,3551,	
90 3 195 3 5,3459,3476,	
cápsulas 15 195 15 4,27,33,79,91,2735,3448,3454,3460,3465,3471,3477,3515,3524,3549,	
mg 42 195 42 3,26,32,44,49,55,60,78,90,281,292,300,326,328,330,332,334,336,338,340,347,361,363,369,371,377,381,387,391,397,401,669,698,715,739,2855,2938,3447,3464,3514,3523,3548,	
400 16 195 16 2,31,54,59,89,335,337,339,370,390,400,714,2854,3463,3522,3547,	
PHARMAGENUS 9 195 9 1,24,30,42,53,3445,3512,3521,3546,	
migraña 1 195 1 2196,	
relacionados 2 195 2 1201,2472,	
GABAPENTINA 14 195 14 0,23,29,41,52,107,173,196,215,750,3444,3461,3520,3545,	
