	Prospectos 1 346 1 9742,	
1/10); 1 346 1 7828,	
----------------------------------------- 1 346 1 6230,	
Amarillo 1 346 1 5512,	
TEXTO 1 346 1 5467,	
REVISIÓN 1 346 1 5465,	
2005 1 346 1 5460,	
revalidación 1 346 1 5455,	
septiembre 1 346 1 5448,	
autorización 1 346 1 5445,	
AUTORIZACIÓN/RENOVACIÓN 1 346 1 5437,	
FECHA 2 346 2 5433,5462,	
EU/1/00/146/029 1 346 1 5431,	
EU/1/00/146/005 1 346 1 5430,	
EU/1/00/146/004 1 346 1 5429,	
EU/1/00/146/003 1 346 1 5428,	
EU/1/00/146/002 1 346 1 5427,	
EU/1/00/146/001 1 346 1 5426,	
NÚMERO(S) 1 346 1 5421,	
Bélgica 1 346 1 5419,	
Bruxelles 1 346 1 5418,	
B-1070 1 346 1 5417,	
Recherche 1 346 1 5415,	
Allée 1 346 1 5412,	
SA 1 346 1 5411,	
Pharma 1 346 1 5410,	
COMERCIALIZACIÓN 2 346 2 5408,5425,	
AUTORIZACIÓN 3 346 3 5406,5423,5440,	
LA 4 346 4 5405,5435,5439,5464,	
especial 1 346 1 5401,	
manipulaciones 1 346 1 5399,	
comercializados 1 346 1 5386,	
estén 1 346 1 5385,	
Puede 1 346 1 5382,	
presenta 1 346 1 5367,	
Aluminio/PVC 1 346 1 5364,	
blisters 1 346 1 5362,	
acondiciona 1 346 1 5360,	
Naturaleza 1 346 1 5351,	
requiere 1 346 1 5344,	
conservación 2 346 2 5342,5348,	
Precauciones 2 346 2 5339,5393,	
validez 1 346 1 5334,	
procede 1 346 1 5329,	
(E132) 1 346 1 5324,	
índigo 1 346 1 5323,	
carmín 1 346 1 5321,	
aluminio 1 346 1 5319,	
laca 1 346 1 5318,	
talco 1 346 1 5317,	
3350 1 346 1 5316,	
(E171) 1 346 1 5314,	
titanio 1 346 1 5313,	
dióxido 1 346 1 5311,	
hidrolizado 1 346 1 5310,	
polivinílico 1 346 1 5308,	
85F20694 1 346 1 5306,	
Opadry 1 346 1 5305,	
pelicular 1 346 1 5304,	
Cubierta 1 346 1 5303,	
estearato 1 346 1 5300,	
coloidal 1 346 1 5298,	
sílice 1 346 1 5297,	
6000 1 346 1 5296,	
croscarmelosa 1 346 1 5292,	
Núcleo 1 346 1 5291,	
Lista 1 346 1 5288,	
	6 1 346 1 5286,	
FARMACÉUTICOS 1 346 1 5285,	
1800 1 346 1 5271,	
maduración 1 346 1 5267,	
estándar 1 346 1 5263,	
demostraron 1 346 1 5252,	
jóvenes 1 346 1 5251,	
neonatos 1 346 1 5249,	
ratas 1 346 1 5246,	
sistémica 1 346 1 5222,	
maternal 1 346 1 5217,	
malformaciones) 1 346 1 5213,	
anomalías 1 346 1 5208,	
embriónica 1 346 1 5205,	
fetales 1 346 1 5203,	
presentaron 2 346 2 5201,5231,	
conejo 2 346 2 5199,5225,	
crías) 1 346 1 5183,	
incrementada 1 346 1 5180,	
mortalidad 1 346 1 5179,	
retraso 1 346 1 5176,	
esqueléticas 2 346 2 5175,5209,	
modificaciones/anomalías 1 346 1 5173,	
desarrollo 3 346 3 5170,5178,5265,	
reproductora 1 346 1 5162,	
grasa 1 346 1 5148,	
hepáticas 2 346 2 5133,5154,	
modificaciones 1 346 1 5132,	
clínico 1 346 1 5130,	
repercusión 1 346 1 5126,	
similares 2 346 2 5116,5188,	
exposición 6 346 6 5115,5121,5187,5195,5221,5242,	
rata 2 346 2 5104,5165,	
2000 1 346 1 5450,	
observados 1 346 1 5095,	
carcinogénico 1 346 1 5090,	
potencial 1 346 1 5089,	
genotoxicidad 1 346 1 5087,	
farmacología 1 346 1 5084,	
convencionales 1 346 1 5082,	
según 1 346 1 5079,	
riesgos 1 346 1 5073,	
preclínicos 1 346 1 5061,	
Datos 1 346 1 5060,	
consecuencia 1 346 1 5047,	
51 1 346 1 5005,	
sesión 1 346 1 4995,	
fracción 1 346 1 4989,	
intradiálisis 1 346 1 4986,	
períodos 1 346 1 4983,	
anúrica 1 346 1 4968,	
Así 1 346 1 4932,	
correlacionado 1 346 1 4918,	
Insuficiencia 2 346 2 4911,5007,	
ml/min/kg) 2 346 2 4904,4910,	
rápido 1 346 1 4901,	
(7 1 346 1 4892,	
(5 1 346 1 4886,	
farmacocinéticos 1 346 1 4878,	
hora 1 346 1 4872,	
mes 2 346 2 4832,4854,	
curva 1 346 1 4809,	
proporcionales 1 346 1 4794,	
lineales 1 346 1 4792,	
incrementos 1 346 1 4791,	
absorbió 1 346 1 4769,	
Tras 2 346 2 4747,4836,	
alto 1 346 1 4741,	
ajustado 1 346 1 4731,	
aparente 4 346 4 4730,4823,4898,4916,	
mg/kg) 2 346 2 4708,4843,	
única 1 346 1 4706,	
""500"" 1 346 1 5521,	
disminución 1 346 1 4680,	
Esto 1 346 1 4675,	
(10 1 346 1 4671,	
40% 1 346 1 4670,	
alrededor 2 346 2 4667,4735,	
incrementa 1 346 1 4666,	
vejez 1 346 1 4661,	
Ancianos 1 346 1 4658,	
correlacionada 1 346 1 4652,	
reabsorción 1 346 1 4627,	
subsiguiente 1 346 1 4626,	
filtración 2 346 2 4623,4645,	
acumulada 1 346 1 4571,	
representaba 1 346 1 4559,	
fecal 1 346 1 4558,	
48 2 346 2 4552,4582,	
primeras 2 346 2 4551,4581,	
excretaba 1 346 1 4547,	
93 1 346 1 4541,	
95 1 346 1 4534,	
alcanzando 1 346 1 4530,	
urinaria 2 346 2 4529,4570,	
excreción 3 346 3 4525,4555,4569,	
mayoritaria 1 346 1 4523,	
tamaños 1 346 1 5388,	
ruta 1 346 1 4522,	
ml/min/kg 3 346 3 4520,4613,4828,	
96 2 346 2 4519,4909,	
medio 1 346 1 4515,	
varió 1 346 1 4497,	
plasmática 2 346 2 4488,4775,	
vida 6 346 6 4486,4663,4718,4811,4882,4970,	
	UCB 1 346 1 5409,	
Eliminación 1 346 1 4483,	
viceversa 1 346 1 4482,	
sustancias 1 346 1 4480,	
CYP3A4 1 346 1 4440,	
CYP2B6 1 346 1 4437,	
UGT1A1 1 346 1 4430,	
SULT1E1 1 346 1 4428,	
CYP1A2 1 346 1 4427,	
picos 2 346 2 4800,4864,	
hepatocitos 1 346 1 4417,	
cultivos 1 346 1 4415,	
hidroxilasa 1 346 1 4402,	
epóxido 1 346 1 4401,	
UGT1A6) 1 346 1 4395,	
(UGT1A1 1 346 1 4393,	
transferasa 1 346 1 4392,	
glucuronil 1 346 1 4391,	
2E1 1 346 1 4387,	
2D6 1 346 1 4386,	
2C19 1 346 1 4385,	
2C9 1 346 1 4384,	
(CYP3A4 1 346 1 4382,	
humano 1 346 1 4381,	
principales 1 346 1 4376,	
interconversión 1 346 1 4349,	
evidenció 1 346 1 4348,	
representaban 1 346 1 4337,	
compuestos 1 346 1 4334,	
correspondientes 1 346 1 5273,	
Otros 1 346 1 4333,	
apertura 1 346 1 4321,	
anillo 2 346 2 4306,4323,	
formado 1 346 1 4301,	
Uno 2 346 2 4299,9740,	
minoritarios 2 346 2 4298,9739,	
metabolitos 2 346 2 4297,9738,	
identificaron 2 346 2 4294,9735,	
farmacológicamente 2 346 2 4291,9732,	
células 2 346 2 4284,9725,	
tejidos 2 346 2 4281,9722,	
gran 2 346 2 4278,9719,	
mesurable 2 346 2 4275,9716,	
P450 3 346 3 4267,4379,9708,	
citocromo 3 346 3 4266,4378,9707,	
L057 5 346 5 4258,4289,4604,9699,9730,	
ucb 5 346 5 4257,4288,4603,9698,9729,	
formación 2 346 2 4253,9694,	
enzimática 3 346 3 4248,4465,9689,	
principal 3 346 3 4239,4371,9680,	
metabólica 2 346 2 4238,9679,	
extensamente 2 346 2 4233,9674,	
metaboliza 2 346 2 4232,9673,	
agua 2 346 2 4226,9667,	
total 3 346 3 4224,4514,9665,	
cercano 2 346 2 4221,9662,	
l/kg 2 346 2 4219,9660,	
aproximadamente 5 346 5 4212,4816,4870,4973,9653,	
volumen 4 346 4 4206,4223,9647,9664,	
%) 2 346 2 4204,9645,	
isoformas 3 346 3 4264,4375,9705,	
plasmáticas 4 346 4 4201,4803,4867,9642,	
magnesio 1 346 1 5302,	
proteínas 2 346 2 4200,9641,	
unen 2 346 2 4194,9635,	
Ni 2 346 2 4187,9628,	
tisular 2 346 2 4184,9625,	
distribución 4 346 4 4183,4208,9624,9649,	
Distribución 2 346 2 4176,9617,	
alterado 2 346 2 4172,9613,	
dosis-independiente 2 346 2 4168,9609,	
g/ml 2 346 2 4161,9602,	
acetamida 4 346 4 4251,4273,9692,9714,	
simple 2 346 2 4138,9579,	
valores 2 346 2 4128,9569,	
pauta 2 346 2 4119,9560,	
estables 2 346 2 4110,9551,	
alcanza 2 346 2 4098,9539,	
(Cmax) 4 346 4 4096,4133,9537,9574,	
plasmático 4 346 4 4095,4132,9536,9573,	
pico 5 346 5 4092,4131,4772,9533,9572,	
absorbe 2 346 2 4075,9516,	
Absorción 2 346 2 4072,9513,	
indicaron 1 346 1 4879,	
horas 11 346 11 4064,4103,4494,4583,4726,4784,4819,4980,5001,9505,9544,	
formulación 4 346 4 4052,4058,9493,9499,	
saliva/plasma 2 346 2 4043,9484,	
(tasa 2 346 2 4040,9481,	
plasma 3 346 3 4039,5156,9480,	
saliva 2 346 2 4036,9477,	
significativa 5 346 5 4031,4197,4466,9472,9638,	
correlación 2 346 2 4030,9471,	
expresados 2 346 2 3999,9440,	
patología 1 346 1 4965,	
plasmáticos 6 346 6 3998,4019,4109,9439,9460,9550,	
comparable 2 346 2 3983,9424,	
sanos 2 346 2 3976,9417,	
voluntarios 2 346 2 3975,9416,	
circadiana 2 346 2 3970,9411,	
raza 2 346 2 3968,9409,	
última 1 346 1 5454,	
género 2 346 2 3967,9408,	
relevante 3 346 3 3965,5020,9406,	
repetida 5 346 5 3959,4147,4510,9400,9588,	
inter-individual 2 346 2 3949,9390,	
intra- 2 346 2 3947,9388,	
variabilidad 4 346 4 3946,3964,9387,9405,	
lineal 4 346 4 3942,3992,9383,9433,	
farmacocinético 4 346 4 3940,3973,9381,9414,	
soluble 2 346 2 3935,9376,	
macrogol 2 346 2 5295,5315,	
compuesto 2 346 2 3933,9374,	
47 2 346 2 3897,9338,	
generalizas 2 346 2 3885,9326,	
despertar) 2 346 2 3824,9265,	
Mal 2 346 2 3822,9263,	
Gran 2 346 2 3821,9262,	
infantil 2 346 2 3815,9256,	
ausencia 4 346 4 3812,3814,9253,9255,	
(epilepsia 2 346 2 3809,9250,	
24 3 346 3 3779,4591,9220,	
21 2 346 2 3733,9174,	
28 2 346 2 3716,9157,	
23 2 346 2 3685,9126,	
08 1 346 1 5456,	
repartida 2 346 2 3670,9111,	
juvenil 6 346 6 3657,3811,3813,9098,9252,9254,	
mayoría 3 346 3 3650,5027,9091,	
diferentes 4 346 4 3647,3807,9088,9248,	
sufrían 2 346 2 3639,9080,	
(36 2 346 2 3585,9026,	
respondido 2 346 2 3578,9019,	
limitado 4 346 4 3573,3794,9014,9235,	
número 6 346 6 3572,3793,4279,9013,9234,9720,	
antiepiléptica 2 346 2 3568,9009,	
retirar 2 346 2 3565,9006,	
pudo 2 346 2 3564,9005,	
refleja 2 346 2 3559,9000,	
respectivamente) 2 346 2 3554,8995,	
5% 4 346 4 3542,3915,8983,9356,	
58 4 346 4 3541,3675,8982,9116,	
(56 2 346 2 3538,8979,	
permanecieron 2 346 2 3531,8972,	
mitad 2 346 2 3527,8968,	
Más 2 346 2 3524,8965,	
-7 2 346 2 3520,8961,	
hidrólisis 4 346 4 4247,4270,9688,9711,	
(95% 2 346 2 3518,8959,	
absoluta 4 346 4 3509,4085,8950,9526,	
periodo 2 346 2 3500,8941,	
alcanzaron 2 346 2 3498,8939,	
121 2 346 2 3469,8910,	
­ 3 346 3 3457,8888,8898,	
66 1 346 1 4587,	
400 2 346 2 3446,8887,	
aleatorizados 2 346 2 3439,8880,	
únicamente 2 346 2 3432,8873,	
provocadas 2 346 2 3430,8871,	
presentar 2 346 2 3426,8866,	
repetidas 1 346 1 4753,	
tenían 2 346 2 3424,8864,	
reciente 2 346 2 3420,8860,	
576 2 346 2 3407,8847,	
controlada 8 346 8 3405,3444,3497,3553,8845,8885,8938,8994,	
inferioridad 2 346 2 3399,8839,	
paralelos 2 346 2 3396,8836,	
grupos 2 346 2 3395,8835,	
doble-ciego 6 346 6 3393,3621,3777,8833,9062,9218,	
año 6 346 6 3355,3744,3925,8795,9185,9366,	
meses 10 346 10 3342,3503,3537,3730,3911,8782,8944,8978,9171,9352,	
libres 16 346 16 3335,3348,3504,3532,3722,3736,3903,3917,8775,8788,8945,8973,9163,9177,9344,9358,	
continuado 6 346 6 3324,3711,3892,8764,9152,9333,	
TITULAR 1 346 1 5403,	
tuvieron 6 346 6 3300,3693,3871,8740,9134,9312,	
19 3 346 3 3292,8223,8732,	
44 2 346 2 3282,8722,	
hipertrofia 1 346 1 5144,	
(administrada 2 346 2 3276,8716,	
fija 2 346 2 3272,8712,	
recibieron 2 346 2 3267,8707,	
Periodo 1 346 1 5332,	
14 3 346 3 3260,5850,8700,	
198 2 346 2 3251,8691,	
infiltración 1 346 1 5146,	
incluyeron 4 346 4 3250,3788,8690,9229,	
monitorizar 2 346 2 4016,9457,	
controlado 6 346 6 3243,3622,3781,8683,9063,9222,	
espera 1 346 1 4460,	
doble- 2 346 2 3241,8681,	
demostró 8 346 8 3237,3389,3617,3773,8677,8829,9058,9214,	
41 2 346 2 3195,8635,	
31 6 346 6 3192,3914,4158,8632,9355,9599,	
7% 2 346 2 3191,8631,	
(20 2 346 2 4707,4842,	
27 2 346 2 3190,8630,	
(12/14 2 346 2 3186,8626,	
estable 2 346 2 3185,8625,	
semana 8 346 8 3182,3320,3707,3888,8622,8760,9148,9329,	
50% 8 346 8 3169,3307,3700,3878,8609,8747,9141,9319,	
envase 1 346 1 5355,	
porcentaje 2 346 2 3158,8598,	
agrupado 2 346 2 3156,8596,	
glucuronidación 1 346 1 4408,	
duración 8 346 8 3146,3256,3463,3629,8586,8696,8904,9070,	
separadas 4 346 4 3143,3851,8583,9292,	
administrados 4 346 4 3139,3847,8579,9288,	
mg/día 10 346 10 3138,3450,3460,3669,3836,8578,8891,8901,9110,9277,	
ó 4 346 4 3135,3207,8575,8647,	
controlados 2 346 2 3123,8563,	
ciego 4 346 4 3122,3242,8562,8682,	
sido 2 346 2 3116,8556,	
farmacológico 2 346 2 3078,8518,	
espectro 2 346 2 3075,8515,	
confirmado 2 346 2 3072,8512,	
fotoparoxismal) 2 346 2 3070,8510,	
epileptiforme/respuesta 2 346 2 3069,8509,	
(descarga 2 346 2 3068,8508,	
condiciones 3 346 3 3062,5345,8502,	
actividad 3 346 3 3059,4398,8499,	
inactivo 4 346 4 3054,4292,8494,9733,	
pro-convulsivo 2 346 2 3049,8489,	
rango 2 346 2 3036,8476,	
induce 2 346 2 3027,8467,	
farmacodinámicos 2 346 2 3025,8465,	
antiepiléptico 2 346 2 3023,8463,	
contribuir 2 346 2 3014,8454,	
ratón 3 346 3 2996,5111,8436,	
exista 1 346 1 4462,	
audiogénico 2 346 2 2992,8432,	
epilépticos 6 346 6 2988,4711,4746,4761,4851,8428,	
protección 4 346 4 2984,3029,8424,8469,	
potencia 2 346 2 2981,8421,	
correlaciona 2 346 2 2978,8418,	
amplio 4 346 4 3035,3074,8475,8514,	
afinidad 2 346 2 2964,8404,	
orden 2 346 2 2962,8402,	
análogos 2 346 2 2958,8398,	
fusión 2 346 2 2946,8386,	
involucrado 2 346 2 2943,8383,	
sinápticas 6 346 6 2938,2975,3012,8378,8415,8452,	
7±1 1 346 1 4493,	
vesículas 8 346 8 2937,2948,2974,3011,8377,8388,8414,8451,	
proteína 6 346 6 2933,2970,3007,8373,8410,8447,	
unión 4 346 4 2929,2967,8369,8407,	
roedor 2 346 2 2925,8365,	
cerebral 2 346 2 2923,8363,	
punto 4 346 4 2918,2927,8358,8367,	
vistos 1 346 1 5101,	
parte 2 346 2 2907,8347,	
ß-carbolinas 2 346 2 2904,8344,	
hidroxilación 1 346 1 4304,	
zinc 2 346 2 2902,8342,	
inducidas 2 346 2 2900,8340,	
glicina 2 346 2 2899,8339,	
GABA 2 346 2 2897,8337,	
dependientes 2 346 2 2895,8335,	
parcialmente 3 346 3 2890,5309,8330,	
Además 3 346 3 2888,4403,8328,	
2A 6 346 6 2934,2971,3008,8374,8411,8448,	
intraneuronal 2 346 2 2887,8327,	
reserva 2 346 2 2886,8326,	
reduciendo 2 346 2 2879,8319,	
N 2 346 2 2877,8317,	
tipo 2 346 2 2876,8316,	
corrientes 4 346 4 2873,2894,8313,8334,	
soportada 2 346 2 4261,9702,	
mediante 2 346 2 2868,8308,	
hallazgo 2 346 2 2998,8438,	
Ca2+ 6 346 6 2867,2875,2883,8307,8315,8323,	
intraneuronales 2 346 2 2865,8305,	
afecta 3 346 3 2862,4406,8302,	
muestran 5 346 5 2859,2911,5072,8299,8351,	
Estudios 3 346 3 2856,5244,8296,	
célula 2 346 2 2855,8295,	
básicas 2 346 2 2852,8292,	
características 2 346 2 2851,8291,	
normal 3 346 3 2848,4998,8288,	
neurotransmisión 2 346 2 2847,8287,	
altera 2 346 2 2845,8285,	
vitro 9 346 9 2840,2858,2910,4363,4410,4446,8280,8298,8350,	
vivo 5 346 5 2837,4352,4449,4468,8277,	
in 14 346 14 2836,2839,2857,2909,4351,4362,4409,4445,4448,4467,8276,8279,8297,8349,	
actuales 2 346 2 2833,8273,	
mecanismos 2 346 2 2827,8267,	
rápidamente 4 346 4 4076,4770,4860,9517,	
diferente 2 346 2 2824,8264,	
parece 6 346 6 2822,2941,3013,8262,8381,8453,	
dilucidar 2 346 2 2820,8260,	
todavía 2 346 2 2818,8258,	
interdiálisis 1 346 1 4984,	
mecanismo 4 346 4 2812,3017,8252,8457,	
acción 8 346 8 2810,2814,2829,3019,8250,8254,8269,8459,	
existentes 2 346 2 2807,8247,	
activos 2 346 2 2805,8245,	
principios 2 346 2 2804,8244,	
acetamida) 2 346 2 2798,8238,	
pirrolidina 2 346 2 2797,8237,	
-etil-2-oxo-1- 2 346 2 2796,8236,	
(S-enantiómero 2 346 2 2794,8234,	
derivado 2 346 2 2790,8230,	
activo 2 346 2 2786,8226,	
principio 2 346 2 2785,8225,	
N03AX14 2 346 2 2783,8222,	
ATC 2 346 2 2782,8221,	
primaria 2 346 2 3046,8486,	
farmacoterapéutico 2 346 2 2779,8218,	
farmacodinámicas 2 346 2 2777,8216,	
Propiedades 4 346 4 2776,3928,8215,9369,	
	5 2 346 2 2774,8213,	
ESTE 2 346 2 2772,8211,	
FARMACOLÓGICAS 2 346 2 2770,8209,	
PROPIEDADES 2 346 2 2769,8208,	
74 2 346 2 2761,8200,	
incluir 2 346 2 2743,8182,	
sintomático 2 346 2 2740,8179,	
será 2 346 2 2739,8178,	
específico 6 346 6 2731,2919,2930,8170,8359,8370,	
antídoto 2 346 2 2730,8169,	
emesis 2 346 2 2726,8165,	
inducción 4 346 4 2723,4435,4464,8162,	
gástrico 2 346 2 2720,8159,	
estómago 2 346 2 2717,8156,	
contenido 3 346 3 2715,5353,8154,	
vaciarse 2 346 2 2713,8152,	
estuvieron 12 346 12 3334,3347,3721,3735,3902,3916,8774,8787,9162,9176,9343,9357,	
químicamente 2 346 2 2801,8241,	
aguda 2 346 2 2711,8150,	
sobredosificación 4 346 4 2707,2738,8146,8177,	
Este 4 346 4 2926,2997,8366,8437,	
Tratamiento 2 346 2 2704,8143,	
sobredosis 4 346 4 2701,2710,8140,8149,	
coma 2 346 2 2699,8138,	
respiratoria 2 346 2 2697,8136,	
disminuido 2 346 2 2695,8134,	
consciencia 2 346 2 2694,8133,	
agresión 2 346 2 2691,8130,	
observado 2 346 2 2688,8127,	
Síntomas 2 346 2 2685,8124,	
9 4 346 4 2683,4328,5432,8122,	
ósea 2 346 2 2678,8117,	
médula 2 346 2 2677,8116,	
(con 2 346 2 2673,8112,	
pancitopenia 2 346 2 2672,8111,	
leucopenia 2 346 2 2670,8109,	
trombocitopenia 2 346 2 2667,8106,	
linfático 2 346 2 2665,8104,	
sangre 2 346 2 2661,8100,	
suspender 2 346 2 2652,8091,	
recuperación 2 346 2 2650,8089,	
alopecia 2 346 2 2643,8082,	
enzimas 1 346 1 5153,	
prurito 2 346 2 2640,8079,	
eczema 2 346 2 2639,8078,	
rash 2 346 2 2638,8077,	
subcutáneo 2 346 2 2636,8075,	
piel 2 346 2 2632,8071,	
tos 2 346 2 2627,8066,	
mediastínicos 2 346 2 2623,8062,	
torácicos 2 346 2 2621,8060,	
respiratorios 2 346 2 2620,8059,	
infección 2 346 2 2616,8055,	
Infecciones 2 346 2 2612,8051,	
accidental 2 346 2 2610,8049,	
lesión 2 346 2 2609,8048,	
terapéuticos 2 346 2 2607,8046,	
procedimientos 2 346 2 2606,8045,	
complicaciones 2 346 2 2604,8043,	
intoxicaciones 2 346 2 2602,8041,	
traumáticas 2 346 2 2601,8040,	
Lesiones 2 346 2 2600,8039,	
mialgia 2 346 2 2598,8037,	
estab 1 346 1 9741,	
tejido 6 346 6 2595,2635,2922,8034,8074,8362,	
musculoesqueléticos 2 346 2 2592,8031,	
neurotransmisores 2 346 2 2954,8394,	
borrosa 2 346 2 2589,8028,	
visión 2 346 2 2588,8027,	
casos) 2 346 2 2681,8120,	
diplopía 2 346 2 2587,8026,	
oculares 2 346 2 2585,8024,	
oído 2 346 2 2577,8016,	
pérdida 2 346 2 2571,8010,	
administra 2 346 2 2565,8004,	
topiramato 2 346 2 2563,8002,	
mayor 2 346 2 2561,8000,	
aumento 2 346 2 2553,7992,	
metabolismo 2 346 2 2546,7985,	
anormales 2 346 2 2538,7977,	
identificados 1 346 1 4336,	
pruebas 2 346 2 2537,7976,	
hepatitis 2 346 2 2536,7975,	
69 2 346 2 3587,9028,	
hepático 5 346 5 2535,4268,4380,7974,9709,	
1A2) 1 346 1 4389,	
fallo 2 346 2 2534,7973,	
hepatobiliares 2 346 2 2531,7970,	
pancreatitis 2 346 2 2528,7966,	
Expericiencia 1 346 1 2526,	
vómitos 2 346 2 2525,7963,	
modelos 2 346 2 3038,8478,	
dispepsia 2 346 2 2523,7961,	
diarrea 2 346 2 2522,7960,	
dolor 2 346 2 2520,7958,	
gastrointestinales 2 346 2 2518,7956,	
suicida 2 346 2 2515,7953,	
ideación 2 346 2 2514,7952,	
e 13 346 13 2513,2613,2838,3948,4447,4985,5143,5149,5210,7951,8052,8278,9389,	
tentativa 2 346 2 2510,7948,	
psicóticas 2 346 2 2508,7946,	
alucinaciones 2 346 2 2506,7944,	
confusión 2 346 2 2505,7943,	
ansiedad 2 346 2 2504,7942,	
anormal 4 346 4 2498,2502,7936,7940,	
pensamiento 2 346 2 2497,7935,	
personalidad 2 346 2 2496,7934,	
trastornos 2 346 2 2494,7932,	
nerviosismo/irritabilidad 2 346 2 2493,7931,	
insomnio 2 346 2 2492,7930,	
hostilidad/agresividad 2 346 2 2491,7929,	
45 2 346 2 3863,9304,	
humor 2 346 2 2490,7928,	
emocional/cambios 2 346 2 2488,7926,	
supresión 2 346 2 2674,8113,	
psiquiátricos 2 346 2 2483,7921,	
parestesia 2 346 2 2480,7918,	
Experiencia 15 346 15 2478,2499,2532,2569,2641,2668,3081,7916,7937,7964,7971,8008,8080,8107,8521,	
memoria 2 346 2 2477,7915,	
deterioro 2 346 2 2474,7912,	
alteración 2 346 2 2470,7908,	
trastorno 2 346 2 2467,7905,	
temblor 2 346 2 2466,7904,	
hipercinesia 2 346 2 2465,7903,	
mareo 2 346 2 2463,7901,	
convulsión 2 346 2 2462,7900,	
amnesia 2 346 2 2460,7898,	
Frecuentes 24 346 24 2459,2484,2519,2551,2581,2586,2597,2608,2615,2624,2637,2666,7897,7922,7957,7990,8020,8025,8036,8047,8054,8063,8076,8105,	
astenia/fatiga 2 346 2 2450,7888,	
Muy 4 346 4 2448,2456,7886,7894,	
alteraciones 4 346 4 2442,2507,7880,7945,	
generales 2 346 2 2440,7878,	
Trastornos 24 346 24 2439,2452,2482,2517,2530,2544,2575,2584,2591,2619,2629,2658,7877,7890,7920,7955,7969,7983,8014,8023,8030,8058,8068,8097,	
apoyar 2 346 2 2427,7865,	
son 4 346 4 2424,4156,7862,9597,	
síndromes 4 346 4 3648,3808,9089,9249,	
post- 2 346 2 2422,7860,	
aisladas 2 346 2 2416,7854,	
doble 2 346 2 3121,8561,	
incluyendo 4 346 4 2414,4282,7852,9723,	
000) 2 346 2 2413,7851,	
(< 4 346 4 2411,4202,7849,9643,	
000); 2 346 2 2408,7846,	
1/10 4 346 4 2404,2412,7842,7850,	
raras 4 346 4 2402,2410,7840,7848,	
1/100); 2 346 2 2401,7839,	
1/1 4 346 4 2398,2407,7836,7845,	
<1/10); 2 346 2 2394,7832,	
1/100 2 346 2 2393,7831,	
( 7 346 7 2392,2397,2403,7827,7830,7835,7841,	
(1/10); 1 346 1 2390,	
frecuentes 10 346 10 2389,2391,2396,2449,2457,7826,7829,7834,7887,7895,	
manera 2 346 2 2387,7824,	
define 2 346 2 2383,7820,	
Clase 2 346 2 2372,7809,	
Órgano 2 346 2 2371,7808,	
Sistema 2 346 2 2370,7807,	
post-comercialización 16 346 16 2368,2479,2500,2527,2533,2570,2642,2669,7805,7917,7938,7965,7972,8009,8081,8108,	
niños) 2 346 2 2363,7800,	
ensayos 6 346 6 2358,2378,3120,7795,7815,8560,	
observadas 2 346 2 2355,7792,	
incluye 2 346 2 2348,7785,	
continuación 2 346 2 2346,7783,	
frecuente 2 346 2 2342,7779,	
indeseables 2 346 2 2330,7767,	
29 3 346 3 2317,5446,7754,	
tratado 4 346 4 2312,2325,7749,7762,	
39 2 346 2 2304,7741,	
idiopática 5 346 5 2295,3642,7732,9083,9208,	
generalizada 9 346 9 2294,3045,3067,3641,7731,8485,8507,9082,9207,	
ensayo 12 346 12 2281,3240,3264,3392,3620,3776,7718,8680,8704,8832,9061,9217,	
únicas 1 346 1 4841,	
4%) 2 346 2 2279,7716,	
(33 2 346 2 2275,7712,	
eliminación 5 346 5 2749,4648,4814,5396,8188,	
frecuentemente 2 346 2 2246,7683,	
consideraron 4 346 4 2237,2333,7674,7770,	
3% 10 346 10 2213,2276,3196,3676,3686,7650,7713,8636,9117,9127,	
33 2 346 2 2212,7649,	
similar 2 346 2 2188,7625,	
relativo 2 346 2 2186,7623,	
6%) 2 346 2 2181,7618,	
18 5 346 5 2180,3151,7617,7967,8591,	
Sobredosis 2 346 2 2684,8123,	
6% 14 346 14 2178,3193,3217,3283,3293,3539,3717,7615,8633,8657,8723,8733,8980,9158,	
(38 2 346 2 2177,7614,	
comunes 2 346 2 2171,7608,	
comportamiento 4 346 4 2166,2501,7603,7939,	
psiquiátricas 2 346 2 2163,7600,	
excepto 2 346 2 2158,7595,	
perfil 8 346 8 2151,3077,3939,3972,7588,8517,9380,9413,	
consistentes 2 346 2 2148,7585,	
resultados 3 346 3 2141,4877,7578,	
cefalea 6 346 6 2139,2249,2464,7576,7686,7902,	
anorexia 6 346 6 2136,2552,2559,7573,7991,7998,	
agitación 6 346 6 2135,2485,2690,7572,7923,8129,	
labilidad 4 346 4 2133,2487,7570,7925,	
modelo 2 346 2 2991,8431,	
nerviosismo 2 346 2 2132,7569,	
pediátrica 2 346 2 2128,7565,	
mg/kg/día) 1 346 1 4758,	
población 5 346 5 2127,2435,4687,7564,7873,	
(muerte 1 346 1 5204,	
graves 2 346 2 2117,7554,	
0% 10 346 10 2095,2106,2224,3478,3734,7532,7543,7661,8919,9175,	
Incompatibilidades 1 346 1 5327,	
2% 12 346 12 2082,2305,3346,3517,3854,3864,7519,7742,8786,8958,9295,9305,	
Biotransformación 2 346 2 4228,9669,	
40 2 346 2 2081,7518,	
4% 6 346 6 2071,3330,3898,7508,8770,9339,	
55 2 346 2 2070,7507,	
mostró 6 346 6 2067,2209,2301,7504,7646,7738,	
Un 6 346 6 2051,2194,2280,7488,7631,7717,	
fatiga 4 346 4 2048,2344,7485,7781,	
cólera 2 346 2 2503,7941,	
fármaco 4 346 4 2041,3021,7478,8461,	
relacionada 2 346 2 2038,7475,	
adversa 2 346 2 2037,7474,	
reacción 2 346 2 2036,7473,	
sujetos 7 346 7 2031,3545,4962,5010,5030,7468,8986,	
8% 6 346 6 2028,2318,3488,7465,7755,8929,	
49 2 346 2 2027,7464,	
disminuyeron 2 346 2 2020,7457,	
relacionadas 4 346 4 2014,2238,7451,7675,	
gravedad 2 346 2 2009,7446,	
incidencia 8 346 8 2007,2253,2266,2432,7444,7690,7703,7870,	
dependiente 2 346 2 2001,7438,	
nutrición 2 346 2 2550,7989,	
relación 2 346 2 1999,7436,	
había 3 346 3 1997,5255,7434,	
tratar 2 346 2 2437,7875,	
análisis 4 346 4 1989,3155,7426,8595,	
mareos 2 346 2 1986,7423,	
65 4 346 4 2204,2290,7641,7727,	
astenia 4 346 4 1984,2137,7421,7574,	
ataques 2 346 2 2987,8427,	
descritas 8 346 8 1978,2043,2121,2247,7415,7480,7558,7684,	
indujo 1 346 1 5167,	
presentaban 2 346 2 3654,9095,	
Las 8 346 8 1975,2042,2118,2242,7412,7479,7555,7679,	
42 2 346 2 1936,7372,	
46 4 346 4 1924,2278,7360,7715,	
formulaciones 2 346 2 1909,7345,	
agrupados 4 346 4 1902,1995,7338,7432,	
adversas 26 346 26 1896,1948,1974,1977,2013,2092,2116,2120,2162,2234,2244,2256,2354,7333,7384,7411,7414,7450,7529,7553,7557,7599,7671,7681,7693,7791,	
Reacciones 2 346 2 1895,7332,	
8 7 346 7 1894,3521,3522,5420,7331,8962,8963,	
compruebe 2 346 2 1882,7319,	
aconseja 2 346 2 1870,7307,	
maquinaria 4 346 4 1868,1878,7305,7315,	
vehículos 2 346 2 1865,7302,	
específica 2 346 2 1861,7298,	
habilidad 2 346 2 1860,7297,	
requieran 2 346 2 1859,7296,	
tareas 2 346 2 1857,7294,	
realicen 2 346 2 1856,7293,	
precaución 2 346 2 1851,7288,	
después 11 346 11 1840,3955,4065,4077,4134,4785,7277,9396,9506,9518,9575,	
especialmente 2 346 2 1834,7271,	
exocitosis 2 346 2 2952,8392,	
central 4 346 4 1833,2019,7270,7456,	
nervioso 6 346 6 1832,2018,2455,7269,7455,7893,	
sistema 8 346 8 1831,2017,2454,2664,7268,7454,7892,8103,	
envases 2 346 2 5369,5390,	
relacionados 4 346 4 1828,2334,7265,7771,	
u 2 346 2 1825,7262,	
somnolencia 14 346 14 1824,1983,2050,2130,2251,2458,2689,7261,7420,7487,7567,7688,7896,8128,	
experimentar 2 346 2 1823,7260,	
sensibilidad 2 346 2 1818,7255,	
diferencias 2 346 2 1816,7253,	
(1 2 346 2 4310,4902,	
posibles 2 346 2 1815,7252,	
Debido 4 346 4 1812,3984,7249,9425,	
hostilidad 2 346 2 2131,7568,	
realizado 8 346 8 1799,2053,2196,2282,7236,7490,7633,7719,	
máquinas 4 346 4 1795,1811,7232,7248,	
conducir 8 346 8 1792,1808,1864,1875,7229,7245,7301,7312,	
capacidad 6 346 6 1790,1806,1885,7227,7243,7322,	
Efectos 4 346 4 1787,3024,7224,8464,	
7 9 346 9 1786,3345,4049,4218,5402,7223,8785,9490,9659,	
natural 2 346 2 1784,7221,	
humana 4 346 4 1775,5196,5243,7212,	
materna 2 346 2 1774,7211,	
leche 2 346 2 1773,7210,	
excreta 4 346 4 1770,4621,4635,7207,	
Levetiracetam 13 346 13 1768,2955,3026,3930,4073,4229,4431,7205,8395,8466,9371,9514,9670,	
feto 2 346 2 1767,7204,	
madre 2 346 2 1764,7201,	
perjudicar 2 346 2 1761,7198,	
podría 2 346 2 1760,7197,	
exacerbación 2 346 2 1755,7192,	
permeable 2 346 2 3937,9378,	
lugar 4 346 4 1752,2445,7189,7883,	
tratamientos 4 346 4 1748,3513,7185,8954,	
estrictamente 2 346 2 1742,7179,	
sea 2 346 2 1741,7178,	
embarazo 2 346 2 1737,7174,	
durante 19 346 19 1735,3338,3351,3535,3726,3740,3907,3921,4579,4981,4993,7172,8778,8791,8976,9167,9181,9348,9362,	
humanos 10 346 10 1730,4186,4235,4418,5078,5122,5282,7167,9627,9676,	
seres 3 346 3 1729,5077,7166,	
riesgo 6 346 6 1727,2185,2557,7164,7622,7996,	
desconoce 2 346 2 1725,7162,	
reproductiva 2 346 2 1719,7156,	
toxicidad 5 346 5 1718,5161,5168,5216,7155,	
mostrado 7 346 7 1717,2960,4028,4365,7154,8400,9469,	
animales 4 346 4 1715,3039,7152,8479,	
embarazadas 2 346 2 1711,7148,	
queda 2 346 2 1891,7328,	
mujeres 2 346 2 1710,7147,	
utilización 2 346 2 1706,7143,	
suficientes 2 346 2 1703,7140,	
existen 2 346 2 1701,7138,	
lactancia 4 346 4 1699,1783,7136,7220,	
Embarazo 2 346 2 1697,7134,	
(incremento 1 346 1 5171,	
alcohol 3 346 3 1694,5307,7131,	
43 2 346 2 4160,9601,	
ligeramente 2 346 2 1682,7119,	
redujo 3 346 3 1681,5040,7118,	
velocidad 2 346 2 1677,7114,	
observaron 2 346 2 4790,4869,	
alteró 2 346 2 1671,7108,	
antiácidos 2 346 2 1657,7094,	
dispone 6 346 6 1649,1685,4179,7086,7122,9620,	
2A6 1 346 1 4383,	
ataxia 2 346 2 2461,7899,	
warfarina 3 346 3 1638,4455,7075,	
predecir 2 346 2 3995,9436,	
coadministración 2 346 2 1632,7069,	
protrombina 2 346 2 1630,7067,	
modificó 2 346 2 1626,7063,	
warfarina; 2 346 2 1623,7060,	
progesterona) 2 346 2 1604,7041,	
luteinizante 2 346 2 1602,7039,	
(hormona 2 346 2 1601,7038,	
endocrinos 2 346 2 1600,7037,	
parámetros 3 346 3 1599,5262,7036,	
modificaron 2 346 2 1597,7034,	
(etinilestradiol 2 346 2 1592,7029,	
orales 8 346 8 1591,1636,1910,4452,4752,7028,7073,7346,	
anticonceptivos 5 346 5 1590,1635,4451,7027,7072,	
diarias 4 346 4 1577,1606,7014,7043,	
metotrexato 2 346 2 1575,7012,	
sulfonamidas 2 346 2 1573,7010,	
AINES 2 346 2 1572,7009,	
p 4 346 4 1570,1862,7007,7299,	
posible 1 346 1 5125,	
inhibición 2 346 2 2869,8309,	
activamente 2 346 2 1569,7006,	
secretados 2 346 2 1568,7005,	
conoce 2 346 2 1560,6997,	
estudiado 2 346 2 1549,6986,	
reducir 2 346 2 1539,6976,	
puedan 2 346 2 1538,6975,	
excretan 2 346 2 1533,6970,	
fármacos 4 346 4 1530,1567,6967,7004,	
esperar 2 346 2 1527,6964,	
Es 2 346 2 1525,6962,	
mantienen 2 346 2 1523,6960,	
nasofaringitis 2 346 2 2617,8056,	
niveles 15 346 15 1518,2864,3997,4018,4108,5113,5119,5185,5193,5219,6955,8304,9438,9459,9549,	
Con 8 346 8 1515,3321,3708,3889,6952,8761,9149,9330,	
neutropenia 2 346 2 2671,8110,	
primario 14 346 14 1509,2766,3052,4192,4256,4359,4578,4633,4931,6946,8205,8492,9633,9697,	
inhibe 2 346 2 1503,6940,	
tubular 6 346 6 1501,1536,4628,4639,6938,6973,	
secreción 5 346 5 1500,1535,4638,6937,6972,	
bloqueante 2 346 2 1497,6934,	
agente 2 346 2 1496,6933,	
emocional 2 346 2 2134,7571,	
día) 4 346 4 1495,3280,6932,8720,	
(500 2 346 2 1490,6927,	
centrolobular 1 346 1 5145,	
probenecid 4 346 4 1489,1556,6926,6993,	
comprobado 2 346 2 1487,6924,	
enzimáticos 2 346 2 1478,6915,	
inductores 2 346 2 1477,6914,	
sean 2 346 2 1476,6913,	
22% 2 346 2 1468,6905,	
Sin 4 346 4 1456,2182,6893,7619,	
valproato 2 346 2 1455,6892,	
influencia 6 346 6 1443,1641,1654,6880,7078,7091,	
administrado 2 346 2 1437,6874,	
coadyuvante 2 346 2 1434,6871,	
confirmó 2 346 2 1430,6867,	
ambas 2 346 2 3061,8501,	
farmacocinéticas 4 346 4 1418,3929,6855,9370,	
retrospectiva 2 346 2 1414,6851,	
evaluación 2 346 2 1413,6850,	
Una 2 346 2 1412,6849,	
mg/kg/día 7 346 7 1409,3275,3844,5272,6846,8715,9285,	
sodio 1 346 1 5294,	
consiguiente 3 346 3 4012,4470,9453,	
tomado 2 346 2 1406,6843,	
hayan 2 346 2 1405,6842,	
significativas 2 346 2 1400,6837,	
clínicamente 2 346 2 1399,6836,	
provocó 1 346 1 4432,	
farmacológicas 2 346 2 1398,6835,	
interacciones 5 346 5 1397,1417,4444,6834,6854,	
mioclónica 4 346 4 3656,3810,9097,9251,	
clara 4 346 4 1395,2000,6832,7437,	
hay 8 346 8 1392,2728,3951,3961,6829,8167,9392,9402,	
Como 2 346 2 1388,6825,	
farmacocinética 8 346 8 1385,1587,1616,1644,6822,7024,7053,7081,	
influyen 2 346 2 1382,6819,	
primidona) 2 346 2 1375,6812,	
gabapentina 2 346 2 1373,6810,	
lamotrigina 2 346 2 1372,6809,	
fenobarbital 2 346 2 1371,6808,	
valproico 3 346 3 1370,4413,6807,	
digoxina 5 346 5 1619,1634,4453,7056,7071,	
ácido 3 346 3 1369,4412,6806,	
carbamazepina 12 346 12 1368,1453,3402,3441,3494,3550,6805,6890,8842,8882,8935,8991,	
(fenitoína 2 346 2 1367,6804,	
conocidos 2 346 2 1366,6803,	
séricas 4 346 4 1361,1447,6798,6884,	
perros 1 346 1 5248,	
concentraciones 10 346 10 1360,1446,4034,4042,4802,4866,6797,6883,9475,9483,	
comercialización 4 346 4 1352,2423,6789,7861,	
realizados 4 346 4 1346,1907,6783,7343,	
clínicos 10 346 10 1345,1906,2359,2379,5070,5099,6782,7342,7796,7816,	
estudios 17 346 17 1344,1713,1800,1905,2835,2908,4361,5068,5081,5098,5159,6781,7150,7237,7341,8275,8348,	
interacción 6 346 6 1339,1690,3002,6776,7127,8442,	
formas 2 346 2 1337,6774,	
versus 4 346 4 2179,2277,7616,7714,	
medicamentos 9 346 9 1334,1364,1379,1473,6771,6801,6816,6910,9744,	
Interacción 2 346 2 1330,6767,	
y/o 2 346 2 1325,6762,	
síntoma 2 346 2 1322,6759,	
IC 2 346 2 3519,8960,	
inmediatamente 2 346 2 1316,6753,	
informen 2 346 2 1315,6752,	
aconsejar 2 346 2 1310,6747,	
suicidas 4 346 4 1302,1327,6739,6764,	
pensamientos 4 346 4 1301,1326,6738,6763,	
suicidio 6 346 6 1299,2509,2512,6736,7947,7950,	
intentos 2 346 2 1297,6734,	
suicidios 2 346 2 1296,6733,	
casos 4 346 4 1294,2646,6731,8085,	
notificado 2 346 2 1293,6730,	
sugiere 2 346 2 2999,8439,	
(en 2 346 2 2360,7797,	
han 9 346 9 1292,1716,1798,2959,4364,6729,7153,7235,8399,	
) 1 346 1 1290,	
selección 2 346 2 1281,6719,	
valorar 2 346 2 1274,6712,	
ajuste 4 346 4 1262,1482,6700,6919,	
requerir 2 346 2 1260,6698,	
respectivamente 9 346 9 1249,3213,4162,4585,4614,4987,6687,8653,9603,	
placebo 30 346 30 1248,1945,1971,2089,2113,2231,2327,3125,3223,3245,3299,3624,3692,3783,3870,6686,7381,7407,7526,7550,7668,7764,8565,8663,8685,8739,9065,9133,9224,9311,	
21% 2 346 2 1239,6677,	
26% 2 346 2 1235,6673,	
habían 2 346 2 3577,9018,	
tratados 24 346 24 1226,1246,1305,3221,3287,3297,3482,3492,3680,3690,3858,3868,6664,6684,6742,8661,8727,8737,8923,8933,9121,9131,9299,9309,	
pediátricos 12 346 12 1220,1245,1403,2056,2146,3226,6658,6683,6840,7493,7583,8666,	
14% 2 346 2 1214,6652,	
incremento 12 346 12 1200,1462,1843,2625,5140,5150,5206,5211,6638,6899,7280,8064,	
observó 7 346 7 1198,1232,2648,4777,6636,6670,8087,	
hubo 3 346 3 1189,5018,6627,	
utilizó 2 346 2 1169,6607,	
Cuando 2 346 2 1167,6605,	
endocrina 2 346 2 1162,6600,	
evidencia 4 346 4 1394,3962,6831,9403,	
fertilidad 2 346 2 1158,6596,	
aprendizaje 2 346 2 1157,6595,	
plazo 8 346 8 1154,3327,3714,3895,6592,8767,9155,9336,	
efectos 10 346 10 1151,1803,2329,5092,5202,5232,5256,6589,7240,7766,	
conocerse 2 346 2 1150,6588,	
liberación 10 346 10 2881,3404,3443,3496,3552,8321,8844,8884,8937,8993,	
siguen 2 346 2 1148,6586,	
obstante 2 346 2 1147,6585,	
pubertad 4 346 4 1145,1164,6583,6602,	
síntomas 2 346 2 1827,7264,	
crecimiento 4 346 4 1141,1160,6579,6598,	
ningún 5 346 5 1137,1190,4423,6575,6628,	
sugieren 6 346 6 1136,1460,2841,6574,6897,8281,	
bajos 2 346 2 1524,6961,	
disponibles 2 346 2 1132,6570,	
semanas) 4 346 4 1129,3187,6567,8627,	
semanas; 2 346 2 1109,6547,	
ej 6 346 6 1094,1571,1863,6532,7008,7300,	
(p 2 346 2 1093,6531,	
gradual 2 346 2 1092,6530,	
retirarlo 2 346 2 1089,6527,	
medicación 4 346 4 1084,3567,6522,9008,	
suprimir 2 346 2 1082,6520,	
habitual 2 346 2 1077,6515,	
práctica 4 346 4 1075,3561,6513,9002,	
De 2 346 2 1071,6509,	
(24 2 346 2 4240,9681,	
especiales 6 346 6 1068,5074,5340,5346,5394,6506,	
precauciones 2 346 2 1067,6505,	
Advertencias 2 346 2 1065,6503,	
pirrolidona 6 346 6 1056,2793,4309,4326,6494,8233,	
derivados 2 346 2 1053,6491,	
Hipersensibilidad 2 346 2 1048,6486,	
Contraindicaciones 2 346 2 1047,6485,	
70 2 346 2 1043,6481,	
diario 2 346 2 1035,6473,	
mantenimiento 3 346 3 1034,4948,6472,	
% 31 346 31 1029,1211,1926,1938,1952,1964,2755,2762,4090,4241,4312,4329,4342,4535,4542,4564,4588,4592,4739,5006,5045,6467,6649,7362,7374,7388,7400,8194,8201,9531,9682,	
hemodiálisis 2 346 2 2744,8183,	
reducción 12 346 12 1026,2892,3164,3302,3695,3873,6464,8332,8604,8742,9136,9314,	
metabolito 21 346 21 1508,1521,1545,2765,3051,4191,4255,4287,4358,4370,4577,4632,4930,6945,6958,6982,8204,8491,9632,9696,9728,	
Por 9 346 9 1020,1847,2905,4011,4469,6458,7284,8345,9452,	
grado 7 346 7 1016,1664,4164,5108,6454,7101,9605,	
subestimar 2 346 2 1014,6452,	
primera 1 346 1 5444,	
grave 6 346 6 1008,1271,4940,5034,6446,6709,	
influye 2 346 2 1357,6794,	
moderada 4 346 4 1002,4938,5016,6440,	
reacciones 24 346 24 1947,1973,1976,2012,2091,2115,2119,2161,2233,2243,2255,2353,7383,7410,7413,7449,7528,7552,7556,7598,7670,7680,7692,7790,	
leve 4 346 4 1000,4434,5014,6438,	
necesario 6 346 6 991,1481,1743,6429,6918,7180,	
No 27 346 27 989,1146,1479,1546,1647,1683,1700,1796,2727,3950,3960,4177,4346,5328,5343,6427,6584,6916,6983,7084,7120,7137,7233,8166,9391,9401,9618,	
hepática 13 346 13 988,999,1007,1270,2542,5008,5013,5033,6426,6437,6445,6708,7981,	
estudio 12 346 12 976,2052,2195,3557,3660,3827,6414,7489,7632,8998,9101,9268,	
basa 2 346 2 973,6411,	
recomendación 2 346 2 971,6409,	
adversos 2 346 2 5093,5257,	
media 7 346 7 4487,4532,4664,4719,4812,4883,4971,	
relacionado 5 346 5 965,2800,4677,6403,8240,	
puesto 2 346 2 958,6396,	
base 3 346 3 953,4952,6391,	
ajustada 4 346 4 951,3510,6389,8951,	
Mecanismo 2 346 2 2808,8248,	
suplementaria 2 346 2 934,6372,	
inhiben 1 346 1 4373,	
Después 3 346 3 926,4698,6364,	
carga 2 346 2 913,6351,	
diálisis 7 346 7 905,929,2751,4997,6343,6367,8190,	
terminal 3 346 3 903,4967,6341,	
vez 2 346 2 899,6337,	
individual 2 346 2 1819,7256,	
- 31 346 31 892,2438,2451,2481,2516,2529,2543,2574,2583,2590,2599,2611,2618,2628,2657,3447,6330,7876,7889,7919,7954,7968,7982,8013,8022,8029,8038,8050,8057,8067,8096,	
enfermedad 4 346 4 890,1758,6328,7195,	
Pacientes 2 346 2 888,6326,	
experimentaron 14 346 14 1946,1972,2032,2090,2114,2232,2328,7382,7409,7469,7527,7551,7669,7765,	
depresión 6 346 6 1324,2486,2696,6761,7924,8135,	
< 8 346 8 878,1042,2400,2406,6316,6480,7838,7844,	
Grave 2 346 2 877,6315,	
30-49 2 346 2 868,6306,	
lavado 2 346 2 2719,8158,	
Moderada 2 346 2 867,6305,	
000 36 346 36 861,896,1580,1609,2399,2405,3130,3133,3137,3204,3206,3209,3456,3459,3668,3835,4141,4150,6299,6334,7017,7046,7837,7843,8570,8573,8577,8644,8646,8649,8897,8900,9109,9276,9582,9591,	
50-79 2 346 2 857,6295,	
embargo 4 346 4 1457,2183,6894,7620,	
Leve 2 346 2 856,6294,	
80 2 346 2 846,6284,	
> 2 346 2 845,6283,	
Normal 2 346 2 844,6282,	
Aclaramiento 2 346 2 841,6275,	
Grupo 4 346 4 840,2778,6274,8217,	
frecuencia 22 346 22 839,1194,1203,1981,2046,2124,2375,2381,3175,3313,3881,6280,6632,6641,7418,7483,7561,7812,7818,8615,8753,9322,	
Ajuste 2 346 2 827,6264,	
----------------------------------- 2 346 2 821,6258,	
m2) 2 346 2 819,6256,	
73 4 346 4 818,3477,6255,8918,	
enantiomérica 1 346 1 4350,	
(ml/min/1 2 346 2 817,6254,	
actividades 2 346 2 1889,7326,	
sigue 2 346 2 813,6250,	
(ASC) 2 346 2 811,6248,	
Fecha 2 346 2 5441,5451,	
corporal 10 346 10 810,4004,4227,4513,4729,4822,4915,6247,9445,9668,	
superficie 2 346 2 809,6246,	
área 3 346 3 806,4806,6243,	
ajusta 2 346 2 801,6238,	
Entonces 2 346 2 799,6236,	
72 5 346 5 794,3487,3853,8928,9294,	
mujeres) 4 346 4 793,826,6235,6263,	
85 4 346 4 791,824,6233,6261,	
0 21 346 21 790,823,1963,2094,3516,4214,4217,4340,4518,4562,4607,4725,4779,4783,6232,6260,7399,7531,8957,9655,9658,	
(x 4 346 4 789,822,6231,6259,	
------------------------------------- 1 346 1 788,	
= 4 346 4 787,820,6229,6257,	
(ml/min) 4 346 4 786,815,6228,6252,	
nivel 4 346 4 2692,4094,8131,9535,	
(kg) 2 346 2 784,6226,	
[140-edad(años)] 2 346 2 781,6223,	
fórmula 2 346 2 779,6221,	
utilizando 2 346 2 777,6219,	
probable 1 346 1 4474,	
(mg/dl) 3 346 3 776,798,6218,	
sérica 3 346 3 775,797,6217,	
determinación 2 346 2 771,6213,	
estimar 2 346 2 766,6208,	
CLcr 10 346 10 761,785,803,814,816,6203,6227,6240,6251,6253,	
paciente 2 346 2 759,6201,	
ml/min 6 346 6 757,763,1044,6199,6205,6482,	
experiencia 4 346 4 2367,2421,7804,7859,	
(CLcr) 2 346 2 755,6197,	
creatinina 14 346 14 754,774,796,843,1012,1040,4657,4923,4956,6196,6216,6277,6450,6478,	
diferencia 2 346 2 3508,8949,	
aclaramiento 27 346 27 752,961,1010,1038,1464,1505,1542,3954,4512,4597,4655,4728,4821,4897,4914,4921,4954,5022,5036,6194,6399,6448,6476,6901,6942,6979,9395,	
estimación 4 346 4 750,2429,6192,7867,	
necesita 4 346 4 748,4015,6190,9456,	
parciales 2 346 2 3428,8869,	
ajustarse 2 346 2 735,6177,	
siguiente 6 346 6 731,780,2386,6173,6222,7823,	
toman 2 346 2 1472,6909,	
tabla 6 346 6 730,744,2350,6172,6186,7787,	
individualizar 2 346 2 722,6164,	
2) 8 346 8 710,3523,4691,4960,5056,6152,6727,8964,	
5 19 346 19 709,1329,1722,1897,2768,3926,4215,4780,4818,4903,5058,5237,5350,6151,6766,7159,8207,9367,9656,	
apartado 7 346 7 708,1721,4689,4958,5054,6150,7158,	
ausencias 2 346 2 1196,6634,	
eficacia 14 346 14 706,2746,3112,3233,3383,3613,3769,6148,8185,8552,8673,8823,9054,9210,	
seguridad 12 346 12 704,1901,1994,2143,2153,5063,5086,6146,7337,7431,7580,7590,	
Ninguna 1 346 1 5400,	
datos 24 346 24 702,1131,1341,1459,1651,1687,1702,1899,1992,2418,4181,4442,5065,6144,6569,6778,6896,7088,7124,7139,7335,7429,7856,9622,	
escasez 2 346 2 700,6142,	
debido 2 346 2 697,6139,	
indican 4 346 4 1353,4456,5135,6790,	
menores 3 346 3 693,5174,6135,	
recomendado 2 346 2 688,6130,	
solución 5 346 5 652,4060,4845,6094,9501,	
mg/ml 3 346 3 651,4848,6093,	
100 6 346 6 650,4089,4847,5375,6092,9530,	
iniciar 2 346 2 645,6087,	
dar 2 346 2 1751,7188,	
preferiblemente 2 346 2 644,6086,	
Niños 4 346 4 634,4692,4829,6076,	
1500 2 346 2 627,6069,	
(2) 8 346 8 620,654,902,925,6062,6096,6340,6363,	
partir 8 346 8 616,768,3410,3633,6058,6210,8850,9074,	
A 4 346 4 615,2345,6057,7782,	
750 6 346 6 609,871,915,6051,6309,6353,	
adición 1 346 1 4642,	
25 5 346 5 601,1210,4975,6043,6648,	
600 2 346 2 595,6037,	
200 5 346 5 589,3449,5377,6031,8890,	
20 7 346 7 586,639,4755,5371,6029,6081,8868,	
glomerular 2 346 2 4624,4646,	
alcanzó 3 346 3 3162,4584,8602,	
450 2 346 2 580,6022,	
150 2 346 2 574,6016,	
(1) 10 346 10 573,588,633,906,907,6015,6028,6075,6344,6345,	
15 3 346 3 571,6013,6281,	
retirada 2 346 2 1745,7182,	
Dosis 8 346 8 567,569,1576,1605,6009,6011,7013,7042,	
Peso 2 346 2 566,6008,	
Dosificación 4 346 4 560,837,6002,6278,	
acuerdo 6 346 6 553,724,1072,5995,6166,6510,	
apropiada 2 346 2 551,5993,	
concentración 3 346 3 549,4774,5991,	
farmacéutica 2 346 2 547,5989,	
prescribir 2 346 2 544,5986,	
médico 4 346 4 542,1319,5984,6756,	
El 48 346 48 541,760,1663,1949,2093,2338,2556,2734,2784,2811,3050,3281,3476,3674,3852,3938,3971,4091,4163,4205,4286,4511,4596,4727,4771,4820,4913,5983,6202,7100,7385,7530,7775,7995,8173,8224,8251,8490,8721,8917,9115,9293,9379,9412,9532,9604,9646,9727,	
dosificación 10 346 10 524,656,737,746,830,5966,6098,6179,6188,6267,	
eficaz 2 346 2 522,5964,	
menor 3 346 3 520,5107,5962,	
utilizar 12 346 12 518,742,1794,1810,1867,1877,5960,6184,7231,7247,7304,7314,	
exceder 4 346 4 503,1118,5945,6556,	
deberían 6 346 6 502,643,1117,5944,6085,6555,	
30 9 346 9 491,879,2223,4738,5275,5372,5933,6317,7660,	
aumentar 2 346 2 486,5928,	
En 41 346 41 474,940,1003,1266,1987,2024,2376,2708,3055,3109,3153,3224,3262,3555,3658,3825,4022,4414,4659,4961,5009,5025,5157,5197,5916,6378,6441,6704,7424,7461,7813,8147,8495,8549,8593,8664,8702,8996,9099,9266,9463,	
mg/kg 10 346 10 469,492,508,1122,4001,5911,5934,5950,6560,9442,	
crisis; 2 346 2 3506,8947,	
10 10 346 10 468,507,1121,4203,4484,5461,5910,5949,6559,9644,	
inferior 9 346 9 458,642,680,2263,4885,5900,6084,6122,7700,	
indeseable 2 346 2 2340,7777,	
edad 4 346 4 447,679,5889,6121,	
11 6 346 6 444,3329,4673,5057,5886,8769,	
renal"") 2 346 2 435,5877,	
insuficiencia 26 346 26 434,715,835,943,981,987,998,1006,1018,1257,1269,4936,5012,5032,5050,5876,6157,6272,6381,6419,6425,6436,6444,6456,6695,6707,	
""Uso 2 346 2 430,5872,	
(ver 11 346 11 429,707,1285,1720,4688,4957,5053,5871,6149,6723,7157,	
comprometida 2 346 2 428,5870,	
renal 36 346 36 427,716,728,836,891,944,957,969,982,1019,1258,1277,1502,1506,1543,4598,4684,4912,4937,4966,5051,5869,6158,6170,6273,6329,6382,6395,6407,6420,6457,6696,6715,6939,6943,6980,	
ajustar 5 346 5 418,992,4943,5860,6430,	
indica 3 346 3 732,4617,6174,	
recomienda 17 346 17 417,909,931,1024,1088,1273,1781,1850,4942,5859,6347,6369,6462,6526,6711,7218,7287,	
julio 1 346 1 5458,	
Se 23 346 23 416,516,908,1197,1291,1308,1485,1724,1869,2686,4293,4789,5858,5958,6346,6635,6728,6745,6922,7161,7306,8125,9734,	
afectada 2 346 2 1892,7329,	
mayores) 2 346 2 414,5857,	
(65 2 346 2 411,5854,	
ancianos 4 346 4 410,424,5853,5866,	
hombre 2 346 2 3057,8497,	
invierte 2 346 2 2889,8329,	
cuatro 6 346 6 406,1108,1492,5848,6546,6929,	
reducciones 6 346 6 395,1097,1113,5837,6535,6551,	
días 4 346 4 3702,4116,9143,9557,	
aumentos 2 346 2 393,5835,	
realizar 4 346 4 391,1887,5833,7324,	
dosis) 6 346 6 4068,4244,4315,4332,9509,9685,	
modificación 5 346 5 385,3952,5019,5827,9393,	
incrementar 2 346 2 375,5817,	
insuficientes 2 346 2 2425,7863,	
tolerabilidad 4 346 4 369,483,5811,5925,	
Dependiendo 2 346 2 361,5803,	
primer 4 346 4 357,919,5799,6357,	
instaurar 2 346 2 354,5796,	
Esta 4 346 4 350,970,5792,6408,	
superior 6 346 6 337,534,668,5779,5976,6110,	
kg 18 346 18 335,461,532,572,587,602,619,640,666,5777,5903,5974,6014,6030,6044,6061,6082,6108,	
50 14 346 14 334,460,531,618,665,1028,5044,5373,5776,5902,5973,6060,6107,6466,	
antiepilépticos 14 346 14 1365,1380,1474,1749,2780,2806,2832,6802,6817,6911,7186,8219,8246,8272,	
peso 22 346 22 332,457,529,556,637,663,783,2555,2573,4003,4733,5142,5774,5899,5971,5998,6079,6105,6225,7994,8012,9444,	
17 7 346 7 328,453,1428,5770,5895,6865,7408,	
abdominal 2 346 2 2521,7959,	
(de 20 346 20 325,450,1425,2057,2201,2287,3227,4693,4712,4754,4762,4830,4852,5767,5892,6862,7494,7638,7724,8667,	
años) 21 346 21 322,329,454,1429,2061,2205,2291,3231,4697,4716,4766,4835,4857,5764,5771,5896,6866,7498,7642,7728,8671,	
(18 2 346 2 321,5763,	
Uso 12 346 12 318,408,436,675,711,983,5760,5851,5878,6117,6153,6421,	
Terapia 8 346 8 316,3083,3590,3745,5758,8523,9031,9186,	
máxima 5 346 5 305,570,5279,5747,6012,	
clínica 12 346 12 292,365,479,1076,3082,3562,5734,5807,5921,6514,8522,9003,	
respuesta 9 346 9 291,364,478,3475,5137,5733,5806,5920,8916,	
función 21 346 21 288,426,475,727,956,968,1161,1276,2541,3472,4683,5730,5868,5917,6169,6394,6406,6599,6714,7980,8913,	
sanguíneas 2 346 2 4285,9726,	
semanas 18 346 18 280,302,407,515,3152,3261,3470,3627,3780,5722,5744,5849,5957,8592,8701,8911,9068,9221,	
eliminada 1 346 1 4992,	
500 28 346 28 272,309,344,378,397,621,847,850,858,882,893,938,1099,5473,5490,5714,5751,5786,5820,5839,6063,6285,6288,6296,6320,6331,6376,6537,	
cambios 2 346 2 498,5940,	
terapéutica 6 346 6 269,340,464,5711,5782,5906,	
horas) 4 346 4 4553,4674,4888,4894,	
aumentarse 4 346 4 265,286,5707,5728,	
debe 16 346 16 264,517,543,721,734,949,1309,1733,5706,5959,5985,6163,6176,6387,6746,7170,	
veces 58 346 58 259,275,297,312,347,381,400,471,494,510,577,583,592,598,606,612,624,630,853,864,874,885,1102,1124,1493,3278,4124,4153,5238,5276,5701,5717,5739,5754,5789,5823,5842,5913,5936,5952,6019,6025,6034,6040,6048,6054,6066,6072,6291,6302,6312,6323,6540,6562,6930,8718,9565,9594,	
recomendada 5 346 5 253,561,5280,5695,6003,	
inicial 10 346 10 252,270,341,465,568,5694,5712,5783,5907,6010,	
Adultos 4 346 4 243,4069,5685,9510,	
Monoterapia 4 346 4 242,3356,5684,8796,	
día 60 346 60 240,261,277,299,314,349,358,383,402,473,496,512,579,585,594,600,608,614,626,632,855,866,876,887,901,920,1104,1126,4126,4155,5682,5703,5719,5741,5756,5791,5800,5825,5844,5915,5938,5954,6021,6027,6036,6042,6050,6056,6068,6074,6293,6304,6314,6325,6339,6358,6542,6564,9567,9596,	
tomas 2 346 2 238,5680,	
repartidas 2 346 2 235,5677,	
demostrada 2 346 2 3117,8557,	
iguales 2 346 2 234,5676,	
dosis 87 346 87 233,251,268,284,304,339,351,371,388,420,463,488,500,521,559,718,911,933,946,994,1032,1115,1265,1284,1484,1846,2004,3127,3142,3184,3271,3662,3673,3829,3850,4137,4146,4345,4500,4538,4545,4567,4595,4704,4751,4797,4840,4945,5269,5278,5675,5693,5710,5726,5746,5781,5793,5813,5830,5862,5905,5930,5942,5963,6001,6160,6349,6371,6384,6432,6470,6553,6703,6722,6921,7283,7441,8567,8582,8624,8711,9103,9114,9270,9291,9578,9587,	
divide 2 346 2 231,5673,	
diaria 7 346 7 229,372,719,4946,5671,5814,6161,	
(aproximadamente 1 346 1 4539,	
posología 2 346 2 228,5670,	
interaccione 1 346 1 4477,	
náuseas 2 346 2 2524,7962,	
La 55 346 55 227,250,283,303,338,384,462,523,655,717,729,1250,1631,1744,2252,2745,3382,3612,3649,3768,4082,4236,4252,4269,4485,4521,4554,4568,4647,4810,4988,5669,5692,5725,5745,5780,5826,5904,5965,6097,6159,6171,6688,7068,7181,7689,8184,8822,9053,9090,9209,9523,9677,9693,9710,	
alimentos 6 346 6 226,1674,4175,5668,7111,9616,	
administrarse 2 346 2 222,5664,	
líquido 2 346 2 219,5661,	
suficiente 2 346 2 217,5659,	
cantidad 2 346 2 216,5658,	
conjuntivo 2 346 2 2596,8035,	
oral 16 346 16 213,653,1440,4008,4061,4081,4084,4705,4846,5655,6095,6877,9449,9502,9522,9525,	
vía 9 346 9 212,1439,4237,4503,4528,4557,5654,6876,9678,	
administran 2 346 2 210,5652,	
Los 32 346 32 204,497,1130,1340,1712,1898,2140,2417,2834,3422,3436,4107,4127,4360,4441,4876,5064,5091,5218,5646,5939,6568,6777,7149,7334,7577,7855,8274,8862,8877,9548,9568,	
efecto 13 346 13 1138,1191,1551,1562,2339,3048,4424,6576,6629,6988,6999,7776,8488,	
x 3 346 3 782,795,6224,	
administración 23 346 23 203,1251,2447,3958,4007,4080,4106,4121,4505,4509,4701,4749,4788,4838,4875,5645,6689,7885,9399,9448,9521,9547,9562,	
forma 8 346 8 201,546,1091,4196,5643,5988,6529,9637,	
adultos) 2 346 2 3589,9030,	
Posología 2 346 2 199,5641,	
adaptativa 1 346 1 5138,	
Idiopática 7 346 7 196,1187,3767,3800,5638,6625,9241,	
absorbido 1 346 1 4861,	
Generalizada 7 346 7 195,1186,3766,3799,5637,6624,9240,	
primarias 12 346 12 184,1179,2300,3755,3805,3886,5626,6617,7737,9196,9246,9327,	
PRIMERA 1 346 1 5436,	
aumentos/reducciones 2 346 2 505,5947,	
generalizadas 12 346 12 183,1178,2299,3435,3754,3804,5625,6616,7736,8876,9195,9245,	
frente 2 346 2 3400,8840,	
tónico-clónicas 18 346 18 182,1177,2298,3434,3753,3803,3884,3906,3920,5624,6615,7735,8875,9194,9244,9325,9347,9361,	
Juvenil 4 346 4 174,3611,5616,9052,	
levonorgestrel); 2 346 2 1594,7031,	
Mioclónica 4 346 4 173,3610,5615,9051,	
Epilepsia 11 346 11 172,194,1185,3609,3765,3798,5614,5636,6623,9050,9239,	
12 23 346 23 169,191,326,451,2202,3216,3536,3606,3636,3762,4696,4715,4765,5611,5633,5768,5893,7639,8656,8977,9047,9077,9203,	
adolescentes 30 346 30 166,188,245,324,449,565,660,1183,1422,2200,3603,3759,3790,3840,4071,5608,5630,5687,5766,5891,6007,6102,6621,6859,7637,9044,9200,9231,9281,9512,	
mioclónicas 16 346 16 162,2208,2261,3598,3645,3705,3725,3739,5604,7645,7698,9039,9086,9146,9166,9180,	
niños 43 346 43 148,438,526,563,658,677,692,941,1111,1134,1166,1420,1470,2173,2190,2286,3102,3796,3846,4025,4710,4760,4850,5590,5880,5968,6005,6100,6119,6134,6379,6549,6572,6604,6857,6907,7610,7627,7723,8542,9237,9287,9466,	
normales 2 346 2 4129,9570,	
adultos 65 346 65 145,164,186,320,540,674,740,833,979,1096,1181,1218,1243,1348,1390,1915,2157,2176,2193,2198,2269,2284,2361,3100,3110,3600,3757,3789,3838,4023,4490,4745,4891,4907,4963,5587,5606,5628,5762,5982,6116,6182,6270,6417,6534,6619,6656,6681,6785,6827,7351,7594,7613,7630,7635,7706,7721,7798,8540,8550,9041,9198,9230,9279,9464,	
· 10 346 10 129,155,175,241,315,5571,5597,5617,5683,5757,	
concomitante 15 346 15 128,317,3084,3569,3582,3591,3746,5052,5570,5759,8524,9010,9023,9032,9187,	
biodisponibilidad 2 346 2 4083,9524,	
terapia 6 346 6 127,1433,3581,5569,6870,9022,	
epilepsia 29 346 29 122,154,1424,2293,2994,3041,3064,3108,3378,3416,3640,3655,3817,3981,5564,5596,6861,7730,8434,8481,8504,8548,8818,8856,9081,9096,9206,9258,9422,	
diagnóstico 6 346 6 120,3381,3421,5562,8821,8861,	
(0 2 346 2 4327,4908,	
nuevo 6 346 6 119,3380,3418,5561,8820,8858,	
años 31 346 31 116,152,170,192,249,412,445,684,696,3106,3376,3414,3607,3637,3763,5336,5558,5594,5612,5634,5691,5855,5887,6126,6138,8546,8816,8854,9048,9078,9204,	
16 14 346 14 115,248,2060,3230,3375,3413,3626,5557,5690,7497,8670,8815,8853,9067,	
activa 3 346 3 1537,4640,6974,	
mayores 19 346 19 113,149,167,189,246,3103,3373,3604,3760,5190,5555,5591,5609,5631,5688,8543,8813,9045,9201,	
pacientes 129 346 129 112,423,432,713,739,832,978,985,996,1004,1217,1242,1255,1267,1304,1313,1402,1821,1854,1873,1914,1929,1941,1955,1967,2055,2074,2085,2098,2109,2145,2216,2227,2258,2268,2308,2321,3160,3199,3220,3225,3252,3266,3286,3296,3333,3372,3408,3423,3437,3481,3491,3530,3575,3588,3631,3653,3679,3689,3720,3857,3867,3901,3979,4934,5554,5865,5874,6155,6181,6269,6416,6423,6434,6442,6655,6680,6693,6705,6741,6750,6839,7258,7291,7310,7350,7365,7377,7391,7403,7492,7511,7522,7535,7546,7582,7653,7664,7695,7705,7745,7758,8600,8639,8660,8665,8692,8706,8726,8736,8773,8812,8848,8863,8878,8922,8932,8971,9016,9029,9072,9094,9120,9130,9161,9298,9308,9342,9420,	
secundaria 8 346 8 110,143,3098,3370,5552,5585,8538,8810,	
generalización 8 346 8 109,142,3097,3369,5551,5584,8537,8809,	
anhidra 1 346 1 5299,	
equilibrio 4 346 4 1451,2469,6888,7907,	
o 53 346 53 107,140,224,336,394,533,641,667,1057,1839,1866,1876,2364,2721,3095,3367,3419,3431,3451,3816,3841,3969,4355,4422,4429,4481,4506,4939,5015,5189,5266,5549,5582,5666,5778,5836,5975,6083,6109,6495,7276,7303,7313,7801,8160,8535,8807,8859,8872,8892,9257,9282,9410,	
parcial 26 346 26 105,138,1225,1920,2066,2274,2870,3042,3065,3093,3180,3318,3365,5547,5580,6663,7356,7503,7711,8310,8482,8505,8533,8620,8758,8805,	
inicio 26 346 26 104,137,1224,1836,1919,2065,2273,3092,3172,3179,3310,3317,3364,5546,5579,6662,7273,7355,7502,7710,8532,8612,8619,8750,8757,8804,	
crisis 68 346 68 102,135,161,181,1176,1206,1222,1917,2063,2207,2260,2271,2297,3032,3090,3177,3315,3337,3350,3362,3427,3433,3534,3597,3644,3704,3724,3738,3752,3802,3819,3883,3905,3919,5544,5577,5603,5623,6614,6644,6660,7353,7500,7644,7697,7708,7734,8472,8530,8617,8755,8777,8790,8802,8867,8874,8975,9038,9085,9145,9165,9179,9193,9243,9260,9324,9346,9360,	
tratamiento 50 346 50 99,132,158,178,282,360,647,922,1173,1838,2241,2337,2654,2735,3087,3148,3201,3258,3323,3359,3465,3594,3710,3749,3891,5541,5574,5600,5620,5724,5802,6089,6360,6611,7275,7678,7774,8093,8174,8527,8588,8641,8698,8763,8799,8906,9035,9151,9190,9332,	
monoterapia 6 346 6 96,2025,3387,5538,7462,8827,	
indicado 4 346 4 94,125,5536,5567,	
está 17 346 17 93,124,687,964,2817,4171,4260,4651,4676,4917,5535,5566,6129,6402,8257,9612,9701,	
terapéuticas 2 346 2 91,5533,	
Indicaciones 2 346 2 90,5532,	
	"4 2 346 2 88,5530,	
vértigo 2 346 2 2582,8021,	
CLÍNICOS 2 346 2 87,5529,	
DATOS 3 346 3 86,5284,5528,	
4 57 346 57 85,151,197,441,683,695,1045,1063,1064,1288,1328,1426,1695,1785,1893,1925,1951,2058,2288,2682,3105,3228,4063,4611,4690,4694,4763,4834,4856,4959,5000,5055,5235,5338,5527,5593,5639,5883,6125,6137,6483,6501,6502,6726,6765,6863,7132,7222,7330,7361,7387,7495,7725,8121,8545,8668,9504,	
" 4 346 4 84,2767,5526,8206,	
cara 2 346 2 83,5525,	
grabado 2 346 2 80,5522,	
infestaciones 2 346 2 2614,8053,	
""250"" 1 346 1 79,	
""ucb"" 2 346 2 77,5519,	
código 4 346 4 76,2781,5518,8220,	
ranurado 2 346 2 72,5514,	
oblongo 2 346 2 71,5513,	
Azul 1 346 1 70,	
une 2 346 2 2915,8355,	
	"Comprimido 2 346 2 66,5508,	
FARMACÉUTICA 2 346 2 65,5507,	
FORMA 2 346 2 64,5506,	
3 24 346 24 63,1046,3119,3136,3208,3458,3667,3834,4102,4563,4887,4978,5059,5331,5335,5505,6484,8559,8576,8648,8899,9108,9275,9543,	
6 24 346 24 61,1696,3341,3502,3729,3910,4311,4341,4608,4713,4724,5283,5325,5330,5337,5349,5391,5392,5503,7133,8781,8943,9170,9351,	
sección 4 346 4 60,1287,5502,6725,	
mostraron 2 346 2 1921,7357,	
ver 2 346 2 59,5501,	
excipientes 5 346 5 58,1062,5290,5500,6500,	
completa 4 346 4 56,3990,5498,9431,	
lista 2 346 2 55,5497,	
consultar 2 346 2 53,5495,	
Para 4 346 4 52,741,5494,6183,	
cercana 2 346 2 4087,9528,	
levetiracetam 118 346 118 51,924,948,963,1050,1228,1307,1411,1436,1466,1514,1553,1564,1583,1612,1646,1662,1668,1692,1708,2155,2568,2733,2758,2787,2816,2843,2861,2913,3004,3080,3114,3212,3235,3268,3289,3385,3453,3484,3547,3584,3615,3664,3682,3771,3831,3860,4010,4021,4188,4210,4354,4367,4404,4419,4573,4600,4619,4650,4721,4767,4858,4926,4991,5024,5038,5166,5493,6362,6386,6401,6488,6666,6744,6848,6873,6903,6951,6990,7001,7020,7049,7083,7099,7105,7129,7145,7592,8007,8172,8197,8227,8256,8283,8301,8353,8444,8520,8554,8652,8675,8708,8729,8825,8894,8925,8988,9025,9056,9105,9123,9212,9272,9301,9451,9462,9629,9651,	
contiene 2 346 2 47,5489,	
recubierto 4 346 4 44,67,5486,5509,	
comprimido 2 346 2 43,5485,	
	Cada 2 346 2 42,5484,	
CUANTITATIVA 2 346 2 41,5483,	
obtienen 2 346 2 4112,9553,	
influenciaron 4 346 4 1585,1614,7022,7051,	
Y 2 346 2 40,5482,	
CUALITATIVA 2 346 2 39,5481,	
COMPOSICIÓN 2 346 2 38,5480,	
2 25 346 25 37,198,301,415,1289,1608,1937,1950,1962,3132,3205,3927,4612,4893,5326,5479,5640,5743,7045,7373,7386,7398,8572,8645,9368,	
película 9 346 9 36,46,69,208,5381,5478,5488,5511,5650,	
inteligencia 2 346 2 1159,6597,	
Keppra 41 346 41 92,123,649,685,1086,1170,1253,1355,1387,1731,1912,1933,1959,2078,2102,2220,2314,2656,2703,4476,4950,5356,5534,5565,6091,6127,6524,6608,6691,6792,6824,7168,7348,7369,7395,7515,7539,7657,7751,8095,8142,	
recubiertos 5 346 5 34,206,5379,5476,5648,	
notificaciones 2 346 2 2415,7853,	
comprimidos 7 346 7 33,205,4054,5378,5475,5647,9495,	
mg 67 346 67 32,49,257,273,295,310,345,379,398,575,581,590,596,604,610,622,628,851,862,872,883,897,916,939,1100,1491,1581,1610,3131,3134,3210,4142,4151,5358,5474,5491,5699,5715,5737,5752,5787,5821,5840,6017,6023,6032,6038,6046,6052,6064,6070,6289,6300,6310,6321,6335,6354,6377,6538,6928,7018,7047,8571,8574,8650,9583,9592,	
250 15 346 15 31,48,256,294,603,869,880,936,5357,5698,5736,6045,6307,6318,6374,	
utilizarse 2 346 2 1734,7171,	
3) 2 346 2 1723,7160,	
	Keppra 2 346 2 30,5472,	
MEDICAMENTO 4 346 4 29,2773,5471,8212,	
NOMBRE 2 346 2 27,5469,	
atención 2 346 2 2473,7911,	
1 55 346 55 25,26,62,89,308,377,849,860,895,1579,2105,2775,3129,3203,3354,3448,3455,3743,3924,4046,4048,4101,4140,4149,4782,4826,4827,4831,4853,4871,4979,5287,5468,5504,5531,5750,5819,6287,6298,6333,7016,7542,8214,8569,8643,8794,8889,8896,9184,9365,9487,9489,9542,9581,9590,	
PRODUCTO 1 346 1 24,	
DEL 4 346 4 23,28,5466,5470,	
grupo 28 346 28 1932,1944,1958,1970,2077,2088,2101,2112,2219,2230,2311,2324,4250,4272,7368,7380,7394,7406,7514,7525,7538,7549,7656,7667,7748,7761,9691,9713,	
CARACTERÍSTICAS 1 346 1 22,	
LAS 1 346 1 21,	
DE 10 346 10 20,2771,5404,5407,5422,5424,5434,5438,5463,8210,	
RESUMEN 1 346 1 19,	
O 1 346 1 18,	
absorción 10 346 10 1660,1666,1679,3988,4166,7097,7103,7116,9429,9607,	
TÉCNICA 1 346 1 17,	
FICHA 1 346 1 16,	
tuvo 5 346 5 1442,1640,4420,6879,7077,	
información 1 346 1 13,	
Toda 1 346 1 11,	
medicamento 2 346 2 10,15,	
Basica 1 346 1 8,	
	Información 1 346 1 7,	
PELICULAR 1 346 1 6,	
CUBIERTA 1 346 1 5,	
CON 1 346 1 4,	
COMPRIMIDOS 1 346 1 3,	
laberinto 2 346 2 2580,8019,	
60 12 346 12 2,1408,2754,3274,3843,4757,5374,5416,6845,8193,8714,9284,	
250MG 1 346 1 1,	
KEPPRA 1 346 1 0,	
