	Prospectos 1 329 1 9043,	
19 1 329 1 8798,	
18 1 329 1 8174,	
2776 1 329 1 6734,	
eu/ 1 329 1 6663,	
europa 1 329 1 6662,	
emea 1 329 1 6661,	
//www 1 329 1 6660,	
http 1 329 1 6659,	
(EMEA) 1 329 1 6658,	
Medicamento 1 329 1 6657,	
Agencia 1 329 1 6654,	
web 1 329 1 6651,	
página 1 329 1 6650,	
detallada 1 329 1 6642,	
TEXTO 1 329 1 6639,	
2003 1 329 1 6632,	
renovación 1 329 1 6629,	
última 1 329 1 6628,	
1998 1 329 1 6624,	
Octubre 2 329 2 6623,6631,	
16 3 329 3 6622,6630,7030,	
autorización 1 329 1 6621,	
AUTORIZACIÓN/RENOVACIÓN 1 329 1 6613,	
PRIMERA 1 329 1 6612,	
FECHA 2 329 2 6609,6634,	
EU/1/98/085/009 1 329 1 6607,	
	EU/1/98/085/001-003 1 329 1 6605,	
NÚMEROS 1 329 1 6600,	
Unido 1 329 1 6598,	
1DH 1 329 1 6595,	
UB8 1 329 1 6594,	
Road 1 329 1 6592,	
Sanderson 1 329 1 6591,	
Uxbridge 2 329 2 6588,6593,	
PHARMA 1 329 1 6586,	
SQUIBB 1 329 1 6585,	
	BRISTOL-MYERS 1 329 1 6584,	
COMERCIALIZACIÓN 2 329 2 6583,6604,	
AUTORIZACIÓN 3 329 3 6581,6602,6616,	
LA 4 329 4 6580,6611,6615,6636,	
TITULAR 1 329 1 6578,	
normativas 1 329 1 6575,	
acuerdo 1 329 1 6572,	
realizará 1 329 1 6570,	
contacto 1 329 1 6566,	
materiales 1 329 1 6561,	
utilizado 1 329 1 6556,	
manipulaciones 1 329 1 6550,	
tamaños 1 329 1 6539,	
comercializados 1 329 1 6537,	
unidosis 1 329 1 6530,	
precortado 1 329 1 6529,	
56 2 329 2 6480,6513,	
blisters 3 329 3 6473,6489,6505,	
láminas 4 329 4 6467,6483,6499,6518,	
PVC/PVDC/Aluminio 5 329 5 6459,6475,6491,6507,6532,	
blister 7 329 7 6452,6457,6468,6484,6500,6519,6528,	
lámina 1 329 1 6451,	
comprimidos; 5 329 5 6449,6465,6481,6497,6516,	
cartón 5 329 5 6446,6462,6478,6494,6511,	
Envases 5 329 5 6444,6460,6476,6492,6509,	
envase 1 329 1 6443,	
contenido 1 329 1 6441,	
Naturaleza 1 329 1 6439,	
humedad 1 329 1 6436,	
protegerlo 1 329 1 6433,	
embalaje 1 329 1 6430,	
Conservar 1 329 1 6427,	
temperatura 1 329 1 6423,	
conservación 1 329 1 6419,	
Precauciones 2 329 2 6416,6544,	
validez 1 329 1 6411,	
hierro 1 329 1 6398,	
maíz 1 329 1 6394,	
Almidón 1 329 1 6392,	
hidratada 1 329 1 6391,	
coloidal 1 329 1 6390,	
Sílice 1 329 1 6389,	
Estearato 1 329 1 6386,	
sódica 1 329 1 6383,	
Croscarmelosa 1 329 1 6382,	
Celulosa 1 329 1 6380,	
	6 1 329 1 6375,	
neoplasias 1 329 1 6371,	
disponible 2 329 2 6356,6647,	
genotóxico 1 329 1 6350,	
rojo 1 329 1 6399,	
equívocas 1 329 1 6346,	
evidencias 1 329 1 6345,	
experimentales 1 329 1 6341,	
conejo 1 329 1 6335,	
significativa 1 329 1 6323,	
resorción 1 329 1 6315,	
resolvieron 1 329 1 6304,	
subcutáneo) 1 329 1 6297,	
hidrouréter 1 329 1 6294,	
pélvica 1 329 1 6292,	
(aumento 1 329 1 6288,	
transitorios 1 329 1 6287,	
tóxicos 1 329 1 6286,	
mostrado 1 329 1 6284,	
carcinogenicidad 1 329 1 6275,	
parece 1 329 1 6264,	
consideraron 1 329 1 6241,	
Todos 1 329 1 6237,	
yuxtaglomerulares 2 329 2 6226,6262,	
originan 1 329 1 6212,	
hipotensores 1 329 1 6208,	
considerados 1 329 1 6202,	
creatinina) 1 329 1 6201,	
túbulos 1 329 1 6193,	
tubular 1 329 1 6192,	
(como 1 329 1 6188,	
macaco 1 329 1 6180,	
rata 3 329 3 6177,6301,6333,	
hematocrito) 1 329 1 6167,	
hematológicos 1 329 1 6164,	
causaron 1 329 1 6158,	
250 1 329 1 6149,	
órganos 1 329 1 6132,	
sistémica 1 329 1 6128,	
carcinogénico 2 329 2 6115,6352,	
clastogenicidad 2 329 2 6099,6273,	
mutagenicidad 2 329 2 6097,6272,	
bajas 1 329 1 6079,	
vieron 1 329 1 6060,	
hombre 1 329 1 6044,	
animales 4 329 4 6027,6040,6110,6280,	
materna 2 329 2 6010,6322,	
fetos 1 329 1 6299,	
producen 2 329 2 6008,6320,	
Estos 2 329 2 5973,6071,	
renina) 1 329 1 5959,	
productoras 1 329 1 5957,	
células 3 329 3 5956,6225,6260,	
estimulación 1 329 1 5953,	
liberación 1 329 1 5949,	
(bloqueo 1 329 1 5939,	
farmacológica 2 329 2 5936,6246,	
mayoría 1 329 1 5925,	
evitado 1 329 1 5914,	
parcialmente 1 329 1 5913,	
macacos; 1 329 1 5903,	
lesiones 1 329 1 5898,	
distensión 1 329 1 6191,	
administraron 2 329 2 5883,6088,	
Lista 1 329 1 6377,	
mucosa 1 329 1 5861,	
focal 1 329 1 5858,	
necrosis 1 329 1 5857,	
úlceras 1 329 1 5855,	
estómago 1 329 1 5854,	
(eritrocitos 2 329 2 5849,6165,	
descensos 2 329 2 5844,5904,	
renina-angiotensina; 1 329 1 5842,	
yuxtaglomerular 1 329 1 5828,	
hiperplasia/hipertrofia 3 329 3 5825,6222,6257,	
ligeros 2 329 2 5814,5843,	
caracterizados 1 329 1 5812,	
significativas) 1 329 1 5809,	
toxicológicas 1 329 1 5808,	
interaciones 1 329 1 5807,	
secundarios 2 329 2 5796,6204,	
mg/kg/día 7 329 7 5775,5885,5889,5894,6150,6155,6231,	
90/90 1 329 1 5774,	
10/10 2 329 2 5772,5893,	
observados 2 329 2 5763,5864,	
humanos 4 329 4 5759,5988,6255,6358,	
terapéutico 1 329 1 5757,	
relevancia 3 329 3 5753,5978,6267,	
hallazgos 4 329 4 5750,5974,6072,6239,	
meses 2 329 2 5746,5875,	
macacos 3 329 3 5743,5767,6233,	
ratas 6 329 6 5741,5765,5872,5996,6152,6228,	
potencial 2 329 2 5731,6114,	
preclínicos 1 329 1 5723,	
20 1 329 1 5674,	
farmacocinéticos 2 329 2 5643,5694,	
leche 1 329 1 5638,	
hematoencefálica 1 329 1 5632,	
placenta 1 329 1 5627,	
atraviesa 1 329 1 5625,	
61% 1 329 1 5612,	
500 1 329 1 6173,	
eliminada 1 329 1 5605,	
excreta 2 329 2 5591,5635,	
heces 1 329 1 5583,	
orina 2 329 2 5578,5593,	
recupera 1 329 1 5576,	
20% 1 329 1 5571,	
IV 1 329 1 5563,	
eliminan 1 329 1 5551,	
CYP3A4 1 329 1 5541,	
eritrocitarios 1 329 1 5848,	
isoenzima 1 329 1 5540,	
CYP2C9; 1 329 1 5538,	
P450 1 329 1 5537,	
citocromo 1 329 1 5536,	
oxida 1 329 1 5529,	
vitro 1 329 1 5524,	
in 1 329 1 5523,	
6%) 1 329 1 5520,	
(aproximadamente 1 329 1 5518,	
glucurónido 1 329 1 5517,	
oxidación 1 329 1 5509,	
glucurónida 1 329 1 5507,	
conjugación 1 329 1 5506,	
hígado 1 329 1 5500,	
inalterado 2 329 2 5494,5596,	
atribuye 1 329 1 5491,	
circulante 2 329 2 5489,5513,	
radioactividad 2 329 2 5487,5574,	
80-85% 1 329 1 5484,	
14C 2 329 2 5482,5568,	
30ºC 1 329 1 6426,	
marcado 2 329 2 5480,5566,	
intravenosa 1 329 1 5477,	
5-15 1 329 1 5470,	
oscila 1 329 1 5468,	
(18-40 1 329 1 5438,	
jóvenes 1 329 1 5437,	
años) 2 329 2 5432,5439,	
elevados 1 329 1 5426,	
Cmax 1 329 1 5419,	
AUC 1 329 1 5417,	
vida 1 329 1 5395,	
hipertensas 1 329 1 5386,	
ligeramente 1 329 1 5379,	
estudio 2 329 2 5374,5867,	
20%) 1 329 1 5371,	
(< 1 329 1 5370,	
limitada 1 329 1 5367,	
acumulación 2 329 2 5365,5400,	
observa 1 329 1 5363,	
repetidas 1 329 1 5361,	
diarias 1 329 1 5360,	
únicas 1 329 1 5359,	
Después 2 329 2 5353,5557,	
pauta 1 329 1 5346,	
días 1 329 1 5342,	
alcanzan 1 329 1 5338,	
estacionario 1 329 1 5336,	
terminal 1 329 1 5324,	
semivida 4 329 4 5321,5443,5463,5681,	
157-176 1 329 1 5313,	
Fecha 2 329 2 6617,6625,	
corporal 1 329 1 5306,	
Menos 1 329 1 5584,	
desconoce 1 329 1 5300,	
esperado; 1 329 1 5298,	
proporcional 1 329 1 5291,	
A 3 329 3 5281,6168,6249,	
600 2 329 2 5279,5285,	
presenta 1 329 1 5264,	
l/kg 1 329 1 5262,	
Periodo 1 329 1 6409,	
14 7 329 7 5261,6448,6454,6470,6486,6502,6508,	
83-1 1 329 1 5260,	
aparente 1 329 1 5255,	
litros 1 329 1 5240,	
distribución 2 329 2 5234,5257,	
sanguíneos 1 329 1 5230,	
celulares 1 329 1 5229,	
despreciable 2 329 2 5225,5545,	
96% 1 329 1 5222,	
unión 2 329 2 5212,5242,	
5-2 1 329 1 5194,	
50-80% 1 329 1 5172,	
60-80% 1 329 1 5169,	
absoluta 1 329 1 5166,	
Tras 2 329 2 5157,5472,	
ejercer 1 329 1 5154,	
biotransformación 1 329 1 5152,	
requieren 1 329 1 5151,	
adversa 1 329 1 5106,	
reacción 1 329 1 5105,	
1% 1 329 1 5098,	
8% 1 329 1 5094,	
0% 1 329 1 5086,	
periodo 1 329 1 5062,	
tipos 1 329 1 5032,	
0001) 1 329 1 5030,	
1/19 1 329 1 5019,	
21 2 329 2 5018,5688,	
8/24 1 329 1 5014,	
cinco 1 329 1 5009,	
PASSe/PADSe 1 329 1 5006,	
172/113 1 329 1 4995,	
basal 1 329 1 4990,	
Park 1 329 1 6590,	
= 1 329 1 4984,	
(p 2 329 2 4983,5027,	
comparado 1 329 1 4972,	
alcanzaron 1 329 1 4965,	
2%) 1 329 1 4957,	
(47 1 329 1 4956,	
siete 1 329 1 4953,	
90 5 329 5 4942,4970,5884,5888,6230,	
(PADSe 1 329 1 4940,	
controlada 1 329 1 4939,	
proporción 1 329 1 4933,	
principal 2 329 2 4926,5511,	
objetivo 1 329 1 4925,	
estable 1 329 1 4923,	
pecho 1 329 1 4922,	
angina 1 329 1 4920,	
5% 1 329 1 4913,	
hiperlipidemia 1 329 1 4903,	
parecen 2 329 2 5931,5975,	
34% 1 329 1 4901,	
(12%) 1 329 1 4894,	
doce 1 329 1 4891,	
Incompatibilidades 1 329 1 6404,	
2% 3 329 3 4880,4976,5586,	
pregelatinizado 1 329 1 6395,	
sólo 1 329 1 4878,	
superior 3 329 3 4873,4886,6424,	
tenía 2 329 2 4868,4881,	
original 1 329 1 6431,	
13% 1 329 1 4867,	
52 1 329 1 4863,	
varones 1 329 1 4854,	
perfusión 1 329 1 6217,	
58% 1 329 1 4845,	
semana 2 329 2 4831,4946,	
baja) 1 329 1 4828,	
evaluar 2 329 2 4821,6112,	
(antes 1 329 1 4819,	
sistemático 1 329 1 4818,	
escalado 1 329 1 4817,	
razón 1 329 1 4802,	
randomizados 1 329 1 4800,	
total 2 329 2 4795,5307,	
Un 1 329 1 4794,	
comparador 1 329 1 4787,	
ciego 1 329 1 4783,	
randomizado 1 329 1 4781,	
ensayo 3 329 3 4779,4852,4929,	
evaluada 1 329 1 4776,	
mmHg) 2 329 2 4774,4943,	
110 1 329 1 4773,	
PADSe 3 329 3 4772,4937,4968,	
(definida 1 329 1 4770,	
severa 1 329 1 4769,	
inicio 1 329 1 4766,	
eficacia 1 329 1 4758,	
razas 1 329 1 4756,	
obtenida 1 329 1 4751,	
aproxima 1 329 1 4748,	
evaluados 1 329 1 6023,	
antihipertensiva 1 329 1 4741,	
baja 1 329 1 4730,	
administra 2 329 2 4725,6047,	
inferior 2 329 2 4721,5296,	
notablemente 1 329 1 4720,	
negra 2 329 2 4718,4746,	
resto 1 329 1 5581,	
respuesta 4 329 4 4685,4708,4740,4823,	
mortalidad 3 329 3 4658,4676,6325,	
morbilidad 2 329 2 4655,4678,	
rebote 1 329 1 4634,	
específicamente 1 329 1 4625,	
estudiado 2 329 2 4624,4644,	
año 1 329 1 4619,	
mantuvo 1 329 1 4614,	
seguimiento 1 329 1 4605,	
6-8 1 329 1 4599,	
hematocrito); 1 329 1 5851,	
transcurridas 2 329 2 4598,5192,	
semanas 5 329 5 4593,4600,4791,5010,5065,	
sustancialmente 1 329 1 4590,	
evidente 1 329 1 4579,	
reductor 1 329 1 4567,	
1/7 1 329 1 4556,	
11 2 329 2 4555,4843,	
intervalo 1 329 1 4524,	
efectividad 1 329 1 4514,	
consistente 1 329 1 4509,	
detectarse 1 329 1 4495,	
respectivamente 6 329 6 4486,4842,5026,5117,5177,5319,	
76% 1 329 1 4473,	
consulta 1 329 1 4468,	
manguito 1 329 1 4465,	
medido 1 329 1 4463,	
100% 1 329 1 4459,	
pico-valle 2 329 2 4450,4462,	
0 6 329 6 4435,4985,5015,5029,5082,5259,	
8/10 1 329 1 4434,	
15 1 329 1 4433,	
medias 1 329 1 4422,	
24 4 329 4 4417,4430,4490,5621,	
período 1 329 1 4415,	
100 1 329 1 6154,	
esperada 1 329 1 4408,	
diana 1 329 1 6133,	
3-6 1 329 1 4376,	
alcanza 2 329 2 4373,5191,	
9/6 1 329 1 4357,	
ajustada 1 329 1 4344,	
proporcionó 1 329 1 4335,	
respectivamente) 1 329 1 4319,	
(13 1 329 1 4312,	
sistólica 1 329 1 4309,	
observó 3 329 3 4298,4493,5288,	
les 2 329 2 4286,5882,	
responder 1 329 1 4283,	
pacientes) 1 329 1 4267,	
22 1 329 1 4266,	
(7 1 329 1 4263,	
limitados 1 329 1 4262,	
disponen 1 329 1 4258,	
13 2 329 2 4252,6147,	
sustracción 3 329 3 4247,4426,4562,	
nacimiento 1 329 1 6307,	
sistólica/diastólica 4 329 4 4244,4343,4423,4553,	
globales 1 329 1 4243,	
Hg 6 329 6 4224,4256,4318,4360,4437,4559,	
mm 6 329 6 4223,4255,4317,4359,4436,4558,	
post-dosificación) 2 329 2 4219,4354,	
valle 2 329 2 4216,4351,	
diastólica 2 329 2 4206,4311,	
dio 1 329 1 4198,	
diaria 4 329 4 4197,4323,4531,5352,	
única 4 329 4 4196,4322,4530,5351,	
dosis-dependientes 1 329 1 4164,	
reducciones 5 329 5 4162,4201,4242,4337,4421,	
da 3 329 3 4159,4238,4403,	
rangos 1 329 1 4155,	
máximos 1 329 1 4131,	
alcanzándose 2 329 2 4129,4594,	
horas 15 329 15 4123,4136,4146,4218,4353,4377,4418,4431,4491,5195,5206,5330,5471,5622,5689,	
revertir 1 329 1 4108,	
tiende 1 329 1 4106,	
conjunta 1 329 1 4103,	
renina-angiotensina- 1 329 1 4099,	
través 1 329 1 4094,	
Probablemente 1 329 1 4092,	
bicarbonato 1 329 1 4085,	
secreción 1 329 1 4071,	
plasmático 1 329 1 4061,	
reduce 2 329 2 4058,4672,	
diurética 1 329 1 4054,	
acción 2 329 2 4053,6245,	
equivalentes 1 329 1 4051,	
aproximadamente 5 329 5 4050,4132,4994,5220,5569,	
cantidades 1 329 1 4049,	
directa 2 329 2 4041,5833,	
incrementando 1 329 1 4038,	
túbulo 1 329 1 4036,	
reabsorción 1 329 1 4031,	
ejercen 1 329 1 4021,	
mecanismo 3 329 3 4014,4029,5303,	
totalmente 1 329 1 4011,	
inactivos 1 329 1 3995,	
metabolitos 2 329 2 3994,5549,	
bradiquinina 1 329 1 3992,	
genera 1 329 1 3985,	
(kininasa-II) 1 329 1 3981,	
recomendadas 1 329 1 3964,	
plasmática 6 329 6 3943,4068,5189,5366,5465,5488,	
aldosterona 3 329 3 3942,4073,4100,	
concentración 2 329 2 3940,5187,	
disminución 4 329 4 3937,4087,6160,6214,	
renina 3 329 3 3931,4067,5951,	
(AT1) 1 329 1 3923,	
antagonismo 1 329 1 3915,	
síntesis 1 329 1 3910,	
AT1 1 329 1 3901,	
mediadas 1 329 1 3897,	
bloquear 1 329 1 3890,	
Parece 1 329 1 3889,	
vía 5 329 5 3887,3908,5147,5503,5553,	
activo 3 329 3 3885,4003,4788,	
AT1) 1 329 1 3884,	
(subtipo 1 329 1 3883,	
selectivo 2 329 2 3877,3916,	
potente 1 329 1 3875,	
separado 1 329 1 3871,	
diurético 2 329 2 3845,4007,	
receptor 3 329 3 3839,3879,3900,	
antagonista 2 329 2 3837,3876,	
asociación 7 329 7 3834,3849,6002,6018,6102,6121,6363,	
ATC 1 329 1 3829,	
Código 1 329 1 3828,	
farmacoterapéutico 1 329 1 3822,	
Grupo 1 329 1 3821,	
conservar 1 329 1 6421,	
Propiedades 2 329 2 3819,5120,	
	5 1 329 1 3817,	
ESTE 1 329 1 3815,	
FARMACOLÓGICAS 1 329 1 3813,	
PROPIEDADES 1 329 1 3812,	
grado 1 329 1 3804,	
establecido 2 329 2 3802,4012,	
elimina 3 329 3 3796,5618,5663,	
antiarrítmicos 1 329 1 3792,	
asociadas 1 329 1 3780,	
acentuar 1 329 1 3776,	
somnolencia 1 329 1 3766,	
comunes 1 329 1 3760,	
excesiva 2 329 2 3754,4498,	
consecuencia 2 329 2 3750,5832,	
deshidratación 1 329 1 3748,	
hiponatremia) 1 329 1 3746,	
hipocloremia 1 329 1 3745,	
relacionada 1 329 1 3740,	
bradicardia 1 329 1 3734,	
taquicardia; 1 329 1 3730,	
líquidos 1 329 1 3716,	
supina 1 329 1 3710,	
posición 1 329 1 3709,	
colocado 1 329 1 3707,	
años 4 329 4 4865,4876,4889,6413,	
aparece 1 329 1 3701,	
activado 1 329 1 3679,	
vegetal 1 329 1 3678,	
carbón 1 329 1 3677,	
lavado 1 329 1 3674,	
emesis 1 329 1 3672,	
inducción 1 329 1 3669,	
medidas 1 329 1 3666,	
síntomas 2 329 2 3664,3758,	
ingestión 1 329 1 3657,	
depende 1 329 1 3651,	
manejo 1 329 1 3648,	
sintomático 1 329 1 3643,	
monitorizado 1 329 1 3637,	
sobredosis 5 329 5 3630,3688,3724,3736,3762,	
específica 1 329 1 3624,	
dispone 1 329 1 3621,	
6% 1 329 1 5083,	
Sobredosis 1 329 1 3618,	
9 3 329 3 3617,4358,6608,	
electrolíticas) 1 329 1 3609,	
(especialmente 1 329 1 3606,	
dependiente 1 329 1 3603,	
triglicéridos 1 329 1 3598,	
hiperglicemia 1 329 1 3590,	
glucosuria 1 329 1 3589,	
C09DA04 1 329 1 3830,	
fiebre 1 329 1 3575,	
0005) 1 329 1 4986,	
nefritis 2 329 2 3559,6189,	
espasmos 2 329 2 3553,3773,	
musculoesquelético 1 329 1 3547,	
fotosensibilidad 1 329 1 3542,	
cutáneo 1 329 1 3539,	
mujeres 2 329 2 5385,5413,	
cutáneas 1 329 1 3530,	
vasculitis 1 329 1 3527,	
(vasculitis 1 329 1 3526,	
necrotizante 1 329 1 3525,	
angeitis 1 329 1 3524,	
tóxica 1 329 1 3523,	
epidérmica 1 329 1 3522,	
comparar 1 329 1 4931,	
necrolisis 1 329 1 3521,	
Europea 1 329 1 6655,	
anafilácticas 1 329 1 3520,	
electrolítica 1 329 1 3743,	
subcutáneo 1 329 1 3518,	
piel 1 329 1 3514,	
posee 1 329 1 3853,	
intrahepática) 1 329 1 3510,	
colestática 1 329 1 3509,	
apetito 1 329 1 3504,	
gástrica 2 329 2 3500,5862,	
irritación 1 329 1 3499,	
anorexia 1 329 1 3496,	
pancreatitis 1 329 1 3495,	
pulmonar) 1 329 1 3492,	
origen 1 329 1 3905,	
respiratoria 1 329 1 3487,	
inhibe 1 329 1 3978,	
cardíacas 2 329 2 3476,3779,	
xantopsia 1 329 1 3472,	
borrosa 1 329 1 3470,	
agitación 1 329 1 3466,	
parestesia 1 329 1 3464,	
sueño 1 329 1 3458,	
trastornos 2 329 2 3456,3561,	
significativamente 4 329 4 3960,5449,5649,5700,	
psiquiátricos 1 329 1 3454,	
leucopenia 1 329 1 3451,	
neutropenia/agranulocitosis 1 329 1 3448,	
ósea 1 329 1 3447,	
médula 1 329 1 3446,	
plasmáticas 5 329 5 5216,5246,5333,5378,6196,	
anemia 2 329 2 3441,3449,	
linfático 1 329 1 3440,	
(independientemente 1 329 1 3417,	
abdominal 1 329 1 3412,	
dolor 1 329 1 3411,	
incluyen 3 329 3 3399,3432,3668,	
comunicadas 3 329 3 3392,3424,5039,	
potenciales 1 329 1 3382,	
anteriormente 2 329 2 3362,5929,	
además 1 329 1 3356,	
aislados 1 329 1 3336,	
ocurre 2 329 2 4697,5962,	
mialgia 1 329 1 3325,	
artralgia 1 329 1 3324,	
hepatitis 1 329 1 3310,	
hepatobiliares 2 329 2 3307,3506,	
disgeusia 1 329 1 3305,	
modelos 1 329 1 6340,	
dispepsia 1 329 1 3304,	
tos 1 329 1 3299,	
mediastínicos 2 329 2 3296,3485,	
torácicos 2 329 2 3294,3483,	
respiratorios 2 329 2 3293,3482,	
oido 1 329 1 3285,	
urticaria 2 329 2 3265,3545,	
postural 1 329 1 3480,	
cutánea 2 329 2 3263,3544,	
angioedema 1 329 1 3261,	
Raros 1 329 1 3253,	
inmunológico 1 329 1 3252,	
comercialización 1 329 1 3238,	
consiguiente 1 329 1 4076,	
sodio 2 329 2 3232,4045,	
creatina-cinasa 1 329 1 3223,	
BUN 1 329 1 3220,	
significativos 1 329 1 3216,	
clínicamente 2 329 2 3215,6136,	
parámetros 6 329 6 3207,5642,5693,5847,6056,6163,	
6/11 1 329 1 4253,	
cambios 4 329 4 3204,5762,5810,6183,	
presentaron 3 329 3 3203,5089,5102,	
REVISIÓN 1 329 1 6637,	
complementarias 2 329 2 3197,3577,	
Exploraciones 2 329 2 3196,3576,	
generales 3 329 3 3186,3401,3567,	
líbido 1 329 1 3184,	
sexual 1 329 1 3180,	
disfunción 1 329 1 3179,	
mama 1 329 1 3176,	
reproductor 1 329 1 3172,	
aparato 1 329 1 3171,	
envases 1 329 1 6541,	
relacionados 1 329 1 6242,	
micción 1 329 1 3168,	
anomalías 2 329 2 3165,3311,	
urinarios 3 329 3 3163,3329,3558,	
renales 5 329 5 3161,3327,3556,5811,6261,	
inflamación 1 329 1 3156,	
tejido 4 329 4 3152,3320,3517,3550,	
musculoesqueléticos 2 329 2 3149,3317,	
náuseas/vómitos 1 329 1 3144,	
rubor 1 329 1 3139,	
vasculares 2 329 2 3136,3478,	
edema 3 329 3 3134,3491,6296,	
síncope 2 329 2 3131,5073,	
ortostático 1 329 1 3126,	
mencionados 1 329 1 5930,	
mareo 4 329 4 3122,3125,3465,5103,	
Frecuentes 5 329 5 3121,3143,3164,3194,3217,	
aditivas 1 329 1 4163,	
nervioso 3 329 3 3120,3279,3462,	
Trastornos 31 329 31 3117,3127,3135,3141,3148,3160,3169,3185,3249,3266,3276,3283,3292,3300,3306,3316,3326,3400,3433,3453,3459,3467,3473,3477,3481,3493,3505,3511,3546,3555,3566,	
comunicaron 2 329 2 3112,5070,	
irbesartan/ 1 329 1 3109,	
adición 2 329 2 4182,4545,	
25 2 329 2 3102,4538,	
(rando 1 329 1 3095,	
898 1 329 1 3089,	
mmHg 4 329 4 4971,4996,5016,5021,	
recomendado 1 329 1 3079,	
rango 2 329 2 3076,5272,	
raza 3 329 3 3070,4717,4745,	
edad 5 329 5 3068,4692,4856,4870,4883,	
sexo 2 329 2 3066,4695,	
relacionó 1 329 1 3063,	
recibieron 3 329 3 3054,3092,5769,	
tratados 7 329 7 3047,3200,4961,4980,5043,5057,5110,	
frecuente 2 329 2 3043,4909,	
laboratorio 2 329 2 3040,3209,	
cefalea 1 329 1 3282,	
debida 1 329 1 3033,	
alteran 1 329 1 4027,	
discontinuación 1 329 1 3032,	
grupos 3 329 3 3029,5078,5109,	
irbesartan/hidroclorotiazida 14 329 14 3026,3049,3202,3240,4612,4806,4833,5023,5735,5779,5896,5986,6019,6103,	
rápidamente 2 329 2 3718,5604,	
diferente 1 329 1 3022,	
realizados 2 329 2 3010,6278,	
placebo 9 329 9 3009,3030,3055,3085,4212,4249,4347,4428,4564,	
37 1 329 1 3099,	
frente 3 329 3 3007,3083,4345,	
controlados 5 329 5 3006,3082,4173,4274,4535,	
ensayos 2 329 2 3004,3081,	
Irbesartan/hidroclorotiazida 2 329 2 3002,5726,	
gravedad 2 329 2 3001,3661,	
decreciente 1 329 1 2999,	
orden 1 329 1 2998,	
estreñimiento 1 329 1 3498,	
000) 1 329 1 2986,	
hubo 3 329 3 6094,6124,6269,	
raras(< 1 329 1 2984,	
000); 1 329 1 2982,	
1/10 2 329 2 2978,2985,	
1/100); 1 329 1 2975,	
000 2 329 2 2973,2979,	
1/1 2 329 2 2972,2981,	
1/100 1 329 1 2966,	
1/10); 2 329 2 2963,2968,	
( 7 329 7 2962,2965,2971,2977,5430,6148,6172,	
frecuentes 11 329 11 2961,2964,2970,3124,3130,3138,3146,3155,3178,3225,3410,	
según 1 329 1 2956,	
agrupadas 1 329 1 2955,	
encuentran 1 329 1 2954,	
mencionadas 2 329 2 2950,3361,	
adversas 11 329 11 2946,2949,2994,3116,3248,3360,3384,3391,3416,5038,5053,	
Reacciones 1 329 1 2945,	
8 8 329 8 2944,3387,4315,4790,5064,6521,6599,6694,	
mareos 1 329 1 2940,	
ocasionalmente 1 329 1 2931,	
cuenta 1 329 1 2929,	
aditivo 1 329 1 3857,	
maquinaria 1 329 1 2925,	
plazo 2 329 2 4608,4669,	
altere 1 329 1 2918,	
improbable 1 329 1 2915,	
propiedades 1 329 1 2912,	
Atendiendo 1 329 1 2909,	
ciento 2 329 2 4893,4955,	
realizado 3 329 3 2899,5712,6107,	
máquinas 2 329 2 2895,2908,	
conducir 3 329 3 2892,2905,2922,	
capacidad 3 329 3 2890,2903,2920,	
7 5 329 5 2886,3140,6498,6517,6577,	
intención 1 329 1 2874,	
tengan 1 329 1 2873,	
alternativa 1 329 1 2867,	
cambiarse 1 329 1 2863,	
Debido 1 329 1 2843,	
materno 1 329 1 2840,	
fetal 1 329 1 2834,	
ictericia 2 329 2 2833,3507,	
trombocitopenia 2 329 2 2830,3452,	
comunicado 3 329 3 2827,3244,3368,	
adultos 1 329 1 2824,	
observadas 1 329 1 2822,	
posiblemente 1 329 1 2819,	
electrolíticos 1 329 1 2817,	
persufión 1 329 1 2814,	
lineal 1 329 1 5267,	
umbilical 1 329 1 2807,	
53-93 1 329 1 5239,	
sangre 2 329 2 2804,3436,	
detectan 1 329 1 2802,	
placentaria 2 329 2 2799,2815,	
barrera 2 329 2 2798,5631,	
atraviesan 1 329 1 2796,	
monitorizados 1 329 1 2781,	
cuidadosamente 1 329 1 2780,	
tratadas 1 329 1 2775,	
hayan 2 329 2 2773,6563,	
madres 1 329 1 2772,	
cuyas 1 329 1 2771,	
lactantes 1 329 1 2770,	
reduciendo 1 329 1 3858,	
cráneo 1 329 1 2768,	
toxicológicos 1 329 1 5751,	
Datos 1 329 1 5722,	
ultrasonidos 1 329 1 2761,	
detectaron 1 329 1 5391,	
partir 1 329 1 2749,	
produce 4 329 4 2743,2785,3924,4548,	
hiperpotasemia) 1 329 1 2736,	
eliminación 6 329 6 3806,5323,5445,5683,6547,6552,	
neonatal 3 329 3 2732,2831,2836,	
dosis-dependiente 1 329 1 5269,	
craneal) 1 329 1 2729,	
asociaciones 1 329 1 3827,	
osificación 1 329 1 2728,	
retraso 1 329 1 2725,	
(disminución 1 329 1 2719,	
humana 1 329 1 2718,	
fetotoxicidad 1 329 1 2717,	
induce 1 329 1 2716,	
10 3 329 3 5276,6235,6633,	
ARA 1 329 1 2653,	
riesgos 1 329 1 2637,	
existir 1 329 1 2636,	
oculares 1 329 1 3468,	
(ARAII) 1 329 1 2630,	
soporte 1 329 1 3646,	
específicos 1 329 1 2614,	
epidemiológicos 2 329 2 2613,4661,	
datos 2 329 2 2612,4260,	
pequeño 1 329 1 2605,	
excluir 1 329 1 2603,	
concluyente; 1 329 1 2597,	
global 1 329 1 3016,	
exposición 3 329 3 2582,2706,2745,	
urea 2 329 2 5820,6199,	
teratogenicidad 1 329 1 2579,	
epidemiológica 1 329 1 2574,	
contraindicado 2 329 2 2551,2881,	
Está 1 329 1 2550,	
primer 3 329 3 2542,2590,2856,	
lactancia 2 329 2 2530,2884,	
hemolítica 1 329 1 3450,	
mielosupresor 1 329 1 2525,	
metotrexato) 1 329 1 2520,	
ciclofosfamida 1 329 1 2519,	
aborto 1 329 1 6313,	
citotóxicos 1 329 1 2517,	
amantadina 1 329 1 2506,	
independencia 1 329 1 3903,	
causados 1 329 1 2503,	
gástrico 2 329 2 2493,3675,	
neumonitis 1 329 1 3489,	
vaciamiento 1 329 1 2492,	
frecuencia 5 329 5 2490,2958,2991,3015,3699,	
gastrointestinal 1 329 1 2487,	
motilidad 1 329 1 2486,	
(fallo 1 329 1 2733,	
disminuyendo 1 329 1 2484,	
tiazida 1 329 1 2483,	
tipo 3 329 3 2482,2641,3532,	
atropina 1 329 1 2473,	
anticolinérgicos 1 329 1 2471,	
diazóxido 1 329 1 2468,	
beta-bloqueantes 1 329 1 2465,	
hiperglucémico 1 329 1 2462,	
aumentar 2 329 2 2459,3613,	
Otras 1 329 1 2454,	
D) 1 329 1 2453,	
vitamina 1 329 1 2452,	
prescriben 1 329 1 2437,	
Óxidos 1 329 1 6396,	
ajustar 1 329 1 2427,	
monitorizarse 2 329 2 2420,3697,	
Deben 1 329 1 2419,	
hemodiálisis 4 329 4 3798,3810,5659,5665,	
reducción 7 329 7 2415,4407,4497,4517,4550,5004,5799,	
Sales 2 329 2 2399,9038,	
alopurinol; 2 329 2 2398,9037,	
Poco 8 329 8 3123,3129,3137,3145,3154,3177,3224,3409,	
incidencia 4 329 4 2392,3057,5034,9031,	
probenecid 2 329 2 2380,9019,	
nivel 2 329 2 2366,9005,	
elevar 2 329 2 2364,9003,	
antigotosos 4 329 4 2347,2358,8986,8997,	
relajantes 2 329 2 2340,8979,	
tubocurarina) 2 329 2 2331,8970,	
esquelético 2 329 2 2329,8968,	
músculo 4 329 4 2328,2344,8967,8983,	
despolarizantes 4 329 4 2326,2342,8965,8981,	
Relajantes 2 329 2 2324,8963,	
utilizadas; 2 329 2 2323,8962,	
suficiente 2 329 2 2318,8957,	
aminas 2 329 2 2313,8952,	
noradrenalina) 2 329 2 2305,8944,	
presoras 4 329 4 2303,2314,8942,8953,	
Aminas 2 329 2 2302,8941,	
tiazídicos; 2 329 2 2301,8940,	
natriuréticos 2 329 2 2295,8934,	
esteroideo 2 329 2 2289,8928,	
antiinflamatorio 2 329 2 2287,8926,	
inducidas 2 329 2 2269,8908,	
cardiacas 2 329 2 2268,8907,	
arritmias 4 329 4 2267,3475,3778,8906,	
aparición 2 329 2 2265,8904,	
favorece 2 329 2 2263,8902,	
Glucósidos 2 329 2 2253,8892,	
hipopotasemia; 2 329 2 2252,8891,	
duración 3 329 3 4140,4793,5877,	
Corticosteroides 2 329 2 2241,8880,	
aniónico; 2 329 2 2240,8879,	
intercambio 2 329 2 2239,8878,	
resinas 2 329 2 2237,8876,	
modificada 2 329 2 2233,8872,	
Colestiramina 2 329 2 2224,8863,	
4); 2 329 2 2223,8862,	
orales 2 329 2 2207,8846,	
Business 1 329 1 6589,	
valores 4 329 4 3690,4966,5415,5818,	
(fármacos 2 329 2 2206,8845,	
antidiabéticos 4 329 4 2205,2219,8844,8858,	
potenciar 5 329 5 2200,2335,2522,8839,8974,	
Alcohol 2 329 2 2198,8837,	
conjuntamente 3 329 3 2197,4726,8836,	
interaccionar 2 329 2 2189,8828,	
siguientes 5 329 5 2186,3114,3246,5761,8825,	
coadministración 2 329 2 2175,8814,	
modificó 3 329 3 2172,5448,8811,	
rifampicina 2 329 2 2160,8799,	
inductores 2 329 2 2155,8794,	
evaluado 2 329 2 2150,8789,	
metabolizado 2 329 2 2144,8783,	
warfarina 2 329 2 2141,8780,	
administró 3 329 3 2137,5919,8776,	
significativas 3 329 3 2134,6137,8773,	
farmacodinámicas 4 329 4 2133,2913,3820,8772,	
farmacocinéticas 3 329 3 2131,5121,8770,	
observaron 8 329 8 2129,5376,5749,5782,5806,5901,6075,8768,	
glucuronización 2 329 2 2126,8765,	
(ictericia 1 329 1 3508,	
medida 3 329 3 2124,3864,8763,	
menor 2 329 2 2123,8762,	
CYP2C9 6 329 6 2120,2146,2157,8759,8785,8796,	
metaboliza 4 329 4 2116,5497,5601,8755,	
farmacocinética 8 329 8 2111,2163,2167,5134,5266,8750,8802,8806,	
modifica 2 329 2 2109,8748,	
clínicos 5 329 5 2105,3005,3037,4261,8744,	
estudios 11 329 11 2104,2900,4603,4660,5522,5713,6025,6108,6139,6277,8743,	
interacciones 7 329 7 2100,2130,2182,2455,8739,8769,8821,	
adicional 6 329 6 2097,2179,3349,4551,8736,8818,	
relación 2 329 2 3420,4689,	
nutrición 1 329 1 3272,	
Información 5 329 5 2096,2178,3348,8735,8817,	
periodicamente 2 329 2 2094,8733,	
comienzo 2 329 2 2088,8727,	
después 4 329 4 2086,2095,8725,8734,	
considerarse 2 329 2 2079,8718,	
hidratados 2 329 2 2076,8715,	
Los 15 329 15 2071,2469,2769,3599,3689,3755,4659,5031,5178,5414,5521,5760,6011,6276,8710,	
administrada 2 329 2 2065,8704,	
previa 2 329 2 2060,8699,	
empeoramiento 2 329 2 2035,8674,	
incremento 8 329 8 2031,2375,3218,3591,4300,5290,8670,9014,	
ECA 4 329 4 2015,2587,3980,8654,	
atenuación 2 329 2 2005,8644,	
ocurrir 2 329 2 2003,8642,	
selectivos) 2 329 2 2001,8640,	
AINEs 4 329 4 1999,2027,8638,8666,	
g/dia) 2 329 2 1997,8636,	
(> 2 329 2 1995,8634,	
salicilico 2 329 2 1994,8633,	
acetil 2 329 2 1993,8632,	
COX- 2 329 2 1990,8629,	
ejemplo 2 329 2 1988,8627,	
(por 2 329 2 1987,8626,	
antiinflamatorios 2 329 2 1984,8623,	
simultáneamente 2 329 2 1981,8620,	
administran 4 329 4 1976,2196,8615,8835,	
esteroideos 6 329 6 1973,1986,2278,8612,8625,8917,	
Antiinflamatorios 4 329 4 1971,2276,8610,8915,	
periódica 2 329 2 1967,8606,	
1-2 2 329 2 4592,5204,	
(incluyendo 2 329 2 3488,3580,	
antiarrítmicos) 2 329 2 1962,8601,	
digitálicos 5 329 5 1961,2254,3787,8600,8893,	
glucósidos 3 329 3 1960,3786,8599,	
verse 4 329 4 1952,2232,8591,8871,	
manifestaciones 1 329 1 3720,	
puedan 2 329 2 1951,8590,	
administre 2 329 2 1946,8585,	
afectados 5 329 5 1938,1953,6061,8577,8592,	
adecuada 4 329 4 1925,2430,2868,8564,	
monitorización 8 329 8 1924,1966,2081,4380,4446,8563,8605,8720,	
elevaciones 2 329 2 1917,8556,	
heparina 2 329 2 1913,8552,	
u 2 329 2 1900,8539,	
renina-angiotensina 3 329 3 1881,4706,8520,	
bloquean 2 329 2 1878,8517,	
aumenta 4 329 4 4062,4069,4287,5686,	
dada 2 329 2 1867,8506,	
sódica) 4 329 4 1863,1914,8502,8553,	
G 2 329 2 1862,8501,	
penicilina 2 329 2 1861,8500,	
carbenoxolona 2 329 2 1860,8499,	
midió 1 329 1 4440,	
visión 1 329 1 3469,	
anfotericina 2 329 2 1859,8498,	
laxantes 2 329 2 1858,8497,	
kaliuréticos 2 329 2 1857,8496,	
pérdida 5 329 5 1848,3502,4080,4110,8487,	
asociados 2 329 2 1845,8484,	
potencie 2 329 2 1840,8479,	
ahorrador 2 329 2 1820,8459,	
cuarenta 1 329 1 4951,	
atenuado 2 329 2 1816,8455,	
deplecionante 2 329 2 1809,8448,	
697 1 329 1 4797,	
modifican 6 329 6 1804,3959,5181,5648,5699,8443,	
Medicamentos 8 329 8 1802,1937,2204,2346,8441,8576,8843,8985,	
máxima 1 329 1 5188,	
fuera 2 329 2 1792,8431,	
Si 4 329 4 1789,2741,3700,8428,	
recomendada 2 329 2 1784,8423,	
podría 7 329 7 1766,2002,2028,3732,8405,8641,8667,	
reducen 2 329 2 1756,8395,	
Además 4 329 4 1753,3235,6219,8392,	
raramente 2 329 2 1745,8384,	
Muy 10 329 10 1744,3273,3280,3289,3297,3302,3308,3322,3330,8383,	
toxicidad 11 329 11 1743,1772,2731,5730,5869,6009,6127,6130,6321,8382,8411,	
séricas 2 329 2 1737,8376,	
concentraciones 5 329 5 1736,5332,5377,6195,8375,	
reversibles 2 329 2 1733,8372,	
detectado 2 329 2 1731,8370,	
previamente 3 329 3 1701,3369,8340,	
elevadas 5 329 5 1685,5381,6144,6197,8324,	
previo 2 329 2 1682,8321,	
Al 4 329 4 1669,2921,5609,8308,	
beta-adrenérgicos 2 329 2 1668,8307,	
bloqueantes 2 329 2 1667,8306,	
necesaria 2 329 2 1793,8432,	
calcio-antagonistas 2 329 2 1665,8304,	
segura 2 329 2 1659,8298,	
administrados 4 329 4 1656,3717,6068,8295,	
(con 2 329 2 1643,8282,	
Irbesartan 15 329 15 1640,2114,3388,3793,3872,3976,3996,5140,5263,5495,5546,5660,6122,8279,8753,	
incrementarse 5 329 5 1631,2244,3611,8270,8883,	
Otros 2 329 2 1622,8261,	
interacción 3 329 3 1621,5836,8260,	
formas 2 329 2 1619,8258,	
Interacción 2 329 2 1612,8251,	
glucosa-galactosa 2 329 2 1609,8248,	
malabsorción 2 329 2 1607,8246,	
sugieren 1 329 1 4269,	
Lapp 2 329 2 1605,8244,	
lactasa 2 329 2 1604,8243,	
galactosa 2 329 2 1601,8240,	
intolerancia 2 329 2 1598,8237,	
raros 11 329 11 1596,3255,3274,3281,3290,3298,3303,3309,3323,3331,8235,	
microcristalina 1 329 1 6381,	
hereditarios 2 329 2 1595,8234,	
EU/1/98/085/007 1 329 1 6606,	
problemas 2 329 2 1594,8233,	
producto 2 329 2 1583,8222,	
Lactosa 3 329 3 1581,6384,8220,	
procede 4 329 4 1569,2697,6406,8208,	
inmediatamente 3 329 3 1561,2689,8200,	
diagnostique 3 329 3 1556,2684,8195,	
conocido 3 329 3 1547,2675,8186,	
seguridad 7 329 7 1546,2674,4512,4760,5725,6142,8185,	
perfil 4 329 4 1544,2672,5050,8183,	
tenga 3 329 3 1542,2670,8181,	
alternativo 6 329 6 1540,1573,2668,2701,8179,8212,	
cambiar 3 329 3 1534,2663,8173,	
embarazadas 4 329 4 1532,2661,2877,8171,	
quedarse 4 329 4 1531,2660,2876,8170,	
planeando 3 329 3 1530,2659,8169,	
estén 4 329 4 1529,2658,6536,8168,	
ARAII 10 329 10 1525,1566,2539,2556,2694,2708,2747,2777,8164,8205,	
continuar 3 329 3 1520,2649,8159,	
Salvo 3 329 3 1515,2644,8154,	
durante 20 329 20 1512,1551,1713,2540,2557,2588,2632,2679,2709,2837,2854,2882,2932,4429,4522,4615,5744,8151,8190,8352,	
II) 2 329 2 1511,8150,	
(ARA 2 329 2 1510,8149,	
II 8 329 8 1509,1980,2025,2629,2654,8148,8619,8664,	
deficiencia 2 329 2 1602,8241,	
Angiotensina 3 329 3 1508,2628,8147,	
incluidos 2 329 2 4849,4917,	
Receptores 3 329 3 1505,2626,8144,	
Antagonistas 3 329 3 1502,2623,8141,	
ningún 2 329 2 1499,8138,	
Embarazo 4 329 4 1494,2528,2531,8133,	
sistémico 2 329 2 1493,8132,	
eritematoso 4 329 4 1492,3534,3538,8131,	
lupus 4 329 4 1491,3533,3537,8130,	
activación 3 329 3 1489,3999,8128,	
exacerbación 2 329 2 1487,8126,	
casos 6 329 6 1485,2828,3254,3335,5071,8124,	
FARMACÉUTICOS 1 329 1 6374,	
probables 3 329 3 1470,3722,8109,	
son 6 329 6 1468,3727,3763,5143,5311,8107,	
bronquial 2 329 2 1466,8105,	
asma 2 329 2 1465,8104,	
alergia 2 329 2 1463,8102,	
antecedentes 4 329 4 1461,1475,8100,8114,	
hipersensibilidad 5 329 5 1453,2396,3259,8092,9035,	
Pueden 3 329 3 1449,2808,8088,	
cerebrovascular 2 329 2 1448,8087,	
accidente 2 329 2 1447,8086,	
diuréti 1 329 1 9042,	
miocardio 2 329 2 1444,8083,	
infarto 2 329 2 1442,8081,	
provocar 5 329 5 1440,2029,2809,8079,8668,	
isquémica 4 329 4 1434,1438,8073,8077,	
cardiopatía 2 329 2 1433,8072,	
excesivo 2 329 2 1425,8064,	
descenso 5 329 5 1424,2811,3226,4303,8063,	
Como 5 329 5 1417,2009,4696,8056,8648,	
aguda 6 329 6 1406,1416,2045,8045,8055,8684,	
afectan 3 329 3 1397,4703,8036,	
renal) 2 329 2 1374,8013,	
comienza 1 329 1 4119,	
subyacente 2 329 2 1368,8007,	
congestiva 2 329 2 1363,8002,	
cavitación 1 329 1 6291,	
diferencias 1 329 1 5392,	
cardíaca 2 329 2 1362,8001,	
(ej 16 329 16 1358,1854,1912,1959,2304,2330,2449,2472,2518,4733,7997,8493,8551,8598,8943,8969,	
evaluó 1 329 1 5728,	
renina-angiotensina-aldosterona 2 329 2 1357,7996,	
actividad 5 329 5 1354,4064,5156,5935,7993,	
principalmente 5 329 5 1351,2117,5531,7990,8756,	
dependen 2 329 2 1350,7989,	
vascular 2 329 2 1346,7985,	
tono 2 329 2 1345,7984,	
Generales 2 329 2 1341,7980,	
control 2 329 2 1338,7977,	
positivos 2 329 2 1335,7974,	
falsos 2 329 2 1334,7973,	
resultados 2 329 2 1333,7972,	
ocasionar 2 329 2 1332,7971,	
no-clínicos 1 329 1 6140,	
cantidad 2 329 2 1324,7963,	
dopaje 4 329 4 1322,1340,7961,7979,	
litio 12 329 12 1313,1718,1739,1761,1779,1801,7952,8357,8378,8400,8418,8440,	
continuación 1 329 1 2952,	
Litio 4 329 4 1306,1712,7945,8351,	
hipomagnesemia 4 329 4 1305,2259,7944,8898,	
digital 2 329 2 2271,8910,	
dar 3 329 3 1302,3770,7941,	
incrementar 11 329 11 1293,1767,1906,2390,2406,2476,2497,7932,8406,8545,9029,	
demostrado 4 329 4 1292,4663,6361,7931,	
paratiroidea 2 329 2 1282,7921,	
pruebas 2 329 2 1279,7918,	
Antes 2 329 2 1275,7914,	
subclínico 2 329 2 1274,7913,	
hiperparatiroidismo 2 329 2 1273,7912,	
indicativa 2 329 2 1271,7910,	
marcada 2 329 2 1267,7906,	
Una 3 329 3 1266,4320,7905,	
metabolismo 3 329 3 1263,3268,7902,	
conocidos 2 329 2 1261,7900,	
fijación 1 329 1 5224,	
desequilibrios 3 329 3 1260,2816,7899,	
ausencia 2 329 2 1258,7897,	
sérico 21 329 21 1256,1835,1920,1928,1943,1958,1970,2051,2370,2425,4091,5907,7895,8474,8559,8567,8582,8597,8609,8690,9009,	
segundo 3 329 3 2559,2711,2751,	
transitoria 3 329 3 1253,3471,7892,	
elevación 2 329 2 1250,7889,	
calcio 13 329 13 1246,1255,1265,2401,2411,2424,2434,2440,2448,7885,7894,7904,9040,	
urinaria 5 329 5 1244,1296,4081,7883,7935,	
excreción 7 329 7 1243,1295,2418,2512,4043,7882,7934,	
disminuir 4 329 4 1241,2308,7880,8947,	
requiere 3 329 3 1236,3998,7875,	
habitualmente 2 329 2 1234,7873,	
cloruros 3 329 3 1230,4047,7869,	
déficit 2 329 2 1228,7867,	
general 2 329 2 1226,7865,	
prevenga 2 329 2 1219,7858,	
fertilidad 3 329 3 6015,6038,6058,	
evidencia 7 329 7 1213,2573,6032,6095,6125,6270,7852,	
contengan 4 329 4 1205,1898,7844,8537,	
sustitutos 4 329 4 1200,1893,7839,8532,	
beperideno) 1 329 1 2474,	
suplementos 5 329 5 1196,1890,2438,7835,8529,	
ahorradores 4 329 4 1193,1887,7832,8526,	
Debe 2 329 2 1182,7821,	
plasmáticos 3 329 3 1179,3929,7818,	
controlado 1 329 1 4785,	
monitorizar 4 329 4 1176,1796,7815,8435,	
98 1 329 1 6496,	
cardiaco 2 329 2 1166,7805,	
fallo 3 329 3 1165,3338,7804,	
especialmente 8 329 8 1158,2052,2068,2249,7797,8691,8707,8888,	
hiperpotasemia 3 329 3 1157,3275,7796,	
aparecer 6 329 6 1156,1450,2939,3733,7795,8089,	
tenerse 1 329 1 2927,	
contrario 4 329 4 1148,1866,7787,8505,	
ACTH 4 329 4 1145,2242,7784,8881,	
corticosteroides 2 329 2 1143,7782,	
cordón 1 329 1 2806,	
inadecuada 2 329 2 1133,7772,	
conjuntivo 3 329 3 3153,3321,3551,	
oligohidramnios 1 329 1 2724,	
oral 12 329 12 1132,3888,5148,5160,5165,5199,5295,5475,5561,5616,5739,7771,	
ingesta 2 329 2 1131,7770,	
reciben 2 329 2 1129,7768,	
teratogénicos 2 329 2 5994,6331,	
diuresis 4 329 4 1125,3753,4118,7764,	
aumento 7 329 7 1122,2048,2606,4077,6369,7761,8687,	
El 18 329 18 1108,2860,3633,3647,3676,3914,4369,4460,4565,4844,4890,4924,4950,5081,5231,5304,5510,7747,	
inducida 7 329 7 1105,1222,2260,5943,7744,7861,8899,	
reducir 5 329 5 1102,2291,2510,7741,8930,	
concomitante 20 329 20 1098,1141,1188,1635,1716,1884,2018,2092,2385,3784,5124,7737,7780,7827,8274,8355,8523,8657,8731,9024,	
hipopotasemia 12 329 12 1095,1104,1111,1853,2256,3581,3768,7734,7743,7750,8492,8895,	
La 30 329 30 2061,2166,2383,2572,3031,3056,3735,3767,3848,4052,4117,4147,4225,4757,4855,4987,5122,5186,5211,5241,5320,5462,5597,5623,5924,6551,6640,8700,8805,9022,	
náuseas 3 329 3 1086,3764,7725,	
gastrointestinales 5 329 5 1084,3142,3301,3494,7723,	
oliguria 4 329 4 1080,1408,7719,8047,	
muscular 2 329 2 1078,7717,	
fatiga 4 329 4 1077,2942,3195,7716,	
calambres 2 329 2 1076,7715,	
musculares 4 329 4 1074,3554,3774,7713,	
dolores 2 329 2 1073,7712,	
inquietud 2 329 2 1072,7711,	
adormecimiento 2 329 2 1071,7710,	
letargo 2 329 2 1070,7709,	
debilidad 3 329 3 1069,3552,7708,	
sed 2 329 2 1068,7707,	
boca 2 329 2 1067,7706,	
degenerativos 1 329 1 6184,	
sequedad 2 329 2 1065,7704,	
indican 3 329 3 1061,5525,7700,	
signos 3 329 3 1059,3756,7698,	
Son 2 329 2 1058,7697,	
hipoclorémica) 2 329 2 1057,7696,	
alcalosis 2 329 2 1056,7695,	
hiponatremia 5 329 5 1054,1221,3583,7693,7860,	
(hipopotasemia 3 329 3 1053,3744,7692,	
hídrico 2 329 2 1050,7689,	
desequilibrio 6 329 6 1049,1063,3578,3950,7688,7702,	
producir 10 329 10 1048,1094,1248,1689,1916,7687,7733,7887,8328,8555,	
doble 1 329 1 4782,	
incluyendo 10 329 10 1045,1369,1664,2040,3334,6324,7684,8008,8303,8679,	
conejos 1 329 1 6309,	
adecuados 2 329 2 1042,7681,	
intervalos 2 329 2 1041,7680,	
macacos) 1 329 1 6157,	
electrolitos 8 329 8 1037,1135,2248,3692,4033,7676,7774,8887,	
realizarse 4 329 4 1033,1183,7672,7822,	
paciente 5 329 5 1027,3634,3650,3704,7666,	
igual 4 329 4 1022,4871,4884,7661,	
colestipol 2 329 2 2226,8865,	
electrolítico 6 329 6 1020,1052,3579,3951,7659,7691,	
Desequilibrio 2 329 2 1019,7658,	
amarillo 1 329 1 6401,	
gota 2 329 2 1018,7657,	
ataque 2 329 2 1016,7655,	
precipitarse 2 329 2 1014,7653,	
hiperuricemia 3 329 3 1012,3588,7651,	
deberán 3 329 3 1533,2778,8172,	
mínimos 2 329 2 1002,7641,	
amplia 1 329 1 6354,	
sido 7 329 7 1001,1655,2596,2774,6022,7640,8294,	
observado 9 329 9 998,1484,4631,5678,5992,6329,6344,7637,8123,	
(en 1 329 1 6227,	
han 28 329 28 997,1000,1291,1483,1654,1730,1747,2149,2826,2898,3243,3367,4662,5711,5991,6021,6106,6283,6328,6343,7636,7639,7930,8122,8293,8369,8386,8788,	
contenida 2 329 2 990,7629,	
triglicéridos; 2 329 2 978,7617,	
colesterol 3 329 3 976,3596,7615,	
Reino 1 329 1 6597,	
incrementos 6 329 6 971,1732,3925,5815,7610,8371,	
asociado 4 329 4 964,1403,7603,8042,	
latente 2 329 2 961,7600,	
mellitus 4 329 4 960,1169,7599,7808,	
diabetes 4 329 4 959,1168,7598,7807,	
manifestarse 2 329 2 957,7596,	
11-15 1 329 1 5329,	
biodisponibilidad 3 329 3 2478,5164,5183,	
terapia 9 329 9 953,1097,1672,2091,2866,7592,7736,8311,8730,	
Durante 5 329 5 951,1476,5060,7590,8115,	
hipoglucemiantes 2 329 2 950,7589,	
agentes 10 329 10 949,1623,1638,1662,2470,5144,7588,8262,8277,8301,	
insulina 2 329 2 946,7585,	
dosificación 6 329 6 944,2378,2432,5348,7583,9017,	
ajustes 6 329 6 941,2213,2351,7580,8852,8990,	
necesarios 6 329 6 940,2212,2350,7579,8851,8989,	
diabéticos 3 329 3 937,4899,7576,	
determinaciones 2 329 2 1034,7673,	
glucosa 2 329 2 934,7573,	
tolerancia 2 329 2 931,7570,	
modificar 2 329 2 929,7568,	
endocrinos 2 329 2 923,7562,	
metabólicos 2 329 2 921,7560,	
Efectos 3 329 3 920,2887,7559,	
metabolito 1 329 1 5512,	
Por 8 329 8 911,1146,1773,1864,7550,7785,8412,8503,	
renina- 2 329 2 909,7548,	
sistema 17 329 17 908,1356,1400,1880,3119,3251,3278,3439,3461,4098,4705,5827,5841,7547,7995,8039,8519,	
posible 4 329 4 1837,2042,8476,8681,	
inhibición 3 329 3 906,5942,7545,	
actúan 2 329 2 904,7543,	
antihipertensivos 12 329 12 902,1422,1624,1639,1663,2297,7541,8061,8263,8278,8302,8936,	
medicamentos 25 329 25 901,1616,1844,1876,1903,1949,1983,2187,2357,2442,2516,2643,3791,4701,5791,7540,8255,8483,8515,8542,8588,8622,8826,8996,9045,	
responden 2 329 2 897,7536,	
proteínas 2 329 2 5215,5245,	
magnesio 3 329 3 1298,6388,7937,	
generalmente 2 329 2 895,7534,	
aldosteronismo 2 329 2 893,7532,	
primario 4 329 4 889,894,7528,7533,	
Aldosteronismo 2 329 2 888,7527,	
reduzca 2 329 2 1217,7856,	
especial 2 329 2 874,7513,	
inalterada 1 329 1 5619,	
vasodilatadores 2 329 2 871,7510,	
determinados 1 329 1 3790,	
sucede 6 329 6 868,1024,1418,7507,7663,8057,	
obstructiva 4 329 4 866,887,7505,7526,	
hipertrófica 4 329 4 865,886,7504,7525,	
cardiomiopatía 4 329 4 864,885,7503,7524,	
mitral 4 329 4 863,882,7502,7521,	
aórtica 4 329 4 861,880,7500,7519,	
valvular 2 329 2 860,7499,	
clínica 2 329 2 851,7490,	
hepático 2 329 2 847,7486,	
coma 2 329 2 846,7485,	
aportes 1 329 1 3712,	
precipitar 2 329 2 844,7483,	
podrían 2 329 2 843,7482,	
hidroelectrolítico 4 329 4 842,1064,7481,7703,	
alteraciones 13 329 13 839,1083,1940,1955,3181,3188,3403,3569,3608,7478,7722,8579,8594,	
progresiva 2 329 2 835,7474,	
enfermedad 6 329 6 833,1366,1436,7472,8005,8075,	
deberá 7 329 7 812,1559,2687,2862,3705,7451,8198,	
basofílicos 1 329 1 6194,	
laberinto 1 329 1 3288,	
60 2 329 2 804,7443,	
embargo 10 329 10 787,980,1826,2599,5388,5441,6054,7426,7619,8465,	
Sin 7 329 7 786,1825,5387,5440,6053,7425,8464,	
asociada 3 329 3 760,4113,7399,	
uremia 4 329 4 759,1407,7398,8046,	
producirse 6 329 6 758,1011,2251,7397,7650,8890,	
sometidos 2 329 2 725,7364,	
recientemente 2 329 2 724,7363,	
úrico 4 329 4 713,2369,7352,9008,	
digoxina 2 329 2 2169,8808,	
ácido 6 329 6 712,1992,2368,7351,8631,9007,	
potasio 46 329 46 709,1181,1195,1198,1206,1806,1811,1822,1834,1850,1889,1892,1899,1911,1919,1927,1942,1957,1969,2050,3234,3956,4083,4090,4112,5906,7348,7820,7834,7837,7845,8445,8450,8461,8473,8489,8528,8531,8538,8550,8558,8566,8581,8596,8608,8689,	
séricos 13 329 13 707,1038,1799,1909,2409,3230,3695,3954,5823,7346,7677,8438,8548,	
niveles 16 329 16 706,974,1178,1798,1908,2408,2422,3229,3594,3928,3953,7345,7613,7817,8437,8547,	
periódicos 2 329 2 703,7342,	
controles 2 329 2 702,7341,	
medicamento) 1 329 1 3423,	
utiliza 2 329 2 692,7331,	
trasplante 4 329 4 688,727,7327,7366,	
similar 2 329 2 684,7323,	
preverse 2 329 2 681,7320,	
descrito 5 329 5 677,1748,6312,7316,8387,	
Aunque 6 329 6 672,1089,2609,4620,7311,7728,	
intersticial 2 329 2 3560,6190,	
angiotensina-II 15 329 15 671,1395,3826,3841,3882,3896,3913,3922,3934,3986,5946,6067,6085,7310,8034,	
receptores 5 329 5 668,1392,3919,7307,8031,	
antagonistas 11 329 11 665,1389,1977,2021,3823,6064,6082,7304,8028,8616,8660,	
Control 2 329 2 1320,7959,	
angiotensina 13 329 13 662,910,1386,1728,1979,2024,5972,7301,7549,8025,8367,8618,8663,	
conversión 7 329 7 659,1383,1725,5970,7298,8022,8364,	
enzima 9 329 9 657,1381,1723,3983,5534,5968,7296,8020,8362,	
reactivación 1 329 1 3535,	
inhibidores 12 329 12 654,1378,1720,1989,2012,2584,5965,7293,8017,8359,8628,8651,	
tratan 2 329 2 652,7291,	
funcionante 2 329 2 650,7289,	
único 2 329 2 649,7288,	
ligeras 2 329 2 838,7477,	
riñón 4 329 4 648,5608,6187,7287,	
multicéntrico 1 329 1 4780,	
bilateral 2 329 2 636,7275,	
estenosis 8 329 8 635,642,879,1370,7274,7281,7518,8009,	
metabólica 1 329 1 4000,	
presentan 3 329 3 634,2996,7273,	
mayor 5 329 5 622,1113,3863,7261,7752,	
existe 7 329 7 620,715,849,4681,7259,7354,7488,	
renovascular 2 329 2 619,7258,	
Hipertensión 2 329 2 618,7257,	
33 1 329 1 4975,	
extremidades 1 329 1 3159,	
arteria 8 329 8 615,639,645,1373,7254,7278,7284,8012,	
Estenosis 4 329 4 612,859,7251,7498,	
situaciones 2 329 2 602,7241,	
similares 4 329 4 1750,2638,5048,8389,	
Estas 3 329 3 601,5897,7240,	
vómitos 4 329 4 600,1088,7239,7727,	
diarrea 4 329 4 598,3147,3497,7237,	
restrictivas 2 329 2 595,7234,	
dietas 2 329 2 594,7233,	
prolongados 2 329 2 591,7230,	
útil 1 329 1 3682,	
tratamientos 2 329 2 590,7229,	
75 1 329 1 4888,	
tinnitus 1 329 1 3291,	
observarse 2 329 2 578,7217,	
riesgo 23 329 23 573,623,1109,1173,1694,1769,1932,2033,2499,2577,2608,2617,3343,3948,4674,7212,7262,7748,7812,8333,8408,8571,8672,	
factores 2 329 2 571,7210,	
hipertensos 4 329 4 568,3013,3091,7207,	
sintomática 4 329 4 565,580,7204,7219,	
hipotensión 23 329 23 564,576,579,625,1079,1405,1696,2202,2735,2786,3132,3479,3702,3728,5090,7203,7215,7218,7264,7718,8044,8335,8841,	
media 6 329 6 4342,4552,4857,4991,5396,5464,	
mg/6 1 329 1 3101,	
prueba 1 329 1 2759,	
adversos 6 329 6 2502,3019,3036,3060,3601,6035,	
relacionado 2 329 2 561,7200,	
raras 6 329 6 557,1411,2976,3212,7196,8050,	
- 5 329 5 550,617,6596,7189,7256,	
Hipotensión 2 329 2 549,7188,	
(24 2 329 2 4217,4352,	
especiales 4 329 4 546,6417,6545,7185,	
transcurrido 1 329 1 3654,	
Advertencias 2 329 2 543,7182,	
colestasis 2 329 2 540,7179,	
cirrosis 5 329 5 537,1117,5704,7176,7756,	
hipercalcemia 4 329 4 533,1268,7172,7907,	
sulfinpirazona 2 329 2 2382,9021,	
refractaria 2 329 2 532,7171,	
Hipopotasemia 2 329 2 531,7170,	
Lactancia 3 329 3 517,2878,7156,	
6) 6 329 6 516,521,1580,7155,7160,8219,	
embarazo 16 329 16 509,1514,1553,1558,2545,2564,2593,2634,2681,2686,2754,2859,7148,8153,8192,8197,	
trimestre 8 329 8 507,2543,2562,2591,2715,2752,2857,7146,	
tercer 4 329 4 506,2561,2714,7145,	
día) 1 329 1 4738,	
Segundo 2 329 2 504,7143,	
degrada 1 329 1 3990,	
sulfonamida) 2 329 2 503,7142,	
derivado 2 329 2 500,7139,	
EEIG 1 329 1 6587,	
fármaco 4 329 4 499,2286,7138,8925,	
(la 2 329 2 495,7134,	
biliar 3 329 3 538,5554,7177,	
sulfonamida 2 329 2 494,7133,	
derivados 2 329 2 491,7130,	
fármacos 2 329 2 490,7129,	
activos 3 329 3 476,5145,7115,	
principios 2 329 2 475,7114,	
68% 2 329 2 4471,5251,	
Hipersensibilidad 2 329 2 472,7111,	
Contraindicaciones 2 329 2 471,7110,	
bloqueo 1 329 1 4096,	
niños 2 329 2 466,7105,	
experiencia 9 329 9 464,716,850,1869,6355,7103,7355,7489,8508,	
hay 6 329 6 463,1212,2611,6031,7102,7851,	
adolescentes 4 329 4 461,468,7100,7107,	
Niños 2 329 2 459,7098,	
facilitadores 1 329 1 2443,	
ancianos 8 329 8 445,458,2070,5429,5461,7084,7097,8709,	
Pacientes 4 329 4 444,551,7083,7190,	
moderada 6 329 6 439,796,4368,5708,7078,7435,	
reacciones 19 329 19 1451,2394,2821,2948,2993,3115,3247,3257,3359,3383,3390,3415,3519,3529,3540,5037,5052,8090,9033,	
leve 10 329 10 437,794,1232,1251,4366,5706,7076,7433,7871,7890,	
precaución 12 329 12 409,815,823,875,1185,2067,7048,7454,7462,7514,7824,8706,	
3) 5 329 5 443,748,2740,7082,7387,	
utilizarse 6 329 6 407,732,821,7046,7371,7460,	
deben 14 329 14 406,603,820,1032,1587,2073,2662,3696,7045,7242,7459,7671,8226,8712,	
tiazidas 28 329 28 405,819,927,955,1009,1044,1239,1288,1290,1755,2262,2457,2495,2508,2795,2842,4026,7044,7458,7566,7594,7648,7683,7878,7927,7929,8394,8901,	
indujo 2 329 2 6182,6221,	
presentaban 1 329 1 4902,	
Las 18 329 18 404,1043,1238,1289,2494,2507,2794,2947,3389,3414,3665,3719,4025,5331,7043,7682,7877,7928,	
indicado 2 329 2 397,7036,	
hepática 23 329 23 393,402,417,435,535,817,831,834,858,1118,3315,5691,5718,7032,7041,7056,7074,7174,7456,7470,7473,7497,7757,	
y/o 9 329 9 389,587,1164,3673,3775,5794,7028,7226,7803,	
sal 11 329 11 388,586,597,1203,1896,3714,7027,7225,7236,7842,8535,	
corrija 2 329 2 1703,8342,	
depleción 13 329 13 386,553,584,1690,1705,2246,3742,7025,7192,7223,8329,8344,8885,	
esquelético; 2 329 2 2345,8984,	
corregirse 4 329 4 384,604,7023,7243,	
debe 15 329 15 383,731,1283,1497,2063,2078,2926,3635,3639,7022,7370,7922,8136,8702,8717,	
tratamiento 53 329 53 380,609,899,925,966,1007,1029,1140,1237,1286,1376,1478,1500,1522,1538,1563,1572,1681,2450,2651,2666,2691,2700,2839,2861,2934,3627,3642,3685,4666,4764,4949,5001,5067,5080,7019,7248,7538,7564,7605,7646,7668,7779,7876,7925,8015,8117,8139,8161,8177,8202,8211,8320,	
Hidroclorotiazida 3 329 3 3413,4004,6336,	
iniciar 12 329 12 378,607,1498,1570,1670,2698,5344,7017,7246,8137,8209,8309,	
intravascular 2 329 2 375,7014,	
volumen 15 329 15 374,390,555,588,1692,1707,4060,5232,5254,7013,7029,7194,7227,8331,8346,	
utilización 9 329 9 763,1872,1883,3427,3783,6366,7402,8511,8522,	
Depleción 2 329 2 372,7011,	
cutánea) 1 329 1 3528,	
4) 15 329 15 371,1711,1788,1936,2275,2549,2571,2793,3347,3587,7010,8350,8427,8575,8914,	
secciones 9 329 9 366,511,1575,2566,2788,3970,7005,7150,8214,	
ml/min 8 329 8 364,785,801,5318,5675,7003,7424,7440,	
diferencia 1 329 1 4682,	
aclaramiento 8 329 8 359,780,1758,5305,5670,6998,7419,8397,	
cuyo 6 329 6 358,779,1344,6997,7418,7983,	
insuficiencia 27 329 27 356,401,628,697,736,777,791,857,1162,1361,1414,2043,3332,3486,5717,6995,7040,7267,7336,7375,7416,7430,7496,7801,8000,8053,8682,	
realizar 15 329 15 347,421,449,701,770,1277,2757,5406,5453,6986,7060,7088,7340,7409,7916,	
tiazídico 2 329 2 3846,4008,	
preciso 2 329 2 346,6985,	
tiazídicos 18 329 18 343,766,969,1092,1481,1679,2193,2388,2404,4020,6982,7405,7608,7731,8120,8318,8832,9027,	
lugar 12 329 12 340,1303,3191,3406,3572,3771,4160,4199,4239,4404,6979,7942,	
aplásica 1 329 1 3442,	
asa 2 329 2 338,6977,	
diuréticos 42 329 42 336,342,593,765,968,1031,1091,1107,1192,1224,1480,1678,1687,1856,1886,2192,2294,2300,2387,2403,2481,4019,4116,6975,6981,7232,7404,7607,7670,7730,7746,7831,7863,8119,8317,8326,8495,8525,8831,8933,8939,9026,	
taquicardia 3 329 3 1081,3133,7720,	
efectos 21 329 21 994,1749,2152,2293,2501,3018,3035,3059,3600,5131,5928,5993,6012,6034,6207,6285,6330,7633,8388,8791,8932,	
preferible 2 329 2 334,6973,	
mg/kg/día) 2 329 2 6174,6236,	
población 2 329 2 330,6969,	
En 25 329 25 328,749,935,1003,1170,1225,2987,3003,3080,3944,4169,4294,4378,4532,4601,5372,5666,6138,6308,6967,7388,7574,7642,7809,7864,	
componente 4 329 4 326,1151,6965,7790,	
debido 5 329 5 324,1149,2412,6963,7788,	
ortostática; 2 329 2 2203,8842,	
utilizar 5 329 5 322,2894,2907,2924,6961,	
locales 1 329 1 6576,	
ml/min) 8 329 8 318,530,744,805,6957,7169,7383,7444,	
30 13 329 13 317,363,529,743,784,800,5013,6956,7002,7168,7382,7423,7439,	
depresión 2 329 2 3443,3455,	
< 15 329 15 316,528,742,803,2967,2974,2980,4941,4969,5028,5673,6955,7167,7381,7442,	
máximo 1 329 1 4597,	
creatinina 18 329 18 315,361,527,710,741,782,799,3221,3694,5672,5822,6954,7000,7166,7349,7380,7421,7438,	
(aclaramiento 8 329 8 313,525,739,797,6952,7164,7378,7436,	
función 24 329 24 311,416,434,755,830,1281,1348,2038,2058,2084,2722,2764,3314,3564,6950,7055,7073,7394,7469,7920,7987,8677,8697,8723,	
primera 2 329 2 4585,6620,	
grave 15 329 15 308,403,524,536,626,738,1364,5719,6947,7042,7163,7175,7265,7377,8003,	
Insuficiencia 14 329 14 302,392,522,534,685,816,5639,5690,6941,7031,7161,7173,7324,7455,	
5) 7 329 7 301,1210,1319,3975,6940,7849,7958,	
antihipertensivo 11 329 11 297,1539,1627,2008,2667,3856,4024,6936,8178,8266,8647,	
necesario 12 329 12 289,420,448,769,2373,5405,5452,6928,7059,7087,7408,9012,	
sea 6 329 6 288,362,783,6927,7001,7422,	
Cuando 9 329 9 287,1554,1944,2682,4438,4722,6926,8193,8583,	
irbesartan/25 4 329 4 279,1650,6918,8289,	
decoloración 1 329 1 5852,	
mantiene 1 329 1 4589,	
deterioro 6 329 6 307,752,827,6946,7391,7466,	
superiores 5 329 5 274,4207,5283,6171,6913,	
administrar 6 329 6 272,335,813,6911,6974,7452,	
corregidas 1 329 1 4210,	
recomienda 23 329 23 271,321,700,873,915,1175,1309,1795,1922,1964,2534,2756,2851,6910,6960,7339,7512,7554,7814,7948,8434,8561,8603,	
No 40 329 40 269,344,418,714,767,848,1211,1495,1586,2127,2147,2532,2896,3619,3799,4009,4641,4680,5403,5450,5709,5747,5989,6093,6104,6268,6326,6405,6420,6908,6983,7057,7353,7406,7487,7850,8134,8225,8766,8786,	
(no 1 329 1 5804,	
mg/25 5 329 5 250,3106,4292,4835,6889,	
300 23 329 23 222,239,249,265,276,1647,3105,4175,4190,4228,4278,4291,4482,4834,4840,6669,6682,6861,6878,6888,6904,6915,8286,	
controle 2 329 2 211,6850,	
apropiado 2 329 2 196,6835,	
considere 5 329 5 195,1518,2647,6834,8157,	
clínico 2 329 2 193,6832,	
vista 2 329 2 192,6831,	
punto 5 329 5 190,4215,4350,4505,6829,	
fijas 2 329 2 186,6825,	
combinaciones 2 329 2 185,6824,	
directo 2 329 2 179,6818,	
cambio 2 329 2 178,6817,	
considerar 2 329 2 176,6815,	
sialadenitis 1 329 1 3501,	
Se 9 329 9 174,962,1921,2702,2825,4257,6813,7601,8560,	
hidroclorotiazida) 5 329 5 173,1653,3110,6812,8292,	
e 19 329 19 172,627,1641,2208,3582,4151,4651,5024,5033,5127,5141,5175,5824,6005,6118,6811,7266,8280,8847,	
(irbesartan 2 329 2 171,6810,	
individuales 3 329 3 170,3377,6809,	
componentes 7 329 7 169,3355,3376,3852,5139,5228,6808,	
mediante 3 329 3 164,4444,6803,	
ajuste 12 329 12 161,349,423,451,771,5408,5455,6800,6988,7062,7090,7410,	
precauciones 2 329 2 545,7184,	
recomendable 2 329 2 159,6798,	
Puede 7 329 7 157,577,2371,6533,6796,7216,9010,	
alimentos 3 329 3 156,5179,6795,	
día 5 329 5 152,286,4402,6791,6925,	
vez 5 329 5 150,284,4400,6789,6923,	
administrarse 11 329 11 148,203,227,253,292,3640,6787,6842,6866,6892,6931,	
Karvezide 70 329 70 146,197,221,243,248,264,290,323,382,394,427,455,562,611,679,693,721,729,853,919,992,1153,1190,1315,1629,1765,1781,1947,2846,2879,2917,3386,3632,3831,4452,4475,4481,4627,4687,4762,5162,5185,6785,6836,6860,6882,6887,6903,6929,6962,7021,7033,7066,7094,7201,7250,7318,7332,7360,7368,7492,7558,7631,7792,7829,7954,8268,8404,8420,8586,	
x 2 329 2 6514,6522,	
efecto 30 329 30 683,1626,1808,1819,1828,2007,2310,2337,2461,2524,3855,4023,4370,4449,4461,4488,4566,4596,4610,4646,5544,6349,7322,8265,8447,8458,8467,8646,8949,8976,	
administración 31 329 31 145,719,1187,1715,2017,2283,2384,2621,2853,3193,3408,3574,4102,4126,4529,4582,5123,5159,5198,5356,5474,5560,5738,5785,6784,7358,7826,8354,8656,8922,9023,	
Posología 2 329 2 141,6780,	
1) 4 329 4 138,486,6777,7125,	
hemoglobina 2 329 2 5850,6166,	
apartado 29 329 29 136,299,441,484,519,746,1208,1317,1709,1786,1934,2221,2273,2547,2738,3345,6775,6938,7080,7123,7158,7385,7847,7956,8348,8425,8573,8860,8912,	
(ver 38 329 38 135,298,365,440,483,510,518,745,1207,1316,1574,1708,1785,1933,2220,2272,2546,2565,2737,2787,3344,3969,6774,6937,7004,7079,7122,7149,7157,7384,7846,7955,8213,8347,8424,8572,8859,8911,	
monoterapia 17 329 17 134,182,220,3398,3431,3968,4180,4543,4712,5059,5116,5793,6052,6070,6773,6821,6859,	
adecuadamente 12 329 12 128,212,236,262,2075,4172,4536,6767,6851,6875,6901,8714,	
controla 6 329 6 127,235,261,6766,6874,6900,	
arterial 23 329 23 124,208,232,258,1429,3861,4168,4205,4307,4341,4385,4412,4443,4502,4521,4571,4989,5803,6763,6847,6871,6897,8068,	
presión 23 329 23 123,207,231,257,1428,3860,4167,4204,4306,4340,4384,4411,4442,4501,4520,4570,4988,5802,6762,6846,6870,6896,8067,	
cuya 9 329 9 122,206,230,256,4936,6761,6845,6869,6895,	
pacientes 119 329 119 121,205,229,255,305,332,354,399,411,429,457,567,582,632,695,723,734,750,775,789,825,855,877,891,936,1005,1115,1120,1127,1138,1171,1343,1359,1431,1457,1472,1527,1592,1930,2054,2072,2281,2656,2871,3012,3046,3090,3199,3341,3946,4170,4272,4296,4362,4533,4715,4743,4753,4798,4848,4860,4897,4916,4935,4960,4979,5042,5056,5088,5101,5428,5460,5651,5657,5667,5702,5715,6760,6844,6868,6894,6944,6971,6993,7038,7050,7068,7096,7206,7221,7271,7334,7362,7373,7389,7414,7428,7464,7494,7516,7530,7575,7644,7754,7759,7766,7777,7810,7982,7998,8070,8096,8111,8166,8231,8569,8693,8711,8920,	
indicada 2 329 2 119,6758,	
está 10 329 10 118,396,1783,2880,3739,4010,6646,6757,7035,8422,	
fija 4 329 4 117,810,6756,7449,	
dosis 57 329 57 116,163,273,351,425,453,773,809,983,1644,1684,2216,2354,3073,3078,3094,3097,3602,3963,4157,4195,4289,4321,4526,4586,4729,4826,5274,5282,5350,5358,5411,5458,5589,5615,5770,5983,5999,6077,6135,6143,6169,6250,6318,6755,6802,6912,6990,7064,7092,7412,7448,7622,8283,8323,8855,8993,	
0-3 1 329 1 5316,	
combinación 26 329 26 114,807,1311,1777,1791,2062,3365,4148,4226,4277,4387,4575,4649,4964,5046,5113,5734,5778,5921,6090,6753,7446,7950,8416,8430,8701,	
Esta 2 329 2 113,6752,	
esencial 5 329 5 112,1519,2648,6751,8158,	
hipertensión 6 329 6 111,2937,4364,4632,4768,6750,	
Este 1 329 1 4487,	
pobre 2 329 2 2057,8696,	
Tratamiento 2 329 2 108,6747,	
terapéuticas 5 329 5 107,4158,5984,6251,6746,	
Indicaciones 2 329 2 106,6745,	
	4 2 329 2 104,6743,	
vértigo 1 329 1 3463,	
CLÍNICOS 2 329 2 103,6742,	
DATOS 3 329 3 102,6373,6741,	
4 66 329 66 101,139,300,367,370,442,469,512,513,515,520,541,542,747,1209,1318,1535,1576,1579,1610,1710,1787,1935,2222,2274,2526,2548,2567,2570,2789,2792,2885,2943,3346,3586,3616,3971,3972,3974,4135,6415,6482,6740,6778,6939,7006,7009,7081,7108,7151,7152,7154,7159,7180,7181,7386,7848,7957,8215,8218,8249,8349,8426,8574,8861,8913,	
conlleva 1 329 1 2619,	
grabado 2 329 2 96,6735,	
2775 1 329 1 95,	
número 2 329 2 94,6733,	
periódicas 2 329 2 1035,7674,	
cara 4 329 4 91,100,6730,6739,	
troquelado 2 329 2 88,6727,	
pico 2 329 2 4371,4506,	
susceptibles 2 329 2 1904,8543,	
corazón 2 329 2 87,6726,	
ovalada 2 329 2 84,6723,	
forma 8 329 8 83,143,1658,2429,4040,6722,6782,8297,	
biconvexo 2 329 2 80,6719,	
blanquecino 2 329 2 79,6718,	
equilibrio 2 329 2 841,7480,	
o 95 329 95 78,131,154,215,241,477,487,599,641,663,832,881,883,947,999,1013,1051,1075,1087,1144,1199,1218,1365,1387,1409,1435,1445,1459,1464,1488,1606,1676,2132,2257,2381,2441,2832,2835,2923,2941,3038,3071,3788,3906,4693,4811,4837,4872,4885,5476,5562,5655,6041,6049,6098,6274,6295,6314,6334,6351,6717,6770,6793,6854,6880,7116,7126,7238,7280,7302,7471,7520,7522,7586,7638,7652,7690,7714,7726,7783,7838,7857,8004,8026,8048,8074,8084,8098,8103,8127,8245,8315,8771,8896,9020,	
Blanco 2 329 2 77,6716,	
	Comprimido 2 329 2 76,6715,	
FARMACÉUTICA 2 329 2 75,6714,	
FORMA 2 329 2 74,6713,	
debidos 2 329 2 5908,5932,	
3 22 329 22 73,368,470,1577,1996,2568,2790,4313,4316,4912,5020,5097,5315,5341,5721,6408,6412,6712,7007,7109,8216,8635,	
6 17 329 17 71,485,2527,2631,4143,4221,5745,5874,6372,6402,6407,6414,6437,6542,6543,6710,7124,	
sección 3 329 3 70,3585,6709,	
ver 3 329 3 69,3584,6708,	
excipientes 5 329 5 68,482,6379,6707,7121,	
completa 2 329 2 66,6705,	
lista 2 329 2 65,6704,	
consultar 2 329 2 63,6702,	
sugeridas 1 329 1 3667,	
Para 2 329 2 62,6701,	
monohidrato 3 329 3 59,6385,6698,	
renal 64 329 64 303,312,357,523,616,629,640,646,686,689,698,728,737,756,778,792,1163,1349,1367,1415,1759,2039,2044,2059,2085,2513,2723,2734,2765,3333,3339,3565,4037,5310,5556,5640,5654,6218,6293,6942,6951,6996,7162,7255,7268,7279,7285,7325,7328,7337,7367,7376,7395,7417,7431,7802,7988,8006,8054,8398,8678,8683,8698,8724,	
lactosa 4 329 4 58,1585,6697,8224,	
65 4 329 4 55,4875,5431,6693,	
26 1 329 1 54,	
Excipiente 2 329 2 53,6692,	
hidroclorotiazida 72 329 72 52,132,214,282,327,496,989,1046,1326,1455,1642,1814,1831,2107,2184,2230,2333,2362,2848,3429,3605,3615,3738,3808,3847,4057,4128,4150,4188,4237,4334,4398,4541,4577,4640,4652,4671,4732,5126,5142,5176,5210,5248,5467,5598,5624,5685,5891,5911,5917,6006,6050,6092,6119,6691,6771,6853,6921,6966,7135,7628,7685,7965,8094,8281,8453,8470,8746,8823,8869,8972,9001,	
12 12 329 12 48,985,4145,4184,4233,4330,4356,4394,4734,5530,6687,7624,	
ambulatoria 2 329 2 4381,4447,	
erupción 2 329 2 3262,3543,	
irbesartan 82 329 82 46,130,216,238,1100,1154,1216,1674,1752,1824,2102,2113,2138,2165,2177,3396,3726,3842,3966,4105,4152,4178,4193,4231,4328,4392,4547,4573,4637,4650,4710,4723,4813,4839,4982,5025,5128,5174,5201,5218,5236,5326,5369,5383,5402,5421,5479,5493,5516,5527,5565,5595,5645,5696,5838,5887,5923,5938,6004,6048,6117,6146,6181,6220,6248,6253,6282,6685,6769,6855,6877,7739,7793,7855,8313,8391,8463,8741,8752,8777,8804,8816,	
contiene 7 329 7 42,1328,1584,2847,6681,7967,8223,	
comprimido 4 329 4 41,61,6680,6700,	
	Cada 2 329 2 40,6679,	
CUANTITATIVA 2 329 2 39,6678,	
Y 2 329 2 38,6677,	
CUALITATIVA 2 329 2 37,6676,	
COMPOSICIÓN 2 329 2 36,6675,	
temprana 1 329 1 6316,	
2 14 329 14 35,140,391,1991,4122,4557,4803,5093,5119,6403,6466,6674,6779,8630,	
comprimidos 7 329 7 34,6455,6471,6487,6503,6524,6673,	
mg 57 329 57 33,44,50,56,201,218,225,240,247,251,268,277,280,987,1648,1651,3103,3107,4176,4186,4191,4229,4235,4281,4293,4326,4332,4390,4396,4456,4479,4485,4539,4736,4810,4815,4836,4841,5277,5280,5286,6672,6683,6689,6695,6840,6857,6864,6879,6886,6890,6907,6916,6919,7626,8287,8290,	
5 40 329 40 32,49,137,200,224,246,267,986,1611,2159,2739,3100,3811,4185,4234,4254,4280,4331,4395,4455,4478,4484,4735,4809,4864,4947,5118,5205,5317,5720,6438,6671,6688,6776,6839,6863,6885,6906,7625,8250,	
150 14 329 14 30,43,198,217,244,4325,4389,4453,4476,4807,4814,6837,6856,6883,	
	Karvezide 2 329 2 29,6668,	
paralelo 1 329 1 4784,	
MEDICAMENTO 3 329 3 28,3816,6667,	
interrumpirse 5 329 5 1284,1560,2688,7923,8199,	
NOMBRE 2 329 2 26,6665,	
1 15 329 15 24,25,72,105,3818,4222,4804,5193,6376,6450,6515,6523,6664,6711,6744,	
PRODUCTO 1 329 1 23,	
DEL 4 329 4 22,27,6638,6666,	
grupo 3 329 3 2989,3025,4999,	
CARACTERÍSTICAS 1 329 1 21,	
LAS 1 329 1 20,	
acciones 1 329 1 3893,	
DE 9 329 9 19,3814,6579,6582,6601,6603,6610,6614,6635,	
RESUMEN 1 329 1 18,	
O 1 329 1 17,	
absorción 4 329 4 2228,2446,5294,8867,	
TÉCNICA 1 329 1 16,	
FICHA 1 329 1 15,	
insulina) 2 329 2 2209,8848,	
ocasiones 5 329 5 558,1412,3213,7197,8051,	
información 3 329 3 12,3623,6641,	
Toda 1 329 1 10,	
cardiovascular 4 329 4 1437,4679,4907,8076,	
medicamento 13 329 13 9,14,296,1330,1590,2143,6210,6554,6645,6935,7969,8229,8782,	
mg/12 15 329 15 31,199,223,245,266,4279,4454,4477,4483,4808,6670,6838,6862,6884,6905,	
Basica 1 329 1 7,	
	Información 1 329 1 6,	
cardíacos 2 329 2 3128,3474,	
presencia 4 329 4 1160,2235,7799,8874,	
alteración 6 329 6 413,431,4906,5653,7052,7070,	
PELIC 1 329 1 5,	
RECUB 1 329 1 4,	
COMP 1 329 1 3,	
28 2 329 2 2,6464,	
300MG/25MG 1 329 1 1,	
KARVEZIDE 1 329 1 0,	
