	Prospectos 1 413 1 4218,	
Sanitarios 1 413 1 4217,	
Productos 1 413 1 4216,	
Medicamento 1 413 1 4214,	
Española 1 413 1 4212,	
Agencia 1 413 1 4211,	
web 1 413 1 4208,	
página 1 413 1 4207,	
disponible 1 413 1 4204,	
detallada 1 413 1 4199,	
2007 1 413 1 4196,	
TEXTO 1 413 1 4194,	
REVISIÓN 1 413 1 4192,	
10 1 413 1 4188,	
2002 1 413 1 4187,	
Julio 1 413 1 4186,	
15 1 413 1 4185,	
RENOVACIÓN 1 413 1 4181,	
PRIMERA 1 413 1 4176,	
FECHA 2 413 2 4173,4189,	
257 1 413 1 4171,	
Agosto 1 413 1 4195,	
65 1 413 1 4170,	
NUMERO(S) 1 413 1 4165,	
(Madrid) 1 413 1 4163,	
28760 1 413 1 4160,	
Severo 1 413 1 4156,	
C/ 1 413 1 4155,	
M 1 413 1 4153,	
A 1 413 1 4150,	
S 1 413 1 4149,	
GlaxoSmithKline 1 413 1 4148,	
COMERCIALIZACIÓN 2 413 2 4146,4169,	
AUTORIZACIÓN 3 413 3 4144,4167,4177,	
LA 5 413 5 4143,4175,4180,4183,4191,	
TITULAR 1 413 1 4141,	
locales 1 413 1 4139,	
normativas 1 413 1 4138,	
acuerdo 1 413 1 4135,	
realizará 1 413 1 4133,	
contacto 1 413 1 4129,	
hayan 1 413 1 4126,	
materiales 1 413 1 4124,	
utilizado 1 413 1 4119,	
manipulaciones 1 413 1 4111,	
aluminio 1 413 1 4099,	
lámina 1 413 1 4097,	
Blister 1 413 1 4094,	
contenido 1 413 1 4091,	
Naturaleza 1 413 1 4089,	
condiciones 1 413 1 4082,	
requiere 1 413 1 4081,	
conservación 2 413 2 4079,4085,	
Precauciones 2 413 2 4076,4105,	
validez 1 413 1 4071,	
aplicable 1 413 1 4066,	
Incompatibilidades 1 413 1 4064,	
8000 1 413 1 4061,	
Polietilenglicol 1 413 1 4060,	
400 1 413 1 4059,	
Macrogol 1 413 1 4058,	
E172 1 413 1 4057,	
rojo 1 413 1 4056,	
171 1 413 1 4052,	
E 1 413 1 4051,	
titanio 1 413 1 4050,	
Dióxido 1 413 1 4048,	
Recubrimiento 1 413 1 4046,	
Estearato 1 413 1 4043,	
sodio 1 413 1 4041,	
Carboximetilalmidón 1 413 1 4039,	
Povidona 1 413 1 4037,	
microcristalina 1 413 1 4030,	
Celulosa 1 413 1 4029,	
188 1 413 1 4028,	
Núcleo 1 413 1 4026,	
	6 1 413 1 4021,	
FARMACEÚTICOS 1 413 1 4020,	
nº 1 413 1 4158,	
carcinogenicidad 1 413 1 4000,	
acabo 1 413 1 3991,	
llevados 1 413 1 3990,	
relevantes 1 413 1 3981,	
innata 1 413 1 3971,	
carcinomas 1 413 1 3946,	
adenomas 1 413 1 3944,	
ratones 3 413 3 3938,3974,4004,	
sola 1 413 1 3936,	
realizados 1 413 1 3933,	
oncogenicidad 3 413 3 3932,3989,4011,	
Carcinogenicidad 1 413 1 3928,	
folínico 1 413 1 3927,	
eliminaron 1 413 1 3922,	
redujeron 1 413 1 3916,	
antagonista) 1 413 1 3914,	
dihidrofolato 1 413 1 3913,	
(un 1 413 1 3912,	
positivos 1 413 1 3909,	
micronucleo 1 413 1 3904,	
ratón 2 413 2 3898,3906,	
positivo 1 413 1 3891,	
Ames 1 413 1 3888,	
negativo 1 413 1 3883,	
resultado 1 413 1 3882,	
dio 2 413 2 3880,3890,	
MINISTERIO 2 413 2 3873,4086,	
separado 1 413 1 3859,	
envase 1 413 1 4093,	
mutagénica 1 413 1 3857,	
tuvieran 1 413 1 3855,	
mutagenicidad 3 413 3 3845,3866,3959,	
variedad 1 413 1 3841,	
Una 1 413 1 3839,	
Mutagenicidad 1 413 1 3838,	
clínico 1 413 1 3837,	
humanos 1 413 1 3833,	
observada 1 413 1 3831,	
tóxico 1 413 1 3821,	
pudo 1 413 1 3817,	
empleando 1 413 1 3812,	
parámetros 1 413 1 3804,	
ratas 3 413 3 3766,3954,4002,	
encontrado 1 413 1 3758,	
reproducción 1 413 1 3754,	
práctica 2 413 2 3747,3984,	
relevancia 1 413 1 3744,	
consideran 2 413 2 3741,3980,	
empleadas 1 413 1 3734,	
similares 1 413 1 3731,	
ampliamente 1 413 1 3717,	
Como 1 413 1 3711,	
terapéutico 1 413 1 3700,	
margen 1 413 1 3699,	
alcanzan 1 413 1 3697,	
observaron 2 413 2 3692,3952,	
enteramente 1 413 1 3686,	
estuvieron 1 413 1 3685,	
atovacuona/hidrocloruro 1 413 1 3682,	
encontrados 1 413 1 3672,	
hallazgos 4 413 4 3671,3739,3949,3965,	
Toxicidad 1 413 1 3666,	
dispone 1 413 1 3641,	
% 1 413 1 3627,	
65-68 1 413 1 3626,	
modifique 1 413 1 3616,	
85% 1 413 1 3607,	
incremento 1 413 1 3605,	
observa 1 413 1 3603,	
comparan 1 413 1 3589,	
cambios 1 413 1 3571,	
empleo) 1 413 1 3554,	
secciones 1 413 1 3538,	
repetidas 3 413 3 3536,3669,3678,	
acumulación 1 413 1 3528,	
consecuencia 1 413 1 3524,	
alargan 1 413 1 3522,	
h) 2 413 2 3515,3520,	
39 1 413 1 3514,	
(t1/2 2 413 2 3513,3518,	
73m2) 1 413 1 3499,	
mL/min/1 1 413 1 3498,	
(<30 1 413 1 3497,	
54% 1 413 1 3489,	
64% 1 413 1 3487,	
reducidos 1 413 1 3485,	
observados 1 413 1 3468,	
intervalo 1 413 1 3465,	
y/o 1 413 1 3455,	
Farmacocinética 2 413 2 3426,3555,	
64 1 413 1 3422,	
L/h 2 413 2 3414,3423,	
medio 1 413 1 3390,	
mayor 2 413 2 3373,3941,	
70% 1 413 1 3372,	
aumentar 1 413 1 3364,	
aclaramiento 3 413 3 3356,3389,3453,	
12-15 1 413 1 3351,	
encuentran 2 413 2 3349,3484,	
(tipoA) 1 413 1 4042,	
semividas 2 413 2 3341,3508,	
valores 3 413 3 3339,3467,3630,	
1-2 1 413 1 3334,	
eliminación 6 413 6 3329,3343,3510,3620,4108,4115,	
semivida 2 413 2 3327,3618,	
implicaciones 1 413 1 3317,	
parece 1 413 1 3314,	
paciente 1 413 1 3313,	
recomendadas 1 413 1 3305,	
Durante 1 413 1 3297,	
excretan 1 413 1 3294,	
metabolitos 1 413 1 3288,	
Sus 1 413 1 3287,	
40% 1 413 1 3286,	
producto 1 413 1 3281,	
urinaria 1 413 1 3279,	
polimórfico 1 413 1 3274,	
P450 1 413 1 3273,	
2C19 1 413 1 3270,	
isoenzima 1 413 1 3269,	
heces 1 413 1 3259,	
(>90%) 1 413 1 3256,	
predominantemente 1 413 1 3255,	
inalterado 1 413 1 3254,	
original 1 413 1 3253,	
insignificante 1 413 1 3248,	
orina 2 413 2 3247,3296,	
excreción 2 413 2 3243,3278,	
metabolice 1 413 1 3240,	
Metabolismo 1 413 1 3231,	
afectada 1 413 1 3219,	
ve 1 413 1 3218,	
humano 1 413 1 3215,	
(>5 1 413 1 3202,	
75% 1 413 1 3186,	
L/kg 2 413 2 3177,3212,	
oral 5 413 5 3162,3191,3357,3394,3454,	
Después 2 413 2 3158,3187,	
derivadas 1 413 1 3155,	
grado 2 413 2 3141,4034,	
alto 1 413 1 3140,	
distribución 3 413 3 3108,3166,3195,	
volumen 3 413 3 3105,3164,3193,	
Distribución 1 413 1 3103,	
ingestión 1 413 1 3100,	
independencia 1 413 1 3097,	
extensamente 1 413 1 3095,	
rápida 1 413 1 3093,	
comparación 1 413 1 3705,	
absorbe 1 413 1 3092,	
ayunas 1 413 1 3059,	
Cmáx 3 413 3 3053,3476,3633,	
AUC 5 413 5 3048,3456,3479,3610,3636,	
aumentando 1 413 1 3041,	
velocidad 1 413 1 3034,	
aumenta 2 413 2 3032,3362,	
alimentaria 1 413 1 3025,	
grasa 1 413 1 3024,	
17-27%) 1 413 1 3022,	
(IC 1 413 1 3019,	
21% 1 413 1 3018,	
750 1 413 1 3007,	
única 1 413 1 3005,	
absoluta 1 413 1 3001,	
sanos 2 413 2 2992,3592,	
sujetos 1 413 1 2991,	
biodisponibilidad 2 413 2 2987,3000,	
acuosa 1 413 1 2981,	
solubilidad 1 413 1 2980,	
Ochoa 1 413 1 4157,	
baja 1 413 1 2979,	
lipofílico 1 413 1 2977,	
altamente 1 413 1 2976,	
compuesto 1 413 1 2975,	
Absorción 1 413 1 2971,	
n=69 1 413 1 2962,	
n=83 1 413 1 2954,	
n=72 1 413 1 2953,	
(ng/mL) 2 413 2 2950,2958,	
(>40 1 413 1 2943,	
Adulto 1 413 1 2942,	
[31-40 1 413 1 2940,	
kg] 3 413 3 2937,2939,2941,	
[11-20 1 413 1 2936,	
peso] 1 413 1 2935,	
[Categoría 1 413 1 2933,	
Diaria 1 413 1 2932,	
250mg 1 413 1 2927,	
HCl 1 413 1 2912,	
Adultos 1 413 1 2910,	
Niños 1 413 1 2907,	
Cicloguanil 1 413 1 2900,	
±DS 1 413 1 2894,	
Plasmáticas 1 413 1 2891,	
Concentraciones 1 413 1 2890,	
kg) 3 413 3 2869,2944,3203,	
farmacocinéticas 2 413 2 2837,2841,	
poblaciones 1 413 1 2826,	
88% 1 413 1 2821,	
(87/92 1 413 1 2807,	
95% 2 413 2 2801,2823,	
sujetos) 2 413 2 2786,2808,	
(87/100 1 413 1 2785,	
87% 1 413 1 2779,	
curación 3 413 3 2772,2794,2812,	
(que 1 413 1 2866,	
tratar 2 413 2 2768,2830,	
intención 2 413 2 2766,2828,	
suspensión 1 413 1 2761,	
amodiaquina 1 413 1 2760,	
confirmado 1 413 1 2746,	
200 1 413 1 2734,	
paralelos 1 413 1 2732,	
grupos 1 413 1 2731,	
aleatorizado 1 413 1 2729,	
ensayo 3 413 3 2727,3894,3902,	
Gabón 1 413 1 2723,	
incluyó 1 413 1 2716,	
sujeto 3 413 3 2713,3376,3384,	
ningún 1 413 1 2712,	
registraron 1 413 1 2707,	
2-3 2 413 2 2703,3043,	
duración 1 413 1 2697,	
mefloquina) 1 413 1 2684,	
cloroquina/proguanil 1 413 1 2681,	
(81 1 413 1 2680,	
profiláctico 1 413 1 2678,	
régimen 1 413 1 2677,	
<40 1 413 1 2671,	
pesaban 2 413 2 2670,2867,	
93 2 413 2 2667,2674,	
total 1 413 1 2665,	
administró 1 413 1 2661,	
les 1 413 1 2660,	
inmunes) 1 413 1 2652,	
primer 1 413 1 2639,	
evaluaron 1 413 1 2637,	
pediátrica 1 413 1 2630,	
población 3 413 3 2629,2764,2789,	
disponibles 2 413 2 2625,3772,	
están 2 413 2 2624,3462,	
También 1 413 1 2623,	
semiinmunes 1 413 1 2619,	
(semiinmunes) 1 413 1 2603,	
extrapolación 1 413 1 2585,	
directamente 1 413 1 2579,	
pediátricos 2 413 2 2572,2602,	
Eficacia 1 413 1 2564,	
inmunes 4 413 4 2560,2563,2574,2622,	
Esta 1 413 1 2541,	
sinérgica 1 413 1 2532,	
demostrado 1 413 1 2530,	
ng/ml 1 413 1 2522,	
3000 1 413 1 2521,	
­ 2 413 2 2520,4154,	
600 1 413 1 2519,	
Mínimas 1 413 1 2892,	
4-clorofenilbiguanida 2 413 2 2515,3291,	
ng/mL; 1 413 1 2503,	
4-20 1 413 1 2502,	
cepas 1 413 1 2497,	
Parece 1 413 1 3962,	
cicloguanil 4 413 4 2493,2863,3347,3461,	
principal 1 413 1 2489,	
CI50 1 413 1 2486,	
(48% 1 413 1 2481,	
halofantrina 1 413 1 2480,	
(29% 1 413 1 2475,	
mefloquina 1 413 1 2474,	
(32% 1 413 1 2470,	
quinina 1 413 1 2469,	
aislados) 4 413 4 2468,2473,2478,2484,	
(41% 1 413 1 2465,	
cloroquina 1 413 1 2464,	
aislados 1 413 1 2453,	
30 1 413 1 2452,	
Eliminación 1 413 1 3325,	
cruzada 1 413 1 2439,	
detectó 1 413 1 2437,	
ng/mL) 1 413 1 2434,	
43 1 413 1 2433,	
23-1 1 413 1 2432,	
0 2 413 2 2431,3409,	
(CI50 1 413 1 2424,	
metabolizado 1 413 1 3265,	
spp 1 413 1 2423,	
potente 1 413 1 2418,	
Microbiología 1 413 1 2414,	
utilizan 1 413 1 2411,	
observado 4 413 4 2403,2506,2875,3823,	
sinergismo 1 413 1 2402,	
explicar 2 413 2 2400,3818,	
último 1 413 1 2397,	
colapsar 1 413 1 2385,	
capaz 1 413 1 2376,	
metabolización 2 413 2 2365,3309,	
independiente 1 413 1 2362,	
antipalúdica 1 413 1 2361,	
deoxitimidilato 1 413 1 2354,	
síntesis 1 413 1 2352,	
cicloguanilo 7 413 7 2342,2367,2374,3289,3517,3638,3911,	
negativos 1 413 1 3961,	
través 1 413 1 2338,	
mecanismos 1 413 1 2332,	
Uno 1 413 1 2329,	
membrana 2 413 2 2327,2389,	
colapso 1 413 1 2323,	
bc1 1 413 1 2320,	
citocromo 2 413 2 2319,3272,	
complejo 1 413 1 2317,	
mitocondrial 3 413 3 2313,2328,2390,	
electrónico 1 413 1 2312,	
inhibición 2 413 2 2309,2345,	
vía 1 413 1 2308,	
nucleicos 1 413 1 2296,	
ácidos 1 413 1 2295,	
replicación 1 413 1 2293,	
necesarias 1 413 1 2290,	
pirimidinas 1 413 1 2289,	
biosíntesis 1 413 1 2287,	
implicadas 1 413 1 2284,	
rutas 1 413 1 2282,	
interfieren 1 413 1 2279,	
constituyentes 1 413 1 2267,	
n=95 2 413 2 2956,2964,	
acción 3 413 3 2265,2300,2334,	
Mecanismo 1 413 1 2263,	
n=58 1 413 1 2961,	
parasitológicas 1 413 1 2813,	
B51 1 413 1 2262,	
P01B 1 413 1 2261,	
ATC 1 413 1 2260,	
Código 1 413 1 2259,	
farmacoterapéutico 1 413 1 2257,	
farmacodinámicas 1 413 1 2255,	
	5 1 413 1 2252,	
ESTE 1 413 1 2250,	
FARMACOLÓGICAS 1 413 1 2248,	
PROPIEDADES 1 413 1 2247,	
" 1 413 1 2245,	
apropiado 1 413 1 2244,	
apoyo 1 413 1 2243,	
sintomático 1 413 1 2240,	
proporcionarse 1 413 1 2237,	
sospecha 1 413 1 2233,	
sobredosis 2 413 2 2223,2235,	
casos 3 413 3 2221,2231,2708,	
comunicado 1 413 1 2220,	
Sobredosis 1 413 1 2216,	
asociados 2 413 2 2209,3687,	
test 1 413 1 3886,	
estaban 2 413 2 2208,2870,	
reversibles 1 413 1 2205,	
pruebas 1 413 1 2200,	
anormales 1 413 1 2197,	
resultados 4 413 4 2196,2588,2612,2626,	
autovacuona 1 413 1 2191,	
Observadas 2 413 2 2159,2173,	
menor 2 413 2 2148,3284,	
visto 1 413 1 2144,	
haberse 1 413 1 2143,	
Estos 3 413 3 2140,3907,3948,	
evaluar 1 413 1 2139,	
Poloxámero 1 413 1 4027,	
difícil 1 413 1 2137,	
experiencias 1 413 1 2131,	
causal 1 413 1 2129,	
(VIH) 1 413 1 2123,	
aparente 1 413 1 3106,	
Humana 1 413 1 2122,	
Inmunodeficiencia 1 413 1 2121,	
Virus 1 413 1 2118,	
avanzada 1 413 1 2116,	
infección 1 413 1 2115,	
menudo 1 413 1 2111,	
tenido 1 413 1 2109,	
recibido 1 413 1 2103,	
participaron 1 413 1 2096,	
documentación 1 413 1 2090,	
calculada 1 413 1 2076,	
mediastínicos 1 413 1 2073,	
torácicos 1 413 1 2071,	
respiratorios 1 413 1 2070,	
alteraciones 1 413 1 2063,	
generales 1 413 1 2061,	
PVC 1 413 1 4096,	
subcutáneo 1 413 1 2059,	
tejido 1 413 1 2058,	
piel 1 413 1 2055,	
Pérdida 1 413 1 2053,	
años 1 413 1 4073,	
hepaticas 1 413 1 2049,	
hepatobiliares 1 413 1 2048,	
enzimas 1 413 1 2047,	
gastrointestinales 1 413 1 2043,	
nervioso 1 413 1 2041,	
Dolor 1 413 1 2038,	
amilasa 1 413 1 2033,	
metabolismo 1 413 1 2030,	
Niveles 2 413 2 2028,2045,	
inmunológico 1 413 1 2025,	
presencia 1 413 1 3226,	
alteración 1 413 1 2019,	
linfático 1 413 1 2018,	
sangre 1 413 1 2012,	
Pancitopenia 1 413 1 2010,	
Trastornos 9 413 9 2007,2021,2026,2036,2042,2044,2050,2060,2069,	
sistema 4 413 4 2006,2017,2024,2040,	
órganos 1 413 1 2001,	
Frecuencia 3 413 3 1999,2075,2086,	
incidencia 1 413 1 3942,	
Poco 1 413 1 1998,	
Frecuentes 1 413 1 1997,	
Muy 1 413 1 1996,	
Cantos 1 413 1 4162,	
Clasificación 1 413 1 1994,	
antimalárico 2 413 2 1947,2679,	
comparador 1 413 1 1946,	
atovacuona- 1 413 1 1941,	
tos 1 413 1 1928,	
anorexia 1 413 1 1923,	
cefalea 1 413 1 1922,	
causa 2 413 2 1918,1968,	
independientemente 2 413 2 1915,1965,	
descritos 2 413 2 1914,1964,	
media 1 413 1 2695,	
adversos 3 413 3 1911,1961,2213,	
disponibles) 1 413 1 1897,	
partir 4 413 4 1893,2078,2609,2632,	
estimarse 1 413 1 1891,	
(no 2 413 2 1889,2651,	
frecuencia 4 413 4 1886,2147,2169,2178,	
1/100); 1 413 1 1885,	
000 1 413 1 1883,	
(1/1 1 413 1 1882,	
<1/10); 1 413 1 1879,	
(1/100 1 413 1 1877,	
(1/10); 1 413 1 1875,	
frecuentes 5 413 5 1874,1876,1881,2003,2004,	
frecuencias 1 413 1 1872,	
clasificación 1 413 1 1870,	
convención 1 413 1 1867,	
espontáneas 2 413 2 1861,2162,	
comunicaciones 2 413 2 1860,2161,	
comunicadas 1 413 1 1850,	
resumen 1 413 1 1845,	
siguiente 2 413 2 1841,1866,	
empleado 1 413 1 3716,	
placebo 2 413 2 1839,1993,	
proporción 4 413 4 1829,1934,1982,3128,	
comunicaron 3 413 3 1825,1931,1979,	
cabeza 2 413 2 1821,1972,	
nauseas 1 413 1 1816,	
abdominal 3 413 3 1813,1921,1974,	
dolor 5 413 5 1812,1819,1920,1970,1973,	
incluían 1 413 1 1811,	
(más 1 413 1 1808,	
comúnmente 3 413 3 1806,1913,1963,	
descritas 1 413 1 1807,	
general 1 413 1 1797,	
pubertad 1 413 1 1794,	
acontecimientos 4 413 4 1910,1960,2141,2211,	
crecimiento 1 413 1 1793,	
estudiado 1 413 1 1783,	
VIH 1 413 1 2998,	
particular 1 413 1 1779,	
plazo 2 413 2 1775,1788,	
limitados 1 413 1 1770,	
Hay 1 413 1 1768,	
similar 4 413 4 1750,1935,1983,3828,	
perfil 1 413 1 1746,	
<11 1 413 1 1741,	
comprendido 2 413 2 1736,1757,	
investigaron 1 413 1 1728,	
abiertos 1 413 1 1726,	
2-4 1 413 1 1722,	
restantes 1 413 1 1705,	
tomaron 2 413 2 1695,1716,	
une 1 413 1 3122,	
éstos 2 413 2 1688,1715,	
mayoría 3 413 3 1686,1713,2686,	
adolescentes 1 413 1 1672,	
357 1 413 1 1669,	
adversas 4 413 4 1656,1804,1849,2132,	
Reacciones 2 413 2 1655,2023,	
8 5 413 5 1654,3175,3176,3419,4164,	
farmacología 1 413 1 1649,	
función 4 413 4 1646,2202,3115,3472,	
principalmente 1 413 1 3275,	
actividades 1 413 1 1644,	
perjudicial 1 413 1 1641,	
prevé 1 413 1 1638,	
determinar 1 413 1 1622,	
máquinas 2 413 2 1614,1635,	
utilizar 2 413 2 1613,1634,	
capacidad 4 413 4 1609,1630,2380,3307,	
Efectos 1 413 1 1606,	
periodo 1 413 1 1596,	
cantidades 1 413 1 1592,	
pequeñas 1 413 1 1591,	
humana 2 413 2 1582,1589,	
excreta 2 413 2 1579,1586,	
materno 2 413 2 1572,3822,	
plasma 2 413 2 1571,3214,	
determinadas 1 413 1 1568,	
30% 1 413 1 1562,	
rata 1 413 1 1559,	
alimento 1 413 1 3102,	
leche 3 413 3 1553,1581,1588,	
Lactancia 1 413 1 1547,	
estén 1 413 1 1541,	
tubo 1 413 1 1530,	
defectos 1 413 1 1527,	
prevenir 1 413 1 1525,	
suplementos 3 413 3 1521,1539,3924,	
reciban 1 413 1 1520,	
edad 1 413 1 1517,	
mujeres 2 413 2 1515,1594,	
disminuya 1 413 1 1509,	
folato 2 413 2 1508,1523,	
suplemento 1 413 1 1506,	
Ninguna 1 413 1 4112,	
datos 8 413 8 1497,1769,1896,2185,2985,3451,3643,3771,	
parásito 1 413 1 1494,	
incluye 1 413 1 1843,	
dihidrofolatorreductasa 2 413 2 1492,2348,	
inhibiendo 1 413 1 1490,	
[21-30 1 413 1 2938,	
feto 1 413 1 1486,	
supera 1 413 1 1480,	
madre 1 413 1 1479,	
esperado 1 413 1 1476,	
beneficio 1 413 1 1475,	
considerarse 1 413 1 1472,	
embarazo 1 413 1 1469,	
utilización 1 413 1 1463,	
seguridad) 1 413 1 1461,	
preclínicos 2 413 2 1459,3663,	
Datos 3 413 3 1458,2966,3662,	
preñados 1 413 1 1448,	
conejos 3 413 3 1447,3768,3811,	
materna 2 413 2 1445,1554,	
toxicidad 2 413 2 1444,3751,	
Hipromelosa 1 413 1 4047,	
observó 1 413 1 1443,	
postnatal 2 413 2 1441,3788,	
pre 2 413 2 1439,3786,	
desarrollo 3 413 3 1438,1796,3785,	
parto 1 413 1 1435,	
efectos 5 413 5 1432,1785,3776,3801,3908,	
congénitos 1 413 1 1528,	
individuales 2 413 2 1428,3794,	
componentes 3 413 3 1427,1652,3793,	
teratogenicidad 4 413 4 1422,1453,3761,3809,	
mostrado 4 413 4 1419,1431,3800,3848,	
animales 1 413 1 1416,	
Estudios 3 413 3 1414,1724,3749,	
desconocido 1 413 1 1413,	
postcomercialización 2 413 2 1862,2163,	
riesgo 2 413 2 1407,1482,	
embarazadas 1 413 1 1404,	
conjuntamente 1 413 1 1402,	
administran 1 413 1 1401,	
lactancia 2 413 2 1386,1598,	
eliminándose 1 413 1 3250,	
Embarazo 1 413 1 1384,	
lugar 3 413 3 1379,2066,2640,	
desplazamiento 2 413 2 1377,3157,	
debidas 1 413 1 1375,	
importantes 2 413 2 1374,3154,	
farmacológicas 2 413 2 1373,3153,	
interacciones 3 413 3 1372,2840,3152,	
produzcan 2 413 2 1371,3151,	
probable 2 413 2 1368,3148,	
indicando 2 413 2 1364,3144,	
tasas 2 413 2 1359,2810,	
altas 2 413 2 1358,2106,	
vitro 6 413 6 1353,2426,2461,2517,2536,3134,	
in 6 413 6 1352,2425,2460,2516,2535,3133,	
desplaza 2 413 2 1351,3132,	
(>99%) 2 413 2 1348,3129,	
alta 1 413 1 1347,	
magnesio 1 413 1 4045,	
proteínas 4 413 4 1345,1363,3124,3181,	
unión 6 413 6 1343,1361,1381,3143,3179,3221,	
tasa 3 413 3 1341,2770,2792,	
respectivamente 3 413 3 1337,2833,3490,	
50% 1 413 1 1333,	
aproximadamente 4 413 4 1331,1701,3174,3370,	
plasmáticos 1 413 1 1327,	
evitarse 1 413 1 1319,	
rifabutina 1 413 1 1317,	
rifampicina 1 413 1 1315,	
niveles 3 413 3 1305,1326,2857,	
debido 2 413 2 1299,1320,	
prescribe 1 413 1 1295,	
Debe 1 413 1 1290,	
8-35%) 1 413 1 1289,	
90% 2 413 2 1285,3021,	
IC 1 413 1 1283,	
23% 1 413 1 1282,	
(disminución 1 413 1 1280,	
Cmin 1 413 1 1277,	
resulta 1 413 1 1271,	
indinavir 4 413 4 1270,1279,1298,1308,	
concomitante 2 413 2 1266,1311,	
descartarse 1 413 1 1263,	
significativa 2 413 2 1256,3919,	
asumida 1 413 1 2583,	
clínicamente 2 413 2 1255,3572,	
posibilidad 1 413 1 1251,	
disminución 4 413 4 1243,1274,1302,3624,	
fertilidad 1 413 1 3782,	
evidencia 6 413 6 1241,1420,3235,3759,3849,3997,	
especial 1 413 1 4113,	
concomitantemente 1 413 1 1232,	
recibieron 3 413 3 1231,1682,2675,	
abierto 1 413 1 2728,	
tetraciclina 1 413 1 1227,	
metoclopramida 2 413 2 1225,1235,	
simultáneamente 1 413 1 1223,	
plasmáticas 1 413 1 1217,	
concentraciones 3 413 3 1216,1549,1565,	
significativos 2 413 2 1213,3573,	
descensos 1 413 1 1212,	
asociado 1 413 1 1211,	
indiquen 1 413 1 1500,	
continuo 1 413 1 1202,	
atovacuona-proguanil 5 413 5 1197,1903,1953,1990,2157,	
profiláxis 1 413 1 1190,	
retirar 1 413 1 1188,	
significativo 1 413 1 3701,	
iniciar 1 413 1 1186,	
precaución 2 413 2 1184,1292,	
Se 5 413 5 1182,1209,1442,1863,3060,	
todavía 1 413 1 1181,	
diferentes 1 413 1 2283,	
determinado 1 413 1 1180,	
farmacológica 1 413 1 1176,	
potencial 6 413 6 1174,1408,1483,2325,2387,3527,	
mecanismo 3 413 3 1171,2298,2398,	
El 11 413 11 1170,1487,1583,2297,2355,2753,3087,3104,3260,3355,3388,	
cumarina 2 413 2 1169,1208,	
basados 2 413 2 1166,1205,	
anticoagulantes 2 413 2 1165,1204,	
conducir 2 413 2 1611,1632,	
warfanina 1 413 1 1162,	
anticoagulante 1 413 1 1159,	
potenciar 2 413 2 1156,2378,	
interacción 3 413 3 1153,1175,1254,	
formas 1 413 1 1151,	
medicamentos 3 413 3 1148,1260,4220,	
Interacción 1 413 1 1144,	
diferente 1 413 1 1141,	
quimioprofilaxis 1 413 1 1127,	
hipnozoitos 1 413 1 1120,	
demostraran 1 413 1 2458,	
activo 2 413 2 1116,3877,	
fármaco 4 413 4 1113,1513,3252,3530,	
adicional 1 413 1 1110,	
tratados 3 413 3 1136,1833,1987,	
necesitarán 1 413 1 1107,	
parásitos 2 413 2 1106,2393,	
segura 1 413 1 3721,	
desarrollen 1 413 1 1100,	
aquéllos 1 413 1 1098,	
así 2 413 2 1096,3621,	
ovale 1 413 1 1095,	
reiteradamente 1 413 1 1088,	
expuestos 2 413 2 1087,3584,	
viajeros 6 413 6 1086,1707,2571,2650,2668,2689,	
Los 10 413 10 1085,1426,1704,2093,2184,2266,3338,3670,3929,3986,	
sólo 2 413 2 1082,3992,	
vivax 2 413 2 1081,1091,	
trató 1 413 1 1076,	
viceversa 1 413 1 3230,	
parasitarias 1 413 1 1073,	
recidivas 1 413 1 1072,	
comunes 1 413 1 1070,	
modificar 1 413 1 3283,	
Fueron 1 413 1 1069,	
administración) 3 413 3 1068,3086,3659,	
(250/100mg) 1 413 1 1059,	
establecido 2 413 2 1003,1390,	
mosquiteros) 1 413 1 999,	
(repelentes 1 413 1 998,	
personal 1 413 1 997,	
protección 2 413 2 996,1246,	
medidas 1 413 1 994,	
ajustándose 1 413 1 991,	
continúen 1 413 1 990,	
recomendarse 1 413 1 981,	
igual 1 413 1 974,	
clínicos 16 413 16 963,1238,1498,1660,1725,1801,1858,1901,1951,2082,2099,2155,2189,2212,2552,2853,	
ensayos 16 413 16 962,1237,1659,1800,1857,1900,1950,2081,2098,2154,2188,2635,2658,2852,3843,3957,	
eficacia 5 413 5 960,1511,2569,2592,2616,	
reducción 2 413 2 957,1323,	
asocian 1 413 1 954,	
reducirse 1 413 1 939,	
normal 2 413 2 933,3474,	
dosificación 1 413 1 932,	
continuarse 1 413 1 929,	
diarrea 7 413 7 927,943,948,986,1815,1926,1976,	
producen 1 413 1 915,	
repetida 1 413 1 912,	
mínimos 2 413 2 1306,2858,	
deberán 2 413 2 908,1134,	
tabla 2 413 2 1842,2888,	
toman 1 413 1 899,	
personas 2 413 2 897,984,	
Las 4 413 4 896,1548,1593,2809,	
Advertencias 2 413 2 890,3549,	
min) 1 413 1 887,	
ml/ 1 413 1 886,	
conocida 3 413 3 850,1888,2005,	
79 1 413 1 3211,	
Hipersensibilidad 1 413 1 849,	
lácteas 1 413 1 840,	
bebidas 1 413 1 839,	
administraron 1 413 1 834,	
triturar 1 413 1 832,	
elevada 1 413 1 3127,	
pequeños 1 413 1 827,	
administra 1 413 1 824,	
dificultad 1 413 1 821,	
encuentra 1 413 1 820,	
entero 1 413 1 817,	
tragado 1 413 1 816,	
preferiblemente 1 413 1 814,	
nueva 1 413 1 808,	
tomarse 1 413 1 806,	
(rango)] 1 413 1 2895,	
volver 1 413 1 804,	
vómitos 7 413 7 794,916,945,951,988,1817,1925,	
produjeran 1 413 1 793,	
reducida 1 413 1 786,	
verá 1 413 1 785,	
sistémica 2 413 2 781,3827,	
exposición 4 413 4 780,3703,3708,3826,	
igualmente 1 413 1 777,	
administrar 1 413 1 775,	
deberá 3 413 3 774,803,2236,	
tolerar 1 413 1 770,	
Si 2 413 2 765,818,	
transporte 1 413 1 2311,	
hora 3 413 3 762,798,920,	
T 1 413 1 4152,	
absorción) 1 413 1 758,	
(para 1 413 1 754,	
láctea 2 413 2 753,3077,	
bebida 2 413 2 752,3076,	
Período 1 413 1 4069,	
alimentos 5 413 5 748,772,836,3015,3072,	
día 2 413 2 746,764,	
vez 2 413 2 744,3029,	
ingerida 3 413 3 742,3013,3026,	
debe 6 413 6 740,813,928,980,1318,1471,	
diaria 1 413 1 739,	
Lista 1 413 1 4023,	
Método 1 413 1 734,	
Contraindicaciones 2 413 2 726,848,	
ml/min 1 413 1 721,	
fértil 1 413 1 1518,	
<30 2 413 2 720,885,	
creatinina 2 413 2 719,884,	
(aclaramiento 2 413 2 717,882,	
contraindicado 2 413 2 703,867,	
adecuada 1 413 1 700,	
nutrición 1 413 1 2035,	
relación 3 413 3 696,2128,3381,	
falta 1 413 1 692,	
Debido 1 413 1 689,	
interrumpe 1 413 1 2350,	
señalan 1 413 1 672,	
renal 12 413 12 655,664,684,715,880,2020,3431,3439,3445,3473,3495,3505,	
farmacocinéticas) 2 413 2 649,733,	
ajuste 2 413 2 641,2880,	
conteniendo 1 413 1 4100,	
especiales 6 413 6 639,893,3552,4077,4083,4106,	
precauciones 3 413 3 638,892,3551,	
prevén 1 413 1 637,	
realizado 5 413 5 627,1619,2725,3863,4008,	
fracaso 1 413 1 1124,	
han 13 413 13 626,1210,1418,1430,1618,1782,2102,2108,2219,3799,3847,3862,4007,	
Aunque 4 413 4 623,1228,1615,2982,	
moderada 5 413 5 622,688,3449,3583,3601,	
reacciones 2 413 2 1803,1848,	
leve 5 413 5 620,686,3447,3581,3599,	
posológicos 2 413 2 613,679,	
1/100) 1 413 1 1810,	
ajustes 2 413 2 612,678,	
realizar 2 413 2 611,677,	
necesario 2 413 2 610,676,	
recomienda 2 413 2 1183,3061,	
indica 1 413 1 606,	
adultos 12 413 12 605,671,710,1767,2618,2877,3170,3199,3442,3502,3576,3646,	
farmacocinético 1 413 1 603,	
estudio 5 413 5 602,1451,1557,2595,3807,	
embargo 4 413 4 600,666,972,1823,	
Sin 4 413 4 599,665,971,1822,	
farmacocinéticos 3 413 3 593,659,669,	
hay 9 413 9 591,657,1496,2839,2984,3433,3562,3570,3770,	
hepática 10 413 10 589,598,618,633,2203,3560,3568,3579,3597,3649,	
disfunción 10 413 10 588,597,654,663,3430,3438,3559,3567,3596,3648,	
caso 7 413 7 586,652,789,925,1122,3428,3557,	
utilizarse 2 413 2 580,1054,	
disponibilidad 1 413 1 574,	
haya 1 413 1 573,	
asegurar 1 413 1 755,	
circunstancias 1 413 1 570,	
superior 1 413 1 562,	
veces 3 413 3 561,3044,3051,	
Cicloguanilo 2 413 2 2957,3874,	
hombre 1 413 1 1411,	
cuatro 1 413 1 560,	
concentración 1 413 1 559,	
rango 5 413 5 552,1288,2873,3207,3407,	
recomendada 2 413 2 549,2849,	
posología 1 413 1 548,	
solos 1 413 1 2549,	
respecto 3 413 3 545,3055,3773,	
Técnica 1 413 1 541,	
Ficha 1 413 1 540,	
Consulte 1 413 1 538,	
mg) 1 413 1 537,	
elección 1 413 1 520,	
grave 6 413 6 634,716,881,3496,3506,3650,	
primera 3 413 3 519,797,919,	
pes 1 413 1 512,	
9-10 1 413 1 504,	
s 1 413 1 502,	
duo 1 413 1 501,	
tres 2 413 2 499,510,	
5-8 1 413 1 494,	
ivi 1 413 1 493,	
Peso 1 413 1 487,	
Par 1 413 1 486,	
complicaciones 1 413 1 2112,	
Regimen 1 413 1 483,	
farmacodinámicas) 1 413 1 474,	
Propiedades 5 413 5 473,648,732,2254,2836,	
apartado 6 413 6 470,645,1061,1455,3079,3652,	
(ver 8 413 8 469,644,1060,1454,2886,3078,3537,3651,	
semanas 5 413 5 468,1703,1723,2599,2704,	
estudios 18 413 18 464,592,628,658,668,1620,2534,2551,2719,2970,3434,3563,3675,3790,3864,3930,3987,4009,	
hepatocelulares 1 413 1 3947,	
endémicas 5 413 5 451,1693,1710,2606,2655,	
inmunizadas) 1 413 1 448,	
parcialmente 2 413 2 447,3266,	
(personas 1 413 1 446,	
residentes 3 413 3 445,1690,2601,	
En 23 413 23 444,569,787,924,1050,1121,1514,1657,1778,1798,1898,1948,2230,2656,2722,2762,2787,2850,3213,3440,3500,3593,3805,	
dicha 1 413 1 442,	
abandonar 1 413 1 441,	
después 3 413 3 439,799,2878,	
7 4 413 4 437,1605,3420,4140,	
diariamente 1 413 1 435,	
días 7 413 7 432,438,500,511,2776,2798,3335,	
28 3 413 3 431,2775,2797,	
exceder 1 413 1 429,	
estancia 2 413 2 424,2700,	
período 1 413 1 422,	
durante 8 413 8 420,795,917,1449,1467,1700,1721,2901,	
continuar 3 413 3 419,434,1534,	
n=66 1 413 1 2963,	
endémico 1 413 1 417,	
* 2 413 2 2908,2965,	
sea 2 413 2 416,1115,	
zona 2 413 2 411,443,	
entrar 1 413 1 408,	
indicaron 2 413 2 1743,2193,	
horas 2 413 2 405,3352,	
48 1 413 1 404,	
24 1 413 1 402,	
iniciarse 1 413 1 401,	
debería 3 413 3 399,428,1533,	
establecida 3 413 3 396,462,2578,	
amplia 1 413 1 3840,	
desconocida 2 413 2 2171,2182,	
neural 1 413 1 1531,	
sido 5 413 5 395,461,1179,2577,3715,	
pesen 1 413 1 388,	
34% 1 413 1 1336,	
malaria 2 413 2 384,2710,	
efectividad 3 413 3 374,455,1007,	
seguridad 10 413 10 372,453,1005,1392,1748,1772,2590,2614,2642,3665,	
recibir 1 413 1 370,	
deben 4 413 4 369,1053,1600,3967,	
Sujetos 4 413 4 365,2948,2952,2960,	
esperada 1 413 1 3710,	
100 2 413 2 364,2928,	
250 1 413 1 363,	
>40 2 413 2 362,367,	
Tres 2 413 2 358,4161,	
(g/mL) 1 413 1 2946,	
75 3 413 3 357,507,2925,	
187 3 413 3 355,505,2922,	
31-40 1 413 1 354,	
Dos 1 413 1 350,	
50 3 413 3 349,496,2920,	
resistencia 2 413 2 2438,2459,	
125 3 413 3 348,495,2918,	
21-30 1 413 1 347,	
Un 1 413 1 343,	
11-20 1 413 1 339,	
nivel 1 413 1 2315,	
(kg) 2 413 2 338,491,	
(mg) 4 413 4 335,336,482,489,	
No 25 413 25 331,590,656,1000,1387,1495,1573,2217,2435,2705,2838,2947,2951,2959,3232,3432,3561,3569,3639,3755,3769,3860,4005,4065,4080,	
Proguanil 4 413 4 330,481,1154,2930,	
Intervalo 2 413 2 327,478,	
Dosis/día 2 413 2 326,477,	
Óxido 1 413 1 4053,	
11-40 2 413 2 324,2868,	
pesan 2 413 2 323,3398,	
Dosis 3 413 3 319,485,2931,	
· 7 413 7 317,400,418,433,475,2566,2720,	
corporal 9 413 9 316,337,488,1676,1735,1756,2885,3118,3367,	
basada 1 413 1 312,	
náuseas 1 413 1 1924,	
La 21 413 21 293,371,397,737,934,1264,1309,1462,1685,1840,2485,2523,2568,2685,3023,3119,3178,3326,3475,4114,4197,	
efecto 4 413 4 1158,1624,1640,3820,	
administración 17 413 17 291,736,802,845,923,1222,1265,1310,1503,1536,2068,3161,3190,3299,3393,3533,3545,	
forma 7 413 7 289,1066,3084,3543,3657,3720,3918,	
Posología 8 413 8 287,292,584,650,1064,3082,3541,3655,	
Sanitarias 1 413 1 284,	
insuficiencia 9 413 9 617,632,683,714,879,3444,3494,3504,3578,	
Autoridades 1 413 1 283,	
OMS 1 413 1 278,	
incluirán 1 413 1 273,	
Hidroxipropilcelulosa 1 413 1 4031,	
9 2 413 2 2215,4172,	
Normalmente 1 413 1 269,	
resistencias 1 413 1 265,	
prevalencia 1 413 1 263,	
local 1 413 1 261,	
oficiales 2 413 2 258,272,	
directrices 3 413 3 257,271,275,	
cuenta 1 413 1 255,	
tenerse 2 413 2 253,1291,	
Deberán 1 413 1 252,	
máxima 1 413 1 757,	
(250/100 1 413 1 536,	
fuera 1 413 1 248,	
infectados 2 413 2 244,2995,	
pacientes 26 413 26 243,615,630,681,767,877,941,1133,1199,1832,1937,1986,2015,2094,2559,2994,3064,3396,3441,3470,3492,3501,3575,3591,3594,3645,	
agentes 2 413 2 233,978,	
África 1 413 1 2692,	
resistente 1 413 1 228,	
pueda 1 413 1 226,	
hierro 1 413 1 4055,	
patógeno 1 413 1 225,	
áreas 7 413 7 222,251,450,1692,1709,2605,2654,	
profilaxis 14 413 14 212,297,381,398,706,870,903,968,1013,1666,1956,2855,3322,3726,	
K30 1 413 1 4038,	
recomendado 1 413 1 209,	
especialmente 1 413 1 208,	
está 9 413 9 207,311,702,866,1028,3113,3204,3404,4203,	
sustitución 1 413 1 4036,	
metabolito 4 413 4 2341,2488,2513,3876,	
Por 2 413 2 205,2124,	
Grupo 1 413 1 2256,	
antipalúdicos 6 413 6 204,234,268,979,2258,2445,	
fármacos 6 413 6 203,267,1356,2444,2548,3137,	
o 26 413 26 201,231,403,516,640,749,837,853,858,904,944,987,1092,1187,1191,1316,1671,1854,2149,2226,2759,3073,3321,3783,3853,3920,	
resistentes 1 413 1 198,	
P 17 413 17 196,219,246,307,531,874,1039,1080,1090,1094,2305,2429,2455,2499,2539,2751,4151,	
eficaz 3 413 3 193,2545,2874,	
) 1 413 1 190,	
técnica 1 413 1 186,	
ficha 1 413 1 185,	
remitirse 1 413 1 182,	
favor 1 413 1 181,	
tratamiento 19 413 19 161,214,239,299,523,905,1032,1109,1193,1201,1543,1730,1906,1939,2239,2554,2754,3320,3724,	
(Para 1 413 1 159,	
< 2 413 2 154,2741,	
[Media 1 413 1 2893,	
niños 21 413 21 149,310,386,595,661,712,826,1017,1230,1670,1732,1753,1777,2735,2865,3172,3201,3337,3354,3436,3565,	
causado 5 413 5 144,167,305,529,2749,	
obtenida 1 413 1 2087,	
complicado 6 413 6 143,166,304,528,1037,2748,	
agudo 5 413 5 141,164,302,526,1035,	
Este 1 413 1 2396,	
Tratamiento 3 413 3 138,476,2721,	
peso 16 413 16 137,151,158,174,315,334,554,1024,1049,1675,1734,1755,2737,2884,3117,3366,	
kg 20 413 20 135,156,179,325,368,392,515,1022,1047,1681,1739,1742,1760,1763,2672,2739,2743,3379,3387,3403,	
40 7 413 7 134,178,1046,1680,1762,3378,3402,	
11 10 413 10 132,155,176,391,514,1021,1044,1678,1759,2742,	
individuos 5 413 5 130,172,321,1042,1052,	
justo 1 413 1 841,	
paludismo 26 413 26 125,140,163,217,241,301,415,525,708,872,907,970,1015,1034,1078,1101,1195,1249,1668,1908,1958,2395,2556,2745,3324,3728,	
Profilaxis 4 413 4 123,318,2567,2903,	
indicado 2 413 2 121,1029,	
Está 1 413 1 120,	
falciparum 17 413 17 119,128,147,170,197,220,247,308,532,875,1040,2306,2430,2456,2500,2540,2752,	
Plasmodium 5 413 5 118,127,146,169,2422,	
hepáticos 1 413 1 116,	
geográfica 1 413 1 412,	
esquizontes 1 413 1 115,	
37 1 413 1 3519,	
por-protocolo 2 413 2 2790,2832,	
frente 11 413 11 112,194,215,1117,1247,2303,2420,2427,2462,2494,2537,	
actividad 5 413 5 111,2360,2419,2508,3856,	
presenta 1 413 1 110,	
n=75 1 413 1 2955,	
sanguíneo 2 413 2 106,1140,	
sensibilidad 1 413 1 3970,	
esquizonticida 2 413 2 105,1139,	
actúa 2 413 2 102,1489,	
hidrocloruro 7 413 7 98,855,1396,2276,2407,3088,3261,	
e 6 413 6 97,259,1269,1395,2275,2406,	
atovacuona 44 413 44 96,783,852,937,1219,1268,1296,1329,1394,1551,1567,1577,1853,2092,2101,2135,2274,2302,2383,2405,2441,2526,2843,2860,2989,3012,3031,3110,3120,3168,3223,3238,3245,3331,3359,3416,3458,3482,3586,3852,3868,3935,3976,4017,	
fija 1 413 1 94,	
dosis 17 413 17 93,294,643,699,738,809,911,2104,2848,2882,3004,3304,3535,3668,3677,3694,3730,	
combinación 12 413 12 91,1425,2413,2524,2542,3681,3737,3764,3779,3814,3870,4015,	
terapéuticas 1 413 1 86,	
Indicaciones 1 413 1 85,	
CLÍNICOS 1 413 1 82,	
DATOS 2 413 2 81,4019,	
4 20 413 20 80,83,285,724,846,888,889,1062,1142,1382,1604,1653,2172,2214,3080,3539,3547,3548,3653,4075,	
ind 1 413 1 492,	
CG7"" 1 413 1 79,	
""GX 1 413 1 78,	
cara 1 413 1 76,	
marcados 1 413 1 73,	
biconvexos 1 413 1 71,	
redondos 1 413 1 70,	
rosa 1 413 1 69,	
color 1 413 1 68,	
película 1 413 1 65,	
recubiertos 1 413 1 63,	
Comprimidos 6 413 6 62,66,535,544,556,577,	
magnitud 1 413 1 3037,	
	" 1 413 1 61,	
FARMACÉUTICA 1 413 1 60,	
FORMA 1 413 1 59,	
3 8 413 8 58,725,847,1457,2158,3413,3661,4068,	
6 10 413 10 56,1383,3412,4018,4062,4067,4074,4087,4103,4104,	
sección 3 413 3 55,723,729,	
mostraron 2 413 2 3939,3996,	
ver 2 413 2 54,722,	
excipientes 3 413 3 53,863,4025,	
lista 1 413 1 51,	
linfoma 1 413 1 3896,	
consultar 1 413 1 49,	
Para 1 413 1 48,	
25 3 413 3 46,342,2916,	
proguanil 43 413 43 45,100,857,1398,1488,1584,1855,1942,2175,2192,2278,2336,2356,2370,2409,2491,2510,2528,2845,2861,2898,2949,3090,3112,3183,3197,3228,3263,3311,3345,3361,3425,3459,3512,3612,3684,3689,3713,3854,3872,3879,3994,4013,	
Hidrocloruro 1 413 1 43,	
mg 10 413 10 42,47,2915,2917,2919,2921,2924,2926,2929,3008,	
5 23 413 23 41,152,341,356,471,506,646,730,1143,1456,1738,2183,2246,2738,2834,2914,2923,3050,3400,3410,3660,4072,4088,	
20 2 413 2 3209,3386,	
62 3 413 3 40,340,2913,	
Atovacuona 9 413 9 39,329,480,1338,2415,2897,2911,2945,2972,	
contiene 1 413 1 38,	
comprimido 2 413 2 37,344,	
Cada 1 413 1 36,	
CUANTITATIVA 1 413 1 34,	
Y 1 413 1 33,	
CUALITATIVA 1 413 1 32,	
COMPOSICIÓN 1 413 1 31,	
2 12 413 12 30,286,647,731,1063,2085,2835,3081,3540,3654,4063,4159,	
comprimidos 20 413 20 29,189,333,351,359,378,459,568,583,812,829,1056,1131,1696,1717,2270,2645,3010,3067,4102,	
Pediátrico 28 413 28 28,88,377,458,498,509,567,582,811,865,901,1010,1026,1130,1466,1546,1603,1627,1663,1684,1699,1720,2229,2273,2648,2758,3070,3797,	
Malarone 51 413 51 27,87,188,191,346,353,361,376,457,497,508,534,543,555,566,576,581,701,776,810,864,900,965,1009,1025,1058,1084,1129,1233,1313,1465,1545,1602,1626,1662,1683,1698,1719,1790,1836,1852,2225,2228,2272,2647,2662,2757,2905,3069,3301,3796,	
	 4 413 4 26,35,4147,4184,	
MEDICAMENTO 2 413 2 25,2251,	
NOMBRE 1 413 1 23,	
1 7 413 7 22,57,84,472,2074,2253,4022,	
PRODUCTO 1 413 1 21,	
DEL 3 413 3 20,24,4193,	
grupo 4 413 4 2448,2782,2804,2816,	
CARACTERÍSTICAS 1 413 1 19,	
LAS 1 413 1 18,	
siguiente) 1 413 1 2889,	
DE 10 413 10 17,2249,4142,4145,4166,4168,4174,4179,4182,4190,	
RESUMEN 1 413 1 16,	
O 2 413 2 15,4178,	
absorción 2 413 2 935,3040,	
TÉCNICA 1 413 1 14,	
FICHA 1 413 1 13,	
información 4 413 4 10,260,694,4198,	
Toda 1 413 1 8,	
medicamento 4 413 4 7,12,4117,4202,	
Basica 1 413 1 5,	
	Información 1 413 1 4,	
ácido 1 413 1 3926,	
PEDIATRICOS 1 413 1 3,	
COMPRIMIDOS 1 413 1 2,	
12 6 413 6 1,467,1702,2598,2683,4101,	
clínica 4 413 4 2565,3709,3748,3985,	
MALARONE 5 413 5 0,2084,2784,2806,2818,	
