" 1 290 1 4367,	
Prospectos 1 290 1 4364,	
Julio 1 290 1 4347,	
texto 1 290 1 4346,	
2000 1 290 1 4339,	
Diciembre 1 290 1 4337,	
16520/0006 1 290 1 4321,	
PL 1 290 1 4320,	
comunitario 1 290 1 4317,	
(s) 1 290 1 4314,	
BILBAO 1 290 1 4310,	
48008 1 290 1 4309,	
27 1 290 1 4308,	
Urquijo 1 290 1 4307,	
Alameda 1 290 1 4306,	
S 1 290 1 4304,	
Farmacéutica 1 290 1 4303,	
Industrial 1 290 1 4302,	
comercialización 1 290 1 4300,	
autorización 3 290 3 4298,4327,4334,	
administrativos 1 290 1 4293,	
manipulación 1 290 1 4290,	
Instrucciones 1 290 1 4286,	
países 1 290 1 4283,	
envases 1 290 1 4277,	
ranurados 1 290 1 4270,	
plano 1 290 1 4269,	
borde 1 290 1 4268,	
blanquecinos 1 290 1 4262,	
biconvexos 1 290 1 4259,	
clínico 1 290 1 4257,	
envase 1 290 1 4256,	
100) 1 290 1 4252,	
(10 1 290 1 4250,	
1000 1 290 1 4249,	
100 1 290 1 4245,	
56 2 290 2 4243,4362,	
Envases 2 290 2 4233,4247,	
PVDC/aluminio 1 290 1 4226,	
aluminio/aluminio 1 290 1 4224,	
blister 1 290 1 4222,	
Tiras 1 290 1 4220,	
recipiente 1 290 1 4219,	
contenido 1 290 1 4217,	
Naturaleza 1 290 1 4215,	
C 1 290 1 4212,	
30º 1 290 1 4211,	
temperatura 1 290 1 4208,	
conservación 1 290 1 4204,	
Precauciones 1 290 1 4201,	
Tres 1 290 1 4197,	
validez 1 290 1 4196,	
14 2 290 2 4237,4355,	
Periodo 1 290 1 4194,	
Incompatibilidades 1 290 1 4188,	
glicerol 1 290 1 4185,	
sódica 1 290 1 4182,	
Croscarmelosa 1 290 1 4181,	
monohidrato 1 290 1 4180,	
Lactosa 1 290 1 4179,	
pregelatinizado 1 290 1 4178,	
Almidón 1 290 1 4177,	
anhidro 1 290 1 4176,	
calcio 1 290 1 4175,	
Hidrogenofosfato 1 290 1 4173,	
excipientes 1 290 1 4172,	
Lista 1 290 1 4170,	
farmacéuticos 1 290 1 4166,	
teratógeno 1 290 1 4163,	
potencial 1 290 1 4162,	
revelado 1 290 1 4161,	
conejos 1 290 1 4158,	
teratogénesis 1 290 1 4154,	
experimentó 1 290 1 4149,	
hembra 1 290 1 4147,	
macho 1 290 1 4145,	
ratas 2 290 2 4144,4156,	
fertilidad 1 290 1 4142,	
mg/kg 1 290 1 4140,	
500 1 290 1 4139,	
prenatal 1 290 1 4129,	
retraso 1 290 1 4126,	
observaron 1 290 1 4125,	
rata 1 290 1 4123,	
fetotoxicidad 1 290 1 4117,	
claros 1 290 1 4115,	
signos 1 290 1 4114,	
caracterizó 1 290 1 4112,	
animal 1 290 1 4107,	
reproducción 1 290 1 4106,	
humano 1 290 1 4102,	
adicionales 1 290 1 4093,	
importantes 1 290 1 4092,	
aporten 1 290 1 4090,	
carcinogénesis) 1 290 1 4088,	
toxicidad 1 290 1 4080,	
mutagénesis) 1 290 1 4075,	
(como 2 290 2 4071,4084,	
breves 1 290 1 4070,	
específicos 1 290 1 4067,	
preclínicos 1 290 1 4059,	
aumentó 1 290 1 4048,	
t1/2 1 290 1 4040,	
lado 1 290 1 4038,	
semejante 1 290 1 4031,	
tmax 1 290 1 4029,	
normales 1 290 1 4025,	
ligeramente 1 290 1 4020,	
grados 1 290 1 3987,	
diez 1 290 1 3980,	
30-80 1 290 1 3948,	
valores 1 290 1 3933,	
cabo 1 290 1 3915,	
estacionario 1 290 1 3906,	
múltiples 1 290 1 3898,	
50% 1 290 1 3892,	
alrededor 1 290 1 3890,	
orina 1 290 1 3888,	
excreta 1 290 1 3885,	
total 1 290 1 3883,	
radiactividad 1 290 1 3882,	
40% 1 290 1 3879,	
cerca 1 290 1 3877,	
radiomarcado 1 290 1 3876,	
compuesto 1 290 1 3875,	
urinaria 1 290 1 3869,	
plasmáticos 2 290 2 3865,3930,	
tenor 1 290 1 3861,	
240 1 290 1 3858,	
lineal 1 290 1 3851,	
única 1 290 1 3844,	
respectivamente) 1 290 1 3839,	
53% 1 290 1 3838,	
(85% 1 290 1 3836,	
proteínas 1 290 1 3833,	
unión 1 290 1 3825,	
42% 1 290 1 3822,	
absoluta 1 290 1 3817,	
terminal 1 290 1 3809,	
7-9 1 290 1 3804,	
bifásica 1 290 1 3798,	
Dichas 1 290 1 3793,	
hidroliza 1 290 1 3770,	
ricas 1 290 1 3758,	
70% 1 290 1 3755,	
acerca 1 290 1 3753,	
aproximada 1 290 1 3746,	
semivida 3 290 3 3743,3801,3808,	
manera 2 290 2 3739,3797,	
descienden 2 290 2 3737,3795,	
alcanza 2 290 2 3723,3786,	
tubo 1 290 1 3720,	
absorbe 1 290 1 3715,	
Después 1 290 1 3707,	
ambas 1 290 1 4272,	
farmacocinéticas 1 290 1 3705,	
rápido 1 290 1 3696,	
brusca 1 290 1 3687,	
plazo 4 290 4 3684,3730,3789,4083,	
Número 1 290 1 4313,	
mantienen 1 290 1 3678,	
requerir 1 290 1 3666,	
óptima 1 290 1 3660,	
consecución 1 290 1 3656,	
observa 1 290 1 3646,	
compensador 1 290 1 3636,	
aproximadamente 2 290 2 3629,3823,	
decúbito 1 290 1 3625,	
sedestación 1 290 1 3624,	
adversos 1 290 1 3611,	
participe 1 290 1 3594,	
mecanismo 1 290 1 3593,	
prostaglandinas 1 290 1 3588,	
activar 1 290 1 3583,	
periférica 1 290 1 3581,	
vasodilatación 1 290 1 3580,	
contribuye 1 290 1 3577,	
50 1 290 1 4242,	
calicreína-cinina 1 290 1 3574,	
circulante 1 290 1 3569,	
metabolitos 1 290 1 3555,	
cininas 1 290 1 3553,	
vasodepresor 1 290 1 3548,	
péptido 1 290 1 3547,	
bradicinina 1 290 1 3544,	
degradar 1 290 1 3542,	
renovación 1 290 1 4331,	
Otra 1 290 1 3535,	
negativa 1 290 1 3518,	
retroalimentación 1 290 1 3517,	
sódio 1 290 1 3509,	
séricas 1 290 1 3502,	
incrementos 1 290 1 3498,	
ligeros 1 290 1 3497,	
pequeña 1 290 1 3493,	
última 1 290 1 3490,	
Aunque 1 290 1 3488,	
actividad 3 290 3 3477,3530,3566,	
traduce 1 290 1 3471,	
plasmática 4 290 4 3464,3534,3726,3781,	
heces 1 290 1 3895,	
secretar 1 290 1 3454,	
adrenal 1 290 1 3452,	
glándula 1 290 1 3451,	
estimulación 1 290 1 3448,	
vasoconstricción 1 290 1 3438,	
responsable 2 290 2 3435,3607,	
vasoconstrictor 1 290 1 3434,	
potente 2 290 2 3433,3546,	
2004 1 290 1 4349,	
convertidora 2 290 2 3422,3540,	
acción 1 290 1 3418,	
inactivo 1 290 1 3404,	
decapéptido 1 290 1 3402,	
I 2 290 2 3400,3409,	
angiotensinógeno 1 290 1 3397,	
convierte 2 290 2 3395,3411,	
circulatorio 1 290 1 3393,	
torrente 1 290 1 3392,	
sintetizada 1 290 1 3382,	
endógena 1 290 1 3381,	
enzima 3 290 3 3380,3421,3539,	
renina 3 290 3 3377,3527,3533,	
plasma 1 290 1 3375,	
obedecer 1 290 1 3366,	
parece 1 290 1 3365,	
C09A 1 290 1 3352,	
farmacoterapéutico 1 290 1 3351,	
ATC 1 290 1 3348,	
Código 1 290 1 3347,	
farmacodinámicas 1 290 1 3346,	
farmacológicas 1 290 1 3342,	
Propiedades 3 290 3 3341,3345,3704,	
mediante 1 290 1 3327,	
circulación 1 290 1 3326,	
eliminan 1 290 1 3323,	
marcapasos 1 290 1 3316,	
atropina 1 290 1 3309,	
tratarse 1 290 1 3307,	
intensas 1 290 1 3305,	
vagales 1 290 1 3304,	
II 5 290 5 3298,3414,3430,3467,3522,	
angiotensina 8 290 8 3297,3399,3408,3413,3425,3429,3466,3521,	
reposición 1 290 1 3288,	
sódico 1 290 1 3255,	
adsorbentes 1 290 1 3252,	
gástrico 1 290 1 3248,	
lavado 1 290 1 3247,	
favorecer 1 290 1 3243,	
absorción 4 290 4 3241,3751,3764,3846,	
prevenir 1 290 1 3239,	
adoptar 1 290 1 3236,	
gravedad 1 290 1 3225,	
naturaleza 1 290 1 3222,	
dependen 1 290 1 3219,	
medidas 2 290 2 3217,3237,	
intensivos 1 290 1 3204,	
cuidados 1 290 1 3203,	
unidad 1 290 1 3201,	
estrechamente 1 290 1 3195,	
ingestión 2 290 2 3188,3231,	
Tras 4 290 4 3186,3840,3870,3896,	
electrolíticos 1 290 1 3182,	
bradicardia 2 290 2 3180,3300,	
estupor 1 290 1 3179,	
consisten 1 290 1 3174,	
sobredosis 2 290 2 3173,3191,	
Sobredosis 1 290 1 3169,	
9 2 290 2 3168,4322,	
hemolítica 1 290 1 3160,	
G-6-PDH 1 290 1 3152,	
congénito 1 290 1 3150,	
inactivos 1 290 1 3556,	
pancitopenia 1 290 1 3144,	
electrólitos 1 290 1 3214,	
agranulocitosis 1 290 1 3142,	
hepáticas 1 290 1 3127,	
así 2 290 2 3121,3444,	
leucocitario 1 290 1 3120,	
recuento 1 290 1 3119,	
plaquetas 1 290 1 3116,	
hematócrito 1 290 1 3114,	
hemoglobina 1 290 1 3112,	
aldosterona 3 290 3 3102,3455,3487,	
secreción 3 290 3 3100,3485,3525,	
elevarse 1 290 1 3091,	
anemia 1 290 1 3159,	
plasmáticas 2 290 2 3073,3736,	
laboratorio 1 290 1 3059,	
Titular 1 290 1 4295,	
Parámetros 1 290 1 3057,	
gusto 1 290 1 3055,	
cefalea 1 290 1 3051,	
borrosa 1 290 1 3050,	
oídos 1 290 1 3048,	
zumbidos 1 290 1 3046,	
confusión 1 290 1 3045,	
impotencia 1 290 1 3041,	
parestesias 1 290 1 3040,	
sueño 1 290 1 3039,	
depresiones 1 290 1 3036,	
fatiga 1 290 1 3031,	
ocasionalmente 1 290 1 3024,	
nervioso 1 290 1 3023,	
bucofaríngeos 1 290 1 3020,	
tejidos 1 290 1 3019,	
ANA 1 290 1 2995,	
riñones 1 290 1 3385,	
eosinofilia 1 290 1 2988,	
artralgias 1 290 1 2987,	
mialgias 1 290 1 2986,	
fiebre 1 290 1 2985,	
acompañarse 1 290 1 2983,	
tipo 1 290 1 2975,	
eflorescencias 1 290 1 2973,	
tóxica 1 290 1 2972,	
epidérmica 1 290 1 2971,	
alopecia 1 290 1 2978,	
necrólisis 1 290 1 2970,	
Johnson 1 290 1 2969,	
síndrome 1 290 1 2966,	
multiforme 1 290 1 2965,	
eritema 1 290 1 2964,	
Con 1 290 1 2953,	
urticaria 1 290 1 2952,	
local 1 290 1 3571,	
erupción 1 290 1 2949,	
enzimas 1 290 1 3126,	
prurito 1 290 1 2948,	
exantema 1 290 1 2947,	
alérgicas 1 290 1 2942,	
sanguíneos 1 290 1 2935,	
íleo 1 290 1 2930,	
pancreatitis 1 290 1 2928,	
hepatitis 1 290 1 2927,	
colestásica 1 290 1 2926,	
ictericia 1 290 1 2925,	
boca 1 290 1 2924,	
sequedad 1 290 1 2922,	
Steven- 1 290 1 2968,	
estreñimiento 1 290 1 2921,	
abdominal 1 290 1 2920,	
dolor 1 290 1 2919,	
gastritis 1 290 1 2918,	
digestivo 2 290 2 2904,3721,	
superiores 1 290 1 2901,	
respiratorias 1 290 1 2900,	
vías 1 290 1 2899,	
broncoespasmo 1 290 1 2894,	
bronquitis 1 290 1 2893,	
glositis 1 290 1 2892,	
rinitis 1 290 1 2891,	
sinusitis 1 290 1 2890,	
importante 1 290 1 2881,	
inducen 1 290 1 2876,	
respiratorio 1 290 1 2866,	
intensifica 1 290 1 2848,	
Sistema 2 290 2 2841,3022,	
cerebral 1 290 1 2829,	
hemorragia 1 290 1 2828,	
transitorios 1 290 1 2826,	
isquémicos 1 290 1 2825,	
accidentes 1 290 1 2824,	
arritmias 1 290 1 2817,	
palpitaciones 1 290 1 2816,	
individuales 3 290 3 2813,3139,3157,	
(síncope) 1 290 1 2808,	
conciencia 1 290 1 2807,	
trastornos 4 290 4 2804,3037,3042,3181,	
visión 2 290 2 2800,3049,	
alteraciones 3 290 3 2797,3053,4150,	
debilidad 1 290 1 2796,	
sensación 1 290 1 2794,	
Junto 1 290 1 2785,	
caras 1 290 1 4273,	
grupos 2 290 2 2782,4035,	
oral 4 290 4 3711,3843,3847,3873,	
Aparato 3 290 3 2764,2865,2903,	
siguientes 2 290 2 2746,3260,	
Más 1 290 1 2739,	
dispepsia 1 290 1 2735,	
36% 1 290 1 2719,	
registro 1 290 1 4316,	
peptidilpeptidasa 1 290 1 3427,	
placebo 1 290 1 2717,	
34% 1 290 1 2714,	
sido 2 290 2 2712,3977,	
incidencia 1 290 1 2701,	
adversas 3 290 3 2699,2704,2748,	
Reacciones 1 290 1 2698,	
8 2 290 2 2697,4312,	
estudios 7 290 7 2685,4069,4073,4078,4086,4104,4152,	
existen 1 290 1 2684,	
cansancio 2 290 2 2682,3029,	
mareos 4 290 4 2680,2731,2793,3028,	
ocasional 1 290 1 2678,	
cuenta 1 290 1 2675,	
tenerse 1 290 1 2673,	
vehículos 1 290 1 2667,	
conducen 1 290 1 2666,	
Cuando 2 290 2 2664,3229,	
máquinas 2 290 2 2663,2671,	
utilizar 1 290 1 2662,	
conducir 2 290 2 2660,2695,	
capacidad 2 290 2 2658,2693,	
Efectos 1 290 1 2655,	
7 5 290 5 2654,3791,4229,4235,4294,	
alimentados 1 290 1 2650,	
materna 1 290 1 2639,	
leche 1 290 1 2638,	
excretarse 1 290 1 2635,	
además 1 290 1 2621,	
feto; 1 290 1 2620,	
peligros 1 290 1 2617,	
posibles 1 290 1 2616,	
recibir 1 290 1 2612,	
toman 1 290 1 2609,	
quedan 1 290 1 2606,	
Las 5 290 5 2602,3216,3734,3756,3779,	
oliguria 1 290 1 2599,	
utero 1 290 1 2588,	
in 1 290 1 2587,	
expuestos 1 290 1 2586,	
lactantes 2 290 2 2585,2649,	
observar 1 290 1 2581,	
muerte 1 290 1 2578,	
cráneo 1 290 1 2575,	
deformidades 1 290 1 2569,	
asociarse 2 290 2 2563,3007,	
trimestres 1 290 1 2561,	
revisión 1 290 1 4344,	
feto 1 290 1 2552,	
exposición 1 290 1 2550,	
bilirrubina 1 290 1 3131,	
embarazadas 2 290 2 2548,2607,	
administran 1 290 1 2545,	
eliminación 2 290 2 3245,3745,	
neonatal 2 290 2 2542,2566,	
fetal 1 290 1 2540,	
mortalidad 1 290 1 2539,	
morbilidad 1 290 1 2537,	
placenta 1 290 1 2533,	
atraviesan 1 290 1 2531,	
embarazo 1 290 1 2522,	
lactancia 2 290 2 2515,2525,	
Alcohol 1 290 1 2499,	
deseado 1 290 1 2498,	
confirmar 1 290 1 2492,	
biodisponibilidad 2 290 2 2469,3816,	
inducir 1 290 1 2466,	
Antiácidos 1 290 1 2463,	
orales 1 290 1 2460,	
antidiabéticos 1 290 1 2459,	
hipoglucemia 1 290 1 2450,	
ocurrir 1 290 1 2448,	
consecuencia 1 290 1 2444,	
insulina 2 290 2 2442,2457,	
grasas 1 290 1 3760,	
sensibilidad 1 290 1 2439,	
Antidiabéticos 1 290 1 2430,	
hipertensivo 1 290 1 2427,	
disminuir 2 290 2 2424,2474,	
plasmástica 1 290 1 2413,	
concentración 4 290 4 2412,3463,3725,3780,	
reduce 2 290 2 2410,3619,	
rifampicina 1 290 1 2409,	
probables 1 290 1 2399,	
disminuyendo 1 290 1 2391,	
antihipertensivo 1 290 1 2379,	
esteroideo 1 290 1 2374,	
antiinflamatorio 1 290 1 2372,	
(AINE) 1 290 1 2355,	
esteroideos 1 290 1 2354,	
Antiinflamatorios 1 290 1 2352,	
corticosteroides 1 290 1 2328,	
Citostáticos 1 290 1 2325,	
leucopenia 2 290 2 2324,2351,	
Alopurinol 1 290 1 2310,	
causar 1 290 1 2536,	
Antihipertensivos 1 290 1 2296,	
cutánea 1 290 1 2950,	
postural 1 290 1 2295,	
Narcóticos/antipsicóticos 1 290 1 2291,	
anestésicos 1 290 1 2290,	
potenciar 3 290 3 2284,2437,2501,	
Anestésicos 1 290 1 2274,	
séricos 2 290 2 2271,3215,	
niveles 3 290 3 2270,2993,3929,	
último 1 290 1 2263,	
excreción 2 290 2 2260,3868,	
litio 2 290 2 2256,2273,	
continuación 1 290 1 3406,	
Litio 1 290 1 2249,	
concreto 1 290 1 2741,	
precavido 1 290 1 2242,	
menor 2 290 2 2236,2468,	
iniciando 1 290 1 2230,	
e 6 290 6 2229,2461,2600,2929,3183,3938,	
toma 3 290 3 2226,3263,3652,	
consumo 1 290 1 2220,	
aumentando 2 290 2 2215,2386,	
suspendiendo 1 290 1 2212,	
reducirse 1 290 1 2211,	
taquicardia 1 290 1 2815,	
efectos 7 290 7 2208,2286,2396,2476,3610,3675,4066,	
posibilidad 3 290 3 2206,2596,2677,	
disminuyen 2 290 2 2184,3761,	
vigilando 1 290 1 2168,	
deben 3 290 3 2163,2611,3306,	
confirmada 1 290 1 2162,	
hipopotasemia 1 290 1 2161,	
productos 1 290 1 2158,	
simultáneo 1 290 1 2155,	
indicado 1 290 1 2152,	
supresión 2 290 2 3370,3514,	
significativamente 3 290 3 2146,3762,4049,	
aumentar 4 290 4 2145,2244,2347,2777,	
postura 1 290 1 3277,	
sustitutos 1 290 1 2138,	
amilorida 1 290 1 2131,	
triamtereno 1 290 1 2129,	
espironolactona 1 290 1 2128,	
inducida 1 290 1 2117,	
atenuar 1 290 1 2112,	
Diuréticos 2 290 2 2093,2174,	
interacción 1 290 1 2092,	
formas 1 290 1 2090,	
Interacción 1 290 1 2083,	
relativamente 2 290 2 2072,3403,	
fatiga/somnolencia 1 290 1 2733,	
aparecer 3 290 3 2055,2916,3141,	
COMPRIMIDOS 2 290 2 4356,4363,	
proteinuria 1 290 1 2051,	
registrado 2 290 2 2050,2961,	
Proteinuria 1 290 1 2045,	
corrige 1 290 1 2033,	
inmunosupresores 2 290 2 2029,2327,	
esclerodermia 1 290 1 2024,	
sistémico 1 290 1 2023,	
eritematoso 1 290 1 2022,	
lupus 1 290 1 2021,	
ejemplo 2 290 2 2020,2127,	
colagenovascular 1 290 1 2018,	
asocia 1 290 1 2014,	
grado 2 290 2 2006,3633,	
neutropenia 2 290 2 1985,2001,	
sobreviene 1 290 1 1984,	
Neutropenia/agranulocitosis 1 290 1 1981,	
izquierdo 1 290 1 1979,	
ventrículo 1 290 1 1978,	
obstrucción 1 290 1 1971,	
hipertrófica 1 290 1 1961,	
aórtica/miocardiopatía 1 290 1 1960,	
Estenosis 1 290 1 1959,	
cuidado 1 290 1 1955,	
gran 1 290 1 1954,	
hipotensores 3 290 3 1942,2209,2287,	
factores 1 290 1 1941,	
intensificación 1 290 1 1938,	
merced 2 290 2 1935,3415,	
hipotensor 6 290 6 1924,2303,2504,3359,3598,3643,	
shock 3 290 3 1923,3178,3279,	
anestesia 2 290 2 1907,1934,	
cirugía 2 290 2 1905,1929,	
frecuencia 5 290 5 1887,2170,2268,3209,3639,	
medicamentos 4 290 4 1882,2087,4319,4366,	
considera 1 290 1 1878,	
sérico 6 290 6 1873,1890,2149,2173,2389,3094,	
aumento 6 290 6 1869,2990,3123,3697,3975,4133,	
procainamida 1 290 1 2331,	
ahorradores 3 290 3 1862,2094,2123,	
potasio 15 290 15 1858,1864,1872,1889,2096,2100,2116,2125,2135,2143,2148,2172,2388,3093,3504,	
suplementos 4 290 4 1856,2098,2133,3284,	
recomiendan 1 290 1 1854,	
general 1 290 1 1851,	
presencia 2 290 2 1843,3086,	
particular 2 290 2 1841,2181,	
hiperpotasemia 2 290 2 1834,2601,	
produce 3 290 3 1833,2298,3269,	
Rara 6 290 6 1830,1982,2046,2884,2913,3032,	
Hiperpotasemia 1 290 1 1829,	
seguridad 2 290 2 1827,4061,	
establecido 1 290 1 1822,	
principio 1 290 1 1805,	
65 1 290 1 1783,	
jóvenes 1 290 1 1778,	
sensibles 1 290 1 1772,	
mayores 3 290 3 1768,3928,3932,	
concomitantemente 1 290 1 2456,	
especial 2 290 2 1764,2011,	
MINISTERIO 6 290 6 1752,2080,2839,3266,3706,4167,	
desaparece 1 290 1 1747,	
productiva 1 290 1 1745,	
seca 1 290 1 1742,	
tos 3 290 3 1741,2729,2877,	
sobrevenir 2 290 2 1739,2790,	
Durante 1 290 1 1733,	
Tos 1 290 1 1732,	
completo 1 290 1 1728,	
resuelto 1 290 1 1726,	
hayan 1 290 1 1725,	
alta 1 290 1 1721,	
dar 1 290 1 1719,	
Simpaticomiméticos 1 290 1 2472,	
le 1 290 1 1717,	
horas; 1 290 1 1714,	
24 2 290 2 1713,3813,	
12 1 290 1 1711,	
observarlo 1 290 1 1707,	
Hay 4 290 4 1701,2239,2579,3205,	
ECG 1 290 1 1695,	
dilución) 1 290 1 1691,	
(observando 1 290 1 1687,	
mg/ml 1 290 1 1686,	
cutáneos 1 290 1 2981,	
lenta 1 290 1 1684,	
3-0 1 290 1 1676,	
nuevo 1 290 1 2246,	
(0 1 290 1 1675,	
000 1 290 1 1674,	
inmediata 1 290 1 1671,	
subcutánea 1 290 1 1670,	
(epinefrina) 1 290 1 1667,	
necesariamente 1 290 1 1663,	
limitarse 1 290 1 1662,	
siguiente 1 290 1 1660,	
constituido 1 290 1 1657,	
urgencia 1 290 1 1656,	
aplicarse 1 290 1 1652,	
Debe 1 290 1 1651,	
mortal 1 290 1 1650,	
resultar 1 290 1 1649,	
fármacos 1 290 1 1635,	
sustituirlo 1 290 1 1625,	
rapidez 3 290 3 1623,3283,3717,	
prolongado 1 290 1 1611,	
Cirugía/anestesia 1 290 1 1892,	
raros 1 290 1 1602,	
frecuentes 2 290 2 1591,2727,	
son 2 290 2 1589,2397,	
laringe 2 290 2 1586,1647,	
y/o 3 290 3 1585,2576,2989,	
glotis 2 290 2 1584,1644,	
lengua 2 290 2 1583,1642,	
mucosas 1 290 1 1582,	
labios 1 290 1 1580,	
cara 3 290 3 1578,2572,3016,	
angioedema 4 290 4 1575,1606,1637,2896,	
conocida 1 290 1 1561,	
insecto 1 290 1 1556,	
picadura 1 290 1 1554,	
Pueden 1 290 1 1548,	
Piel 1 290 1 2932,	
interrumpirse 1 290 1 1542,	
Así 1 290 1 1535,	
graves 1 290 1 1527,	
siguen 1 290 1 1515,	
hipersensibilidad 3 290 3 1508,1560,2945,	
insectos 3 290 3 1504,1512,1565,	
picaduras 1 290 1 1502,	
toxinas 3 290 3 1500,1510,1563,	
antes) 1 290 1 1483,	
registradas 1 290 1 1472,	
semejantes 1 290 1 1469,	
dextrano 1 290 1 1464,	
sulfato 2 290 2 1462,3254,	
tratados 4 290 4 1447,1570,2177,2708,	
LDL 2 290 2 1444,1460,	
aféresis 2 290 2 1442,1458,	
lípido 2 290 2 1441,1457,	
grupo 6 290 6 1435,1494,1633,2722,3350,3550,	
pertenezca 2 290 2 1432,1630,	
membrana 1 290 1 1427,	
consiguiente 1 290 1 1422,	
manifestarse 1 290 1 1413,	
suelen 1 290 1 1412,	
crecimiento 1 290 1 4128,	
síntomas 7 290 7 1411,1588,1730,2791,2980,3171,3228,	
Los 12 290 12 1410,1445,1505,1587,1988,2121,2526,2629,2979,3170,3674,4151,	
disnea 2 290 2 1409,2889,	
rubor 1 290 1 1406,	
facial 1 290 1 1405,	
moderada 1 290 1 3835,	
hinchazón 1 290 1 1404,	
anafilactoides 3 290 3 1402,1468,1526,	
reacciones 8 290 8 1401,1467,1525,1550,2703,2747,2941,3303,	
hiperflujo 3 290 3 1396,1481,3339,	
poliacrilonitrilo 2 290 2 1394,3337,	
alcanzan 1 290 1 3900,	
membranas 4 290 4 1392,1479,1581,3335,	
evitar 2 290 2 1388,3331,	
tratado 1 290 1 1383,	
necesaria 1 290 1 1378,	
sea 2 290 2 1377,3606,	
falta 1 290 1 1368,	
actualidad 1 290 1 1353,	
primeras 2 290 2 1343,1594,	
conocen 1 290 1 4191,	
suspender 6 290 6 1332,1619,1749,1947,2035,3080,	
reducir 3 290 3 1323,2258,2376,	
veces 3 290 3 1320,3957,3981,	
A 3 290 3 1319,3405,4305,	
simultáneamente 1 290 1 1316,	
administra 1 290 1 1315,	
urea 2 290 2 1310,3069,	
concentraciones 7 290 7 1307,3066,3072,3501,3735,3794,3901,	
experimentar 4 290 4 1303,1466,1524,2191,	
aparente 1 290 1 1299,	
Algunos 2 290 2 1296,1758,	
subyacentes 1 290 1 1291,	
nefropatías 1 290 1 1290,	
asociación 3 290 3 1275,2750,2836,	
atentamente 2 290 2 1262,2582,	
vigilarse 1 290 1 1261,	
oportuno 2 290 2 1259,1879,	
sistémicos 1 290 1 2329,	
instrucciones 1 290 1 1689,	
considere 1 290 1 1258,	
disminuye 2 290 2 3098,3461,	
Según 1 290 1 1256,	
administración"" 1 290 1 1252,	
(véanse 1 290 1 1247,	
casos 7 290 7 1246,1601,1616,2812,2962,3138,3156,	
aumenta 2 290 2 3528,3564,	
dada 1 290 1 1240,	
administración"") 1 290 1 1224,	
""Posología 2 290 2 1220,1248,	
renina-angiotensina-aldosterona 2 290 2 1181,3373,	
sistema 4 290 4 1180,3372,3568,3585,	
resultado 1 290 1 1175,	
predispuestos 1 290 1 1173,	
sujetos 2 290 2 1172,4024,	
prever 1 290 1 1165,	
Cabe 2 290 2 1164,3310,	
unilateral 1 290 1 1154,	
variaciones 2 290 2 1144,1166,	
pérdida 3 290 3 1137,2114,3507,	
producirse 6 290 6 1135,1549,1574,1604,2293,3035,	
contribuir 1 290 1 1128,	
factor 1 290 1 1125,	
Un 1 290 1 1124,	
solitario 1 290 1 1113,	
controlar 1 290 1 1952,	
extremidades 1 290 1 1579,	
arteria 2 290 2 1109,1157,	
nefropatía 1 290 1 1300,	
renales 1 290 1 1104,	
Almacenar 1 290 1 4205,	
arterias 1 290 1 1103,	
previa 2 290 2 1100,1301,	
bilateral 1 290 1 1099,	
estenosis 4 290 4 1098,1106,1153,1293,	
administre 1 290 1 1089,	
caso 3 290 3 1085,1372,1903,	
obstante 3 290 3 1083,1599,1875,	
""Contraindicaciones"") 2 290 2 1081,1365,	
Ninguna 1 290 1 4291,	
datos 7 290 7 1059,1897,1989,2312,2357,3864,4091,	
dispone 2 290 2 1057,1895,	
ajuste 1 290 1 1039,	
cuidadoso 1 290 1 1038,	
posterior 1 290 1 1036,	
impide 1 290 1 1034,	
aparición 1 290 1 1025,	
intravenosa 2 290 2 1023,1683,	
vía 2 290 2 1022,1974,	
normal 1 290 1 1020,	
salina 1 290 1 1019,	
comercializan 1 290 1 4279,	
vasopresora 1 290 1 3478,	
solución 3 290 3 1018,1669,1682,	
reponer 1 290 1 1014,	
Puede 4 290 4 1011,1134,2054,3090,	
supino 2 290 2 1010,3626,	
paciente 6 290 6 1008,1093,1381,1705,3197,3275,	
colocar 2 290 2 1006,3273,	
hay 9 290 9 1004,1321,1386,1617,1950,2356,2622,3234,3271,	
originar 1 290 1 992,	
podría 2 290 2 991,2423,	
consideraciones 1 290 1 972,	
similares 1 290 1 1551,	
Estas 1 290 1 971,	
afecta 2 290 2 1639,3013,	
temporalmente 1 290 1 966,	
interrumpir 2 290 2 965,2624,	
cuidadosamente 2 290 2 959,2487,	
ajustando 1 290 1 956,	
funcional 1 290 1 931,	
hiponatremia 1 290 1 927,	
padecen 1 290 1 926,	
asa 1 290 1 921,	
altas 2 290 2 917,2073,	
reciben 3 290 3 915,1529,2455,	
asociada 1 290 1 908,	
fundamentalmente 3 290 3 896,3367,3771,	
descrito 9 290 9 895,1271,2811,2854,2909,2940,3027,3108,3155,	
problema 2 290 2 892,2031,	
vómitos 3 290 3 890,2738,2917,	
diarrea 2 290 2 888,2912,	
diálisis 1 290 1 887,	
dieta 1 290 1 886,	
diuréticos 8 290 8 880,919,970,1133,1861,2120,2122,2179,	
depleción 1 290 1 876,	
volumen 6 290 6 874,1016,1957,2186,2217,3290,	
disminución 5 290 5 872,3109,3474,3491,4131,	
presenten 1 290 1 870,	
probable 2 290 2 866,911,	
trastorno 1 290 1 863,	
complicados 1 290 1 861,	
rara 4 290 4 856,2802,2843,2936,	
acentuado 1 290 1 840,	
descenso 1 290 1 839,	
provocar 3 290 3 837,1867,1919,	
igual 4 290 4 827,1187,2104,2338,	
Al 1 290 1 826,	
Hipotensión 1 290 1 825,	
psoriasis 2 290 2 823,2976,	
utilizarse 4 290 4 817,1195,1965,2164,	
ocurre 2 290 2 807,2997,	
Como 3 290 3 806,2443,2996,	
Psoriasis 1 290 1 805,	
reciente 2 290 2 803,3233,	
trasplante 1 290 1 800,	
sometidos 4 290 4 797,1455,1475,1927,	
relacionada 1 290 1 789,	
existe 3 290 3 787,1114,3995,	
Trasplante 1 290 1 783,	
oblongos 1 290 1 4260,	
Advertencias 1 290 1 776,	
ml/min) 1 290 1 773,	
< 1 290 1 771,	
(aclaramiento 1 290 1 768,	
reducción 3 290 3 2193,3482,3659,	
hemodiálisis 7 290 7 767,1350,1361,1376,1420,1477,3328,	
renovascular 4 290 4 760,1054,1068,1096,	
Hipertensión 1 290 1 759,	
Lactancia 1 290 1 757,	
Embarazo 2 290 2 755,2513,	
hereditario/idiopático 1 290 1 753,	
Angioedema 2 290 2 752,1567,	
restricción 1 290 1 881,	
previo 1 290 1 745,	
asociado 2 290 2 742,3693,	
angioneurótico 2 290 2 741,3011,	
edema 2 290 2 740,3010,	
Antecedentes 1 290 1 738,	
inhibidor 5 290 5 733,1327,1450,1531,2040,	
Hipersensibilidad 2 290 2 726,1498,	
Contraindicaciones 1 290 1 724,	
niños 2 290 2 721,1817,	
administrarse 1 290 1 718,	
pediátrico 1 290 1 709,	
estudiado 1 290 1 706,	
Niños 2 290 2 702,1809,	
excesiva 3 290 3 701,990,2194,	
accidente 2 290 2 695,999,	
miocardio 3 290 3 692,996,2823,	
infarto 3 290 3 690,994,2821,	
sufrir 1 290 1 688,	
Estos 2 290 2 682,2395,	
cerebrovascular 4 290 4 681,696,985,1000,	
Diestearato 1 290 1 4183,	
enfermedad 3 290 3 680,984,2017,	
pecho 4 290 4 678,982,2652,2820,	
angina 3 290 3 676,980,2818,	
aplica 1 290 1 671,	
Esto 1 290 1 668,	
fármaco 5 290 5 653,715,1491,2228,3654,	
aplican 1 290 1 975,	
aumente 1 290 1 648,	
horas 7 290 7 633,3648,3733,3749,3792,3805,3814,	
6-8 2 290 2 632,3647,	
periodo 1 290 1 629,	
aguda 2 290 2 617,2857,	
vigilar 7 290 7 608,1337,1885,2266,2486,3194,3207,	
médica 2 290 2 605,942,	
supervisión 2 290 2 604,941,	
estrecha 2 290 2 603,944,	
inhibidores 32 290 32 580,747,810,830,1190,1277,1914,1992,2076,2107,2279,2306,2315,2342,2360,2382,2432,2480,2507,2527,2554,2590,2630,2759,2831,2860,2872,2955,3000,3163,3353,3601,	
sintomática 3 290 3 575,854,2451,	
observado 6 290 6 573,2069,2744,3927,3952,4065,	
concomitante 4 290 4 570,658,2252,2334,	
cardiaca 5 290 5 569,901,1287,1849,3640,	
será 1 290 1 558,	
ECA 39 290 39 549,583,736,750,813,833,1193,1280,1330,1453,1534,1917,1995,2043,2079,2110,2282,2309,2318,2345,2363,2385,2435,2510,2530,2557,2593,2633,2762,2834,2863,2875,2958,3003,3166,3356,3460,3563,3604,	
aumentos 2 290 2 1304,3063,	
días 2 290 2 542,3919,	
tres 1 290 1 541,	
hospital 2 290 2 626,948,	
durante 8 290 8 538,627,1266,1341,1592,1708,1932,3679,	
existente 1 290 1 537,	
interrupción 2 290 2 532,3686,	
corporales 1 290 1 529,	
procedentes 1 290 1 4096,	
líquidos 2 290 2 528,3512,	
sal 6 290 6 525,883,2141,2189,2222,3286,	
déficits 1 290 1 523,	
corrección 1 290 1 520,	
requiere 1 290 1 515,	
comienzo 1 290 1 512,	
alto 2 290 2 502,613,	
producir 6 290 6 494,2000,2768,2888,3062,3496,	
grave 7 290 7 619,902,1119,1288,1607,2771,3177,	
primera 7 290 7 490,497,621,640,850,3910,4326,	
hipotensión 20 290 20 488,495,574,616,700,853,989,1003,1027,1118,1407,1920,2294,2565,2598,2770,2788,2838,3176,3270,	
riesgo 10 290 10 486,503,614,686,1116,1399,1522,2322,2349,2784,	
mayor 7 290 7 485,685,1115,1521,1930,2321,4021,	
enfermos 6 290 6 478,683,1075,1776,2401,3941,	
precaución 5 290 5 476,819,1197,1967,2166,	
usarse 1 290 1 474,	
hepática 5 290 5 453,462,481,4011,4055,	
contraindicado 4 290 4 447,1079,1363,2519,	
deposita 1 290 1 3389,	
está 5 290 5 446,1078,1362,2151,2518,	
hemodiálisis) 1 290 1 443,	
(insuficiencia 1 290 1 438,	
inferior 3 290 3 434,1236,4209,	
administrar 4 290 4 425,1228,1813,3281,	
farmacocinéticas"") 2 290 2 421,1255,	
""Propiedades 2 290 2 420,1254,	
AUC 4 290 4 416,3935,3959,4013,	
incremento 4 290 4 414,2300,3635,3954,	
experiencia 6 290 6 409,788,1243,1370,3983,3996,	
limitada 3 290 3 408,1242,3993,	
Dada 1 290 1 406,	
29 1 290 1 397,	
indican 3 290 3 1996,2319,2365,	
menores 2 290 2 376,1206,	
necesitan 2 290 2 374,1204,	
En 18 290 18 370,564,584,932,1351,1371,1568,1614,1779,1850,2720,3103,3137,3145,3920,3940,4007,4103,	
empleo"") 3 290 3 369,405,510,	
especiales 5 290 5 367,403,508,779,4202,	
precauciones 4 290 4 366,402,507,778,	
""Advertencias 3 290 3 364,400,505,	
(véase 8 290 8 363,399,419,504,1080,1219,1364,1482,	
obtiene 1 290 1 2495,	
80 2 290 2 361,1217,	
ml/min 10 290 10 359,362,395,398,437,1215,1218,1239,3949,3973,	
30 5 290 5 358,1214,1238,3258,4241,	
Aclaramiento 3 290 3 354,390,431,	
813) 1 290 1 352,	
sustituirá 1 290 1 349,	
mg/dl 1 290 1 346,	
mol/l 1 290 1 342,	
unidades 1 290 1 341,	
utilizan 2 290 2 339,2670,	
85; 1 290 1 336,	
0 2 290 2 335,351,	
multiplicará 1 290 1 333,	
resultante 1 290 1 331,	
mujeres 3 290 3 328,2547,2603,	
han 10 290 10 2743,2810,2908,2939,2960,3026,3154,3926,4064,4160,	
(en 1 290 1 326,	
[mg/dl] 1 290 1 325,	
sérica 3 290 3 324,1148,3132,	
72 2 290 2 321,347,	
adrenalina 2 290 2 1666,1680,	
= 1 290 1 320,	
CLCrea 1 290 1 319,	
ml) 1 290 1 1678,	
] 1 290 1 318,	
[kg 1 290 1 317,	
Fecha 2 290 2 4323,4341,	
corporal 2 290 2 316,4136,	
peso 2 290 2 315,4135,	
[años]) 1 290 1 313,	
(140 1 290 1 310,	
31-41) 1 290 1 309,	
16 1 290 1 308,	
1976; 1 290 1 307,	
(Nephron 1 290 1 306,	
GAULT 1 290 1 305,	
monofásica 1 290 1 3740,	
Y 1 290 1 304,	
Rifampicina 1 290 1 2405,	
COCKROFT 1 290 1 303,	
fórmula 1 290 1 301,	
empleando 1 290 1 299,	
máximo 1 290 1 3644,	
creatinina 14 290 14 295,323,356,392,433,770,1147,1212,1235,1312,3075,3211,3946,3970,	
aclaramiento 5 290 5 293,1210,1233,3944,3968,	
crías 1 290 1 4121,	
determinar 1 290 1 291,	
haya 2 290 2 289,1821,	
insuficiencia 27 290 27 284,461,480,568,900,906,929,1122,1162,1201,1272,1286,1845,1848,2008,2063,2403,2567,2850,2855,3088,3184,3923,3989,4005,4010,4054,	
inhibición 4 290 4 546,1178,3457,3560,	
posible 7 290 7 283,287,518,554,962,1946,3590,	
significativo 1 290 1 1870,	
iniciar 5 290 5 275,382,1418,2200,2773,	
función 8 290 8 271,1139,1169,1264,1339,1802,2393,3536,	
España 1 290 1 4311,	
evaluar 2 290 2 269,1800,	
vasos 1 290 1 2934,	
Es 6 290 6 267,286,909,2264,3291,3589,	
ligeras 1 290 1 1143,	
riñón 4 290 4 266,785,802,1112,	
10-29 1 290 1 3972,	
través 1 290 1 264,	
predominantemente 1 290 1 262,	
excretan 1 290 1 261,	
imidaprilato 13 290 13 259,418,2415,3321,3778,3784,3819,3830,3903,3939,3961,4018,4042,	
activo 3 290 3 257,2418,3776,	
déficit 1 290 1 3149,	
farmacológicamente 2 290 2 256,3775,	
Por 7 290 7 712,1069,1182,1421,2421,3557,4036,	
metabolito 3 290 3 255,2417,3774,	
renal 32 290 32 250,272,285,439,763,907,930,1123,1140,1158,1163,1170,1202,1265,1273,1295,1340,1803,1846,2009,2064,2394,2404,2568,2842,2851,2856,3089,3185,3924,3990,4006,	
Insuficiencia 3 290 3 249,452,762,	
recomendada 2 290 2 239,457,	
respuesta 1 290 1 231,	
ajustarse 1 290 1 228,	
Esta 1 290 1 225,	
inicial 8 290 8 215,456,557,589,661,1032,1789,3802,	
náuseas 1 290 1 2910,	
La 22 290 22 213,236,454,659,852,1024,2205,2549,2700,3299,3376,3428,3456,3513,3612,3655,3685,3750,3815,3824,3982,4141,	
más) 1 290 1 212,	
aparece 2 290 2 1002,2845,	
años 3 290 3 210,1786,4198,	
(65 1 290 1 209,	
avanzada 3 290 3 208,1757,1762,	
edad 4 290 4 207,312,1756,1761,	
Pacientes 7 290 7 205,483,1051,1160,1348,1439,1754,	
demostrado 2 290 2 203,412,	
eficacia 2 290 2 199,1824,	
condiciones 1 290 1 194,	
comidas 2 290 2 193,3757,	
minutos 3 290 3 189,1415,3259,	
15 2 290 2 188,4238,	
momento 1 290 1 185,	
comprimidos 5 290 5 181,4232,4246,4253,4361,	
recomienda 6 290 6 178,381,1336,1424,1485,1799,	
Se 11 290 11 177,492,606,1203,1269,1335,1484,1798,2809,2852,3329,	
antihipertensivos 5 290 5 176,1437,1496,2477,3676,	
tratamientos 1 290 1 175,	
simultánea 1 290 1 2369,	
beneficiarían 1 290 1 167,	
hipertensos 5 290 5 165,566,859,2707,3618,	
salida 1 290 1 1976,	
comprobado 2 290 2 161,2869,	
No 15 290 15 158,703,786,1055,1082,1225,1598,1810,1874,1893,2683,3994,4062,4189,4274,	
diurético 6 290 6 157,536,657,1318,1334,2214,	
combinación 2 290 2 154,170,	
considerar 3 290 3 150,3293,3311,	
preferentemente 4 290 4 149,623,945,3198,	
equilibrio 1 290 1 3044,	
o 44 290 44 148,211,441,540,654,693,729,765,889,904,922,928,983,997,1105,1289,1331,1428,1645,1679,1784,1847,1906,1921,1931,2097,2130,2136,2187,2218,2326,2330,2458,2573,2668,2681,2756,2776,2846,3143,3301,4076,4225,4328,	
recomendada) 1 290 1 147,	
máxima 4 290 4 146,238,3727,3782,	
(dosis 1 290 1 145,	
20 3 290 3 143,4001,4239,	
incrementar 1 290 1 138,	
necesario 7 290 7 137,268,1013,1884,2265,2485,3292,	
pacientes 54 290 54 134,164,281,372,429,450,459,500,565,586,611,674,796,821,858,868,898,913,934,978,1065,1151,1199,1208,1231,1284,1297,1359,1446,1474,1489,1506,1558,1569,1759,1766,1781,1926,1969,2003,2059,2176,2453,2490,2706,2883,3105,3146,3617,3673,3921,3965,4008,4052,	
número 2 290 2 132,2880,	
pequeño 1 290 1 131,	
corrigen 1 290 1 3078,	
embargo 2 290 2 128,1909,	
Sin 2 290 2 127,1908,	
eficaz 2 290 2 126,1049,	
determinado 2 290 2 120,2644,	
según 2 290 2 117,229,	
10 9 290 9 113,242,394,436,772,3855,4231,4236,4340,	
aumentarse 1 290 1 111,	
diaria 3 290 3 109,124,141,	
desensibilización 2 290 2 1519,1547,	
dosis 31 290 31 108,123,140,214,226,237,375,455,491,498,556,588,622,641,650,660,851,916,958,1031,1042,1205,1325,1788,2071,2235,2248,2779,3842,3897,3999,	
sanguíneas 2 290 2 1308,3067,	
semanas 4 290 4 104,1344,1595,3668,	
después 11 290 11 99,576,634,697,847,1028,1045,1416,1608,3649,3907,	
arterial 10 290 10 98,235,844,1294,1700,2198,3443,3622,3664,3701,	
presión 8 290 8 97,234,843,1699,2197,3621,3663,3700,	
óptimo 1 290 1 94,	
control 2 290 2 93,1693,	
Si 7 290 7 88,550,960,1001,1943,2150,3267,	
día 6 290 6 87,187,224,247,470,601,	
vez 15 290 15 85,222,245,344,468,599,1831,1983,2047,2803,2844,2885,2914,2937,3033,	
iniciarse 2 290 2 80,938,	
debe 23 290 23 79,110,227,424,473,590,607,662,717,816,937,964,1194,1227,1260,1541,1718,1792,1812,1964,2672,3193,3330,	
tratamiento 41 290 41 78,106,152,277,298,384,514,535,578,744,878,936,968,1048,1072,1131,1268,1346,1517,1538,1545,1597,1610,1621,1654,1735,1751,1807,1837,2027,2037,2202,2232,2626,2753,2775,3082,3295,3670,3681,3689,	
El 12 290 12 77,251,444,471,511,1636,1962,2516,3317,3357,3641,3767,	
Adultos 1 290 1 76,	
- 40 290 40 75,204,248,311,353,389,430,451,482,725,737,751,754,756,758,761,782,804,824,1050,1159,1347,1438,1497,1566,1731,1753,1808,1828,1891,1958,1980,2044,2763,2840,2864,2902,2931,3021,3056,	
bipedestación 1 290 1 3628,	
efecto 10 290 10 2302,2378,2426,2497,2503,2646,2688,3358,3597,3642,	
x 3 290 3 314,322,4251,	
administración 12 290 12 74,637,792,2251,2333,2368,2407,3250,3613,3710,3872,3911,	
forma 3 290 3 72,1222,1250,	
Posología 1 290 1 70,	
esencial 1 290 1 67,	
hipertensión 6 290 6 66,1053,1067,1095,3364,3442,	
Este 3 290 3 862,891,2030,	
Tratamiento 1 290 1 63,	
terapéuticas 2 290 2 62,3218,	
Indicaciones 1 290 1 61,	
clínicos 1 290 1 58,	
Datos 4 290 4 57,4058,4165,4292,	
Comprimidos 2 290 2 55,4258,	
farmacéutica 1 290 1 54,	
Forma 1 290 1 53,	
3 5 290 5 52,103,723,4057,4193,	
base 1 290 1 51,	
6 10 290 10 47,2512,4164,4168,4186,4192,4199,4213,4284,4285,	
4 14 290 14 46,56,59,68,722,774,775,2081,2511,2653,2696,3167,4200,4335,	
equivalente 1 290 1 44,	
imidapril 70 290 70 43,50,172,252,279,426,472,563,597,643,711,728,794,815,835,954,1044,1063,1077,1090,1185,1229,1357,1385,1540,1572,1613,1737,1774,1791,1814,1839,1901,1911,1949,1963,1987,2053,2102,2204,2238,2254,2276,2336,2420,2429,2462,2471,2517,2610,2628,2690,2710,2724,2755,3005,3097,3318,3361,3615,3713,3766,3768,3827,3849,3913,3937,4015,4047,4109,	
hidrocloruro 1 290 1 41,	
cuantitativa 1 290 1 37,	
cualitativa 1 290 1 35,	
Composición 1 290 1 34,	
2 13 290 13 33,69,218,386,464,559,593,665,950,1795,3703,3748,4187,	
IMIDAPRIL 3 290 3 29,4350,4357,	
Denominación 1 290 1 26,	
1 8 290 8 25,60,1672,1673,1685,3344,4138,4169,	
ECA; 1 290 1 2483,	
PRODUCTO 2 290 2 21,24,	
creatinfosfocinasa 1 290 1 3136,	
DEL 2 290 2 20,23,	
CARACTERISTICAS 1 290 1 19,	
LAS 1 290 1 18,	
DE 1 290 1 17,	
RESUMEN 2 290 2 16,22,	
ocasiones 1 290 1 2906,	
información 2 290 2 13,2613,	
Toda 1 290 1 11,	
cardiovascular 1 290 1 2765,	
medicamento 7 290 7 10,15,28,445,1430,1628,3265,	
Basica 1 290 1 8,	
	"Información 1 290 1 7,	
hospitalizar 1 290 1 1703,	
COMPRIMIDOS" 1 290 1 6,	
28 2 290 2 5,4240,	
comprimidos; 2 290 2 4,4354,	
mg 22 290 22 3,32,39,48,83,114,144,220,243,388,466,561,595,667,952,1797,3856,3859,4002,4265,4353,4360,	
5 24 290 24 2,31,38,82,219,387,465,560,594,666,951,1677,1796,2082,3340,3343,3702,3918,4056,4214,4228,4264,4352,4359,	
BIAL 5 290 5 1,30,4301,4351,4358,	
"IMIDAPRIL 1 290 1 0,	
