	Prospectos 1 126 1 9518,	
hallaz 1 126 1 9517,	
constante 1 126 1 9423,	
= 1 126 1 9422,	
(ki 1 126 1 9421,	
23 1 126 1 9379,	
22 1 126 1 8721,	
mamantina 1 126 1 8479,	
Fatiga 1 126 1 8256,	
categorizar 1 126 1 8165,	
adversasse 1 126 1 8164,	
moderados 1 126 1 8059,	
adecuadas 1 126 1 7999,	
activa-sustancia 1 126 1 7771,	
activas 1 126 1 7632,	
susutancias 1 126 1 7631,	
Otras 1 126 1 7630,	
grisaceo 1 126 1 6988,	
22-28) 1 126 1 6968,	
fusiformes) 1 126 1 6961,	
lados) 1 126 1 6933,	
biconvexo 1 126 1 6924,	
fusiforme 1 126 1 6922,	
fusiforme) 2 126 2 6895,6989,	
alcanzando 1 126 1 6861,	
gradual 1 126 1 6853,	
incrementa 1 126 1 6850,	
rojo 4 126 4 6708,6711,6984,6987,	
""15"" 1 126 1 6686,	
grisáceo 3 126 3 6679,6712,6960,	
pálido 4 126 4 6676,6709,6957,6985,	
naranja 4 126 4 6675,6678,6956,6959,	
cara 3 126 3 6620,6690,6723,	
impreso 3 126 3 6617,6687,6720,	
""5"" 1 126 1 6616,	
número 3 126 3 6615,6685,6718,	
46 1 126 1 6535,	
15 5 126 5 6461,6495,6525,6669,6951,	
EU/1/02/219/013 1 126 1 6388,	
EU/1/02/219/004-06 1 126 1 6387,	
16 2 126 2 6380,6554,	
III) 1 126 1 6334,	
Clase 1 126 1 6333,	
(Hidrolítico 1 126 1 6331,	
vidrio 1 126 1 6327,	
30°C 1 126 1 6316,	
temperatura 1 126 1 6313,	
utilizado 1 126 1 6300,	
frasco 1 126 1 6297,	
abierto 1 126 1 6293,	
purificada 1 126 1 6278,	
Agua 1 126 1 6277,	
Sorbitol 1 126 1 6275,	
potásico 1 126 1 6274,	
tmáax 1 126 1 5666,	
Ej 1 126 1 5115,	
extracción 1 126 1 5107,	
13 1 126 1 4985,	
diarrea) 1 126 1 4984,	
(<1/10 1 126 1 4786,	
<1/1 1 126 1 4782,	
(1/10 1 126 1 4779,	
<1/100) 1 126 1 4777,	
(1/1 1 126 1 4774,	
(1/100 1 126 1 4769,	
(1/10) 1 126 1 4767,	
(RAM) 1 126 1 4715,	
fármaco-fármaco 1 126 1 4359,	
hereditaria 1 126 1 4054,	
Central 2 126 2 3916,8569,	
Nervioso 2 126 2 3915,8568,	
Sistema 2 126 2 3914,8567,	
(40 1 126 1 3645,	
sola 1 126 1 3608,	
administradas 1 126 1 3605,	
indeseados 1 126 1 3516,	
Ajuste 2 126 2 3495,6833,	
amarillenta 1 126 1 3394,	
incolora 1 126 1 3391,	
[SNC] 1 126 1 7309,	
transparente 1 126 1 3388,	
	Gotas 1 126 1 3381,	
potasio 1 126 1 3362,	
sorbitol 2 126 2 3355,4049,	
equivale 1 126 1 3337,	
gota 1 126 1 3334,	
Una 2 126 2 3333,6291,	
solución 7 126 7 3308,3317,3336,3350,3384,3386,6347,	
gotas 8 126 8 3305,3487,3548,3564,3581,3600,3646,4046,	
mg/g 1 126 1 3304,	
eu 2 126 2 3297,6441,	
europa 2 126 2 3296,6440,	
emea 2 126 2 3295,6439,	
//www 2 126 2 3294,6438,	
(EMEA) 2 126 2 3292,6436,	
Medicamento 2 126 2 3291,6435,	
Europea 2 126 2 3289,6433,	
Agencia 2 126 2 3288,6432,	
web 2 126 2 3285,6429,	
página 2 126 2 3284,6428,	
producto 2 126 2 3279,6423,	
obtener 2 126 2 3274,6418,	
TEXTO 2 126 2 3272,6416,	
15/05/2002 2 126 2 3259,6403,	
autorización 2 126 2 3258,6402,	
Fecha 4 126 4 3254,3260,6398,6404,	
AUTORIZACIÓN/RENOVACIÓN 2 126 2 3250,6394,	
PRIMERA 2 126 2 3249,6393,	
FECHA 4 126 4 3246,3267,6390,6411,	
EU/1/02/219/007-012 1 126 1 3243,	
EU/1/02/219/001-3 1 126 1 3242,	
NÚMERO(S) 2 126 2 3237,6382,	
Dinamarca 2 126 2 3235,6379,	
Valby 2 126 2 3234,6378,	
DK-2500 2 126 2 3233,6377,	
Ottiliavej 2 126 2 3231,6375,	
A/S 2 126 2 3230,6374,	
Lundbeck 2 126 2 3229,6373,	
	H 2 126 2 3228,6372,	
COMERCIALIZACIÓN 4 126 4 3227,3241,6371,6386,	
AUTORIZACIÓN 6 126 6 3225,3239,3253,6369,6384,6397,	
LA 8 126 8 3224,3248,3252,3269,6368,6392,6396,6413,	
TITULAR 2 126 2 3222,6366,	
comercializados 2 126 2 3208,6352,	
estén 2 126 2 3207,6351,	
Puede 2 126 2 3204,6348,	
monodosis 1 126 1 3202,	
1000 1 126 1 3173,	
98) 1 126 1 3171,	
980 1 126 1 3168,	
112 1 126 1 3167,	
98 2 126 2 3160,3187,	
94 1 126 1 3159,	
84 1 126 1 3158,	
56 3 126 3 3153,3154,3184,	
42 1 126 1 3148,	
tamaños 3 126 3 3143,3210,6354,	
blister 1 126 1 3137,	
REVISIÓN 2 126 2 3270,6414,	
tira 1 126 1 3135,	
ó 3 126 3 3130,3172,6341,	
envase 2 126 2 3121,6323,	
contenido 3 126 3 3119,6295,6321,	
Naturaleza 2 126 2 3117,6319,	
requiere 1 126 1 3110,	
conservación 3 126 3 3108,3114,6309,	
Precauciones 4 126 4 3105,3215,6306,6359,	
validez 2 126 2 3100,6288,	
14 3 126 3 3129,3145,5526,	
Periodo 2 126 2 3098,6286,	
procede 2 126 2 3095,6283,	
Simeticona 1 126 1 3090,	
Triacetín 1 126 1 3089,	
Polisorbato 1 126 1 3086,	
sodio 1 126 1 3085,	
Laurilsulfato 1 126 1 3083,	
1) 1 126 1 3082,	
acrilato 1 126 1 3078,	
metacrílico 1 126 1 3076,	
Copolímero 1 126 1 3073,	
Cubierta 1 126 1 3070,	
Estearato 1 126 1 3067,	
Talco 2 126 2 3066,3088,	
coloidal 1 126 1 3064,	
Sílice 1 126 1 3063,	
Celulosa 1 126 1 3061,	
Lactosa 1 126 1 3059,	
Núcleo 1 126 1 3056,	
	6 2 126 2 3051,6268,	
FARMACÉUTICOS 2 126 2 3050,6267,	
fetal 2 126 2 3032,6249,	
reducción 2 126 2 3029,6246,	
adverso 2 126 2 3018,6235,	
ningún 2 126 2 3016,6233,	
madre 2 126 2 3011,6228,	
tóxicas 2 126 2 3008,6225,	
conejos 2 126 2 3004,6221,	
teratogénica 2 126 2 2998,6215,	
resultó 2 126 2 2997,6214,	
ratones 2 126 2 2989,6206,	
carcinogenicidad 2 126 2 2984,6201,	
evidencias 2 126 2 2982,6199,	
hubo 2 126 2 2981,6198,	
genotoxicidad 2 126 2 2972,6189,	
observada 2 126 2 2947,6164,	
catiónicas 2 126 2 2936,6153,	
anfifílicas 2 126 2 2935,6152,	
propiedades 2 126 2 2934,6151,	
lisosomas 2 126 2 2923,6140,	
producido 2 126 2 2916,6133,	
macrófagos 2 126 2 2914,6131,	
fosfolipidosis 2 126 2 2912,6129,	
sitema 1 126 1 8168,	
observó 10 126 10 2911,2954,2971,3015,3027,6128,6171,6188,6232,6244,	
revelaron 2 126 2 2905,6122,	
específicos 2 126 2 2896,6113,	
exámenes 2 126 2 2895,6112,	
monos 2 126 2 2893,6110,	
toxicidad 2 126 2 2882,6099,	
oculares 4 126 4 2878,2907,6095,6124,	
hallazgos 4 126 4 2874,2968,6091,6185,	
clínica 5 126 5 2871,2965,6088,6182,9514,	
importancia 5 126 5 2870,2964,6087,6181,9513,	
roedores 12 126 12 2857,2861,2887,2909,2957,6074,6078,6104,6126,6174,9500,9504,	
precedieron 3 126 3 2841,6059,9485,	
séricas 3 126 3 2834,6052,9478,	
picos 3 126 3 2829,6047,9473,	
producían 3 126 3 2828,6046,9472,	
Olney) 3 126 3 2823,6041,9467,	
(lesiones 3 126 3 2821,6039,9465,	
necrosis 6 126 6 2820,2849,6038,6066,9464,9492,	
igual 3 126 3 2810,6028,9454,	
ratas 9 126 9 2807,2991,3001,3025,6025,6208,6218,6242,9451,	
plazo 6 126 6 2805,2866,6023,6083,9449,9509,	
corto 3 126 3 2804,6022,9448,	
preclínicos 6 126 6 2798,2840,6016,6058,9442,9484,	
Datos 3 126 3 2797,6015,9441,	
humana 5 126 5 2794,3047,6012,6264,9438,	
corteza 3 126 3 2792,6010,9436,	
5µmol 1 126 1 2789,	
inhibición) 3 126 3 2782,5999,9425,	
(ki=constante 2 126 2 2780,5997,	
ki 3 126 3 2779,5996,9420,	
concuerdan 3 126 3 2775,5992,9416,	
LCR 3 126 3 2774,5991,9415,	
20mg 1 126 1 2768,	
farmacocinética/farmacodinámica 3 126 3 2761,5977,9401,	
Relación 3 126 3 2760,5976,9400,	
lineal 3 126 3 2749,5965,9389,	
demostrado 3 126 3 2746,5962,9386,	
Linealidad 3 126 3 2740,5956,9380,	
producir 3 126 3 2718,5934,9357,	
alcalinización 3 126 3 2712,5928,9351,	
factor 3 126 3 2702,5918,9341,	
reducirse 3 126 3 2699,5915,9338,	
alcalina 3 126 3 2697,5913,9336,	
cationes 3 126 3 2684,5900,9323,	
transportadoras 3 126 3 2682,5898,9321,	
mediada 3 126 3 2679,5895,9318,	
probablemente 3 126 3 2678,5894,9317,	
reabsorción 3 126 3 2676,5892,9315,	
incluye 3 126 3 2674,5890,9313,	
secreción 3 126 3 2668,5884,9307,	
logra 3 126 3 2666,5882,9305,	
m2 3 126 3 2658,5874,9297,	
73 3 126 3 2657,5873,9296,	
ml/min/1 3 126 3 2656,5872,9295,	
170 3 126 3 2655,5871,9294,	
asciende 3 126 3 2653,5869,9292,	
(Cltot) 3 126 3 2652,5868,9291,	
normal 3 126 3 2648,5864,9287,	
voluntarios 6 126 6 2644,2744,5860,5960,9283,9384,	
60 3 126 3 2639,5855,9278,	
terminal 3 126 3 2637,5853,9276,	
t½ 3 126 3 2636,5852,9275,	
monoexponencial 3 126 3 2633,5849,9272,	
elimina 3 126 3 2630,5846,9269,	
Eliminación 3 126 3 2627,5843,9266,	
99% 3 126 3 2623,5839,9262,	
excretándose 3 126 3 2620,5836,9259,	
84% 3 126 3 2611,5827,9250,	
14C-memantina 3 126 3 2602,5818,9241,	
450 3 126 3 2597,5813,9236,	
P 3 126 3 2596,5812,9235,	
citocromo 3 126 3 2595,5811,9234,	
catalizado 3 126 3 2593,5809,9232,	
metabolismo 3 126 3 2592,5808,9231,	
	1 1 126 1 3314,	
detectado 3 126 3 2589,5805,9228,	
muestra 3 126 3 2582,5798,9221,	
Ninguno 3 126 3 2578,5794,9217,	
5-dimetil- 3 126 3 2576,5792,9215,	
repetidas 2 126 2 2885,6102,	
1-nitroso-3 3 126 3 2575,5791,9214,	
6-hidroxi-memantina 3 126 3 2573,5789,9212,	
alargado 2 126 2 6893,6921,	
<1/10) 1 126 1 4771,	
isomérica 3 126 3 2569,5785,9208,	
mezcla 3 126 3 2568,5784,9207,	
N- 3 126 3 2564,5780,9203,	
inalterado 3 126 3 2557,5773,9196,	
compuesto 3 126 3 2556,5772,9195,	
circulante 3 126 3 2549,5765,9188,	
80% 3 126 3 2546,5762,9185,	
hombre 3 126 3 2543,5759,9182,	
40 4 126 4 2758,3599,5974,9398,	
Biotransformación 3 126 3 2540,5756,9179,	
magnesio 1 126 1 3069,	
proteínas 6 126 6 2538,2681,5754,5897,9177,9320,	
45% 3 126 3 2532,5748,9171,	
ácido 1 126 1 3075,	
Alrededor 3 126 3 2530,5746,9169,	
l/kg 3 126 3 2529,5745,9168,	
distribución 3 126 3 2524,5740,9163,	
volumen 3 126 3 2522,5738,9161,	
52 3 126 3 2520,5736,9159,	
0 8 126 8 2519,2788,3339,3358,5735,6005,9158,9431,	
(LCR)/suero 3 126 3 2517,5733,9156,	
cefalorraquídeo 3 126 3 2516,5732,9155,	
líquido 3 126 3 2515,5731,9154,	
índice 3 126 3 2512,5728,9151,	
obtuvo 3 126 3 2510,5726,9149,	
administraron 3 126 3 2501,5717,9140,	
interindividuales 3 126 3 2498,5714,9137,	
variaciones 3 126 3 2497,5713,9136,	
importantes 3 126 3 2496,5712,9135,	
µmol) 3 126 3 2494,5710,9133,	
(0 3 126 3 2490,5706,9129,	
ng/ml 3 126 3 2489,5705,9128,	
150 3 126 3 2488,5704,9127,	
70 4 126 4 2486,3157,5702,9125,	
oscilan 3 126 3 2484,5700,9123,	
perros 2 126 2 2889,6106,	
concentraciones 6 126 6 2478,2833,5694,6051,9117,9477,	
producen 3 126 3 2477,5693,9116,	
diarias 6 126 6 2473,2503,5689,5719,9112,9142,	
Distribución 3 126 3 2470,5686,9109,	
Frascos 1 126 1 6324,	
absorción 3 126 3 2467,5683,9106,	
indicios 3 126 3 2459,5675,9098,	
horas 6 126 6 2456,2642,5672,5858,9095,9281,	
está 6 126 6 2451,2553,5667,5769,9090,9192,	
100% 3 126 3 2448,5664,9087,	
aproximadamente 9 126 9 2446,2527,2544,5662,5743,5760,9085,9166,9183,	
absoluta 3 126 3 2444,5660,9083,	
biodisponibilidad 3 126 3 2443,5659,9082,	
Absorción 3 126 3 2439,5655,9078,	
farmacocinéticas 3 126 3 2438,5654,9077,	
0001) 3 126 3 2434,5650,9073,	
p<0 3 126 3 2433,5649,9072,	
11% 3 126 3 2432,5648,9071,	
(21% 3 126 3 2430,5646,9069,	
comparación 3 126 3 2417,5633,9056,	
doble 3 126 3 2409,5625,9048,	
prevención 3 126 3 2405,5621,9044,	
resultados 3 126 3 2395,5611,9034,	
tres 6 126 6 2392,2428,5608,5644,9031,9067,	
empeoramiento 9 126 9 2388,2407,2425,5604,5623,5641,9027,9046,9064,	
identificados 3 126 3 2385,5601,9024,	
funcional 3 126 3 2380,5596,9019,	
cognitiva 3 126 3 2377,5593,9016,	
áreas 9 126 9 2376,2393,2429,5592,5609,5645,9015,9032,9068,	
favor 3 126 3 2369,5585,9008,	
acetilcolinesterasa) 3 126 3 2360,5576,8999,	
inhibidor 3 126 3 2357,5573,8996,	
estable 3 126 3 2354,5570,8993,	
(incluyendo 3 126 3 2343,5559,8982,	
controlados 3 126 3 2335,5551,8974,	
fase 3 126 3 2333,5549,8972,	
meta-análisis 3 126 3 2312,5528,8951,	
primarias 3 126 3 2304,5519,8943,	
significativa 3 126 3 2300,5515,8939,	
estadísiticamente 3 126 3 2299,5514,8938,	
aclaramiento 6 126 6 2650,2662,5866,5878,9289,9301,	
diferencia 3 126 3 2298,5513,8937,	
encontró 3 126 3 2297,5512,8936,	
prospectivamente 3 126 3 2294,5509,8933,	
definido 3 126 3 2293,5508,8932,	
primario 3 126 3 2292,5507,8931,	
23) 3 126 3 2288,5503,8927,	
	"Comprimidos 1 126 1 6589,	
11 3 126 3 2286,5501,8925,	
470 3 126 3 2276,5491,8915,	
aleatorizaron 3 126 3 2272,5487,8911,	
observación 3 126 3 2255,5471,8895,	
arrastre 3 126 3 2251,5467,8891,	
método 3 126 3 2249,5465,8889,	
50) 1 126 1 3176,	
LOCF 3 126 3 2242,5458,8882,	
24 6 126 6 2241,2310,5457,5525,8881,8949,	
003) 3 126 3 2233,5449,8873,	
cognitiva) 3 126 3 2231,5447,8871,	
Alzheimer-subescala 3 126 3 2230,5446,8870,	
valoración 3 126 3 2225,5441,8865,	
ADAS-cog 3 126 3 2215,5431,8855,	
principales 6 126 6 2214,2559,5430,5775,8854,9198,	
variables 6 126 6 2213,2303,5429,5518,8853,8942,	
estadísticamente 9 126 9 2209,2366,2399,5425,5582,5615,8849,9005,9038,	
22) 3 126 3 2193,5409,8833,	
MMSE 9 126 9 2185,2280,2326,5401,5495,5542,8825,8919,8965,	
002) 3 126 3 2163,5379,8803,	
28 1 126 1 3146,	
grave) 3 126 3 2161,5377,8801,	
deterioro 3 126 3 2160,5376,8800,	
SIB 3 126 3 2150,5366,8790,	
003; 3 126 3 2149,5365,8789,	
diaria) 3 126 3 2147,5363,8787,	
vida 3 126 3 2146,5362,8786,	
­ 6 126 6 2142,2287,5358,5502,8782,8926,	
cooperativo 3 126 3 2136,5352,8776,	
ADCS-ADLsev 3 126 3 2128,5344,8768,	
acumulación 4 126 4 2919,2943,6136,6160,	
025; 3 126 3 2127,5343,8767,	
cuidador) 3 126 3 2125,5341,8765,	
comentarios 3 126 3 2123,5339,8763,	
entrevista 3 126 3 2118,5334,8758,	
basada 3 126 3 2115,5331,8755,	
impresión 3 126 3 2112,5328,8752,	
Lista 2 126 2 3053,6270,	
escala 6 126 6 2110,2223,5326,5439,8750,8863,	
muerte 2 126 2 2994,6211,	
corresponden 15 126 15 2107,2133,2155,2220,2247,5323,5349,5371,5436,5463,8747,8773,8795,8860,8887,	
(siglas 15 126 15 2103,2129,2151,2216,2243,5319,5345,5367,5432,5459,8743,8769,8791,8856,8883,	
CIBIC-plus 6 126 6 2102,2235,5318,5451,8742,8875,	
(análisis 3 126 3 2095,5311,8735,	
meses 7 126 7 2094,2342,5310,5558,6303,8734,8981,	
beneficiosos 3 126 3 2081,5297,8720,	
mostró 6 126 6 2078,2361,5294,5577,8717,9000,	
252 3 126 3 2074,5290,8713,	
incluyó 6 126 6 2070,2194,5286,5410,8709,8834,	
14) 3 126 3 2069,5285,8708,	
estudio 24 126 24 2066,2077,2101,2135,2165,2189,2284,2600,5282,5293,5317,5351,5381,5405,5499,5816,8705,8716,8741,8775,8805,8829,8923,9239,	
inicio 10 126 10 2064,2187,2282,5280,5403,5497,6841,8703,8827,8921,	
examination) 3 126 3 2062,5278,8701,	
state 3 126 3 2061,5277,8700,	
mental 3 126 3 2060,5276,8699,	
(MMSE 3 126 3 2058,5274,8697,	
cognoscitivo 3 126 3 2057,5273,8696,	
miniexamen 3 126 3 2056,5272,8695,	
(puntuación 12 126 12 2052,2183,2278,2324,5268,5399,5493,5540,8691,8823,8917,8963,	
padecían 3 126 3 2044,5260,8683,	
monoterapia 12 126 12 2040,2170,2262,2346,5256,5386,5477,5562,8679,8810,8901,8985,	
pivotal 6 126 6 2038,2166,5254,5382,8677,8806,	
Un 9 126 9 2036,2164,2311,5252,5380,5527,8675,8804,8950,	
Ensayos 3 126 3 2034,5250,8673,	
III 3 126 3 2334,5550,8973,	
neuronal 6 126 6 2033,2818,5249,6036,8672,9462,	
disfunción 3 126 3 2032,5248,8671,	
ocasionar 3 126 3 2031,5247,8670,	
patológicamente 3 126 3 2028,5244,8667,	
glutamato 3 126 3 2026,5242,8665,	
tónicos 3 126 3 2024,5240,8663,	
Modula 3 126 3 2018,5234,8657,	
dependiente 3 126 3 2017,5233,8656,	
voltaje 3 126 3 2016,5232,8655,	
afinidad 3 126 3 2013,5229,8652,	
competitivo 3 126 3 2007,5223,8646,	
antagonista 6 126 6 2005,2584,5221,5800,8644,9223,	
neurodegenerativa 3 126 3 2001,5217,8640,	
progresión 3 126 3 1995,5211,8634,	
expresión 3 126 3 1988,5204,8627,	
contribuye 3 126 3 1984,5200,8623,	
receptores 6 126 6 1982,2010,5198,5226,8621,8649,	
particular 3 126 3 1979,5195,8618,	
glutamatérgica 3 126 3 1977,5193,8616,	
neurotransmisión 3 126 3 1976,5192,8615,	
funcionamiento 3 126 3 1973,5189,8612,	
clara 3 126 3 1968,5184,8607,	
fertilidad 2 126 2 3023,6240,	
evidencia 3 126 3 1964,5180,8603,	
Existe 5 126 5 1962,2937,5178,6154,8601,	
N06DX01 3 126 3 1961,5177,8600,	
ATC 3 126 3 1960,5176,8599,	
código 3 126 3 1959,5175,8598,	
anti-demencia 3 126 3 1958,5174,8597,	
fármacos 3 126 3 1957,5173,8596,	
farmacoterapéutico 3 126 3 1955,5171,8594,	
Grupo 3 126 3 1954,5170,8593,	
farmacodinámicas 3 126 3 1953,5169,8592,	
conservar 1 126 1 6311,	
Propiedades 6 126 6 1952,2437,5168,5653,8591,9076,	
	5 3 126 3 1950,5166,8589,	
004) 3 126 3 2237,5453,8877,	
ESTE 3 126 3 1948,5164,8587,	
FARMACOLÓGICAS 3 126 3 1946,5162,8585,	
PROPIEDADES 3 126 3 1945,5161,8584,	
" 4 126 4 1943,5159,6729,8582,	
realizada) 3 126 3 2257,5472,8896,	
cuidadoso 3 126 3 1942,5158,8581,	
cabo 3 126 3 1937,5153,8576,	
llevar 3 126 3 1935,5151,8574,	
considerar 3 126 3 1934,5150,8573,	
batería 3 126 3 2158,5374,8798,	
signos 6 126 6 1921,2839,5137,6057,8560,9483,	
forzada 3 126 3 1915,5131,8554,	
diuresis 3 126 3 1914,5130,8553,	
orina 9 126 9 1913,2696,2715,5129,5912,5931,8552,9335,9354,	
acidificación 3 126 3 1910,5126,8549,	
potencial) 3 126 3 1909,5125,8548,	
sustancia 1 126 1 7770,	
recirculación 3 126 3 1907,5123,8546,	
(interrupción 3 126 3 1904,5120,8543,	
activado 3 126 3 1903,5119,8542,	
carbón 3 126 3 1902,5118,8541,	
gástrico 3 126 3 1901,5117,8540,	
lavado 3 126 3 1900,5116,8539,	
ej 2 126 2 1899,8538,	
eliminación 7 126 7 1891,2688,3218,5904,6362,8530,9327,	
procedimientos 3 126 3 1886,5102,8525,	
intoxicación 3 126 3 1880,5096,8519,	
específico 3 126 3 1877,5093,8516,	
antídoto 3 126 3 1876,5092,8515,	
inconsciencia 3 126 3 1863,5079,8502,	
proconvulsividad 3 126 3 1859,5075,8498,	
visuales 3 126 3 1858,5074,8497,	
inquietud 3 126 3 1855,5071,8494,	
experimentó 3 126 3 1845,5061,8484,	
cuentagotas 1 126 1 6325,	
vía 9 126 9 1842,2604,2625,5058,5820,5841,8481,9243,9264,	
400 3 126 3 1837,5053,8476,	
recibido 3 126 3 1836,5052,8475,	
había 6 126 6 1835,2363,5051,5579,8474,9002,	
Dicho 3 126 3 1833,5049,8472,	
recuperó 6 126 6 1832,2607,5048,5823,8471,9246,	
permanentes 3 126 3 1819,5035,8458,	
secuelas 3 126 3 1818,5034,8457,	
plasmaféresis 3 126 3 1815,5031,8454,	
sintomático 9 126 9 1813,1873,1941,5029,5089,5157,8452,8512,8580,	
recibió 3 126 3 1811,5027,8450,	
agitación) 3 126 3 1808,5024,8447,	
diplopía 3 126 3 1806,5022,8445,	
posterior 3 126 3 1805,5021,8444,	
(coma 3 126 3 1800,5016,8439,	
observados 3 126 3 2098,5314,8738,	
2000 3 126 3 1788,5004,8427,	
total 27 126 27 1786,2053,2072,2184,2274,2279,2325,2651,2663,5002,5269,5288,5400,5489,5494,5541,5867,5879,8425,8692,8711,8824,8913,8918,8964,9290,9302,	
oral 9 126 9 1783,1843,2605,4999,5059,5821,8422,8482,9244,	
sobrevivió 6 126 6 1779,1829,4995,5045,8418,8468,	
extremo 3 126 3 1774,4990,8413,	
elevados 3 126 3 2027,5243,8666,	
(vómitos 3 126 3 1767,4982,8406,	
(1 1 126 1 3081,	
gastrointestinal 3 126 3 1766,4981,8405,	
origen 3 126 3 1765,4980,8404,	
marcha) 3 126 3 1762,4977,8401,	
agresividad 3 126 3 1756,4971,8395,	
agitación 3 126 3 1755,4970,8394,	
adormecimiento 3 126 3 1752,4967,8391,	
(confusión 3 126 3 1751,4966,8390,	
nivel 9 126 9 1746,1795,1848,4961,5011,5064,8385,8434,8487,	
aparecieron 3 126 3 1740,4955,8379,	
140 3 126 3 1734,4949,8373,	
debajo 3 126 3 1732,4947,8371,	
asintomáticas 3 126 3 1726,4941,8365,	
diarrea 3 126 3 1722,4937,8361,	
y/o 6 126 6 1721,1763,4936,4978,8360,8402,	
cansancio 3 126 3 1719,4934,8358,	
asociado 3 126 3 1714,4929,8353,	
105 3 126 3 1706,4921,8345,	
(200 3 126 3 1703,4918,8342,	
altas 5 126 5 1702,2960,4917,6177,8341,	
relativamente 3 126 3 1701,4916,8340,	
Síntomas 3 126 3 1699,4914,8338,	
sobredosis 18 126 18 1688,1730,1776,1824,1868,1882,4904,4945,4992,5040,5084,5098,8328,8369,8415,8463,8507,8521,	
Solo 3 126 3 1679,4895,8319,	
9 10 126 10 1677,2706,3232,3245,4893,5922,6376,6389,8317,9345,	
une 3 126 3 2536,5752,9175,	
éstos 3 126 3 1669,4885,8309,	
suicidio 3 126 3 1658,4874,8298,	
suicida 3 126 3 1656,4872,8296,	
ideación 3 126 3 1655,4871,8295,	
asociada 3 126 3 1652,4868,8292,	
sido 6 126 6 1651,1725,4867,4940,8291,8364,	
notificado 6 126 6 1639,1665,4855,4881,8279,8305,	
actividades 3 126 3 2143,5359,8783,	
principalmente 3 126 3 1628,4844,8268,	
""MEM"" 3 126 3 6622,6692,6725,	
alucinaciones 9 126 9 1624,1757,1857,4840,4972,5073,8264,8396,8496,	
Somnolencia 3 126 3 1621,4837,8260,	
psiquiátricos 3 126 3 1619,4835,8258,	
administrado 3 126 3 2603,5819,9242,	
Dolor 3 126 3 1615,4831,8249,	
lugar 3 126 3 1611,4827,8247,	
alteraciones 6 126 6 1608,1759,4824,4974,8244,8398,	
generales 3 126 3 1606,4822,8242,	
Hipertensión 3 126 3 1604,4820,8240,	
vasculares 3 126 3 1602,4818,8238,	
infestaciones 3 126 3 1596,4812,8232,	
Infecciones 6 126 6 1594,1599,4810,4815,8230,8235,	
Estreñimiento 3 126 3 1593,4809,8229,	
gastrointestinales 3 126 3 1591,4807,8227,	
Frecuentes 15 126 15 1588,1592,1603,1614,1620,4804,4808,4819,4830,4836,8224,8228,8239,8248,8259,	
Trastornos 15 126 15 1584,1590,1601,1605,1618,4800,4806,4817,4821,4834,8220,8226,8237,8241,8257,	
disponibles) 3 126 3 1583,4799,8219,	
estimarse 3 126 3 1577,4793,8213,	
(no 3 126 3 1575,4791,8211,	
conocida 6 126 6 1574,1739,4790,4954,8210,8378,	
(< 2 126 2 1569,8205,	
1/10 4 126 4 1561,1570,8197,8206,	
raras 6 126 6 1559,1568,4778,4785,8195,8204,	
1/100) 2 126 2 1558,8194,	
000 6 126 6 1555,1562,4775,4780,8191,8198,	
1/1 4 126 4 1554,1565,8190,8201,	
depresión 3 126 3 1654,4870,8294,	
< 9 126 9 1549,1557,1564,2327,5543,8185,8193,8200,8966,	
1/100 2 126 2 1547,8183,	
(de 10 126 10 1546,1553,1560,6889,6917,6955,6983,8182,8189,8196,	
actividad 3 126 3 2583,5799,9222,	
1/10) 4 126 4 1544,1550,8180,8186,	
( 2 126 2 1543,8179,	
convenio 3 126 3 1540,4764,8176,	
usando 3 126 3 1537,4761,8173,	
órganos 3 126 3 1536,4760,8172,	
clasificación 3 126 3 1534,4758,8170,	
conforme 3 126 3 1530,4754,8166,	
categorizan 2 126 2 1529,4753,	
intervalo 6 126 6 1522,2752,4746,5968,8159,9392,	
decreciente 3 126 3 1516,4740,8153,	
orden 3 126 3 1515,4739,8152,	
enumeran 3 126 3 1513,4737,8150,	
proceden 3 126 3 1497,4721,8134,	
tabla 3 126 3 1496,4720,8133,	
enumeradas 3 126 3 1492,4716,8129,	
5-dimetil-gludantano 3 126 3 2566,5782,9205,	
apropiada 3 126 3 1897,5113,8536,	
8%) 3 126 3 1488,4709,8125,	
1% 3 126 3 1484,4705,8121,	
e 9 126 9 1481,1595,1862,4702,4811,5078,8118,8231,8501,	
2%) 3 126 3 1480,4701,8117,	
(3 3 126 3 1475,4696,8112,	
somnolencia 9 126 9 1474,1753,1860,4695,4968,5076,8111,8392,8499,	
6%) 3 126 3 1473,4694,8110,	
(4 6 126 6 1468,1483,4689,4704,8105,8120,	
000) 6 126 6 1566,1571,4783,4787,8202,8207,	
estreñimiento 3 126 3 1467,4688,8104,	
9%) 3 126 3 1466,4687,8103,	
Incompatibilidades 2 126 2 3093,6281,	
2% 3 126 3 1462,4683,8099,	
(5 3 126 3 1461,4682,8098,	
cabeza 6 126 6 1460,1617,4681,4833,8097,8251,	
dolor 3 126 3 1458,4679,8095,	
respectivamente) 6 126 6 1457,1711,4678,4926,8094,8350,	
Sobredosis 6 126 6 1678,1700,4894,4915,8318,8339,	
6% 6 126 6 1456,1469,4677,4690,8093,8106,	
frente 18 126 18 1453,1463,1470,1477,1485,2431,4674,4684,4691,4698,4706,5647,8090,8100,8107,8114,8122,9070,	
3% 3 126 3 1452,4673,8089,	
(6 3 126 3 1451,4672,8088,	
respecto 6 126 6 1445,2086,4666,5302,8082,8726,	
superior 7 126 7 1439,2206,4660,5422,6314,8076,8846,	
observaron 8 126 8 1435,2855,2876,4656,6072,6093,8072,9498,	
aparición 9 126 9 1432,1667,1919,4653,4883,5135,8069,8307,8558,	
frecuencia 9 126 9 1430,1524,1572,4651,4748,4788,8067,8161,8208,	
mayor 3 126 3 1429,4650,8066,	
gravedad 6 126 6 1424,1518,4645,4742,8061,8155,	
moderadas 2 126 2 1422,4643,	
leves 3 126 3 1420,4641,8057,	
general 6 126 6 1418,1926,4639,5142,8055,8565,	
placebo; 3 126 3 1411,4632,8048,	
placebo 18 126 18 1394,1448,2090,2208,2337,2415,4615,4669,5306,5424,5553,5631,8031,8085,8730,8848,8976,9054,	
1595 3 126 3 1390,4611,8027,	
1784 3 126 3 1384,4605,8021,	
incluyeron 3 126 3 1383,4604,8020,	
Reacciones 3 126 3 1365,4586,8002,	
ambulatorios 3 126 3 1357,4578,7993,	
especialmente 2 126 2 1353,7989,	
advertir 3 126 3 1352,4574,7988,	
influencia 6 126 6 1331,2462,4555,5678,7969,9101,	
presenta 3 126 3 1329,4553,7967,	
fúngicas 3 126 3 1600,4816,8236,	
Además 3 126 3 1327,4551,7965,	
recuperándose 3 126 3 1816,5032,8455,	
compromete 3 126 3 1321,4545,7959,	
conducción 5 126 5 1319,4543,4564,7957,7978,	
normalmente 3 126 3 1315,4539,7953,	
afecta 3 126 3 1314,4538,7952,	
máquinas 9 126 9 1305,1326,1346,4529,4550,4568,7943,7964,7982,	
utilizar 11 126 11 1304,1325,1345,1885,4528,4549,5101,7942,7963,7981,8524,	
conducir 4 126 4 1302,1342,4526,7940,	
capacidad 12 126 12 1300,1317,1323,1339,4524,4541,4547,4562,7938,7955,7961,7976,	
Efectos 3 126 3 1297,4521,7935,	
suspender 3 126 3 1291,4515,7929,	
fructosa 1 126 1 4057,	
tomen 6 126 6 1288,1360,4512,4581,7926,7996,	
inglés 15 126 15 2105,2131,2153,2218,2245,5321,5347,5369,5434,5461,8745,8771,8793,8858,8885,	
mujeres 3 126 3 1286,4510,7924,	
indujo 3 126 3 2816,6034,9460,	
Las 23 126 23 1285,1425,1489,1509,1525,1623,2471,3486,4045,4509,4646,4710,4733,4749,4839,5687,7923,8062,8126,8146,8162,8263,9110,	
así 3 126 3 1283,4507,7921,	
probable 3 126 3 1281,4505,7919,	
lipofilia 3 126 3 1276,4500,7914,	
oftalmoscópicos 2 126 2 2897,6114,	
cuenta 3 126 3 1274,4498,7912,	
teniendo 3 126 3 1272,4496,7910,	
materna 6 126 6 1270,1294,4494,4518,7908,7932,	
leche 3 126 3 1269,4493,7907,	
excreta 3 126 3 1266,4490,7904,	
desconoce 8 126 8 1262,2868,2962,4486,6085,6179,7900,9511,	
claramente 3 126 3 1259,4483,7897,	
sea 6 126 6 1257,1284,4481,4508,7895,7922,	
excepto 3 126 3 1255,4479,7893,	
http 2 126 2 3293,6437,	
conoce 3 126 3 1242,4466,7880,	
utilizarse 3 126 3 1251,4475,7889,	
3) 3 126 3 1239,4463,7877,	
humanos 9 126 9 1235,1247,2562,4459,4471,5778,7873,7885,9201,	
altos 8 126 8 1228,2831,3041,4452,6049,6258,7866,9475,	
ligeramente 6 126 6 1226,3039,3393,4450,6256,7864,	
idénticos 5 126 5 1224,3037,4448,6254,7862,	
global 6 126 6 1397,2378,4618,5594,8034,9017,	
exposición 10 126 10 1223,1233,3036,3046,4447,4457,6253,6263,7861,7871,	
intrauterino 3 126 3 1219,4443,7857,	
síntomas 15 126 15 1717,1744,1846,1923,1991,4932,4959,5062,5139,5207,8356,8383,8485,8562,8630,	
acontecimientos 3 126 3 1670,4886,8310,	
crecimiento 5 126 5 1218,3031,4442,6248,7856,	
animales 3 126 3 1210,4434,7848,	
Estudios 3 126 3 1208,4432,7846,	
embarazo 6 126 6 1207,1254,4431,4478,7845,7892,	
utilización 4 126 4 1202,4426,4566,7840,	
lactancia 6 126 6 1193,1293,4417,4517,7831,7931,	
Embarazo 3 126 3 1191,4415,7829,	
vitro 6 126 6 1188,2591,4412,5807,7825,9230,	
in 6 126 6 1187,2590,4411,5806,7824,9229,	
sulfonación 3 126 3 1186,4410,7823,	
hidrolasa 3 126 3 1183,4407,7820,	
""20"" 1 126 1 6719,	
epóxido 3 126 3 1182,4406,7819,	
monooxigenasa 3 126 3 1180,4404,7817,	
flavina 3 126 3 1179,4403,7816,	
3A 3 126 3 1177,4401,7814,	
2E1 3 126 3 1176,4400,7813,	
2D6 3 126 3 1175,4399,7812,	
EU/1/02/219/014-021 1 126 1 3244,	
2C9 3 126 3 1174,4398,7811,	
1A2 3 126 3 1172,4396,7809,	
CYP 3 126 3 1171,4395,7808,	
plasmáticas 6 126 6 2479,2539,5695,5755,9118,9178,	
isoformas 3 126 3 1170,4394,7807,	
blisters 2 126 2 3125,3201,	
inhibió 3 126 3 1168,4392,7805,	
Memantina 17 126 17 1166,1248,2002,2440,2628,2995,4390,4472,5218,5656,5844,6212,7803,7886,8641,9079,9267,	
galantamina 3 126 3 1165,4389,7802,	
farmacocinética 6 126 6 1162,2748,4386,5964,7799,9388,	
realizado 3 126 3 1147,4371,7783,	
ensayo 9 126 9 1145,2037,2260,4369,5253,5475,7781,8676,8899,	
donepezilo 3 126 3 1142,4366,7778,	
gliburida/metformina 3 126 3 1140,4363,7776,	
activo-principio 1 126 1 1135,	
relevantes 6 126 6 1133,1157,4358,4381,7769,7793,	
observado 11 126 11 1131,1155,1627,2928,4356,4379,4843,6145,7767,7791,8267,	
sanos 6 126 6 1127,1151,4352,4375,7763,7787,	
jóvenes 6 126 6 1126,1150,4351,4374,7762,7786,	
sujetos 6 126 6 1125,1149,4350,4373,7761,7785,	
realizados 10 126 10 1123,1502,2898,2977,4348,4726,6115,6194,7759,8139,	
únicas 3 126 3 1122,4347,7758,	
(FC) 3 126 3 1119,4344,7755,	
farmacocinéticos 3 126 3 1118,4343,7754,	
orales 6 126 6 1115,3306,3382,4047,4340,7751,	
anticoagulantes 3 126 3 1114,4339,7750,	
INR 3 126 3 1108,4333,7744,	
Sorbato 1 126 1 6273,	
protrombina 3 126 3 1106,4331,7742,	
Poco 4 126 4 1597,4813,8233,8254,	
incidencia 6 126 6 1396,1438,4617,4659,8033,8075,	
aconsejable 3 126 3 1098,4323,7734,	
causal 3 126 3 1096,4321,7732,	
relación 5 126 5 1095,2940,4320,6157,7731,	
establecido 3 126 3 1094,4319,7730,	
Aunque 3 126 3 1090,4315,7726,	
15/05/2007 2 126 2 3265,6409,	
ataxia 3 126 3 2836,6054,9480,	
403 3 126 3 2196,5412,8836,	
2A6 3 126 3 1173,4397,7810,	
warfarina 3 126 3 1089,4314,7725,	
especial 2 126 2 3220,6364,	
concomitantemente 6 126 6 1087,1112,4312,4337,7723,7748,	
tratados 27 126 27 1086,1111,1386,1392,1409,1673,2200,2413,2421,4311,4336,4607,4613,4630,4889,5416,5629,5637,7722,7747,8023,8029,8046,8313,8840,9052,9060,	
metabolitos 6 126 6 2560,2581,5776,5797,9199,9220,	
(INR) 3 126 3 1083,4308,7719,	
normalizado 3 126 3 1082,4307,7718,	
estrecha 3 126 3 1102,4327,7738,	
internacional 3 126 3 1081,4306,7717,	
cociente 3 126 3 1080,4305,7716,	
diarreas) 2 126 2 1769,8408,	
incremento 3 126 3 1078,4303,7714,	
aislados 6 126 6 1076,1641,4301,4857,7712,8281,	
casos 15 126 15 1075,1640,1686,1728,2097,4300,4856,4902,4943,5313,7711,8280,8326,8367,8737,	
informado 3 126 3 1073,4298,7709,	
post-comercialización 12 126 12 1070,1645,1662,1697,4295,4861,4878,4913,7706,8285,8302,8337,	
séricos 3 126 3 1062,4288,7698,	
disminución 6 126 6 1058,1216,4284,4440,7694,7854,	
produzca 3 126 3 1056,4282,7692,	
posibilidad 3 126 3 1052,4278,7688,	
existe 6 126 6 1050,1875,4276,5091,7686,8514,	
HCT 6 126 6 1049,1065,4275,4291,7685,7701,	
(HCT) 3 126 3 1043,4269,7679,	
hidroclorotiazida 3 126 3 1042,4268,7678,	
co-administra 3 126 3 1038,4264,7674,	
Cuando 9 126 9 1036,2381,2499,4262,5597,5715,7672,9020,9138,	
plasmáticos 3 126 3 1034,4260,7670,	
niveles 22 126 22 1033,1061,1221,1231,2023,2772,3034,3044,4259,4287,4445,4455,5239,5989,6251,6261,7669,7697,7859,7869,8662,9413,	
aumento 3 126 3 1030,4256,7666,	
potencial 9 126 9 1028,1214,1245,4254,4438,4469,7664,7852,7883,	
conlleva 3 126 3 1025,4251,7661,	
interaccionen 3 126 3 1019,4245,7655,	
posiblemente 3 126 3 1017,4243,7653,	
catiónico 3 126 3 1012,4238,7648,	
utilizan 3 126 3 1006,4232,7642,	
nicotina 3 126 3 1004,4230,7640,	
quinina 3 126 3 1002,4228,7638,	
procainamida 3 126 3 1000,4226,7636,	
ranitidina 3 126 3 999,4225,7635,	
cimetidina 3 126 3 998,4224,7634,	
activos 4 126 4 996,2932,4222,6149,	
principios 4 126 4 995,2931,4221,6148,	
Otros 5 126 5 994,1956,4220,5172,8595,	
fenitoína 3 126 3 992,4218,7628,	
combinación 6 126 6 988,1047,4214,4273,7624,7683,	
posible 5 126 5 984,2939,4210,6156,7620,	
publicado 3 126 3 981,4207,7617,	
clínico 9 126 9 980,1146,1940,4206,4370,5156,7616,7782,8579,	
caso 15 126 15 979,1772,1822,1866,1917,4205,4988,5038,5082,5133,7615,8411,8461,8505,8556,	
hay 6 126 6 977,2458,4203,5674,7613,9097,	
También 3 126 3 976,4202,7612,	
4) 6 126 6 975,2710,4201,5926,7611,9349,	
aplicarse 3 126 3 965,4191,7601,	
Esto 3 126 3 962,4188,7598,	
envases 5 126 5 3123,3139,3179,3212,6356,	
relacionados 3 126 3 956,4182,7592,	
químicamente 3 126 3 955,4181,7591,	
están 3 126 3 954,4180,7590,	
farmacotóxica 3 126 3 950,4176,7586,	
psicosis 6 126 6 949,1856,4175,5072,7585,8495,	
ajuste 3 126 3 930,4156,7566,	
modificar 3 126 3 923,4149,7559,	
baclofeno 3 126 3 921,4147,7557,	
dantroleno 3 126 3 918,4144,7554,	
agentes 3 126 3 914,4140,7550,	
tmáx 2 126 2 2450,9089,	
neurolépticos 3 126 3 907,4133,7543,	
barbitúricos 3 126 3 903,4129,7539,	
NMDA 18 126 18 893,961,1983,2011,2585,2815,4119,4187,5199,5227,5801,6033,7529,7597,8622,8650,9224,9459,	
aumentar 3 126 3 885,4111,7521,	
anticolinérgicos 3 126 3 883,4109,7519,	
dopaminérgicos 3 126 3 880,4106,7516,	
agonistas 3 126 3 879,4105,7515,	
g 4 126 4 3315,3348,6340,6345,	
L-dopa 3 126 3 877,4103,7513,	
han 21 126 21 1130,1154,1626,1638,1713,1724,2745,4355,4378,4842,4854,4928,4939,5961,7766,7790,8266,8278,8352,8363,9385,	
sugiere 3 126 3 871,4097,7507,	
interacciones 6 126 6 865,1132,4091,4357,7501,7768,	
siguientes 3 126 3 864,4090,7500,	
producirse 3 126 3 862,4088,7498,	
acción 6 126 6 857,870,4084,4096,7493,7506,	
mecanismo 6 126 6 855,868,4082,4094,7491,7504,	
seis 3 126 3 2330,5546,8969,	
Debido 3 126 3 848,4075,7484,	
ámbar 1 126 1 6330,	
interacción 3 126 3 847,4074,7483,	
(p=0 6 126 6 2232,2236,5448,5452,8872,8876,	
formas 3 126 3 845,4072,7481,	
medicamentos 4 126 4 842,4069,7478,9520,	
Interacción 3 126 3 838,4065,7474,	
mal 3 126 3 1972,5188,8611,	
glucosa-galactosa 2 126 2 829,7466,	
malabsorción 2 126 2 827,7464,	
lactasa 2 126 2 825,7462,	
Lapp 2 126 2 824,7461,	
deficiencia 2 126 2 822,7459,	
galactosa 2 126 2 821,7458,	
microcristalina 1 126 1 3062,	
hereditarios 2 126 2 815,7452,	
problemas 2 126 2 814,7451,	
monohidrato 3 126 3 810,3060,7447,	
contienen 5 126 5 808,3126,4048,6336,7445,	
Excipientes 4 126 4 805,3346,4044,7436,	
cuidadosamente 3 126 3 804,4043,7435,	
supervisarse 3 126 3 803,4042,7434,	
deben 12 126 12 802,831,1290,1884,4041,4059,4514,5100,7433,7468,7928,8523,	
condiciones 7 126 7 801,2694,3111,4040,5910,7432,9333,	
(SNC) 3 126 3 1931,5147,8570,	
presentan 5 126 5 799,3141,3199,4038,6683,	
limitados 3 126 3 794,4033,7425,	
consecuencia 3 126 3 787,4026,7418,	
Como 6 126 6 786,2850,4025,6067,7417,9493,	
controlada 3 126 3 785,4024,7416,	
hipertensión 6 126 6 783,1482,4022,4703,7414,8119,	
III-IV) 3 126 3 781,4020,7412,	
(NYHA 3 126 3 780,4019,7411,	
congestiva 3 126 3 779,4018,7410,	
cardíaca 3 126 3 778,4017,7409,	
reciente 3 126 3 776,4015,7407,	
miocardio 3 126 3 775,4014,7406,	
infarto 3 126 3 773,4012,7404,	
excluyeron 3 126 3 767,4006,7398,	
ensayos 14 126 14 764,1369,1500,1691,2975,4003,4590,4724,4907,6192,7395,8006,8137,8331,	
mayoría 3 126 3 761,4000,7392,	
presenten 1 126 1 7430,	
Proteus 3 126 3 758,3997,7389,	
última 5 126 5 2254,3263,5470,6407,8894,	
género 3 126 3 757,3996,7388,	
bacterias 3 126 3 755,3994,7386,	
intolerancia 3 126 3 819,4053,7456,	
tracto 3 126 3 752,3991,7383,	
graves 3 126 3 750,3989,7381,	
infecciones 3 126 3 749,3988,7380,	
(ATR) 3 126 3 747,3986,7378,	
tubular 9 126 9 745,2669,2677,3984,5885,5893,7376,9308,9316,	
renovación 2 126 2 3264,6408,	
acidosis 3 126 3 744,3983,7375,	
µmol 2 126 2 6007,9433,	
· 14 126 14 866,934,993,1035,1066,4092,4160,4219,4261,7502,7570,7629,7671,7702,	
elevado 3 126 3 740,3979,7371,	
Asimismo 3 126 3 734,3973,7365,	
alcalinizantes 6 126 6 733,2739,3972,5955,7364,9378,	
gástricos 6 126 6 732,2738,3971,5954,7363,9377,	
considerado 3 126 3 1258,4482,7896,	
tampones 6 126 6 731,2737,3970,5953,7362,9376,	
masiva 6 126 6 729,2735,3968,5951,7360,9374,	
ingesta 9 126 9 728,1782,2734,3967,4998,5950,7359,8421,9373,	
debilidad 3 126 3 1720,4935,8359,	
vegetariana 6 126 6 725,2730,3964,5946,7356,9369,	
carnívora 6 126 6 723,2728,3962,5944,7354,9367,	
vacuolización 8 126 8 2817,2844,2946,6035,6062,6163,9461,9488,	
ejemplo 6 126 6 721,2726,3960,5942,7352,9365,	
dieta 6 126 6 719,2724,3958,5940,7350,9363,	
drásticos 6 126 6 716,2721,3955,5937,7347,9360,	
cambios 10 126 10 715,2720,2877,2906,3954,5936,6094,6123,7346,9359,	
incluyen 3 126 3 714,3953,7345,	
Entre 3 126 3 710,3949,7341,	
tasa 3 126 3 2686,5902,9325,	
rigurosa 3 126 3 707,3946,7338,	
p=0 9 126 9 2126,2148,2162,5342,5364,5378,8766,8788,8802,	
monitorización 6 126 6 706,1101,3945,4326,7337,7737,	
requerir 3 126 3 704,3943,7335,	
""Eliminación"") 3 126 3 702,3941,7333,	
urinario 9 126 9 697,737,753,3936,3976,3992,7328,7368,7384,	
pH 6 126 6 696,736,3935,3975,7327,7367,	
Todos 3 126 3 690,3929,7321,	
5) 3 126 3 689,3928,7320,	
apartado 15 126 15 687,699,973,1237,2708,3926,3938,4199,4461,5924,7318,7330,7609,7875,9347,	
(ver 15 126 15 686,698,972,1236,2707,3925,3937,4198,4460,5923,7317,7329,7608,7874,9346,	
[SNC]) 2 126 2 678,3917,	
adamantano 3 126 3 2577,5793,9216,	
central 13 126 13 677,1750,1799,1852,1930,4965,5015,5068,5146,7308,8389,8438,8491,	
nervioso 16 126 16 676,1587,1749,1798,1851,1929,4803,4964,5014,5067,5145,7307,8223,8388,8437,8490,	
relacionadas 3 126 3 672,3911,7303,	
etilo 1 126 1 3080,	
(principalmente 3 126 3 671,3910,7301,	
adversas 23 126 23 670,1366,1400,1414,1427,1491,1511,1527,3909,4587,4621,4635,4648,4712,4735,4751,7300,8003,8037,8051,8064,8128,8148,	
receptor 3 126 3 661,3900,7291,	
sistema 24 126 24 660,675,1009,1532,1586,1748,1797,1850,1928,3899,4235,4756,4802,4963,5013,5066,5144,7290,7306,7645,8222,8387,8436,8489,	
actúan 3 126 3 656,3895,7286,	
compuestos 6 126 6 655,953,3894,4179,7285,7589,	
Estos 3 126 3 654,3893,7284,	
dextrometorfano 6 126 6 653,971,3892,4197,7283,7607,	
ketamina 6 126 6 650,968,3889,4194,7280,7604,	
amantadina 9 126 9 648,944,1016,3887,4170,4242,7278,7580,7652,	
(NMDA) 3 126 3 645,3884,7275,	
N-metil-D-aspartato 3 126 3 644,3883,7274,	
antagonistas 12 126 12 642,891,959,2813,3881,4117,4185,6031,7272,7527,7595,9457,	
concomitante 12 126 12 640,889,910,940,3878,4115,4136,4166,7270,7525,7546,7576,	
evitar 6 126 6 637,937,3875,4163,7267,7573,	
4% 3 126 3 1476,4697,8113,	
padecer 3 126 3 633,3871,7263,	
factores 9 126 9 629,692,712,3867,3931,3951,7259,7323,7343,	
convulsivas 3 126 3 624,3862,7254,	
crisis 3 126 3 623,3861,7253,	
antecedentes 6 126 6 621,771,3859,4010,7251,7402,	
epilepsia 6 126 6 620,634,3858,3872,7250,7264,	
precaución 3 126 3 613,3851,7243,	
enterohepática 3 126 3 1908,5124,8547,	
especiales 10 126 10 608,1362,3106,3112,3216,3846,4583,6307,6360,7238,	
precauciones 6 126 6 607,1361,3845,4582,7237,7998,	
Advertencias 3 126 3 605,3843,7235,	
activo 10 126 10 596,1136,1279,1894,3834,4503,5110,7226,7917,8533,	
principio 10 126 10 595,1134,1278,1893,3833,4502,5109,7225,7916,8532,	
Hipersensibilidad 3 126 3 593,3831,7223,	
pulmones 2 126 2 2950,6167,	
material 3 126 3 2548,5764,9187,	
Contraindicaciones 3 126 3 592,3830,7222,	
disponibles 3 126 3 565,3803,7195,	
existen 3 126 3 563,3801,7193,	
B) 3 126 3 555,3793,7185,	
Child-Pugh 3 126 3 554,3792,7184,	
(Child-Pugh 3 126 3 551,3789,7181,	
reacciones 21 126 21 669,1399,1413,1426,1490,1510,1526,3908,4620,4634,4647,4711,4734,4750,7299,8036,8050,8063,8127,8147,8163,	
leve 15 126 15 548,1333,1376,2180,2268,3786,4557,4597,5396,5483,7178,7971,8013,8820,8907,	
hepática 12 126 12 542,547,575,588,3780,3785,3813,3826,7172,7177,7205,7218,	
) 4 126 4 530,3699,3768,7160,	
ml/min 4 126 4 529,3698,3767,7159,	
5-29 3 126 3 528,3766,7158,	
estándar 8 126 8 517,1888,2976,3755,5103,6193,7147,8527,	
titulación 3 126 3 516,3754,7146,	
esquema 3 126 3 514,3752,7144,	
acuerdo 3 126 3 511,3749,7141,	
mg/día 6 126 6 509,1707,3747,4922,7139,8346,	
aumentarse 3 126 3 506,3744,7136,	
podría 6 126 6 505,964,3743,4190,7135,7600,	
después 6 126 6 495,2091,3733,5307,7125,8731,	
tolera 3 126 3 493,3731,7123,	
Si 3 126 3 491,3729,7121,	
49 5 126 5 479,3149,3181,3717,7109,	
30 8 126 8 477,2507,3147,3580,3715,5723,7107,9146,	
insuficiencia 15 126 15 471,521,546,574,587,3709,3759,3784,3812,3825,7100,7151,7176,7204,7217,	
ajustar 6 126 6 465,559,3703,3797,7094,7189,	
necesario 12 126 12 464,558,928,1260,3702,3796,4154,4484,7093,7188,7564,7898,	
ml/min) 5 126 5 461,480,3718,7090,7110,	
80 4 126 4 460,3087,3697,7089,	
- 12 126 12 459,478,2068,2492,3696,3716,5284,5708,7088,7108,8707,9131,	
50 6 126 6 458,3152,3695,6338,6344,7087,	
creatinina 9 126 9 456,476,526,3694,3714,3764,7085,7105,7156,	
(aclaramiento 9 126 9 454,474,524,3692,3712,3762,7083,7103,7154,	
afectada 3 126 3 453,3691,7082,	
levemente 3 126 3 452,3690,7081,	
función 9 126 9 450,2646,2671,3688,5862,5887,7079,9285,9310,	
En 67 126 67 447,468,518,543,759,1067,1116,1143,1367,1659,1727,1770,1820,1865,1916,2258,2289,2541,2598,2643,2801,2908,3024,3685,3706,3756,3781,3998,4292,4341,4367,4588,4875,4942,4986,5036,5081,5132,5473,5504,5757,5814,5859,6019,6125,6241,7076,7097,7148,7173,7390,7703,7752,7779,8004,8299,8366,8409,8459,8504,8555,8897,8928,9180,9237,9282,9445,	
Insuficiencia 6 126 6 445,541,3683,3779,7074,7171,	
eficacia 6 126 6 444,2306,3682,5521,7073,8945,	
seguridad 6 126 6 442,2800,3680,6018,7071,9444,	
Ninguna 2 126 2 3219,6363,	
datos 15 126 15 440,564,789,1198,1582,3678,3802,4028,4422,4798,7069,7194,7420,7836,8218,	
falta 3 126 3 438,3676,7067,	
debido 3 126 3 435,3673,7064,	
18 3 126 3 433,3671,7062,	
indican 3 126 3 1211,4435,7849,	
menores 3 126 3 431,3669,7060,	
niños 3 126 3 430,3668,7059,	
recomienda 9 126 9 424,579,612,3662,3817,3850,7053,7209,7242,	
No 32 126 32 422,562,577,1194,1240,1874,2457,2586,2969,2980,3094,3109,3660,3800,3815,4418,4464,5090,5673,5802,6186,6197,6282,6310,7051,7192,7207,7832,7878,8513,9096,9225,	
adolescentes 3 126 3 421,3659,7050,	
Niños 3 126 3 419,3657,7048,	
aumenten 3 126 3 694,3933,7325,	
anteriormente 3 126 3 418,3656,7047,	
descrito 3 126 3 417,3655,7046,	
presente 3 126 3 2554,5770,9193,	
mini 3 126 3 2059,5275,8698,	
día) 3 126 3 412,3650,7041,	
administrados 1 126 1 408,	
(dos 1 126 1 406,	
20) 3 126 3 2328,5544,8967,	
años 8 126 8 399,434,3102,3638,3672,6290,7029,7063,	
65 3 126 3 398,3637,7028,	
activa 1 126 1 7772,	
mayores 3 126 3 396,3635,7026,	
clínicos 26 126 26 389,765,1199,1370,1501,1692,1887,2035,2901,3628,4004,4423,4591,4725,4908,5104,5251,6118,7019,7396,7837,8007,8138,8332,8526,8674,	
Basándose 3 126 3 386,3625,7016,	
Ancianos 3 126 3 385,3624,7015,	
recomendada 8 126 8 376,392,3615,3631,6839,6864,7006,7022,	
Dosis 3 126 3 371,3610,7001,	
(20 4 126 4 367,3174,3601,7036,	
partir 5 126 5 350,1579,3590,4795,8215,	
A 8 126 8 349,552,2762,3589,3790,5978,7182,9402,	
(15 2 126 2 342,3582,	
medio 4 126 4 341,2513,5729,9152,	
15-21) 3 126 3 326,3575,6940,	
mg) 6 126 6 317,343,368,3566,3583,3602,	
estados 3 126 3 742,3981,7373,	
(10 3 126 3 316,3169,3565,	
8-14) 3 126 3 303,3558,6902,	
días 22 126 22 299,322,348,500,1710,1803,2619,3554,3571,3588,3738,4925,5019,5835,6898,6936,6964,6992,7130,8349,8442,9258,	
7 23 126 23 298,321,347,499,1296,2704,2846,3127,3221,3553,3570,3587,3737,4520,5920,6365,6897,6935,6963,6991,7129,7934,9343,	
Vértigo 3 126 3 1589,4805,8225,	
(5mg) 2 126 2 294,3549,	
mitad 1 126 1 284,	
1-7) 3 126 3 278,3542,6874,	
(día 10 126 10 277,302,325,3541,3557,3574,6873,6901,6939,6967,	
Semana 10 126 10 275,300,323,3539,3555,3572,6871,6899,6937,6965,	
manera 6 126 6 274,2632,3538,5848,6870,9271,	
siguiente 9 126 9 273,1495,1539,3537,4719,4763,6869,8132,8175,	
semanas 3 126 3 270,3534,6858,	
primeras 3 126 3 268,3532,6856,	
durante 25 126 25 266,297,320,346,1205,1252,1708,1801,3530,3552,3569,3586,4429,4476,4923,5017,6854,6896,6934,6962,6990,7843,7890,8347,8440,	
semana 10 126 10 265,353,2240,2309,3529,3593,5456,5524,8880,8948,	
5 41 126 41 262,700,837,1238,1455,1698,1944,2435,2491,2505,2795,3116,3340,3359,3526,3939,4064,4462,4676,5160,5651,5707,5721,6006,6013,6318,6447,6485,6599,6844,6885,7331,7473,7876,8092,8583,9074,9130,9144,9432,9439,	
intensas 3 126 3 685,3924,7316,	
incrementando 2 126 2 259,3523,	
alcanza 2 126 2 258,3522,	
mantenimiento 9 126 9 256,373,378,3520,3612,3617,6866,7003,7008,	
s 1 126 1 252,	
media 3 126 3 2609,5825,9248,	
relacionado 3 126 3 2550,5766,9189,	
adversos 1 126 1 251,	
efectos 29 126 29 250,851,874,900,925,1156,1793,2020,2080,2852,3515,4078,4100,4126,4151,4380,5009,5236,5296,6069,7487,7510,7536,7561,7792,8432,8659,8719,9495,	
sufrir 2 126 2 249,3514,	
postcomercialización 3 126 3 1508,4732,8145,	
riesgo 20 126 20 247,631,947,985,1027,1213,1244,3512,3869,4173,4211,4253,4437,4468,7261,7583,7621,7663,7851,7882,	
reducir 5 126 5 245,898,3510,4124,7534,	
62 1 126 1 6555,	
20 28 126 28 240,381,402,508,2475,2618,3131,3505,3563,3620,3641,3746,5691,5834,5984,6337,6468,6545,6702,6979,6999,7011,7032,7138,7826,9114,9257,9408,	
diaria 9 126 9 237,483,533,3502,3721,3771,6996,7113,7163,	
máxima 3 126 3 236,3501,6995,	
La 32 126 32 234,374,908,1306,1646,2449,2670,2685,2711,2835,3385,3499,3613,4134,4530,4862,5665,5886,5901,5927,6053,6837,6993,7004,7544,7944,8286,9088,9309,9324,9350,9479,	
dosis 69 126 69 233,235,254,261,375,391,467,482,504,532,561,933,1121,1737,2353,2472,2502,2614,2754,2764,2826,2884,2959,3007,3498,3500,3518,3525,3614,3630,3705,3720,3742,3770,3799,4159,4346,4952,5569,5688,5718,5830,5970,5980,6044,6101,6176,6224,6836,6838,6863,6994,7005,7021,7096,7112,7134,7162,7191,7569,7757,8376,8992,9111,9141,9253,9394,9404,9470,	
Escalado 1 126 1 231,	
Adultos 3 126 3 230,3494,6832,	
alimentos 6 126 6 229,2464,3493,5680,6831,9103,	
anhidra 1 126 1 3065,	
o 58 126 58 227,549,597,625,683,726,748,782,826,919,1044,1107,1141,1184,1225,1723,1736,1881,2731,3038,3491,3787,3835,3863,3922,3965,3987,4021,4145,4270,4332,4364,4408,4449,4938,4951,5097,5947,6255,6829,7179,7227,7255,7314,7357,7379,7413,7463,7555,7680,7743,7777,7821,7863,8362,8375,8520,9370,	
tomarse 3 126 3 225,3489,6827,	
transporte 3 126 3 1011,4237,7647,	
hora 3 126 3 218,3485,6820,	
día 33 126 33 213,243,296,319,345,370,384,405,490,540,2770,3480,3508,3551,3568,3585,3604,3623,3644,3728,3778,5987,6815,6847,6888,6916,6954,6982,7014,7035,7120,7170,9411,	
vez 11 126 11 211,410,1966,3478,3609,3648,5182,6292,6813,7039,8605,	
constantes 3 126 3 2480,5696,9119,	
administrarse 3 126 3 209,3476,6811,	
Ebixa 30 126 30 207,428,583,1328,1388,1402,1444,1504,1675,3474,3666,3821,4552,4609,4623,4665,4728,4891,6453,6460,6467,6809,7057,7213,7966,8025,8039,8081,8141,8315,	
actuales 3 126 3 206,3473,6808,	
sonalargados 1 126 1 6642,	
directrices 3 126 3 205,3472,6807,	
siguiendo 3 126 3 203,3470,6805,	
realizar 6 126 6 200,1099,3467,4324,6802,7735,	
Se 28 126 28 198,611,635,896,935,1261,1637,1883,2875,2961,3465,3849,3873,4122,4161,4485,4853,5099,6092,6178,6800,7241,7265,7532,7571,7899,8277,8522,	
paciente 30 126 30 197,280,305,329,356,709,1778,1810,1827,1834,3464,3544,3560,3577,3596,3948,4994,5026,5043,5050,6799,6876,6904,6942,6970,7340,8417,8449,8466,8473,	
parte 6 126 6 195,2660,3462,5876,6797,9299,	
fármaco 3 126 3 193,3460,6795,	
toma 3 126 3 191,3458,6793,	
regularmente 3 126 3 189,3456,6791,	
monitorice 3 126 3 188,3455,6790,	
cuidador 3 126 3 186,3453,6788,	
únicamente 9 126 9 180,1715,2824,3447,4930,6042,6782,8354,9468,	
significativo 9 126 9 2210,2367,2400,5426,5583,5616,8850,9006,9039,	
iniciar 3 126 3 179,3446,6781,	
demencia 9 126 9 172,1374,2000,3439,4595,5216,6774,8011,8639,	
estupor 3 126 3 1861,5077,8500,	
diagnóstico 6 126 6 167,202,3434,3469,6769,6804,	
antiespasmódicos 3 126 3 915,4141,7551,	
experiencia 21 126 21 164,1069,1507,1644,1661,1683,1696,3431,4294,4731,4860,4877,4899,4912,6766,7705,8144,8284,8301,8323,8336,	
médico 6 126 6 162,2120,3429,5336,6764,8760,	
supervisado 3 126 3 159,3426,6761,	
iniciado 3 126 3 157,3424,6759,	
debe 49 126 49 155,178,199,208,281,306,330,357,484,534,636,936,1250,1351,1871,1933,3422,3445,3466,3475,3545,3561,3578,3597,3722,3772,3874,4162,4474,4573,5087,5149,6298,6757,6780,6801,6810,6877,6905,6943,6971,7114,7164,7266,7572,7888,7987,8510,8572,	
tratamiento 40 126 40 154,169,176,502,616,888,1812,1870,1939,2083,2088,2173,2371,3421,3436,3443,3740,3854,4114,5028,5086,5155,5299,5304,5389,5587,6756,6771,6778,6860,7132,7246,7524,8451,8509,8578,8723,8728,8813,9010,	
x 11 126 11 3150,3155,3161,3165,3170,3175,3182,3185,3188,3192,6343,	
efecto 15 126 15 2205,2365,2398,2925,2952,3017,5421,5581,5614,6142,6169,6234,8845,9004,9037,	
administración 15 126 15 152,581,639,909,1613,3419,3819,3877,4135,4829,6754,7211,7269,7545,8253,	
forma 10 126 10 150,1348,1896,3417,4570,5112,6752,6852,7984,8535,	
Posología 3 126 3 148,3415,6750,	
primera 2 126 2 3257,6401,	
grave 30 126 30 145,523,576,589,1313,1378,1635,1825,2051,2323,3412,3761,3814,3827,4537,4599,4851,5041,5267,5539,6747,7153,7206,7219,7951,8015,8275,8464,8690,8962,	
moderada 30 126 30 143,473,550,1311,1336,2014,2049,2182,2270,2321,3410,3711,3788,4535,4559,5230,5265,5398,5485,5537,6745,7102,7180,7949,7973,8653,8688,8822,8909,8960,	
dispone 9 126 9 183,1196,1681,3450,4420,4897,6785,7834,8321,	
Alzheimer 30 126 30 141,174,1309,1634,1649,2047,2141,2178,2266,2319,3408,3441,4533,4850,4865,5263,5357,5394,5481,5535,6743,6776,7947,8274,8289,8686,8781,8818,8905,8958,	
enfermedad 36 126 36 139,777,1307,1632,1647,1998,2045,2139,2176,2228,2264,2317,3406,4016,4531,4848,4863,5214,5261,5355,5392,5444,5479,5533,6741,7408,7945,8272,8287,8637,8684,8779,8816,8868,8903,8956,	
sobrestimulación 3 126 3 1925,5141,8564,	
pacientes 99 126 99 137,395,448,469,519,544,572,585,618,627,769,792,797,812,1085,1110,1356,1372,1385,1391,1630,1672,1743,2042,2075,2197,2199,2277,2315,2350,2383,2412,2420,3404,3634,3686,3707,3757,3782,3810,3823,3856,3865,4008,4031,4036,4051,4310,4335,4577,4593,4606,4612,4846,4888,4958,5258,5291,5413,5415,5492,5531,5566,5599,5628,5636,6739,7025,7077,7098,7149,7174,7202,7215,7248,7257,7400,7423,7428,7449,7721,7746,7992,8009,8022,8028,8270,8312,8382,8681,8714,8837,8839,8916,8954,8989,9022,9051,9059,	
Este 4 126 4 2924,2951,6141,6168,	
Tratamiento 6 126 6 135,1864,3402,5080,6737,8503,	
terapéuticas 3 126 3 134,3401,6736,	
4- 3 126 3 2571,5787,9210,	
Indicaciones 3 126 3 133,3400,6735,	
	"4 3 126 3 131,3398,6733,	
pulmonares 2 126 2 2915,6132,	
vértigo 6 126 6 1450,1754,4671,4969,8087,8393,	
quinidina 3 126 3 1001,4227,7637,	
CLÍNICOS 3 126 3 130,3397,6732,	
DATOS 5 126 5 129,3049,3396,6266,6731,	
iguales 2 126 2 127,6662,	
12 1 126 1 6534,	
mitades 2 126 2 126,6661,	
dividir 2 126 2 124,6659,	
El 33 126 33 120,153,175,279,304,328,355,867,1809,2076,2521,3420,3442,3543,3559,3576,3595,4093,5025,5292,5737,6560,6655,6755,6777,6875,6903,6941,6969,7503,8448,8715,9160,	
lados 2 126 2 119,6654,	
rotura 3 126 3 116,6651,6930,	
línea 3 126 3 114,6649,6928,	
difirió 3 126 3 1404,4625,8041,	
única 3 126 3 113,6648,6927,	
biconvexos 2 126 2 110,6645,	
fusiformes 5 126 5 108,6612,6643,6681,6715,	
alargados 2 126 2 107,6610,	
son 10 126 10 106,793,2563,4032,5779,6609,6680,6714,7424,9202,	
blanquecino 5 126 5 104,6607,6640,6892,6920,	
blanco 5 126 5 102,6605,6638,6890,6918,	
frontal 3 126 3 2793,6011,9437,	
color 6 126 6 100,6329,6603,6636,6673,6706,	
Los 29 126 29 93,219,806,811,951,2198,2558,2741,2894,3122,3138,3178,4050,4177,5414,5774,5957,6111,6593,6626,6663,6696,6821,7437,7448,7587,8838,9197,9381,	
	Comprimidos 1 126 1 89,	
FARMACÉUTICA 3 126 3 88,3380,6588,	
FORMA 3 126 3 87,3379,6587,	
3 33 126 33 86,269,324,591,835,1465,1709,2067,2453,2565,2796,3097,3378,3533,3573,3829,4686,4924,5283,5669,5781,6014,6285,6302,6586,6938,7221,8102,8348,8706,9092,9204,9440,	
6 27 126 27 84,1190,2093,2256,2341,3048,3091,3096,3103,3115,3213,3214,3376,4414,5309,5557,6265,6279,6284,6304,6317,6357,6358,6584,7828,8733,8980,	
excipientes 8 126 8 81,602,3055,3373,3840,6272,6581,7232,	
completa 3 126 3 79,3371,6579,	
lista 3 126 3 78,3370,6578,	
consultar 5 126 5 76,3282,3368,6426,6576,	
Para 7 126 7 75,244,3273,3367,3509,6417,6575,	
4 55 126 55 73,74,128,146,354,590,603,604,688,836,974,1189,1295,1335,1363,1676,2709,3101,3104,3365,3366,3395,3413,3594,3828,3841,3842,3927,4063,4200,4413,4519,4584,4892,5925,6289,6305,6494,6573,6574,6730,6748,6857,6966,7220,7233,7234,7319,7472,7610,7827,7933,8000,8316,9348,	
sección 6 126 6 72,83,3364,3375,6572,6583,	
mostraron 9 126 9 2203,2396,2424,5419,5612,5640,8843,9035,9063,	
ver 6 126 6 71,82,3363,3374,6571,6582,	
renal 33 126 33 446,451,472,522,746,1013,2626,2647,2664,2672,2689,3684,3689,3710,3760,3985,4239,5842,5863,5880,5888,5905,7075,7080,7101,7152,7377,7649,9265,9286,9303,9311,9328,	
lactosa 4 126 4 70,809,6570,7446,	
166 2 126 2 67,6567,	
cambio 3 126 3 2114,5330,8754,	
Cada 4 126 4 61,6499,6519,6539,	
Excipiente 2 126 2 60,6559,	
21 1 126 1 8261,	
memantina) 2 126 2 59,3332,	
31 3 126 3 56,3329,6515,	
8 12 126 12 55,1364,2455,3203,3236,3328,4585,5671,6381,6514,8001,9094,	
equivalen 6 126 6 53,3326,6492,6512,6532,6552,	
análisis 3 126 3 2291,5506,8930,	
(que 2 126 2 52,3325,	
memantina 108 126 108 51,570,663,860,895,912,942,990,1022,1039,1138,1159,1204,1264,1289,1791,1840,2085,2168,2202,2373,2402,2423,2469,2482,2534,2552,2692,2766,2784,2808,2903,2921,2979,3020,3324,3345,3808,3902,4086,4121,4138,4168,4216,4248,4265,4361,4383,4428,4488,4513,5007,5056,5301,5384,5418,5589,5618,5639,5685,5698,5750,5768,5908,5982,6001,6026,6120,6138,6196,6237,6490,6498,6510,6518,6530,6538,6550,6558,7200,7293,7496,7531,7548,7578,7626,7658,7675,7774,7796,7842,7902,7927,8430,8725,8808,8842,9012,9041,9062,9108,9121,9173,9191,9331,9406,9427,9452,	
clorhidrato 7 126 7 49,3322,3343,6488,6508,6528,6548,	
conjunto 3 126 3 2389,5605,9028,	
contiene 9 126 9 45,66,3318,3351,6484,6504,6524,6544,6566,	
recubierto 14 126 14 42,63,288,310,334,6481,6501,6521,6541,6562,6881,6909,6947,6975,	
comprimido 18 126 18 41,62,121,287,309,333,3058,3072,6480,6500,6520,6540,6561,6656,6880,6908,6946,6974,	
	Cada 2 126 2 40,6479,	
CUANTITATIVA 3 126 3 39,3313,6478,	
Y 3 126 3 38,3312,6477,	
CUALITATIVA 3 126 3 37,3311,6476,	
COMPOSICIÓN 3 126 3 36,3310,6475,	
2 30 126 30 35,147,301,327,701,1472,1479,1487,1636,2436,3092,3309,3414,3556,3940,4693,4700,4708,4852,5652,6280,6474,6749,6900,7332,8109,8116,8124,8276,9075,	
película 30 126 30 34,44,65,92,97,223,290,312,336,363,3197,6452,6459,6466,6473,6483,6503,6523,6543,6592,6597,6630,6667,6700,6825,6883,6911,6949,6977,7441,	
recubiertos 17 126 17 32,90,95,221,361,3195,6450,6457,6464,6471,6590,6595,6628,6665,6698,6823,7439,	
comprimidos 19 126 19 31,94,220,360,407,807,3132,3177,3194,6449,6456,6463,6470,6594,6627,6664,6697,6822,7438,	
mg 78 126 78 30,47,57,68,241,263,293,315,339,366,382,403,488,538,1704,1735,1789,1838,2476,2508,2759,3320,3330,3341,3353,3360,3506,3527,3621,3642,3726,3776,4919,4950,5005,5054,5692,5724,5975,5985,6448,6455,6462,6469,6486,6496,6506,6516,6526,6536,6546,6556,6565,6568,6600,6633,6670,6703,6845,6886,6914,6952,6980,7000,7012,7033,7037,7118,7168,7444,8343,8374,8428,8477,9115,9147,9399,9409,	
10 37 126 37 29,46,292,314,338,365,487,537,1802,2191,2528,2756,3128,3266,3303,3319,3547,3725,3775,5018,5407,5744,5972,6342,6410,6454,6505,6564,6632,6913,7117,7167,7443,8441,8831,9167,9396,	
	Ebixa 3 126 3 28,3302,6446,	
E420 2 126 2 3356,6276,	
MEDICAMENTO 6 126 6 27,1949,3301,5165,6445,8588,	
NOMBRE 3 126 3 25,3299,6443,	
1 32 126 32 24,85,132,276,1622,1951,2493,3052,3151,3156,3162,3166,3183,3186,3189,3193,3298,3347,3377,3399,3540,4838,5167,5709,6269,6442,6585,6734,6872,8262,8590,9132,	
farmacológicos 3 126 3 852,4079,7488,	
PRODUCTO 1 126 1 23,	
DEL 6 126 6 22,26,3271,3300,6415,6444,	
grupo 6 126 6 1442,1447,4663,4668,8079,8084,	
CARACTERÍSTICAS 1 126 1 21,	
LAS 1 126 1 20,	
DE 18 126 18 19,1947,3223,3226,3238,3240,3247,3251,3268,5163,6367,6370,6383,6385,6391,6395,6412,8586,	
RESUMEN 1 126 1 18,	
I 1 126 1 17,	
ANEXO 1 126 1 16,	
información 3 126 3 13,3276,6420,	
Toda 1 126 1 11,	
medicamento 6 126 6 10,15,834,4062,4714,7471,	
Basica 1 126 1 8,	
	Información 1 126 1 7,	
SOLUCION 1 126 1 6,	
frecuentes 18 126 18 682,817,1542,1545,1552,1598,3921,4766,4768,4773,4814,7313,7454,8178,8181,8188,8234,8255,	
EN 1 126 1 5,	
limitada 3 126 3 1684,4900,8324,	
ORALES 1 126 1 4,	
GOTAS 1 126 1 3,	
100 9 126 9 2,2641,3163,3164,3191,3352,5857,6339,9280,	
10MG/G 1 126 1 1,	
estudios 33 126 33 388,1117,2331,2339,2344,2348,2742,2802,2863,2880,2900,2987,3627,4342,5547,5555,5560,5564,5958,6020,6080,6097,6117,6204,7018,7753,8970,8978,8983,8987,9382,9446,9506,	
EBIXA 1 126 1 0,	
