	Prospectos 1 579 1 4207,	
" 1 579 1 4206,	
Mantener 1 579 1 4195,	
etiqueta 1 579 1 4190,	
fecha 1 579 1 4183,	
superada 1 579 1 4181,	
reabsorbe) 1 579 1 4129,	
(se 1 579 1 4128,	
residual 1 579 1 4120,	
retirar 1 579 1 4117,	
extremo 1 579 1 4106,	
sujetarla 1 579 1 4103,	
separa 1 579 1 4098,	
asegurarse 1 579 1 4080,	
lentamente 1 579 1 4078,	
presionar 1 579 1 4077,	
deje 1 579 1 4075,	
minutos) 1 579 1 4074,	
(3 1 579 1 4071,	
Pasado 1 579 1 4067,	
humedecido 1 579 1 4054,	
Coloque 1 579 1 4023,	
adherido 1 579 1 4010,	
quedar 1 579 1 4009,	
Humedezca 1 579 1 3993,	
aplicación) 1 579 1 3991,	
humedecer 1 579 1 3985,	
necesario 3 579 3 3984,4006,4116,	
(si 1 579 1 3970,	
colóquela 1 579 1 3964,	
extraiga 1 579 1 3954,	
quirúrgicamente 1 579 1 3946,	
abundantes 1 579 1 3942,	
hemorragias 1 579 1 3941,	
colocar 1 579 1 3934,	
Limpie 1 579 1 3925,	
grande 1 579 1 3923,	
darle 1 579 1 3918,	
adecuado 1 579 1 3916,	
recortar 1 579 1 3911,	
pequeñas 1 579 1 3908,	
necesitan 1 579 1 3894,	
quedando 1 579 1 3873,	
completamente 2 579 2 3870,3974,	
cubrir 1 579 1 3869,	
Observe 1 579 1 3864,	
depende 1 579 1 3858,	
necesita 1 579 1 3852,	
postesterilización) 1 579 1 3788,	
(no 1 579 1 3784,	
siguiente 1 579 1 3757,	
sector 1 579 1 3750,	
profesionales 1 579 1 3748,	
Esta 1 579 1 3740,	
------------------------------------------------------------------------------------------------------------------------------- 1 579 1 3739,	
aprobado 1 579 1 3736,	
070 1 579 1 3732,	
09 1 579 1 3731,	
521 1 579 1 3730,	
LT-01109 1 579 1 3726,	
UAB 1 579 1 3723,	
Lietuva 1 579 1 3721,	
0082 1 579 1 3720,	
784 1 579 1 3719,	
371 1 579 1 3718,	
19 1 579 1 3715,	
Riga 1 579 1 3714,	
LV-1013 1 579 1 3713,	
Duntes 1 579 1 3711,	
Kingdom 1 579 1 3707,	
United 1 579 1 3706,	
Latvija 2 579 2 3705,3709,	
Sverige 1 579 1 3692,	
746 1 579 1 3690,	
358 1 579 1 3688,	
persona 2 579 2 3792,3806,	
641601 1 579 1 3685,	
+39 1 579 1 3683,	
Helsinki 1 579 1 3681,	
FIN-00101 1 579 1 3680,	
I-20126 1 579 1 3678,	
1406 1 579 1 3677,	
Temolo 1 579 1 3672,	
Libero 1 579 1 3671,	
Ab 1 579 1 3669,	
Finland 1 579 1 3668,	
Leiras 1 579 1 3667,	
Oy 1 579 1 3666,	
l 1 579 1 3665,	
Suomi/Finland 1 579 1 3660,	
Italia 2 579 2 3659,3662,	
Sími 1 579 1 3652,	
2600 1 579 1 3651,	
421 1 579 1 3649,	
Danmörk 1 579 1 3646,	
Bratislava 1 579 1 3645,	
SK-821 1 579 1 3643,	
7B 1 579 1 3640,	
Plynárenská 1 579 1 3639,	
Slovenská 1 579 1 3630,	
110 1 579 1 3628,	
96 1 579 1 3627,	
23 1 579 1 3626,	
386 1 579 1 3624,	
0021 1 579 1 3621,	
642 1 579 1 3620,	
+353 1 579 1 3618,	
SI-1000 1 579 1 3615,	
IRL-Dublin 1 579 1 3613,	
ulica 1 579 1 3611,	
Dalmatinova 1 579 1 3610,	
Campus 1 579 1 3609,	
Business 1 579 1 3608,	
Citywest 1 579 1 3607,	
Ljubljana 2 579 2 3606,3616,	
Podruznica 1 579 1 3605,	
Castledrive 1 579 1 3604,	
Limited 1 579 1 3600,	
Products 1 579 1 3599,	
Slovenija 1 579 1 3597,	
Ireland 1 579 1 3596,	
40212123848 1 579 1 3595,	
85 1 579 1 3591,	
04 1 579 1 3590,	
42 1 579 1 3589,	
33 1 579 1 3587,	
Bucureti 1 579 1 3582,	
Suresnes 1 579 1 3581,	
F-92150 1 579 1 3580,	
Sect 1 579 1 3578,	
nr 1 579 1 3576,	
Vod 1 579 1 3575,	
Despot 1 579 1 3574,	
Strada 1 579 1 3573,	
Pages 1 579 1 3572,	
SAS 1 579 1 3567,	
România 2 579 2 3564,3569,	
France 2 579 2 3563,3566,	
00 1 579 1 3561,	
99 1 579 1 3560,	
714 1 579 1 3559,	
34 1 579 1 3557,	
Madrid 1 579 1 3552,	
E-28023 1 579 1 3551,	
20 2 579 2 3548,3689,	
Alsasua 1 579 1 3547,	
Calle 1 579 1 3546,	
Portugal 1 579 1 3540,	
9570 1 579 1 3538,	
672 1 579 1 3537,	
210 1 579 1 3536,	
30 1 579 1 3535,	
T 2 579 2 3533,3698,	
GR-152 1 579 1 3531,	
196 1 579 1 3530,	
z 1 579 1 3527,	
Sp 1 579 1 3526,	
S 3 579 3 3523,3543,3663,	
Polska 1 579 1 3520,	
569 1 579 1 3519,	
6112 1 579 1 3518,	
+372 1 579 1 3517,	
Tallinn 1 579 1 3515,	
EE-10127 1 579 1 3514,	
20T 1 579 1 3513,	
SEFA 1 579 1 3509,	
Österreich 1 579 1 3507,	
Eesti 1 579 1 3506,	
3030 1 579 1 3505,	
6676 1 579 1 3504,	
47 1 579 1 3503,	
7531-36660 1 579 1 3500,	
+49 1 579 1 3499,	
Gynj 1 579 1 3724,	
Asker 1 579 1 3497,	
N-1372 1 579 1 3496,	
Konstanz 1 579 1 3495,	
852 1 579 1 3493,	
Drammensveien 1 579 1 3492,	
Moltkestr 1 579 1 3490,	
AS 2 579 2 3489,3510,	
Norge 1 579 1 3483,	
Deutschland 2 579 2 3482,3485,	
8777 1 579 1 3481,	
(023) 1 579 1 3479,	
Tlf 3 579 3 3471,3501,3555,	
Hoofddorp 1 579 1 3470,	
NL-2130AA 1 579 1 3469,	
31 2 579 2 3466,3532,	
Postbus 1 579 1 3465,	
bv 1 579 1 3462,	
ApS 1 579 1 3460,	
Nederland 1 579 1 3457,	
Danmark 2 579 2 3456,3459,	
Id-Danimarka 1 579 1 3455,	
244 1 579 1 3454,	
044 1 579 1 3453,	
239 1 579 1 3452,	
+420 1 579 1 3451,	
Tel 11 579 11 3450,3478,3498,3516,3593,3617,3622,3647,3682,3716,3728,	
21 1 579 1 3445,	
142 1 579 1 3444,	
994 1 579 1 3441,	
Milano 1 579 1 3679,	
Novodvorská 1 579 1 3440,	
s 2 579 2 3436,3634,	
Malta 1 579 1 3434,	
republika 2 579 2 3433,3631,	
Ceská 1 579 1 3432,	
77 4 579 4 3429,3475,3656,3702,	
46 4 579 4 3428,3474,3655,3701,	
45 4 579 4 3427,3473,3654,3700,	
Te 1 579 1 3425,	
Budapest 1 579 1 3424,	
H-1146 1 579 1 3423,	
Roskilde 6 579 6 3422,3449,3468,3554,3642,3697,	
DK-4000 6 579 6 3421,3448,3467,3553,3641,3696,	
17 1 579 1 3420,	
út 1 579 1 3419,	
Hermina 1 579 1 3418,	
Kft 1 579 1 3415,	
Pharma 3 579 3 3414,3488,3542,	
Magyarország 1 579 1 3411,	
Belgique/Belgien 1 579 1 3410,	
464 1 579 1 3407,	
32 1 579 1 3405,	
+ 14 579 14 3404,3426,3472,3502,3534,3556,3586,3594,3623,3648,3653,3687,3699,3717,	
Tél/Tel 1 579 1 3403,	
020656-RO 1 579 1 3584,	
Brussels 2 579 2 3400,3402,	
B-1080 2 579 2 3399,3401,	
Gentsesteenweg 2 579 2 3393,3398,	
615 2 579 2 3392,3397,	
Gand 2 579 2 3391,3396,	
Chaussée 2 579 2 3389,3394,	
Belgium 2 579 2 3386,3388,	
Luxembourg/Luxemburg 1 579 1 3384,	
België/Belgique/Belgien 1 579 1 3383,	
titular 1 579 1 3377,	
dirigiéndose 1 579 1 3372,	
Ísland 1 579 1 3629,	
respecto 1 579 1 3368,	
fabricante 1 579 1 3353,	
32A 1 579 1 3577,	
autorización 2 579 2 3349,3380,	
países 1 579 1 3345,	
disponibles 1 579 1 3338,	
estén 2 579 2 3337,4018,	
Es 1 579 1 3333,	
3cm 2 579 2 3320,3329,	
disponible 1 579 1 3280,	
Aspecto 1 579 1 3252,	
e 1 579 1 3248,	
IU 1 579 1 3229,	
cm2) 2 579 2 3223,3232,	
5mg 1 579 1 3221,	
(5 1 579 1 3220,	
	"¿Que 1 579 1 3211,	
ADICIONAL 1 579 1 3210,	
almacenar 1 579 1 3205,	
requerirá 1 579 1 3204,	
comuníqueselo 1 579 1 3195,	
mencionados 1 579 1 3179,	
nota 1 579 1 3175,	
Usted 1 579 1 3165,	
podrían 1 579 1 3156,	
reiteradamente 1 579 1 3140,	
provocar 1 579 1 3111,	
basados 1 579 1 3105,	
Todos 1 579 1 3102,	
fabrica 1 579 1 3095,	
	Al 1 579 1 3075,	
ADVERSOS 1 579 1 3074,	
EFECTOS 1 579 1 3073,	
POSIBLES 1 579 1 3072,	
desaparecerá 1 579 1 3068,	
disolverá 1 579 1 3066,	
Seguidamente 1 579 1 3062,	
detener 1 579 1 3059,	
colocará 1 579 1 3052,	
50 1 579 1 3592,	
administrará 1 579 1 3045,	
tratando 1 579 1 3043,	
le 2 579 2 3041,3044,	
(2 1 579 1 3227,	
	El 1 579 1 3038,	
CÓMO 1 579 1 3035,	
registro 1 579 1 3029,	
mantener 2 579 2 3027,4060,	
finalidad 1 579 1 3025,	
recibir 1 579 1 3007,	
(como 1 579 1 2994,	
determinados 1 579 1 2990,	
padezcan 1 579 1 2989,	
esté 2 579 2 2985,3042,	
cuyo 1 579 1 2982,	
(VHC) 1 579 1 2938,	
hepatitis 3 579 3 2929,2936,2948,	
(VIH) 1 579 1 2925,	
tipos 2 579 2 2905,2991,	
inactivar 1 579 1 2854,	
procesamiento 1 579 1 2845,	
asimismo 1 579 1 2841,	
incluyen 1 579 1 2840,	
fabricantes 1 579 1 2834,	
indicios 1 579 1 2828,	
posibles 1 579 1 2827,	
donación 1 579 1 2818,	
pruebas 1 579 1 2815,	
realización 1 579 1 2813,	
+370 1 579 1 3729,	
portadores 1 579 1 2807,	
puedan 2 579 2 2805,2853,	
exclusión 1 579 1 2800,	
garantizar 1 579 1 2798,	
cuidadosa 1 579 1 2786,	
están 1 579 1 2783,	
dichas 1 579 1 2781,	
adoptan 1 579 1 2768,	
fabrican 1 579 1 2756,	
importante 2 579 2 2746,3773,	
receta 1 579 1 2744,	
adquiridos 1 579 1 2742,	
recientemente 1 579 1 2736,	
Informe 1 579 1 2726,	
Uso 1 579 1 2721,	
(hipersensible) 1 579 1 2704,	
r 3 579 3 3437,3635,3664,	
use 1 579 1 2699,	
USAR 2 579 2 2696,3036,	
ANTES 1 579 1 2694,	
internos 1 579 1 2692,	
órganos 1 579 1 2691,	
(hemostasia) 1 579 1 2689,	
parar 1 579 1 2685,	
desaparece 1 579 1 2670,	
disuelve 2 579 2 2665,4124,	
local) 1 579 1 2657,	
(hemostasia 1 579 1 2656,	
coagula 1 579 1 2655,	
adhiere 1 579 1 2646,	
significa 1 579 1 2641,	
forman 1 579 1 2635,	
activan 1 579 1 2633,	
salina) 1 579 1 2626,	
fluido 1 579 1 2618,	
entra 1 579 1 2613,	
amarilla 3 579 3 2586,2600,3269,	
TachoSil? 3 579 3 2583,2677,3213,	
actúa 1 579 1 2582,	
	¿Cómo 1 579 1 2581,	
UTILIZA 1 579 1 2580,	
SE 1 579 1 2579,	
QUÉ 2 579 2 2573,2578,	
adicional 1 579 1 2571,	
Conservación 2 579 2 2566,4167,	
Posibles 1 579 1 2562,	
Qué 1 579 1 2544,	
informe 1 579 1 2536,	
descritos 2 579 2 2532,3191,	
adversos 5 579 5 2531,2564,3085,3177,3190,	
efectos 5 579 5 2530,2563,3084,3176,3189,	
sufre 2 579 2 2526,3185,	
mencionado 1 579 1 2520,	
adverso 1 579 1 2518,	
aprecia 1 579 1 2515,	
médico 6 579 6 2512,2539,2729,3039,3051,3198,	
duda 1 579 1 2508,	
- 4 579 4 2504,2513,3231,3233,	
leerlo 1 579 1 2503,	
Puede 2 579 2 2498,3364,	
Conserve 1 579 1 2495,	
representante 1 579 1 3374,	
detenidamente 1 579 1 2494,	
Lea 2 579 2 2490,3755,	
	B 1 579 1 2484,	
Titular 1 579 1 3346,	
UNIDADES 1 579 1 2452,	
VOLUMEN 1 579 1 2449,	
PESO 1 579 1 2448,	
	Leer 1 579 1 2428,	
secundario) 1 579 1 2409,	
figura 1 579 1 4187,	
ALUMINIO 1 579 1 2407,	
(ininterrumpidas) 1 579 1 3943,	
BOLSA 1 579 1 2405,	
ETIQUETA 1 579 1 2402,	
PRIMARIOS 1 579 1 2401,	
ACONDICIONAMIENTOS 1 579 1 2400,	
PEQUEÑOS 1 579 1 2399,	
INCLUIRSE 1 579 1 2397,	
OTROS 2 579 2 2392,2483,	
	Lote 2 579 2 2390,2444,	
	NYCOMED 1 579 1 2379,	
	TachoSil 1 579 1 2369,	
primario) 1 579 1 2364,	
TIRAS 1 579 1 2362,	
Langebjerg 6 579 6 3416,3442,3463,3549,3637,3694,	
tomando 1 579 1 2732,	
BLÍSTERS 1 579 1 2360,	
INCLUIR 1 579 1 2358,	
MÍNIMA 2 579 2 2356,2394,	
BRAILLE 1 579 1 2354,	
16 3 579 3 2351,2883,3725,	
INSTRUCCIONES 2 579 2 2348,3752,	
15 2 579 2 2347,2486,	
GENERALES 1 579 1 2339,	
Lote 1 579 1 2336,	
LOTE 3 579 3 2335,2389,2443,	
13 1 579 1 2332,	
EU/1/04/277/004 1 579 1 2323,	
solicitar 1 579 1 3365,	
0cm 2 579 2 2319,2328,	
EU/1/04/277/003 1 579 1 2314,	
EU/1/04/277/002 1 579 1 2305,	
8cm 6 579 6 2304,2310,2313,3304,3311,3314,	
5cm 6 579 6 2301,2322,2331,3301,3323,3332,	
EU/1/04/277/001 1 579 1 2296,	
NÚMERO(S) 1 579 1 2291,	
D-78467 1 579 1 3494,	
12 1 579 1 2290,	
NYCOMED 1 579 1 2280,	
acuerdo 1 579 1 2264,	
establecerá 1 579 1 2262,	
materiales 1 579 1 2258,	
utilizados 2 579 2 2254,3033,	
Cod 1 579 1 3583,	
CORRESPONDA) 1 579 1 2247,	
(CUANDO 1 579 1 2246,	
DICHO 1 579 1 2244,	
MATERIALES 1 579 1 2239,	
UTILIZADO 1 579 1 2235,	
NO 1 579 1 2234,	
ELIMINACIÓN 1 579 1 2231,	
PARA 2 579 2 2229,2577,	
PRECAUCIONES 1 579 1 2227,	
	No 3 579 3 2219,2698,3203,	
CONSERVACIÓN 2 579 2 2218,3200,	
ESPECIALES 2 579 2 2216,2228,	
11 11 579 11 2213,2269,3409,3430,3431,3476,3477,3657,3658,3703,3704,	
{MM/AAAA} 4 579 4 2212,2385,2439,3738,	
CADUCIDAD 3 579 3 2210,2383,2437,	
volver 2 579 2 2204,2501,	
NECESARIO 1 579 1 2193,	
ES 2 579 2 2192,2574,	
SI 1 579 1 2191,	
ESPECIAL(ES) 1 579 1 2190,	
ADVERTENCIA(S) 1 579 1 2189,	
OTRA(S) 1 579 1 2188,	
niños 2 579 2 2186,4205,	
vista 2 579 2 2183,4202,	
alcance 2 579 2 2179,4198,	
fuera 3 579 3 2177,4005,4196,	
	Mantener 1 579 1 2176,	
MANTENERSE 1 579 1 2175,	
ESPECIAL 1 579 1 2169,	
prospecto 8 579 8 2163,2430,2493,2497,2523,2542,3182,3734,	
C 1 579 1 2937,	
ADMINISTRACIÓN 3 579 3 2157,2417,2427,	
VÍA(S) 2 579 2 2155,2415,	
ENVASE 1 579 1 2110,	
hidrocloruro 2 579 2 2101,3249,	
citrato 2 579 2 2099,3246,	
(E101) 1 579 1 2096,	
riboflavina 2 579 2 2095,3242,	
albúmina 2 579 2 2093,3240,	
	Colágeno 1 579 1 2091,	
EXCIPIENTES 1 579 1 2090,	
Praha 1 579 1 3446,	
CARTÓN 1 579 1 2064,	
determinadas 1 579 1 2769,	
CAJA 1 579 1 2062,	
caducidad 1 579 1 4185,	
EXTERIOR 1 579 1 2061,	
EMBALAJE 1 579 1 2060,	
EL 2 579 2 2059,2172,	
FIGURAR 1 579 1 2057,	
QUE 3 579 3 2055,2171,2395,	
INFORMACIÓN 4 579 4 2054,2352,2355,3209,	
PROSPECTO 2 579 2 2049,2485,	
ETIQUETADO 2 579 2 2047,2052,	
III 1 579 1 2046,	
designado 1 579 1 2041,	
estatal 1 579 1 2038,	
laboratorio 1 579 1 2037,	
realizada 1 579 1 2034,	
2001/83/EC 1 579 1 2026,	
Directiva 1 579 1 2025,	
114 1 579 1 2022,	
artículo 1 579 1 2021,	
conformidad 1 579 1 2018,	
oficial 2 579 2 2013,2029,	
sanitario 1 579 1 3751,	
Liberación 1 579 1 2012,	
OTRAS 1 579 1 2010,	
EFICAZ 1 579 1 2004,	
UTILIZACIÓN 1 579 1 2001,	
Instrucciones 1 579 1 3836,	
CON 1 579 1 1999,	
RELACIÓN 1 579 1 1998,	
EN 7 579 7 1997,2058,2353,2359,2398,2447,2451,	
2) 1 579 1 1992,	
Características 1 579 1 1987,	
Resumen 1 579 1 1984,	
Anexo 1 579 1 1982,	
(Véase 1 579 1 1981,	
restringida 1 579 1 1980,	
sujeto 2 579 2 1976,2343,	
Medicamento 2 579 2 1975,2342,	
AL 1 579 1 1968,	
IMPUESTAS 1 579 1 1967,	
USO 3 579 3 1966,2350,3754,	
DISPENSACIÓN 2 579 2 1964,2341,	
RESTRICCIONES 2 579 2 1962,1996,	
· 6 579 6 1959,1993,2009,3774,3789,3803,	
Nycomed 26 579 26 1942,3354,3385,3387,3412,3413,3435,3439,3458,3461,3484,3487,3508,3521,3525,3541,3545,3565,3568,3598,3601,3632,3633,3661,3693,3708,	
lotes 4 579 4 1941,2016,2032,3032,	
liberación 2 579 2 1938,2028,	
responsables 1 579 1 1935,	
Alemania 1 579 1 1926,	
Marburg/Lahn 1 579 1 1925,	
D-35002 1 579 1 1924,	
1230 1 579 1 1923,	
humedecida 2 579 2 3975,4092,	
Box 2 579 2 1922,3676,	
O 7 579 7 1921,1961,1995,2236,2361,2450,3675,	
P 2 579 2 1920,3674,	
Behring 1 579 1 1918,	
CSL 1 579 1 1917,	
activo(s) 1 579 1 1916,	
principio(s) 1 579 1 1914,	
fabricante(s) 2 579 2 1910,1934,	
los) 3 579 3 1909,1913,1933,	
social 2 579 2 1906,1930,	
razón 2 579 2 1905,1929,	
Nombre 2 579 2 1903,1927,	
BIOLÓGICO(S) 1 579 1 1887,	
PRINCIPIO(S) 2 579 2 1886,2073,	
CONDICIONES 7 579 7 1875,1953,1960,1994,2011,2215,2338,	
B 3 579 3 1874,1952,2930,	
LOTES 2 579 2 1873,1902,	
LOS 3 579 3 1872,1901,2238,	
LIBERACIÓN 2 579 2 1870,1899,	
RESPONSABLE(S) 2 579 2 1867,1896,	
FABRICACIÓN 2 579 2 1866,1895,	
será 2 579 2 2033,3983,	
TITULAR(ES) 2 579 2 1861,1890,	
ACTIVO(S) 3 579 3 1859,1888,2074,	
BIOLÓGICO 1 579 1 1857,	
(S) 2 579 2 1856,1858,	
PRINCIPIO 1 579 1 1855,	
LOS) 2 579 2 1854,1885,	
(DE 2 579 2 1853,1884,	
FABRICANTE(S) 2 579 2 1851,1882,	
II 1 579 1 1849,	
Sujete 1 579 1 4036,	
TEXTO 1 579 1 1846,	
REVISIÓN 1 579 1 1844,	
10 3 579 3 1840,2053,2226,	
2004 1 579 1 1839,	
esterilizar 1 579 1 2206,	
06 2 579 2 1838,3408,	
08 1 579 1 1837,	
AUTORIZACIÓN/RENOVACIÓN 1 579 1 1833,	
PRIMERA 1 579 1 1832,	
FECHA 5 579 5 1829,1841,2208,2381,2435,	
	EU/1/04/277/001-004 1 579 1 1827,	
NÚMERO 4 579 4 1822,2333,2387,2441,	
Linz 4 579 4 1819,1950,2288,3362,	
A-4020 4 579 4 1818,1949,2287,3361,	
25 4 579 4 1817,1948,2286,3360,	
Strasse 4 579 4 1816,1947,2285,3359,	
Peter 4 579 4 1815,1946,2284,3358,	
GmbH 7 579 7 1813,1919,1944,2282,3356,3486,3602,	
Austria 8 579 8 1812,1820,1943,1951,2281,2289,3355,3363,	
	Nycomed 1 579 1 1811,	
COMERCIALIZACIÓN 8 579 8 1810,1826,1880,1958,1974,2279,2295,2378,	
AUTORIZACIÓN 11 579 11 1808,1824,1836,1864,1878,1893,1956,1972,2277,2293,2376,	
abra 2 579 2 3797,3810,	
LA 16 579 16 1807,1831,1835,1843,1863,1869,1877,1892,1898,1955,1971,2000,2230,2276,2375,2404,	
debilitado 1 579 1 2986,	
TITULAR 4 579 4 1805,1969,2274,2373,	
locales 2 579 2 1803,2268,	
requerimientos 1 579 1 1802,	
desecho 2 579 2 1796,2260,	
utilizado 1 579 1 1791,	
ajustar 1 579 1 1782,	
recortarse 1 579 1 1780,	
superponerse 2 579 2 1776,3901,	
deberán 2 579 2 1775,3900,	
éstas 2 579 2 1774,3899,	
utilizan 1 579 1 1769,	
bordes 2 579 2 1758,3883,	
ó 2 579 2 1753,3878,	
dejando 1 579 1 1748,	
cubra 1 579 1 1744,	
ligeramente 1 579 1 1723,	
cuidadosamente 1 579 1 3926,	
presionando 1 579 1 1721,	
prehumedecimiento 1 579 1 1720,	
intensa 1 579 1 1715,	
alternativa 1 579 1 1707,	
fórceps 2 579 2 1704,4113,	
extremos 1 579 1 1697,	
sitio 2 579 2 1692,4065,	
mantenerse 1 579 1 1689,	
suelte 1 579 1 1687,	
evitar 2 579 2 1682,2772,	
guante 3 579 3 1675,4053,4089,	
separarse 1 579 1 1673,	
sujetar 1 579 1 1667,	
previamente 3 579 3 1654,3958,3994,	
humedeciendo 1 579 1 1653,	
intervenirse 1 579 1 3945,	
evitarse 1 579 1 1652,	
cubiertos 2 579 2 1647,4019,	
quirúrgicos 4 579 4 1644,1659,3999,4016,	
instrumentos 4 579 4 1643,1656,3996,4013,	
afinidad 1 579 1 1632,	
fuerte 1 579 1 1631,	
Debido 1 579 1 1628,	
húmeda 2 579 2 1627,4058,	
compresa 4 579 4 1626,1678,4057,4091,	
	CAD 3 579 3 2211,2384,2438,	
humedecidos 1 579 1 1622,	
guantes 5 579 5 1621,1646,1658,3998,4015,	
ayuda 3 579 3 1618,1701,4110,	
fácilmente 1 579 1 1606,	
procedimiento 1 579 1 1600,	
minutos 3 579 3 1598,1735,4050,	
periodo 2 579 2 1593,1729,	
ligera 1 579 1 1589,	
ejerciendo 2 579 2 1587,4039,	
hemorragia 4 579 4 1583,1714,2687,3061,	
aplica 2 579 2 1577,1616,	
justo 1 579 1 1564,	
humedecerse 1 579 1 1555,	
extraer 1 579 1 1548,	
Después 2 579 2 1546,1665,	
desinfectantes 1 579 1 1542,	
zona 1 579 1 1534,	
limpiarse 1 579 1 1532,	
Antes 2 579 2 1527,2553,	
condiciones 4 579 4 1525,3794,3808,3843,	
utiliza 5 579 5 1523,2551,2676,2680,3139,	
recubrimiento 3 579 3 1518,3799,3822,	
abrir 4 579 4 1516,3760,3820,3831,	
estéril 6 579 6 1503,1520,1553,3814,3835,3952,	
esterilizado 2 579 2 1499,1509,	
entorno 2 579 2 1497,1508,	
abrirse 2 579 2 1494,1505,	
postesterilización 1 579 1 1487,	
embalaje 7 579 7 1482,1552,3762,3812,3833,3950,4194,	
abierto 2 579 2 1480,3783,	
intactos 2 579 2 1477,3778,	
Utilice 5 579 5 1474,3815,3826,3837,4051,	
consecuencia 1 579 1 1473,	
manipularse 1 579 1 1471,	
estériles 6 579 6 1468,1526,3768,3796,3809,3844,	
embalajes 4 579 4 1467,1476,3767,3777,	
listo 1 579 1 1462,	
manipulaciones 1 579 1 1458,	
envases 2 579 2 1449,3288,	
tamaños 2 579 2 1447,3283,	
comercialización 3 579 3 1443,3351,3382,	
Posible 1 579 1 1442,	
Envase 8 579 8 1395,1407,1419,1430,3295,3305,3315,3324,	
Presentaciones 2 579 2 1394,3276,	
separado 1 579 1 1393,	
prescripción 2 579 2 1978,2345,	
envasada 1 579 1 1391,	
Cada 1 579 1 1388,	
desecante 1 579 1 1383,	
incluye 1 579 1 1380,	
laca 1 579 1 1378,	
laminado 1 579 1 1376,	
poliestireno 1 579 1 1372,	
blister 2 579 2 1370,1501,	
interior 6 579 6 1365,1502,1519,3813,3834,3951,	
(VHB) 1 579 1 2931,	
papel 2 579 2 1360,1375,	
cloruro 2 579 2 2097,3244,	
formado 2 579 2 1355,1367,	
exterior 5 579 5 1354,1387,1490,3800,3823,	
doble 1 579 1 1351,	
envase 5 579 5 1350,1353,1364,1386,3258,	
presenta 4 579 4 1347,1461,3286,3765,	
Averigüe 1 579 1 3845,	
recipiente 1 579 1 1344,	
contenido 2 579 2 1342,3256,	
Naturaleza 1 579 1 1340,	
25ºC 3 579 3 1337,2225,4176,	
superior 3 579 3 1335,2223,4174,	
tee 1 579 1 3512,	
temperatura 3 579 3 1334,2222,4173,	
conservación 1 579 1 1330,	
utilizarse 2 579 2 1322,1512,	
aluminio 6 579 6 1320,1362,1492,2200,3802,3825,	
bolsa 5 579 5 1318,1358,1382,1489,2198,	
abierta 2 579 2 1316,2196,	
Una 3 579 3 1314,1478,2194,	
años 1 579 1 1313,	
validez 1 579 1 1311,	
Incompatibilidades 1 579 1 1304,	
L-arginina 3 579 3 1301,2103,3251,	
Hidrocloruro 1 579 1 1299,	
Citrato 1 579 1 1297,	
sódico 6 579 6 1296,1298,2098,2100,3245,3247,	
Cloruro 1 579 1 1295,	
(E-101) 2 579 2 1294,3243,	
Riboflavina 1 579 1 1293,	
Albúmina 1 579 1 1291,	
28 1 579 1 3570,	
equino 3 579 3 1290,2092,3239,	
Colágeno 1 579 1 1289,	
FARMACÉUTICOS 1 579 1 1283,	
agudo 1 579 1 1280,	
tóxico 1 579 1 1279,	
síntoma 1 579 1 1276,	
ningún 2 579 2 1275,4118,	
mostrado 1 579 1 1274,	
especies 1 579 1 1270,	
distintas 1 579 1 1269,	
monodosis 1 579 1 1267,	
toxicidad 1 579 1 1265,	
preclínicos 1 579 1 1259,	
irritación 1 579 1 1254,	
señales 1 579 1 1252,	
restos 1 579 1 1250,	
Vilnius 1 579 1 3727,	
quedaban 1 579 1 1248,	
después 5 579 5 1243,1514,3818,3829,3969,	
semanas 1 579 1 1242,	
24 2 579 2 1241,3614,	
Aproximadamente 1 579 1 1240,	
14 1 579 1 2337,	
DEARIVADOS 1 579 1 2242,	
Periodo 1 579 1 1309,	
reabsorbible 1 579 1 1239,	
granulación 1 579 1 1238,	
tejido 3 579 3 1236,2651,2660,	
degradado 1 579 1 1234,	
fagocitosis 1 579 1 1228,	
fibrinolisis 1 579 1 1226,	
proceso 1 579 1 1224,	
través 1 579 1 1221,	
endógena 1 579 1 1219,	
hayan 1 579 1 3782,	
metabolizó 1 579 1 1211,	
Cómo 1 579 1 2558,	
progresivo 1 579 1 1205,	
biodegradación 1 579 1 1202,	
DEBE 3 579 3 2056,2174,2396,	
mostró 1 579 1 1200,	
hombre 1 579 1 1194,	
farmacocinéticos 1 579 1 1191,	
localmente 1 579 1 1175,	
aplicarse 4 579 4 1174,1563,1717,1740,	
farmacocinéticas 1 579 1 1170,	
aire 1 579 1 1166,	
fuga 1 579 1 1164,	
superioridad 1 579 1 1157,	
documentar 1 579 1 1155,	
podido 1 579 1 1154,	
pulmonar 1 579 1 1151,	
tejidos 1 579 1 1148,	
investigar 1 579 1 1144,	
189) 1 579 1 1142,	
= 1 579 1 1141,	
(n 1 579 1 1140,	
controlado 1 579 1 1139,	
clínico 1 579 1 1138,	
cuidado 1 579 1 1680,	
ensayo 1 579 1 1137,	
posterior 1 579 1 1136,	
Un 3 579 3 1135,1352,1363,	
superficial 1 579 1 1134,	
renal 1 579 1 1133,	
tumor 1 579 1 1132,	
hígado 1 579 1 1118,	
parcial 1 579 1 1116,	
resección 2 579 2 1115,1130,	
suave 1 579 1 4041,	
intervención 3 579 3 1113,1128,3049,	
sometieron 2 579 2 1110,1125,	
240 1 579 1 1106,	
sirve 1 579 1 1090,	
adhesivas 1 579 1 1085,	
buenas 1 579 1 1083,	
estable 1 579 1 1081,	
mecánicamente 1 579 1 1080,	
firme 1 579 1 1078,	
red 2 579 2 1077,2637,	
creándose 1 579 1 1075,	
XIII 1 579 1 1074,	
separación 2 579 2 1750,3875,	
endógeno 1 579 1 1073,	
""Nycomed"" 1 579 1 3722,	
factor 1 579 1 1072,	
cruzados 1 579 1 1069,	
eliminar 2 579 2 1799,2856,	
enlaces 1 579 1 1068,	
unida 1 579 1 1066,	
adherida 2 579 2 1056,4087,	
fuertemente 1 579 1 1055,	
mantiene 1 579 1 1050,	
coágulo 2 579 2 1046,1207,	
sólo 2 579 2 1172,1247,	
formar 1 579 1 1044,	
espontánea 1 579 1 1042,	
polimerizan 1 579 1 1039,	
monómeros 1 579 1 1034,	
convierte 1 579 1 1032,	
fisiológica 2 579 2 1025,1663,	
coagulación 1 579 1 1024,	
fase 1 579 1 1021,	
última 1 579 1 1020,	
reacción 1 579 1 1011,	
produce 1 579 1 1009,	
parcialmente 1 579 1 999,	
esparcen 1 579 1 998,	
disuelven 1 579 1 995,	
fisiológica) 1 579 1 988,	
salina 5 579 5 987,1561,1664,3962,4003,	
solución 6 579 6 986,1560,1662,2625,3961,4002,	
linfa 2 579 2 983,2622,	
fisiológicos 1 579 1 979,	
colágeno 6 579 6 973,1054,1232,1634,3238,3264,	
superficie 7 579 7 968,1002,1059,1580,1609,2649,3928,	
seca 1 579 1 965,	
Pirita 1 579 1 3511,	
capa 2 579 2 964,993,	
B02BC30 1 579 1 955,	
ATC 1 579 1 954,	
código 1 579 1 953,	
Hemostático 1 579 1 951,	
St 4 579 4 1814,1945,2283,3357,	
farmacoterapéutico 1 579 1 950,	
Grupo 1 579 1 949,	
farmacodinámicas 1 579 1 948,	
conservar 3 579 3 1332,2220,4171,	
Propiedades 2 579 2 947,1169,	
FARMACOLÓGICAS 1 579 1 944,	
PROPIEDADES 1 579 1 943,	
sobredosis 1 579 1 941,	
descrito 1 579 1 938,	
Sobredosis 1 579 1 934,	
consulte 2 579 2 927,2509,	
antivírica 1 579 1 926,	
componentes 6 579 6 915,990,2718,2751,3150,3236,	
anticuerpos 2 579 2 912,3158,	
crearse 1 579 1 911,	
¿Para 1 579 1 2673,	
excepcional 1 579 1 909,	
Investigaciones 1 579 1 906,	
fiebre 2 579 2 905,3168,	
aparecer 1 579 1 904,	
Frecuentemente 1 579 1 902,	
lugar 1 579 1 898,	
alteraciones 1 579 1 895,	
generales 1 579 1 893,	
Trastornos 1 579 1 892,	
vasculares 1 579 1 878,	
componente 2 579 2 874,4119,	
hipersensibles 1 579 1 871,	
repetida 1 579 1 867,	
particularmente 1 579 1 859,	
darse 1 579 1 858,	
Dichas 1 579 1 855,	
anafilácticos 2 579 2 854,3127,	
derivar 2 579 2 851,3124,	
aislados 2 579 2 846,3119,	
selladores 2 579 2 841,918,	
tratados 1 579 1 839,	
alérgicas 5 579 5 836,849,3113,3122,3130,	
excepcionales 3 579 3 830,3116,3155,	
inmunitario 2 579 2 827,2984,	
Afecciones 2 579 2 824,877,	
sistema 3 579 3 823,826,2983,	
órgano 2 579 2 821,3057,	
clase 1 579 1 819,	
podrá 1 579 1 3166,	
enumeran 1 579 1 813,	
continuación 3 579 3 811,1007,1566,	
adversas 2 579 2 809,816,	
Reacciones 1 579 1 808,	
cuerpo 1 579 1 2668,	
procede 3 579 3 805,1306,2008,	
máquinas 1 579 1 803,	
capacidad 1 579 1 798,	
Efectos 1 579 1 795,	
necesidad 1 579 1 792,	
clara 1 579 1 791,	
02 2 579 2 3644,3684,	
exista 1 579 1 789,	
período 2 579 2 784,4045,	
administrarse 1 579 1 778,	
tomado 1 579 1 2735,	
consiguiente 2 579 2 775,1185,	
(acondicionamiento 2 579 2 2363,2408,	
Por 3 579 3 774,1184,2075,	
postnatal 1 579 1 773,	
perinatal 1 579 1 771,	
gestación 1 579 1 767,	
curso 1 579 1 764,	
feto 1 579 1 762,	
embrión 1 579 1 759,	
desarrollo 2 579 2 757,770,	
reproducción 1 579 1 755,	
concierne 1 579 1 752,	
España 1 579 1 3539,	
evaluar 1 579 1 746,	
son 3 579 3 743,3217,3237,	
drepanocítica 1 579 1 2997,	
animales 3 579 3 742,1198,1271,	
experimentales 1 579 1 740,	
Los 5 579 5 738,1262,2833,3214,3234,	
566 1 579 1 3480,	
embarazo 1 579 1 732,	
seguridad 4 579 4 724,748,925,1261,	
controlados 1 579 1 722,	
establecido 1 579 1 718,	
lactancia 3 579 3 714,736,786,	
Embarazo 1 579 1 712,	
aplicar 1 579 1 707,	
posible 5 579 5 704,1178,1485,3334,3786,	
medida 2 579 2 703,1162,	
mayor 1 579 1 702,	
sustancias 1 579 1 699,	
eliminarse 1 579 1 697,	
Debe 1 579 1 696,	
antisépticas) 1 579 1 695,	
pesados 1 579 1 691,	
metales 1 579 1 690,	
yodo 1 579 1 688,	
alcohol 1 579 1 687,	
contengan 1 579 1 686,	
contacto 3 579 3 682,975,2615,	
entrar 1 579 1 680,	
degradarse 1 579 1 678,	
Puh/Tel 1 579 1 3686,	
base 1 579 1 672,	
soluciones 3 579 3 670,684,694,	
Dinamarca 1 579 1 3562,	
semejantes 1 579 1 667,	
similar 1 579 1 663,	
manera 6 579 6 662,908,1041,1215,1706,1742,	
2051 1 579 1 3603,	
transmitan 1 579 1 2775,	
De 3 579 3 661,907,1705,	
farmacológicas 1 579 1 660,	
interacciones 1 579 1 659,	
formales 1 579 1 657,	
estudios 6 579 6 656,739,1096,1190,1196,1263,	
realizado 3 579 3 655,1095,1189,	
ADVERTENCIA 1 579 1 2168,	
interacción 1 579 1 651,	
Producto 1 579 1 1989,	
formas 1 579 1 649,	
Interacción 1 579 1 642,	
Información 2 579 2 2570,2745,	
relación 2 579 2 633,4160,	
establecer 2 579 2 631,4158,	
lote 5 579 5 624,639,3020,4151,4166,	
nombre 3 579 3 619,3015,4146,	
registre 3 579 3 617,3010,4144,	
administre 2 579 2 611,4138,	
vez 6 579 6 608,1315,1479,2195,4135,4180,	
encarecidamente 3 579 3 605,3004,4132,	
Se 5 579 5 603,1093,1379,3002,4130,	
5000 1 579 1 3691,	
hemolítica) 2 579 2 602,3001,	
anemia 4 579 4 601,2993,2996,3000,	
(por 4 579 4 599,692,980,2619,	
eritropoyesis 1 579 1 598,	
aumento 1 579 1 595,	
inmunodeficiencia 2 579 2 593,2923,	
personas 4 579 4 591,2803,2981,3090,	
fetal) 2 579 2 588,2978,	
	INFORMACIÓN 1 579 1 2393,	
(infección 2 579 2 587,2977,	
embarazadas 3 579 3 586,781,2976,	
queda 3 579 3 1065,2661,4086,	
mujeres 3 579 3 585,780,2975,	
grave 4 579 4 583,2535,2973,3194,	
infección 3 579 3 577,2889,2967,	
B19 4 579 4 575,580,2965,2970,	
Hellas 1 579 1 3522,	
parvovirus 4 579 4 574,579,2964,2969,	
Estas 2 579 2 561,2951,	
VHA 1 579 1 560,	
así 3 579 3 553,2810,2939,	
VHC 1 579 1 552,	
VHB 1 579 1 549,	
VIH 1 579 1 547,	
envoltura 6 579 6 544,559,571,2917,2945,2961,	
efectivas 2 579 2 540,2913,	
consideran 2 579 2 539,2912,	
adoptadas 2 579 2 537,2910,	
Humedézcala 1 579 1 3957,	
patógenos 1 579 1 534,	
aparición 2 579 2 530,2900,	
reciente 2 579 2 529,2899,	
desconocidos 2 579 2 526,2896,	
aplicable 2 579 2 523,2893,	
Esto 4 579 4 520,1650,2640,2890,	
infecciosos 1 579 1 519,	
agentes 1 579 1 518,	
transmisión 2 579 2 516,2886,	
posibilidad 2 579 2 514,2884,	
excluir 2 579 2 510,2879,	
administrar 2 579 2 496,2865,	
pesar 2 579 2 491,2860,	
A 11 579 11 490,810,1006,1850,1881,2051,2357,2859,2949,3524,3544,	
virus 12 579 12 489,525,542,557,569,2830,2858,2895,2915,2920,2943,2959,	
eliminación 3 579 3 487,1455,2249,	
adherirse 1 579 1 1640,	
inactivación 1 579 1 485,	
efectivos 1 579 1 482,	
fabricación 1 579 1 481,	
pasos 2 579 2 479,2842,	
inclusión 1 579 1 477,	
marcadores 1 579 1 471,	
detectar 2 579 2 470,2826,	
médica 2 579 2 1979,2346,	
reservas 2 579 2 463,2822,	
(VHA) 1 579 1 2950,	
donaciones 1 579 1 458,	
examen 1 579 1 455,	
donantes 2 579 2 453,2789,	
selección 2 579 2 450,2785,	
encuentran 1 579 1 448,	
plasma 8 579 8 445,465,505,2765,2793,2824,2851,2874,	
sangre 17 579 17 443,503,982,1028,1541,1637,1649,2621,2653,2762,2791,2848,2872,3100,3108,3978,4021,	
partir 5 579 5 441,501,2759,2870,3097,	
preparados 1 579 1 439,	
medicamentos 8 579 8 438,646,2725,2739,2757,3080,3104,4209,	
derivadas 1 579 1 434,	
infecciones 6 579 6 433,474,2776,2809,2832,2907,	
prevenir 1 579 1 432,	
medidas 9 579 9 429,494,536,562,2770,2782,2863,2909,2952,	
Entre 2 579 2 427,2780,	
shocks 3 579 3 426,853,3126,	
vigentes 1 579 1 421,	
médicos 2 579 2 420,3746,	
hospital 1 579 1 3013,	
durante 6 579 6 730,1591,1727,2681,3047,4043,	
estándares 1 579 1 419,	
observarse 1 579 1 417,	
deben 2 579 2 416,3944,	
shock 1 579 1 415,	
inmediatamente 6 579 6 411,1324,1513,2202,3828,3968,	
NOMBRE 2 579 2 2270,2371,	
interrumpirse 1 579 1 408,	
Si 6 579 6 403,1767,2505,2514,3174,3892,	
conducir 1 579 1 800,	
anafilaxia 1 579 1 402,	
hipotensión 1 579 1 400,	
dificultosa 1 579 1 399,	
respiración 1 579 1 398,	
pecho 1 579 1 397,	
dichos 1 579 1 405,	
presión 4 579 4 394,1590,1614,4042,	
generalizada 1 579 1 393,	
urticaria 1 579 1 392,	
picores 1 579 1 391,	
síntomas 2 579 2 390,406,	
inicia 1 579 1 1018,	
siguientes 1 579 1 389,	
presentarse 1 579 1 386,	
Las 5 579 5 381,535,2908,3128,3940,	
permite 1 579 1 1601,	
alérgico 3 579 3 380,2703,3145,	
tipo 2 579 2 379,2837,	
hipersensibilidad 3 579 3 377,384,833,	
reacciones 9 579 9 375,382,815,835,848,856,3112,3121,3129,	
proteínicos 1 579 1 372,	
productos 4 579 4 371,666,2252,2839,	
igual 2 579 2 367,3076,	
Al 2 579 2 366,974,	
involuntariamente 2 579 2 362,888,	
aparecen 1 579 1 404,	
administra 3 579 3 361,864,887,	
preparado 5 579 5 359,499,862,885,2868,	
vida 1 579 1 356,	
riesgo 1 579 1 353,	
tromboembólicas 2 579 2 351,882,	
complicaciones 2 579 2 350,881,	
producirse 6 579 6 349,374,832,880,3133,3157,	
Pueden 2 579 2 348,879,	
gastrointestinales 1 579 1 347,	
anastomosis 1 579 1 346,	
vascular 1 579 1 343,	
Cuando 2 579 2 2610,2754,	
neurocirugía 1 579 1 340,	
anteriores 1 579 1 3131,	
producto 9 579 9 338,626,876,1789,3022,3207,3254,3278,4153,	
específicos 2 579 2 332,472,	
Leer 1 579 1 2161,	
datos 1 579 1 331,	
obtenido 1 579 1 330,	
intravascular 4 579 4 326,365,891,1183,	
Abra 1 579 1 3948,	
fibrina 8 579 8 843,920,1036,1048,1064,1209,1218,2639,	
utilizar 6 579 6 323,802,2166,2201,2433,3775,	
No 14 579 14 322,327,652,715,804,935,1176,1305,1331,2007,2203,4114,4170,4177,	
DESECHO 1 579 1 2241,	
especiales 3 579 3 312,1328,1453,	
precauciones 1 579 1 311,	
Advertencias 1 579 1 309,	
activos 4 579 4 299,2594,3162,3216,	
adhiera 1 579 1 1605,	
principios 4 579 4 298,2593,3161,3215,	
Hipersensibilidad 1 579 1 295,	
material 1 579 1 1794,	
Contraindicaciones 1 579 1 294,	
detalladas 1 579 1 291,	
instrucciones 1 579 1 289,	
Consulte 1 579 1 282,	
local 8 579 8 281,321,952,1255,2160,2423,2688,3375,	
CONTENIDO 2 579 2 2108,2446,	
únicamente 7 579 7 278,318,787,1475,3744,3776,3841,	
Este 4 579 4 275,315,1599,3733,	
vía 5 579 5 272,325,364,890,1182,	
Lista 1 579 1 1286,	
Método 1 579 1 270,	
cm) 1 579 1 269,	
o 45 579 45 262,300,444,486,504,527,594,689,760,782,834,868,984,1623,1645,1676,1771,1792,2039,2255,2524,2623,2712,2733,2763,2831,2849,2855,2873,2897,2901,2987,2998,3141,3183,3438,3528,3529,3636,3747,3896,3997,4014,4055,4090,	
recomienda 4 579 4 246,604,3003,4131,	
invasiva 1 579 1 244,	
minimamente 1 579 1 243,	
ejemplo 9 579 9 240,600,693,981,1539,1699,1709,2620,4108,	
185 1 579 1 1121,	
menor 2 579 2 237,252,	
propiedades 1 579 1 1084,	
heridas 2 579 2 235,3906,	
caso 4 579 4 233,413,1711,3904,	
DIRECCIÓN 1 579 1 2272,	
7 4 579 4 229,794,1804,2187,	
total 3 579 3 227,1104,3291,	
aplicado 1 579 1 225,	
casos 7 579 7 219,829,845,939,3115,3118,3154,	
informado 1 579 1 217,	
cm); 1 579 1 214,	
8 15 579 15 213,256,260,807,1405,1413,1417,1821,2121,2127,2131,2207,2461,2467,2471,	
Precauciones 2 579 2 1327,1452,	
cm 28 579 28 210,257,261,265,1402,1406,1414,1418,1425,1429,1436,1440,1755,2118,2122,2128,2132,2137,2141,2146,2150,2458,2462,2468,2472,2477,2481,3880,	
9 10 579 10 208,933,1400,1828,2050,2116,2214,2300,2456,3300,	
(de 5 579 5 207,254,1908,1912,1932,	
habitualmente 1 579 1 201,	
han 7 579 7 199,329,654,937,1094,1188,1273,	
individuales 2 579 2 198,459,	
carácter 1 579 1 1204,	
dosis 1 579 1 197,	
clínicos 3 579 3 195,721,1097,	
ensayos 2 579 2 194,720,	
En 10 579 10 193,231,412,828,844,1195,2540,3117,3153,3902,	
Tél 1 579 1 3585,	
responsable 1 579 1 192,	
dicha 1 579 1 992,	
cirujano 1 579 1 191,	
criterio 1 579 1 189,	
según 3 579 3 187,817,1800,	
adaptarse 1 579 1 183,	
aplicación 3 579 3 179,1246,1530,	
completo 4 579 4 512,2672,2881,3070,	
herida 17 579 17 177,1005,1062,1537,1612,1671,1726,1747,1761,3863,3872,3886,3931,3967,3972,4035,4101,	
Datos 1 579 1 1258,	
tamaño 8 579 8 174,238,253,1784,3847,3854,3860,3915,	
diferentes 1 579 1 3282,	
determinado 1 579 1 171,	
rue 1 579 1 3571,	
sellador 1 579 1 1092,	
vendrá 1 579 1 170,	
paciente 6 579 6 168,186,615,636,4142,4163,	
clínicas 1 579 1 166,	
necesidades 1 579 1 165,	
función 1 579 1 162,	
establecerse 1 579 1 159,	
debe 15 579 15 158,182,407,777,1173,1321,1470,1504,1511,1531,1554,1672,1739,1798,3868,	
utilice 1 579 1 157,	
esponjas 15 579 15 153,206,230,250,1410,1433,1773,2124,2143,2307,2325,3294,3308,3327,3898,	
número 4 579 4 151,622,3018,4149,	
pediátricos 1 579 1 149,	
pacientes 6 579 6 148,838,870,1107,1122,2779,	
documentado 1 579 1 146,	
suficientemente 1 579 1 145,	
Su 1 579 1 141,	
experiencia 1 579 1 140,	
cirujanos 1 579 1 138,	
limitado 3 579 3 135,567,2957,	
El 9 579 9 130,150,1029,1206,1500,1788,3050,3277,3853,	
efecto 5 579 5 566,1278,2044,2517,2956,	
x 22 579 22 211,258,266,1403,1415,1426,1437,2119,2129,2138,2147,2302,2311,2320,2329,2459,2469,2478,3302,3312,3321,3330,	
administración 6 579 6 128,274,410,901,1180,3171,	
forma 7 579 7 126,866,962,1787,2534,3193,3919,	
Posología 2 579 2 124,129,	
1) 1 579 1 121,	
apartado 1 579 1 119,	
Tachosil 1 579 1 2418,	
(ver 1 579 1 118,	
insuficientes 2 579 2 117,744,	
demuestran 2 579 2 115,1099,	
estándar 3 579 3 114,430,1161,	
técnicas 1 579 1 113,	
hemostasia 2 579 2 110,1101,	
sido 1 579 1 200,	
mejorar 1 579 1 108,	
cirugía 5 579 5 106,242,342,1150,2683,	
apoyo 1 579 1 104,	
tratamiento 3 579 3 102,424,1160,	
indicado 2 579 2 100,4070,	
terapéuticas 1 579 1 97,	
Indicaciones 1 579 1 96,	
	4 1 579 1 94,	
CLÍNICOS 1 579 1 93,	
DATOS 2 579 2 92,1282,	
fluidos 3 579 3 978,1545,3981,	
4 41 579 41 91,122,212,255,259,292,307,308,640,710,793,806,930,931,932,1326,1404,1412,1416,1991,2104,2120,2126,2130,2303,2309,2312,2386,2440,2460,2466,2470,2561,3071,3303,3310,3313,3447,3491,3673,4022,	
amarillo 3 579 3 90,1572,4029,	
2060 1 579 1 3650,	
trombina 9 579 9 86,674,960,1016,2597,2631,2710,3225,3274,	
fibrinógeno 9 579 9 84,958,1013,1030,2595,2628,2706,3218,3271,	
sujeta 1 579 1 1586,	
recubierta 2 579 2 82,3265,	
sellado 3 579 3 1146,1373,2662,	
está 9 579 9 81,99,134,144,1390,2731,3279,3742,3973,	
activa 4 579 4 76,1569,2609,4026,	
cara 7 579 7 75,1568,2585,2599,2608,3268,4025,	
(esterilizado) 1 579 1 1366,	
La 14 579 14 74,178,576,1063,1229,1488,1567,1613,1736,1777,2248,2584,2598,2966,	
hueso 1 579 1 73,	
presentaciones 1 579 1 3341,	
color 4 579 4 72,89,1571,4028,	
esponja 49 579 49 70,79,676,709,971,1052,1230,1389,1398,1422,1557,1575,1685,1737,1766,1778,2070,2114,2134,2298,2316,2419,2454,2464,2474,2488,2589,2603,2612,2644,3054,3064,3262,3298,3318,3839,3849,3857,3867,3891,3913,3936,3956,3987,4032,4038,4062,4084,4127,	
	Esponja 2 579 2 65,2111,	
FARMACÉUTICA 3 579 3 64,2106,2153,	
FORMA 4 579 4 63,2105,2152,2425,	
3 23 579 23 62,205,264,293,1257,1308,1312,1424,1435,1595,1732,2087,2136,2145,2318,2327,2380,2434,2476,2557,3034,3992,4047,	
6 18 579 18 60,285,286,711,1281,1284,1302,1307,1325,1338,1450,1451,1847,2167,2482,2569,3208,3712,	
sección 4 579 4 59,284,929,1990,	
ver 2 579 2 58,288,	
excipientes 3 579 3 57,305,1288,	
destinada 1 579 1 3743,	
completa 1 579 1 55,	
lista 1 579 1 54,	
Para 6 579 6 52,921,1681,2158,2421,4079,	
UI 2 579 2 51,2086,	
0 3 579 3 50,2085,3228,	
humana 12 579 12 48,737,1292,2083,2094,2711,2924,3101,3109,3226,3241,3275,	
u 1 579 1 668,	
Trombina 2 579 2 47,2082,	
Via 1 579 1 3670,	
mg 2 579 2 46,2081,	
5 37 579 37 44,45,120,209,268,641,942,945,1167,1256,1339,1401,1428,1432,1439,1441,1597,1734,2079,2080,2117,2140,2142,2149,2151,2324,2391,2445,2457,2480,2565,3199,3293,3326,4049,4066,4073,	
humano 9 579 9 43,446,506,2078,2707,2766,2875,3219,3272,	
Fibrinógeno 2 579 2 42,2077,	
cm2 2 579 2 41,2076,	
contiene 4 579 4 39,957,2591,3212,	
TachoSil 49 579 49 38,67,98,133,154,181,612,726,776,956,1171,1199,1323,1345,1459,1510,1521,1549,1603,1638,1668,1718,1738,2487,2546,2556,2560,2568,2590,2663,2678,2700,2720,2753,3008,3046,3081,3093,3137,3164,3173,3259,3763,3816,3827,3840,4007,4139,4169,	
cuantitativa 1 579 1 37,	
exigencias 1 579 1 2267,	
biológico(s) 1 579 1 1915,	
cualitativa 1 579 1 35,	
	Composición 1 579 1 34,	
CUANTITATIVA 1 579 1 33,	
Y 11 579 11 32,1860,1889,1965,2003,2048,2107,2154,2271,2414,2576,	
CUALITATIVA 1 579 1 31,	
COMPOSICIÓN 1 579 1 30,	
2 32 579 32 29,49,123,267,306,1168,1303,1409,1427,1438,1754,2072,2084,2123,2139,2148,2306,2321,2330,2370,2424,2479,2552,2693,3307,3322,3331,3406,3579,3612,3879,3947,	
medicamentosa 6 579 6 28,66,2071,2112,2420,2489,	
Esponja 1 579 1 27,	
	Tachosil 2 579 2 26,2069,	
MEDICAMENTO 6 579 6 25,2006,2068,2173,2368,2413,	
DENOMINACIÓN 4 579 4 23,2066,2366,2411,	
LISTA 1 579 1 2088,	
SEGURA 1 579 1 2002,	
PRODUCTO 3 579 3 21,2233,2245,	
DEL 13 579 13 20,24,1845,1852,1883,2005,2067,2109,2232,2273,2367,2372,2412,	
CARACTERÍSTICAS 1 579 1 19,	
LAS 1 579 1 18,	
DE 52 579 52 17,1806,1809,1823,1825,1830,1834,1842,1862,1865,1868,1871,1876,1879,1891,1894,1897,1900,1954,1957,1963,1970,1973,2063,2089,2156,2170,2209,2217,2237,2240,2243,2275,2278,2292,2294,2334,2340,2349,2374,2377,2382,2388,2403,2406,2416,2426,2436,2442,2695,3201,3753,	
RESUMEN 1 579 1 16,	
I 2 579 2 15,1983,	
ANEXO 3 579 3 14,1848,2045,	
información 4 579 4 11,922,3367,3741,	
Toda 1 579 1 9,	
91 1 579 1 3558,	
medicamento 8 579 8 8,13,276,316,498,2867,3152,3371,	
sufran 1 579 1 3092,	
Basica 1 579 1 6,	
	Información 1 579 1 5,	
5CM 1 579 1 4,	
3X2 1 579 1 3,	
SIA 1 579 1 3710,	
ESPONJA 1 579 1 2,	
1 35 579 35 1,22,61,95,203,946,1285,1397,1421,1752,2065,2113,2133,2297,2315,2365,2410,2453,2463,2473,2543,2572,3297,3317,3417,3443,3464,3550,3588,3619,3625,3638,3695,3877,3924,	
TACHOSIL 5 579 5 0,2575,2697,3037,3202,	
