	Prospectos 1 652 1 5344,	
2008 1 652 1 5343,	
septiembre 1 652 1 5342,	
TEXTO 1 652 1 5341,	
REVISIÓN 1 652 1 5339,	
Julio 1 652 1 5332,	
AUTORIZACIÓN/RENOVACIÓN 1 652 1 5326,	
PRIMERA 1 652 1 5325,	
FECHA 2 652 2 5322,5336,	
671 1 652 1 5320,	
670 1 652 1 5312,	
669 1 652 1 5304,	
Registro 3 652 3 5302,5310,5318,	
Nº 3 652 3 5301,5309,5317,	
AUTORIZACION 1 652 1 5292,	
NUMERO(S) 1 652 1 5290,	
Reyes 1 652 1 5287,	
Sebastián 1 652 1 5284,	
San 1 652 1 5283,	
S 1 652 1 5281,	
Farma 1 652 1 5280,	
Wyeth 1 652 1 5279,	
COMERCIALIZACIÓN 2 652 2 5278,5294,	
AUTORIZACIÓN 2 652 2 5276,5329,	
LA 4 652 4 5275,5324,5328,5338,	
TITULAR 1 652 1 5273,	
local 1 652 1 5271,	
normativa 1 652 1 5270,	
contacto 1 652 1 5261,	
hayan 1 652 1 5258,	
materiales 1 652 1 5256,	
utilizado 1 652 1 5251,	
aplicable 1 652 1 5245,	
tamaños 1 652 1 5235,	
Puede 1 652 1 5229,	
PVC/PVdC/Aluminio 1 652 1 5202,	
envasados 1 652 1 5198,	
recipiente 1 652 1 5194,	
contenido 2 652 2 5192,5204,	
Naturaleza 1 652 1 5190,	
seco 1 652 1 5187,	
Conservar 1 652 1 5183,	
requiere 1 652 1 5178,	
conservación 2 652 2 5176,5182,	
Precauciones 2 652 2 5173,5240,	
Incompatibilidades 1 652 1 5160,	
marrón 1 652 1 5156,	
(E-172) 2 652 2 5152,5157,	
amarillo 1 652 1 5151,	
hierro 2 652 2 5150,5155,	
Oxido 2 652 2 5148,5153,	
Estearato 1 652 1 5146,	
gluten 1 652 1 5145,	
patata 1 652 1 5143,	
sódico 1 652 1 5141,	
almidón 1 652 1 5140,	
microcristalina 1 652 1 5137,	
Celulosa 1 652 1 5136,	
Lista 1 652 1 5133,	
	 1 652 1 5130,	
FARMACEUTICOS 1 652 1 5129,	
225 1 652 1 5115,	
humana 1 652 1 5113,	
expuestas 1 652 1 5085,	
mutagénicos 1 652 1 5072,	
carcinogénesis 1 652 1 5056,	
revelaron 1 652 1 5053,	
ratones 1 652 1 5051,	
45-90 1 652 1 5035,	
equivalen 1 652 1 5033,	
gama 1 652 1 5059,	
macho 2 652 2 5027,5081,	
336 1 652 1 5022,	
hembra 2 652 2 5020,5083,	
mg/kg 3 652 3 5017,5023,5030,	
405 1 652 1 5016,	
ratón 1 652 1 5013,	
DL50 1 652 1 5007,	
Datos 1 652 1 5002,	
inferior 1 652 1 4996,	
creatinina 1 652 1 4995,	
acusada 1 652 1 4988,	
variabilidad 1 652 1 4953,	
prolongó 1 652 1 4927,	
comparado 1 652 1 4909,	
mitad 1 652 1 4908,	
redujo 2 652 2 4904,4967,	
larga 1 652 1 4896,	
respectivamente) 1 652 1 4856,	
(con 1 652 1 4850,	
11) 1 652 1 4849,	
B 1 652 1 4846,	
Child-Pugh 2 652 2 4838,4845,	
21) 1 652 1 4830,	
intravenosa 1 652 1 4822,	
segundo 1 652 1 4815,	
compensada 1 652 1 4769,	
Insuficiencia 2 652 2 4761,4955,	
sustancias 1 652 1 4760,	
acumulación 1 652 1 4756,	
envejecimiento 1 652 1 4738,	
característica 1 652 1 4736,	
probablemente 1 652 1 4728,	
60 6 652 6 4711,5215,5227,5303,5311,5319,	
personas 2 652 2 4707,4990,	
modifican 1 652 1 4701,	
sexo 2 652 2 4692,4697,	
Edad 1 652 1 4690,	
formación 1 652 1 4687,	
alteran 1 652 1 4682,	
De 1 652 1 4676,	
(Cmáx) 1 652 1 4670,	
minutos) 1 652 1 4661,	
inalterada 1 652 1 4634,	
48 1 652 1 4628,	
curso 1 652 1 4626,	
orina 1 652 1 4623,	
recupera 1 652 1 4620,	
Aproximadamente 1 652 1 4611,	
principalmente 1 652 1 4607,	
metabolitos 2 652 2 4604,4642,	
Eliminación 1 652 1 4600,	
única 1 652 1 4780,	
27% 1 652 1 4595,	
fijan 1 652 1 4588,	
(n 3 652 3 4828,4840,4847,	
Unión 1 652 1 4581,	
proporcionales 1 652 1 4577,	
325 1 652 1 4556,	
61 1 652 1 4554,	
hígado 1 652 1 4522,	
parte 1 652 1 4519,	
gran 1 652 1 4518,	
metaboliza 1 652 1 4516,	
Metabolismo 1 652 1 4513,	
ng/ml 2 652 2 4512,4557,	
172 1 652 1 4511,	
oscila 1 652 1 4506,	
máximas 2 652 2 4495,4547,	
únicas 1 652 1 4483,	
Tras 1 652 1 4478,	
experimenta 1 652 1 4471,	
1%) 1 652 1 4469,	
"" 1 652 1 4467,	
(92 1 652 1 4465,	
Biodisponibilidad 1 652 1 4459,	
abuso 1 652 1 4451,	
primates 1 652 1 4444,	
discriminación 1 652 1 4440,	
estimulante 2 652 2 4430,4452,	
roedores 1 652 1 4426,	
produce 1 652 1 4421,	
cortes 1 652 1 4416,	
(NMDA) 1 652 1 4414,	
N-metil- 1 652 1 4412,	
(Madrid) 1 652 1 5288,	
(PCP) 1 652 1 4409,	
fenciclidina 1 652 1 4408,	
inhibidora 1 652 1 4387,	
posee 1 652 1 4384,	
sedantes 1 652 1 4379,	
relacionarse 1 652 1 4365,	
rata 1 652 1 4357,	
cerebro 2 652 2 4355,4418,	
histaminérgicos 1 652 1 4351,	
muscarínicos 1 652 1 4350,	
amplio 2 652 2 4473,4950,	
afinidad 2 652 2 4346,4401,	
prácticamente 2 652 2 4344,4399,	
carece 3 652 3 4343,4398,4427,	
conseguida 1 652 1 4318,	
Una 1 652 1 4316,	
12 1 652 1 4292,	
mantenimiento 1 652 1 4286,	
inmediata) 1 652 1 4266,	
liberación 2 652 2 4265,4422,	
toman 4 652 4 4239,4247,4307,4314,	
demostró 2 652 2 4228,4296,	
validez 1 652 1 5168,	
azar 2 652 2 4215,4281,	
asignados 2 652 2 4213,4279,	
abierto 2 652 2 4207,4273,	
fase 2 652 2 4203,4269,	
Retard 3 652 3 4200,4220,4241,	
respondido 2 652 2 4197,4259,	
Recurrencias 1 652 1 4183,	
/ 1 652 1 4182,	
Recaídas 1 652 1 4181,	
1998) 1 652 1 4178,	
2%) 1 652 1 4176,	
9% 1 652 1 4173,	
compararon 1 652 1 4167,	
TAD 1 652 1 4163,	
elevación 1 652 1 4160,	
tasa 3 652 3 4158,4230,4298,	
mg/día 3 652 3 4142,4147,5116,	
300 2 652 2 4141,4146,	
clínicamente 1 652 1 4133,	
estadística 1 652 1 4131,	
(TAD) 1 652 1 4129,	
supina 2 652 2 4128,4164,	
dependía 1 652 1 4117,	
744 1 652 1 4107,	
multivariante 1 652 1 4101,	
supervivencia 1 652 1 4100,	
mediante 1 652 1 4096,	
analizó 1 652 1 4086,	
confirmación 1 652 1 4081,	
necesitan 1 652 1 4080,	
mg/día) 1 652 1 4075,	
(la 2 652 2 4068,4262,	
adecuada 1 652 1 4067,	
seguida 1 652 1 4050,	
utiliza 1 652 1 4034,	
rápido 1 652 1 4026,	
hospitalizados 1 652 1 4016,	
respecto 2 652 2 4000,4874,	
equipotentes 1 652 1 3999,	
(dosis 1 652 1 3984,	
-adrenérgica 1 652 1 3978,	
reducen 1 652 1 3973,	
adrenérgicos 2 652 2 3966,4353,	
Carboximetil 1 652 1 5139,	
administran 1 652 1 3954,	
muestran 1 652 1 3945,	
dopamina 1 652 1 3940,	
débilmente 1 652 1 3936,	
opiáceos 1 652 1 4406,	
noradrenalina 2 652 2 3931,4424,	
potentes 1 652 1 3923,	
principal 2 652 2 3920,3997,	
central 2 652 2 3908,4436,	
neurotransmisora 1 652 1 3903,	
potenciación 1 652 1 3899,	
hombre 2 652 2 3894,5043,	
cree 1 652 1 3882,	
farmacodinámicas 1 652 1 3880,	
Propiedades 2 652 2 3879,4457,	
tetracíclicos 1 652 1 3871,	
aguda 1 652 1 3983,	
químicamente 1 652 1 3866,	
relacionado 2 652 2 3865,3896,	
nuevo 1 652 1 3861,	
estructuralmente 1 652 1 3860,	
N06AX16 1 652 1 3855,	
ATC 1 652 1 3854,	
Código 1 652 1 3853,	
promedio 3 652 3 4490,4524,4542,	
farmacoterapéutico 1 652 1 3850,	
Grupo 1 652 1 3849,	
	" 1 652 1 3848,	
FARMACOLOGICAS 1 652 1 3847,	
PROPIEDADES 1 652 1 3846,	
antídotos 1 652 1 3840,	
conocen 2 652 2 3839,5163,	
dudoso 1 652 1 3836,	
hemoperfusión 1 652 1 3830,	
20-30 1 652 1 4660,	
diálisis 1 652 1 3829,	
forzada 1 652 1 3828,	
diurésis 1 652 1 3827,	
limitar 1 652 1 3820,	
activado 1 652 1 3818,	
carbón 1 652 1 3817,	
sintomáticos 1 652 1 3813,	
ingestión 1 652 1 3809,	
indicado 1 652 1 3801,	
gástrico 1 652 1 3798,	
lavado 1 652 1 3797,	
aspiración 1 652 1 3795,	
exista 1 652 1 3792,	
vitales 1 652 1 3782,	
signos 1 652 1 3781,	
cardíaco 1 652 1 3778,	
sintomáticas; 1 652 1 3772,	
específicos 1 652 1 3841,	
soporte 1 652 1 3769,	
medidas 1 652 1 3767,	
" 2 652 2 3844,5126,	
coma) 1 652 1 3754,	
somnolencia 1 652 1 3752,	
(oscilando 1 652 1 3749,	
consciencia 1 652 1 3748,	
alteración 1 652 1 3744,	
bradicardia 1 652 1 3741,	
sinusal 1 652 1 3738,	
QRS) 1 652 1 3736,	
prolongación 1 652 1 3734,	
rama 1 652 1 3733,	
electrocardiográficas 1 652 1 3726,	
comunicaron 1 652 1 3706,	
post-comercialización 1 652 1 3704,	
Sobredosis 1 652 1 3700,	
dependencia 1 652 1 3695,	
origine 1 652 1 3694,	
disponibles 2 652 2 3689,3876,	
preclínicos 3 652 3 3688,3911,5003,	
interrumpir 1 652 1 3681,	
brusca) 1 652 1 3625,	
cutáneos 1 652 1 3596,	
gastrointestinal 1 652 1 3592,	
ginecológicas 1 652 1 3590,	
raramente 1 652 1 3586,	
Con 1 652 1 3575,	
presenta 1 652 1 3571,	
generó 1 652 1 4805,	
similar 3 652 3 3567,4678,4941,	
urinaria 1 652 1 3530,	
Retención 1 652 1 3529,	
urinarios 1 652 1 3515,	
renales 1 652 1 3513,	
menorragia 1 652 1 3511,	
(mujeres) 1 652 1 3510,	
anormal 1 652 1 3509,	
Orgasmo 1 652 1 3508,	
anorgasmia 1 652 1 3505,	
(varones) 1 652 1 3504,	
anormales 1 652 1 3503,	
Eyaculación/orgasmo 1 652 1 3502,	
reproductor 1 652 1 3500,	
aparato 1 652 1 3499,	
Glaucoma 1 652 1 3493,	
acúfenos 1 652 1 3490,	
gusto 1 652 1 3489,	
alterada 1 652 1 3487,	
Percepción 1 652 1 3486,	
visuales 1 652 1 3483,	
acomodación 1 652 1 3480,	
Stevens-Johnson 1 652 1 3473,	
multiforme 1 652 1 3470,	
alopecia 1 652 1 3466,	
11 1 652 1 4538,	
(erupción 1 652 1 3464,	
nocturnos) 1 652 1 3460,	
sudores 1 652 1 3459,	
Sudoración 1 652 1 3457,	
subcutáneo 1 652 1 3455,	
piel 1 652 1 3451,	
pulmonar 1 652 1 3446,	
Eosinofilia 1 652 1 3445,	
Bostezos 1 652 1 3442,	
mediastínicos 1 652 1 3440,	
torácicos 1 652 1 3438,	
respiratorios 1 652 1 3437,	
distonía 1 652 1 3435,	
extrapiramidales 1 652 1 3433,	
Delirio 1 652 1 3431,	
Acatisia 1 652 1 3424,	
Apatía 1 652 1 3419,	
compuestos 1 652 1 4812,	
Alteración 1 652 1 3408,	
nervioso 3 652 3 3406,3907,4435,	
Rabdomiólisis 1 652 1 3402,	
tejido 2 652 2 3398,3454,	
musculoesquelético 1 652 1 3395,	
prolactina 1 652 1 3393,	
Síndrome 1 652 1 3381,	
Hepatitis 1 652 1 3380,	
funcionalidad 1 652 1 3373,	
Alteraciones 1 652 1 3368,	
elevadas) 1 652 1 3362,	
(equimosis 1 652 1 3588,	
(especialmente 1 652 1 3354,	
1995 1 652 1 5334,	
Hipercolesterolemia 1 652 1 3353,	
nutrición 1 652 1 3351,	
pancitopenia) 1 652 1 3345,	
neutropenia 1 652 1 3343,	
aplástica 1 652 1 3342,	
agranulocitosis 1 652 1 3340,	
Discrasias 1 652 1 3337,	
trombocitopenia 1 652 1 3334,	
prolongados 1 652 1 3333,	
Sangrados 1 652 1 3332,	
mucosas 1 652 1 3330,	
87% 1 652 1 4613,	
sangrado 2 652 2 3328,3591,	
sangre 1 652 1 3320,	
Pancreatitis 1 652 1 3316,	
diarrea 1 652 1 3313,	
estreñimiento 1 652 1 3307,	
apetito 1 652 1 3306,	
Disminución 1 652 1 3304,	
Equimosis 1 652 1 3327,	
pointes) 1 652 1 3300,	
ventricular 3 652 3 3294,3296,3740,	
fibrilación 1 652 1 3293,	
síncope 1 652 1 3285,	
postural 1 652 1 3284,	
hipotensión 2 652 2 3283,3742,	
Hipotensión 1 652 1 3282,	
(principalmente 1 652 1 3278,	
vasodilatación 1 652 1 3277,	
Hipertensión 1 652 1 3276,	
cardiovasculares 2 652 2 3274,4381,	
Anafilaxis 1 652 1 3272,	
fotosensibilidad 1 652 1 3269,	
Reacción 1 652 1 3267,	
fatiga 1 652 1 3264,	
Astenia 1 652 1 3263,	
generales 1 652 1 3254,	
Trastornos 13 652 13 3253,3273,3301,3317,3346,3394,3403,3436,3448,3474,3497,3512,3517,	
<0 1 652 1 3251,	
Muy 11 652 11 3249,3270,3287,3314,3335,3389,3400,3429,3443,3467,3491,	
01% 2 652 2 3244,3252,	
Raras 4 652 4 3241,3331,3379,3423,	
0 3 652 3 3236,3243,3247,	
frecuentes 11 652 11 3234,3266,3281,3311,3326,3367,3418,3462,3485,3507,3528,	
1% 4 652 4 3232,3237,3240,3248,	
> 3 652 3 3231,3235,3242,	
Frecuentes 11 652 11 3230,3262,3275,3303,3352,3407,3441,3456,3476,3501,3516,	
categorías 1 652 1 3226,	
órganos 1 652 1 3219,	
enumeran 1 652 1 3215,	
Reacciones 1 652 1 3209,	
20% 1 652 1 4720,	
circunstancia 1 652 1 3206,	
debiendo 1 652 1 3201,	
automóviles 1 652 1 3200,	
linfático 1 652 1 3324,	
peligrosa 1 652 1 3198,	
Anomalías 1 652 1 3477,	
maquinaria 1 652 1 3197,	
motoras 1 652 1 3186,	
habilidades 1 652 1 3185,	
juzgar 1 652 1 3181,	
facultad 1 652 1 3179,	
psicoactivos 1 652 1 3175,	
complejo 1 652 1 3172,	
cognoscitiva 1 652 1 3168,	
afecta 1 652 1 3164,	
comprobado 2 652 2 3157,3914,	
Aunque 2 652 2 3154,3674,	
máquinas 1 652 1 3153,	
utilizar 1 652 1 3152,	
conducir 1 652 1 3150,	
capacidad 3 652 3 3148,3959,3975,	
Efectos 1 652 1 3145,	
hallazgo 2 652 2 3136,5123,	
mayoritario 2 652 2 3120,5088,	
animales 2 652 2 3116,3944,	
llevados 1 652 1 3112,	
reproducción 1 652 1 3111,	
torsade 1 652 1 3298,	
contraindicada 1 652 1 3101,	
humana; 1 652 1 3097,	
leche 1 652 1 3096,	
excretan 2 652 2 3094,4606,	
prolongada 2 652 2 3085,3358,	
respiratoria 1 652 1 3081,	
ayuda 1 652 1 3080,	
requirieron 1 652 1 3079,	
complicaciones 1 652 1 3077,	
Eritema 1 652 1 3469,	
desarrollaron 1 652 1 3076,	
tercer 1 652 1 3074,	
expuestos 1 652 1 3069,	
trimestre 1 652 1 3075,	
neonatos 1 652 1 3068,	
(Thase 1 652 1 4177,	
nacido 1 652 1 3066,	
parto 1 652 1 3057,	
sólo 2 652 2 3037,4135,	
embarazadas 1 652 1 3036,	
mujeres 1 652 1 3035,	
embarazo 3 652 3 3017,3030,3052,	
Embarazo 1 652 1 3011,	
(CYP2C9) 1 652 1 3008,	
tolbutamida 1 652 1 3007,	
CYP2C19) 1 652 1 3005,	
carbamazepina 1 652 1 2999,	
(CYP1A2) 1 652 1 2998,	
(CYP3A4) 2 652 2 2996,3000,	
alprazolam 1 652 1 2995,	
siguientes 2 652 2 2993,3229,	
vivo 2 652 2 2990,5067,	
interacciones 1 652 1 2988,	
Tampoco 1 652 1 2984,	
vitro 4 652 4 2983,4341,4394,5064,	
CYP2C9 1 652 1 2981,	
CYP1A2 1 652 1 2979,	
CYP3A4 1 652 1 2978,	
blisters 1 652 1 5200,	
inhibió 1 652 1 2977,	
diversos 1 652 1 4367,	
débil 1 652 1 2972,	
relativamente 1 652 1 2971,	
estudios 7 652 7 2964,3109,3910,3942,4392,4438,5045,	
manejar 1 652 1 3196,	
P450 1 652 1 2962,	
citocromo 1 652 1 2961,	
isoenzimas 1 652 1 2959,	
metabolizados 1 652 1 2956,	
deprimidos 1 652 1 2954,	
mucosas; 1 652 1 3599,	
hay 1 652 1 2941,	
5-HT 1 652 1 2939,	
secundarios 2 652 2 2935,4369,	
Poco 11 652 11 3233,3265,3280,3310,3325,3366,3417,3461,3484,3506,3527,	
incidencia 2 652 2 2932,4124,	
inducir 1 652 1 2929,	
triptófano 2 652 2 2927,2951,	
eficaz 1 652 1 2919,	
conveniente 1 652 1 2911,	
inhibidor 2 652 2 2905,2970,	
metabolismo 4 652 4 2892,3348,4474,4796,	
enzimáticos 1 652 1 2887,	
posible 1 652 1 3044,	
inhibición 1 652 1 2883,	
inducción 2 652 2 2881,3787,	
hepáticos 3 652 3 2879,2888,2909,	
enzimas 2 652 2 2878,2908,	
inductores 1 652 1 2875,	
concentración 3 652 3 2868,4656,4668,	
provoque 1 652 1 2863,	
(27%); 1 652 1 2840,	
éstos 2 652 2 4211,4277,	
une 1 652 1 2833,	
proteínas 5 652 5 2828,2838,2861,4583,4591,	
vez 2 652 2 2805,4317,	
afectadas 1 652 1 2795,	
ven 1 652 1 2794,	
Las 2 652 2 2786,3211,	
diazepam 2 652 2 2784,3002,	
farmacodinamia 1 652 1 2782,	
taquicardia 3 652 3 3286,3295,3737,	
efectos 6 652 6 2776,2808,2934,4368,4377,5071,	
ratas 4 652 4 5019,5026,5049,5080,	
desmetilvenlafaxina 2 652 2 2772,4575,	
O- 2 652 2 2771,4574,	
parece 1 652 1 2762,	
Diazepam 2 652 2 2759,2760,	
9-hidroxirisperidona) 1 652 1 2750,	
(suma 1 652 1 2746,	
principio 1 652 1 2744,	
cantidad 1 652 1 2741,	
32% 1 652 1 2731,	
risperidona 2 652 2 2728,2748,	
Risperidona 1 652 1 2722,	
perfil 3 652 3 2711,2737,3559,	
-hidroximetoprolol 1 652 1 2697,	
activo 3 652 3 2696,2720,2745,	
observó 6 652 6 3124,4110,4716,4755,4948,5093,	
alterasen 1 652 1 2689,	
40% 2 652 2 2679,4930,	
30% 2 652 2 2677,4598,	
dió 1 652 1 2669,	
sanos 3 652 3 2668,3160,4752,	
supera 1 652 1 3042,	
voluntarios 3 652 3 2667,3159,4751,	
moléculas 1 652 1 2665,	
cabo 2 652 2 2656,3114,	
llevada 1 652 1 2654,	
24 1 652 1 2649,	
(100 1 652 1 2646,	
metoprolol 3 652 3 2645,2685,2707,	
horas 6 652 6 2640,2650,4504,4539,4565,4629,	
8 5 652 5 2639,3208,4209,4468,5289,	
Metoprolol 1 652 1 2630,	
141% 1 652 1 2623,	
23% 1 652 1 2620,	
incrementaron 1 652 1 2618,	
conductas 1 652 1 3539,	
respectivamente 4 652 4 2594,2629,4540,4599,	
14% 1 652 1 2585,	
valores 3 652 3 2577,2612,5032,	
48% 1 652 1 2572,	
MR 4 652 4 2569,2591,2604,2626,	
26% 1 652 1 2566,	
aumentó 3 652 3 2564,2599,4976,	
Cmax 2 652 2 2561,2580,	
administró 2 652 2 2557,4818,	
les 1 652 1 2556,	
sujetos 15 652 15 2551,2568,2574,2590,2603,2609,2625,4826,4833,4869,4877,4881,4911,4915,4945,	
mayores 1 652 1 2545,	
ODV 7 652 7 2544,2582,2616,4924,4939,5091,5103,	
anemia 1 652 1 3341,	
plasmáticas 11 652 11 2540,2683,2692,2829,2839,2862,4494,4546,4570,4592,4807,	
concentraciones 7 652 7 2539,2682,2691,4493,4545,4569,4806,	
resultado 1 652 1 2538,	
dio 1 652 1 2536,	
sofocos) 1 652 1 3279,	
CYP2D6 2 652 2 2535,2974,	
(ML) 1 652 1 2533,	
lentos 1 652 1 2532,	
(MR) 1 652 1 2529,	
rápidos 1 652 1 2528,	
metabolizadores 2 652 2 2527,2531,	
ketoconazol 2 652 2 2525,2559,	
Ketoconazol 1 652 1 2519,	
cirrosis 1 652 1 4767,	
duplicó 1 652 1 2485,	
alrededor 1 652 1 2477,	
desipramina 1 652 1 2476,	
Cmín 1 652 1 2474,	
incrementó 3 652 3 2469,2724,4155,	
2-hidroxi-imipramina 2 652 2 2466,2484,	
imipramina 2 652 2 2464,2513,	
alteró 5 652 5 2460,2496,2709,2734,4791,	
Imipramina 2 652 2 2457,2494,	
MINISTERIO 3 652 3 2456,3447,5295,	
pronunciada 1 652 1 2455,	
mayoría 3 652 3 2438,2548,3714,	
anticolinérgicos 1 652 1 4378,	
incrementada 1 652 1 2435,	
ligeramente 2 652 2 2434,4652,	
vea 1 652 1 2433,	
actividad 7 652 7 2428,2818,3166,3902,4359,4386,4429,	
esperable 2 652 2 2425,2845,	
Es 1 652 1 2424,	
hepático 1 652 1 2421,	
primer 2 652 2 2419,4476,	
inhibir 1 652 1 2415,	
Cimetidina 2 652 2 2411,2412,	
será 1 652 1 2404,	
concomitante 6 652 6 2401,2518,2633,2799,2923,2947,	
reciban 1 652 1 2395,	
tenido 1 652 1 2389,	
Esto 3 652 3 2386,2504,4725,	
semivida 5 652 5 2383,4526,4886,4920,4978,	
88% 1 652 1 2374,	
70% 2 652 2 2367,2607,	
incremento 4 652 4 2365,2372,2673,4053,	
aclaramiento 7 652 7 2358,4722,4899,4934,4969,4984,4993,	
42% 1 652 1 2355,	
descenso 1 652 1 2353,	
haloperidol 3 652 3 2350,2396,2410,	
Haloperidol 1 652 1 2344,	
alcohol 2 652 2 2338,3721,	
muestra 1 652 1 4104,	
consumo 1 652 1 2336,	
hallado 1 652 1 2987,	
evite 1 652 1 2334,	
advertir 1 652 1 2330,	
actúan 1 652 1 2324,	
Etanol 1 652 1 2315,	
warfarina 1 652 1 2314,	
anticoagulante 1 652 1 2312,	
potenciar 1 652 1 2309,	
Warfarina 1 652 1 2306,	
relevancia 5 652 5 2301,2701,2754,3133,5120,	
In 1 652 1 4340,	
serotoninérgico) 1 652 1 2822,	
desconoce 5 652 5 2299,2699,2752,3131,5118,	
(ODV) 1 652 1 2297,	
O-desmetilvenlafaxina 18 652 18 2296,2503,2721,2791,3092,3921,3972,4532,4549,4586,4635,4638,4689,4724,4749,4789,4804,4974,	
farmacocinética 8 652 8 2292,2662,2765,2779,2811,2895,4703,4785,	
afectó 2 652 2 2290,2380,	
Cmáx 4 652 4 2285,2377,2472,4684,	
36% 1 652 1 2282,	
AUC 7 652 7 2279,2370,2471,2482,2596,2614,2726,	
alucinaciones 1 652 1 3420,	
28% 1 652 1 2276,	
mostrado 2 652 2 2272,2414,	
indinavir 2 652 2 2270,2287,	
farmacocinético 5 652 5 2267,2347,2522,2712,2738,	
estudio 10 652 10 2266,2346,2521,2659,4189,4227,4251,4295,4816,5075,	
litio 3 652 3 2263,2801,2813,	
(ISRS) 1 652 1 2261,	
triptanes 1 652 1 2253,	
serotoninérgicos 1 652 1 2249,	
neurotransmisores 2 652 2 2248,4010,	
sistemas 3 652 3 2246,2886,3221,	
afectar 3 652 3 2244,2763,2890,	
potencial 2 652 2 2228,3041,	
conocido 1 652 1 2221,	
acción 4 652 4 2220,3888,4003,4029,	
magnésico 1 652 1 5147,	
mecanismo 2 652 2 2218,3885,	
Basándose 1 652 1 2215,	
serotoninérgico 2 652 2 2214,2230,	
sistema 6 652 6 2213,2821,3323,3405,3906,4434,	
activos 1 652 1 2210,	
Fármacos 4 652 4 2209,2816,2823,2955,	
muerte 2 652 2 2208,3757,	
maligno 1 652 1 2205,	
neuroléptico 2 652 2 2204,3428,	
semejantes 1 652 1 2201,	
hipertermia 1 652 1 2198,	
interindividual 1 652 1 4954,	
sofocos 1 652 1 2196,	
sudoración 1 652 1 2193,	
incluyeron 1 652 1 2190,	
empezaron 1 652 1 2184,	
Rash 1 652 1 3463,	
interrumpieron 1 652 1 2177,	
comenzado 1 652 1 2171,	
seguidamente 3 652 3 2169,2183,2558,	
interrumpido 1 652 1 2162,	
notificado 2 652 2 2155,3533,	
Inhibidores 2 652 2 2148,2873,	
interacción 5 652 5 2147,2305,2451,2661,2758,	
formas 1 652 1 2145,	
Interacción 1 652 1 2138,	
glucosa 1 652 1 2128,	
absorción 3 652 3 2126,3823,4673,	
problemas 1 652 1 2124,	
Laponia) 1 652 1 2122,	
poblaciones 1 652 1 2120,	
(insuficiencia 2 652 2 2116,4770,	
lactasa 1 652 1 2113,	
galactosa 2 652 2 2109,2130,	
intolerancia 1 652 1 2106,	
perjudicial 1 652 1 2083,	
sintomatología 1 652 1 2080,	
Su 1 652 1 2061,	
reposo 1 652 1 2060,	
permanecer 1 652 1 2058,	
sentarse 1 652 1 2056,	
dificultad 2 652 2 2054,3523,	
acompañadas 1 652 1 2052,	
eliminación 7 652 7 4528,4802,4888,4922,4980,5243,5247,	
frecuentemente 2 652 2 2051,3628,	
movimiento 1 652 1 2050,	
intranquilidad 1 652 1 2044,	
caracterizada 1 652 1 2042,	
acatisia 1 652 1 2041,	
asociado 1 652 1 2036,	
psicomotora 2 652 2 2029,3167,	
Acatisia/agitación 1 652 1 2028,	
5% 1 652 1 2015,	
séricos 1 652 1 2010,	
(CYP3A4 1 652 1 3003,	
elevaciones 1 652 1 2006,	
observado 3 652 3 2005,3724,4024,	
colesterol 2 652 2 1990,2012,	
niveles 2 652 2 1988,2009,	
monitorizar 2 652 2 1986,3775,	
deberán 1 652 1 1985,	
2) 1 652 1 1983,	
ISRS"" 1 652 1 1978,	
""Reacciones 1 652 1 1970,	
necesidades 1 652 1 1965,	
acuerdo 3 652 3 1962,3223,5267,	
meses 5 652 5 1960,2027,4225,4276,4293,	
importante 1 652 1 1935,	
prolongar 1 652 1 1930,	
resuelven 1 652 1 1918,	
autolimitados 1 652 1 1915,	
inadvertida 1 652 1 1910,	
= 3 652 3 4829,4841,4848,	
olvidar 1 652 1 1905,	
raras 12 652 12 1889,3250,3271,3288,3315,3336,3390,3401,3430,3444,3468,3492,	
hospitalización 1 652 1 3084,	
Sin 3 652 3 1886,2467,4076,	
primeros 1 652 1 1879,	
presentarse 1 652 1 1876,	
suelen 1 652 1 1875,	
Estos 2 652 2 1873,5031,	
sostenida 1 652 1 4161,	
embargo 4 652 4 1866,1887,2468,4077,	
moderados 1 652 1 1864,	
leves 1 652 1 1862,	
Generalmente 1 652 1 1858,	
cefalea 2 652 2 1857,3665,	
temblor 3 652 3 1855,2191,3663,	
vómitos 4 652 4 1854,2195,3309,3662,	
ansiedad 2 652 2 1851,3659,	
agitación 3 652 3 1849,3422,3657,	
probable 1 652 1 2065,	
pesadillas) 2 652 2 1848,3656,	
insomnio 2 652 2 1846,3654,	
sueño 3 652 3 1844,3410,3652,	
gastrointestinales 1 652 1 3302,	
parestesias) 2 652 2 1841,3649,	
(incluyendo 8 652 8 1840,1845,3297,3339,3434,3458,3648,3653,	
sensoriales 3 652 3 1839,3475,3647,	
alteraciones 6 652 6 1838,1842,3256,3646,3650,3725,	
mareos 3 652 3 1837,3415,3645,	
ritmo 2 652 2 1822,3777,	
receptores 4 652 4 3964,4349,4363,4404,	
utilizada 1 652 1 1819,	
duración 2 652 2 1814,1927,	
encuentran 1 652 1 1812,	
aparecido 1 652 1 1901,	
factores 1 652 1 1807,	
depende 1 652 1 1804,	
utilizaron 1 652 1 1796,	
17% 1 652 1 1791,	
conjugada 2 652 2 4637,4639,	
35% 2 652 2 1781,2480,	
aproximadamente 7 652 7 1779,2675,4507,4562,4861,4928,5105,	
presentaron 1 652 1 1777,	
observadas 2 652 2 1770,1973,	
adversas 5 652 5 1769,2157,3210,3213,3562,	
realiza 3 652 3 1755,3622,3804,	
particularmente 1 652 1 1748,	
frecuente 1 652 1 1742,	
demostrado 1 652 1 1722,	
indicación 1 652 1 1718,	
productos 1 652 1 1713,	
combinación 3 652 3 1710,2239,3716,	
monoterapia 1 652 1 1707,	
peso 3 652 3 1704,3365,3378,	
50-75 1 652 1 4056,	
pérdida 2 652 2 1702,3363,	
indicada 1 652 1 1699,	
predisposición 1 652 1 1692,	
hemorrágicos 1 652 1 1690,	
presenten 1 652 1 1688,	
asimismo 1 652 1 1679,	
ocurre 1 652 1 1670,	
hemorragia 1 652 1 1666,	
incrementar 1 652 1 1662,	
puedan 2 652 2 1661,2243,	
esteroideos) 1 652 1 1658,	
antiinflamatorios 1 652 1 1656,	
ambulatorios 2 652 2 4192,4254,	
ticlopidina 1 652 1 1654,	
acetilsalicílico 1 652 1 1653,	
ácido 2 652 2 1652,4411,	
tricíclicos 3 652 3 1651,3870,3949,	
fenotiazinas 1 652 1 1649,	
atípicos 1 652 1 1647,	
única) 1 652 1 3985,	
antipsicóticos 1 652 1 1646,	
función 2 652 2 1642,4734,	
versus 1 652 1 4174,	
medicamentos 4 652 4 1638,2142,3576,5346,	
anticoagulantes 1 652 1 1637,	
recibiendo 1 652 1 1636,	
estén 2 652 2 1635,5232,	
además 1 652 1 1634,	
cuenta 4 652 4 1628,1938,2391,2508,	
contrario 1 652 1 3969,	
tenerse 3 652 3 1626,1681,2506,	
selectivos 2 652 2 1616,2255,	
localización 1 652 1 1613,	
diferente 1 652 1 1612,	
hemorragias 3 652 3 1610,3587,3589,	
descrito 2 652 2 1606,3585,	
plaquetaria 2 652 2 1603,1643,	
agregación 1 652 1 1602,	
anomalías 1 652 1 1599,	
lugar 4 652 4 1597,2670,3259,5186,	
dar 1 652 1 1596,	
serotonina 6 652 6 1594,1621,1678,2260,3582,3929,	
inhiben 2 652 2 1590,3935,	
sobredosis 3 652 3 1582,3709,3761,	
reducir 3 652 3 1578,2912,3951,	
finalidad 1 652 1 1576,	
número 1 652 1 1570,	
aumentaron 1 652 1 2583,	
envase 1 652 1 1567,	
inicialmente 1 652 1 1565,	
advertidos 1 652 1 3203,	
prescribir 1 652 1 1564,	
persisten 1 652 1 1549,	
inmediatamente 3 652 3 1547,3547,3805,	
médica 1 652 1 1546,	
buscar 1 652 1 1544,	
inusuales 1 652 1 1538,	
alertados 1 652 1 1520,	
cuidadores) 1 652 1 1517,	
(y 1 652 1 1515,	
terapéutica 1 652 1 4321,	
cambios 2 652 2 1510,1537,	
farmacológica 3 652 3 1501,2429,4360,	
acompañar 1 652 1 1497,	
sangrados 1 652 1 3595,	
alto 1 652 1 1494,	
particular 2 652 2 1490,3522,	
supervisión 1 652 1 1484,	
estrecha 1 652 1 1483,	
25 2 652 2 1478,4485,	
absorbe 1 652 1 4463,	
comparación 3 652 3 1470,4243,4310,	
mostró 4 652 4 1459,2351,4447,5070,	
normales 4 652 4 4827,4878,4912,4946,	
adultos 2 652 2 1455,3574,	
fármacos 11 652 11 1451,1588,2241,2322,2856,2872,2994,3174,3719,4373,4442,	
controlados 1 652 1 1447,	
21% 1 652 1 2601,	
meta-análisis 2 652 2 1444,4084,	
inicio 3 652 3 1419,1504,4027,	
benzodiazepinas 1 652 1 4407,	
previa 1 652 1 1417,	
grado 2 652 2 1412,4951,	
presentan 1 652 1 1410,	
trastornos 4 652 4 1392,1457,1689,3482,	
análisis 1 652 1 4098,	
tratar 2 652 2 1378,1387,	
adoptadas 1 652 1 1376,	
considerarse 1 652 1 1372,	
mayor 6 652 6 1368,1384,1424,1834,2931,3642,	
comórbidos 1 652 1 1363,	
asociarse 1 652 1 1346,	
prescribe 1 652 1 1342,	
significativamente 5 652 5 2735,4156,4233,4301,4792,	
psiquiátricos 3 652 3 1337,1393,1458,	
estados 2 652 2 1336,1360,	
Otros 2 652 2 1335,3851,	
cuadro 1 652 1 1333,	
amplia 1 652 1 5060,	
mejorar 1 652 1 1331,	
comienza 1 652 1 1329,	
experiencia 3 652 3 1318,2942,3703,	
vigilados 2 652 2 1313,1439,	
primeras 2 652 2 1302,2068,	
alcanzarse 1 652 1 1299,	
hecho 2 652 2 1623,2705,	
mejoría 1 652 1 1296,	
dicha 1 652 1 1295,	
significativa 3 652 3 1292,4134,4431,	
remisión 1 652 1 1291,	
alcanza 3 652 3 1289,4499,4560,	
envases 2 652 2 5207,5237,	
micción 1 652 1 3520,	
relacionados 4 652 4 1279,1354,1403,2936,	
(acontecimientos 1 652 1 1278,	
autoagresión 1 652 1 1275,	
pensamientos 3 652 3 1273,1427,1534,	
incrementado 1 652 1 1271,	
asocia 2 652 2 1267,3627,	
clínico 3 652 3 1263,1334,1531,	
empeoramiento 2 652 2 1262,1530,	
Suicidio/pensamientos 1 652 1 1259,	
historiales 1 652 1 1256,	
discontinuidad 1 652 1 1238,	
antidepresivo 2 652 2 1228,3859,	
recibido 1 652 1 1225,	
proporción 2 652 2 1220,2836,	
agresividad 1 652 1 1216,	
producirse 1 652 1 1213,	
diuréticos 1 652 1 1211,	
ancianos 3 652 3 1205,2443,3565,	
doble 1 652 1 4863,	
incluyendo 3 652 3 1204,1229,3199,	
deshidratados 1 652 1 1203,	
prolonga 1 652 1 4651,	
volumen 1 652 1 1201,	
normalmente 1 652 1 1195,	
(SIADH) 2 652 2 1194,3388,	
hormona 2 652 2 1192,3386,	
in 5 652 5 2982,2989,4393,5063,5066,	
inapropiada 2 652 2 1190,3384,	
secreción 2 652 2 1189,3383,	
ML 4 652 4 2575,2593,2610,2628,	
síndrome 5 652 5 1187,2203,2229,3427,3471,	
y/o 5 652 5 1186,1853,3661,3720,4020,	
hiponatremia 2 652 2 1185,3375,	
hipomanía 1 652 1 1174,	
manía 2 652 2 1172,3426,	
debido 1 652 1 1165,	
SNC 1 652 1 2327,	
bipolar 1 652 1 1164,	
trastorno 3 652 3 1163,1366,1382,	
familiares 1 652 1 1161,	
cerrado 2 652 2 1142,3496,	
ángulo 2 652 2 1141,3495,	
agudo 1 652 1 1139,	
Indinavir 2 652 2 2264,2288,	
glaucoma 1 652 1 1138,	
padecer 1 652 1 1137,	
estrechamente 2 652 2 1124,1312,	
vigilar 2 652 2 1123,1525,	
midriasis 2 652 2 1120,3481,	
producir 1 652 1 1119,	
Dado 3 652 3 1115,1293,1552,	
aparecer 5 652 5 1097,1169,1184,3059,3676,	
Pueden 2 652 2 1096,1212,	
evidencia 1 652 1 5054,	
fertilidad 2 652 2 3129,5098,	
comprometidas 1 652 1 1089,	
verse 1 652 1 1088,	
condiciones 2 652 2 1086,5179,	
cuyas 1 652 1 1085,	
elevadas 2 652 2 1074,4809,	
administra 2 652 2 1071,2900,	
especialmente 3 652 3 1068,1502,1629,	
moderada) 1 652 1 4772,	
cardíaca 2 652 2 1067,1095,	
preexistente 1 652 1 1056,	
hipertensión 1 652 1 1055,	
controlarse 1 652 1 1053,	
inmediato 1 652 1 1051,	
exposición 1 652 1 5100,	
requerido 1 652 1 1049,	
elevada 6 652 6 1046,1131,2825,2835,2858,4130,	
tensión 3 652 3 1044,4094,4126,	
casos 5 652 5 1042,1608,1894,3534,3707,	
comunicado 2 652 2 1041,1893,	
(en 2 652 2 3521,4658,	
han 12 652 12 1040,1048,1224,1605,1892,1900,2004,2154,2986,3532,3584,3723,	
Durante 3 652 3 1035,1178,4739,	
1) 1 652 1 1034,	
dosis-dependiente 1 652 1 1030,	
aumentar 4 652 4 1024,1064,1327,2084,	
oralmente 1 652 1 4824,	
dado 1 652 1 1021,	
presión 3 652 3 1014,1026,1129,	
33 1 652 1 4509,	
controlar 1 652 1 1011,	
metabolito 7 652 7 2695,2719,3119,3919,3996,5087,5102,	
Por 4 652 4 1000,1369,1931,3967,	
inestable 1 652 1 999,	
cardiopatía 1 652 1 998,	
miocardio 1 652 1 996,	
infarto 1 652 1 994,	
intraocular 1 652 1 1130,	
reciente 1 652 1 992,	
historial 1 652 1 991,	
evaluado 1 652 1 982,	
conductual 1 652 1 978,	
cognitivo 1 652 1 976,	
desarrollo 1 652 1 975,	
madurez 1 652 1 972,	
refiere 1 652 1 968,	
seguridad 4 652 4 956,1724,3023,5005,	
carecemos 1 652 1 951,	
Además 2 652 2 950,1358,	
aparición 5 652 5 945,1527,2039,2062,3631,	
cuidadosamente 3 652 3 940,1251,1438,	
supervisarse 1 652 1 939,	
médicas 1 652 1 933,	
pruebas 2 652 2 932,3371,	
base 1 652 1 929,	
decisión 1 652 1 926,	
obstante 1 652 1 924,	
adoptase 1 652 1 922,	
placebo 9 652 9 919,1449,1473,1797,4169,4222,4248,4290,4315,	
habían 4 652 4 2161,2170,4196,4258,	
tratados 5 652 5 911,917,1018,1785,2511,	
frecuencia 6 652 6 903,1066,1094,1835,3228,3643,	
constatados 1 652 1 900,	
confrontación 1 652 1 896,	
comportamiento 5 652 5 894,1465,1532,1541,3171,	
agresión 2 652 2 893,1258,	
(predominantemente 1 652 1 892,	
realizado 3 652 3 2268,2348,2523,	
hostilidad 1 652 1 891,	
ideas 1 652 1 886,	
(intentos 1 652 1 882,	
suicidas 6 652 6 881,1260,1274,1428,1535,3540,	
comportamientos 1 652 1 880,	
bloqueo 1 652 1 3731,	
niños 4 652 4 857,872,908,961,	
sequedad 1 652 1 3416,	
Uso 3 652 3 855,3014,3086,	
paso 2 652 2 2420,4477,	
especiales 4 652 4 852,5174,5180,5241,	
precauciones 2 652 2 851,1375,	
Advertencias 2 652 2 849,2096,	
5) 1 652 1 846,	
significativo 2 652 2 1413,4449,	
iniciar 2 652 2 837,3525,	
7 3 652 3 833,3144,5272,	
Venlafaxina 18 652 18 828,1062,1696,2307,2458,2723,2773,2802,2830,2975,3031,3090,3993,4382,4514,4584,4601,4782,	
reversible) 1 652 1 827,	
prescripción 1 652 1 824,	
melancolía 1 652 1 4021,	
reversibles 1 652 1 820,	
menor 4 652 4 814,1571,4234,4302,	
(prolongación 1 652 1 3727,	
podría 2 652 2 812,2928,	
intervalo 3 652 3 811,3291,3729,	
IMAO; 1 652 1 809,	
interrupción 3 652 3 805,1883,3551,	
aumentos 1 652 1 1091,	
días 4 652 4 802,834,1880,4062,	
14 1 652 1 801,	
pensar 1 652 1 3182,	
pasados 1 652 1 800,	
mínimo 3 652 3 798,832,2918,	
iniciarse 1 652 1 796,	
El 13 652 13 790,1798,2030,2481,2595,2706,3558,3796,4226,4294,4523,4541,5203,	
(IMAO) 2 652 2 789,2152,	
monoaminoxidasa 3 652 3 788,2151,4390,	
inhibidores 6 652 6 785,1615,1673,2254,3577,3924,	
especial 1 652 1 1682,	
concomitantemente 2 652 2 783,2901,	
lactancia 4 652 4 780,3013,3089,3106,	
conocida 1 652 1 766,	
convulsiones 5 652 5 1098,1114,2206,3425,3755,	
hipersensibilidad 1 652 1 765,	
contraindicado 1 652 1 761,	
está 6 652 6 760,1698,3100,3864,3895,4550,	
disposición 1 652 1 4784,	
mioclonía 2 652 2 2192,3421,	
Contraindicaciones 1 652 1 758,	
disminuyendo 1 652 1 749,	
continuar 2 652 2 748,4217,	
Posteriormente 1 652 1 744,	
previamente 1 652 1 743,	
prescrita 1 652 1 742,	
comercializados 1 652 1 5233,	
Fertilidad 1 652 1 3107,	
restablecer 1 652 1 739,	
necesidad 3 652 3 737,1523,2046,	
valorarse 1 652 1 735,	
disminución 6 652 6 725,2274,3126,3411,4731,5095,	
tolerar 1 652 1 721,	
pueda 1 652 1 720,	
acontecimientos 2 652 2 1353,1402,	
crecimiento 1 652 1 970,	
síntomas 11 652 11 715,947,1551,1745,1829,1860,1874,1903,1913,3633,3637,	
caso 3 652 3 711,817,4866,	
8) 4 652 4 708,1586,1762,4842,	
aparezcan 3 652 3 698,714,1744,	
disminuir 2 652 2 693,2406,	
debió 1 652 1 4727,	
objeto 1 652 1 691,	
recurrencia 1 652 1 4300,	
o 45 652 45 687,728,770,997,1132,1159,1173,1202,1236,1261,1304,1429,1533,1659,1691,1850,1863,1958,2057,2123,2129,2175,2262,2465,2716,2780,2874,2882,3053,3082,3169,3183,3546,3597,3658,3696,3810,3872,4060,4148,4221,4289,4410,4453,4747,	
periodo 3 652 3 682,1316,1954,	
diastólica 1 652 1 4127,	
paulatinamente 1 652 1 679,	
suspende 3 652 3 670,1738,1942,	
Cuando 3 652 3 668,1736,2898,	
brusca 2 652 2 665,1758,	
suspensión 4 652 4 664,1751,1773,3610,	
evitarse 2 652 2 662,1003,	
Debe 2 652 2 661,1052,	
DE 7 652 7 5274,5277,5291,5293,5323,5327,5337,	
clopidogrel 1 652 1 1655,	
ISRS 3 652 3 660,1735,3614,	
observados 4 652 4 655,1730,3607,4370,	
Síntomas 3 652 3 652,1727,3604,	
prolongado 1 652 1 651,	
período 2 652 2 647,1037,	
administrar 3 652 3 643,777,782,	
periódicamente 2 652 2 639,1012,	
observada 1 652 1 2117,	
reevaluar 1 652 1 638,	
deberá 12 652 12 637,866,938,1002,1079,1105,1150,1563,1680,2329,2387,2505,	
médico 2 652 2 636,746,	
suicidio) 2 652 2 888,1282,	
farmacológico 1 652 1 628,	
libre 1 652 1 2869,	
general 4 652 4 625,3770,4004,4567,	
requieren 1 652 1 623,	
agudos 1 652 1 619,	
hereditaria 1 652 1 2107,	
arterial 4 652 4 1015,1027,1045,4095,	
mantenimiento/continuación/prolongado 1 652 1 616,	
cutánea) 1 652 1 3465,	
4) 4 652 4 613,3557,3603,3673,	
apartado 9 652 9 611,703,844,1032,1584,1760,3140,3555,3667,	
(ver 12 652 12 610,702,821,843,1031,1583,1759,1969,2814,3139,3554,3666,	
3) 1 652 1 3142,	
utilizarse 2 652 2 603,867,	
suicidio 9 652 9 596,884,949,1277,1325,1357,1406,1432,1556,	
suicida 4 652 4 592,1416,1466,3537,	
ideación 3 652 3 591,1415,3536,	
postcomercialización 1 652 1 1038,	
riesgo 17 652 17 589,695,1135,1270,1284,1323,1351,1425,1463,1495,1554,1580,1664,1799,3045,3793,4448,	
aumento 5 652 5 587,1349,1461,2865,3376,	
transfusión 1 652 1 3832,	
Lapp 1 652 1 2115,	
sugieren 2 652 2 585,3691,	
clínicos 6 652 6 584,906,1766,2002,3686,4013,	
ensayos 7 652 7 583,905,1446,1765,2001,4012,5062,	
aparece 1 652 1 2078,	
años 7 652 7 577,609,863,878,1479,4712,5170,	
18 4 652 4 576,608,862,877,	
inferiores 1 652 1 574,	
edades 1 652 1 573,	
fármaco 3 652 3 569,2363,3825,	
eficacia 2 652 2 567,1726,	
pequeña 1 652 1 1219,	
inocuidad 1 652 1 565,	
establecido 2 652 2 563,3021,	
adolescentes 5 652 5 559,859,874,910,963,	
Niños 1 652 1 557,	
precaución 7 652 7 551,1081,1108,1154,1683,2233,3194,	
individualizarse 1 652 1 543,	
humanos 2 652 2 3138,5125,	
antidepresivos 12 652 12 541,913,1148,1247,1452,1468,1650,3852,3869,3875,3948,4374,	
igual 5 652 5 537,1144,1243,1668,2317,	
Al 5 652 5 536,1143,1242,1667,2316,	
avanzada 2 652 2 535,556,	
edad 5 652 5 534,555,1481,4694,4714,	
reducciones 1 652 1 527,	
necesarias 1 652 1 526,	
disfunción 2 652 2 522,2448,	
graves 2 652 2 520,1872,	
administre 1 652 1 2236,	
cuadros 3 652 3 519,1170,2200,	
total 5 652 5 512,2360,2742,4970,4985,	
reacciones 10 652 10 699,1768,1801,2156,2189,3060,3212,3432,3561,3677,	
leve 2 652 2 505,4853,	
En 26 652 26 500,516,709,1763,2072,2442,3108,3701,3909,4011,4082,4143,4187,4249,4415,4425,4437,4566,4706,4763,4813,4879,4913,4957,5057,5073,	
hepática 11 652 11 499,523,2449,3374,4762,4768,4771,4852,4872,4884,4918,	
673 1 652 1 5029,	
terminado 1 652 1 495,	
haya 1 652 1 494,	
29% 1 652 1 2588,	
sesión 1 652 1 491,	
No 12 652 12 484,560,776,781,979,2940,3018,3783,3837,5161,5177,5244,	
reducción 5 652 5 1235,1825,4718,4794,4982,	
hemodiálisis 2 652 2 483,493,	
sometidos 1 652 1 481,	
ml/min 2 652 2 468,4999,	
70 1 652 1 467,	
10 2 652 2 465,5335,	
comprendido 2 652 2 463,4551,	
esté 1 652 1 462,	
(IFG) 1 652 1 461,	
glomerular 1 652 1 460,	
filtración 1 652 1 459,	
QT 2 652 2 3292,3730,	
índice 2 652 2 457,4836,	
cuyo 1 652 1 456,	
efectuar 1 652 1 935,	
50% 4 652 4 452,478,515,531,	
- 3 652 3 451,2678,3965,	
25% 1 652 1 450,	
habituales 1 652 1 440,	
(particularmente 1 652 1 3619,	
indican 1 652 1 2965,	
menores 6 652 6 437,606,860,875,1476,4643,	
recibir 1 652 1 433,	
libido 1 652 1 3414,	
deben 8 652 8 432,1310,1371,1436,1518,2132,3192,3774,	
lactosa 1 652 1 2102,	
renal 6 652 6 426,431,4610,4735,4956,4961,	
insuficiencia 10 652 10 425,430,498,503,2111,4851,4871,4883,4917,4960,	
Pacientes 3 652 3 423,496,532,	
agua 1 652 1 422,	
comidas 1 652 1 417,	
Prolongación 1 652 1 3289,	
ingerir 1 652 1 413,	
indica 1 652 1 1320,	
recomienda 6 652 6 412,1010,1122,2232,3763,3785,	
Se 17 652 17 411,1009,1394,1604,1984,2153,2298,2698,2751,3130,3531,3722,3762,3881,4109,4947,5117,	
Forma 1 652 1 408,	
plazo 7 652 7 407,631,959,1996,3957,3992,4744,	
biodisponibilidad 1 652 1 4858,	
recién 1 652 1 3065,	
terapia 3 652 3 404,1500,4284,	
beneficio 3 652 3 401,3040,3835,	
valorar 2 652 2 399,2091,	
reevaluados 1 652 1 397,	
deberían 1 652 1 395,	
Los 17 652 17 393,427,617,879,1513,1587,1828,2103,2576,2611,2963,3067,3636,3941,4391,5044,5195,	
inicial 4 652 4 392,4037,4204,4270,	
durante 32 652 32 389,415,656,680,729,778,1175,1300,1314,1440,1731,1771,1877,1952,1974,1991,2023,2066,2339,2641,2651,3015,3028,3050,3087,3104,3541,3608,4201,4223,4267,4291,	
realizará 1 652 1 5265,	
utilizadas 1 652 1 388,	
Estas 1 652 1 2188,	
similares 1 652 1 385,	
son 9 652 9 384,1836,1861,1914,3644,3833,3922,3998,4576,	
prevención 1 652 1 376,	
recaídas/recurrencias 1 652 1 367,	
paciente 7 652 7 364,718,943,1968,2332,4339,4699,	
tolerancia 3 652 3 362,3697,4337,	
fundamentada 2 652 2 357,4332,	
dosificación 1 652 1 355,	
nivel 2 652 2 353,3746,	
Período 1 652 1 5166,	
alimentos 3 652 3 4644,4650,4680,	
alcanzar 2 652 2 351,4328,	
gradualmente 3 652 3 349,1949,4326,	
reducirse 7 652 7 348,447,475,509,678,1948,4325,	
Litio 1 652 1 2785,	
continuación 2 652 2 344,3217,	
A 3 652 3 343,4839,5282,	
375 2 652 2 339,4074,	
deseada 1 652 1 332,	
Triptófano 1 652 1 2920,	
días) 3 652 3 327,2643,2653,	
ó 1 652 1 325,	
(50-75 1 652 1 321,	
gradual 3 652 3 320,755,4054,	
debe 18 652 18 316,347,446,474,485,508,542,602,677,734,795,829,1249,1496,1624,1947,3032,4324,	
diaria 4 652 4 315,443,471,513,	
Seguidamente 1 652 1 312,	
tres 2 652 2 308,4061,	
(50 2 652 2 306,2636,	
Aumento 1 652 1 3391,	
administrarse 6 652 6 302,486,549,1106,1250,3033,	
rápida 1 652 1 293,	
obtener 3 652 3 289,329,4064,	
superiores 1 652 1 287,	
empezar 1 652 1 282,	
necesario 3 652 3 281,2090,2405,	
máxima 5 652 5 335,4070,4657,4669,5039,	
fuera 1 652 1 280,	
hospitalizados) 1 652 1 279,	
Bruxismo 1 652 1 3312,	
u 1 652 1 278,	
grave 4 652 4 277,622,4019,4965,	
pacientes 61 652 61 274,394,428,455,480,501,517,553,571,605,763,988,1008,1017,1084,1110,1127,1133,1156,1197,1207,1222,1254,1309,1380,1389,1398,1454,1475,1487,1514,1559,1632,1686,1784,1794,1869,1896,1925,2018,2074,2104,2159,2393,2441,2446,2510,2852,2953,3191,3564,3573,3812,4015,4108,4191,4237,4253,4305,4765,4958,	
ej 2 652 2 272,1645,	
persiste 1 652 1 1285,	
(p 3 652 3 271,1644,4170,	
facultativo 1 652 1 270,	
juicio 1 652 1 269,	
(75 1 652 1 261,	
150 4 652 4 252,297,4039,4487,	
emésis 1 652 1 3790,	
comunicados 2 652 2 1832,3640,	
incrementarse 2 652 2 250,317,	
esperada 1 652 1 246,	
clínica 5 652 5 245,1319,2302,2702,2755,	
respuesta 9 652 9 244,291,331,360,3961,3977,4066,4320,4335,	
obtiene 1 652 1 242,	
tratamiento 47 652 47 239,284,391,627,658,667,672,733,791,807,839,870,937,1050,1059,1101,1177,1180,1209,1227,1231,1307,1421,1442,1506,1733,1740,1753,1775,1816,1885,1944,1993,2020,2071,2164,2172,2179,2185,2341,2854,3543,3612,3683,4151,4206,4272,	
sanguíneas 1 652 1 3338,	
semanas 7 652 7 237,689,1303,1921,1957,2069,4210,	
después 6 652 6 234,722,3072,3548,3806,4773,	
conjuntivo 1 652 1 3399,	
oral 8 652 8 232,2359,4859,4889,4902,4925,4937,5008,	
vía 5 652 5 231,4609,4821,4901,4936,	
día) 3 652 3 229,266,311,	
veces 6 652 6 227,264,309,4894,5036,5110,	
antidepresiva 1 652 1 3889,	
(37 1 652 1 223,	
fraccionadas 2 652 2 222,260,	
administrados 3 652 3 218,256,4043,	
día 5 652 5 217,255,300,342,4042,	
recaptación 8 652 8 1592,1619,1676,2258,3580,3927,3938,4007,	
recomendada 4 652 4 211,336,4071,5040,	
dosis 45 652 45 209,221,248,259,286,295,305,314,334,346,373,434,442,470,511,545,676,727,741,751,1073,1241,1512,1818,1827,1907,1951,2086,2408,2914,3361,4036,4046,4069,4121,4137,4144,4323,4330,4482,4580,4616,4779,5038,5112,	
náuseas 4 652 4 1852,2194,3308,3660,	
La 24 652 24 208,333,441,469,1264,1317,1482,2560,2631,2880,2921,3615,3814,3826,4358,4460,4645,4693,4793,4857,4981,5006,5099,5246,	
Si 4 652 4 233,267,920,3046,	
habitual 4 652 4 207,210,356,4331,	
retirada 15 652 15 654,701,731,1729,1747,1803,1831,1972,1976,3062,3606,3616,3635,3639,3679,	
Dosis 1 652 1 206,	
efecto 5 652 5 2311,2417,4088,4113,4665,	
administración 16 652 16 205,410,2632,2798,2848,2922,3103,3261,3357,3815,3982,3989,4480,4646,4741,4776,	
Posología 1 652 1 201,	
episodios 3 652 3 198,618,1214,	
nuevos 1 652 1 197,	
recurrencias 2 652 2 195,380,	
moderada 3 652 3 507,4855,4963,	
depresivo 4 652 4 193,1367,1383,4454,	
unión 2 652 2 2826,2859,	
episodio 1 652 1 192,	
antidiurética 2 652 2 1193,3387,	
recaídas 3 652 3 190,378,4232,	
Prevención 3 652 3 187,365,4179,	
< 2 652 2 3239,3246,	
depresión 11 652 11 186,276,370,383,621,1265,1561,4018,4186,4194,4256,	
Este 3 652 3 1283,1622,2099,	
Tratamiento 3 652 3 183,614,3758,	
terapéuticas 1 652 1 182,	
Indicaciones 1 652 1 181,	
vértigo 2 652 2 2197,3743,	
CLÍNICOS 1 652 1 178,	
DATOS 2 652 2 177,5128,	
4 27 652 27 176,179,199,612,704,705,707,756,845,847,848,1585,1761,1982,2136,2492,3009,3143,3207,3556,3602,3668,3672,3698,4503,4563,5172,	
ranura 1 652 1 172,	
superior 1 652 1 153,	
cara 2 652 2 152,175,	
impresa 1 652 1 149,	
e 6 652 6 148,593,885,897,4171,5065,	
""W50"" 1 652 1 146,	
datos 4 652 4 580,953,3685,4079,	
escudo 1 652 1 134,	
caras 1 652 1 126,	
farmacocinéticas 4 652 4 2462,2498,2787,4458,	
ambas 2 652 2 125,2664,	
grabada 2 652 2 123,147,	
5"" 1 652 1 122,	
""37 1 652 1 121,	
inscripción 2 652 2 120,145,	
biselados 3 652 3 117,142,169,	
bordes 3 652 3 116,141,168,	
planos 3 652 3 113,138,165,	
melocotón 3 652 3 112,137,164,	
depleción 1 652 1 1199,	
color 3 652 3 111,136,163,	
cápsula 2 652 2 109,161,	
forma 14 652 14 107,132,159,203,319,753,1029,1757,1909,2400,2517,3624,4263,4631,	
Vandral 27 652 27 101,127,154,414,436,547,644,759,864,2897,2925,3162,3545,3856,3891,4031,4199,4219,4240,4261,4288,4308,4618,4648,5296,5305,5313,	
Comprimido 1 652 1 100,	
FARMACÉUTICA 1 652 1 99,	
FORMA 1 652 1 98,	
3 13 652 13 97,304,326,757,2026,4045,4106,4564,5001,5109,5165,5169,5330,	
sección 4 652 4 94,1981,3601,3671,	
mostraron 1 652 1 4395,	
ver 2 652 2 93,3600,	
excipientes 4 652 4 92,775,2098,5135,	
completa 1 652 1 90,	
lista 1 652 1 89,	
consultar 1 652 1 87,	
IMAO 5 652 5 819,826,842,2167,2187,	
Para 1 652 1 86,	
Normalmente 2 652 2 371,1911,	
9 3 652 3 84,3699,5321,	
54 1 652 1 83,	
deteriorar 1 652 1 3177,	
6 13 652 13 68,95,3010,4224,4275,5127,5131,5158,5164,5171,5188,5238,5239,	
36 1 652 1 67,	
27 1 652 1 51,	
Lactosa 4 652 4 50,66,82,5138,	
Excipientes 3 652 3 49,65,81,	
(hidrocloruro) 3 652 3 45,62,78,	
venlafaxina 82 652 82 44,61,77,445,473,487,600,674,769,793,986,1020,1061,1103,1117,1152,1182,1233,1248,1343,1787,1946,2022,2033,2095,2174,2181,2224,2237,2294,2343,2398,2423,2431,2500,2515,2542,2563,2598,2635,2715,2768,2789,2850,2902,2916,2949,2967,3027,3049,3071,3122,3618,3693,3711,3843,3916,3970,4091,4116,4153,4342,4397,4419,4445,4461,4497,4530,4572,4633,4675,4705,4746,4787,4798,4819,4891,4972,5010,5047,5068,5090,	
contiene 4 652 4 43,60,76,2101,	
utilidad 1 652 1 641,	
comprimido 3 652 3 42,59,75,	
Un 7 652 7 41,58,74,1443,2265,2345,2520,	
CUANTITATIVA 1 652 1 35,	
Y 1 652 1 34,	
CUALITATIVA 1 652 1 33,	
antecedentes 4 652 4 1112,1158,1160,1400,	
COMPOSICION 1 652 1 32,	
2 12 652 12 31,200,220,324,2489,3669,4172,4175,4456,4502,5107,5159,	
75 7 652 7 28,71,79,155,214,5223,5314,	
5 21 652 21 20,38,47,52,103,224,1033,2137,2490,2493,2642,2652,3141,3845,3877,4455,4536,5000,5189,5211,5298,	
frente 1 652 1 914,	
37 6 652 6 19,37,46,102,5210,5297,	
MEDICAMENTO 1 652 1 17,	
DEL 2 652 2 16,5340,	
interrumpirse 1 652 1 830,	
NOMBRE 1 652 1 15,	
atención 1 652 1 1545,	
1 6 652 6 14,96,180,3878,4466,5132,	
ocasiones 1 652 1 1890,	
información 2 652 2 11,822,	
Toda 1 652 1 9,	
irritación) 1 652 1 898,	
medicamento 5 652 5 8,13,2100,2135,5249,	
Basica 1 652 1 6,	
	"Información 1 652 1 5,	
cafeína 1 652 1 2997,	
afecten 1 652 1 1640,	
comprimidos 21 652 21 4,22,26,30,40,57,73,105,130,157,1573,5196,5212,5216,5219,5221,5224,5228,5300,5308,5316,	
30 5 652 5 3,4998,5213,5220,5225,	
mg 33 652 33 2,21,25,29,39,48,53,56,64,69,72,80,85,104,129,156,215,225,253,262,298,307,322,340,2637,2647,4040,4049,4057,4488,5299,5307,5315,	
d-aspártico 1 652 1 4413,	
50 8 652 8 1,24,55,63,128,4048,5218,5306,	
VANDRAL 10 652 10 0,18,23,27,36,54,70,5209,5217,5222,	
