	Prospectos 1 452 1 9713,	
terminal 1 452 1 9604,	
fase 1 452 1 9603,	
detectó 1 452 1 9575,	
raza 1 452 1 9520,	
comparable 1 452 1 9500,	
tolerados 1 452 1 8662,	
22 1 452 1 7946,	
desintegrarlo 1 452 1 7906,	
colocado 1 452 1 7681,	
" 1 452 1 7627,	
""K"" 1 452 1 7626,	
lado 1 452 1 7623,	
marcados 1 452 1 7620,	
moteados 1 452 1 7619,	
redondos 1 452 1 7618,	
plana 1 452 1 7617,	
Comprimidos 1 452 1 7610,	
bucodispersables 7 452 7 7576,7722,7981,8019,8659,8677,8710,	
	EU/1/00/161/022-034 1 452 1 7506,	
incorporada 1 452 1 7425,	
polivinilo 1 452 1 7412,	
Tutti-Frutti 1 452 1 7346,	
sabor 1 452 1 7344,	
(E464)) 1 452 1 7343,	
(E172) 1 452 1 7340,	
rojo 2 452 2 7339,7613,	
hierro 1 452 1 7338,	
óxido 1 452 1 7336,	
(contiene 1 452 1 7335,	
Opatint 1 452 1 7333,	
Colorante 1 452 1 7332,	
polacrilina 1 452 1 7329,	
(E951) 1 452 1 7328,	
manitol 1 452 1 7326,	
gelatina 1 452 1 7325,	
evaluó 1 452 1 7286,	
hamster 1 452 1 7275,	
bolsa 1 452 1 7271,	
membrana 2 452 2 7267,7299,	
irritación 2 452 2 7264,7296,	
probó 1 452 1 7259,	
rápida 2 452 2 7257,7291,	
disolución 2 452 2 7256,7290,	
significativo 2 452 2 7251,7283,	
local 2 452 2 7250,7282,	
irritante 2 452 2 7249,7281,	
3-OH- 1 452 1 7139,	
Tmax 2 452 2 7126,7137,	
prolongó 1 452 1 7124,	
influyó 1 452 1 7108,	
cruzados 2 452 2 7088,9710,	
correspondió 2 452 2 6866,9434,	
administrados 2 452 2 6282,8850,	
aumento 2 452 2 6267,8835,	
convencional 2 452 2 6128,8691,	
bioequivalente 2 452 2 6122,8680,	
resultó 2 452 2 6120,8678,	
intervalos 2 452 2 6110,8653,	
documentó 2 452 2 6096,8639,	
fenilcetonuria 2 452 2 5530,8028,	
perjudicial 2 452 2 5526,8024,	
fenilalanina 3 452 3 5522,8008,8021,	
aspartamo 3 452 3 5513,5517,7327,	
75 1 452 1 5510,	
pronto 2 452 2 5447,7937,	
Debe 2 452 2 5442,7932,	
ingerir 2 452 2 5439,7929,	
inmediatamente 2 452 2 5430,7920,	
desintegrarla 1 452 1 5421,	
extrae 2 452 2 5414,7901,	
cuidadosamente 2 452 2 5409,7896,	
despegando 2 452 2 5408,7895,	
abre 2 452 2 5407,7894,	
utilización 2 452 2 5405,7892,	
Inmediatamente 2 452 2 5401,7888,	
líquido 3 452 3 5272,5437,7927,	
u 3 452 3 5270,5435,7925,	
necesita 3 452 3 5268,5433,7923,	
dispersa 3 452 3 5264,5429,7919,	
colocada 1 452 1 5229,	
	Liofilizado 1 452 1 5175,	
liofilizado 14 452 14 5143,5154,5227,5261,5418,6087,6118,6141,7094,7119,7381,7465,8630,8697,	
	EU/1/00/161/014-021 1 452 1 5075,	
calibrada 1 452 1 5028,	
rígida 1 452 1 5027,	
poliestireno 1 452 1 5024,	
potásica 1 452 1 7330,	
cucharilla 1 452 1 5020,	
incluye 1 452 1 5018,	
producto 2 452 2 5016,5507,	
superficie 2 452 2 5012,7616,	
LDPE 1 452 1 5009,	
(PvDC) 1 452 1 5007,	
polivinilideno 1 452 1 5006,	
(EVA) 1 452 1 5002,	
etilenevinilacetato 1 452 1 5001,	
espuma 1 452 1 4998,	
Polietileno 1 452 1 4993,	
tapones 1 452 1 4988,	
prueba 1 452 1 4984,	
polipropileno 1 452 1 4982,	
tapón 1 452 1 4980,	
cerrados 1 452 1 4977,	
III 1 452 1 4976,	
tipo 1 452 1 4975,	
ambar 1 452 1 4974,	
vidrio 1 452 1 4973,	
300 1 452 1 4970,	
225 1 452 1 4968,	
60 1 452 1 4964,	
frascos 1 452 1 4960,	
naranja 1 452 1 4916,	
color 2 452 2 4915,7612,	
(chicle) 1 452 1 4914,	
natural 1 452 1 4911,	
aroma 1 452 1 4910,	
purificada 1 452 1 4908,	
agua 4 452 4 4907,5269,5434,7924,	
disódico 1 452 1 4906,	
edetato 1 452 1 4905,	
benzoato 1 452 1 4903,	
sódico 2 452 2 4902,4904,	
citrato 1 452 1 4901,	
anhidro 2 452 2 4900,7349,	
cítrico 2 452 2 4899,7348,	
ácido 2 452 2 4898,7347,	
sorbitol 1 452 1 4897,	
Propilenglicol 1 452 1 4896,	
AUC 2 452 2 4660,7114,	
presentaron 1 452 1 4657,	
bioequivalentes 2 452 2 4643,7102,	
formulaciones 3 452 3 4637,7100,8683,	
cruzado 1 452 1 4633,	
(LDPE) 1 452 1 4997,	
trataron 1 452 1 4541,	
120 2 452 2 4525,4966,	
(AUC) 1 452 1 4490,	
diagnosticados 1 452 1 4484,	
parámetros 1 452 1 4456,	
alrededor 3 452 3 4434,4494,4504,	
Cmax 5 452 5 4433,4502,4662,7116,9588,	
Estos 2 452 2 4429,9584,	
resultaron 1 452 1 4423,	
sanos 2 452 2 4420,9573,	
formulación 7 452 7 4414,4469,6125,6149,8227,8717,9567,	
Baja 1 452 1 4995,	
Caucásicos 2 452 2 4394,9530,	
pediátricos) 4 452 4 4391,4400,9527,9536,	
16 2 452 2 4389,9525,	
(18 2 452 2 4386,9522,	
Raza 1 452 1 4384,	
(6 4 452 4 4366,4379,9503,9513,	
fenotipo 2 452 2 4359,9495,	
farmacocinéticos 3 452 3 4341,4457,9478,	
evaluar 1 452 1 4239,	
puntos 1 452 1 4236,	
función 1 452 1 4226,	
mejoría 1 452 1 4182,	
Una 1 452 1 4181,	
excluyeron 1 452 1 4166,	
finalizar 1 452 1 4134,	
(9 1 452 1 3603,	
extrapolarse 1 452 1 3537,	
curso 1 452 1 3507,	
Así 1 452 1 3503,	
adulta 1 452 1 3502,	
poblaciones 3 452 3 3499,4403,9539,	
recomendadas 2 452 2 3484,4653,	
administran 1 452 1 3481,	
ECG 3 452 3 3476,6112,8655,	
vitales 3 452 3 3471,6106,8649,	
signos 3 452 3 3470,6105,8648,	
análisis 1 452 1 3468,	
instantáneamente 1 452 1 5265,	
informes 1 452 1 3465,	
tolerado 3 452 3 3462,6091,8634,	
edad) 2 452 2 3446,3457,	
(de 2 452 2 3440,3451,	
antihistamínica 1 452 1 3429,	
candidatos 1 452 1 3426,	
pediátricos 8 452 8 3415,3526,3807,4371,4476,4538,4656,9507,	
tres 1 452 1 3413,	
Rojo 1 452 1 7334,	
pediatría 1 452 1 3404,	
independientes 2 452 2 3402,4649,	
investigado 2 452 2 3399,3804,	
incluían 1 452 1 3094,	
serie 3 452 3 3090,4336,9473,	
involucraban 1 452 1 3083,	
A 3 452 3 3075,6113,8669,	
insomnio 1 452 1 3070,	
fiebre 1 452 1 3065,	
(3 1 452 1 3062,	
diarrea 1 452 1 3061,	
23 1 452 1 3047,	
bebés 1 452 1 3038,	
meses 2 452 2 3007,3048,	
comprendidas 2 452 2 3004,3043,	
edades 2 452 2 3003,3042,	
246 1 452 1 3000,	
negra 2 452 2 4385,9521,	
pediátrica 4 452 4 2991,3500,3541,8233,	
alérgicas 1 452 1 2794,	
provocar 1 452 1 2792,	
E110 2 452 2 2789,4917,	
Densidad 1 452 1 4996,	
colorante 1 452 1 2788,	
agente 1 452 1 2787,	
deben 1 452 1 2780,	
isomaltasa 1 452 1 2778,	
sacarasa- 1 452 1 2777,	
deficiencia 1 452 1 2775,	
mala 1 452 1 2769,	
fructosa 1 452 1 2768,	
hereditaria 1 452 1 2765,	
raras 1 452 1 2762,	
alteraciones 1 452 1 2761,	
sorbitol; 1 452 1 2755,	
sacarosa 2 452 2 2753,4909,	
sido 2 452 2 2733,4581,	
alérgica/urticaria 1 452 1 3511,	
< 2 452 2 2726,4574,	
pobres 8 452 8 2677,2707,2725,4426,4475,4537,4573,9581,	
metabolizadores 9 452 9 2676,2706,2716,2724,4425,4474,4536,4572,9580,	
fenotípicamente 1 452 1 2675,	
Aproximadamente 1 452 1 2658,	
adecuadas 2 452 2 2657,4544,	
laboratorio 3 452 3 2654,6101,8644,	
físicos 3 452 3 2650,6104,8647,	
exámenes 3 452 3 2649,6103,8646,	
estructurales 1 452 1 2642,	
anormalidades 1 452 1 2641,	
respiratorio 1 452 1 2637,	
infección 1 452 1 2634,	
considerarse 1 452 1 2630,	
Deben 1 452 1 2629,	
distinto 1 452 1 8255,	
distinguir 1 452 1 2623,	
difícil 1 452 1 2621,	
especialmente 1 452 1 2620,	
diagnóstico 1 452 1 2614,	
(2 5 452 5 2413,3066,3071,4395,9531,	
11 12 452 12 2409,2670,2700,3009,3023,3420,3454,4176,4375,4480,7670,9511,	
25 2 452 2 2396,3438,	
Niños 4 452 4 2386,2405,3416,7666,	
infecciosa 1 452 1 2383,	
apoyen 1 452 1 2377,	
4) 1 452 1 2370,	
infeccioso 1 452 1 2366,	
origen 1 452 1 2365,	
son 5 452 5 2363,2674,2705,2715,3520,	
casos 1 452 1 2353,	
mayoría 1 452 1 2350,	
debe 1 452 1 2344,	
médico 1 452 1 2343,	
tomarse 5 452 5 2314,5276,5443,7763,7933,	
ml 7 452 7 2250,2394,2412,2432,4971,5032,5035,	
jarabe 20 452 20 2243,2252,2400,2418,2437,2596,2694,2722,2993,3034,3395,3409,3800,4471,4569,4641,4680,4956,8229,8247,	
mg/ml 1 452 1 2242,	
eu/ 3 452 3 2234,5135,7566,	
europa 3 452 3 2233,5134,7565,	
emea 3 452 3 2232,5133,7564,	
//www 3 452 3 2231,5132,7563,	
http 3 452 3 2230,5131,7562,	
(EMEA) 3 452 3 2229,5130,7561,	
Medicamento 3 452 3 2228,5129,7560,	
Agencia 3 452 3 2225,5126,7557,	
web 3 452 3 2222,5123,7554,	
pagina 3 452 3 2221,5122,7553,	
disponible 3 452 3 2218,5119,7550,	
TEXTO 3 452 3 2210,5111,7542,	
REVISIÓN 3 452 3 2208,5109,7540,	
2006 3 452 3 2203,5104,7535,	
revalidación 3 452 3 2198,5099,7530,	
última 3 452 3 2197,5098,7529,	
2001 3 452 3 2193,5094,7525,	
Enero 6 452 6 2191,2201,5092,5102,7523,7533,	
autorización 3 452 3 2188,5089,7520,	
primera 3 452 3 2187,5088,7519,	
Fecha 6 452 6 2184,2194,5085,5095,7516,7526,	
AUTORIZACIÓN/RENOVACIÓN 3 452 3 2180,5081,7512,	
PRIMERA 3 452 3 2179,5080,7511,	
FECHA 6 452 6 2176,2205,5077,5106,7508,7537,	
	EU/1/00/161/001-013 1 452 1 2174,	
NÚMEROS 3 452 3 2169,5070,7501,	
Bélgica 3 452 3 2167,5068,7499,	
Bruxelles 3 452 3 2166,5067,7498,	
B-1180 3 452 3 2165,5066,7497,	
73 3 452 3 2164,5065,7496,	
Europe 3 452 3 2160,5061,7492,	
	SP 3 452 3 2159,5060,7491,	
COMERCIALIZACIÓN 6 452 6 2158,2173,5059,5074,7490,7505,	
AUTORIZACIÓN 9 452 9 2156,2171,2183,5057,5072,5084,7488,7503,7515,	
abra 2 452 2 5450,7940,	
LA 12 452 12 2155,2178,2182,2207,5056,5079,5083,5108,7487,7510,7514,7539,	
tuvieron 1 452 1 4431,	
TITULAR 3 452 3 2153,5054,7485,	
especial 3 452 3 2151,5052,7483,	
envases 3 452 3 2143,5044,7475,	
tamaños 3 452 3 2141,5042,7473,	
comercializados 3 452 3 2139,5040,7471,	
estén 3 452 3 2138,5039,7470,	
estudiada 1 452 1 4582,	
Puede 3 452 3 2135,5036,7467,	
100 3 452 3 2133,4965,7462,	
ó 3 452 3 2132,3447,7461,	
21 2 452 2 2129,7458,	
15 8 452 8 2127,2189,2199,5090,5100,7456,7521,7531,	
10 7 452 7 2125,2204,2431,3490,5105,7454,7536,	
Envases 2 452 2 2118,7447,	
Europea 3 452 3 2226,5127,7558,	
calor 2 452 2 2117,7446,	
medio 2 452 2 2115,7444,	
sella 2 452 2 2113,7442,	
térmico 2 452 2 2104,7433,	
vinílica 2 452 2 2101,7430,	
capa 3 452 3 2100,4991,7429,	
recubierta 2 452 2 2097,7426,	
producto) 4 452 4 2091,2110,7419,7439,	
contacto 5 452 5 2088,2107,5014,7416,7436,	
(superficie 4 452 4 2086,2105,7414,7434,	
Polivinilo 1 452 1 2084,	
(PCTFE)/Cloruro 1 452 1 2082,	
policlorotrifluoroetileno 1 452 1 2081,	
película 2 452 2 2079,7408,	
constan 2 452 2 2076,7405,	
materiales 2 452 2 2073,7402,	
aluminio 4 452 4 2071,2096,7400,7424,	
blister 8 452 8 2066,2075,5411,5452,7395,7404,7898,7942,	
lámina 2 452 2 2064,7393,	
cloruro 2 452 2 5004,7410,	
formado 2 452 2 2061,7390,	
unitaria 2 452 2 2060,7389,	
blisters 2 452 2 2057,7386,	
presenta 3 452 3 2055,4958,7384,	
contenido 3 452 3 2050,4952,7377,	
Naturaleza 3 452 3 2048,4950,7375,	
original 3 452 3 2045,4947,7372,	
Conservar 3 452 3 2041,4943,7368,	
30ºC 2 452 2 2040,4942,	
temperatura 2 452 2 2037,4939,	
conservación 3 452 3 2033,4935,7367,	
Precauciones 6 452 6 2030,2146,4932,5047,7364,7478,	
validez 3 452 3 2025,4927,7359,	
procede 3 452 3 2020,4922,7354,	
Incompatibilidades 3 452 3 2018,4920,7352,	
blanca 1 452 1 2015,	
carnauba 1 452 1 2013,	
cera 2 452 2 2011,2014,	
150 1 452 1 4967,	
400) 1 452 1 2010,	
transparente 2 452 2 2006,5025,	
(E132)) 1 452 1 2004,	
indigotina 1 452 1 2003,	
400 1 452 1 2002,	
macrogol 2 452 2 2001,2009,	
titanio 1 452 1 2000,	
dióxido 1 452 1 1998,	
hipromelosa 3 452 3 1997,2008,7342,	
monohidrato 1 452 1 1996,	
(conteniendo 2 452 2 1994,2007,	
Recubrimiento 1 452 1 1989,	
talco 1 452 1 1988,	
almidón 1 452 1 1985,	
celulosa 1 452 1 1983,	
dihidrato 1 452 1 1982,	
cálcico 1 452 1 1981,	
fosfato 1 452 1 1980,	
hidrógeno 1 452 1 1979,	
Núcleo 1 452 1 1976,	
	6 3 452 3 1971,4891,7320,	
FARMACÉUTICOS 3 452 3 1970,4890,7319,	
carcinogénico 3 452 3 1957,4878,7307,	
potencial 3 452 3 1956,4877,7306,	
ausencia 4 452 4 1954,2632,4875,7304,	
demostró 4 452 4 1952,3411,4873,7302,	
genotoxicidad 3 452 3 1945,4866,7238,	
tenían 1 452 1 9586,	
repetidas 3 452 3 1944,4865,7237,	
convencionales 3 452 3 1936,4857,7229,	
seres 3 452 3 1931,4852,7224,	
riesgos 3 452 3 1927,4848,7220,	
muestran 4 452 4 1926,2681,4847,7219,	
Ninguna 3 452 3 2150,5051,7482,	
datos 8 452 8 1917,2375,3473,3528,4838,6108,7210,8651,	
niveles 3 452 3 1910,4831,7203,	
toxicidad 9 452 9 1904,1941,1947,4825,4862,4868,7197,7234,7240,	
cuantitativas 3 452 3 1899,4820,7192,	
cualitativas 3 452 3 1897,4818,7190,	
hay 4 452 4 1895,2374,4816,7188,	
demostraron 3 452 3 1892,4813,7185,	
cabo 6 452 6 1887,1962,4808,4883,7180,7312,	
llevados 6 452 6 1885,1960,4806,4881,7178,7310,	
primario 3 452 3 1878,4799,7171,	
preclínicos 3 452 3 1870,4791,7163,	
pomelo 3 452 3 1859,4780,7152,	
zumo 3 452 3 1857,4778,7150,	
disponibilidad 5 452 5 1850,1863,4771,4784,7156,	
grasas) 2 452 2 1847,4768,	
Cuando 1 452 1 3479,	
rico 2 452 2 1845,4766,	
calórico 2 452 2 1844,4765,	
altamente 2 452 2 1843,4764,	
(desayuno 2 452 2 1842,4763,	
ningún 2 452 2 1837,4758,	
utilizando 2 452 2 1826,4747,	
P-glicoproteína 4 452 4 1819,4740,7085,9707,	
inhibidor 4 452 4 1816,4737,7082,9704,	
sustrato 4 452 4 1813,4734,7079,9701,	
CYP2D6 4 452 4 1807,4728,7073,9695,	
CYP3A4 4 452 4 1794,4715,7060,9682,	
vivo 4 452 4 1789,4710,7055,9677,	
excluir 4 452 4 1780,4701,7046,9668,	
metabolismo 4 452 4 1769,4690,7035,9657,	
responsable 4 452 4 1767,4688,7033,9655,	
enzima 4 452 4 1766,4687,7032,9654,	
identificado 4 452 4 1764,4685,7030,9652,	
relevante 5 452 5 1755,4621,7021,7111,9643,	
evidencia 4 452 4 1753,4619,7019,9641,	
existe 4 452 4 1752,4618,7018,9640,	
mg) 7 452 7 1747,2397,2415,2434,4613,7013,9635,	
(5 5 452 5 1743,2433,4609,7009,9631,	
proteínas 4 452 4 1731,4593,6997,9619,	
87 4 452 4 1728,4590,6994,9616,	
(83 4 452 4 1725,4587,6991,9613,	
	"Comprimido 1 452 1 7608,	
une 4 452 4 1723,4585,6989,9611,	
diferente 4 452 4 1715,4558,6981,9551,	
perfil 9 452 9 1707,1902,3516,4549,4823,6973,7195,8257,9543,	
89 4 452 4 1704,4452,6970,9607,	
alta 7 452 7 1691,2685,4352,4439,4499,4511,6957,	
étnicos 2 452 2 1680,6946,	
antecedentes 2 452 2 1679,6945,	
variar 2 452 2 1676,6942,	
envase 3 452 3 2052,4954,7379,	
porcentaje 2 452 2 1674,6940,	
pobre 2 452 2 4361,9498,	
Este 6 452 6 1673,2750,2784,5506,6939,8001,	
alcanzó 4 452 4 1667,4348,6933,9485,	
sujetos 12 452 12 1666,4347,4370,4418,4422,4430,4473,4555,6932,9571,9578,9585,	
general 6 452 6 1656,1720,4564,6922,6986,9556,	
población 9 452 9 1655,1719,2990,3540,4562,6921,6985,8232,9555,	
año 1 452 1 2602,	
comparables 5 452 5 1650,1911,4832,6916,7204,	
demográficos 2 452 2 1646,6912,	
farmacocinético 5 452 5 1640,4407,4462,6906,9560,	
proporcional 4 452 4 1624,4321,6890,9458,	
terapia 1 452 1 3428,	
biodisponibilidad 4 452 4 1619,4316,6885,9453,	
frecuencia 4 452 4 1610,4307,6876,9444,	
horas) 4 452 4 1606,4303,6872,9440,	
estudiados 1 452 1 2734,	
(aproximadamente 4 452 4 1604,4301,6870,9438,	
coherente 2 452 2 1600,4297,	
acumulación 8 452 8 1596,1757,4293,4623,6862,7023,9430,9645,	
grado 4 452 4 1594,4291,6860,9428,	
27 8 452 8 1591,1605,4288,4302,6857,6871,9425,9439,	
claro 1 452 1 7614,	
eliminación 11 452 11 1587,1701,2149,4284,4449,4522,5050,6853,6967,7481,9421,	
semivida 13 452 13 1585,1603,1699,4282,4300,4447,4520,6851,6869,6965,9419,9437,9600,	
horas; 4 452 4 1583,4280,6849,9417,	
aproximadamente 17 452 17 1581,1590,1694,1703,4278,4287,4442,4451,4524,6847,6856,6960,6969,9415,9424,9597,9606,	
máxima 6 452 6 1578,1683,4275,6844,6949,9412,	
fuente 1 452 1 5520,	
concentración 10 452 10 1577,1669,1682,4274,4350,6843,6935,6948,9411,9487,	
carrillo 1 452 1 7273,	
minutos 4 452 4 1567,4258,6833,9401,	
30 7 452 7 1566,2130,4257,4962,6832,7459,9400,	
transcurridos 4 452 4 1565,4256,6831,9399,	
detectar 4 452 4 1562,4253,6828,9396,	
ambas 2 452 2 4402,9538,	
farmacocinéticas 4 452 4 1554,4245,6820,9388,	
variables 4 452 4 1550,4241,6816,9384,	
valorar 3 452 3 1548,6814,9382,	
valores 6 452 6 1545,1645,4658,6811,6911,9379,	
cuatro 6 452 6 1544,4235,4421,6810,9378,9577,	
mucosa 2 452 2 7268,7300,	
Lista 3 452 3 1973,4893,7322,	
escala 4 452 4 1542,4233,6808,9376,	
mediante 5 452 5 1540,6097,6806,8640,9374,	
medida 5 452 5 1539,4230,5022,6805,9373,	
vigilia 4 452 4 1538,4229,6804,9372,	
sueño 4 452 4 1535,4227,6801,9369,	
relación 3 452 3 1532,6798,9366,	
interferencia 4 452 4 1529,4223,6795,9363,	
redujo 4 452 4 1526,4220,6792,9360,	
El 15 452 15 1521,1593,1706,2342,3458,4215,4290,4548,5008,5516,6787,6859,6972,9355,9427,	
55 4 452 4 1501,4195,6767,9335,	
maíz 1 452 1 1987,	
50 7 452 7 1497,2131,4189,4963,6763,7460,9331,	
respondedores 4 452 4 1483,4177,6749,9317,	
minoría 4 452 4 1475,4168,6741,9309,	
excluyó 3 452 3 1472,6738,9306,	
mantuvieron 4 452 4 1449,4146,6715,9283,	
dosificación 11 452 11 1442,1612,1736,4309,4598,6708,6878,7002,9276,9446,9624,	
primer 4 452 4 1439,4136,6705,9273,	
final 3 452 3 1437,6703,9271,	
ronchas 4 452 4 1434,4131,6700,9268,	
número 4 452 4 1432,4129,6698,9266,	
Datos 3 452 3 1869,4790,7162,	
tamaño 4 452 4 1430,4127,6696,9264,	
prurito 8 452 8 1424,1493,4121,4185,6690,6759,9258,9327,	
seis 4 452 4 1407,4104,6673,9241,	
clínicas 4 452 4 1399,4096,6665,9233,	
directrices 4 452 4 1398,4095,6664,9232,	
además 4 452 4 1385,4082,6651,9219,	
sea 6 452 6 1372,4069,6143,6638,8711,9206,	
espera 6 452 6 1369,4066,6135,6635,8703,9203,	
enfermedades 4 452 4 1365,4062,6631,9199,	
causal 4 452 4 1361,4058,6627,9195,	
factor 4 452 4 1360,4057,6626,9194,	
Como 8 452 8 1353,1458,4050,4155,6619,6724,9187,9292,	
prospectiva 4 452 4 1352,4049,6618,9186,	
crónicos 4 452 4 1347,4044,6613,9181,	
reclutar 4 452 4 1343,4040,6609,9177,	
etiología 4 452 4 1338,4035,6604,9172,	
similar 7 452 7 1333,3028,4030,4363,6599,8241,9167,	
subyacente 4 452 4 1331,4028,6597,9165,	
patofisiología 4 452 4 1330,4027,6596,9164,	
cursan 8 452 8 1324,1382,4021,4079,6590,6648,9158,9216,	
afecciones 8 452 8 1322,1380,4019,4077,6588,6646,9156,9214,	
modelo 4 452 4 1319,4016,6585,9153,	
estudió 4 452 4 1313,4010,6579,9147,	
limitadas 4 452 4 1308,4005,6574,9142,	
diarias 4 452 4 1307,4004,6573,9141,	
actividades 4 452 4 1306,4003,6572,9140,	
prácticos 4 452 4 1302,3999,6568,9136,	
áreas 4 452 4 1298,3995,6564,9132,	
mejora 7 452 7 1293,1490,3990,6559,6756,9127,9324,	
mayor 8 452 8 1292,1670,3989,4382,6558,6936,9126,9488,	
rino-conjuntivitis 4 452 4 1290,3987,6556,9124,	
vida 4 452 4 1288,3985,6554,9122,	
calidad 4 452 4 1286,3983,6552,9120,	
cuestionario 4 452 4 1284,3981,6550,9118,	
total 5 452 5 1282,2998,3979,6548,9116,	
puntuación 4 452 4 1281,3978,6547,9115,	
muestra 4 452 4 1279,3976,6545,9113,	
aliviar 4 452 4 1269,3966,6535,9103,	
semanas 12 452 12 1239,1264,1408,3935,3960,4105,6505,6530,6674,9073,9098,9242,	
presencia 9 452 9 1223,1248,3919,3944,6489,6514,7104,9057,9082,	
define 8 452 8 1220,1245,3916,3941,6486,6511,9054,9079,	
moderadamente 4 452 4 1724,4586,6990,9612,	
duración 8 452 8 1211,1410,3907,4107,6477,6676,9045,9244,	
embalaje 3 452 3 2044,4946,7371,	
alternativamente 4 452 4 1200,3896,6466,9034,	
clasificar 4 452 4 1199,3895,6465,9033,	
perenne 4 452 4 1193,3889,6459,9027,	
establecidas 4 452 4 1189,3885,6455,9023,	
clasificaciones 4 452 4 1188,3884,6454,9022,	
Además 5 452 5 1185,3881,6451,8656,9019,	
claramente 4 452 4 1172,3868,6438,9006,	
	Jarabe 1 452 1 2273,	
horas 24 452 24 1162,1457,1592,1696,1705,3858,4154,4289,4444,4453,4517,4526,6428,6723,6858,6962,6971,7134,7145,8996,9291,9426,9596,9608,	
24 8 452 8 1161,1456,3857,4153,6427,6722,8995,9290,	
eficazmente 4 452 4 1157,3853,6423,8991,	
controló 4 452 4 1156,3852,6422,8990,	
paladar 4 452 4 1154,3850,6419,8987,	
enrojecimiento 4 452 4 1149,3845,6414,8982,	
lagrimeo 4 452 4 1147,3843,6412,8980,	
escozor 4 452 4 1146,3842,6411,8979,	
relativas 3 452 3 3699,6316,8884,	
nasal 4 452 4 1143,3839,6408,8976,	
cuenta 1 452 1 2347,	
picor 8 452 8 1142,1152,3838,3848,6407,6417,8975,8985,	
rinorrea 4 452 4 1140,3836,6405,8973,	
estornudos 4 452 4 1139,3835,6404,8972,	
eficaz 16 452 16 1131,1267,1373,1419,3827,3964,4070,4116,6396,6533,6639,6685,8964,9101,9207,9253,	
sola 4 452 4 1120,3769,6384,8952,	
administraba 4 452 4 1119,3768,6383,8951,	
grupos 6 452 6 1111,3031,3760,6375,8244,8943,	
psicomotoras 4 452 4 1108,3757,6372,8940,	
identificados 4 452 4 1480,4173,6746,9314,	
pruebas 5 452 5 1107,2652,3756,6371,8939,	
resultados 4 452 4 1104,3753,6368,8936,	
significativas 4 452 4 1101,3750,6365,8933,	
diferencias 7 452 7 1100,1896,3749,4817,6364,7189,8932,	
hallaron 4 452 4 1099,3748,6363,8931,	
inducido 4 452 4 1086,3735,6350,8918,	
deterioro 4 452 4 1085,3734,6349,8917,	
aumentó 8 452 8 1083,1094,3732,3743,6347,6358,8915,8926,	
coadministración 4 452 4 1079,3728,6343,8911,	
tareas 4 452 4 1068,3715,6332,8900,	
subjetiva 4 452 4 1066,3713,6330,8898,	
exacerbación 4 452 4 1062,3709,6326,8894,	
incluyendo 5 452 5 1060,3477,3707,6324,8892,	
vuelo 8 452 8 1059,1072,3706,3719,6323,6336,8891,8904,	
realización 4 452 4 1057,3704,6321,8889,	
estándar 4 452 4 1055,3698,6315,8883,	
normales 1 452 1 2717,	
adultos 29 452 29 1046,2664,3085,3222,3524,3535,3550,3584,3594,3642,3672,3689,3726,3818,4265,4365,4388,4397,4419,4533,4604,4670,6306,8263,8874,9502,9524,9533,9572,	
realizado 7 452 7 1044,3687,4411,4466,6304,8872,9564,	
estudio 10 452 10 1040,1855,3683,4406,4461,4776,6300,7148,8868,9559,	
psicomotriz 4 452 4 1037,3680,6297,8865,	
afectó 11 452 11 1033,1051,1861,3676,3694,4782,6293,6311,7154,8861,8879,	
única 15 452 15 1027,1043,1825,3666,3686,4632,4648,4746,6085,6287,6303,7091,8628,8855,8871,	
(PVC) 2 452 2 2085,7413,	
diaria 5 452 5 1026,3433,3665,6286,8854,	
administrado 2 452 2 1022,3661,	
absorbe 4 452 4 1573,4270,6839,9407,	
comparación 8 452 8 1015,1510,3653,4204,6274,6776,8842,9344,	
hubo 6 452 6 1008,1836,3646,4757,6266,8834,	
controlados 8 452 8 997,1403,3631,4100,6255,6669,8823,9237,	
fácilmente 8 452 8 988,1349,3622,4046,6246,6615,8814,9183,	
plasmáticas 13 452 13 981,1557,1732,3487,3793,4248,4594,6239,6823,6998,8807,9391,9620,	
concentraciones 9 452 9 980,1556,3486,3792,4247,6238,6822,8806,9390,	
cambios 4 452 4 975,3787,6233,8801,	
QTc 5 452 5 960,3478,3617,6218,8786,	
prolongación 4 452 4 957,3614,6215,8783,	
observó 14 452 14 956,1295,1488,3613,3992,4192,6214,6561,6754,7246,7278,8782,9129,9322,	
diez 4 452 4 952,3609,6210,8778,	
administró 6 452 6 937,2995,3592,6195,8223,8763,	
estadística 4 452 4 922,3573,6180,8748,	
cardiovasculares 4 452 4 921,3572,6179,8747,	
Periodo 3 452 3 2023,4925,7357,	
14 10 452 10 915,1749,2126,3566,4615,6173,7015,7455,8741,9637,	
20 14 452 14 908,1635,1746,2128,3559,4332,4612,6166,6901,7012,7457,8734,9469,9634,	
múltiple 12 452 12 901,971,3548,3783,4410,4465,6159,6229,8668,8727,8797,9563,	
observaciones 4 452 4 894,3390,6079,8622,	
relevancia 4 452 4 890,3386,6075,8618,	
confirmar 4 452 4 888,3384,6073,8616,	
Todavía 8 452 8 885,1760,3381,4681,6070,7026,8613,9648,	
endoteliales 4 452 4 884,3380,6069,8612,	
adhesión 4 452 4 879,3375,6064,8607,	
molécula 4 452 4 877,3373,6062,8605,	
expresión 4 452 4 874,3370,6059,8602,	
así 9 452 9 868,1144,2643,3364,3840,6053,6409,8596,8977,	
humanos 7 452 7 867,1932,3363,4853,6052,7225,8595,	
cebadas/basófilos 4 452 4 866,3362,6051,8594,	
células 8 452 8 865,883,3361,3379,6050,6068,8593,8611,	
IL-13 4 452 4 862,3358,6047,8590,	
e 6 452 6 861,3069,3357,6046,7341,8589,	
IL-8 4 452 4 860,3356,6045,8588,	
IL-6 4 452 4 859,3355,6044,8587,	
IL-4 4 452 4 858,3354,6043,8586,	
proinflamatorias 4 452 4 855,3351,6040,8583,	
liberación 8 452 8 852,1355,3348,4052,6037,6621,8580,9189,	
inhibición 8 452 8 849,871,3345,3367,6034,6056,8577,8599,	
similares 4 452 4 3496,3521,4458,4665,	
Estas 4 452 4 846,3342,6031,8574,	
vitro 8 452 8 845,1798,3341,4719,6030,7064,8573,9686,	
in 8 452 8 844,1797,3340,4718,6029,7063,8572,9685,	
introduce 2 452 2 5423,7913,	
antialérgicas 4 452 4 841,3337,6026,8569,	
propiedades 4 452 4 840,3336,6025,8568,	
demostrado 12 452 12 839,1171,1800,3335,3867,4721,6024,6437,7066,8567,9005,9688,	
central 8 452 8 835,993,3331,3627,6020,6251,8563,8819,	
19 5 452 5 1513,4207,6779,7331,9347,	
penetra 8 452 8 830,987,3326,3621,6015,6245,8558,8813,	
sustancia 4 452 4 828,3324,6013,8556,	
periféricos 4 452 4 822,3318,6007,8550,	
utilizada 4 452 4 1546,4237,6812,9380,	
receptores 4 452 4 820,3316,6005,8548,	
selectivamente 4 452 4 818,3314,6003,8546,	
bloquea 4 452 4 817,3313,6002,8545,	
periférico 4 452 4 810,3306,5995,8538,	
receptor 4 452 4 808,3304,5993,8536,	
selectiva 4 452 4 805,3301,5990,8533,	
actividad 8 452 8 803,1036,3299,3679,5988,6296,8531,8864,	
sedante 4 452 4 800,3296,5985,8528,	
prolongada 4 452 4 798,3294,5983,8526,	
acción 4 452 4 797,3293,5982,8525,	
histamina 12 452 12 795,825,1357,3291,3321,4054,5980,6010,6623,8523,8553,9191,	
X27 4 452 4 788,3284,5973,8516,	
R06A 4 452 4 787,3283,5972,8515,	
ATC 4 452 4 786,3282,5971,8514,	
código 4 452 4 785,3281,5970,8513,	
antagonista 12 452 12 783,792,804,3279,3288,3300,5968,5977,5989,8511,8520,8532,	
­ 4 452 4 782,3278,5967,8510,	
antihistamínicos 12 452 12 781,1466,1486,3277,4160,4180,5966,6732,6752,8509,9300,9320,	
farmacoterapéutico 4 452 4 780,3276,5965,8508,	
Grupo 4 452 4 779,3275,5964,8507,	
farmacodinámicas 4 452 4 778,3274,5963,8506,	
conservar 2 452 2 2035,4937,	
Propiedades 8 452 8 777,1553,3273,4244,5962,6819,8505,9387,	
	5 4 452 4 775,3271,5960,8503,	
ESTE 4 452 4 773,3269,5958,8501,	
FARMACOLÓGICAS 4 452 4 771,3267,5956,8499,	
PROPIEDADES 4 452 4 770,3266,5955,8498,	
inhibe 8 452 8 1792,1805,4713,4726,7058,7071,9680,9693,	
peritoneal 4 452 4 768,3264,5953,8496,	
diálisis 4 452 4 767,3263,5952,8495,	
eliminada 4 452 4 765,3261,5950,8493,	
In 4 452 4 1788,4709,7054,9676,	
desconoce 4 452 4 761,3257,5946,8489,	
hemodiálisis; 4 452 4 759,3255,5944,8487,	
artificial 1 452 1 4913,	
elimina 4 452 4 757,3253,5942,8485,	
observaron 13 452 13 749,919,974,3245,3570,3786,4455,5934,6177,6232,8477,8745,8800,	
clínica) 8 452 8 746,950,3242,3607,5931,6208,8474,8776,	
veces 14 452 14 743,947,1689,3239,3604,4437,4497,4509,5928,6205,6955,8471,8773,9591,	
(nueve 7 452 7 742,946,3238,5927,6204,8470,8772,	
45 8 452 8 738,942,3234,3599,5923,6200,8466,8768,	
relacionadas 4 452 4 1069,3716,6333,8901,	
múltiples 4 452 4 731,3227,5916,8459,	
base 4 452 4 724,3216,5909,8452,	
soporte 4 452 4 722,3214,5907,8450,	
sintomático 8 452 8 719,1377,3211,4074,5904,6643,8447,9211,	
Se 17 452 17 716,1312,1487,1951,3208,4009,4454,4872,5017,5422,5901,6578,6753,7301,8444,9146,9321,	
absorbido 4 452 4 715,3207,5900,8443,	
eliminar 4 452 4 710,3202,5895,8438,	
habituales 4 452 4 708,3200,5893,8436,	
medidas 8 452 8 707,1054,3199,3697,5892,6314,8435,8882,	
considerar 4 452 4 705,3197,5890,8433,	
sobredosis 4 452 4 702,3194,5887,8430,	
producirse 4 452 4 701,3193,5886,8429,	
Sobredosis 4 452 4 697,3189,5882,8425,	
generales 4 452 4 694,3186,5879,8422,	
oral 19 452 19 815,3311,5144,5155,5176,5228,5262,5419,6000,6088,6119,6142,7095,7120,7382,7466,8543,8631,8698,	
conjuntivo 4 452 4 692,3184,5877,8420,	
tejido 4 452 4 691,3183,5876,8419,	
musculoesqueléticos 4 452 4 688,3180,5873,8416,	
hepatobiliares 4 452 4 686,3178,5871,8414,	
gastrointestinales 4 452 4 684,3176,5869,8412,	
cardiacos 4 452 4 682,3174,5867,8410,	
nervioso 12 452 12 680,834,992,3172,3330,3626,5865,6019,6250,8408,8562,8818,	
Stalle 3 452 3 2163,5064,7495,	
sistema 12 452 12 679,833,991,3171,3329,3625,5864,6018,6249,8407,8561,8817,	
significativamente 5 452 5 1527,4221,6793,8254,9361,	
estacional 10 452 10 1191,1275,1660,3887,3972,6457,6541,6926,9025,9109,	
psiquiátricos 4 452 4 676,3168,5861,8404,	
Trastornos 28 452 28 675,677,681,683,685,687,693,3167,3169,3173,3175,3177,3179,3185,5860,5862,5866,5868,5870,5872,5878,8403,8405,8409,8411,8413,8415,8421,	
Alucinaciones 2 452 2 674,3166,	
postcomercialización 4 452 4 673,3165,5859,8402,	
presentan 4 452 4 662,3154,5848,8391,	
tabla 4 452 4 660,3152,5846,8389,	
siguiente 4 452 4 659,3151,5845,8388,	
9 14 452 14 637,649,696,2175,3074,3188,5076,5823,5835,5881,7507,8366,8378,8424,	
cefalea; 3 452 3 630,5816,8359,	
frecuente 3 452 3 627,5813,8356,	
adversa 3 452 3 625,5811,8354,	
reacción 3 452 3 624,5810,8353,	
polietileno 1 452 1 5000,	
578 3 452 3 613,5799,8342,	
exceso 2 452 2 1011,3649,	
clínico 17 452 17 611,728,898,1320,3220,3545,4017,5797,5913,6102,6156,6586,8340,8456,8645,8724,9154,	
cefalea 4 452 4 604,3145,5790,8333,	
(0 8 452 8 600,605,3141,3146,5786,5791,8329,8334,	
boca 9 452 9 599,3140,5232,5426,5785,7684,7732,7916,8328,	
sequedad 4 452 4 597,3138,5783,8326,	
%) 23 452 23 596,602,607,1729,3064,3068,3073,3137,3143,3148,4367,4380,4591,5782,5788,5793,6995,8325,8331,8336,9504,9514,9617,	
(1 5 452 5 594,2395,3135,5780,8323,	
cansancio 4 452 4 593,3134,5779,8322,	
superior 9 452 9 588,2038,2638,3129,4940,5774,8317,9516,9592,	
incidencia 10 452 10 587,1009,3012,3128,3647,5773,6270,8235,8316,8838,	
notificadas 9 452 9 584,666,3054,3125,3158,5770,5852,8313,8395,	
frecuentes 5 452 5 583,3053,3124,5769,8312,	
Las 8 452 8 579,1555,3120,4246,5765,6821,8308,9389,	
placebo 30 452 30 578,591,656,1017,1115,1405,1520,3036,3059,3119,3132,3655,3764,4102,4214,5764,5777,5842,6276,6379,6671,6786,8250,8307,8320,8385,8844,8947,9239,9354,	
tratados 15 452 15 576,642,1506,1518,3117,4200,4212,5762,5828,6772,6784,8305,8371,9340,9352,	
% 39 452 39 569,638,650,1498,1502,1514,1663,1726,2661,3110,4190,4196,4208,4344,4387,4390,4396,4399,4588,5755,5824,5836,6764,6768,6780,6929,6992,8298,8367,8379,9332,9336,9348,9481,9523,9526,9532,9535,9614,	
reacciones 16 452 16 562,580,664,2793,3016,3050,3103,3121,3156,5747,5766,5850,8238,8290,8309,8393,	
notificaron 4 452 4 561,3102,5746,8289,	
diarios 3 452 3 559,5744,8287,	
recomendada 10 452 10 555,1001,3078,3635,5740,6116,6259,8283,8672,8827,	
dosis 89 452 89 554,730,745,900,940,949,970,1000,1025,1042,1454,1627,1824,1828,1943,2059,3077,3226,3241,3432,3483,3547,3597,3606,3634,3664,3685,3782,4139,4151,4324,4409,4464,4543,4631,4647,4652,4674,4745,4749,4864,5151,5224,5274,5416,5441,5445,5515,5739,5915,5930,6084,6115,6158,6198,6207,6228,6258,6285,6302,6720,6893,7090,7236,7388,7463,7583,7761,7908,7931,7935,8011,8282,8458,8473,8627,8667,8671,8726,8766,8775,8796,8826,8853,8870,9288,9461,9562,9712,	
crónica 21 452 21 551,1317,1390,1416,1470,3100,3513,4014,4087,4113,4164,5736,6583,6656,6682,6736,8279,9151,9224,9250,9304,	
idiopática 21 452 21 550,1316,1389,1415,1469,3099,3512,4013,4086,4112,4163,5735,6582,6655,6681,6735,8278,9150,9223,9249,9303,	
incluyen 7 452 7 545,847,3343,5730,6032,8273,8575,	
indicaciones 4 452 4 543,3092,5728,8271,	
metabolizador 2 452 2 4360,9497,	
intervalo 20 452 20 541,959,1440,1452,1630,3475,3616,4137,4149,4327,5726,6217,6706,6718,6896,8269,8785,9274,9286,9464,	
adversas 19 452 19 535,563,581,665,2984,3017,3051,3104,3122,3157,5720,5748,5767,5851,8218,8239,8291,8310,8394,	
Reacciones 4 452 4 534,2983,5719,8217,	
afectar 4 452 4 523,2972,5708,8206,	
somnolencia 16 452 16 520,1013,1065,1096,2969,3651,3712,3745,5705,6272,6329,6360,8203,8840,8897,8928,	
independencia 4 452 4 1335,4032,6601,9169,	
ocular 4 452 4 1150,3846,6415,8983,	
H1 12 452 12 784,809,821,3280,3305,3317,5969,5994,6006,8512,8537,8549,	
experimentan 4 452 4 519,2968,5704,8202,	
personas 6 452 6 518,2967,5528,5703,8026,8201,	
raramente 8 452 8 516,668,2965,3160,5701,5854,8199,8397,	
reproducción 3 452 3 1950,4871,7243,	
informar 4 452 4 510,2959,5695,8193,	
obstante 5 452 5 507,2956,5692,8190,9541,	
recibieron 9 452 9 504,655,2953,3430,4672,5689,5841,8187,8384,	
disminución 8 452 8 496,1428,2945,4125,5681,6694,8179,9262,	
produjo 7 452 7 495,633,2944,5680,5819,8178,8362,	
evaluaron 4 452 4 488,2937,5673,8171,	
máquinas 8 452 8 483,531,2932,2980,5668,5716,8166,8214,	
utilizar 8 452 8 482,530,2931,2979,5667,5715,8165,8213,	
conducir 12 452 12 480,492,528,2929,2941,2977,5665,5677,5713,8163,8175,8211,	
capacidad 15 452 15 478,490,526,2927,2939,2975,3702,5663,5675,5711,6319,8161,8173,8209,8887,	
Efectos 4 452 4 475,2924,5660,8158,	
7 20 452 20 474,1029,1695,1830,2124,2152,2923,3063,3668,4443,4751,5053,5659,6289,6961,7453,7484,8157,8857,9595,	
periodo 8 452 8 470,671,2919,3163,5655,5857,8153,8400,	
cutáneas 5 452 5 1435,2656,4132,6701,9269,	
mujeres 4 452 4 468,2917,5653,8151,	
materna 4 452 4 456,2905,5641,8139,	
leche 4 452 4 455,2904,5640,8138,	
excreta 4 452 4 452,2901,5637,8135,	
recomienda 16 452 16 441,466,717,1395,2890,2915,3209,4092,5626,5651,5902,6661,8124,8149,8445,9229,	
metabolito 3 452 3 1876,4797,7169,	
Por 7 452 7 436,2756,2885,5621,6131,8119,8699,	
embarazo 8 452 8 435,448,2884,2897,5620,5633,8118,8131,	
obtenidos 2 452 2 3466,4668,	
animales 4 452 4 424,2873,5609,8107,	
estudios 27 452 27 422,843,1796,1882,1920,1935,1959,2871,3339,4645,4717,4803,4841,4856,4880,5607,6028,7062,7087,7175,7213,7228,7309,8105,8571,9684,9709,	
teratogénica 4 452 4 420,2869,5605,8103,	
Desloratadina 19 452 19 417,789,1571,1721,1873,2866,3285,4268,4583,4794,5602,5974,6837,6987,7166,8100,8517,9405,9609,	
lactancia 8 452 8 416,472,2865,2921,5601,5657,8099,8155,	
Embarazo 4 452 4 414,2863,5599,8097,	
comportamiento 8 452 8 407,1092,2856,3741,5592,6356,8090,8924,	
deteriorantes 4 452 4 402,2851,5587,8085,	
efectos 18 452 18 401,750,920,1447,2719,2850,3246,3571,4144,4566,5586,5935,6178,6713,8084,8478,8746,9281,	
detallada 3 452 3 2213,5114,7545,	
potenció 4 452 4 399,2848,5584,8082,	
P-selectina 4 452 4 880,3376,6065,8608,	
alcohol 20 452 20 397,404,1081,1089,1123,2846,2853,3730,3738,3772,5582,5589,6345,6353,6387,8080,8087,8913,8921,8955,	
concomitante 4 452 4 395,2844,5580,8078,	
tomado 4 452 4 392,2841,5577,8075,	
clínica 16 452 16 390,891,931,1077,2838,3387,3582,3724,5574,6076,6189,6341,8072,8619,8757,8909,	
farmacología 15 452 15 389,930,1076,1938,2837,3581,3723,4859,5573,6188,6340,7231,8071,8756,8908,	
ensayo 31 452 31 387,610,727,897,928,1445,1639,1822,2835,3219,3544,3579,4142,4629,4743,5571,5796,5912,6155,6186,6711,6905,7262,7294,8069,8339,8455,8665,8723,8754,9279,	
ketoconazol 8 452 8 380,966,2828,3778,5564,6224,8062,8792,	
eritromicina 8 452 8 378,968,2826,3780,5562,6226,8060,8794,	
conjuntamente 4 452 4 377,2825,5561,8059,	
administraron 12 452 12 376,736,906,2824,3232,3557,5560,5921,6164,8058,8464,8732,	
relevantes 16 452 16 365,752,925,977,2813,3248,3576,3789,5549,5937,6183,6235,8047,8480,8751,8803,	
clínicamente 20 452 20 364,751,924,976,1754,2812,3247,3575,3788,4620,5548,5936,6182,6234,7020,8046,8479,8750,8802,9642,	
interacciones 8 452 8 363,1783,2811,4704,5547,7049,8045,9671,	
observado 5 452 5 362,2810,5546,8044,8260,	
han 9 452 9 361,1799,2732,2809,4720,5545,7065,8043,9687,	
interacción 8 452 8 357,964,2806,3776,5542,6222,8040,8790,	
formas 5 452 5 355,2626,2804,5540,8038,	
medicamentos 9 452 9 352,1787,2801,4708,5537,7053,8035,9675,9715,	
Interacción 4 452 4 348,2797,5533,8031,	
deberán 5 452 5 342,704,3196,5889,8432,	
glucosa-galactosa 2 452 2 340,2773,	
malabsorción 1 452 1 338,	
Lapp 1 452 1 335,	
lactasa 1 452 1 334,	
déficit 1 452 1 332,	
galactosa 1 452 1 330,	
tracto 1 452 1 2636,	
intolerancia 2 452 2 328,2764,	
raros 1 452 1 326,	
microcristalina 1 452 1 1984,	
hereditarios 1 452 1 325,	
problemas 5 452 5 324,1301,3998,6567,9135,	
Los 12 452 12 321,1881,1916,2072,2718,4565,4802,4837,4987,7174,7209,7401,	
2) 4 452 4 320,2689,2749,3494,	
precaución 4 452 4 316,2745,5505,8000,	
utilizarse 4 452 4 314,2743,5503,7998,	
severa 4 452 4 311,2740,5500,7995,	
lactosa 1 452 1 1995,	
renal 4 452 4 310,2739,5499,7994,	
insuficiencia 4 452 4 309,2738,5498,7993,	
caso 11 452 11 307,699,1461,2736,3191,5496,5884,6727,7991,8427,9295,	
menores 7 452 7 300,2357,2599,2607,3810,5489,7984,	
niños 13 452 13 299,2598,2606,2666,2696,2713,3001,3019,3040,3809,4986,5488,7983,	
seguridad 21 452 21 294,430,1709,1872,1940,2593,2691,2879,3406,4551,4793,4861,5483,5615,6975,7165,7233,7974,8113,8259,9545,	
establecido 8 452 8 290,428,2589,2877,5479,5613,7970,8111,	
No 29 452 29 287,359,425,506,1097,2019,2034,2586,2807,2874,2955,3746,4921,4936,5431,5476,5543,5610,5691,6361,7244,7276,7353,7921,7967,8041,8108,8189,8929,	
especiales 13 452 13 284,1928,2031,2147,2583,4849,4933,5048,5473,7221,7365,7479,7964,	
precauciones 4 452 4 283,2582,5472,7963,	
Advertencias 4 452 4 281,2580,5470,7961,	
alcanzándose 4 452 4 1575,4272,6841,9409,	
loratadina 16 452 16 278,1880,1891,1908,1966,2577,4801,4812,4829,4887,5467,7173,7184,7201,7316,7958,	
activo 12 452 12 270,713,1877,2568,3205,4626,4798,5459,5898,7170,7950,8441,	
principio 9 452 9 269,712,2567,3204,4625,5458,5897,7949,8440,	
Hipersensibilidad 4 452 4 267,2565,5456,7947,	
Contraindicaciones 4 452 4 266,2564,5455,7945,	
alergeno 4 452 4 263,2561,5400,7887,	
global 3 452 3 3013,4552,8236,	
exposición 10 452 10 261,1913,2559,2683,4489,4528,4834,5398,7206,7885,	
periodos 4 452 4 259,2557,5396,7883,	
continuado 4 452 4 256,2554,5393,7880,	
pacientes 63 452 63 253,322,502,513,571,614,641,653,1125,1176,1346,1412,1477,1505,1517,1712,2551,2759,2951,2962,3112,3523,3817,3872,4043,4109,4170,4199,4211,4655,5390,5687,5698,5757,5800,5827,5839,6389,6442,6612,6678,6743,6771,6783,6978,7877,8185,8196,8262,8300,8343,8370,8382,8957,9010,9180,9246,9311,9339,9351,9484,9506,9548,	
proponer 4 452 4 250,2548,5387,7874,	
persistente 12 452 12 230,1208,1243,2528,3904,3939,5367,6474,6509,7854,9042,9077,	
En 95 452 95 226,306,385,484,536,608,657,698,723,895,926,961,994,1018,1038,1073,1124,1400,1443,1637,1820,1853,2524,2605,2735,2833,2933,2985,3037,3149,3190,3215,3542,3577,3628,3656,3681,3720,3773,3816,4097,4140,4334,4404,4627,4644,4741,4774,5363,5495,5569,5669,5721,5794,5843,5883,5908,6080,6153,6184,6219,6252,6277,6298,6337,6388,6666,6709,6903,7086,7146,7850,7990,8067,8167,8219,8264,8337,8386,8426,8451,8623,8721,8752,8787,8820,8845,8866,8905,8956,9234,9277,9471,9557,9708,	
aparecer 4 452 4 225,2523,5362,7849,	
carga 4 452 4 1271,3968,6537,9105,	
vuelven 4 452 4 223,2521,5360,7847,	
reiniciarse 4 452 4 221,2519,5358,7845,	
resolución 4 452 4 216,2514,5353,7840,	
después 11 452 11 213,1579,1692,2511,4276,4440,5350,6845,6958,7837,9413,	
tratamiento 18 452 18 212,255,718,1522,2379,2510,2553,3210,3459,4216,5349,5392,5903,6788,7836,7879,8446,9356,	
interrumpir 4 452 4 210,2508,5347,7834,	
pudiéndose 4 452 4 209,2507,5346,7833,	
paciente 7 452 7 208,1648,2506,2648,5345,6914,7832,	
enfermedad 4 452 4 206,2504,5343,7830,	
historia 5 452 5 203,2501,2646,5340,7827,	
evaluación 4 452 4 200,2498,5337,7824,	
según 14 452 14 198,1209,1677,1933,2496,3463,3905,4854,5335,6475,6943,7226,7822,9043,	
controlar 4 452 4 197,2495,5334,7821,	
deberá 12 452 12 196,313,509,2494,2742,2958,5333,5502,5694,7820,7997,8192,	
semanas) 8 452 8 194,247,2492,2545,5331,5384,7818,7871,	
bucodispersable 5 452 5 7587,7609,7674,7904,7911,	
semana 16 452 16 188,241,1233,1258,2486,2539,3929,3954,5325,5378,6499,6524,7812,7865,9067,9092,	
días 28 452 28 185,238,916,953,1230,1255,1750,2483,2536,3567,3610,3926,3951,4616,5322,5375,6174,6211,6496,6521,7016,7809,7862,8742,8779,9064,9089,9638,	
durante 68 452 68 181,190,234,243,257,433,446,669,914,951,1160,1226,1235,1251,1260,1450,1748,2479,2488,2532,2541,2555,2882,2895,3161,3565,3608,3856,3922,3931,3947,3956,4147,4614,5318,5327,5371,5380,5394,5618,5631,5855,6172,6209,6426,6492,6501,6517,6526,6716,7014,7805,7814,7858,7867,7881,8116,8129,8398,8740,8777,8994,9060,9069,9085,9094,9284,9636,	
(presencia 8 452 8 178,231,2476,2529,5315,5368,7802,7855,	
8 15 452 15 170,533,601,2168,2468,2982,3142,5069,5307,5718,5787,7500,7794,8216,8330,	
secciones 4 452 4 168,2466,5305,7792,	
limitada 4 452 4 166,2464,5303,7790,	
eficacia 17 452 17 164,292,1164,2462,2591,3392,3530,3797,3860,5301,5481,6138,6430,7788,7972,8706,8998,	
clínicos 35 452 35 162,368,486,538,996,1020,1884,1922,2460,2816,2935,2987,3081,3469,3630,3658,4339,4805,4843,5299,5552,5671,5723,6254,6279,7177,7215,7786,8050,8169,8221,8266,8822,8847,9476,	
citoquinas 4 452 4 854,3350,6039,8582,	
ensayos 53 452 53 161,367,485,537,962,995,1019,1074,1174,1402,1463,2459,2815,2934,2986,3080,3401,3414,3629,3657,3721,3774,3806,3870,4099,4158,4338,5298,5551,5670,5722,6082,6220,6253,6278,6338,6440,6668,6729,7785,8049,8168,8220,8265,8625,8788,8821,8846,8906,9008,9236,9297,9475,	
edad 27 452 27 159,305,622,1184,2362,2457,2604,2612,2673,2703,2730,3026,3423,3815,3880,4378,4483,4547,4578,5296,5494,5808,6450,7783,7989,8351,9018,	
años 35 452 35 157,303,620,1182,2027,2360,2391,2410,2455,2610,2671,2701,2728,3010,3024,3421,3444,3455,3813,3878,4376,4481,4576,4929,5294,5492,5806,6448,7361,7671,7781,7987,8349,9016,9512,	
17 11 452 11 156,619,1181,2454,3877,5293,5805,6447,7780,8348,9015,	
experiencia 4 452 4 145,2443,5282,7769,	
La 64 452 64 144,174,449,753,836,984,1163,1215,1240,1291,1618,1681,2211,2442,2472,2690,2898,3011,3249,3332,3391,3405,3618,3796,3859,3911,3936,3988,4315,4355,4488,4527,5112,5273,5281,5311,5634,5938,6021,6242,6429,6481,6506,6557,6884,6947,7103,7543,7760,7768,7798,7907,8020,8132,8234,8481,8564,8810,8997,9049,9074,9125,9452,9491,	
persistente) 5 452 5 137,2335,5253,7705,7753,	
intermitente 17 452 17 135,177,1204,1218,2333,2475,3900,3914,5251,5314,6470,6484,7703,7751,7801,9038,9052,	
(incluida 5 452 5 132,2330,5248,7700,7748,	
alimentos 7 452 7 120,1841,2318,4762,5280,7106,7767,	
o 48 452 48 118,189,236,276,336,379,529,923,1067,1121,1234,1253,2316,2487,2534,2569,2575,2639,2774,2827,2978,3574,3714,3770,3930,3949,5278,5326,5373,5465,5563,5714,6181,6331,6385,6500,6519,7765,7813,7860,7956,8061,8212,8749,8899,8953,9068,9087,	
día 27 452 27 116,913,945,1006,1617,1740,2404,2422,2441,3564,3602,3640,4314,4602,5236,6171,6203,6264,6883,7006,7688,7736,8739,8771,8832,9451,9628,	
vez 15 452 15 114,1615,1738,2402,2420,2439,4312,4600,5234,6881,7004,7686,7734,9449,9626,	
años) 4 452 4 110,2430,5222,7719,	
12 18 452 18 109,154,302,617,1179,2429,2452,3812,3875,5221,5291,5491,5803,6445,7718,7778,8346,9013,	
partir 4 452 4 107,2427,5219,7716,	
(a 4 452 4 106,2426,5218,7715,	
adolescentes 24 452 24 105,152,615,1177,2425,2450,3087,3224,3552,3586,3644,3674,3820,3873,4267,4606,5217,5289,5801,6443,7714,7776,8344,9011,	
Adultos 4 452 4 103,2423,5215,7712,	
efecto 4 452 4 1838,4759,7248,7280,	
administración 16 452 16 102,443,814,1570,2311,2892,3310,4261,5214,5628,5999,6836,7665,8126,8542,9404,	
forma 15 452 15 100,394,1351,2309,2843,4048,5212,5579,6617,7110,7254,7288,7663,8077,9185,	
Posología 4 452 4 98,2307,5210,7661,	
urticaria 41 452 41 91,139,549,1315,1326,1367,1384,1388,1414,1468,2300,2337,3098,4012,4023,4064,4081,4085,4111,4162,5203,5255,5734,6581,6592,6633,6650,6654,6680,6734,7654,7707,7755,8277,9149,9160,9201,9218,9222,9248,9302,	
1) 25 452 25 89,95,143,173,384,411,2298,2304,2341,2471,2832,2860,5201,5207,5259,5310,5568,5596,7652,7658,7711,7759,7797,8066,8094,	
(ver 30 452 30 86,92,140,167,317,381,408,2295,2301,2338,2367,2465,2686,2746,2829,2857,3491,5198,5204,5256,5304,5565,5593,7649,7655,7708,7756,7791,8063,8091,	
alérgica 58 452 58 85,131,134,176,229,547,1128,1196,1203,1207,1217,1242,1274,1659,2294,2329,2332,2474,2527,2618,3096,3823,3892,3899,3903,3913,3938,3971,4487,5197,5247,5250,5313,5366,5732,6392,6462,6469,6473,6483,6508,6540,6925,7648,7699,7702,7747,7750,7800,7853,8275,8960,9030,9037,9041,9051,9076,9108,	
rinitis 62 452 62 84,130,133,175,228,546,1127,1195,1202,1206,1216,1241,1273,1658,2293,2328,2331,2355,2382,2473,2526,2617,2628,3095,3510,3822,3891,3898,3902,3912,3937,3970,4486,5196,5246,5249,5312,5365,5731,6391,6461,6468,6472,6482,6507,6539,6924,7647,7698,7701,7746,7749,7799,7852,8274,8959,9029,9036,9040,9050,9075,9107,	
- 13 452 13 83,90,1727,2292,2299,4515,4589,5195,5202,6993,7646,7653,9615,	
asociados 9 452 9 81,127,2290,2325,5193,5243,7644,7695,7743,	
síntomas 45 452 45 80,126,180,219,233,1136,1159,1214,1225,1250,1311,2289,2324,2478,2517,2531,3832,3855,3910,3921,3946,4008,5192,5242,5317,5356,5370,6401,6425,6480,6491,6516,6577,7643,7694,7742,7804,7843,7857,8969,8993,9048,9059,9084,9145,	
alivio 21 452 21 77,123,1134,1376,1422,2286,2321,3830,4073,4119,5189,5239,6399,6642,6688,7640,7691,7739,8967,9210,9256,	
indicado 4 452 4 74,2283,5186,7637,	
sellado 2 452 2 2103,7432,	
está 11 452 11 73,886,2217,2282,3382,5118,5185,6071,7549,7636,8614,	
Neoclarityn 96 452 96 72,296,312,391,445,463,565,1021,1129,1155,1166,1265,1417,1524,2053,2281,2312,2385,2399,2417,2436,2595,2693,2721,2741,2818,2839,2894,2912,2992,3033,3106,3394,3408,3659,3799,3824,3851,3862,3961,4114,4218,4568,4955,5153,5184,5226,5260,5485,5501,5554,5575,5630,5648,5750,6086,6117,6140,6151,6280,6393,6420,6432,6531,6683,6790,7093,7097,7118,7380,7585,7635,7680,7728,7976,7996,8017,8052,8073,8128,8146,8293,8629,8657,8673,8687,8694,8708,8719,8848,8961,8988,9000,9099,9251,9358,	
terapéuticas 4 452 4 71,2280,5183,7634,	
Indicaciones 4 452 4 70,2279,5182,7633,	
	4 4 452 4 68,2277,5180,7631,	
CLÍNICOS 4 452 4 67,2276,5179,7630,	
DATOS 7 452 7 66,1969,2275,4889,5178,7318,7629,	
4 86 452 86 65,96,169,184,193,235,246,264,279,280,346,412,473,532,695,1229,1238,1252,1263,1662,2029,2274,2305,2369,2467,2482,2491,2533,2544,2562,2578,2579,2795,2861,2922,2981,3187,3925,3934,3948,3959,4508,4931,5177,5208,5306,5321,5330,5372,5383,5453,5468,5469,5531,5597,5658,5717,5880,6495,6504,6518,6529,6928,7133,7142,7363,7628,7659,7793,7808,7817,7859,7870,7943,7959,7960,8005,8029,8095,8156,8215,8423,9063,9072,9086,9097,	
	Comprimidos 1 452 1 61,	
FARMACÉUTICA 4 452 4 60,2272,5174,7607,	
FORMA 4 452 4 59,2271,5173,7606,	
3 34 452 34 58,265,568,1582,1688,1868,2022,2122,2270,2563,3067,3072,3109,4279,4398,4436,4506,4514,4789,4924,5172,5454,5754,6848,6954,7161,7356,7451,7605,7944,8297,9416,9534,9590,	
6 48 452 48 56,413,606,648,1968,2016,2021,2028,2046,2144,2145,2268,2407,2660,2862,3006,3045,3147,3452,4343,4496,4516,4888,4918,4923,4930,4948,5045,5046,5170,5598,5792,5834,7144,7317,7350,7355,7362,7373,7476,7477,7603,7668,7986,8096,8335,8377,9480,	
sección 4 452 4 55,2267,5169,7602,	
ver 4 452 4 54,2266,5168,7601,	
excipientes 11 452 11 53,275,1975,2265,2574,4895,5167,5464,7324,7600,7955,	
completa 4 452 4 51,2263,5165,7598,	
lista 4 452 4 50,2262,5164,7597,	
consultar 4 452 4 48,2260,5162,7595,	
Para 4 452 4 47,2259,5161,7594,	
prevalencia 2 452 2 4356,9492,	
desloratadina 138 452 138 46,150,370,450,505,644,741,754,816,837,911,935,983,985,1047,1113,1371,1508,1559,1598,1622,1672,1685,1742,1772,1790,1834,1852,1866,1889,1906,1915,1924,1964,2258,2448,2679,2899,2954,3237,3250,3312,3333,3435,3489,3519,3533,3562,3590,3619,3690,3762,3795,4068,4202,4250,4263,4295,4319,4354,4428,4492,4608,4635,4664,4679,4693,4711,4755,4773,4787,4810,4827,4836,4845,4885,5160,5287,5635,5690,5830,5926,5939,6001,6022,6130,6169,6193,6241,6243,6307,6377,6637,6774,6825,6864,6888,6938,6951,7008,7038,7056,7128,7140,7159,7182,7199,7208,7217,7314,7593,7774,8133,8188,8224,8246,8373,8469,8482,8544,8565,8685,8737,8761,8809,8811,8875,8945,9205,9342,9393,9432,9456,9490,9583,9630,9660,9678,	
contiene 8 452 8 42,2253,2752,2786,5156,5508,7588,8003,	
comprimido 13 452 13 41,112,1978,1991,4639,6127,6152,7586,7673,7903,7910,8690,8720,	
completamente 4 452 4 1781,4702,7047,9669,	
	Cada 4 452 4 40,2249,5150,7582,	
CUANTITATIVA 4 452 4 39,2248,5149,7581,	
Y 4 452 4 38,2247,5148,7580,	
CUALITATIVA 4 452 4 37,2246,5147,7579,	
COMPOSICIÓN 4 452 4 36,2245,5146,7578,	
2 45 452 45 35,97,358,595,1552,2017,2026,2121,2244,2306,2359,2392,2609,2668,2698,2727,3021,3136,3448,4243,4373,4478,4575,4919,4928,5030,5145,5209,5781,6818,7130,7351,7360,7450,7572,7577,7589,7660,7676,7724,7977,8013,8324,9386,9509,	
pelicular 5 452 5 34,64,1993,2067,7396,	
cubierta 8 452 8 33,63,1992,2005,2069,2094,7398,7422,	
colocados 1 452 1 7729,	
comprimidos 36 452 36 31,297,371,1167,2134,2819,2840,3660,3825,3863,3962,4416,5486,5555,5576,5751,6281,6394,6421,6433,7098,7575,7721,7980,8018,8053,8074,8294,8658,8676,8709,8849,8962,8989,9001,9569,	
mg 60 452 60 30,44,558,739,909,943,1004,1031,1049,1633,1636,1744,1832,2256,3235,3439,3450,3560,3600,3638,3670,3692,4330,4333,4610,4677,4753,5142,5158,5511,5743,5924,6167,6201,6262,6291,6309,6899,6902,7010,7574,7591,7678,7726,7979,8006,8015,8286,8467,8675,8689,8696,8735,8769,8830,8859,8877,9467,9470,9632,	
5 99 452 99 29,43,88,94,142,172,319,347,383,410,557,636,769,1003,1030,1048,1551,1632,1831,1867,1967,2047,2123,2241,2255,2297,2303,2340,2390,2393,2411,2414,2470,2688,2748,2796,2831,2859,3265,3443,3449,3493,3637,3669,3691,4242,4329,4676,4752,4788,4949,5031,5034,5141,5157,5200,5206,5258,5309,5532,5567,5595,5742,5822,5954,6261,6290,6308,6817,6898,7131,7160,7374,7452,7573,7590,7651,7657,7677,7710,7725,7758,7796,7978,8014,8030,8065,8093,8285,8365,8497,8674,8688,8695,8829,8858,8876,9385,9466,	
	Neoclarityn 4 452 4 28,2239,5140,7571,	
MEDICAMENTO 8 452 8 27,774,2238,3270,5139,5959,7570,8502,	
NOMBRE 4 452 4 25,2236,5137,7568,	
1 29 452 29 23,24,57,69,776,1972,2120,2235,2269,2278,2388,2601,3272,3418,3437,3441,4892,5136,5171,5181,5509,5961,7321,7449,7567,7604,7632,8004,8504,	
PRODUCTO 1 452 1 22,	
DEL 8 452 8 21,26,2209,2237,5110,5138,7541,7569,	
Rue 3 452 3 2161,5062,7493,	
grupo 5 452 5 590,3058,3131,5776,8319,	
CARACTERÍSTICAS 1 452 1 20,	
LAS 1 452 1 19,	
DE 26 452 26 18,772,2154,2157,2170,2172,2177,2181,2206,3268,5055,5058,5071,5073,5078,5082,5107,5957,7486,7489,7502,7504,7509,7513,7538,8500,	
RESUMEN 1 452 1 17,	
O 1 452 1 16,	
absorción 1 452 1 2770,	
TÉCNICA 1 452 1 15,	
FICHA 1 452 1 14,	
información 4 452 4 11,2212,5113,7544,	
Toda 1 452 1 9,	
medicamento 21 452 21 8,13,345,432,1759,1803,2216,2751,2783,2785,2881,4724,5117,5617,7025,7069,7548,8002,8115,9647,9691,	
Basica 1 452 1 6,	
	Información 1 452 1 5,	
apartado 26 452 26 87,93,141,318,382,409,2296,2302,2339,2368,2687,2747,2830,2858,3492,5199,5205,5257,5566,5594,7650,7656,7709,7757,8064,8092,	
JARABE 1 452 1 4,	
120ML 1 452 1 3,	
hallazgos 2 452 2 6099,8642,	
5MG/ML 1 452 1 2,	
0 3 452 3 1,2240,2254,	
Después 8 452 8 811,1733,3307,4595,5996,6999,8539,9621,	
NEOCLARITYN 1 452 1 0,	
