Prospectos 1 310 1 3607,	
TEXTO 1 310 1 3586,	
DEL 1 310 1 3585,	
(PARCIAL) 1 310 1 3584,	
FECHA 2 310 2 3571,3581,	
596 1 310 1 3569,	
NÚMERO 1 310 1 3561,	
Uppsala 1 310 1 3558,	
74 1 310 1 3557,	
751 1 310 1 3556,	
Rapsgatan 1 310 1 3554,	
AB 1 310 1 3553,	
KABI 1 310 1 3552,	
FRESENIUS 1 310 1 3551,	
COMERCIALIZACIÓN 3 310 3 3549,3566,3577,	
AUTORIZACIÓN 3 310 3 3547,3564,3575,	
TITULAR 1 310 1 3544,	
sobrante 1 310 1 3537,	
rechazarse 1 310 1 3534,	
Debe 1 310 1 3533,	
facilitarse 1 310 1 3530,	
comprobada 1 310 1 3519,	
Sólo 1 310 1 3505,	
Aditivos 1 310 1 3504,	
COMPATIBILIDAD 1 310 1 3503,	
asegurar 1 310 1 3475,	
invertida 1 310 1 3471,	
apertura 1 310 1 3461,	
intacto 1 310 1 3445,	
Noviembre-2004 1 310 1 3587,	
uso/manipulación 1 310 1 3433,	
Instrucciones 1 310 1 3431,	
(Biofine) 2 310 2 3414,3428,	
(Excel) 2 310 2 3409,3423,	
Tamaños 1 310 1 3384,	
copoliéster-éter 1 310 1 3383,	
externa 1 310 1 3381,	
(SEBS) 1 310 1 3377,	
intermedia 1 310 1 3373,	
estireno) 1 310 1 3370,	
etileno/ 1 310 1 3368,	
estireno/ 1 310 1 3367,	
termoplástico 2 310 2 3364,3376,	
elastómero 2 310 2 3363,3375,	
20% 1 310 1 3361,	
(propileno/etileno) 1 310 1 3358,	
poli 1 310 1 3357,	
capa 3 310 3 3351,3372,3380,	
capas 1 310 1 3346,	
lámina 1 310 1 3343,	
REVISIÓN 1 310 1 3583,	
Excel 1 310 1 3342,	
polímero 1 310 1 3341,	
coloca 1 310 1 3330,	
Entre 1 310 1 3322,	
separadas 2 310 2 3317,3457,	
polipropileno 1 310 1 3312,	
multicámaras 1 310 1 3303,	
envase 2 310 2 3297,3441,	
envases 1 310 1 3295,	
Naturaleza 1 310 1 3290,	
mezcla 3 310 3 3281,3477,3536,	
extraerla 1 310 1 3273,	
conservada 1 310 1 3260,	
controladas 1 310 1 3252,	
evitarse 1 310 1 3242,	
2-8 3 310 3 3235,3265,3278,	
normalmente 1 310 1 3226,	
usuario 1 310 1 3224,	
responsabilidad 1 310 1 3222,	
63 1 310 1 3568,	
previas 1 310 1 3217,	
utilización 1 310 1 3213,	
conservación 2 310 2 3210,3276,	
realizar 1 310 1 3199,	
utilizarse 1 310 1 3195,	
microbiológico 1 310 1 3191,	
vista 1 310 1 3190,	
Desde 1 310 1 3186,	
medicación 1 310 1 3185,	
través 1 310 1 3179,	
Después 4 310 4 3158,3163,3271,3458,	
congelar 1 310 1 3157,	
Mantener 1 310 1 3152,	
25ºC 1 310 1 3151,	
almacenamiento 2 310 2 3144,3239,	
Precauciones 1 310 1 3141,	
25°C 1 310 1 3138,	
peel 3 310 3 3133,3169,3466,	
abrir 2 310 2 3129,3165,	
mezclada 2 310 2 3126,3257,	
física 1 310 1 3119,	
química 1 310 1 3117,	
estabilidad 1 310 1 3116,	
demostrado 1 310 1 3114,	
Caducidad 1 310 1 3108,	
sobrebolsa 4 310 4 3107,3155,3306,3328,	
validez 1 310 1 3102,	
uso/manipulación"" 1 310 1 3097,	
""Instrucciones 1 310 1 3095,	
sección 1 310 1 3092,	
comprobado 1 310 1 3088,	
previamente 1 310 1 3085,	
productos 1 310 1 3082,	
sólo 2 310 2 3076,3480,	
Incompatibilidades 1 310 1 3073,	
adiciones 4 310 4 3177,3201,3246,3521,	
Agua 1 310 1 3068,	
glacial 1 310 1 3067,	
acético 1 310 1 3066,	
Hidróxido 1 310 1 3062,	
Glicerol 1 310 1 3061,	
purificados 1 310 1 3058,	
Fosfolípidos 1 310 1 3057,	
	"6 1 310 1 3052,	
FARMACÉUTICOS 1 310 1 3051,	
" 2 310 2 3048,3542,	
mínimos 1 310 1 3047,	
adversos 1 310 1 3046,	
tolerancia 1 310 1 3043,	
buena 1 310 1 3042,	
confirmado 1 310 1 3040,	
mezclados 1 310 1 3033,	
individualmente 1 310 1 3031,	
realizados 1 310 1 3017,	
cabo 1 310 1 3002,	
llevado 1 310 1 3000,	
preclínica 3 310 3 2996,3006,3016,	
perfundida 2 310 2 2975,3284,	
directamente 1 310 1 2967,	
sistémica 1 310 1 2966,	
intravenosamente 1 310 1 2962,	
circulatorio 1 310 1 2956,	
porta 1 310 1 2950,	
entran 1 310 1 2945,	
dieta 1 310 1 2944,	
embargo 2 310 2 2936,3011,	
Sin 2 310 2 2935,3010,	
esencialmente 2 310 2 2919,2977,	
perfundidos 2 310 2 2917,2961,	
principales 1 310 1 2909,	
hipertrigliceridemia 1 310 1 2896,	
trauma 1 310 1 2886,	
sépticos 1 310 1 2881,	
estados 1 310 1 2880,	
rápida 1 310 1 2871,	
paciente; 1 310 1 2866,	
oxidación 3 310 3 2859,2876,2902,	
tasas 3 310 3 2854,2874,2898,	
noche 1 310 1 2833,	
sanos 1 310 1 2820,	
voluntarios 1 310 1 2819,	
clínico 1 310 1 2810,	
hígado 1 310 1 2792,	
periféricamente 1 310 1 2788,	
80% 1 310 1 3354,	
LDL 1 310 1 2786,	
hidrolizadas 1 310 1 2777,	
medicinales 2 310 2 3083,3512,	
primeramente 1 310 1 2776,	
lipídicas 2 310 2 2773,2805,	
proviene 1 310 1 2986,	
partículas 2 310 2 2772,2804,	
rutas 1 310 1 2763,	
eliminado 1 310 1 2758,	
significativamente 1 310 1 2753,	
fosfolípidos 1 310 1 2751,	
ayuno 1 310 1 2830,	
colesterol 1 310 1 2743,	
A 1 310 1 2733,	
endógenos 2 310 2 2732,2770,	
quilomicrones 3 310 3 2731,2737,2769,	
biológicas 1 310 1 2725,	
propiedades 3 310 3 2724,2910,2970,	
farmacocinéticas 3 310 3 2719,2911,2971,	
homeostasis 1 310 1 2714,	
contribuir 1 310 1 2711,	
aparte 1 310 1 2709,	
farmacodinámicos 1 310 1 2708,	
efectos 2 310 2 2707,3045,	
termogénesis 1 310 1 2701,	
incrementos 1 310 1 2694,	
asociadas 1 310 1 2691,	
gluconeogénesis 1 310 1 2685,	
canalizado 1 310 1 2682,	
excedente 1 310 1 2680,	
tejido 1 310 1 2676,	
síntesis 1 310 1 2674,	
alimentación 3 310 3 2668,2933,2989,	
grasas 1 310 1 2655,	
emulsiones 1 310 1 2654,	
similares 3 310 3 2647,2726,2764,	
interrumpe 1 310 1 2642,	
desaparece 1 310 1 2638,	
reversible 1 310 1 2636,	
""peel"" 1 310 1 3321,	
transitorio 1 310 1 2623,	
correcta 1 310 1 2620,	
significativos 1 310 1 2606,	
clínicamente 1 310 1 2605,	
hemodinámicos 1 310 1 2599,	
cambios 2 310 2 2598,2604,	
recomendadas 1 310 1 2595,	
celulares 1 310 1 2590,	
alcanzan 1 310 1 2963,	
membranas 1 310 1 2589,	
estructural 1 310 1 2586,	
integridad 1 310 1 2585,	
cadena 1 310 1 2576,	
no-esenciales 1 310 1 2574,	
esenciales 1 310 1 2572,	
ácidos 1 310 1 2570,	
proporciona 1 310 1 2569,	
cuya 1 310 1 3515,	
Intralipid 7 310 7 2562,2591,2612,2722,2738,2756,2827,	
B05BA10 1 310 1 2559,	
ATC 1 310 1 2558,	
farmacodinámicas 1 310 1 2556,	
conservar 1 310 1 3146,	
Propiedades 2 310 2 2555,2718,	
MEDICAMENTO 1 310 1 2552,	
ESTE 1 310 1 2551,	
FARMACOLÓGICAS 1 310 1 2549,	
PROPIEDADES 1 310 1 2548,	
hemo-diafiltración 1 310 1 2546,	
hemodiálisis 1 310 1 2544,	
aislados 1 310 1 2538,	
hiperosmolalidad 1 310 1 2534,	
electrolítico 1 310 1 2531,	
desequilibrio 1 310 1 2530,	
interrumpida 1 310 1 2520,	
reducida 1 310 1 2518,	
sobredosis 2 310 2 2513,2523,	
producen 1 310 1 2510,	
sudoración 1 310 1 2507,	
mezclado 1 310 1 3079,	
observado 2 310 2 2503,2628,	
superior 2 310 2 2496,3149,	
Durante 1 310 1 2489,	
provienen 1 310 1 2930,	
ésteres 1 310 1 2741,	
lipídica"" 1 310 1 2488,	
""Síndrome 1 310 1 2485,	
interrumpa 1 310 1 2472,	
reversibles 1 310 1 2468,	
Todos 1 310 1 2464,	
coagulopatías 1 310 1 2461,	
trombocitopenia 1 310 1 2460,	
leucopenia 1 310 1 2459,	
anemia 1 310 1 2458,	
esplenomegalia 1 310 1 2457,	
hepato- 1 310 1 2456,	
fiebre 1 310 1 2455,	
hiperlipidemia 1 310 1 2454,	
caracteriza 1 310 1 2452,	
superiores 1 310 1 3230,	
deterioro 1 310 1 2438,	
repentino 1 310 1 2430,	
asociada 1 310 1 2426,	
recomendada 2 310 2 2425,2500,	
casos 2 310 2 2420,2537,	
sobredosificación 1 310 1 2414,	
consecuencia 1 310 1 2411,	
ocurrir 2 310 2 2409,2418,	
síndrome 2 310 2 2403,2447,	
dar 1 310 1 2399,	
alteración 1 310 1 2390,	
sobrecarga 5 310 5 2387,2405,2449,2487,2527,	
priapismo 1 310 1 2384,	
cansancio 1 310 1 2382,	
vómitos 2 310 2 2381,2505,	
validadas 1 310 1 3254,	
cefalea 1 310 1 2379,	
abdominal 1 310 1 2378,	
dolor 1 310 1 2377,	
reticulocitosis 1 310 1 2376,	
hemólisis 1 310 1 2375,	
informado 1 310 1 2373,	
taquipnea) 1 310 1 2368,	
respiratorios 1 310 1 2366,	
síntomas 3 310 3 2365,2466,2511,	
urticaria) 1 310 1 2364,	
anafilácticas 1 310 1 2361,	
hipersensibilidad 1 310 1 2359,	
descrito 2 310 2 2356,2603,	
inusuales 1 310 1 2353,	
componentes 1 310 1 2349,	
conjunción 1 310 1 2346,	
reacciones 2 310 2 2343,2357,	
informes 1 310 1 2340,	
ocurre 1 310 1 2322,	
transitorios 1 310 1 2312,	
días 1 310 1 3263,	
aumentos 1 310 1 2311,	
detectado 2 310 2 2310,2645,	
1%) 1 310 1 2307,	
náuseas/vómitos 1 310 1 2304,	
escalofríos 1 310 1 2302,	
temblores 1 310 1 2301,	
3%) 1 310 1 2297,	
< 2 310 2 2296,2306,	
(incidencia 2 310 2 2295,2305,	
temperatura 2 310 2 2293,3148,	
causar 2 310 2 2288,2525,	
adversas 2 310 2 2284,2344,	
Reacciones 1 310 1 2283,	
compatibilidad 2 310 2 3090,3516,	
aplicable 1 310 1 2280,	
máquinas 1 310 1 2278,	
utilizar 3 310 3 2277,3439,3448,	
conducir 1 310 1 2275,	
Efectos 1 310 1 2270,	
cutáneas 1 310 1 2363,	
mujeres 1 310 1 2261,	
beneficio/riesgo 1 310 1 2254,	
médico 1 310 1 2249,	
embarazo 1 310 1 2244,	
seguridad 4 310 4 2236,2995,3005,3015,	
establecer 1 310 1 2234,	
soporte 1 310 1 3181,	
constituyentes 1 310 1 2662,	
específicos 1 310 1 2232,	
estudios 3 310 3 2231,3003,3013,	
realizado 1 310 1 2230,	
butileno/ 1 310 1 3369,	
han 7 310 7 2229,2309,2355,2602,2644,2999,3039,	
lactancia 3 310 3 2226,2247,2267,	
relevancia 1 310 1 2220,	
anteriormente 1 310 1 2217,	
mencionadas 1 310 1 2216,	
interacciones 1 310 1 2215,	
indicar 1 310 1 2210,	
clínicos 1 310 1 2208,	
datos 2 310 2 2207,3526,	
No 8 310 8 2205,2227,2279,2600,2997,3145,3156,3438,	
estrecha 1 310 1 2193,	
práctica 1 310 1 2184,	
cumarina 1 310 1 2181,	
reciben 2 310 2 2177,2202,	
K1 1 310 1 2165,	
natural 1 310 1 2162,	
componente 1 310 1 2161,	
terapéutico 1 310 1 2154,	
nivel 1 310 1 2153,	
tenga 1 310 1 2148,	
sugerir 1 310 1 2146,	
± 1 310 1 2839,	
evidencia 1 310 1 2144,	
hay 2 310 2 2143,2206,	
lipasa 1 310 1 2140,	
actividad 1 310 1 2137,	
influenciar 1 310 1 2135,	
fármacos 2 310 2 2130,2204,	
Otros 1 310 1 2129,	
diferencia 1 310 1 2734,	
aclaramiento 2 310 2 2126,2825,	
seguida 1 310 1 2119,	
plasmática 1 310 1 2118,	
lipolisis 1 310 1 2117,	
sean 1 310 1 2218,	
inicialmente 1 310 1 2112,	
Suecia 1 310 1 3559,	
circulación 4 310 4 2109,2761,2780,2965,	
Sobredosis 1 310 1 2479,	
lipoproteinlipasa 1 310 1 2106,	
transitoria 2 310 2 2104,2123,	
liberación 1 310 1 2103,	
administrada 1 310 1 2097,	
heparina 1 310 1 2096,	
exógenas 1 310 1 2774,	
interacción 1 310 1 2094,	
formas 1 310 1 2092,	
medicamentos 2 310 2 2089,3609,	
Interacciones 1 310 1 2085,	
intravenosos 1 310 1 2082,	
aditivos 2 310 2 2081,3162,	
utilizado 2 310 2 2076,3205,	
sea 1 310 1 2075,	
NPT 1 310 1 2073,	
venoso 1 310 1 2071,	
número 1 310 1 2061,	
manipulaciones 1 310 1 2063,	
perfundido 1 310 1 2058,	
producto 2 310 2 2057,3193,	
osmolalidad 1 310 1 2055,	
longitud 1 310 1 2047,	
diámetro 1 310 1 2045,	
receptores 1 310 1 2785,	
utilizada 3 310 3 2043,2565,3270,	
cánula 1 310 1 2042,	
tipo 5 310 5 2040,3132,3168,3320,3465,	
incluyen 1 310 1 2038,	
Éstos 1 310 1 2037,	
incidencia 1 310 1 2034,	
factores 1 310 1 2030,	
Varios 1 310 1 2029,	
perfusiones 2 310 2 2028,2687,	
periféricas 2 310 2 2025,2338,	
utilizan 2 310 2 2023,2671,	
hipertónicas 2 310 2 2017,2329,	
Como 2 310 2 2012,2321,	
Periférica 1 310 1 2011,	
inyección 1 310 1 3070,	
exógena 1 310 1 2009,	
insulina 2 310 2 2008,2133,	
podría 2 310 2 2002,2524,	
hiperglicemia 2 310 2 2001,2532,	
equipo 1 310 1 1995,	
derivados 2 310 2 1989,2178,	
administrado 1 310 1 1984,	
PRIMERA 1 310 1 3574,	
apropiados 1 310 1 1972,	
ajustes 1 310 1 1971,	
tasa 3 310 3 2697,2794,2822,	
rigurosa 1 310 1 1966,	
lentamente 1 310 1 1959,	
22-01-2001/12-03-2004 1 310 1 3579,	
Por 1 310 1 1951,	
hidrosolubles 1 310 1 1945,	
fósforo 1 310 1 1941,	
disminución 2 310 2 1934,2122,	
realizadas 1 310 1 3248,	
producirse 3 310 3 1932,2019,2331,	
Además 2 310 2 1930,2521,	
congestiva 1 310 1 1929,	
lugar 2 310 2 1922,2400,	
dando 1 310 1 1921,	
utiliza 1 310 1 2614,	
desplazamientos 1 310 1 1918,	
ocasionar 1 310 1 1917,	
inicio 1 310 1 1911,	
larga 2 310 2 1904,2577,	
requieren 1 310 1 1900,	
adicionales 1 310 1 1896,	
Puede 1 310 1 1888,	
zinc 1 310 1 1887,	
urinaria 1 310 1 1881,	
excreción 1 310 1 1880,	
aumento 4 310 4 1877,2114,2290,2622,	
acompañada 1 310 1 1874,	
éstos 1 310 1 1855,	
mayoría 1 310 1 1851,	
flujo 1 310 1 1847,	
eliminados 2 310 2 1845,1857,	
sido 2 310 2 1844,3518,	
hiper/hipotensión 1 310 1 2370,	
hayan 1 310 1 1843,	
sangre 3 310 3 1837,1987,1991,	
muestra 1 310 1 1835,	
toma 1 310 1 1833,	
Hb) 1 310 1 1830,	
(SEBS 1 310 1 3365,	
oxígeno 2 310 2 1829,3334,	
deshidrogenasa 1 310 1 1826,	
lactato 1 310 1 1825,	
laboratorio 1 310 1 1822,	
interferir 1 310 1 1817,	
contenido 4 310 4 1810,2749,3292,3452,	
inmediatamente 3 310 3 1806,3196,3206,	
anafiláctica 1 310 1 1803,	
recogidas 1 310 1 2782,	
reacción 1 310 1 1802,	
vitamina 1 310 1 2164,	
síntoma 1 310 1 1800,	
Ante 1 310 1 1796,	
retención 1 310 1 1793,	
tendencia 1 310 1 1790,	
reanimación 1 310 1 1778,	
necesidad 1 310 1 1776,	
situaciones 1 310 1 1774,	
incrementada 1 310 1 1772,	
láctica) 1 310 1 1769,	
ácidosis 1 310 1 1768,	
(como 3 310 3 1767,1823,2367,	
pediátricas 1 310 1 1754,	
formulaciones 1 310 1 1753,	
suplemento 2 310 2 1747,1892,	
Esta 1 310 1 1727,	
constante 1 310 1 1718,	
determinadas 1 310 1 1714,	
están 4 310 4 1713,2690,2877,2903,	
electrolito 1 310 1 1709,	
cantidades 1 310 1 1706,	
hiperkalemia 1 310 1 1704,	
fosfato 1 310 1 1691,	
minerales 1 310 1 1976,	
celular 1 310 1 1679,	
sanguíneo 2 310 2 1678,1848,	
recuento 1 310 1 1677,	
administran 1 310 1 1666,	
Cuando 1 310 1 1664,	
hepáticos 3 310 3 1663,2316,2627,	
enzimas 3 310 3 1662,2315,2626,	
tests 1 310 1 1660,	
ácido-base 1 310 1 1657,	
así 2 310 2 1649,3022,	
osmolaridad 2 310 2 1648,1770,	
sérica 3 310 3 1643,1771,1938,	
monitorizarse 2 310 2 1640,1675,	
Deben 1 310 1 1639,	
concentraciones 2 310 2 1633,3038,	
rigurosamente 2 310 2 1631,1697,	
controlado 1 310 1 1698,	
monitorizar 1 310 1 1630,	
necesario 2 310 2 1629,1890,	
administra 2 310 2 1620,2335,	
hipertrigliceridemia) 1 310 1 1615,	
(con 1 310 1 1614,	
hipotiroidismo 1 310 1 1613,	
alterada 1 310 1 1612,	
pancreatitis 1 310 1 1609,	
mellitus 1 310 1 1607,	
alterado 1 310 1 1599,	
precaución 3 310 3 1592,1761,1786,	
manipulación 1 310 1 1586,	
inserción 1 310 1 1581,	
considerar 1 310 1 2251,	
contaminación 1 310 1 1578,	
evitar 1 310 1 1576,	
estrictas 1 310 1 1574,	
asépticas 2 310 2 1573,3251,	
tomarse 1 310 1 1571,	
infección 2 310 2 1569,2059,	
asociado 1 310 1 1563,	
Dado 1 310 1 1554,	
anormal 1 310 1 1549,	
signo 2 310 2 1548,1798,	
produce 3 310 3 1546,2101,2597,	
habitual 3 310 3 2669,2934,2990,	
Si 5 310 5 1544,1618,2508,3202,3237,	
especial 1 310 1 1543,	
monitorización 4 310 4 1541,1717,1967,2194,	
Antes 2 310 2 1532,3446,	
iniciar 3 310 3 1529,1534,1955,	
corregirse 1 310 1 1526,	
bajos) 1 310 1 1524,	
anormalmente 1 310 1 1521,	
niveles 1 310 1 1517,	
balance 2 310 2 1510,1652,	
alteraciones 2 310 2 1508,2646,	
reconstituida 1 310 1 1501,	
niño 1 310 1 1498,	
hidratación 1 310 1 1496,	
acuerdo 1 310 1 1489,	
ajustarse 1 310 1 1487,	
Estos 1 310 1 1484,	
cuidadosamente 1 310 1 1482,	
aumentadas 1 310 1 2878,	
deben 6 310 6 1480,1486,1570,1674,1711,3522,	
composición 2 310 2 1478,2801,	
volumen 1 310 1 1475,	
durante 7 310 7 1466,1579,1668,2242,2317,2831,3261,	
mmol/l 1 310 1 1465,	
concentración 2 310 2 1455,1937,	
5-6 2 310 2 1452,1863,	
administrar 3 310 3 1449,1866,2257,	
después 9 310 9 1444,1858,2828,2883,2952,3109,3127,3197,3538,	
suero 3 310 3 1443,1459,1638,	
triglicéridos 5 310 5 1441,1457,1636,2128,2844,	
determinación 1 310 1 1438,	
mediante 1 310 1 1436,	
realice 1 310 1 1435,	
(reacciones 1 310 1 2360,	
control 1 310 1 1433,	
Se 8 310 8 1429,2064,2308,2354,2371,2643,2670,3112,	
monitorizada 1 310 1 1428,	
Advertencias 1 310 1 1413,	
Bebés 1 310 1 1401,	
hiperosmolar) 1 310 1 1400,	
coma 2 310 2 1399,2463,	
sepsis 2 310 2 1396,1617,	
metabólica 3 310 3 1395,1766,2698,	
acidosis 2 310 2 1394,1765,	
miocardio 1 310 1 1393,	
infarto 1 310 1 1390,	
diabetes 2 310 2 1388,1606,	
ésta 1 310 1 2640,	
post-traumáticas 1 310 1 1386,	
ejemplo 2 310 2 1384,1516,	
(por 2 310 2 1383,1515,	
inestables 1 310 1 1382,	
Condiciones 1 310 1 1381,	
hemofagocitótico 1 310 1 1380,	
Síndrome 2 310 2 1379,2385,	
hipotónica 1 310 1 1378,	
deshidratación 1 310 1 1377,	
descompensada 3 310 3 1375,1389,1608,	
cardíaca 2 310 2 1374,1928,	
insuficiencia 5 310 5 1373,1604,1686,1927,2893,	
hiperhidratación 1 310 1 1372,	
pulmonar 3 310 3 1370,1925,2610,	
edema 2 310 2 1369,1924,	
terapia 1 310 1 1366,	
generales 1 310 1 1363,	
elevados 2 310 2 1355,1522,	
patológicamente 1 310 1 1354,	
necesaria 3 310 3 1744,2004,2542,	
Niveles 1 310 1 1352,	
elegidos 1 310 1 1483,	
insulina/h 1 310 1 1351,	
I 1 310 1 1349,	
U 1 310 1 1348,	
requiere 1 310 1 1344,	
Hiperglicemia 1 310 1 1342,	
agudo 3 310 3 1341,1371,1391,	
Shock 1 310 1 1340,	
posibilidad 1 310 1 1335,	
renal 5 310 5 1332,1605,1687,2443,2894,	
metabolismo 3 310 3 1327,1596,2580,	
Código 1 310 1 2557,	
Defectos 1 310 1 1324,	
sanguínea 1 310 1 1323,	
coagulación 4 310 4 1322,1682,2172,2197,	
graves 3 310 3 1319,1387,2539,	
Alteraciones 1 310 1 1318,	
hepática 3 310 3 1316,1611,2445,	
Insuficiencia 2 310 2 1315,1331,	
hemofiltración 1 310 1 1337,	
grave 5 310 5 1314,1317,1333,1397,2439,	
Hiperlipemia 1 310 1 1313,	
proteína 1 310 1 1305,	
huevo 2 310 2 1302,3060,	
conocida 1 310 1 1300,	
Hipersensibilidad 1 310 1 1299,	
material 1 310 1 3340,	
Contraindicaciones 2 310 2 1298,1362,	
rotación 1 310 1 1290,	
recomienda 5 310 5 1288,1430,1751,1954,2065,	
tromboflebitis 4 310 4 1282,2020,2036,2332,	
riesgo 2 310 2 1280,1567,	
minimizar 1 310 1 1278,	
Con 1 310 1 1274,	
requiera 1 310 1 1268,	
continuar 1 310 1 1263,	
central 2 310 2 1259,1561,	
periférica 2 310 2 1254,1286,	
vena 4 310 4 1253,1258,1560,2949,	
intravenosa 5 310 5 1250,1537,1870,1902,2320,	
interna 5 310 5 3302,3309,3325,3337,3352,	
Perfusión 2 310 2 1249,2010,	
Lista 1 310 1 3054,	
Método 1 310 1 1243,	
cambiar 1 310 1 1239,	
varía 1 310 1 1229,	
lípidos/ 1 310 1 1221,	
glucosa/ 1 310 1 1213,	
(2 1 310 1 1210,	
no-proteica 1 310 1 1209,	
día) 2 310 2 1201,1224,	
N/ 1 310 1 1198,	
16 1 310 1 1196,	
aminoácidos/ 1 310 1 1191,	
96 1 310 1 1188,	
proporcionará 1 310 1 1186,	
tamaño) 1 310 1 1178,	
(mayor 1 310 1 1177,	
apolipoproteínas 1 310 1 2745,	
día 6 310 6 1170,1194,1206,1216,1240,1242,	
diaria 3 310 3 1165,1228,1291,	
aceite 1 310 1 2156,	
Dosis 1 310 1 1163,	
horas 8 310 8 1162,1453,1864,1950,2852,3136,3233,3287,	
12-24 1 310 1 1161,	
bolsas 1 310 1 1155,	
período 5 310 5 1149,1447,1671,1861,2265,	
corporal) 1 310 1 1147,	
13 1 310 1 1139,	
09 1 310 1 1134,	
ml/ 2 310 2 1122,1167,	
superar 1 310 1 1106,	
exceder 3 310 3 1093,1119,1462,	
h 4 310 4 1086,1099,1112,1125,	
veces 1 310 1 3473,	
pc/ 10 310 10 1085,1098,1111,1124,1169,1193,1200,1205,1215,1223,	
g/ 3 310 3 1083,1096,1109,	
adición 2 310 2 1736,3183,	
25 3 310 3 1082,1129,1202,	
Velocidad 1 310 1 1070,	
esencial 1 310 1 1069,	
condicionalmente 1 310 1 1068,	
considerado 1 310 1 1067,	
cisteína 1 310 1 1065,	
aminoácido 1 310 1 1064,	
recomendado 2 310 2 1049,1152,	
10 2 310 2 1032,3580,	
máxima 6 310 6 1023,1077,1164,1227,2499,2823,	
ml/kg/día 2 310 2 1019,1026,	
10-15 1 310 1 1018,	
Una 2 310 2 1499,2389,	
aumentada 1 310 1 1016,	
glucosa/kg/día) 1 310 1 1013,	
95-1 1 310 1 1010,	
aminoácidos/kg/día 1 310 1 1007,	
67 1 310 1 1005,	
34-0 1 310 1 1004,	
lípidos/kg/día 1 310 1 1002,	
98 1 310 1 1000,	
49-0 1 310 1 999,	
ml/kg 1 310 1 995,	
28 1 310 1 994,	
especialmente 1 310 1 1473,	
14- 1 310 1 993,	
baja 1 310 1 991,	
iniciarse 1 310 1 987,	
años) 1 310 1 985,	
(2-10 1 310 1 984,	
pequeños 2 310 2 983,2693,	
nutrientes 1 310 1 975,	
metabolizar 1 310 1 973,	
determinada 2 310 2 968,2798,	
debe 14 310 14 966,986,1036,1118,1262,1461,1538,1550,1804,2190,2516,3282,3449,3469,	
Niños 1 310 1 963,	
mezclar 3 310 3 3111,3160,3171,	
Periférico/kg 1 310 1 960,	
27-40 1 310 1 956,	
corresponden 1 310 1 953,	
kg 14 310 14 950,1084,1097,1110,1123,1144,1168,1184,1192,1199,1204,1214,1222,2846,	
disminuidas 1 310 1 2904,	
kcal/ 2 310 2 949,1203,	
7-1 1 310 1 937,	
(correspondiente 2 310 2 996,1126,	
(0 2 310 2 936,1195,	
particularmente 2 310 2 1886,2173,	
rango 1 310 1 925,	
detenerse 1 310 1 1551,	
vitaminas 6 310 6 921,1731,1741,1749,1944,1978,	
traza 5 310 5 920,1734,1739,1885,1895,	
elementos 5 310 5 919,1733,1738,1884,1894,	
administrarse 5 310 5 918,1037,1590,1759,1784,	
adicionalmente 1 310 1 916,	
completa 1 310 1 915,	
suministrar 1 310 1 912,	
bajos 1 310 1 910,	
basales 1 310 1 908,	
haya 1 310 1 3517,	
aumentados 1 310 1 907,	
duración 3 310 3 1245,1905,2049,	
moderadamente 1 310 1 906,	
general 1 310 1 978,	
dirigidos 1 310 1 900,	
prepara 1 310 1 896,	
estimado 1 310 1 892,	
ingrediente 1 310 1 1312,	
ideal 1 310 1 891,	
basarse 1 310 1 887,	
obesos 1 310 1 883,	
kcal/kg 1 310 1 878,	
diálisis 1 310 1 1339,	
20-30 2 310 2 877,948,	
frecuente 2 310 2 875,2188,	
energía 3 310 3 863,945,1208,	
0-6 1 310 1 848,	
aceptados 1 310 1 845,	
comúnmente 1 310 1 844,	
soldaduras 4 310 4 3131,3167,3319,3464,	
corporal/día) 2 310 2 841,942,	
simultáneamente 1 310 1 1985,	
aminoácidos/kg 2 310 2 839,940,	
embarazadas 1 310 1 2262,	
bilirrubina 1 310 1 1824,	
0-2 2 310 2 836,855,	
(1 1 310 1 835,	
orden 1 310 1 826,	
malnutrición 2 310 2 821,1909,	
alto 1 310 1 817,	
moderado 1 310 1 815,	
metabólico 1 310 1 814,	
En 10 310 10 809,881,977,1683,1849,1906,1998,2182,2535,2818,	
normal 2 310 2 808,2715,	
corporal/día 6 310 6 803,834,880,935,952,962,	
nitrógeno/kg 3 310 3 801,832,933,	
15 3 310 3 799,931,1108,	
10-0 2 310 2 798,930,	
catabólico) 1 310 1 793,	
estrés 2 310 2 792,813,	
grado 1 310 1 790,	
nutricional 4 310 4 788,807,1493,2808,	
decir 1 310 1 786,	
(es 1 310 1 785,	
condiciones 7 310 7 782,1385,1594,1627,2863,3216,3250,	
dependen 3 310 3 779,865,2860,	
proteica 1 310 1 777,	
masa 1 310 1 776,	
mantenimiento 1 310 1 773,	
nitrógeno 1 310 1 770,	
Los 7 310 7 767,794,842,860,2339,2659,3525,	
Pacientes 1 310 1 765,	
nutricionales 3 310 3 764,905,3514,	
requerimientos 7 310 7 763,768,795,823,843,861,904,	
corporal 4 310 4 761,778,2294,2849,	
paciente 9 310 9 759,784,871,1181,1235,1273,1726,2436,2812,	
clínica 8 310 8 757,869,1233,1271,1542,1724,2221,2434,	
situación 6 310 6 756,868,1232,1270,1723,2433,	
saturación 1 310 1 1827,	
cuenta 2 310 2 754,1721,	
teniendo 2 310 2 752,1719,	
realizarse 5 310 5 751,1539,2191,3176,3523,	
Datos 1 310 1 2993,	
tamaño 2 310 2 747,1470,	
elección 1 310 1 745,	
individualizada 1 310 1 742,	
debería 13 310 13 740,750,886,1092,1105,1426,1589,1695,1758,1783,1982,2250,3194,	
dosis 9 310 9 739,885,927,965,990,1022,1226,2099,2594,	
uso"" 1 310 1 737,	
especiales 3 310 3 735,1416,3142,	
precauciones 3 310 3 734,1415,1572,	
""Advertencias 1 310 1 732,	
apartado 2 310 2 729,2482,	
Ver 3 310 3 727,2480,3091,	
metabolización 1 310 1 724,	
lípidos 13 310 13 720,859,1103,1142,1425,1450,1598,1667,1812,1842,1867,2397,2476,	
frecuentemente 1 310 1 2300,	
provoca 1 310 1 2111,	
eliminación 7 310 7 718,1423,2395,2796,2856,2868,2900,	
capacidad 5 310 5 715,971,1420,2273,2393,	
función 4 310 4 712,1610,2442,2609,	
establecerse 1 310 1 710,	
deberían 4 310 4 709,917,1525,3228,	
venas 2 310 2 2024,2337,	
velocidad 7 310 7 706,1074,1114,2422,2495,2617,2815,	
dosificación 4 310 4 704,1039,1088,1101,	
náuseas 2 310 2 2380,2504,	
La 20 310 20 703,738,964,1073,1087,1100,1113,1225,1260,1419,1454,1735,1755,1868,2095,2285,2703,2793,3307,3335,	
método 1 310 1 700,	
Posología 1 310 1 698,	
contraindicada 1 310 1 695,	
clínicas 2 310 2 2100,2864,	
insuficiente 1 310 1 692,	
imposible 1 310 1 691,	
enteral 1 310 1 689,	
oral 1 310 1 687,	
relación 1 310 1 2253,	
nutrición 9 310 9 686,913,1756,1901,1914,1957,2319,2633,2649,	
edad 4 310 4 683,1035,1058,1410,	
años 5 310 5 681,1033,1056,1408,3104,	
niños 5 310 5 676,982,1028,1051,1403,	
pacientes 16 310 16 674,810,882,902,1624,1684,1763,1788,1854,1898,1907,1999,2175,2200,2631,2891,	
parenteral 7 310 7 672,914,1757,1915,1958,2634,2650,	
Nutrición 1 310 1 671,	
terapéuticas 1 310 1 670,	
Indicaciones 1 310 1 669,	
	"4 1 310 1 667,	
CLÍNICOS 1 310 1 666,	
DATOS 2 310 2 665,3050,	
homogénea 3 310 3 663,3478,3502,	
blanca 2 310 2 661,3500,	
amarillas 2 310 2 655,3494,	
equilibrio 1 310 1 1656,	
o 23 310 23 653,688,693,816,819,909,1255,1308,1338,1523,1616,1773,1799,1988,2080,2263,2444,2519,2545,2744,2895,3492,3513,	
incoloras 2 310 2 652,3491,	
e 7 310 7 651,1236,1703,1926,2369,2533,3490,	
transparentes 2 310 2 650,3489,	
son 14 310 14 649,796,824,846,1856,2351,2467,2661,2775,2918,2976,3221,3247,3488,	
grasa 6 310 6 641,659,2561,2564,2721,3498,	
aminoácidos 15 310 15 634,645,1090,1137,1330,1872,2493,2660,2689,2914,2926,2938,2960,3027,3485,	
soluciones 9 310 9 632,643,2016,2079,2326,3025,3174,3483,3511,	
respectivamente 1 310 1 631,	
contienen 1 310 1 630,	
congénitos 1 310 1 1325,	
individuales 3 310 3 629,976,1156,	
Las 10 310 10 627,642,1507,1705,2686,2771,2853,2908,2969,3520,	
consiste 3 310 3 620,3298,3348,	
posee 2 310 2 2159,3314,	
hiperfosfatemia 1 310 1 1702,	
	Emulsión 1 310 1 615,	
FORMA 1 310 1 613,	
punto 4 310 4 609,1293,2068,3188,	
ver 1 310 1 608,	
excipientes 2 310 2 607,3056,	
petición 1 310 1 3532,	
Vamin® 1 310 1 604,	
séricos 2 310 2 1353,1518,	
Intralipid® 1 310 1 602,	
procede 1 310 1 600,	
aporte 2 310 2 599,1689,	
El 11 310 11 598,924,1042,1148,1469,1809,2155,2248,2446,2621,3296,	
pH 2 310 2 593,2053,	
cuantitativa 1 310 1 1479,	
mosmol/l 1 310 1 591,	
750 1 310 1 590,	
Osmolaridad 1 310 1 588,	
agua 1 310 1 586,	
mosm/kg 1 310 1 585,	
830 1 310 1 584,	
aproximadamente 4 310 4 583,589,594,955,	
Osmolalidad 1 310 1 582,	
mezclas 1 310 1 3528,	
52 1 310 1 577,	
65 1 310 1 575,	
47 1 310 1 571,	
Utilizar 1 310 1 3479,	
62 1 310 1 569,	
78 1 310 1 567,	
prudencia 1 310 1 1962,	
11 1 310 1 552,	
Periodo 1 310 1 3100,	
14 1 310 1 550,	
fosfato1 1 310 1 547,	
24 6 310 6 522,1947,2851,3135,3232,3286,	
40 3 310 3 518,1025,1166,	
32 2 310 2 514,520,	
ligeramente 2 310 2 654,3493,	
43 1 310 1 512,	
mmol 24 310 24 511,513,515,519,521,523,528,531,534,539,542,545,549,551,553,558,561,564,568,570,572,576,578,580,	
53 1 310 1 510,	
extremadamente 1 310 1 2352,	
Electrolitos 1 310 1 507,	
900 1 310 1 504,	
1200 1 310 1 502,	
1500 1 310 1 500,	
proteico 2 310 2 498,2677,	
1000 1 310 1 494,	
1400 1 310 1 492,	
kcal 6 310 6 491,493,495,501,503,505,	
prevenir 1 310 1 1700,	
catéter 1 310 1 1583,	
1700 1 310 1 490,	
aprox 2 310 2 489,499,	
total 3 310 3 488,864,946,	
grasos 1 310 1 2571,	
energético 2 310 2 486,2581,	
Contenido 1 310 1 485,	
- 11 310 11 475,487,496,508,516,524,535,546,554,565,573,	
Carbohidratos 1 310 1 474,	
Nitrógeno 1 310 1 455,	
34 1 310 1 452,	
elevado 2 310 2 1566,2755,	
· 9 310 9 446,454,465,473,484,506,581,587,592,	
Correspondiente 1 310 1 438,	
acetato 2 310 2 426,574,	
Lípidos 1 310 1 466,	
3H2O 1 310 1 414,	
Acetato 1 310 1 411,	
potasio 4 310 4 401,517,1694,1940,	
48 2 310 2 397,1949,	
64 2 310 2 394,1183,	
80 1 310 1 391,	
sulfato 2 310 2 387,555,	
99 1 310 1 383,	
7H2O 1 310 1 375,	
absorbente 1 310 1 3332,	
proteínas 2 310 2 2665,2941,	
magnesio 4 310 4 374,389,525,1942,	
añadirse 2 310 2 1712,3507,	
Sulfato 1 310 1 372,	
(anhidro) 1 310 1 362,	
sodio 5 310 5 361,413,428,509,3064,	
Glicerofosfato 1 310 1 359,	
22 1 310 1 357,	
30 2 310 2 354,830,	
37 1 310 1 351,	
cloruro 2 310 2 347,566,	
29 1 310 1 343,	
39 2 310 2 340,579,	
49 1 310 1 337,	
2H2O 1 310 1 335,	
calcio 3 310 3 334,349,536,	
Cloruro 2 310 2 332,399,	
contribuyen 1 310 1 2031,	
9 5 310 5 319,456,1011,2478,3570,	
adverso 1 310 1 2151,	
Valina 1 310 1 314,	
069 1 310 1 312,	
acceso 1 310 1 2070,	
092 1 310 1 309,	
12 1 310 1 306,	
Tirosina 1 310 1 304,	
57 2 310 2 302,448,	
76 1 310 1 299,	
95 1 310 1 296,	
Triptófano 1 310 1 294,	
Treonina 1 310 1 284,	
Serina 1 310 1 274,	
Prolina 1 310 1 264,	
adultos 2 310 2 766,1041,	
Fenilalanina 1 310 1 254,	
Metionina 1 310 1 244,	
hidrocloruro 1 310 1 222,	
Lisina 2 310 2 221,234,	
erupciones 1 310 1 2362,	
Leucina 1 310 1 211,	
Isoleucina 1 310 1 201,	
Histidina 1 310 1 191,	
Glicina 1 310 1 181,	
glutámico 1 310 1 171,	
7 17 310 17 162,179,196,209,242,252,269,292,459,527,541,557,1121,1211,2269,3543,3555,	
aspártico 1 310 1 160,	
Ácido 3 310 3 159,170,3065,	
3 25 310 25 156,185,192,215,229,238,258,265,315,380,402,418,419,530,537,538,560,612,1120,1297,1464,2837,2992,3099,3424,	
5 20 310 20 150,154,223,227,236,364,370,422,436,462,529,559,595,2084,2547,2553,2716,2841,2991,3289,	
Arginina 1 310 1 149,	
fluidos 6 310 6 1512,1654,1780,1920,1974,2529,	
4 40 310 40 144,146,153,157,165,182,189,193,212,219,226,230,235,255,262,266,282,406,415,430,463,532,562,664,696,730,731,1219,1296,1411,1412,2083,2222,2268,2281,2477,2483,3140,3397,3410,	
6 22 310 22 143,151,224,239,316,377,526,556,596,610,1347,2223,3049,3071,3093,3094,3098,3139,3262,3288,3429,3430,	
0 47 310 47 141,168,183,199,213,256,272,295,298,301,305,308,311,336,339,342,350,353,356,367,382,390,393,396,403,433,457,533,544,563,797,828,837,849,856,929,938,998,1003,1009,1081,1094,1107,1128,1133,1138,1187,	
8 12 310 12 140,147,173,203,246,279,286,409,2282,2484,2838,3560,	
Alanina 1 310 1 139,	
97 2 310 2 137,482,	
130 2 310 2 135,480,	
incluidos 2 310 2 1361,2350,	
(anhidra) 2 310 2 132,477,	
°C 3 310 3 3236,3266,3279,	
determinaciones 1 310 1 1820,	
glucosa 13 310 13 131,637,648,726,852,1079,1132,1642,2704,2974,2984,3029,3487,	
equivalente 7 310 7 129,232,345,385,424,1173,2835,	
107 1 310 1 127,	
peso 12 310 12 760,802,833,840,879,890,934,941,951,961,1146,2848,	
143 1 310 1 125,	
178 1 310 1 123,	
monohidrato 1 310 1 122,	
51 2 310 2 119,471,	
68 2 310 2 117,469,	
g 117 310 117 116,118,120,124,126,128,134,136,138,142,145,148,152,155,158,163,166,169,174,177,180,184,187,190,194,197,200,204,207,210,214,217,220,225,228,231,237,240,243,247,250,253,257,260,263,267,270,273,277,280,283,287,290,293,297,300,303,307,310,313,317,320,323,338,341,344,352,355,358,365,368,371,378,381,384,392,395,398,404,407,410,417,420,423,431,434,437,449,451,453,458,461,464,468,470,472,479,481,483,800,831,838,850,857,932,939,1001,1006,1012,1130,1135,1140,1189,1197,1212,1220,2842,	
85 2 310 2 115,467,	
purificado 1 310 1 114,	
soja 3 310 3 113,1307,2158,	
Aceite 1 310 1 111,	
activos 2 310 2 104,325,	
Principios 2 310 2 103,324,	
totales 1 310 1 102,	
composiciones 2 310 2 101,3036,	
corresponde 1 310 1 97,	
Esto 4 310 4 96,1171,2110,2407,	
255 1 310 1 94,	
340 1 310 1 92,	
425 1 310 1 90,	
20%) 1 310 1 89,	
(Intralipid 1 310 1 88,	
lipídica 5 310 5 87,2388,2406,2450,3021,	
Emulsión 3 310 3 86,2560,2720,	
Novum) 1 310 1 85,	
18 2 310 2 84,548,	
(Vamin 1 310 1 83,	
300 1 310 1 81,	
400 1 310 1 79,	
500 1 310 1 77,	
asépticamente 1 310 1 3524,	
electrolitos 12 310 12 76,923,1360,1514,1520,1645,1795,1975,2658,2907,2916,2928,	
Aminoácidos 4 310 4 74,447,2656,2905,	
Para 5 310 5 605,911,1027,1745,3434,	
885 1 310 1 72,	
1180 1 310 1 70,	
1475 1 310 1 68,	
11%) 1 310 1 67,	
(Glucosa 1 310 1 66,	
Glucosa 5 310 5 65,121,476,2702,2968,	
1440 8 310 8 63,109,330,444,3387,3395,3399,3596,	
2400 9 310 9 59,105,326,440,3391,3417,3421,3426,3605,	
tamaños 2 310 2 58,899,	
mezclarse 1 310 1 3450,	
162 2 310 2 133,478,	
dependiendo 1 310 1 54,	
siguientes 2 310 2 53,100,	
copolímero 2 310 2 3356,3366,	
45 1 310 1 450,	
volúmenes 2 310 2 52,1485,	
diferentes 1 310 1 51,	
contiene 3 310 3 49,1730,2740,	
cambio 1 310 1 2429,	
15-0 1 310 1 829,	
Cada 1 310 1 47,	
cámaras 6 310 6 46,626,628,3125,3316,3456,	
tres 9 310 9 45,57,625,898,3124,3173,3315,3345,3455,	
bolsa 14 310 14 43,48,623,749,1176,1472,1500,3122,3301,3308,3324,3336,3386,3468,	
sistema 2 310 2 41,2955,	
disponible 1 310 1 38,	
está 5 310 5 37,694,1048,1562,3444,	
Kabiven 17 310 17 35,618,893,959,1045,1158,1587,1621,1781,1814,1979,2240,2258,2567,3008,3074,3509,	
	 5 310 5 34,3550,3567,3578,3588,	
CUANTITATIVA 1 310 1 33,	
Y 1 310 1 32,	
CUALITATIVA 1 310 1 31,	
COMPOSICIÓN 1 310 1 30,	
2 48 310 48 29,172,175,176,186,188,195,198,202,205,206,216,218,241,245,248,249,259,261,268,271,275,276,285,288,289,318,321,322,363,366,405,421,429,432,460,540,543,680,697,847,1055,1407,2717,3072,3103,3405,3419,	
Periférico 17 310 17 25,36,619,894,1046,1159,1588,1622,1782,1815,1980,2241,2259,2568,3009,3075,3510,	
	Kabiven 1 310 1 24,	
FARMACÉUTICA 2 310 2 23,614,	
ESPECIALIDAD 1 310 1 22,	
LA 4 310 4 21,3546,3563,3573,	
DE 9 310 9 20,2550,3545,3548,3562,3565,3572,3576,3582,	
interrumpirse 1 310 1 1805,	
NOMBRE 1 310 1 19,	
información 1 310 1 15,	
Toda 1 310 1 13,	
medicamento 2 310 2 12,17,	
Basica 1 310 1 10,	
	Información 1 310 1 9,	
ml 36 310 36 8,60,62,64,69,71,73,78,80,82,91,93,95,106,108,110,327,329,331,441,443,445,957,3388,3390,3392,3396,3400,3404,3408,3413,3418,3422,3427,3597,3606,	
1920 9 310 9 7,61,107,328,442,3389,3403,3407,3412,	
efecto 2 310 2 2150,2169,	
administración 5 310 5 702,1248,1285,2006,2652,	
x 11 310 11 6,3394,3398,3402,3406,3411,3416,3420,3425,3595,3604,	
1 31 310 31 5,18,161,164,167,178,208,251,278,281,291,369,376,379,408,416,435,597,611,668,854,1095,1218,2554,2840,3053,3393,3401,3415,3594,3603,	
perfusión 31 310 31 4,28,617,708,980,1072,1076,1116,1151,1261,1295,1368,1468,1531,1536,1553,1808,1869,1997,2052,2286,2328,2424,2474,2491,2515,2619,2817,3541,3593,3602,	
emulsión 11 310 11 2,26,640,658,1728,2563,3020,3256,3497,3591,3600,	
Embarazo 1 310 1 2224,	
PERIFERICO 3 310 3 1,3590,3599,	
KABIVEN 3 310 3 0,3589,3598,	
