	Prospectos 1 502 1 5750,	
TEXTO 1 502 1 5749,	
REVISIÓN 1 502 1 5747,	
2006 1 502 1 5743,	
Junio 1 502 1 5742,	
AUTORIZACIÓN/RENOVACIÓN 1 502 1 5738,	
PRIMERA 1 502 1 5737,	
FECHA 2 502 2 5734,5745,	
	8 1 502 1 5726,	
COMERCIALIZACIÓN 2 502 2 5725,5731,	
AUTORIZACIÓN 3 502 3 5723,5729,5741,	
TITULAR 1 502 1 5720,	
aluminio/aluminio 1 502 1 5710,	
blister 1 502 1 5709,	
presentados 1 502 1 5707,	
Envase 1 502 1 5697,	
recipiente 1 502 1 5696,	
contenido 1 502 1 5694,	
Naturaleza 1 502 1 5692,	
precisan 1 502 1 5685,	
conservación 2 502 2 5682,5689,	
Precauciones 2 502 2 5679,5713,	
validez 1 502 1 5674,	
Hidroxipropilmetilcelulosa 1 502 1 5662,	
Estearilfumarato 1 502 1 5660,	
microcristalina 1 502 1 5659,	
Celulosa 1 502 1 5658,	
sódico 2 502 2 5657,5661,	
Bicarbonato 1 502 1 5656,	
Almidón 1 502 1 5650,	
Lista 1 502 1 5647,	
	6 1 502 1 5645,	
FARMACÉUTICOS 1 502 1 5644,	
pre-neoplásica 1 502 1 5640,	
neoplásica 1 502 1 5638,	
morfológicos 1 502 1 5633,	
funcionales 1 502 1 5629,	
consideran 1 502 1 5623,	
oxifílica 1 502 1 5621,	
hiperplasia 1 502 1 5619,	
oxifílicas 1 502 1 5615,	
células 1 502 1 5614,	
túbulos 2 502 2 5611,5617,	
tumorígenos 1 502 1 5605,	
plazo 1 502 1 5593,	
neoplásico 1 502 1 5588,	
Potencial 1 502 1 5587,	
genotóxicas 1 502 1 5586,	
posea 1 502 1 5582,	
concluir 1 502 1 5579,	
permiten 1 502 1 5578,	
comprobación 1 502 1 5576,	
distintos 1 502 1 5574,	
mutagenicidad 1 502 1 5570,	
exhaustivos 1 502 1 5567,	
Mutagenicidad 1 502 1 5565,	
inmunotóxico 1 502 1 5562,	
ningún 1 502 1 5560,	
toxicología 1 502 1 5556,	
ensayos 2 502 2 5554,5568,	
Inmunotoxicología 1 502 1 5551,	
fenómenos 1 502 1 5542,	
asegurar 1 502 1 5539,	
Botal 1 502 1 5534,	
agujero 1 502 1 5532,	
persistencia 1 502 1 5530,	
retraso 1 502 1 5525,	
reversible 1 502 1 5514,	
anuria 1 502 1 5511,	
fetales 1 502 1 5509,	
contracturas 1 502 1 5505,	
pulmonar 1 502 1 5504,	
hipoplasia 1 502 1 5503,	
craneofacial 1 502 1 5502,	
deformidad 1 502 1 5501,	
nacido 1 502 1 5498,	
(supuestamente 1 502 1 5481,	
conjunción 1 502 1 5478,	
notificado 1 502 1 5473,	
tercer 1 502 1 5466,	
segundo 1 502 1 5464,	
mujeres 1 502 1 5461,	
administrados 1 502 1 5459,	
partir 1 502 1 5445,	
(dilatación 1 502 1 5436,	
fetal 1 502 1 5428,	
períodos 1 502 1 5427,	
hembra 2 502 2 5417,5424,	
macho 1 502 1 5413,	
fertilidad 1 502 1 5407,	
propiedades 2 502 2 5404,5583,	
revelaron 1 502 1 5403,	
conejo 1 502 1 5399,	
reproducción 2 502 2 5390,5396,	
Toxicología 1 502 1 5387,	
nocivos 1 502 1 5386,	
toleraron 1 502 1 5373,	
variaciones 1 502 1 5364,	
desviación 1 502 1 5358,	
signos 1 502 1 5356,	
encontrado 1 502 1 5355,	
250 1 502 1 5345,	
yuxtaglomerular 1 502 1 5334,	
aparato 1 502 1 5333,	
detectó 1 502 1 5328,	
producción 1 502 1 5314,	
(prueba 1 502 1 5307,	
farmacodinámica 1 502 1 5304,	
expresión 1 502 1 5300,	
atrofia 1 502 1 5286,	
tóxicos 1 502 1 5284,	
toleradas 1 502 1 5277,	
característicos 1 502 1 5266,	
prematuridad 1 502 1 5524,	
farmacodinámicos 1 502 1 5263,	
términos 1 502 1 5262,	
explicados 1 502 1 5260,	
distal) 1 502 1 5253,	
tubular 2 502 2 5252,5287,	
(atrofia 1 502 1 5251,	
morfología 1 502 1 5249,	
evidencias 1 502 1 5244,	
aparecieron 1 502 1 5242,	
defecto 1 502 1 5561,	
desviaciones 1 502 1 5225,	
produjeron 2 502 2 5224,5432,	
40 1 502 1 5222,	
orden 1 502 1 5220,	
diarias 4 502 4 5218,5272,5343,5375,	
realizaron 1 502 1 5204,	
Beagle 1 502 1 5200,	
perro 6 502 6 5199,5211,5295,5336,5350,5369,	
c 2 502 2 5196,5453,	
p 2 502 2 5195,5452,	
1000 1 502 1 5193,	
rata 8 502 8 5189,5210,5216,5280,5291,5398,5597,5609,	
ratón 2 502 2 5186,5595,	
mg/kg 9 502 9 5183,5194,5223,5239,5275,5346,5379,5382,5451,	
DL50 1 502 1 5178,	
toxicidad 1 502 1 5174,	
Toxicidad 2 502 2 5162,5201,	
seguridad 1 502 1 5161,	
destacable 1 502 1 5140,	
acumulación 1 502 1 5139,	
observó 2 502 2 5137,5521,	
sujetos 1 502 1 5124,	
sucede 1 502 1 5122,	
igual 1 502 1 5120,	
Al 1 502 1 5119,	
resultando 1 502 1 5100,	
retarda 1 502 1 5093,	
mg) 1 502 1 5086,	
administran 1 502 1 5080,	
normal 1 502 1 5077,	
personas 1 502 1 5073,	
lentamente 1 502 1 5069,	
diminuyen 1 502 1 5067,	
da 1 502 1 5057,	
proporcional 1 502 1 5051,	
jóvenes 1 502 1 5032,	
obtenidas 1 502 1 5028,	
76 1 502 1 5015,	
65 1 502 1 5013,	
sanos 3 502 3 5011,5031,5125,	
individuos 2 502 2 5010,5030,	
73% 1 502 1 5005,	
respectivamente 2 502 2 5003,5383,	
500 1 502 1 4991,	
litros 2 502 2 4978,4992,	
90 1 502 1 4977,	
sistémico 2 502 2 4972,4985,	
múltiple 1 502 1 4963,	
17 1 502 1 4957,	
efectivo 1 502 1 4948,	
plasma 1 502 1 4937,	
estacionario 1 502 1 4933,	
larga 1 502 1 4916,	
pesar 1 502 1 4913,	
unión 2 502 2 4908,4994,	
saturable 1 502 1 4907,	
estrecha 1 502 1 4902,	
disociación 1 502 1 4897,	
lenta 1 502 1 4896,	
media 2 502 2 4882,4947,	
terminal 3 502 3 4869,4891,4918,	
mutagénicas 1 502 1 5584,	
horas) 1 502 1 4864,	
15 1 502 1 4863,	
aproximada 2 502 2 4861,4883,	
(semivida 1 502 1 4860,	
intermedia 1 502 1 4859,	
Seguida 1 502 1 4855,	
aproximado 1 502 1 4851,	
distribución 3 502 3 4842,4971,4984,	
polifásica 1 502 1 4840,	
disminuyen 1 502 1 4837,	
plasmáticos 4 502 4 4814,5107,5229,5362,	
semivida 2 502 2 4802,4850,	
hora 2 502 2 4795,4811,	
alrededor 1 502 1 4792,	
plasmática 1 502 1 4787,	
concentración 2 502 2 4786,4816,	
simultánea 1 502 1 4769,	
56% 2 502 2 4766,5007,	
distintas 1 502 1 4753,	
representa 1 502 1 4748,	
detección 1 502 1 4742,	
medirse 1 502 1 4737,	
Tal 1 502 1 4734,	
rápidamente 1 502 1 4729,	
absorbe 1 502 1 4728,	
mamíferos 1 502 1 4715,	
estudios 4 502 4 4713,5205,5392,5590,	
Incompatibilidades 1 502 1 5665,	
2% 1 502 1 4710,	
ascendía 1 502 1 4708,	
metabolizado 1 502 1 4707,	
representan 1 502 1 4688,	
ramipril-dicetopiperacina 1 502 1 4687,	
glucurónido 1 502 1 4683,	
identificado 1 502 1 4675,	
90% 1 502 1 4665,	
80 1 502 1 4663,	
lentificación 1 502 1 5112,	
bilis 2 502 2 4655,4672,	
excretó 1 502 1 4648,	
cantidad 2 502 2 4640,4697,	
biliares 1 502 1 4636,	
drenaje 1 502 1 4633,	
30% 1 502 1 4620,	
indicando 1 502 1 4610,	
metabolitos 4 502 4 4604,4646,4668,4679,	
vías 3 502 3 4587,4635,4754,	
eliminaron 1 502 1 4584,	
metabolitos); 1 502 1 4579,	
sido 2 502 2 4571,5458,	
50% 2 502 2 4564,4582,	
60% 2 502 2 4552,4566,	
heces 1 502 1 4548,	
excreta 2 502 2 4545,4721,	
radiactividad 2 502 2 4542,4744,	
40% 1 502 1 4539,	
radiactivamente 1 502 1 4536,	
marcado 1 502 1 4535,	
Tras 5 502 5 4526,4556,4590,4621,4964,	
vía 1 502 1 4522,	
20% 2 502 2 4517,4694,	
aproximadamente 15 502 15 4515,4537,4550,4562,4580,4596,4618,4637,4689,4711,4809,4942,4979,4990,5008,	
activación/metabolización 1 502 1 4512,	
ramiprilato- 1 502 1 4505,	
(éster) 1 502 1 4496,	
dicetopiperacina 2 502 2 4495,4506,	
ramipril- 1 502 1 4494,	
transformado 2 502 2 4492,4503,	
glucuronizado 2 502 2 4490,4501,	
activado 1 502 1 4484,	
Aparte 1 502 1 4481,	
hígado) 1 502 1 4480,	
principalmente 1 502 1 4477,	
efectúa 1 502 1 4476,	
(hidrólisis 1 502 1 4473,	
A 2 502 2 4912,5232,	
extenso 1 502 1 4453,	
sufre 1 502 1 4451,	
farmacocinéticas 1 502 1 4447,	
alteró 1 502 1 5410,	
observaron 1 502 1 4436,	
8% 1 502 1 4429,	
10% 1 502 1 4419,	
exposición 1 502 1 5547,	
global 1 502 1 4401,	
población 2 502 2 4400,4425,	
respecto 2 502 2 4394,4414,	
desarrollo 1 502 1 4386,	
congestiva 2 502 2 4380,5134,	
comienzo 1 502 1 4373,	
retrasa 1 502 1 4371,	
15% 1 502 1 4369,	
16% 1 502 1 4360,	
metabolización 1 502 1 4456,	
mortalidad 1 502 1 4356,	
22% 1 502 1 4338,	
preventiva 1 502 1 4329,	
9200 1 502 1 4325,	
estándar 1 502 1 4322,	
habitual) 1 502 1 4308,	
fumador 1 502 1 4307,	
HDL 1 502 1 4306,	
bajos 1 502 1 4303,	
colesterol 2 502 2 4300,4305,	
(microalbuminuria 1 502 1 4295,	
factor 1 502 1 4291,	
periférica) 1 502 1 4281,	
55 1 502 1 4253,	
realizado 1 502 1 4248,	
(rebote) 1 502 1 4237,	
exacerbado 1 502 1 4235,	
rápido 1 502 1 4233,	
brusca 1 502 1 4225,	
aparece 1 502 1 5288,	
años 4 502 4 4220,4254,5016,5676,	
orina 6 502 6 4555,4575,4609,4651,4670,4746,	
sostenido 1 502 1 4217,	
demostrado 3 502 3 4204,4717,5170,	
3-4 1 502 1 4200,	
gradualmente 1 502 1 4197,	
continuado 1 502 1 4192,	
habitualmente 1 502 1 4181,	
general 1 502 1 4161,	
oligohidramnios 1 502 1 5480,	
oral 9 502 9 4149,4171,4523,4529,4624,4733,4800,5146,5166,	
transcurridas 1 502 1 4143,	
compensatoria 1 502 1 4120,	
elevación 1 502 1 4119,	
supina 1 502 1 4117,	
ortostática 1 502 1 4115,	
posición 1 502 1 4114,	
filtrado 1 502 1 4098,	
significativos 1 502 1 4090,	
producen 1 502 1 4088,	
resistencia 1 502 1 4082,	
marcada 1 502 1 4078,	
Características 1 502 1 4070,	
meses 1 502 1 4045,	
superior 3 502 3 4039,5179,5191,	
glomerular 2 502 2 4038,4099,	
filtración 1 502 1 4037,	
tasa 1 502 1 4032,	
mostró 1 502 1 4027,	
completaron 1 502 1 4023,	
97 1 502 1 4020,	
persistente 1 502 1 4018,	
ml/min) 1 502 1 4015,	
20-70 1 502 1 4014,	
(aclaramiento 1 502 1 4011,	
manifiesta 3 502 3 4010,4196,4390,	
diabéticos 3 502 3 4007,4405,4432,	
mayoría 2 502 2 4004,4127,	
166 1 502 1 4000,	
27 1 502 1 3997,	
mg/día 2 502 2 3995,4317,	
administró 2 502 2 3983,4310,	
placebo 5 502 5 3981,4041,4247,4396,4416,	
controlado 2 502 2 3979,4245,	
ciego 1 502 1 3978,	
doble 1 502 1 3977,	
aleatorizado 1 502 1 3976,	
estudio 4 502 4 3975,4025,4244,4331,	
reduce 5 502 5 3970,4335,4354,4382,4407,	
necesidad 2 502 2 3957,4364,	
disminuye 1 502 1 3946,	
garganta) 1 502 1 3939,	
cosquilleo 1 502 1 3936,	
crónica 2 502 2 5202,5208,	
sensación 1 502 1 3934,	
tos 1 502 1 3932,	
responsable 1 502 1 3925,	
acción 1 502 1 3922,	
medida 1 502 1 3920,	
determinarse 1 502 1 3917,	
podido 1 502 1 3916,	
animal 1 502 1 3912,	
experimentación 1 502 1 3911,	
observados 1 502 1 3908,	
endotelioprotectores 1 502 1 3907,	
cardioprotectores 1 502 1 3905,	
contribuye 1 502 1 3901,	
probablemente 1 502 1 3900,	
actividad 2 502 2 3896,5303,	
secreción 1 502 1 3889,	
aldosterona 2 502 2 3881,3891,	
liberación 1 502 1 3879,	
estimula 1 502 1 3877,	
Como 3 502 3 3872,4508,5299,	
produce 4 502 4 3869,4076,4107,4231,	
formación 3 502 3 3856,4466,5323,	
plasmático 2 502 2 3849,4094,	
vasodilatador 1 502 1 3845,	
bradicinina 3 502 3 3844,3868,3899,	
escisión 2 502 2 3841,3865,	
mayores 2 502 2 4069,4251,	
activa 1 502 1 3835,	
vasconstrictora 1 502 1 3834,	
sustancia 3 502 3 3833,4601,5270,	
cataliza 1 502 1 3824,	
Esta 2 502 2 3822,4889,	
revascularizaciones 1 502 1 4366,	
angiotensina; 1 502 1 3819,	
convertidora 1 502 1 3816,	
inhibe 1 502 1 3809,	
A05 1 502 1 3798,	
C09 1 502 1 3797,	
ATC 1 502 1 3796,	
Código 1 502 1 3795,	
Inhibidores 1 502 1 3790,	
farmacoterapéutico 1 502 1 3789,	
Grupo 1 502 1 3788,	
farmacodinámicas 2 502 2 3787,4071,	
	"5 1 502 1 3784,	
ESTE 1 502 1 3782,	
(tales 1 502 1 4264,	
FARMACOLÓGICAS 1 502 1 3780,	
PROPIEDADES 1 502 1 3779,	
eliminación 7 502 7 3754,4612,4756,4804,4847,5116,5716,	
proceso 3 502 3 3752,4454,5114,	
aceleración 1 502 1 3750,	
fetal) 1 502 1 5488,	
pH 1 502 1 3743,	
encontraron 1 502 1 4606,	
variación 1 502 1 3741,	
forzada 1 502 1 3740,	
eficacia 1 502 1 3736,	
relativa 1 502 1 3733,	
II 4 502 4 3727,3837,3859,3875,	
catecolaminas 1 502 1 3723,	
electrolitos 3 502 3 3717,5228,5361,	
vigilancia 1 502 1 3708,	
preservarse 1 502 1 3704,	
dado 2 502 2 3701,5600,	
orgánicas 1 502 1 3697,	
vitales 1 502 1 3695,	
funciones 1 502 1 3694,	
minutos) 1 502 1 3692,	
30 1 502 1 3691,	
primeros 1 502 1 3690,	
través 1 502 1 4739,	
sódico; 1 502 1 3684,	
adsorbentes 1 502 1 3682,	
estómago 1 502 1 3679,	
lavado 1 502 1 3677,	
absorbido 1 502 1 3674,	
haya 1 502 1 3673,	
todavía 1 502 1 3670,	
eliminar 1 502 1 3666,	
necesarias 1 502 1 3664,	
tomarán 1 502 1 3661,	
fármaco 2 502 2 3651,3807,	
administrado 2 502 2 3649,4520,	
cuándo 1 502 1 3647,	
dependerá 1 502 1 3643,	
aplicar 1 502 1 3642,	
electrolíticos 1 502 1 3635,	
trastornos 1 502 1 3634,	
bradicardia 1 502 1 3632,	
aparecer 1 502 1 3627,	
sobredosis 1 502 1 3625,	
Sobredosis 1 502 1 3621,	
9 2 502 2 3620,5733,	
esclerodermia) 1 502 1 3595,	
vasculares 1 502 1 3587,	
mayor 2 502 2 3577,4050,	
presentan 1 502 1 3575,	
sanguínea 1 502 1 3573,	
médula 1 502 1 3566,	
depresión 1 502 1 3563,	
pancitopenia 1 502 1 3561,	
hemolítica 1 502 1 3559,	
plasmáticas 3 502 3 4834,4872,5063,	
anemia 2 502 2 3558,5231,	
producido 1 502 1 3557,	
neutropenia) 1 502 1 3551,	
(registrándose 1 502 1 3549,	
leucocitos 1 502 1 3548,	
hematíes 1 502 1 3537,	
número 2 502 2 3535,3543,	
moderada 1 502 1 3531,	
laboratorio 1 502 1 3528,	
Valores 1 502 1 3526,	
aguda) 1 502 1 3525,	
hepático 1 502 1 3521,	
daño 2 502 2 3520,5433,	
pancreatitis 1 502 1 3518,	
onicolisis 1 502 1 3511,	
tóxica 1 502 1 3508,	
epidérmica 1 502 1 3507,	
conversión 1 502 1 3826,	
alopecia 1 502 1 3509,	
necrólisis 1 502 1 3506,	
Johnson 1 502 1 3505,	
Steven 1 502 1 3504,	
Síndrome 1 502 1 3502,	
multiforme 1 502 1 3501,	
eritema 1 502 1 3500,	
enantema 1 502 1 3499,	
liquenoide 1 502 1 3498,	
penfigoide 1 502 1 3496,	
exantema 1 502 1 3495,	
psoriasis 1 502 1 3490,	
exacerbación 1 502 1 3487,	
plaquetas 1 502 1 3545,	
maculopapular 1 502 1 3485,	
grados 1 502 1 3472,	
dermatológicas 1 502 1 3469,	
fotosensibilidad 1 502 1 3465,	
teratogénicas 1 502 1 5405,	
piel 2 502 2 3464,3484,	
eosinofilia 1 502 1 3460,	
antinucleares 1 502 1 3459,	
anticuerpos 1 502 1 3458,	
títulos 1 502 1 3456,	
artralgia/artritis 1 502 1 3452,	
vasculitis 1 502 1 3450,	
Fiebre 1 502 1 3449,	
cardíaco) 1 502 1 3448,	
mejora 1 502 1 3445,	
conexión 1 502 1 3442,	
proteinuria) 1 502 1 3435,	
(aunque 1 502 1 3429,	
proteinuria 2 502 2 3427,4017,	
Descenso 1 502 1 3416,	
parestesias 1 502 1 3415,	
fenómeno 1 502 1 3411,	
perfusión 1 502 1 3404,	
empeoramiento 2 502 2 3401,3409,	
miocárdica 1 502 1 3390,	
isquemia 2 502 2 3389,3392,	
NÚMERO(S) 1 502 1 5727,	
Hipotensión 1 502 1 3387,	
sequedad 1 502 1 3376,	
sabores 1 502 1 3375,	
Cambios 1 502 1 3372,	
Raras 1 502 1 3369,	
funcionamiento 1 502 1 3447,	
Nausea 1 502 1 3368,	
gastrointestinales 2 502 2 3367,3371,	
Ésta 1 502 1 3363,	
irritativa 1 502 1 3362,	
seca 1 502 1 3361,	
Tos 1 502 1 3360,	
mediastínicos 1 502 1 3359,	
perjudiciales 1 502 1 5491,	
torácicos 1 502 1 3357,	
respiratorios 1 502 1 3356,	
Trastornos 3 502 3 3355,3366,3370,	
Frecuentes 1 502 1 3354,	
sistemas 2 502 2 3353,5573,	
intensiva 1 502 1 3709,	
órganos 1 502 1 3351,	
clasificación 1 502 1 3349,	
(<1/10 1 502 1 3344,	
000) 2 502 2 3340,3345,	
<1/1 1 502 1 3339,	
(>1/10 1 502 1 3337,	
<1/100); 1 502 1 3335,	
(>1/1 1 502 1 3333,	
<1/10); 1 502 1 3330,	
(>1/100 1 502 1 3329,	
(>1/10); 1 502 1 3327,	
frecuentes 4 502 4 3326,3328,3332,3365,	
frecuencia 3 502 3 3323,3578,4123,	
agrupadas 1 502 1 3320,	
Éstas 1 502 1 3315,	
reactivo 1 502 1 5311,	
mucosa) 1 502 1 3314,	
inflamatorias 1 502 1 3310,	
electrolítico 1 502 1 3304,	
causa 2 502 2 3293,3884,	
farmacológicas 1 502 1 3285,	
DE 8 502 8 3781,5721,5724,5728,5730,5735,5739,5746,	
acciones 1 502 1 3284,	
u 1 502 1 3282,	
orgánica 1 502 1 3276,	
(ácido) 1 502 1 4507,	
hipoperfusión 1 502 1 3275,	
adrenérgica 1 502 1 3273,	
compensación 1 502 1 3272,	
indeseables 1 502 1 3929,	
lleva 1 502 1 3269,	
hipotensor 1 502 1 3267,	
secundarias 1 502 1 3263,	
Debido 1 502 1 3249,	
adversas 3 502 3 3248,3261,3298,	
manejo 1 502 1 3228,	
vehículos 1 502 1 3226,	
conducción 1 502 1 3224,	
influir 1 502 1 3221,	
reaccionar 1 502 1 3216,	
disminución 1 502 1 3201,	
máquinas 2 502 2 3199,3230,	
utilizar 1 502 1 3198,	
conducir 1 502 1 3196,	
capacidad 2 502 2 3194,3209,	
Efectos 1 502 1 3191,	
7 2 502 2 3190,5719,	
cantidades 1 502 1 3186,	
pequeñas 1 502 1 3185,	
ingerir 1 502 1 3184,	
éste 1 502 1 3182,	
evitar 1 502 1 3180,	
materna 2 502 2 3178,4724,	
leche 2 502 2 3177,4723,	
hijo 1 502 1 3175,	
alimentar 1 502 1 3172,	
mostrar 1 502 1 5282,	
ésta 2 502 2 3168,4049,	
Lactancia 1 502 1 3151,	
preclínicos 2 502 2 3148,5159,	
toxicológicos 1 502 1 5393,	
Datos 2 502 2 3147,5158,	
feto 2 502 2 3142,5494,	
daños 1 502 1 3139,	
existe 1 502 1 3134,	
contrario 1 502 1 3133,	
De 2 502 2 3131,5552,	
trimestre 2 502 2 3118,5467,	
primer 1 502 1 3117,	
realizarse 1 502 1 3107,	
medicación 1 502 1 3103,	
quedase 1 502 1 3092,	
reemplazarse 1 502 1 3083,	
interrumpirse 1 502 1 3077,	
embarazada 2 502 2 3075,3093,	
quedarse 1 502 1 3074,	
intención 1 502 1 3072,	
tuviera 1 502 1 3070,	
MINISTERIO 2 502 2 3066,5732,	
indispensable 2 502 2 3065,3159,	
gestación 3 502 3 3053,3121,5470,	
embarazo 2 502 2 3037,3042,	
6 9 502 9 3026,4165,5642,5663,5670,5677,5690,5711,5712,	
alergenos 1 502 1 3024,	
relación 1 502 1 3021,	
ocurrir 2 502 2 3018,3233,	
insecto 1 502 1 3003,	
veneno 1 502 1 3001,	
anafilácticas 1 502 1 2997,	
gravedad 3 502 3 2993,3474,3656,	
Terapia 1 502 1 2987,	
antihipertensivo 2 502 2 2983,3256,	
dieta 1 502 1 2978,	
toma 1 502 1 2973,	
Sal 1 502 1 2968,	
alcohol 2 502 2 2966,3244,	
potenciar 1 502 1 2962,	
Alcohol 1 502 1 2959,	
Posible 1 502 1 2950,	
Heparina 1 502 1 2949,	
Además 3 502 3 2944,3710,4352,	
atenuación 1 502 1 2939,	
000 3 502 3 3334,3338,5182,	
presumiblemente 1 502 1 2933,	
accidente 1 502 1 3397,	
salicílico) 1 502 1 2918,	
acetil 1 502 1 2917,	
acido 1 502 1 2916,	
indometacina 1 502 1 2914,	
esteroideos 1 502 1 2911,	
Antiinflamatorios 1 502 1 2909,	
cuenta 1 502 1 2907,	
coadministración 1 502 1 2901,	
sangre 1 502 1 2895,	
glucosa 1 502 1 2893,	
cuidado 1 502 1 2889,	
hipoglucémicas 1 502 1 2883,	
provocar 2 502 2 2881,3422,	
aislados 4 502 4 2877,3383,3516,3554,	
tisular 2 502 2 2871,3851,	
sensibilidad 1 502 1 2870,	
sospecha 1 502 1 2864,	
glucemia 1 502 1 2862,	
intensificación 1 502 1 2856,	
elevados 1 502 1 4298,	
Posibilidad 1 502 1 2853,	
sulfonilurea) 1 502 1 2852,	
derivados 1 502 1 2849,	
insulina 2 502 2 2847,2874,	
pelvis 1 502 1 5439,	
Aproximadamente 1 502 1 4661,	
Antidiabéticos 1 502 1 2844,	
Deben 1 502 1 2835,	
neurotóxicos 1 502 1 2832,	
cardiotóxicos 1 502 1 2830,	
efectos 10 502 10 2829,3300,3904,3928,4434,5257,5283,5385,5490,5604,	
aumentar 1 502 1 2825,	
séricos 1 502 1 2821,	
niveles 8 502 8 2820,2840,2891,2954,4066,4297,4302,5106,	
producir 2 502 2 2815,3138,	
excreción 2 502 2 2808,5034,	
reducen 2 502 2 2806,3433,	
posiblemente 1 502 1 2804,	
Otros 1 502 1 2798,	
empleo) 2 502 2 2793,3618,	
hemograma 1 502 1 2784,	
alteraciones 2 502 2 2781,5628,	
afectar 2 502 2 3207,3606,	
probabilidad 2 502 2 2779,2991,	
hemático 3 502 3 2775,3609,5367,	
litio 3 502 3 2812,2823,2834,	
alterar 1 502 1 2772,	
citostáticos 1 502 1 2766,	
corticosteroides 1 502 1 2764,	
inmunosupresores 1 502 1 2763,	
Alopurinol 1 502 1 2762,	
simpaticomiméticos 1 502 1 2742,	
Vasopresores 1 502 1 2741,	
apartados 1 502 1 2704,	
consultar 2 502 2 2702,3772,	
relativo 2 502 2 2699,4986,	
prever 1 502 1 2691,	
hay 1 502 1 2689,	
anestésicos) 1 502 1 2688,	
tricíclicos 1 502 1 2687,	
humanos 1 502 1 5523,	
antidepresivos 1 502 1 2686,	
nitratos 1 502 1 2685,	
potencial 1 502 1 2681,	
diuréticos) 1 502 1 2676,	
Antihipertensores 1 502 1 2673,	
j 2 502 2 2654,3591,	
Propiedades 2 502 2 3786,4446,	
(e 2 502 2 2653,3590,	
séricas 1 502 1 2640,	
aparentemente 1 502 1 4585,	
concentraciones 4 502 4 2639,4833,4871,5062,	
Sales 2 502 2 2626,2795,	
procede 1 502 1 5718,	
recomiendan 1 502 1 2624,	
incidencia 1 502 1 4343,	
Poco 1 502 1 3364,	
Contraindicaciones) 1 502 1 2618,	
detectado 3 502 3 2601,4142,4572,	
condiciones 3 502 3 3706,4960,5686,	
progresan 1 502 1 2573,	
anafilactoide 1 502 1 2569,	
Membranas 1 502 1 2554,	
contraindicadas 1 502 1 2552,	
Combinaciones 4 502 4 2551,2620,2669,2903,	
esté 1 502 1 2547,	
sustancias 4 502 4 2543,2679,2769,2926,	
interacciones 1 502 1 2540,	
Deberán 1 502 1 2536,	
interacción 1 502 1 2535,	
formas 2 502 2 2533,3086,	
Interacción 1 502 1 2526,	
excluirse 1 502 1 3044,	
m2) 1 502 1 2518,	
área 1 502 1 2513,	
debajo 1 502 1 2507,	
(aclaración 1 502 1 2503,	
niños 1 502 1 2496,	
obtenido 1 502 1 2487,	
No 5 502 5 2484,3728,5666,5683,5717,	
Ver 1 502 1 2479,	
crecimiento 1 502 1 5527,	
síntomas 3 502 3 2478,3629,3659,	
completa 1 502 1 2474,	
resolución 1 502 1 2473,	
alta 2 502 2 2470,4061,	
asume 1 502 1 3013,	
horas 8 502 8 2467,4145,4166,4184,4660,4825,4854,4958,	
24 3 502 3 2466,4183,4659,	
12 1 502 1 2464,	
observación 1 502 1 2460,	
aconseja 1 502 1 2454,	
ECG 1 502 1 2447,	
lenta) 1 502 1 2441,	
intravenosa 4 502 4 2440,4559,4593,4967,	
subcutánea 1 502 1 2438,	
(inyección 1 502 1 2437,	
irreversible 2 502 2 5435,5516,	
epinefrina 1 502 1 2436,	
supone 1 502 1 2431,	
vida 3 502 3 2430,4881,4946,	
LA 3 502 3 5722,5736,5740,	
peligro 1 502 1 2428,	
pone 1 502 1 2426,	
emergencia 1 502 1 2421,	
laringe 1 502 1 2417,	
glotis 1 502 1 2414,	
incluir 1 502 1 2410,	
diuresis 2 502 2 3440,3739,	
inmediata 2 502 2 2403,2434,	
necesita 2 502 2 2400,2661,	
aparición 4 502 4 2390,3407,4411,5607,	
adversas) 2 502 2 2385,2724,	
Reacciones 3 502 3 2384,2723,3247,	
8 4 502 4 2383,2722,3246,5381,	
sanguíneo 1 502 1 2379,	
recuento 1 502 1 2378,	
motivado 1 502 1 5317,	
cambios 5 502 5 2375,3569,4089,5246,5632,	
causar 1 502 1 2374,	
medicamentos 5 502 5 2371,2530,3290,3603,5752,	
escleroderma 1 502 1 2367,	
eritematoso 2 502 2 2365,3593,	
lupus 2 502 2 2364,3592,	
colágeno 2 502 2 2362,3589,	
concomitantes 1 502 1 2360,	
leucopenia 1 502 1 2341,	
detectar 1 502 1 2338,	
leucocitaria 1 502 1 2334,	
fórmula 2 502 2 2333,3572,	
hematológico 1 502 1 2327,	
sodio 2 502 2 2324,3418,	
nivel 2 502 2 2322,3848,	
espironolactona) 2 502 2 2303,2655,	
procainamida 1 502 1 2765,	
ahorradores 3 502 3 2298,2630,2650,	
frecuente 2 502 2 2284,2346,	
sérico 5 502 5 2280,2667,2732,2957,3419,	
potasio 11 502 11 2279,2300,2308,2628,2632,2642,2652,2660,2666,2731,2956,	
periódicamente 3 502 3 2277,2320,2331,	
Hiperkalemia 1 502 1 2273,	
trasplante 2 502 2 2270,3961,	
renal) 2 502 2 2260,5440,	
pérdida 1 502 1 2255,	
indicativo 1 502 1 2252,	
sérica 1 502 1 2249,	
incremento 7 502 7 2245,2817,2951,2970,3437,3893,4236,	
respuestas 1 502 1 3468,	
pequeño 1 502 1 2244,	
grupo 1 502 1 2239,	
último 1 502 1 2238,	
relevante 1 502 1 2235,	
1-2 1 502 1 4144,	
(incluyendo 2 502 2 2227,3522,	
inicio 3 502 3 2193,3236,4132,	
sensibles 1 502 1 2180,	
Algunos 1 502 1 2174,	
fase 8 502 8 2163,2349,2898,4845,4858,4868,4890,4917,	
agranulocitosis 1 502 1 3560,	
relevante) 1 502 1 2161,	
pronunciado 2 502 2 2147,5330,	
supongan 1 502 1 2140,	
También 2 502 2 2129,5519,	
particular 3 502 3 2122,2142,2888,	
y/o 1 502 1 2094,	
hígado 1 502 1 2091,	
cirrosis 1 502 1 2088,	
además 1 502 1 2079,	
descendencia 1 502 1 5443,	
producirá 1 502 1 2078,	
aumentada 2 502 2 2074,3006,	
alterada 1 502 1 2065,	
hepáticas 1 502 1 2058,	
enfermedades 3 502 3 2057,2359,3586,	
impedir 1 502 1 2038,	
psoriático 1 502 1 3494,	
adecuadas 2 502 2 2036,2102,	
balance 1 502 1 3303,	
continuará 1 502 1 2029,	
comenzará 1 502 1 2027,	
relevantes 1 502 1 2020,	
clínicamente 1 502 1 2019,	
cuadros 1 502 1 2017,	
monodrogas 1 502 1 3794,	
volumen) 1 502 1 2014,	
comunicado 1 502 1 3477,	
sobrecarga 1 502 1 2012,	
frente 1 502 1 2008,	
cuidadosamente 1 502 1 2007,	
ratas 3 502 3 5412,5416,5423,	
sopesarse 1 502 1 2006,	
(sin 1 502 1 1996,	
hipovolemia 1 502 1 1986,	
deshidratación 1 502 1 1984,	
corregir 1 502 1 1982,	
Generalmente 2 502 2 1979,4085,	
inadecuada) 1 502 1 1978,	
sales 4 502 4 1976,2306,2658,2810,	
excesiva 2 502 2 1965,2041,	
sudoración 1 502 1 1964,	
vómitos 1 502 1 1962,	
diarrea 1 502 1 1961,	
ejemplo 1 502 1 1958,	
resultado 4 502 4 1956,4509,5059,5483,	
biodisponible 1 502 1 4525,	
sal 2 502 2 1951,2975,	
insuficiente 1 502 1 1949,	
ingesta 2 502 2 1948,3242,	
infiere 2 502 2 4702,5559,	
consecuencia 2 502 2 1945,5544,	
(como 2 502 2 1944,4576,	
desarrollar 1 502 1 1938,	
puedan 2 502 2 1937,2373,	
presenten 1 502 1 1935,	
sea 4 502 4 1930,1977,3064,3128,	
reducir 2 502 2 1926,2745,	
adelante 1 502 1 1912,	
(Ver 2 502 2 1904,3143,	
diurética 2 502 2 1903,2738,	
recién 1 502 1 5497,	
terapia 3 502 3 1902,2737,4321,	
detener 2 502 2 1900,1920,	
Puede 1 502 1 1897,	
mitral) 1 502 1 1886,	
aortica 1 502 1 1884,	
válvula 1 502 1 1883,	
cuadro 3 502 3 2774,3608,5366,	
(ej 2 502 2 1879,3299,	
izquierda 1 502 1 1878,	
ventricular 1 502 1 1877,	
""primer 1 502 1 4459,	
salida 1 502 1 1876,	
entrada 1 502 1 1874,	
impedimento 1 502 1 1869,	
potencialmente 1 502 1 1864,	
fármacos 1 502 1 1863,	
tratada 1 502 1 1860,	
maligno 1 502 1 1847,	
particularmente 3 502 3 1844,1853,2190,	
renina 2 502 2 1836,5316,	
activación 3 502 3 1832,2081,5095,	
fases 1 502 1 1827,	
primeras 3 502 3 1826,2210,4658,	
requieren 1 502 1 1817,	
siguientes 4 502 4 1813,2539,3386,3630,	
líquidos 1 502 1 1808,	
reposición 3 502 3 1806,1972,3713,	
piernas 1 502 1 1802,	
decúbito 1 502 1 1799,	
Raynaud 1 502 1 3413,	
colocación 1 502 1 1795,	
medidas 4 502 4 1793,2004,2035,3663,	
necesario 4 502 4 1790,1899,2131,2318,	
enumeran 1 502 1 3317,	
podrá 1 502 1 1788,	
presión 5 502 5 1786,2044,3204,4112,4240,	
excesivo 1 502 1 1783,	
descenso 4 502 4 1782,2124,2146,4034,	
posibilidad 2 502 2 1766,3767,	
descartarse 1 502 1 1764,	
momento 1 502 1 1760,	
acompañarse 1 502 1 1746,	
deben 2 502 2 1745,2098,	
altas 3 502 3 1744,5061,5082,	
iniciales 2 502 2 1739,1743,	
Las 3 502 3 1737,3693,4832,	
aumento 7 502 7 1733,2636,2776,3453,5103,5310,5331,	
administra 1 502 1 1719,	
especialmente 5 502 5 1716,2179,2217,3234,5340,	
mialgia 1 502 1 3451,	
ocurre 1 502 1 1715,	
Esto 3 502 3 1714,2813,5056,	
superiores 2 502 2 5241,5348,	
mantiene 1 502 1 4210,	
potencian 1 502 1 2868,	
deterioro 3 502 3 1702,2049,3424,	
arterial 12 502 12 1698,1757,1776,1787,2045,2128,2151,2452,2760,3205,4083,4241,	
tensión 7 502 7 1697,1756,1775,2127,2150,2451,2759,	
pronunciada 1 502 1 1694,	
aguda 4 502 4 1692,1772,5163,5175,	
demostró 1 502 1 4332,	
caída 2 502 2 1691,2040,	
Estos 4 502 4 1684,2743,3568,4433,	
administración) 2 502 2 1683,2116,	
hemoglobina 1 502 1 3541,	
apartado 5 502 5 1676,2381,2480,3144,3774,	
estimulado 1 502 1 1674,	
hiper 1 502 1 1673,	
picos 2 502 2 4784,4813,	
renina- 1 502 1 1671,	
controlarse 3 502 3 1660,2836,3699,	
Debe 1 502 1 1659,	
hiper-estimulado 1 502 1 1658,	
sistema 4 502 4 1656,1670,1835,2083,	
regular 3 502 3 1651,1753,2729,	
médica 2 502 2 1650,2169,	
supervisión 1 502 1 1649,	
requiere 2 502 2 1648,2167,	
especiales 7 502 7 1641,2717,2791,3616,5680,5687,5714,	
precauciones 5 502 5 1640,2101,2716,2790,3615,	
tratados 4 502 4 1633,2311,3599,4056,	
utilizarse 1 502 1 1630,	
boca 1 502 1 3378,	
método 1 502 1 1624,	
dextrano 3 502 3 1622,2562,2614,	
sulfato 4 502 4 1620,2560,2612,3683,	
densidad 2 502 2 1618,2610,	
lipoproteínica 2 502 2 1615,2607,	
aféresis 2 502 2 1614,2606,	
similares 3 502 3 1611,2603,5025,	
observado 3 502 3 1609,3381,3514,	
urinario 1 502 1 3744,	
incluya 1 502 1 1605,	
alcanza 2 502 2 4158,4930,	
cambiando 1 502 1 1599,	
utilizando 3 502 3 1593,2548,5571,	
hemofiltración) 1 502 1 1592,	
urgencia 1 502 1 1590,	
membrana 3 502 3 1585,1597,3313,	
tipo 7 502 7 1583,1595,1846,3288,3493,3654,5268,	
concomitante 7 502 7 1575,1725,2295,2645,2739,2923,2947,	
evitarse 2 502 2 1572,3051,	
Deberá 2 502 2 1571,3050,	
raras 2 502 2 3336,3343,	
fabricante) 1 502 1 1570,	
instrucciones 1 502 1 1568,	
(ver 7 502 7 1566,1675,2109,2380,2615,2785,3610,	
poliacrilonitrilo) 2 502 2 1560,2591,	
alto 3 502 3 1557,2559,2587,	
flujo 4 502 4 1556,2558,2586,4093,	
alcanzan 2 502 2 4791,4820,	
membranas 2 502 2 1554,2584,	
determinadas 1 502 1 1553,	
diálisis 8 502 8 1551,1588,2523,2556,2581,3747,3769,3959,	
transcurso 3 502 3 1548,2578,3096,	
shock 3 502 3 1545,2575,3633,	
vasodilatación 1 502 1 3871,	
evolucionar 1 502 1 1543,	
incluían 1 502 1 5500,	
hipersensibilidad 2 502 2 1540,2568,	
reducidas 1 502 1 4876,	
anafilactoides 3 502 3 1538,2999,3307,	
reacciones 13 502 13 1537,1610,2566,2602,2882,2996,3260,3297,3306,3309,3461,3481,3492,	
descrito 3 502 3 1536,2565,5669,	
(en 2 502 2 2697,3441,	
han 15 502 15 1535,1608,2564,2600,3380,3476,3513,3556,4674,4716,5354,5457,5472,5599,5668,	
lactancia 4 502 4 1533,3029,3164,5431,	
Embarazo 3 502 3 1531,3027,3030,	
inestables 1 502 1 1529,	
hipotensos 1 502 1 1526,	
Pacientes 6 502 6 1525,1653,1888,2055,2118,2172,	
aórtica 1 502 1 1521,	
mitral 1 502 1 1519,	
riñón 1 502 1 1515,	
potenciación 1 502 1 2693,	
unilateral 3 502 3 1511,2233,2256,	
bilateral 1 502 1 1509,	
significativa 5 502 5 1508,1523,1833,1896,4341,	
celular 1 502 1 5620,	
hemodinámicamente 7 502 7 1507,1522,1528,1870,1895,2160,2234,	
extremidades 1 502 1 5508,	
controlar 7 502 7 2132,2186,2204,2276,2319,2330,2886,	
arteria 3 502 3 1505,1893,2231,	
Estenosis 2 502 2 1502,1518,	
angioneurótico 5 502 5 1500,2388,2393,2408,2424,	
edema 5 502 5 1499,2093,2392,2407,2423,	
Antecedentes 1 502 1 1497,	
(IECA) 1 502 1 1495,	
ECA 6 502 6 1494,1713,3011,3281,3793,4911,	
preparado 1 502 1 1486,	
composición 1 502 1 1484,	
incluidos 1 502 1 1481,	
excipientes 2 502 2 1480,5649,	
Hipersensibilidad 1 502 1 1472,	
Contraindicaciones 3 502 3 1470,2483,3777,	
tomarse 2 502 2 1461,2099,	
comidas 1 502 1 1467,	
comida 2 502 2 1456,4774,	
afectada 1 502 1 1453,	
significativamente 2 502 2 1452,4409,	
ósea 1 502 1 3567,	
ve 2 502 2 1451,3005,	
pre-existente 1 502 1 3428,	
absorción 3 502 3 1446,4758,4782,	
vaso) 1 502 1 1444,	
medio 1 502 1 1443,	
líquido 1 502 1 1441,	
abundante 1 502 1 1440,	
masticar 1 502 1 1438,	
ingerirse 1 502 1 1436,	
deberán 3 502 3 1435,2005,3698,	
Los 8 502 8 1431,1812,4712,4783,4812,5391,5566,5589,	
Forma 1 502 1 1428,	
tolere 1 502 1 1313,	
dependiendo 1 502 1 1308,	
debe 8 502 8 1306,1626,2275,2344,2885,2936,3033,4893,	
diabética 3 502 3 1293,3944,3968,	
precaución 2 502 2 1125,2671,	
Ello 1 502 1 3231,	
luego 1 502 1 1122,	
día) 1 502 1 1119,	
inhibición 4 502 4 1710,3008,3278,3862,	
posible 6 502 6 1110,1931,2048,2340,3110,3687,	
baja 3 502 3 1109,1617,2609,	
significativo 3 502 3 1871,4779,4949,	
iniciar 1 502 1 1101,	
tratar 1 502 1 1095,	
mono 6 502 6 5213,5298,5339,5352,5371,5401,	
decisión 1 502 1 1093,	
tomada 1 502 1 1091,	
embargo 4 502 4 1088,1997,3760,5255,	
hospitalización 1 502 1 2456,	
Sin 3 502 3 1087,3759,5254,	
atenuar 1 502 1 2980,	
(NYHA/IV) 1 502 1 1081,	
experiencia 3 502 3 1071,2488,3732,	
suficiente 2 502 2 1070,2489,	
dispone 2 502 2 1068,3730,	
Todavía 2 502 2 1065,3913,	
única 4 502 4 1056,4139,4156,4178,	
administrarse 2 502 2 1053,3034,	
dividida 1 502 1 1050,	
total 6 502 6 1048,4301,4357,4422,4543,4698,	
renina-angiotensina 2 502 2 1657,2084,	
Posteriormente 1 502 1 1045,	
deba 2 502 2 1033,1320,	
Después 1 502 1 1017,	
veces 3 502 3 1011,2572,5476,	
administrar 1 502 1 1006,	
recomienda 10 502 10 1005,1036,1100,1323,1981,2185,2203,2329,2726,2753,	
tolera 1 502 1 1000,	
noche 1 502 1 995,	
únicas 1 502 1 982,	
divididos 1 502 1 978,	
diarios 3 502 3 841,975,5150,	
ancianos 4 502 4 827,1223,2173,2176,	
antagonista 1 502 1 734,	
adicional 2 502 2 727,4294,	
lugar 1 502 1 709,	
usual 1 502 1 682,	
intervalos 3 502 3 674,1039,1326,	
consiste 1 502 1 670,	
médico 5 502 5 619,941,1269,1412,1821,	
control 11 502 11 618,940,1268,1411,1752,1820,2343,2445,2663,2728,2755,	
estricto 4 502 4 617,939,1267,1410,	
iniciarse 4 502 4 614,937,1264,1407,	
pregelatinizado 1 502 1 5651,	
sólo 7 502 7 612,935,1262,1405,2025,4749,5289,	
reducirse 4 502 4 603,926,1253,1396,	
hepática 8 502 8 593,916,1243,1386,2064,3524,4457,5092,	
reducción 13 502 13 566,889,1376,1770,2859,2879,3529,3853,3886,4029,4079,4109,5320,	
transitorio 1 502 1 3399,	
acción) 3 502 3 562,885,1372,	
paso"" 1 502 1 4460,	
duración 4 502 4 559,882,1369,4222,	
período 6 502 6 553,876,1363,3162,4879,4944,	
días 7 502 7 549,872,1016,1044,1359,4888,4941,	
ó 4 502 4 547,870,1357,3993,	
durante 23 502 23 545,551,868,874,1014,1355,1361,1462,1561,1612,2191,2208,2394,2592,3035,3115,3160,3688,3996,4182,4656,5153,5425,	
mínimo 4 502 4 544,867,1354,4763,	
interrupción 5 502 5 537,860,1347,2402,4224,	
comenzar 3 502 3 529,852,1993,	
reducida 5 502 5 514,836,1232,2076,5039,	
considerarse 9 502 9 507,535,724,829,858,1225,1345,2537,3765,	
24% 1 502 1 4393,	
deberá 15 502 15 506,534,613,828,857,936,1224,1263,1344,1406,2633,3043,3076,3106,3169,	
diurético 16 502 16 505,526,542,571,581,730,849,865,894,904,1219,1343,1352,1381,1724,1924,	
pretratados 8 502 8 502,523,578,846,901,1216,1340,1916,	
así 4 502 4 498,1212,3838,4361,	
importante) 3 502 3 497,823,1211,	
cerebral 5 502 5 496,822,1210,2159,3393,	
estenosis 8 502 8 493,819,1207,1880,1890,2156,2228,3406,	
e 16 502 16 491,818,1205,1559,1587,2153,2302,2589,2675,2684,2846,2913,3636,3676,3931,5515,	
(p 14 502 14 490,817,1204,1558,1586,2152,2301,2588,2674,2683,2845,2912,3675,3930,	
concomitantemente 2 502 2 2031,2549,	
especial 9 502 9 488,815,1124,1202,1662,1819,2134,2170,2756,	
alteración 1 502 1 5088,	
constituir 3 502 3 486,813,1200,	
intrauterino 1 502 1 5528,	
pueda 5 502 5 485,812,1199,1763,3183,	
hipotensión 5 502 5 484,811,1198,3631,5510,	
reacción 3 502 3 482,809,1196,	
hemofiltración 2 502 2 3745,3771,	
primera 1 502 1 1728,	
grave 10 502 10 474,801,1080,1188,1842,1856,2089,2502,3388,3533,	
casos 11 502 11 471,798,1185,1968,2876,3056,3382,3479,3515,3553,5474,	
debido 4 502 4 1707,1830,4260,4283,	
corregida 3 502 3 469,796,1183,	
está 4 502 4 467,794,1181,5038,	
salina 5 502 5 465,792,1179,1943,1990,	
prolonga 1 502 1 4180,	
volumen 8 502 8 463,790,1177,1811,1941,3715,4969,4982,	
Cuando 8 502 8 459,786,1030,1173,1317,2015,5078,5454,	
caso 15 502 15 452,627,948,1166,1277,1420,1513,1779,2286,2292,2920,3114,3623,3703,3763,	
máxima 10 502 10 448,623,698,775,944,1059,1162,1273,1334,1416,	
25 12 502 12 441,517,585,766,839,908,1008,1112,1155,1235,1298,3990,	
proteínas 1 502 1 4996,	
generalmente 3 502 3 438,1152,3432,	
diaria 17 502 17 435,447,574,622,699,774,897,1049,1058,1107,1149,1161,1272,1333,1415,4921,5235,	
corporal 4 502 4 432,758,1146,2514,	
superficie 3 502 3 431,757,1145,	
cinéticas 1 502 1 5018,	
m2 3 502 3 429,755,1143,	
73 4 502 4 428,754,1142,2517,	
ml/min 4 502 4 425,751,1139,2510,	
20 4 502 4 424,750,1138,2509,	
maíz 1 502 1 5653,	
50 4 502 4 422,748,1136,5450,	
máximo 2 502 2 4152,4188,	
creatinina 8 502 8 420,746,1134,2248,2505,4013,4068,5055,	
aclaramiento 5 502 5 418,744,1132,5047,5053,	
renal 29 502 29 416,742,1130,1506,1706,1894,1910,2053,2189,2201,2207,2232,2265,2271,2289,2358,2501,3583,3638,3962,4095,4614,5035,5044,5076,5250,5434,5487,5513,	
insuficiencia 24 502 24 415,592,741,915,963,1078,1129,1242,1385,1851,2001,2221,2264,2288,2357,2500,3523,3582,3637,4378,5043,5132,5486,5512,	
En 30 502 30 412,521,589,708,738,844,912,1126,1239,1338,1382,1777,2059,2236,2261,2309,2875,2919,3552,3622,3940,3963,3973,4019,4125,4242,5009,5214,5349,5368,	
mantenimiento 2 502 2 404,684,	
Si 4 502 4 996,3067,3089,3152,	
habitual 1 502 1 402,	
Dosis 7 502 7 401,642,970,1057,1294,1332,5271,	
10 9 502 9 399,405,703,1061,4316,4531,4692,5181,5744,	
aumentarla 2 502 2 397,1121,	
semanas 7 502 7 395,679,1331,2211,3998,4201,5155,	
tres 1 502 1 394,	
mañana 1 502 1 990,	
semana 1 502 1 387,	
considerará 1 502 1 3719,	
después 6 502 6 384,391,1464,4167,4796,4826,	
completamente 3 502 3 468,795,1182,	
doblarla 4 502 4 383,672,1037,1324,	
incrementar 3 502 3 379,667,711,	
recomendado 2 502 2 377,665,	
procedimiento 2 502 2 376,664,	
paciente 11 502 11 374,662,998,1029,1312,1797,2458,3069,3091,3167,3211,	
respuesta 10 502 10 372,595,660,918,1026,1245,1388,2067,5625,5637,	
según 4 502 4 370,658,3321,3347,	
gradual 1 502 1 369,	
incrementarse 10 502 10 366,601,657,924,1019,1034,1251,1307,1321,1394,	
día 8 502 8 362,411,653,695,722,771,1013,1303,	
vez 7 502 7 360,651,1090,1117,1301,1749,4906,	
recomendada 5 502 5 352,644,762,972,1296,	
inicial 18 502 18 351,436,513,575,643,761,835,898,971,1003,1150,1231,1295,1316,2164,2350,2899,4843,	
desensibilización 1 502 1 2989,	
dosis 56 502 56 350,364,381,434,446,512,569,573,621,655,669,681,697,713,760,773,834,892,896,943,981,1002,1021,1032,1047,1055,1106,1148,1160,1230,1271,1305,1315,1319,1379,1414,1729,1736,1738,1742,3987,4059,4138,4155,4177,4314,4569,4920,4952,4962,5081,5217,5234,5342,5374,5448,	
prevención 1 502 1 348,	
indicación 2 502 2 345,5602,	
especialidades 1 502 1 340,	
Período 1 502 1 5672,	
alcanzar 1 502 1 336,	
(1 1 502 1 1111,	
posibles 1 502 1 334,	
son 5 502 5 333,3262,3291,5024,5265,	
Litio 2 502 2 2797,2842,	
continuación 2 502 2 331,3319,	
relacionan 1 502 1 329,	
posológicas 1 502 1 326,	
pautas 1 502 1 325,	
gluten 1 502 1 5655,	
cerebrovascular 1 502 1 3398,	
Algunas 1 502 1 322,	
tolerancia 1 502 1 320,	
buscado 1 502 1 316,	
antihipertensor 8 502 8 315,2682,2696,2748,4135,4174,4187,4208,	
función 12 502 12 312,1023,1705,1909,2052,2063,2188,2200,2206,2259,5075,5091,	
establecerá 1 502 1 310,	
(aproximadamente 1 502 1 1442,	
posología 1 502 1 308,	
permitida 10 502 10 449,624,700,776,945,1060,1163,1274,1335,1417,	
La 36 502 36 307,349,363,445,572,620,654,680,696,772,895,942,1159,1270,1304,1413,1445,2162,2389,2643,3200,3277,3852,4072,4100,4223,4767,4801,4841,4993,5033,5164,5285,5406,5418,5606,	
efecto 14 502 14 314,2695,2747,2941,2964,2982,3016,3266,4134,4151,4173,4186,4207,4778,	
administración 34 502 34 306,509,540,726,831,863,1227,1350,1430,1574,1922,2433,2644,2711,2922,3680,3721,4073,4101,4148,4170,4528,4558,4592,4623,4732,4768,4799,4829,4966,5145,5165,5207,5419,	
forma 9 502 9 304,368,1681,2114,2283,2709,4328,4340,4839,	
Posología 8 502 8 302,342,636,957,1286,1679,2112,2707,	
manifiesta) 1 502 1 293,	
Se 21 502 21 1534,1607,2077,2184,2202,2274,2328,2453,2563,2599,2725,2752,2863,2884,3012,3379,3475,3512,3660,4202,5203,	
macroalbuminuria 1 502 1 291,	
renovascular 1 502 1 2226,	
incipiente) 1 502 1 288,	
(nefropatía 2 502 2 287,292,	
progresión 2 502 2 284,4375,	
periférica 2 502 2 279,4084,	
vascular 3 502 3 278,4263,4280,	
miocardio) 1 502 1 270,	
clínica 4 502 4 266,272,4272,4277,	
historia 4 502 4 265,271,4271,4276,	
(con 1 502 1 262,	
coronaria 6 502 6 261,494,820,1208,2157,4270,	
preverse 2 502 2 2634,2937,	
cardiaca 2 502 2 260,4124,	
enfermedad 6 502 6 259,277,2225,4262,4268,4279,	
riesgo 14 502 14 255,298,489,816,1203,1688,2010,2121,2143,2827,3136,4257,4293,4384,	
muerte 3 502 3 248,4350,5518,	
ictus 5 502 5 246,274,3400,4274,4348,	
Prevención 2 502 2 241,281,	
primario 1 502 1 239,	
hiperaldosteronismo 1 502 1 238,	
debida 1 502 1 236,	
tratamiento 50 502 50 232,389,531,597,608,638,854,920,931,960,1074,1103,1247,1258,1289,1390,1401,1563,1602,1645,1665,1829,1995,2022,2069,2105,2166,2195,2213,2294,2352,2369,2396,2405,2419,2594,2946,3047,3061,3079,3088,3098,3124,3154,3238,3640,4047,4191,4216,4227,	
adecuado 1 502 1 229,	
microalbuminuria 4 502 4 224,286,3972,4413,	
caracterizados 1 502 1 222,	
(10 1 502 1 5085,	
insulino-dependientes 1 502 1 220,	
incipiente 2 502 2 216,3967,	
hipertensos 5 502 5 211,221,4106,4440,5128,	
minucioso 1 502 1 2664,	
IECA 17 502 17 1565,1606,1635,1721,2183,2216,2399,2597,2799,2867,2928,3063,3081,3126,3431,5456,5550,	
normotensos 2 502 2 209,4443,	
inicialmente 1 502 1 1051,	
sean 3 502 3 208,2018,5543,	
dependientes 1 502 1 206,	
13 1 502 1 4955,	
insulino- 1 502 1 205,	
pacientes 70 502 70 204,218,251,295,413,477,501,522,577,590,611,739,779,804,845,900,913,934,1076,1098,1127,1191,1215,1240,1261,1339,1383,1404,1632,1667,1685,1816,1839,1849,1867,1915,1933,1999,2060,2086,2108,2138,2154,2175,2219,2223,2241,2262,2268,2310,2355,2498,2521,2734,3580,3598,3941,3964,4001,4005,4021,4053,4105,4130,4250,4326,4439,4631,5041,5130,	
mellitus 3 502 3 202,3952,4286,	
diabetes 3 502 3 201,3951,4285,	
nefropatía 6 502 6 215,1292,3943,3966,4009,4389,	
renales 3 502 3 198,4589,5612,	
complicaciones 2 502 2 197,3948,	
miocardio 6 502 6 192,245,969,1086,3396,4347,	
infarto 7 502 7 190,243,268,967,1084,3394,4345,	
posterior 4 502 4 188,965,1082,1769,	
Edema 1 502 1 2387,	
cardíaca 9 502 9 187,964,1079,1852,2002,2222,4269,4379,5133,	
Insuficiencia 1 502 1 186,	
calcio 2 502 2 184,736,	
antagonistas 1 502 1 182,	
diuréticos 7 502 7 180,1918,2297,2316,2629,2649,2701,	
antihipertensores 2 502 2 178,1865,	
combinación 1 502 1 175,	
o 81 502 81 173,181,210,247,263,275,464,475,495,550,563,602,731,791,802,821,873,886,925,1178,1189,1209,1252,1360,1373,1395,1463,1475,1487,1510,1520,1527,1591,1598,1722,1730,1740,1809,1857,1875,1885,1925,1936,1942,1952,1954,1963,1987,2028,2075,2158,2290,2304,2366,2368,2439,2656,3127,3274,3391,3408,3414,3436,3497,3519,3562,3584,3594,3596,3746,3757,3770,3960,4275,4282,4349,4678,4925,5240,5347,5639,	
monoterapia 1 502 1 172,	
esencial 2 502 2 170,4463,	
hipertensión 8 502 8 169,235,473,641,800,1187,1841,4296,	
Este 3 502 3 1623,2342,4330,	
Tratamiento 2 502 2 166,194,	
elevado 3 502 3 254,297,4259,	
· 18 502 18 165,185,193,225,240,280,1652,2054,2117,2171,2196,2272,2325,2386,2550,2619,2668,2902,	
terapéuticas 1 502 1 164,	
numerosas 1 502 1 3296,	
Indicaciones 1 502 1 163,	
	4 1 502 1 161,	
CLINICOS 1 502 1 160,	
DATOS 2 502 2 159,5643,	
fluidos 2 502 2 1953,1974,	
4 28 502 28 158,300,1468,1636,1637,1677,2110,2382,2481,2524,2616,2705,2712,2713,2721,2786,2787,3025,3189,3245,3611,3612,3619,3775,4824,4885,4940,5678,	
" 2 502 2 157,5641,	
5"" 2 502 2 133,156,	
""R 2 502 2 131,155,	
grupos 1 502 1 1814,	
caras 2 502 2 129,153,	
marcados 2 502 2 124,148,	
ranurados 2 502 2 122,146,	
biplanos 2 502 2 121,145,	
Advertencias 4 502 4 1638,2714,2788,3613,	
oblongos 2 502 2 120,144,	
70% 1 502 1 4598,	
blanco 2 502 2 119,143,	
depleción 5 502 5 461,788,1175,1939,1989,	
color 2 502 2 118,142,	
Comprimidos 2 502 2 116,140,	
	"Comprimidos 1 502 1 108,	
FARMACEUTICA 1 502 1 107,	
FORMA 1 502 1 106,	
3 18 502 18 105,548,678,871,1043,1330,1358,1469,2482,2617,3146,3776,4044,4163,4853,5157,5237,5671,	
II) 3 502 3 104,3821,5326,	
cininasa 2 502 2 103,3820,	
toman 1 502 1 2033,	
(ECA) 1 502 1 102,	
Control 3 502 3 1906,2197,2326,	
angiotensina 9 502 9 101,1672,1837,3726,3829,3836,3858,3874,5325,	
conversora 1 502 1 98,	
(dependiendo 3 502 3 556,879,1366,	
(sinónimos 2 502 2 96,3814,	
dipeptidilcarboxipeptidasa 2 502 2 95,3812,	
seguridad) 1 502 1 3150,	
enzima 5 502 5 94,97,3811,3815,3823,	
inhibidor 2 502 2 91,1491,	
sustitución 1 502 1 3100,	
Por 5 502 5 604,927,1254,1397,3038,	
metabolito 3 502 3 85,3804,4469,	
ramiprilato 24 502 24 84,3758,3800,3883,4472,4486,4498,4595,4616,4677,4681,4818,4874,4899,4935,4988,5001,5023,5037,5049,5065,5099,5118,5142,	
profármaco 3 502 3 81,4449,4514,	
pénfigo 1 502 1 3486,	
activo 5 502 5 78,86,3805,3846,4470,	
farmacológicamente 1 502 1 77,	
componente 1 502 1 76,	
único 3 502 3 75,1516,4468,	
El 19 502 19 74,83,375,663,1644,2406,2418,2969,3639,3799,3892,4150,4172,4185,4448,4497,4682,4725,4943,	
individual 2 502 2 321,1027,	
- 32 502 32 57,341,635,707,737,956,1285,1471,1496,1501,1517,1524,1530,1838,1848,1866,1887,1914,1932,2553,2598,2625,2672,2740,2761,2794,2843,2908,2948,2958,2967,2986,	
) 3 502 3 56,73,1913,	
I 4 502 4 55,72,3813,3830,	
C 2 502 2 54,71,	
(D 2 502 2 53,70,	
ramipril 95 502 95 52,69,82,88,444,458,520,533,588,599,634,649,693,706,715,769,785,843,856,911,922,955,977,1064,1115,1158,1172,1238,1249,1284,1392,1427,1434,1448,1474,1577,1647,2024,2071,2545,2647,2805,2935,2943,2985,3049,3105,3130,3156,3668,3756,3808,3945,3969,3984,4026,4063,4075,4103,4194,4229,4311,4334,4353,4450,4488,4519,4534,4561,4577,4629,4642,4685,4705,4719,4726,4760,4771,4789,4806,4831,4836,4929,4974,4998,5020,5084,5097,5109,5152,5168,5306,5421,5564,5581,	
contiene 2 502 2 47,65,	
comprimido 2 502 2 40,59,	
ascitis 1 502 1 2095,	
Cada 2 502 2 39,58,	
	- 1 502 1 38,	
lengua 1 502 1 2412,	
levantadas 1 502 1 1803,	
CUANTITATIVA 1 502 1 37,	
Y 1 502 1 36,	
CUALITATIVA 1 502 1 35,	
antecedentes 1 502 1 4266,	
COMPOSICION 1 502 1 34,	
Ramipril 16 502 16 27,42,61,109,134,226,357,408,1457,2493,2750,2960,3031,3252,4381,4406,	
EFG 4 502 4 26,32,115,139,	
2 36 502 36 22,33,44,48,111,132,301,353,546,630,645,676,687,869,951,980,984,1280,1328,1356,1423,1678,2111,2706,3991,4219,4445,4822,4923,5154,5238,5274,5377,5664,5675,5702,	
	Ramipril 1 502 1 20,	
MEDICAMENTO 2 502 2 19,3783,	
exenta 1 502 1 5172,	
DEL 2 502 2 18,5748,	
DENOMINACION 1 502 1 17,	
atención 3 502 3 1663,2135,2168,	
1 22 502 22 16,162,427,440,516,584,753,765,838,907,1007,1041,1141,1154,1234,1297,2516,3785,3989,4794,4810,5646,	
información 1 502 1 13,	
Toda 1 502 1 11,	
cardiovascular 5 502 5 249,256,299,4258,4351,	
medicamento 3 502 3 10,15,3188,	
Basica 1 502 1 8,	
	Información 1 502 1 7,	
28 2 502 2 5,5699,	
comprimidos 8 502 8 4,6,25,31,114,138,1432,5700,	
mg 43 502 43 3,24,30,46,50,64,67,113,137,355,400,406,442,456,518,586,632,647,691,704,720,767,783,840,909,953,974,986,1009,1062,1113,1156,1170,1236,1282,1299,1337,1425,4532,4627,4927,5149,5706,	
5 39 502 39 2,23,29,45,49,63,66,112,136,354,455,631,646,688,690,719,782,952,973,985,1169,1281,1336,1424,2525,3145,3778,3992,3994,4444,4626,4887,4924,5148,5156,5378,5691,5703,5705,	
ACOST 12 502 12 1,21,28,43,62,110,135,358,409,2494,2751,3253,	
concentrarse 1 502 1 3213,	
RAMIPRIL 1 502 1 0,	
