	Prospectos 1 390 1 8935,	
reaccion 1 390 1 8934,	
pacients 1 390 1 8868,	
d 1 390 1 8835,	
ocurran 1 390 1 8830,	
1/100 1 390 1 8805,	
(MedDRA 1 390 1 8761,	
clasificación 1 390 1 8755,	
habitualmente 1 390 1 8698,	
MabCamath 1 390 1 8603,	
medidadas 1 390 1 8398,	
Son 1 390 1 8175,	
pasajera 1 390 1 7966,	
23 1 390 1 7827,	
dosisis 1 390 1 7371,	
22 1 390 1 7187,	
monitorizados 1 390 1 7140,	
deberían 1 390 1 7138,	
deberá 1 390 1 6494,	
eu/ 1 390 1 6293,	
europa 1 390 1 6292,	
emea 1 390 1 6291,	
//www 1 390 1 6290,	
http 1 390 1 6289,	
(EMEA) 1 390 1 6288,	
Medicamento 1 390 1 6287,	
Agencia 1 390 1 6284,	
web 1 390 1 6281,	
página 1 390 1 6280,	
disponible 1 390 1 6277,	
detallada 1 390 1 6272,	
TEXTO 1 390 1 6269,	
REVISIÓN 1 390 1 6267,	
28/07/2006 1 390 1 6262,	
renovación 1 390 1 6261,	
autorización 1 390 1 6255,	
AUTORIZACIÓN/RENOVACIÓN 1 390 1 6247,	
FECHA 2 390 2 6243,6264,	
EU/1/01/193/001 1 390 1 6241,	
Bajos 1 390 1 6234,	
	4 1 390 1 6401,	
Países 1 390 1 6233,	
Naarden 1 390 1 6232,	
1411 1 390 1 6230,	
Europe 1 390 1 6225,	
	Genzyme 1 390 1 6224,	
COMERCIALIZACIÓN 2 390 2 6223,6240,	
AUTORIZACIÓN 3 390 3 6221,6238,6250,	
LA 4 390 4 6220,6245,6249,6266,	
incineración 1 390 1 6216,	
eliminarse 1 390 1 6214,	
residual 1 390 1 6212,	
Gooimeer 1 390 1 6228,	
Cualquier 1 390 1 6208,	
manipulación 1 390 1 6205,	
adecuados 1 390 1 6202,	
procedimientos 1 390 1 6201,	
seguir 1 390 1 6200,	
quedarse 1 390 1 6192,	
planeen 1 390 1 6191,	
embarazadas 2 390 2 6188,6193,	
vertido 2 390 2 6182,6209,	
rotura 1 390 1 6176,	
exposiciones 1 390 1 6172,	
látex 1 390 1 6165,	
guantes 1 390 1 6163,	
manipular 2 390 2 6153,6196,	
perfundirse 1 390 1 6137,	
preparada 1 390 1 6115,	
esterilidad 1 390 1 6111,	
garantizar 1 390 1 6109,	
mezcla 1 390 1 6100,	
bolsa 1 390 1 6096,	
suavemente 1 390 1 6094,	
invertir 1 390 1 6093,	
baja 1 390 1 6081,	
filtro 1 390 1 6078,	
5% 1 390 1 6075,	
9%) 1 390 1 6066,	
cloruro 1 390 1 6061,	
ampolla) 1 390 1 6050,	
necesaria 1 390 1 6044,	
cantidad 1 390 1 6043,	
administrarla 1 390 1 6025,	
diluida 1 390 1 6021,	
proteger 1 390 1 6015,	
técnicas 1 390 1 6002,	
conservantes 2 390 2 5993,6120,	
coloración 1 390 1 5984,	
presenta 1 390 1 5983,	
existencia 1 390 1 5972,	
examinarse 1 390 1 5963,	
manipulaciones 1 390 1 5956,	
ampollas 1 390 1 5947,	
Tamaño 1 390 1 5941,	
I) 1 390 1 5934,	
tipo 1 390 1 5933,	
transparente 1 390 1 5932,	
contenido 2 390 2 5923,5958,	
Naturaleza 1 390 1 5921,	
reconstituido 1 390 1 5914,	
protegerlo 1 390 1 5902,	
embalaje 2 390 2 5899,5944,	
congelar 1 390 1 5895,	
8°C) 1 390 1 5893,	
2°C 1 390 1 5891,	
Conservar 2 390 2 5887,5896,	
conservación 2 390 2 5886,5911,	
Precauciones 2 390 2 5883,5950,	
protege 1 390 1 5877,	
estrictas 1 390 1 5872,	
asépticas 2 390 2 5871,6003,	
lleva 1 390 1 5866,	
aceptar 1 390 1 5858,	
nevera 2 390 2 5850,5889,	
glucosa 1 390 1 6071,	
°C 1 390 1 5847,	
°C-30 1 390 1 5846,	
soluciones 1 390 1 5840,	
antimicrobiano 1 390 1 5823,	
conservante 1 390 1 5820,	
reconstituida 1 390 1 5815,	
validez 2 390 2 5811,5854,	
18 1 390 1 5806,	
través 2 390 2 5800,6142,	
perfundir 1 390 1 5795,	
TITULAR 1 390 1 6218,	
añadir 3 390 3 5782,6041,6125,	
conocidas 1 390 1 5772,	
incompatibilidades 1 390 1 5771,	
existen 1 390 1 5770,	
mencionados 1 390 1 5763,	
excepto 1 390 1 5761,	
mezclarse 1 390 1 5758,	
Este 2 390 2 5754,5851,	
inyectables 1 390 1 5750,	
preparaciones 1 390 1 5749,	
Agua 1 390 1 5747,	
dibásico 1 390 1 5746,	
sódico 3 390 3 5743,5745,6062,	
potasio 1 390 1 5741,	
fosfato 1 390 1 5739,	
Cloruro 2 390 2 5736,5742,	
80 1 390 1 5735,	
Polisorbato 1 390 1 5734,	
disódico 1 390 1 5733,	
Edetato 1 390 1 5732,	
FARMACÉUTICOS 1 390 1 5726,	
carcinógeno 1 390 1 5723,	
mutágeno 1 390 1 5721,	
plazo 1 390 1 5712,	
corto 1 390 1 5708,	
importancia 1 390 1 5696,	
signo 1 390 1 5692,	
ningún 2 390 2 5690,5819,	
descritos 1 390 1 5689,	
seminales) 1 390 1 5678,	
vesículas 1 390 1 5677,	
esperma 1 390 1 5676,	
varón 1 390 1 5674,	
reproductor 1 390 1 5672,	
tracto 1 390 1 5671,	
significativa 2 390 2 5666,5697,	
También 1 390 1 5660,	
mononuclear 1 390 1 5659,	
fagocítico 1 390 1 5658,	
tejidos 1 390 1 5652,	
Fab 2 390 2 5647,5668,	
moderada 1 390 1 5627,	
provocaron 1 390 1 5624,	
intravenosas 1 390 1 5617,	
atribuibles 1 390 1 5612,	
importantes 1 390 1 5611,	
cambios 1 390 1 5610,	
muestras 1 390 1 5604,	
histopatológicos 1 390 1 5601,	
14 1 390 1 5597,	
aisladas 2 390 2 5590,5618,	
mantenida 2 390 2 5579,5595,	
diaria 2 390 2 5578,5594,	
subcutánea 1 390 1 5577,	
reversible 1 390 1 5571,	
rápidamente 1 390 1 5558,	
compararon 1 390 1 5546,	
acumulativo 1 390 1 5536,	
ligero 1 390 1 5534,	
repetidas 1 390 1 5530,	
adverso 1 390 1 5514,	
especie 1 390 1 5508,	
falta 1 390 1 5495,	
Cynomolgus 1 390 1 5491,	
mono 1 390 1 5490,	
limitado 1 390 1 5488,	
preclínicos 1 390 1 5476,	
aparente 2 390 2 5455,5469,	
aproximadamente 1 390 1 5445,	
alcanzaron 1 390 1 5442,	
concentraciones 1 390 1 5436,	
días) 1 390 1 5426,	
(contenido 1 390 1 6047,	
1-14 1 390 1 5425,	
horas) 1 390 1 5410,	
2-32 1 390 1 5409,	
vida 1 390 1 5402,	
cero 1 390 1 5397,	
plasmática 1 390 1 5385,	
consiguiente 1 390 1 5381,	
periferia) 1 390 1 5373,	
receptores 1 390 1 5369,	
receptor 1 390 1 5362,	
mediado 1 390 1 5360,	
repetida 2 390 2 5353,5377,	
sistémico 1 390 1 5347,	
diferencia 1 390 1 5454,	
aclaramiento 2 390 2 5346,5359,	
plasmático 1 390 1 5344,	
extracelular 1 390 1 5342,	
líquido 1 390 1 5341,	
principalmente 1 390 1 5336,	
efectuaba 1 390 1 5335,	
l/kg) 1 390 1 5327,	
1-0 1 390 1 5325,	
15 2 390 2 5321,5845,	
estacionario 2 390 2 5317,5440,	
distribución 2 390 2 5314,5333,	
volumen 1 390 1 5312,	
lineal 1 390 1 5301,	
cinética 2 390 2 5297,5394,	
mostró 1 390 1 5295,	
condiciones 2 390 2 5870,5909,	
bicompartimental 1 390 1 5293,	
aumentándola 1 390 1 5271,	
pauta 1 390 1 5259,	
purinas 1 390 1 5243,	
análogos 1 390 1 5240,	
previo 1 390 1 5238,	
fracasado 1 390 1 5235,	
había 1 390 1 5234,	
B) 1 390 1 5224,	
(LLC- 1 390 1 5223,	
determinó 1 390 1 5212,	
farmacocinética 3 390 3 5210,5287,5458,	
farmacocinéticas 1 390 1 5208,	
alcanzado 1 390 1 5204,	
= 1 390 1 5202,	
NA 1 390 1 5201,	
Respondedores 1 390 1 5200,	
(3-9) 1 390 1 5189,	
(3-5) 1 390 1 5187,	
(1-5) 1 390 1 5169,	
(1-2) 1 390 1 5168,	
19) 1 390 1 5152,	
(6 1 390 1 5150,	
23) 1 390 1 5149,	
8) 1 390 1 5146,	
(5 2 390 2 5144,5147,	
(Intervalo 5 390 5 5119,5139,5163,5182,5192,	
v 3 390 3 5098,5105,5111,	
i 3 390 3 5097,5104,5110,	
final 1 390 1 5094,	
(1-8) 1 390 1 5077,	
(1-10) 1 390 1 5075,	
(2-7) 1 390 1 5073,	
dilución 1 390 1 5838,	
(intervalo) 1 390 1 5071,	
regímenes 1 390 1 5069,	
Fludarabina 1 390 1 5063,	
100 5 390 5 5060,5061,5064,5066,6052,	
alquilantes 1 390 1 5059,	
1/100) 1 390 1 8814,	
Agentes 1 390 1 5058,	
Tratamientos 1 390 1 5055,	
Síntomas 1 390 1 5053,	
Estadio 1 390 1 5050,	
Características 1 390 1 5045,	
62 1 390 1 5044,	
57 1 390 1 5043,	
66 1 390 1 5042,	
diagnóstico 1 390 1 5033,	
24 1 390 1 5031,	
32 1 390 1 5030,	
93 1 390 1 5029,	
Número 2 390 2 5026,5067,	
Parámetros 1 390 1 5017,	
resumen 1 390 1 5012,	
controlados 1 390 1 5002,	
globales 1 390 1 4989,	
basa 1 390 1 4985,	
impacto 1 390 1 4959,	
interrumpió 1 390 1 4924,	
47/77 1 390 1 4918,	
antiviral 1 390 1 4915,	
8%) 1 390 1 4900,	
(46 1 390 1 4899,	
(16%) 1 390 1 4892,	
23/147 1 390 1 4887,	
menor 2 390 2 4884,8834,	
77/147 1 390 1 4866,	
sólo 2 390 2 4860,5855,	
notificó 2 390 2 4855,4876,	
primeros 1 390 1 4846,	
finalización 1 390 1 4836,	
inicio 1 390 1 4833,	
cadena 1 390 1 4827,	
respecto 1 390 1 4815,	
semanalmente 1 390 1 4813,	
examinados 1 390 1 4812,	
RCP 6 390 6 4789,4824,4857,4906,4933,4949,	
Valoración 1 390 1 4783,	
debido 3 390 3 4773,5354,5492,	
significación 1 390 1 4772,	
alcanzó 1 390 1 4771,	
estratificados 1 390 1 4743,	
0170 1 390 1 4742,	
SLP 2 390 2 4720,4756,	
0%; 1 390 1 4713,	
(27% 1 390 1 4710,	
completas 1 390 1 4694,	
remisiones 1 390 1 4693,	
0805) 1 390 1 4691,	
20%; 1 390 1 4689,	
(64% 1 390 1 4686,	
mejorada 2 390 2 4675,4753,	
TRG 1 390 1 4674,	
tendencia 2 390 2 4671,4752,	
comparación 1 390 1 4662,	
62%; 1 390 1 4650,	
(91% 1 390 1 4647,	
(reacción 1 390 1 4825,	
0001) 1 390 1 4639,	
p<0 1 390 1 4638,	
29%; 1 390 1 4637,	
(87% 1 390 1 4634,	
(TRG) 1 390 1 4625,	
13q 4 390 4 4619,4646,4706,4729,	
presentaron 2 390 2 4616,4703,	
67 1 390 1 4612,	
51 1 390 1 4606,	
trisomía 2 390 2 4604,4764,	
34 2 390 2 4601,5065,	
11q 2 390 2 4600,4633,	
54 1 390 1 4595,	
17p 3 390 3 4594,4682,4763,	
deleción 9 390 9 4592,4598,4617,4631,4644,4680,4704,4727,4761,	
21 2 390 2 4589,6679,	
hubo 1 390 1 4588,	
jerárquico 1 390 1 4573,	
modelo 2 390 2 4572,5292,	
acuerdo 1 390 1 4569,	
clasificaron 1 390 1 4567,	
normal 3 390 3 4559,4610,4768,	
cariotipo 3 390 3 4558,4609,4767,	
detectó 1 390 1 4556,	
aberraciones 2 390 2 4549,4564,	
Estudio 4 390 4 4545,5020,5022,5024,	
disponía 1 390 1 4537,	
(n=282) 1 390 1 4533,	
De 2 390 2 4527,5398,	
determina 1 390 1 4524,	
predecir 1 390 1 4520,	
pronóstico 1 390 1 4517,	
proporciona 2 390 2 4512,5693,	
citogenéticos 2 390 2 4490,4540,	
Análisis 1 390 1 4489,	
flujo 1 390 1 4485,	
**** 1 390 1 4483,	
III-IV) 1 390 1 4482,	
I-II 1 390 1 4479,	
Régimen 2 390 2 5078,5091,	
(estadios 1 390 1 4478,	
*** 1 390 1 4468,	
mejor 1 390 1 4466,	
** 1 390 1 4462,	
exacta 1 390 1 4461,	
Tiempo 1 390 1 4439,	
95%) 7 390 7 4438,4452,5123,5143,5167,5186,5196,	
confianza 7 390 7 4436,4450,5121,5141,5165,5184,5194,	
(intervalo 5 390 5 4434,4448,5323,5408,5424,	
K-M 2 390 2 4433,4447,	
RC 1 390 1 4428,	
Duración 2 390 2 4424,4463,	
negativo**** 1 390 1 4421,	
MRD 1 390 1 4420,	
Respuesta 4 390 4 4418,4422,5124,5126,	
Tasa 2 390 2 4414,5114,	
0001* 1 390 1 4413,	
<0 1 390 1 4412,	
4% 1 390 1 4411,	
55 1 390 1 4410,	
Incompatibilidades 1 390 1 5753,	
2% 1 390 1 4409,	
83 1 390 1 4408,	
III/IV 2 390 2 4405,5052,	
Enfermedad 1 390 1 4402,	
Mediana 6 390 6 4398,4432,4446,5037,5128,5153,	
tasa 3 390 3 4393,4621,5387,	
independiente 1 390 1 4390,	
resultados 2 390 2 4388,5600,	
Resumen 1 390 1 4378,	
grupos 1 390 1 4375,	
1996 1 390 1 4356,	
NCIWG 1 390 1 4354,	
usando 2 390 2 4351,4819,	
parcial) 1 390 1 4350,	
(RC 1 390 1 4347,	
global 4 390 4 4346,4417,4624,5115,	
(RC) 1 390 1 4342,	
tasas 2 390 2 4338,4988,	
variables 1 390 1 4334,	
Nº 1 390 1 4329,	
estratificada 2 390 2 4328,4473,	
logarítmicos 2 390 2 4327,4472,	
rangos 2 390 2 4326,4471,	
Prueba 2 390 2 4324,4469,	
Estimación 1 390 1 4320,	
estudio 2 390 2 4313,4853,	
Supervivencia 3 390 3 4307,5171,5190,	
1) 1 390 1 4304,	
Solución 1 390 1 5814,	
Figura 2 390 2 4303,4305,	
supervivencia 3 390 3 4297,4963,4994,	
principal 1 390 1 4295,	
variable 1 390 1 4294,	
medido 1 390 1 4291,	
estéril 1 390 1 6079,	
(Estudio 2 390 2 4281,4803,	
necesitaban 1 390 1 4279,	
Rai 4 390 4 4270,4407,4477,5051,	
I-IV 1 390 1 4268,	
estadio 2 390 2 4267,4746,	
padecían 1 390 1 4264,	
comparativo 1 390 1 4260,	
abierto 1 390 1 4258,	
fase 1 390 1 4256,	
92 1 390 1 5062,	
evaluaron 1 390 1 4250,	
progenitoras 1 390 1 4233,	
hematopoyéticas 1 390 1 4228,	
madre 1 390 1 4227,	
dañar 1 390 1 4223,	
eritrocitos 1 390 1 4215,	
granulocitos 1 390 1 4207,	
5%) 1 390 1 4204,	
(< 1 390 1 4203,	
envase 2 390 2 5925,5943,	
porcentaje 1 390 1 4202,	
pequeño 2 390 2 4201,4782,	
detectado 2 390 2 4198,4212,	
dependiente 2 390 2 4191,5630,	
(epidídimo 1 390 1 5675,	
mediada 1 390 1 4188,	
citotoxicidad 1 390 1 4187,	
complemento 1 390 1 4183,	
fijación 4 390 4 4181,5645,5665,6082,	
accidental 1 390 1 6183,	
macrófagos 1 390 1 4168,	
timocitos 1 390 1 4165,	
esencialmente 1 390 1 4152,	
expresado 1 390 1 4142,	
inmunoglobulina 1 390 1 4123,	
molécula 1 390 1 4121,	
IgG2a 1 390 1 4115,	
determinantes 1 390 1 4110,	
complementarias- 1 390 1 4109,	
regiones 1 390 1 4108,	
descartar 1 390 1 5970,	
malignos 1 390 1 4095,	
fundamentalmente 1 390 1 4083,	
expresada 1 390 1 4082,	
celular 1 390 1 4077,	
L01XC04 1 390 1 4054,	
ATC 1 390 1 4053,	
código 1 390 1 4052,	
Grupo 2 390 2 4048,5032,	
farmacodinámicas 1 390 1 4047,	
	5 1 390 1 4044,	
ESTE 1 390 1 4042,	
FARMACOLÓGICAS 1 390 1 4040,	
PROPIEDADES 1 390 1 4039,	
Revisión 1 390 1 4389,	
" 1 390 1 4037,	
soporte 1 390 1 4036,	
consiste 1 390 1 4021,	
sobredosificación 1 390 1 4016,	
conocido 1 390 1 4013,	
elevada 1 390 1 4004,	
13 2 390 2 3990,4738,	
240 1 390 1 3981,	
recibido 1 390 1 3977,	
Sobredosis 1 390 1 3973,	
9 3 390 3 3972,6058,6242,	
eyección 1 390 1 3962,	
fracción 1 390 1 3960,	
cardiomiopatía 1 390 1 3955,	
congestiva 1 390 1 3954,	
colores 1 390 1 4488,	
hemorragia 1 390 1 3934,	
resultado 2 390 2 3920,3941,	
comunicado 2 390 2 3913,3948,	
frecuente 1 390 1 3900,	
Coombs 1 390 1 3894,	
relacionado 1 390 1 5515,	
media 2 390 2 4171,5403,	
adversos 1 390 1 3989,	
prueba 2 390 2 3892,4460,	
entrañar 1 390 1 3884,	
inflamatoria 1 390 1 3876,	
únicamente 3 390 3 4615,4642,4702,	
Barré 1 390 1 3869,	
Guillain 1 390 1 3868,	
aplásica 1 390 1 3865,	
notificaciones 1 390 1 3829,	
primates 1 390 1 5505,	
recogido 1 390 1 3828,	
desarrolló 1 390 1 3822,	
naturaleza 1 390 1 3806,	
pancitopenia 1 390 1 3789,	
medular 1 390 1 3762,	
pancitopenia/hipoplasia 1 390 1 3761,	
asociado 1 390 1 3744,	
infección/reactivación 1 390 1 3737,	
evolución 1 390 1 3734,	
raros 1 390 1 3732,	
inmunocomprometidos 1 390 1 3726,	
(VEB) 1 390 1 3723,	
Barr 1 390 1 3722,	
Epstein- 1 390 1 3721,	
82% 1 390 1 4553,	
latente 1 390 1 3718,	
viral 1 390 1 3717,	
producir 1 390 1 3709,	
relacionarse 1 390 1 3702,	
disminución 2 390 2 3694,3957,	
zoster 1 390 1 3688,	
NPC 1 390 1 3683,	
reducir 1 390 1 3679,	
parece 2 390 2 3675,4222,	
recomendado 1 390 1 3674,	
(años) 2 390 2 4401,5041,	
antiinfeccioso 1 390 1 3673,	
0009) 1 390 1 4715,	
gondii) 1 390 1 3658,	
Toxoplasma 1 390 1 3657,	
protozoarias 1 390 1 3654,	
atípicas 1 390 1 3652,	
micobacteriosis 1 390 1 3651,	
bacterianas 1 390 1 3647,	
(LMP)) 1 390 1 3646,	
Progresiva 1 390 1 3645,	
potásico 1 390 1 5737,	
Multifocal 1 390 1 3644,	
Leucoencefalopatía 1 390 1 3643,	
(%) 3 390 3 5049,5057,5118,	
hepatitis 1 390 1 3641,	
parainfluenza 1 390 1 3640,	
adenovirus 1 390 1 3639,	
mortales; 1 390 1 3635,	
farmacovigilancia 1 390 1 3619,	
rinocerebral 1 390 1 3612,	
mucormicosis 1 390 1 3611,	
zoster) 1 390 1 3605,	
Aspergillus 1 390 1 3602,	
(NPC) 1 390 1 3597,	
ejemplo 4 390 4 3592,3656,3858,7444,	
debidas 2 390 2 3588,3663,	
Frecuentemente 1 390 1 3582,	
simple 1 390 1 3572,	
herpes 3 390 3 3571,3604,3687,	
urinarias 1 390 1 3531,	
vías 1 390 1 3530,	
tuberculosis 2 390 2 3525,3649,	
sepsis 1 390 1 3524,	
genital 1 390 1 3523,	
candidiasis 1 390 1 3522,	
Fecha 2 390 2 6251,6257,	
corporal 1 390 1 3521,	
tiña 1 390 1 3520,	
únicas 1 390 1 5552,	
4%) 1 390 1 4868,	
bronconeumonía 1 390 1 3519,	
infección/viremia 1 390 1 3506,	
notificaron 4 390 4 3488,3501,3513,3534,	
gradualmente 1 390 1 3464,	
aumenta 1 390 1 3463,	
evitar 2 390 2 3455,6171,	
acontecimientos 1 390 1 8828,	
síntomas 1 390 1 3450,	
Estos 1 390 1 3449,	
anafiláctico 1 390 1 3446,	
shock 1 390 1 3445,	
tipos 1 390 1 3439,	
Europea 1 390 1 6285,	
anafilácticas 1 390 1 3435,	
sustancial 1 390 1 3397,	
raras 4 390 4 3371,3879,3909,3928,	
asociadas 1 390 1 3362,	
arritmias 1 390 1 3355,	
parada 2 390 2 3350,3360,	
agudo 1 390 1 3349,	
respiratorio 1 390 1 3348,	
distrés 1 390 1 3347,	
infiltrados 1 390 1 3343,	
síncope 1 390 1 3342,	
almacenar 1 390 1 5843,	
(meses) 6 390 6 4431,4445,5135,5159,5178,5191,	
hipoxia 1 390 1 3341,	
incluyendo 5 390 5 3339,3444,3568,3586,3661,	
producido 1 390 1 3336,	
leves 1 390 1 3327,	
parte 1 390 1 3321,	
cefalea 1 390 1 3315,	
cutánea 1 390 1 3312,	
disminuyó 1 390 1 5348,	
erupción 1 390 1 3311,	
citocinas) 1 390 1 3299,	
	6 1 390 1 5727,	
mortales 3 390 3 3274,3374,3890,	
riesgo 5 390 5 3269,3681,3713,3885,4332,	
tabla) 1 390 1 3265,	
pié 1 390 1 3263,	
revirtió 1 390 1 5557,	
texto 1 390 1 3261,	
(véase 3 390 3 3258,7142,8203,	
perfusión* 1 390 1 3257,	
pulmonar 1 390 1 3251,	
l/kg 1 390 1 5322,	
Incontinencia 1 390 1 3237,	
Hematuria 1 390 1 3235,	
esquelético 1 390 1 3215,	
Hipertonía 1 390 1 3212,	
antimicrobianos 2 390 2 5994,6121,	
piernas 1 390 1 3207,	
subcutáneo 1 390 1 3197,	
máculo-papular 1 390 1 3196,	
Prurito 1 390 1 3189,	
hepatobiliares 1 390 1 3182,	
Anomalía 1 390 1 3179,	
gastrointestinal 1 390 1 3177,	
(entre 1 390 1 5890,	
gastrointestina-les 1 390 1 3176,	
Gastroenteritis 1 390 1 3175,	
(SLP) 2 390 2 4301,4967,	
Infiltrados 1 390 1 3171,	
garganta 1 390 1 3168,	
Opresión 1 390 1 3164,	
Hemoptisis 1 390 1 3163,	
Estridor 1 390 1 3161,	
periférica 2 390 2 3157,4099,	
Isquemia 1 390 1 3155,	
Insuficiencia 1 390 1 3134,	
Tinnitus 1 390 1 3128,	
Fosfato 1 390 1 5744,	
Sordera 1 390 1 3125,	
angioedema 1 390 1 3448,	
oído 1 390 1 3123,	
Endoftalmitis 1 390 1 3120,	
intracraneal 2 390 2 3111,3935,	
concentración 1 390 1 5384,	
Hemorragia 2 390 2 3110,3174,	
Cefalea 1 390 1 3107,	
ción 1 390 1 3104,	
Döhner 1 390 1 4575,	
Despersonaliza- 1 390 1 3102,	
Hipocalcemia 1 390 1 3098,	
tumoral* 1 390 1 3096,	
Hipocalemia 1 390 1 3088,	
partículas 2 390 2 5974,5981,	
Hiponatremia 1 390 1 3087,	
Anorexia 1 390 1 3085,	
Leucopenia 1 390 1 3063,	
Anemia 2 390 2 3062,3064,	
mg/kg 1 390 1 5623,	
hemorrágicas 2 390 2 3059,3786,	
ósea 2 390 2 3058,5607,	
médula 2 390 2 3057,5606,	
Aplasia 1 390 1 3047,	
Granulocitopeni 1 390 1 3045,	
pólipos) 1 390 1 3041,	
linfoproliferativo 2 390 2 3037,3743,	
especificadas 1 390 1 3035,	
síndrome 4 390 4 3034,3345,3866,3915,	
asociada 1 390 1 3032,	
generó 1 390 1 4102,	
similar 1 390 1 3030,	
malignas 1 390 1 3027,	
VEB 3 390 3 3026,3739,3746,	
Trastorno 2 390 2 3023,3200,	
BV 1 390 1 6226,	
benignas 1 390 1 3022,	
Neoplasias 1 390 1 3021,	
reactivación 4 390 4 3018,3590,3666,3716,	
inserción 1 390 1 4105,	
Infección 3 390 3 3010,3012,3024,	
Frecuencia 4 390 4 2999,3072,3144,3224,	
Poco 4 390 4 2997,3070,3142,3222,	
Frecuentes 4 390 4 2996,3069,3141,3221,	
Muy 4 390 4 2994,3067,3139,3219,	
comercialización 2 390 2 2975,3623,	
posterior 2 390 2 2972,3620,	
detectaron 1 390 1 4548,	
partir 2 390 2 2961,3399,	
estimar 1 390 1 2959,	
Desconocida"" 1 390 1 2955,	
""Frecuencia 1 390 1 2954,	
describen 1 390 1 2950,	
(Estudios 1 390 1 2941,	
149 1 390 1 2930,	
Eritema 1 390 1 2887,	
Astenia 1 390 1 2886,	
Escalofríos 2 390 2 2885,3240,	
lugar 3 390 3 2884,2890,3255,	
monocitos 1 390 1 4163,	
alteraciones 2 390 2 2881,3248,	
Lista 1 390 1 5729,	
mucosa 1 390 1 2880,	
Inflamación 1 390 1 2877,	
MabCampath; 1 390 1 4874,	
Pearson 1 390 1 4458,	
Fatiga 1 390 1 2876,	
generales 2 390 2 2873,3239,	
orina 1 390 1 2871,	
urinarios 2 390 2 2868,3236,	
desmielinizante 1 390 1 3875,	
renales 2 390 2 2863,3233,	
musculoesquelético 1 390 1 2861,	
Artralgia 2 390 2 2857,3202,	
Mialgia 2 390 2 2852,3211,	
06/07/2001 1 390 1 6256,	
tejido 4 390 4 2849,2859,3195,3210,	
prurítica 1 390 1 2847,	
Erupción 4 390 4 2846,3190,3192,3199,	
alérgica 1 390 1 2845,	
Dermatitis 1 390 1 2844,	
Urticaria 2 390 2 2843,3198,	
piel 3 390 3 2841,3188,5682,	
bucales 1 390 1 2837,	
Molestias 1 390 1 2836,	
Dolor 5 390 5 2834,2856,3203,3214,3241,	
gastrointestinales 1 390 1 2833,	
Vómitos 2 390 2 2831,3173,	
Náuseas 1 390 1 2830,	
mediastínicos 2 390 2 2827,3169,	
pleural 1 390 1 2825,	
Derrame 1 390 1 2824,	
Disnea 3 390 3 2823,2828,3159,	
torácicos 2 390 2 2822,3166,	
respiratorios 2 390 2 2821,3162,	
musculoesqueléticos 2 390 2 2854,3206,	
Hipoxia 2 390 2 2820,3160,	
Broncoespasmo 2 390 2 2819,3170,	
ortostática 1 390 1 2803,	
Hipertensión 2 390 2 2801,3154,	
NÚMERO(S) 1 390 1 6236,	
Hipotensión 3 390 3 2800,2802,3153,	
vasculares 2 390 2 2799,3156,	
Parada 2 390 2 2796,3132,	
Cianosis 1 390 1 2795,	
cardiacos 3 390 3 2794,3130,3945,	
Conjuntivitis 2 390 2 2792,3119,	
oculares 2 390 2 2791,3118,	
Mareo 1 390 1 2789,	
nervioso 3 390 3 2788,3113,3926,	
Vértigo 2 390 2 2787,3108,	
Síncope 2 390 2 2786,3109,	
Ansiedad 1 390 1 2782,	
psiquiátricos 2 390 2 2781,3103,	
(2-4) 1 390 1 5170,	
total 1 390 1 2778,	
Reducción 2 390 2 2776,2865,	
nutrición 3 390 3 2775,3097,3907,	
metabolismo 3 390 3 2770,3092,3903,	
tumoral 2 390 2 2769,3918,	
Síndrome 2 390 2 2766,3089,	
Hipersensibilidad 1 390 1 2760,	
inmunológico 3 390 3 2759,3083,3811,	
anafiláctica 1 390 1 2758,	
Linfopenia 1 390 1 2753,	
linfático 3 390 3 2751,3061,3754,	
Agranulocitosis 1 390 1 2747,	
febril 2 390 2 2746,3056,	
Neutropenia 3 390 3 2745,2752,3046,	
sangre 4 390 4 2744,3051,3750,4098,	
Trastornos 35 390 35 2741,2754,2761,2780,2783,2790,2793,2798,2818,2829,2838,2851,2862,2872,3042,3080,3086,3100,3105,3117,3121,3129,3152,3158,3172,3178,3185,3201,3232,3238,3747,3808,3901,3923,3944,	
bacteriana 1 390 1 3017,	
infestaciones 4 390 4 2739,3015,3474,3537,	
Sepsis 2 390 2 2738,3009,	
Neumonía 1 390 1 2737,	
Viremia 1 390 1 2735,	
e 6 390 6 2734,3008,3473,3526,3536,3684,	
Infecciones 4 390 4 2733,3007,3013,3472,	
SISTEMAS 6 390 6 2731,2816,3005,3078,3150,3230,	
ÓRGANOS 6 390 6 2729,2814,3003,3076,3148,3228,	
POR 6 390 6 2728,2813,3002,3075,3147,3227,	
CLASIFICACIÓN 6 390 6 2727,2812,3000,3073,3145,3225,	
POCO 2 390 2 2725,2810,	
gafas 1 390 1 6167,	
FRECUENTES 6 390 6 2723,2724,2726,2808,2809,2811,	
MUY 2 390 2 2722,2807,	
SISTEMA 6 390 6 2720,2805,2992,3065,3137,3217,	
gravedad 6 390 6 2712,2985,3333,3496,3581,3803,	
decreciente 2 390 2 2710,2983,	
Rai) 1 390 1 4748,	
orden 3 390 3 2709,2982,5396,	
exponen 2 390 2 2707,2980,	
observadas 1 390 1 2692,	
incluido 2 390 2 2682,8926,	
tres 3 390 3 2671,4999,8915,	
único 2 390 2 2661,8905,	
hemolítica 2 390 2 3835,3860,	
147 2 390 2 2650,8895,	
incluyeron 3 390 3 2649,4336,8894,	
aleatorizado 4 390 4 2642,4259,4794,8887,	
vial 1 390 1 6321,	
corre 1 390 1 4331,	
clínico 5 390 5 2641,4254,4793,5701,8886,	
cuidado 2 390 2 6107,6151,	
ensayo 4 390 4 2640,4253,4792,8885,	
evacuación 1 390 1 2869,	
produjeron 2 390 2 2637,8882,	
reducen 1 390 1 3394,	
LLC-B 9 390 9 2624,2915,4236,4265,4494,4511,4970,5036,8870,	
(FISH) 1 390 1 4542,	
n=149 2 390 2 2600,8845,	
reconoce 1 390 1 4501,	
n=147 2 390 2 2591,8836,	
; 1 390 1 2590,	
Osalgia 1 390 1 2853,	
inferior 1 390 1 2589,	
dispone 2 390 2 2578,8824,	
Datos 1 390 1 5475,	
tamaño 3 390 3 2571,4777,8817,	
seis 1 390 1 4107,	
Debido 2 390 2 2569,8815,	
<1/100) 1 390 1 2568,	
000 2 390 2 2567,8812,	
(1/1 1 390 1 2566,	
<1/10) 1 390 1 2563,	
latentes 1 390 1 3669,	
(1/100 1 390 1 2562,	
1/10) 3 390 3 2560,8802,8807,	
( 4 390 4 2559,8801,8804,8810,	
frecuentes 16 390 16 2558,2561,2565,2995,2998,3068,3071,3140,3143,3220,3223,3415,3616,8800,8803,8809,	
1/1 1 390 1 8811,	
definen 2 390 2 2555,8797,	
(vidrio 1 390 1 5931,	
afecciones 2 390 2 2550,8792,	
citogenético 1 390 1 4508,	
sinónimos 2 390 2 2548,8790,	
así 2 390 2 2545,4159,	
determinada 2 390 2 2544,8786,	
describir 2 390 2 2541,8783,	
ensayos 2 390 2 2531,8773,	
basan 5 390 5 2524,2630,2923,8766,8875,	
SOCs) 2 390 2 2520,8762,	
0087) 1 390 1 4652,	
(MeDRA 1 390 1 2519,	
MedDRA 10 390 10 2518,2537,2732,2817,3006,3079,3151,3231,8760,8779,	
sistemas 2 390 2 2517,8759,	
Agravamiento 1 390 1 3099,	
órganos 2 390 2 2515,8757,	
clasificacion 1 390 1 2513,	
sistema 12 390 12 2511,2750,2756,2785,3054,3082,3112,3753,3810,3925,5657,8753,	
siguiendo 2 390 2 2509,8751,	
clasifican 2 390 2 2508,8750,	
tablas 2 390 2 2506,8748,	
siguientes 5 390 5 2505,3490,3518,6031,8747,	
incluidas 2 390 2 2502,8744,	
normalmente 2 390 2 2492,8734,	
ocurrieron 2 390 2 2491,8733,	
adversas; 2 390 2 2481,8723,	
experimentó 2 390 2 2479,8721,	
utilizó 2 390 2 2473,8715,	
97% 2 390 2 2465,8707,	
Aproximadamente 2 390 2 2463,8705,	
aparecer 2 390 2 2456,8697,	
suelen 2 390 2 2455,8696,	
80% 2 390 2 2436,8677,	
esperar 2 390 2 2432,8673,	
Reacciones 8 390 8 2428,2606,2896,3050,3245,3275,8669,8851,	
confusión 2 390 2 2425,8666,	
somnolencia 2 390 2 2423,8664,	
notificado 8 390 8 2420,3430,3558,3608,3784,3792,3842,8661,	
máquinas 4 390 4 2395,2409,8636,8650,	
conducir 4 390 4 2392,2405,8633,8646,	
Efectos 2 390 2 2387,8628,	
dure 2 390 2 2371,8614,	
leche 2 390 2 2351,8594,	
excreta 2 390 2 2348,8591,	
desconoce 3 390 3 2344,8534,8587,	
Lactancia 2 390 2 2342,8585,	
gestantes 2 390 2 2304,8547,	
daños 2 390 2 2296,8539,	
desonoce 1 390 1 2291,	
obtenidos 5 390 5 2528,2620,2911,8770,8865,	
animales 4 390 4 2289,5485,5716,8532,	
reproducción 2 390 2 2287,8530,	
efectuado 4 390 4 2277,2399,8520,8640,	
feto 4 390 4 2273,2298,8516,8541,	
provocar 4 390 4 2263,2295,8506,8538,	
potencial 3 390 3 2262,5720,8505,	
placentaria 2 390 2 2254,8497,	
barrera 2 390 2 2253,8496,	
atraviesa 2 390 2 2251,8494,	
humana 5 390 5 2250,2352,4125,8493,8595,	
Todos 1 390 1 5197,	
IgG 2 390 2 2249,8492,	
contraindicado 2 390 2 2241,8484,	
lactancia 4 390 4 2237,2362,8480,8605,	
Embarazo 4 390 4 2235,2238,8478,8481,	
estudiada 4 390 4 2232,2575,8475,8821,	
RP 1 390 1 4430,	
vacuna 2 390 2 2228,8471,	
anamnésica 2 390 2 2224,8467,	
farmacoterapéutico 1 390 1 4049,	
primaria 2 390 2 2222,8465,	
humoral 2 390 2 2221,8464,	
generar 2 390 2 2218,8461,	
capacidad 8 390 8 2216,2311,2390,2403,8459,8554,8631,8644,	
vivos 2 390 2 2214,8457,	
virus 3 390 3 2213,3720,8456,	
basadas 2 390 2 2211,8454,	
víricas 3 390 3 2210,3636,8453,	
sometidos 2 390 2 2207,8450,	
estudiado 2 390 2 2186,8429,	
cromosómicas 2 390 2 4550,4565,	
desconocida 4 390 4 3001,3074,3146,3226,	
sido 7 390 7 2185,2231,2967,3288,4197,8428,8474,	
antídoto 1 390 1 4011,	
tema 2 390 2 2182,8425,	
quimioterápicos 2 390 2 2179,8422,	
P450 2 390 2 2159,8402,	
citocromo 2 390 2 2158,8401,	
mediadas 1 390 1 2155,	
produzcan 3 390 3 2151,2585,8394,	
espera 2 390 2 2148,8391,	
humanizada 2 390 2 2145,8388,	
vacunaciones 2 390 2 2209,8452,	
recombinante 2 390 2 2144,8387,	
proteína 2 390 2 2143,8386,	
Como 2 390 2 2139,8382,	
significativas 2 390 2 2132,8375,	
interacciones 6 390 6 2122,2130,2152,8365,8373,8395,	
formales 2 390 2 2120,8363,	
Aunque 4 390 4 2114,2180,8357,8423,	
interacción 2 390 2 2113,8356,	
formas 2 390 2 2111,8354,	
Interacción 2 390 2 2104,8347,	
limitados 2 390 2 2101,8344,	
bases 2 390 2 2097,8340,	
tamaños 2 390 2 2094,8337,	
edad; 2 390 2 2090,8333,	
eficacia 5 390 5 2086,4246,4981,5019,8329,	
seguridad 9 390 9 2083,2619,2910,4244,4371,5478,6169,8326,8864,	
observaron 3 390 3 2078,3757,8321,	
anteriormente 8 390 8 2071,2605,3551,4972,5688,6733,8318,8850,	
administró 4 390 4 2060,2657,5245,8901,	
realizados 2 390 2 2053,8310,	
rata 1 390 1 4118,	
LLC 2 390 2 2032,8289,	
Dado 2 390 2 2029,8286,	
naïve) 1 390 1 4277,	
jóvenes 2 390 2 2028,8285,	
individuos 2 390 2 2026,8283,	
dosificación 3 390 3 5080,5093,5261,	
peor 2 390 2 2023,8280,	
citotóxico 2 390 2 2022,8279,	
toleran 2 390 2 2019,8276,	
abdominal 1 390 1 2835,	
(de 2 390 2 2013,8270,	
libre 4 390 4 4298,4308,4964,5172,	
general 3 390 3 2007,3384,8264,	
evaluar 5 390 5 1992,2282,5718,8249,8525,	
realizado 7 390 7 1989,2118,4796,5705,7495,8246,8361,	
utilizarse 2 390 2 5826,5989,	
3) 3 390 3 1985,2945,8242,	
5 11 390 11 1984,2103,4038,5180,5205,5473,5920,5929,6089,8241,8346,	
secciones 2 390 2 1980,8237,	
posteriores 5 390 5 1976,2339,5832,8233,8582,	
efectivas 4 390 4 1965,2328,8222,8571,	
anticonceptivas 4 390 4 1964,2327,8221,8570,	
utilizar 9 390 9 1962,2325,2394,2408,6162,8219,8568,8635,8649,	
encuentren 4 390 4 1957,2320,8214,8563,	
hombres 5 390 5 1952,2314,5460,8209,8557,	
Dihidrógeno 1 390 1 5738,	
Tanto 2 390 2 1951,8208,	
emergencia 2 390 2 1946,8195,	
medidas 6 390 6 1944,1963,2326,8193,8220,8569,	
necesarios 2 390 2 1927,8176,	
recogidas 1 390 1 2928,	
reacción 4 390 4 1918,2543,8199,8785,	
quiméricos 2 390 2 1910,8174,	
murinos 2 390 2 1908,8172,	
monoclonales 2 390 2 1907,8171,	
anticuerpos 3 390 3 1906,4193,8170,	
polimerasa) 1 390 1 4830,	
alergia 2 390 2 1900,8164,	
presentar 3 390 3 1895,3268,8159,	
muerte 6 390 6 1891,3271,3887,3922,3943,8155,	
observó 9 390 9 1873,4669,4750,5452,5465,5521,5532,5568,8137,	
disponibles 3 390 3 1859,4997,8125,	
datos 12 390 12 1858,2099,2527,2617,2908,2964,4539,4996,8124,8342,8769,8862,	
confirmar 2 390 2 1849,8115,	
prudente 2 390 2 1848,8114,	
retratamiento 2 390 2 1845,8111,	
plantea 2 390 2 1840,8106,	
Sin 3 390 3 1836,5777,8102,	
clorambucil 3 390 3 4290,4584,4667,	
Hiperglucemia 1 390 1 2774,	
práctica 2 390 2 1831,8097,	
CD52 9 390 9 1829,1855,1880,4138,5370,5500,8095,8121,8144,	
crónica) 1 390 1 3877,	
expresión 7 390 7 1827,1853,1878,5497,8093,8119,8142,	
sistemática 2 390 2 1824,8090,	
36/77 1 390 1 4898,	
regular 2 390 2 1822,8088,	
propone 2 390 2 1816,8082,	
citopenias 2 390 2 1813,8079,	
administre 3 390 3 2168,2301,8411,	
cuadros 2 390 2 1811,8077,	
desarrollen 2 390 2 1810,8076,	
hemogramas 2 390 2 1793,8059,	
visulamente 1 390 1 5964,	
2) 6 390 6 1765,1950,2049,8031,8207,8306,	
progresiva 2 390 2 1711,7977,	
(no 2 390 2 2956,4274,	
posteriormente 2 390 2 1707,7973,	
trombopenia 2 390 2 1699,7965,	
primeras 2 390 2 1690,7956,	
4-8 2 390 2 1680,7947,	
ó 4 390 4 1676,3578,3800,7943,	
grado 12 390 12 1674,1702,3405,3498,3539,3564,3576,3798,3992,5539,7941,7968,	
transitoria 3 390 3 1672,1700,7939,	
neutropenia 3 390 3 1671,5570,7938,	
Con 4 390 4 1666,3837,5374,7933,	
mínimo 2 390 2 1657,7924,	
periodo 4 390 4 1656,2971,5852,7923,	
sintomática 4 390 4 1647,4879,4950,7914,	
presenten 3 390 3 1642,2446,8687,	
(61%) 1 390 1 4919,	
clínica 4 390 4 1636,1835,7903,8101,	
valoración 2 390 2 1635,7902,	
realizarse 2 390 2 1633,7900,	
practique 2 390 2 1819,8085,	
Debe 2 390 2 1632,7899,	
terapia 4 390 4 1631,4914,4926,7898,	
requiera 2 390 2 1626,7893,	
necesariamente 2 390 2 1621,7888,	
considerarse 2 390 2 1620,7887,	
pruebas 4 390 4 1613,1802,7880,8068,	
positiva 7 390 7 1611,3895,4858,4908,4934,4946,7878,	
(CMV) 13 390 13 1610,1646,3509,3599,4786,4818,4864,4882,4911,4938,4945,7877,7913,	
viremia 2 390 2 1607,7874,	
adecuadamente 2 390 2 1594,7861,	
repoblado 2 390 2 1593,7860,	
hayan 2 390 2 1592,7859,	
particular 2 390 2 1585,7852,	
desaparecido 2 390 2 1582,7849,	
utilizados 2 390 2 1576,7843,	
simultáneamente 2 390 2 5796,6138,	
irradiarse 2 390 2 1571,7839,	
preclínica 1 390 1 5481,	
Íleo 1 390 1 2832,	
sanguíneos 2 390 2 1569,7837,	
derivados 2 390 2 1568,7836,	
citomegalovirus 15 390 15 1609,1645,2740,3016,3508,3598,4785,4817,4863,4881,4910,4937,4944,7876,7912,	
GVHD) 2 390 2 1561,7829,	
disease 2 390 2 1560,7828,	
host 2 390 2 1559,7826,	
huésped 2 390 2 1556,7823,	
injerto 2 390 2 1553,7820,	
posibilidad 4 390 4 1545,1842,7812,8108,	
Dada 2 390 2 1543,7810,	
superior 7 390 7 1539,2015,4288,4654,4722,7806,8272,	
igual 2 390 2 1537,7804,	
recuperado 2 390 2 1533,7800,	
finalizar 5 390 5 1520,1663,2703,7787,7930,	
incluidos 1 390 1 2932,	
profiláctico 3 390 3 1517,3672,7784,	
250 2 390 2 1507,7774,	
probabilidad 1 390 1 4323,	
afectar 2 390 2 2308,8551,	
famciclovir 2 390 2 1506,7773,	
efectivo 3 390 3 1501,3677,7768,	
antiherpético 2 390 2 1500,7767,	
alternativo 2 390 2 4368,4444,	
agente 4 390 4 1499,2660,7766,8904,	
(PCP) 2 390 2 1496,7763,	
(3-7) 1 390 1 5188,	
Pneumocystis 3 390 3 1494,3595,7761,	
neumonía 5 390 5 1492,3574,3593,3600,7759,	
frente 10 390 10 1489,2225,4480,4635,4648,4687,4711,4736,7756,8468,	
u 3 390 3 1486,6180,7753,	
comprimido 2 390 2 1477,7744,	
trimetoprim/sulfametoxazol 2 390 2 1475,7742,	
(p 3 390 3 1473,3637,7740,	
antiinfecciosa 2 390 2 1467,7734,	
profilaxis 4 390 4 1466,1488,7733,7755,	
altamente 3 390 3 1462,4141,7729,	
oportunistas 4 390 4 1457,3014,3585,7724,	
predisponer 2 390 2 1451,7718,	
Esto 2 390 2 1449,7716,	
previos 4 390 4 1446,5056,5070,7713,	
niveles 2 390 2 1445,7712,	
aproximarse 2 390 2 1442,7709,	
tardar 2 390 2 1436,7703,	
última 5 390 5 1429,5304,5430,6260,7696,	
Período 1 390 1 5809,	
alcanzar 4 390 4 1417,1596,7684,7863,	
recibieron 3 390 3 1405,4912,7672,	
células/l 2 390 2 1400,7667,	
embargo 7 390 7 1387,1837,2092,5778,7654,8103,8335,	
tratamiento; 2 390 2 1385,7652,	
(debido 1 390 1 3294,	
ocurrió 2 390 2 1378,7645,	
células/µl 8 390 8 1377,1422,1542,1603,7644,7689,7809,7870,	
luz 3 390 3 5880,5905,6018,	
200 8 390 8 1376,1421,1541,1602,7643,7688,7808,7869,	
CD4+ 4 390 4 1373,1530,7640,7797,	
recuperación 2 390 2 1368,7635,	
reciben 2 390 2 1360,7627,	
interrupción 5 390 5 1353,1628,5561,7620,7895,	
después 23 390 23 1350,1383,1392,1518,1661,1682,2172,2382,2701,3416,3852,4848,5411,5427,5443,6531,7617,7650,7659,7785,7928,8415,8623,	
meses 19 390 19 1349,1382,1391,1426,1438,1660,1975,2197,2338,4847,7616,7649,7658,7693,7705,7927,8232,8440,8581,	
autoinmunes 1 390 1 3847,	
recuperando 2 390 2 1346,7613,	
8-12 2 390 2 1340,7607,	
comienzan 2 390 2 1334,7601,	
CD8 2 390 2 1333,7600,	
CD4 2 390 2 1331,7598,	
T 9 390 9 1330,1590,2270,3699,4092,4158,7597,7857,8513,	
recuentos 6 390 6 1327,1371,1795,7594,7638,8061,	
prolongada 3 390 3 1325,3695,7592,	
esperado 2 390 2 1315,7582,	
farmacológico 2 390 2 1314,7581,	
depleción 6 390 6 1306,2265,5541,5554,7573,8508,	
importante 3 390 3 1305,4514,7572,	
produzca 5 390 5 1303,1549,1916,7570,7816,	
Es 4 390 4 1299,1461,7566,7728,	
reconstitución 2 390 2 1292,7559,	
momento 4 390 4 1289,1883,7556,8147,	
prolongar 2 390 2 1283,7550,	
persistan 2 390 2 1275,7542,	
paracetamol 2 390 2 1264,7531,	
500 2 390 2 1262,7528,	
difenhidramina 2 390 2 1256,7522,	
ej 7 390 7 1252,1261,1474,3638,7518,7527,7741,	
p 4 390 4 1251,1260,7517,7526,	
fúngicas 1 390 1 3660,	
Además 2 390 2 1244,7510,	
necesario 4 390 4 1243,2355,7509,8598,	
conocen 2 390 2 2129,8372,	
realizad 1 390 1 1229,	
haya 6 390 6 1228,1532,1581,7494,7799,7848,	
30-60 2 390 2 1207,7473,	
conjuntivo 3 390 3 2850,2860,3213,	
oral 6 390 6 1204,1250,1504,7470,7516,7771,	
vía 7 390 7 1203,1503,2669,5804,7469,7770,8913,	
brazo 1 390 1 2938,	
premedicados 2 390 2 1199,7465,	
cardiotóxicos 3 390 3 1192,3970,7458,	
potencialmente 3 390 3 1191,3969,7457,	
agentes 5 390 5 1190,2178,3968,7456,8421,	
corporal) 2 390 2 1184,7450,	
peso 3 390 3 1183,2765,7449,	
cardiaca 7 390 7 1181,2797,3135,3357,3361,7442,7447,	
nocardiosis) 1 390 1 3653,	
ecocardiografía 2 390 2 1179,7445,	
ejemplo; 1 390 1 1178,	
(por 6 390 6 1177,3591,3655,3857,4317,7443,	
función 3 390 3 1175,3183,7441,	
continua 4 390 4 1172,1637,7438,7904,	
p=0 4 390 4 4651,4690,4714,4741,	
monitorización 6 390 6 1171,1724,1821,7437,7990,8087,	
evaluación 3 390 3 1169,5480,7435,	
considerar 2 390 2 1167,7433,	
asociados 2 390 2 1159,7425,	
cardiaco 2 390 2 1158,7424,	
paro 2 390 2 1157,7423,	
miocardio 3 390 3 1154,3354,7420,	
casos 7 390 7 1150,2421,3609,3627,3731,7416,8662,	
observado 7 390 7 1149,3626,3729,3932,5643,5663,7415,	
antihipertensivos 2 390 2 1141,7407,	
estén 4 390 4 1136,1198,7402,7464,	
determinación 1 390 1 4978,	
Reacción 1 390 1 2757,	
notificadas 8 390 8 2451,2484,2608,2968,3290,8692,8726,8853,	
pecho 3 390 3 1131,3243,7397,	
angina 2 390 2 1129,7395,	
isquémica 2 390 2 1128,7394,	
cardiopatía 2 390 2 1127,7393,	
padezcan 2 390 2 1126,7392,	
análisis 1 390 1 4821,	
tratar 2 390 2 1123,7389,	
precaución 4 390 4 1121,2415,7387,8656,	
Hay 2 390 2 1118,7384,	
transitorios 2 390 2 1115,7381,	
meses; 1 390 1 4740,	
episodios 3 390 3 1114,3504,7380,	
aparecido 2 390 2 1113,7379,	
gradual 5 390 5 1099,5083,5086,5089,7365,	
frecuencias 4 390 4 2522,2553,8764,8795,	
aumento 4 390 4 1098,3711,5380,7364,	
debería 6 390 6 1094,6751,6797,7360,8004,8654,	
interrumpe 2 390 2 1083,7349,	
adecuada 2 390 2 1064,7330,	
premedicación 3 390 3 1063,3459,7329,	
administrando 2 390 2 1061,7327,	
comenzando 1 390 1 5263,	
nivel 6 390 6 1060,1419,1536,7326,7686,7803,	
mantener 4 390 4 1054,1514,7320,7781,	
moderados 2 390 2 1049,7315,	
taquicardia 1 390 1 5640,	
efectos 5 390 5 1046,2284,3988,7312,8527,	
versus 2 390 2 1558,7825,	
medicamentos 28 390 28 1043,1140,1930,2075,2108,2124,2138,2154,2445,2906,2921,3555,3780,4976,5776,5785,5798,6128,6140,7309,7406,8179,8351,8367,8381,8397,8686,8937,	
tercera 2 390 2 1020,7288,	
segunda 4 390 4 1018,1408,7286,7675,	
redujo 2 390 2 1015,7283,	
medible 1 390 1 4960,	
sustanciales 2 390 2 2080,8323,	
mayor 10 390 10 1006,1605,1805,2453,3320,5523,7274,7872,8071,8694,	
relacionadas 12 390 12 1001,2087,2551,3252,3276,3283,3378,3409,3541,7269,8330,8793,	
frecuencia 28 390 28 995,1180,1668,1697,1799,2454,2487,2588,2719,2991,3293,3433,3503,3516,3561,3839,3951,3986,4885,5524,7262,7446,7935,7963,8065,8695,8729,8833,	
broncoespasmo 3 390 3 993,3340,7260,	
diarrea 3 390 3 991,3318,7258,	
prurito 3 390 3 990,3316,7257,	
cabeza 2 390 2 989,7256,	
dolor 2 390 2 987,7254,	
disnea 3 390 3 986,3314,7253,	
fatiga 3 390 3 985,3310,7252,	
vómitos 3 390 3 984,3308,7251,	
urticaria 3 390 3 983,3313,7250,	
Otras 2 390 2 976,7242,	
respiratorias 2 390 2 972,7238,	
dificultades 2 390 2 971,7237,	
escalofríos/rigidez 2 390 2 969,7235,	
hipotensión 7 390 7 968,1117,3309,3998,5626,7234,7383,	
aminorar 1 390 1 3453,	
incluyen 4 390 4 967,3304,7233,7248,	
consecuencia 2 390 2 961,7227,	
inicial 3 390 3 959,5081,7225,	
producirse 4 390 4 953,980,7219,7246,	
agudas 6 390 6 950,1271,3282,3377,7216,7538,	
(24 1 390 1 4734,	
especiales 4 390 4 944,5884,5951,7210,	
recomendable 2 390 2 1463,7730,	
precauciones 2 390 2 943,7209,	
transcurrido 2 390 2 4364,4440,	
Advertencias 2 390 2 941,7207,	
embarazo 4 390 4 938,2244,7204,8487,	
secundarias 3 390 3 935,4335,7201,	
neoplasias 2 390 2 934,7200,	
VIH; 2 390 2 928,7195,	
infectados 2 390 2 925,7192,	
están 3 390 3 924,6187,7191,	
activas; 4 390 4 920,936,7186,7202,	
fenómenos 1 390 1 3846,	
término 2 390 2 2536,8778,	
sistémicas 2 390 2 919,7185,	
infecciones 11 390 11 918,1456,3535,3562,3569,3584,3630,3668,3685,7184,7723,	
infarto 3 390 3 1152,3352,7418,	
excipientes; 2 390 2 913,7179,	
murinas 2 390 2 907,7173,	
proteínas 3 390 3 906,6084,7172,	
desaparezca 2 390 2 1748,8014,	
hipersensibilidad 8 390 8 901,1898,1920,1938,3443,7167,8162,8187,	
- 13 390 13 900,914,921,930,937,5145,5148,5151,7166,7180,7188,7196,7203,	
material 1 390 1 6211,	
disposición 2 390 2 2000,8257,	
Contraindicaciones 2 390 2 899,7165,	
hepática 3 390 3 886,3184,7152,	
renal 2 390 2 884,7150,	
insuficiencia 4 390 4 883,3356,3952,7149,	
monitorizarse 3 390 3 875,2044,8301,	
Los 14 390 14 872,1326,1892,2313,2616,2907,3974,4995,5599,7136,7593,8156,8556,8861,	
normales 1 390 1 4093,	
adultos 2 390 2 871,7135,	
son 12 390 12 865,981,1047,1926,2100,3325,3413,3614,7129,7247,7313,8343,	
recomendaciones 2 390 2 864,7128,	
antígeno 3 390 3 4140,4195,5499,	
Las 24 390 24 863,947,2449,2499,2521,2552,2689,2946,3375,3402,4333,4563,4692,5435,5615,5839,6184,7127,7213,8690,8741,8763,8794,8933,	
65 4 390 4 861,2017,7125,8274,	
(mayores 2 390 2 859,7123,	
avanzada 6 390 6 858,2012,2040,7122,8269,8297,	
edad 17 390 17 857,1959,1997,2011,2014,2039,2322,4400,5040,5472,7121,8216,8254,8268,8271,8296,8565,	
Pacientes 7 390 7 855,881,4234,4968,5034,7119,7147,	
pediátrica 2 390 2 854,7118,	
población 8 390 8 853,1144,2574,4381,7117,7410,7865,8820,	
18% 1 390 1 4562,	
utilización 3 390 3 849,6000,7113,	
Por 4 390 4 842,1718,7106,7984,	
poblaciones 4 390 4 841,896,7105,7162,	
estudios 20 390 20 838,893,1990,2052,2119,2278,2400,2934,5000,5527,5549,5685,5706,7102,7159,8247,8309,8362,8521,8641,	
cabo 5 390 5 837,892,5868,7101,7158,	
llevado 4 390 4 835,890,7099,7156,	
han 29 390 29 834,889,1112,1148,1988,2117,2276,2398,2419,2966,3287,3335,3429,3557,3607,3625,3783,3827,3976,5704,7098,7155,7378,7414,8245,8360,8519,8639,8660,	
años) 6 390 6 831,862,2018,7095,7126,8275,	
17 3 390 3 830,5349,7094,	
(menores 2 390 2 828,7092,	
adolescentes 2 390 2 827,7091,	
Niños 2 390 2 825,7089,	
linfopenia 7 390 7 823,1565,1580,5510,7087,7833,7847,	
modificaciones 2 390 2 816,7080,	
Confusión 1 390 1 3101,	
realizar 8 390 8 815,1074,1722,1789,7079,7340,7988,8055,	
acción 2 390 2 809,7073,	
mecanismo 2 390 2 807,7071,	
Considerando 2 390 2 805,7069,	
progresivo) 3 390 3 804,1106,7372,	
(escalado 3 390 3 801,1103,7369,	
fértil 4 390 4 1960,2323,8217,8566,	
progresivo 2 390 2 797,7065,	
mediante 6 390 6 795,4064,4103,4133,6076,7063,	
nuevamente 2 390 2 794,7062,	
iniciar 8 390 8 793,1464,1684,1943,7061,7731,7950,8192,	
interrumpido 2 390 2 781,7049,	
*Si 2 390 2 776,7044,	
500/l 2 390 2 764,7032,	
presencia 3 390 3 1851,4930,8117,	
reanude 2 390 2 755,7023,	
pérdida 3 390 3 1875,5367,8139,	
basales 3 390 3 754,4541,7022,	
valores 4 390 4 753,1375,7021,7642,	
indicaba 1 390 1 5330,	
inician 2 390 2 750,7018,	
reproductora 2 390 2 2312,8555,	
basal 6 390 6 746,762,772,7004,7030,7040,	
vuelvan 2 390 2 743,7011,	
jiroveci 3 390 3 1495,3596,7762,	
50% 2 390 2 734,7001,	
Cuando 2 390 2 727,6995,	
Retrasar 2 390 2 722,6990,	
reducción 3 390 3 716,5357,6984,	
permanente 4 390 4 713,1774,6981,8040,	
Interrumpir 2 390 2 708,6976,	
cuidadosamente 4 390 4 876,2045,7141,8302,	
Tercer 2 390 2 706,6974,	
presente 1 390 1 4147,	
día) 2 390 2 1512,7779,	
Segundo 2 390 2 694,6962,	
(0 1 390 1 6065,	
nuevo 4 390 4 689,701,6957,6969,	
comience 4 390 4 687,699,6955,6967,	
resolución 4 390 4 686,698,6954,6966,	
Tras 6 390 6 684,696,3423,5302,6952,6964,	
unión 1 390 1 4135,	
episodio 6 390 6 683,695,707,6951,6963,6975,	
Primer 2 390 2 682,6950,	
250/l) 2 390 2 681,6949,	
y/o 10 390 10 678,719,738,765,1132,6946,6987,7006,7033,7398,	
000/µL 2 390 2 677,6945,	
(plaquetas 2 390 2 674,6942,	
Reinicio 2 390 2 669,6937,	
Toxicidad 2 390 2 667,6935,	
aparición 8 390 8 659,997,1454,3020,3844,6927,7264,7721,	
modificación 2 390 2 652,6920,	
procedimiento 2 390 2 648,6916,	
muestra 3 390 3 646,4780,6914,	
tabla 3 390 3 645,5016,6913,	
siguiente 3 390 3 644,5015,6912,	
trombocitopenia 7 390 7 641,1780,3823,3862,3939,6909,8046,	
autoinmune 12 390 12 639,642,1778,1781,3824,3836,3861,3863,6907,6910,8044,8047,	
m 1 390 1 6090,	
anemia 8 390 8 638,1777,3834,3859,3864,4000,6906,8043,	
años 1 390 1 5813,	
aparece 12 390 12 637,1669,1694,1730,1776,2033,6905,7936,7960,7996,8042,8290,	
definitivamente 2 390 2 635,6903,	
cuadro 6 390 6 626,1732,1747,6894,7998,8013,	
resuelta 4 390 4 621,1758,6889,8024,	
reiniciar 6 390 6 618,1095,1755,6886,7361,8021,	
250/µL 2 390 2 611,6879,	
(RAN) 2 390 2 608,6876,	
neutrófilos 2 390 2 607,6875,	
absoluto 2 390 2 605,6873,	
demostró 1 390 1 4284,	
neumonía; 1 390 1 3511,	
disponibles) 1 390 1 2965,	
caída 2 390 2 601,6869,	
muestren 2 390 2 599,6867,	
000/l 4 390 4 594,775,6862,7043,	
25 6 390 6 593,676,774,6861,6944,7042,	
< 10 390 10 592,610,675,680,6860,6878,6943,6948,8806,8813,	
plaquetas 11 390 11 590,730,742,771,1797,4219,6858,6998,7010,7039,8063,	
recuento 13 390 13 588,604,721,740,769,1528,1598,6856,6872,6989,7008,7037,7795,	
recomienda 15 390 15 575,814,847,1194,2163,2188,5998,6014,6161,6843,7078,7111,7460,8406,8431,	
resuelva 2 390 2 573,6841,	
acontecimiento 3 390 3 571,3899,6839,	
hematológica 12 390 12 559,663,668,1725,1735,1761,6827,6931,6936,7991,8001,8027,	
*Prueba 1 390 1 4453,	
toxicidad 13 390 13 558,628,662,1734,1760,2003,5687,6826,6896,6930,8000,8026,8260,	
infección 11 390 11 554,623,1623,1643,3527,4878,4942,6822,6891,7890,7910,	
caso 9 390 9 552,657,1266,1912,6174,6820,6925,7533,8197,	
enfermedad 8 390 8 550,1551,1888,5048,5177,6818,7818,8152,	
progresión 8 390 8 547,1885,4300,4310,4966,5174,6815,8149,	
evidencia 2 390 2 545,6813,	
existe 3 390 3 544,4009,6812,	
interrumpirse 6 390 6 542,634,1771,6810,6902,8037,	
adicional 2 390 2 522,6790,	
hecho 1 390 1 5328,	
mejoría 2 390 2 521,6789,	
columna 1 390 1 2953,	
meseta 2 390 2 519,6787,	
decoloración 1 390 1 5976,	
superiores 1 390 1 4697,	
mantiene 2 390 2 514,6782,	
continuación 2 390 2 512,6780,	
enfermedad) 2 390 2 509,6777,	
estable 2 390 2 506,6774,	
183 2 390 2 1399,7666,	
situación 4 390 4 505,517,6773,6785,	
parcial 4 390 4 502,4423,5127,6770,	
alcanza 2 390 2 499,6767,	
trastorno 1 390 1 3742,	
decir 3 390 3 498,5364,6766,	
(es 3 390 3 497,5363,6765,	
siguió 1 390 1 5290,	
mejora 4 390 4 496,1708,6764,7974,	
Si 11 390 11 493,1044,1079,1729,2353,5977,6761,7310,7345,7995,8596,	
controlado 3 390 3 2644,4795,8889,	
monitorizar 4 390 4 490,536,6758,6804,	
interrumpir 15 390 15 484,530,563,576,1236,1739,2365,4023,6752,6798,6831,6844,7502,8005,8608,	
respuesta 19 390 19 480,501,2220,4340,4345,4349,4361,4395,4416,4467,4522,4623,4991,5117,5134,5158,6748,6769,8463,	
laboratorio 4 390 4 478,1615,6746,7882,	
clínicos 4 390 4 475,2532,6743,8774,	
criterios 3 390 3 474,4353,6742,	
reúne 2 390 2 471,6739,	
paciente 8 390 8 470,492,495,538,6738,6760,6763,6806,	
Una 5 390 5 466,1225,3891,6734,7491,	
tratados 46 390 46 465,1027,1039,1109,1138,1187,1863,2070,2440,2595,2604,2612,2625,2902,2917,3478,3550,3766,3776,3816,3965,4237,4275,4579,4658,4665,4683,4707,4731,4799,4872,4889,4971,5226,6732,7295,7305,7375,7404,7453,8132,8317,8681,8840,8849,8857,	
previamente 13 390 13 464,1038,1188,2441,2901,2916,3775,3966,4276,5227,7304,7454,8682,	
0 5 390 5 459,4739,5320,5324,6727,	
8 10 390 10 458,1285,2427,5406,5830,6029,6235,6726,7552,8668,	
línea 32 390 32 455,1032,1364,1409,1870,2066,2478,2598,2615,2628,3481,3771,3821,4242,4273,4316,4386,4499,4532,4587,4802,6146,6723,7300,7631,7676,8131,8315,8720,8843,8860,8873,	
7 13 390 13 448,785,1087,2386,2804,5136,5137,5181,6217,6716,7053,7353,8627,	
11 4 390 4 447,3216,5138,6715,	
administarse 1 390 1 6689,	
duración 7 390 7 442,1324,4358,5131,5256,6710,7591,	
mediana 8 390 8 439,1396,1413,4717,5310,6707,7663,7680,	
aumentar 4 390 4 430,1336,6699,7603,	
toleradas 2 390 2 426,6695,	
sean 4 390 4 424,2206,6693,8449,	
diariamente 2 390 2 421,6690,	
broncoespasmo) 2 390 2 415,6684,	
mujeres 8 390 8 1954,2303,2317,5462,6185,8211,8546,8560,	
asintomática 5 390 5 1617,4859,4907,4935,7884,	
cutáneas 4 390 4 413,975,6682,7241,	
erupciones 4 390 4 412,974,6681,7240,	
acompañaba 1 390 1 5636,	
escalofríos 3 390 3 411,3306,6680,	
aproximó 1 390 1 5391,	
respiratoria 3 390 3 409,3351,6678,	
dificultad 2 390 2 408,6677,	
fiebre 6 390 6 407,970,3305,3997,6676,7236,	
rigidez 2 390 2 406,6675,	
(hipotensión 2 390 2 405,6674,	
citocinas 5 390 5 404,966,3367,6673,7232,	
siguen 2 390 2 1345,7612,	
liberación 6 390 6 402,964,3297,3365,6671,7230,	
producidas 2 390 2 399,6668,	
Pérdida 1 390 1 2763,	
graves 10 390 10 398,1051,3060,3246,3338,3436,3631,3787,6667,7317,	
moderadas 3 390 3 396,3329,6665,	
adversas 23 390 23 394,949,1000,2429,2448,2501,2607,2634,2691,2897,2927,2978,3492,3759,3832,6663,7215,7268,8670,8689,8743,8852,8879,	
reacciones 44 390 44 393,948,977,999,1270,1896,1936,2447,2450,2480,2483,2500,2582,2633,2690,2926,2947,2977,3281,3289,3324,3337,3376,3403,3434,3441,3491,3758,3785,3831,3882,6662,7214,7243,7267,7537,8160,8185,8688,8691,8722,8725,8742,8878,	
administra 2 390 2 3458,8544,	
aparecen 4 390 4 392,3385,3583,6661,	
Fiebre 1 390 1 2875,	
obstante 6 390 6 380,2161,2411,6649,8404,8652,	
No 25 390 25 379,832,887,1814,1986,2160,2274,2396,2410,3532,4008,5450,5702,5769,5894,6122,6648,7096,7153,8080,8243,8403,8517,8637,8651,	
perfil 1 390 1 4507,	
3-7 2 390 2 377,6646,	
lograr 3 390 3 375,6098,6644,	
incremento 4 390 4 366,796,6635,7064,	
mayoría 4 390 4 361,1714,6630,7980,	
En 34 390 34 359,551,1107,1142,1265,1356,1401,1856,1911,2006,2050,3547,3724,3772,3878,3908,3927,4576,4790,4851,4893,5506,5525,5683,6628,6819,7373,7408,7532,7623,7668,8122,8263,8307,	
semanas 23 390 23 358,449,460,525,1339,1681,1691,2171,2381,2681,4842,5285,5447,6627,6717,6728,6793,7606,7948,7957,8414,8622,8925,	
12 10 390 10 357,2196,2680,3471,4605,4765,5284,6626,8439,8924,	
máximo 4 390 4 355,2678,6624,8922,	
alternos 2 390 2 352,6621,	
polirradiculoneuropatía 1 390 1 3874,	
días 12 390 12 351,378,786,1088,2700,5423,5582,5598,6620,6647,7054,7354,	
veces 14 390 14 347,1479,1483,1510,2672,5100,5107,5113,5276,6616,7746,7750,7777,8916,	
Palpitaciones 1 390 1 3131,	
administrada 2 390 2 345,6614,	
recomendada 3 390 3 338,5262,6607,	
Posteriormente 2 390 2 335,6604,	
tolerada 4 390 4 334,1071,6603,7337,	
(52 1 390 1 4867,	
asumiendo 2 390 2 328,6597,	
día 10 390 10 315,320,326,344,1481,6584,6589,6595,6613,7748,	
crecientes 2 390 2 311,6580,	
semana 19 390 19 303,349,1010,1021,1485,2460,2496,2675,3389,3420,5278,6572,6618,7278,7289,7752,8702,8738,8919,	
grave 15 390 15 555,560,824,1566,1624,1736,3358,3807,5629,6823,6828,7088,7834,7891,8002,	
primera 41 390 41 302,454,1009,1031,1363,1869,2065,2459,2477,2495,2597,2614,2627,3388,3419,3480,3770,3820,4241,4272,4315,4385,4498,4531,4586,4801,5414,6254,6571,6722,7277,7299,7630,8130,8314,8701,8719,8737,8842,8859,8872,	
Durante 7 390 7 300,1687,1782,3617,6569,7953,8048,	
éste 2 390 2 295,6564,	
concluido 2 390 2 294,6563,	
vez 11 390 11 293,467,620,1226,1757,4503,6562,6735,6888,7492,8023,	
periódica 2 390 2 1792,8058,	
antivírico 2 390 2 283,6552,	
DD 1 390 1 6231,	
chi-cuadrado 1 390 1 4456,	
antibiótico 2 390 2 281,6550,	
rutinaria 4 390 4 279,1832,6548,8098,	
4) 12 390 12 273,299,437,880,3470,3692,4282,4804,6542,6568,6705,7146,	
apartado 13 390 13 271,297,878,1763,1948,2047,3468,3690,6540,6566,6703,8029,8304,	
(ver 17 390 17 270,296,433,877,1762,1947,1979,2046,3467,3689,4302,6539,6565,6702,8028,8236,8303,	
ligera 1 390 1 5639,	
RAN 8 390 8 679,718,737,761,6947,6986,7005,7029,	
clínicamente 6 390 6 268,1223,2131,6537,7489,8374,	
esté 4 390 4 267,1222,6536,7488,	
despues 1 390 1 262,	
modulador 1 390 1 4144,	
minutos 4 390 4 254,1208,6523,7474,	
laberinto 1 390 1 3127,	
60 2 390 2 253,6522,	
PRIMERA 1 390 1 6246,	
apropiados 2 390 2 249,6518,	
analgésico 4 390 4 248,1259,6517,7525,	
antihistamínico 4 390 4 245,1249,6514,7515,	
50 2 390 2 1253,7519,	
administrará 2 390 2 243,6512,	
les 3 390 3 242,2656,6511,	
escalado 12 390 12 238,956,1076,1217,1231,2686,6507,7222,7342,7483,7497,8930,	
Asimismo 3 390 3 235,6012,6504,	
intravenosos 2 390 2 234,6503,	
o 73 390 73 233,388,503,526,556,595,624,640,885,908,1019,1205,1439,1538,1604,1704,1779,1889,1899,1909,2223,2305,2406,3272,3407,3454,3566,3804,3851,3888,3994,4216,4229,4348,4429,4459,4582,4640,4939,5576,5591,5628,5709,5722,5848,5975,5982,6067,6189,6210,6502,6657,6771,6794,6824,6863,6892,6908,7151,7174,7287,7471,7706,7805,7871,7970,8045,8153,8163,8173,8466,8548,8647,	
inevitable 2 390 2 1300,7567,	
orales 2 390 2 232,6501,	
esteroides 6 390 6 231,1201,1240,6500,7467,7506,	
premedicar 2 390 2 226,6495,	
Se 35 390 35 224,274,574,1165,1193,2245,2290,2343,2430,2533,3334,3606,3946,4283,4500,4668,4749,5244,5567,5641,6091,6104,6148,6160,6198,6493,6543,6842,7431,7459,8488,8533,8586,8671,8775,	
horas 8 390 8 223,1286,5254,5407,5831,6030,6492,7553,	
aproximado 2 390 2 220,6489,	
período 8 390 8 219,2192,2684,3484,5281,6488,8435,8928,	
durante 60 390 60 217,236,288,523,664,782,954,1084,1215,1347,1468,1648,1654,1921,1966,1972,2190,2242,2329,2335,2366,2377,2457,2493,2693,2969,3386,3482,3848,4843,4951,5279,5580,5596,6004,6486,6505,6557,6791,6932,7050,7220,7350,7481,7614,7735,7915,7921,8200,8223,8229,8433,8485,8572,8578,8609,8618,8699,8735,8920,	
fibra 1 390 1 6086,	
intravenosa 11 390 11 216,1206,2670,5251,5575,5805,6011,6147,6485,7472,8914,	
linfoides 1 390 1 5653,	
administrar 8 390 8 213,276,1247,2356,6482,6545,7513,8599,	
deben 18 390 18 212,419,874,1570,1788,1961,2043,2324,5781,6195,6199,6481,6688,7838,8054,8218,8300,8567,	
dosis 55 390 55 210,240,310,331,337,369,384,418,432,655,800,803,819,958,1056,1068,1078,1102,1105,1219,1233,2664,2688,3466,3978,5266,5305,5415,5431,5529,5551,5589,5616,5633,6479,6509,6579,6600,6606,6638,6653,6687,6701,6923,7068,7083,7224,7322,7334,7344,7368,7485,7499,8908,8932,	
Todas 2 390 2 208,6477,	
presentan 7 390 7 202,917,933,6471,7183,7199,7909,	
instrucciones 2 390 2 199,6468,	
según 10 390 10 197,266,1221,1241,4744,4787,6466,6535,7487,7507,	
preparar 4 390 4 196,6036,6155,6465,	
náuseas 3 390 3 982,3307,7249,	
La 30 390 30 190,438,629,643,994,1606,1766,2215,3319,3693,3788,3985,4243,4620,4716,4929,4977,5209,5286,5479,5553,6270,6459,6706,6897,6911,7261,7873,8032,8458,	
oncológicos 2 390 2 189,6458,	
tratamientos 3 390 3 188,4526,6457,	
experto 2 390 2 183,6452,	
médico 2 390 2 182,6451,	
supervisión 2 390 2 179,6448,	
Aumento 3 390 3 5082,5085,5088,	
administrarse 5 390 5 176,308,420,6445,6577,	
debe 43 390 43 175,195,225,275,307,483,529,541,562,633,792,1053,1166,1619,1738,1770,1803,2364,2413,5757,5825,5962,5988,6040,6092,6105,6124,6149,6213,6444,6464,6544,6576,6809,6830,6901,7060,7319,7432,7886,8036,8069,8607,	
efecto 9 390 9 1313,1320,1994,5468,5513,5535,7580,7587,8251,	
administración 37 390 37 173,486,532,565,578,630,788,1090,1238,1767,1923,2175,2894,3260,3425,3544,4025,4031,5352,5376,5449,5564,5574,5587,5593,5968,6442,6754,6800,6833,6846,6898,7356,7504,8033,8202,8418,	
forma 17 390 17 171,278,712,1710,1773,1791,2261,3396,3872,5248,6440,6547,6980,7976,8039,8057,8504,	
Posología 2 390 2 169,6438,	
adecuado 6 390 6 166,649,2539,6435,6917,8781,	
* 7 390 7 693,705,768,3266,6961,6973,7036,	
sea 10 390 10 165,332,591,1069,1242,6434,6601,6859,7335,7508,	
Propiedades 2 390 2 4046,5207,	
fludarabina 2 390 2 163,6432,	
quistes 1 390 1 3039,	
combinaciones 2 390 2 161,6430,	
quimioterapia 2 390 2 159,6428,	
(LLC-B) 3 390 3 152,5010,6421,	
B 10 390 10 151,2268,3642,4090,4156,5009,5054,5222,6420,8511,	
crónica 5 390 5 148,3873,5006,5219,6416,	
leucemia 4 390 4 146,5004,5217,6414,	
pacientes 125 390 125 144,229,287,364,452,463,583,748,821,873,915,922,931,1026,1037,1108,1124,1134,1146,1186,1197,1358,1403,1460,1563,1640,1717,1728,1808,1862,1893,2009,2042,2055,2069,2204,2439,2468,2490,2594,2603,2611,2622,2651,2900,2913,2931,3115,3477,3549,3725,3765,3774,3815,3937,3964,3975,4007,4262,4383,4492,4529,4578,4590,4596,4602,4607,4613,4628,4657,4678,4700,4725,4759,4798,4806,4871,4888,4903,4922,5028,5199,5214,6412,6498,6556,6633,6720,6731,6851,7016,7085,7137,7181,7189,7197,7294,7303,7374,7390,7400,7412,7452,7463,7625,7670,7727,7831,7907,7983,7994,8074,8128,8157,8266,8299,8312,8447,8680,8710,8732,8839,8848,8856,8896,	
tratamiento 118 390 118 142,157,280,290,305,444,540,613,666,671,710,724,752,757,778,1012,1023,1034,1081,1342,1355,1366,1394,1411,1448,1470,1516,1522,1650,1665,1686,1693,1741,1750,1784,1867,1933,1968,1978,2021,2063,2200,2331,2341,2358,2373,2384,2462,2498,2695,2705,3391,3422,3486,3671,3705,3850,3854,4020,4034,4280,4367,4377,4443,4496,4838,4850,4953,5237,5518,5614,6410,6426,6549,6559,6574,6712,6808,6881,6934,6939,6978,6992,7020,7025,7046,7056,7280,7291,7347,7609,7622,7633,7661,7678,7715,7737,7783,7789,7917,7932,7952,7959,8007,8016,8050,8182,8225,8235,8278,8443,8574,8584,8601,8616,8625,8704,8740,	
indicado 8 390 8 139,269,1224,1721,6407,6538,7490,7987,	
está 8 390 8 138,1720,2240,4146,6276,6406,7986,8483,	
MabCampath 139 390 139 137,174,193,260,306,488,534,567,580,615,632,673,726,767,790,811,851,1029,1092,1111,1164,1214,1294,1317,1361,1406,1432,1472,1524,1652,1743,1752,1769,1786,1865,1902,1925,1970,2005,2061,2126,2134,2140,2165,2202,2239,2280,2293,2333,2346,2360,2375,2658,2697,2940,3427,3707,3768,3818,3856,3984,4018,4027,4239,4248,4286,4581,4660,4685,4709,4733,4810,4891,4897,4928,4955,4983,5229,5246,5289,5649,5714,5792,5816,5824,5990,6008,6135,6159,6197,6405,6443,6462,6529,6575,6756,6802,6835,6848,6883,6900,6941,6994,7035,7058,7075,7115,7297,7358,7377,7430,7480,7561,7584,7628,7673,7699,7739,7791,7919,8009,8018,8035,8052,8134,8166,8227,8262,8369,8377,8383,8408,8445,8482,8523,8536,8576,8589,8902,	
terapéuticas 2 390 2 136,6404,	
Indicaciones 2 390 2 135,6403,	
	"4 1 390 1 133,	
pulmonares 1 390 1 3344,	
CLÍNICOS 2 390 2 132,6400,	
DATOS 3 390 3 131,5725,6399,	
4 60 390 60 130,167,272,298,436,524,879,897,939,940,1573,1677,1705,1764,1949,1981,2048,2102,2233,2380,2385,2426,3408,3469,3540,3567,3579,3691,3801,3971,3995,4487,4546,4735,5161,5162,5179,5326,5882,6398,6436,6541,6567,6704,6792,7145,7163,7205,7206,7944,7971,8030,8206,8238,8305,8345,8476,8621,8626,8667,	
eliminación 4 390 4 5299,5389,5953,6207,	
provoca 1 390 1 4127,	
frecuentemente 4 390 4 2034,3781,3793,8291,	
claro 2 390 2 129,6397,	
amarillo 2 390 2 127,6395,	
incoloro 2 390 2 125,6393,	
Concentrado 2 390 2 123,6391,	
FARMACÉUTICA 2 390 2 117,6385,	
respuesta** 1 390 1 4427,	
FORMA 2 390 2 116,6384,	
6 31 390 31 113,206,207,1381,1437,1974,1982,2234,2337,2714,5422,5446,5724,5751,5767,5768,5807,5881,5917,5919,5948,5949,6381,6475,6476,7648,7704,8231,8239,8477,8580,	
sección 9 390 9 112,205,435,5766,5916,6380,6474,7144,8205,	
mostraron 1 390 1 5609,	
ver 3 390 3 110,5915,6379,	
excipientes 3 390 3 109,5731,6378,	
completa 7 390 7 107,481,4341,4419,5125,6376,6749,	
lista 2 390 2 106,6375,	
linfoma 1 390 1 3036,	
consultar 2 390 2 104,5907,	
Para 6 390 6 103,714,5906,6035,6373,6982,	
(incluyendo 2 390 2 3038,3648,	
nutriente 2 390 2 102,6372,	
medio 3 390 3 101,4178,6371,	
chino) 2 390 2 98,6368,	
hámster 2 390 2 97,6367,	
(ovario 2 390 2 95,6365,	
mamíferos 2 390 2 94,6364,	
bullosa 1 390 1 3191,	
células 13 390 13 92,150,1329,1589,4190,4226,4232,5008,5221,6362,6419,7596,7856,	
linfocítica 4 390 4 147,5005,5218,6415,	
suspensión 2 390 2 90,6360,	
cultivo 2 390 2 88,6358,	
produce 2 390 2 85,6355,	
El 14 390 14 82,539,612,1749,3670,4019,4169,4194,5345,5957,6352,6807,6880,8015,	
(CD52) 3 390 3 81,4081,6351,	
kD 3 390 3 80,4073,6350,	
21-28 3 390 3 79,4072,6349,	
Edema 1 390 1 3244,	
diferencias 2 390 2 2079,8322,	
cardíaca 3 390 3 1176,3133,3953,	
linfocitos 14 390 14 77,1308,2267,3698,4080,4089,4132,4155,4176,5543,5556,6347,7575,8510,	
superficie 5 390 5 74,4076,4086,4150,6344,	
preparación 6 390 6 1941,5835,5861,6006,6034,8190,	
glicoproteína 3 390 3 72,4070,6342,	
específico 4 390 4 69,4012,4067,6339,	
genética 3 390 3 68,4066,6338,	
compartimientos 1 390 1 5339,	
ingeniería 3 390 3 67,4065,6337,	
obtenido 3 390 3 65,4063,6335,	
humanizado 3 390 3 64,4062,6334,	
kappa 3 390 3 63,4061,6333,	
IgG1 4 390 4 62,4060,4124,6332,	
monoclonal 5 390 5 61,4051,4059,4114,6331,	
original 1 390 1 5900,	
anticuerpo 8 390 8 60,83,4050,4058,4113,4170,6330,6353,	
Alemtuzumab 6 390 6 57,4055,4100,4126,4220,6327,	
30 26 390 26 53,251,323,341,371,691,2666,2699,5095,5102,5108,5273,5307,5417,5433,5581,5622,6299,6316,6323,6520,6592,6610,6640,6959,8910,	
ampolla 5 390 5 51,5927,5961,5986,6179,	
Cada 2 390 2 50,6320,	
especies 1 390 1 5503,	
alemtuzumab 7 390 7 49,56,903,5483,6319,6326,7169,	
mg 39 390 39 47,54,313,318,324,342,372,387,391,692,704,1254,1263,1508,2667,3982,5096,5103,5109,5269,5274,5308,5418,5434,6317,6324,6582,6587,6593,6611,6641,6656,6660,6960,6972,7520,7529,7775,8911,	
contiene 9 390 9 45,52,5818,5936,5980,5992,6119,6315,6322,	
ml 5 390 5 42,5930,5938,6053,6312,	
	Un 2 390 2 41,6311,	
CUANTITATIVA 2 390 2 40,6310,	
Y 8 390 8 39,2730,2815,3004,3077,3149,3229,6309,	
CUALITATIVA 2 390 2 38,6308,	
COMPOSICIÓN 2 390 2 37,6307,	
2 25 390 25 36,168,222,321,410,1390,1425,1659,1689,2943,4841,4845,5023,5160,5206,5253,5752,6306,6437,6491,6590,7657,7692,7926,7955,	
perfusión 36 390 36 35,122,215,258,265,1004,1162,1212,1274,1280,1298,1430,2895,3279,3286,3381,3412,5250,5790,6010,6023,6064,6073,6133,6305,6390,6484,6527,6534,7272,7428,7478,7541,7547,7565,7697,	
solución 19 390 19 33,120,191,1296,5788,5864,5875,6020,6038,6056,6069,6103,6114,6131,6157,6303,6388,6460,7563,	
concentrado 7 390 7 31,44,5940,5979,6046,6301,6314,	
mg/ml 3 390 3 30,6059,6300,	
10 12 390 12 29,46,317,390,703,3136,5620,6229,6263,6586,6659,6971,	
	MabCampath 2 390 2 28,6298,	
MEDICAMENTO 3 390 3 27,4043,6297,	
(graft 2 390 2 1557,7824,	
DENOMINACIÓN 2 390 2 25,6295,	
1 14 390 14 24,114,134,316,2942,4045,4306,5021,5728,5926,6294,6382,6402,6585,	
PRODUCTO 1 390 1 23,	
DEL 4 390 4 22,26,6268,6296,	
grupo 8 390 8 2037,2717,2989,4318,4475,4808,4895,8294,	
CARACTERÍSTICAS 1 390 1 21,	
LAS 1 390 1 20,	
DE 15 390 15 19,2721,2806,2993,3066,3138,3218,4041,6219,6222,6237,6239,6244,6248,6265,	
RESUMEN 1 390 1 18,	
I 1 390 1 17,	
ANEXO 1 390 1 16,	
tuvo 1 390 1 4957,	
ocasiones 5 390 5 3372,3634,3880,3910,3929,	
información 6 390 6 13,2580,4513,5694,6271,8826,	
Toda 1 390 1 11,	
medicamento 10 390 10 10,15,2475,3494,3546,5566,5755,5913,6275,8717,	
Basica 1 390 1 8,	
	Información 1 390 1 7,	
PERF 1 390 1 6,	
	Concentrado 2 390 2 118,6386,	
SOL 1 390 1 5,	
1ML 1 390 1 4,	
lisis 5 390 5 2768,3091,3917,4129,4173,	
VIALES 1 390 1 3,	
3 44 390 44 2,115,312,327,346,386,898,929,1482,1675,1703,2170,3406,3499,3565,3577,3799,3993,4257,5025,5072,5074,5076,5099,5106,5112,5268,5275,5474,5808,5812,5918,5937,5946,6383,6581,6596,6615,6655,7164,7749,7942,7969,8413,	
19 1 390 1 6227,	
30MG/ML 1 390 1 1,	
MABCAMPATH 1 390 1 0,	
