	Prospectos 1 186 1 4694,	
2006 1 186 1 4693,	
Octubre 1 186 1 4692,	
TEXTO 1 186 1 4691,	
2004 1 186 1 4685,	
septiembre 1 186 1 4684,	
AUTORIZACIÓN/REVALIDACIÓN 1 186 1 4682,	
	9 1 186 1 4677,	
COMERCIALIZACIÓN 1 186 1 4668,	
AUTORIZACIÓN 2 186 2 4666,4674,	
TITULAR 1 186 1 4663,	
especial 1 186 1 4661,	
manipulación 1 186 1 4659,	
Estados 1 186 1 4651,	
comercializarán 1 186 1 4647,	
formatos 1 186 1 4645,	
100x1 1 186 1 4633,	
60x1 1 186 1 4632,	
(10x100) 1 186 1 4626,	
(5x100) 1 186 1 4624,	
(2x100) 1 186 1 4617,	
presión 1 186 1 4608,	
sensible 1 186 1 4605,	
EvaWax 1 186 1 4604,	
adehisivo 1 186 1 4603,	
lado 1 186 1 4601,	
poliestireno 1 186 1 4597,	
espuma 1 186 1 4595,	
COMERCIALIZACION 1 186 1 4676,	
interiormente 1 186 1 4593,	
forrado 1 186 1 4592,	
PP 1 186 1 4591,	
tapón 1 186 1 4589,	
HDPE 1 186 1 4587,	
frascos 1 186 1 4585,	
PVC/Alu 1 186 1 4583,	
recipiente 1 186 1 4580,	
contenido 1 186 1 4578,	
Naturaleza 1 186 1 4576,	
original 1 186 1 4573,	
Conservar 1 186 1 4569,	
cerrado 1 186 1 4564,	
correctamente 1 186 1 4563,	
mantener 1 186 1 4560,	
25ºC 1 186 1 4552,	
temperatura 1 186 1 4549,	
conservación 1 186 1 4545,	
Precauciones 1 186 1 4542,	
producto 1 186 1 4534,	
abierto 1 186 1 4532,	
(HDPE) 3 186 3 4520,4529,4559,	
densidad 3 186 3 4519,4528,4558,	
polietileno 3 186 3 4516,4525,4555,	
Frasco 3 186 3 4514,4523,4553,	
Alu 2 186 2 4511,4568,	
Blister 4 186 4 4508,4565,4581,4609,	
validez 1 186 1 4507,	
Incompatibilidades 1 186 1 4500,	
rojo 1 186 1 4495,	
172) 2 186 2 4491,4497,	
hierro 2 186 2 4488,4494,	
Óxido 2 186 2 4486,4492,	
171) 1 186 1 4485,	
titanio 1 186 1 4483,	
Dióxido 1 186 1 4481,	
Gelatina 1 186 1 4480,	
Composición 1 186 1 4476,	
Almidón 1 186 1 4472,	
Lactosa 1 186 1 4470,	
Contenido 1 186 1 4466,	
Relación 1 186 1 4463,	
	6 1 186 1 4461,	
FARMACEUTICOS 1 186 1 4460,	
1/4 1 186 1 4442,	
administraron 1 186 1 4426,	
postimplantación 1 186 1 4422,	
pérdida 1 186 1 4420,	
hubo 1 186 1 4413,	
asociados 1 186 1 4377,	
postnatal 1 186 1 4365,	
perinatal 1 186 1 4363,	
teratología 2 186 2 4352,4410,	
1500 2 186 2 4346,4432,	
hidronefrosis 1 186 1 4329,	
1/2 1 186 1 4307,	
ningún 1 186 1 4296,	
gestación 1 186 1 4272,	
apareamiento 1 186 1 4265,	
organogénesis 2 186 2 4250,4436,	
gestantes 2 186 2 4247,4300,	
3000 1 186 1 4243,	
administran 1 186 1 4238,	
fetal 2 186 2 4232,4421,	
indicativos 1 186 1 4225,	
roedores 1 186 1 4224,	
inferiores 1 186 1 4222,	
extremidades 1 186 1 4219,	
cráneo 1 186 1 4217,	
mg/m2) 2 186 2 4209,4318,	
pauta 5 186 5 4207,4289,4316,4403,4455,	
ocho 1 186 1 4197,	
(cuatro 1 186 1 4194,	
3600mg 2 186 2 4193,4286,	
respectivamente 2 186 2 4186,4199,	
30 2 186 2 4182,4612,	
conejos 2 186 2 4176,4412,	
control 1 186 1 4168,	
aumentó 1 186 1 4159,	
Gabapetina 1 186 1 4157,	
Teratogénesis 1 186 1 4156,	
corporal) 1 186 1 4155,	
superficie 1 186 1 4154,	
mg/m2 4 186 4 4152,4291,4405,4457,	
Envases 1 186 1 4621,	
considerando 1 186 1 4151,	
reproducción 2 186 2 4132,4343,	
médula 1 186 1 4115,	
formación 1 186 1 4110,	
mamífero 1 186 1 4099,	
aberraciones 1 186 1 4094,	
bacterias 1 186 1 4089,	
mamíferos 1 186 1 4087,	
cinco 1 186 1 4195,	
utilizando 1 186 1 4084,	
estándar 1 186 1 4083,	
mutagénico 1 186 1 4078,	
genotóxico 1 186 1 4075,	
carcinogénico 1 186 1 4066,	
concurrentes 1 186 1 4045,	
controles 1 186 1 4044,	
adyacentes 1 186 1 4035,	
invadieron 1 186 1 4032,	
metastatizaron 1 186 1 4030,	
supervivencia 1 186 1 4025,	
afectaron 1 186 1 4022,	
grado 1 186 1 4020,	
macho 3 186 3 3971,4015,4060,	
células 5 186 5 3964,4010,4054,4085,4097,	
tumores 4 186 4 3961,4008,4017,4052,	
1000 5 186 5 3947,4241,4255,4356,4625,	
250 3 186 3 3946,4618,4639,	
dieta 1 186 1 3929,	
Durante 1 186 1 3921,	
preclínicos 1 186 1 3917,	
Datos 1 186 1 3916,	
única 1 186 1 3913,	
lineal 1 186 1 3896,	
bienn 1 186 1 3892,	
T1/2) 1 186 1 3890,	
CLr 1 186 1 3888,	
Estos 1 186 1 4233,	
F 1 186 1 3886,	
CL/F 1 186 1 3875,	
osificación 1 186 1 4215,	
incluye 1 186 1 3866,	
no-linealidad 1 186 1 3857,	
confiere 1 186 1 3856,	
disminuye 1 186 1 3849,	
Linealidad/No-linealidad 1 186 1 3840,	
(aproximadamente 2 186 2 4141,4306,	
posología 1 186 1 3838,	
les 3 186 3 3830,4003,4425,	
Estas 3 186 3 4273,4384,4437,	
similares 2 186 2 3822,4038,	
mes 1 186 1 3801,	
determinó 1 186 1 3791,	
plasma 1 186 1 3758,	
proporcionales 1 186 1 3749,	
directamente 1 186 1 3748,	
velocidad 1 186 1 3735,	
constante 1 186 1 3733,	
plasmático 2 186 2 3729,3742,	
aclaración 2 186 2 3728,3741,	
independiente 1 186 1 3698,	
semivida 1 186 1 3691,	
únicamente 1 186 1 3686,	
elimina 2 186 2 3684,3756,	
Eliminación 1 186 1 3681,	
mixta 1 186 1 3674,	
oxidativas 1 186 1 3671,	
hepáticas 1 186 1 3670,	
enzimas 1 186 1 3669,	
induce 1 186 1 3667,	
hombre 1 186 1 3664,	
hay 1 186 1 3656,	
Metabolismo 1 186 1 3654,	
20% 1 186 1 3634,	
(LCR) 1 186 1 3629,	
cefalorraquídeo 1 186 1 3628,	
litros 1 186 1 3617,	
distribución 1 186 1 3613,	
volumen 1 186 1 3611,	
Distribución 1 186 1 3600,	
disponible 1 186 1 3599,	
inalterada 2 186 2 3586,3685,	
Porcentaje 1 186 1 3582,	
post-administración 2 186 2 3579,3595,	
curva 1 186 1 3561,	
Área 1 186 1 3558,	
AUC(0-8) 1 186 1 3556,	
Semivida 1 186 1 3553,	
Tiempo 1 186 1 3546,	
plasmática 1 186 1 3538,	
Concentración 1 186 1 3537,	
(37) 1 186 1 3534,	
(25) 1 186 1 3531,	
47 1 186 1 3529,	
Ae% 3 186 3 3525,3580,3874,	
g·hr/ml) 1 186 1 3524,	
(27) 1 186 1 3523,	
51 1 186 1 3521,	
(34) 1 186 1 3520,	
34 2 186 2 3518,3532,	
(24) 1 186 1 3517,	
(0-8) 1 186 1 3514,	
(41) 1 186 1 3512,	
(89) 1 186 1 3509,	
(12) 1 186 1 3506,	
(76) 1 186 1 3501,	
(54) 1 186 1 3498,	
(18) 1 186 1 3495,	
(hr) 2 186 2 3492,3503,	
tmax 2 186 2 3491,3544,	
(g/ml) 1 186 1 3490,	
Cmax 3 186 3 3489,3535,3550,	
(N=14) 1 186 1 3482,	
14) 1 186 1 3481,	
7) 1 186 1 3478,	
= 8 186 8 3477,3480,3536,3545,3552,3557,3581,3597,	
(N 2 186 2 3476,3479,	
farmacocinético 1 186 1 3475,	
Parámetro 1 186 1 3468,	
(%CV) 1 186 1 3457,	
medios 1 186 1 3456,	
Resumen 1 186 1 3451,	
parámetros 3 186 3 3447,3454,3860,	
facilitan 1 186 1 3445,	
predictivas 1 186 1 3434,	
20 2 186 2 3424,4611,	
µg/ml 2 186 2 3422,3425,	
repetida 1 186 1 3410,	
afectada 1 186 1 3406,	
grasas 1 186 1 3387,	
régimen 1 186 1 3384,	
60% 1 186 1 3379,	
aproximadamente 4 186 4 3377,3632,4388,4440,	
incrementa 1 186 1 3363,	
disminuir 1 186 1 3360,	
tiende 1 186 1 3358,	
absorbida) 2 186 2 3355,3846,	
observaron 2 186 2 3343,4125,	
máximas 2 186 2 3339,3981,	
Absorción 1 186 1 3331,	
fases 1 186 1 3323,	
momento 1 186 1 3318,	
28 2 186 2 3313,4683,	
evaluación 1 186 1 3311,	
disponibles 1 186 1 3308,	
diarias 1 186 1 3307,	
tenían 1 186 1 3304,	
además 1 186 1 3303,	
aleatorizados 1 186 1 3295,	
intención 1 186 1 3286,	
modificada 1 186 1 3284,	
5144 1 186 1 3280,	
8%) 1 186 1 3278,	
(20 1 186 1 3277,	
20/96 1 186 1 3276,	
2%) 1 186 1 3275,	
(17 1 186 1 3274,	
17/99 1 186 1 3273,	
7362 1 186 1 3268,	
5%) 1 186 1 3266,	
(23 1 186 1 3265,	
4/17 1 186 1 3264,	
0%) 1 186 1 3263,	
(19 1 186 1 3262,	
4/21 1 186 1 3261,	
P 1 186 1 3257,	
Valor 1 186 1 3255,	
Placebo 1 186 1 3253,	
Categoría 1 186 1 3250,	
MITT* 1 186 1 3245,	
población 2 186 2 3244,3283,	
50%) 1 186 1 3241,	
(Mejoría 1 186 1 3240,	
Respuesta 1 186 1 3239,	
tabla 1 186 1 3238,	
resumen 1 186 1 3234,	
procedentes 1 186 1 3227,	
6-12 1 186 1 3223,	
3-5 1 186 1 3220,	
FECHA 2 186 2 4678,4687,	
(grupos 1 186 1 3216,	
dicotómica 1 186 1 3215,	
continua 1 186 1 3213,	
responda 1 186 1 3209,	
revelaron 1 186 1 3198,	
tasas 1 186 1 3192,	
post-hoc 2 186 2 3189,3232,	
adicionales 2 186 2 3188,3231,	
Análisis 1 186 1 3187,	
placebo 1 186 1 3186,	
comparación 2 186 2 3184,4165,	
favor 1 186 1 3178,	
respondedores 2 186 2 3176,3194,	
50% 1 186 1 3172,	
significativa 1 186 1 3169,	
estadísticamente 3 186 3 3168,3204,3955,	
numérica 1 186 1 3165,	
demostró 1 186 1 3162,	
comprendidas 2 186 2 3154,3798,	
edades 3 186 3 3153,3218,3797,	
llevado 1 186 1 3147,	
Un 1 186 1 3135,	
modelos 1 186 1 3131,	
síntesis 1 186 1 3126,	
químicos 1 186 1 3120,	
convulsivantes 1 186 1 3119,	
electroshock 1 186 1 3115,	
impide 1 186 1 3111,	
accede 1 186 1 3106,	
diversas 1 186 1 3092,	
importancia 2 186 2 3089,4370,	
establecido 1 186 1 3087,	
cerebro 2 186 2 3083,3109,	
sódico 1 186 1 3077,	
áreas 1 186 1 3070,	
recambio 1 186 1 3065,	
aumenta 2 186 2 3063,3851,	
(E 3 186 3 4484,4490,4496,	
monoamino 1 186 1 3053,	
ligeramente 1 186 1 3048,	
vivo 2 186 2 3045,4105,	
alcanzan 1 186 1 3043,	
µM 1 186 1 3039,	
ensayo 1 186 1 3029,	
sistemas 1 186 1 3027,	
N-metil-Daspartato 1 186 1 3023,	
agonista 1 186 1 3020,	
parcialmente 1 186 1 3016,	
difiere 1 186 1 3008,	
consecuencia 1 186 1 3007,	
sodio 1 186 1 3002,	
interacciona 1 186 1 2997,	
aspartato 1 186 1 2994,	
N-metil-d- 1 186 1 2993,	
glicina 1 186 1 2991,	
GABAB 1 186 1 2988,	
A 1 186 1 2987,	
neurotransmisores 2 186 2 2980,3054,	
habituales 1 186 1 2973,	
receptores 3 186 3 2969,2977,2984,	
une 2 186 2 2966,3604,	
sitio 1 186 1 2955,	
identificada 1 186 1 2952,	
hidrouréter 1 186 1 4327,	
voltaje 1 186 1 2949,	
dependientes 1 186 1 2947,	
calcio 1 186 1 2946,	
canales 2 186 2 2944,3000,	
subunidad 1 186 1 2940,	
derivados 1 186 1 2937,	
analgésica 1 186 1 2931,	
anticonvulsivante 1 186 1 2929,	
actividad 1 186 1 2928,	
hipocampo 1 186 1 2921,	
rata 1 186 1 2915,	
cerebrales 3 186 3 2913,2981,3071,	
Carcinogénesis 1 186 1 3920,	
tejidos 2 186 2 2912,4034,	
péptidos 1 186 1 2909,	
unión 2 186 2 2907,2957,	
nuevo 1 186 1 2904,	
caracterizado 1 186 1 2902,	
radiomarcada 1 186 1 2900,	
vitro 6 186 6 2896,3004,3031,3056,4080,4102,	
in 8 186 8 2895,3003,3030,3044,3055,4079,4101,4104,	
profármacos 1 186 1 2890,	
micronúcleos 1 186 1 4112,	
agonistas 1 186 1 2886,	
recaptación 1 186 1 2883,	
transaminasa 1 186 1 2879,	
inhibidores 3 186 3 2875,2880,3123,	
barbituratos 1 186 1 2873,	
valproato 2 186 2 2872,3076,	
sinapsis 1 186 1 2867,	
interaccionan 1 186 1 2864,	
activos 1 186 1 2862,	
principios 1 186 1 2861,	
gammaaminobutírico) 1 186 1 2850,	
(ácido 1 186 1 2849,	
GABA 9 186 9 2848,2869,2878,2885,2888,2892,2986,3067,3128,	
neurotransmisor 1 186 1 2847,	
relacionada 1 186 1 2844,	
estructuralmente 1 186 1 2843,	
conoce 2 186 2 2840,4368,	
vértebras 1 186 1 4218,	
exacto 1 186 1 2835,	
acción 2 186 2 2834,2855,	
mecanismo 2 186 2 2832,2853,	
N03AX12 1 186 1 2830,	
ATC 1 186 1 2829,	
Código 1 186 1 2828,	
Otros 1 186 1 2826,	
farmacoterapéutico 1 186 1 2825,	
Grupo 1 186 1 2824,	
farmacodinámicas 1 186 1 2823,	
conservar 1 186 1 4547,	
Propiedades 2 186 2 2822,3329,	
	5 1 186 1 2820,	
FARMACOLOGICAS 1 186 1 2819,	
PROPIEDADES 1 186 1 2818,	
hipoactividad 1 186 1 2814,	
respirar 1 186 1 2812,	
mg/kg 4 186 4 2800,3839,4140,4258,	
8000 1 186 1 2799,	
recibieron 1 186 1 2795,	
ratones 5 186 5 2791,3931,4173,4246,4299,	
letal 1 186 1 2787,	
identificado 1 186 1 2783,	
primera 1 186 1 4536,	
grave 1 186 1 2770,	
obstante 1 186 1 2765,	
benzodiazepinas 2 186 2 2874,2989,	
previa 1 186 1 2758,	
experiencia 1 186 1 2757,	
acuerdo 2 186 2 2754,3835,	
eliminarse 1 186 1 2750,	
minimizar 1 186 1 2742,	
sobredosificación 1 186 1 2738,	
fármaco 2 186 2 2734,3983,	
limitar 1 186 1 2730,	
soporte 1 186 1 2719,	
totalmente 1 186 1 2715,	
recuperaron 1 186 1 2714,	
Todos 1 186 1 2710,	
letargia 1 186 1 2706,	
hablar 1 186 1 2704,	
dificultad 2 186 2 2702,2810,	
visión 1 186 1 2700,	
incluyen 3 186 3 2698,2808,3885,	
vida 1 186 1 2693,	
pudiera 1 186 1 2688,	
g 1 186 1 2679,	
49 1 186 1 2678,	
sobredosis 3 186 3 2673,2697,2746,	
Con 1 186 1 2672,	
Sobredosis 1 186 1 2671,	
9 1 186 1 2670,	
agresivo 1 186 1 2666,	
comportamiento 1 186 1 2665,	
estructurales 1 186 1 2938,	
sólo 1 186 1 2645,	
otitis 1 186 1 2640,	
respiratorio 1 186 1 2639,	
4) 1 186 1 2635,	
clara 1 186 1 2631,	
500 4 186 4 4254,4304,4355,4623,	
eliminada 1 186 1 3585,	
causalidad 1 186 1 2626,	
casos 1 186 1 2614,	
%CV 3 186 3 3484,3486,3488,	
notificado 3 186 3 2613,2648,2663,	
abrasión 1 186 1 2610,	
fractura 1 186 1 2609,	
accidentales 1 186 1 2608,	
traumáticas 1 186 1 2603,	
Lesiones 2 186 2 2602,2607,	
diabetes 1 186 1 2600,	
glucemia 1 186 1 2596,	
leucocitario 1 186 1 2588,	
recuento 1 186 1 2587,	
Disminución 1 186 1 2585,	
REVISIÓN 1 186 1 4689,	
complementarias 1 186 1 2583,	
Exploraciones 1 186 1 2582,	
ansiedad 1 186 1 2581,	
(principalmente 1 186 1 2580,	
síndrome 1 186 1 2577,	
glutamato 2 186 2 2990,3022,	
anormal 1 186 1 2571,	
T1/2 2 186 2 3502,3551,	
marcha 1 186 1 2570,	
generalizado 1 186 1 2569,	
ó 3 186 3 2568,4242,4256,	
fiebre 1 186 1 2564,	
lugar 2 186 2 2558,2905,	
generales 1 186 1 2553,	
Impotencia 1 186 1 2551,	
mama 1 186 1 2549,	
reproductor 1 186 1 2545,	
aparato 1 186 1 2544,	
agudo 1 186 1 2541,	
Fallo 1 186 1 2539,	
Incontinencia 1 186 1 2537,	
incidencia 4 186 4 3959,4161,4325,4418,	
Poco 1 186 1 2535,	
urinarios 1 186 1 2534,	
renales 1 186 1 2532,	
espasmos 1 186 1 2530,	
espalda 1 186 1 2529,	
Artralgia 1 186 1 2525,	
musculoesqueléticos 1 186 1 2519,	
alopecia 1 186 1 2517,	
multiforme 1 186 1 2516,	
eritema 1 186 1 2515,	
Stevens-Johnson 1 186 1 2513,	
Síndrome 1 186 1 2511,	
contusiones 1 186 1 2509,	
menudo 1 186 1 2507,	
descrita 2 186 2 2504,3893,	
facial 1 186 1 2502,	
Edema 2 186 2 2501,2566,	
subcutáneo 1 186 1 2499,	
tejido 2 186 2 2498,2522,	
piel 1 186 1 2495,	
ictericia 1 186 1 2491,	
Hepatitis 1 186 1 2490,	
hepatobiliares 1 186 1 2488,	
diarrea 2 186 2 2483,2708,	
gingivitis 1 186 1 2482,	
dentales 1 186 1 2481,	
nauseas 1 186 1 2479,	
Vómitos 1 186 1 2478,	
gastrointestinales 1 186 1 2476,	
(fracción 2 186 2 3352,3843,	
rinitis 1 186 1 2474,	
tos 1 186 1 2473,	
faringitis 1 186 1 2472,	
Disnea 1 186 1 2470,	
torácicos 1 186 1 2466,	
respiratorios 1 186 1 2465,	
vasodilatación 1 186 1 2463,	
Hipertensión 1 186 1 2462,	
vasculares 1 186 1 2460,	
Raros 1 186 1 2457,	
Tinnitus 1 186 1 2454,	
Vértigo 1 186 1 2452,	
angioedema 1 186 1 2514,	
oído 1 186 1 2447,	
diplopía 1 186 1 2444,	
ambliopía 1 186 1 2443,	
visuales 1 186 1 2440,	
Talco 1 186 1 4475,	
Alteraciones 2 186 2 2439,4119,	
oculares 1 186 1 2437,	
coreoatetosis 1 186 1 2435,	
movimiento 1 186 1 2432,	
parámetro 1 186 1 3868,	
insomnio 1 186 1 2428,	
temblor 1 186 1 2427,	
amnesia 1 186 1 2426,	
disartria 1 186 1 2425,	
variable 1 186 1 3212,	
hipercinesia 2 186 2 2424,2668,	
Convulsiones 1 186 1 2423,	
ataxia 2 186 2 2421,2809,	
mareos 1 186 1 2420,	
Somnolencia 1 186 1 2419,	
Alucinaciones 1 186 1 2412,	
presente 1 186 1 3645,	
emocional 1 186 1 2409,	
observados 1 186 1 4041,	
2000 7 186 7 3938,3949,3989,4139,4257,4335,4358,	
inestabilidad 1 186 1 2408,	
confusión 1 186 1 2406,	
Hostilidad 1 186 1 2405,	
psiquiátricos 1 186 1 2403,	
medicación 1 186 1 3299,	
apetito 1 186 1 2401,	
Anorexia 1 186 1 2398,	
relación 2 186 2 2624,3097,	
nutrición 1 186 1 2396,	
metabolismo 3 186 3 2392,3659,3677,	
urticaria) 1 186 1 2389,	
alérgicas 1 186 1 2386,	
inmunológico 1 186 1 2383,	
Trombocitopenia 1 186 1 2379,	
Raras 11 186 11 2378,2384,2411,2429,2453,2485,2489,2510,2538,2574,2592,	
Leucopenia 1 186 1 2377,	
linfático 1 186 1 2375,	
sangre 1 186 1 2371,	
Trastornos 18 186 18 2368,2380,2390,2402,2413,2430,2436,2445,2455,2459,2464,2475,2487,2492,2518,2531,2542,2552,	
urinario 1 186 1 2367,	
respiratoria 1 186 1 2363,	
infección 2 186 2 2362,2364,	
Neumonía 1 186 1 2361,	
Frecuentes 16 186 16 2360,2376,2397,2404,2422,2438,2451,2461,2469,2477,2500,2524,2550,2565,2584,2606,	
viral 1 186 1 2359,	
Infección 1 186 1 2358,	
Muy 3 186 3 2356,2417,2561,	
e 6 186 6 2354,2407,2604,2667,3110,4221,	
Infecciones 2 186 2 2353,2636,	
decreciente 1 186 1 2346,	
orden 1 186 1 2345,	
presentan 2 186 2 2343,3389,	
alta 6 186 6 2338,2728,3977,4518,4527,4557,	
recubierta 1 186 1 4598,	
asignó 1 186 1 2334,	
le 1 186 1 2333,	
distintas 2 186 2 2331,3080,	
observó 4 186 4 2328,3952,4295,4320,	
adversa 1 186 1 2326,	
000) 1 186 1 2318,	
bronquitis 2 186 2 2471,2644,	
<1/1 1 186 1 2317,	
24 1 186 1 3515,	
000; 1 186 1 2316,	
(>1/10 1 186 1 2315,	
raras 1 186 1 2314,	
<1/100) 1 186 1 2312,	
000 1 186 1 2311,	
(%) 1 186 1 3526,	
(>1/1 1 186 1 2310,	
<1/10) 1 186 1 2307,	
responsables 1 186 1 3675,	
(>1/100 1 186 1 2306,	
(>1/10) 1 186 1 2304,	
[muy 1 186 1 2302,	
ordenadas 1 186 1 2297,	
siguiente 2 186 2 2296,3237,	
adjuntan 1 186 1 2292,	
monoterapia) 1 186 1 2287,	
llevados 1 186 1 2278,	
observadas 1 186 1 2273,	
Reacciones 3 186 3 2268,2385,2575,	
8 8 186 8 2267,3466,3508,3516,3577,3593,4444,4670,	
aumentar 1 186 1 2263,	
comienzo 1 186 1 2257,	
especialmente 1 186 1 2255,	
Esto 1 186 1 2253,	
maquinaria 1 186 1 2252,	
manejen 1 186 1 2251,	
conduzcan 1 186 1 2249,	
cabo 2 186 2 2280,3149,	
peligrosas 1 186 1 2244,	
potencialmente 1 186 1 2243,	
moderadas 1 186 1 2237,	
leves 1 186 1 2235,	
crecimiento 1 186 1 4231,	
síntomas 2 186 2 2231,2695,	
u 2 186 2 2229,4196,	
mareo 2 186 2 2228,2699,	
Miembros 1 186 1 4652,	
causar 1 186 1 2226,	
central 1 186 1 2223,	
nervioso 2 186 2 2222,2416,	
sistema 5 186 5 2221,2299,2374,2382,2415,	
actúa 1 186 1 2218,	
reducida 2 186 2 2214,2721,	
influencia 1 186 1 2201,	
máquinas 2 186 2 2199,2211,	
vehículos 1 186 1 2196,	
conducir 2 186 2 2195,2208,	
capacidad 2 186 2 2193,2206,	
Efectos 1 186 1 2190,	
superan 1 186 1 2184,	
utilizará 1 186 1 2177,	
administre 1 186 1 2169,	
prestarse 1 186 1 2165,	
lactantes 4 186 4 2163,2173,2180,3653,	
desconocer 1 186 1 2157,	
leche 2 186 2 2154,3648,	
excreta 1 186 1 2151,	
notificaron 1 186 1 2148,	
asociada 1 186 1 2113,	
concluir 1 186 1 2109,	
feto 1 186 1 2105,	
potencial 2 186 2 2102,4074,	
superior 2 186 2 2099,4550,	
claramente 2 186 2 2098,2185,	
beneficio 1 186 1 2093,	
excepto 1 186 1 2090,	
embarazo 2 186 2 2089,2127,	
debería 1 186 1 2085,	
humanos 10 186 10 2082,4000,4069,4150,4191,4204,4284,4313,4397,4449,	
seres 2 186 2 2081,4068,	
desconoce 2 186 2 2077,4047,	
utilizarse 1 186 1 2086,	
3) 1 186 1 2075,	
reproductiva 1 186 1 2071,	
toxicidad 4 186 4 2070,2685,2744,2804,	
mostrado 1 186 1 2069,	
animales 4 186 4 2067,2807,3104,4028,	
embarazadas 1 186 1 2063,	
utilización 1 186 1 2058,	
suficientes 1 186 1 2055,	
Ninguna 1 186 1 4660,	
datos 3 186 3 2054,3226,3910,	
existen 1 186 1 2053,	
materna 3 186 3 2043,2155,3649,	
sociales 1 186 1 2039,	
genéticos 2 186 2 2038,3132,	
causado 1 186 1 2035,	
embarazos 1 186 1 2145,	
diferenciar 1 186 1 2026,	
retraso 5 186 5 2013,2029,4212,4228,4380,	
Raramente 1 186 1 2009,	
hijo 1 186 1 2008,	
madre 2 186 2 2004,2096,	
consecuencias 1 186 1 2000,	
graves 1 186 1 1999,	
llevar 1 186 1 1991,	
repentinamente 1 186 1 1983,	
embarazada 1 186 1 1978,	
quedarse 1 186 1 1977,	
planea 1 186 1 1976,	
mujer 1 186 1 1975,	
revisar 1 186 1 1967,	
fértil 1 186 1 1965,	
probablemente 1 186 1 1959,	
estén 1 186 1 1958,	
mujeres 2 186 2 1956,2062,	
específico 1 186 1 1953,	
consejo 1 186 1 1952,	
dar 1 186 1 1951,	
posible 3 186 3 1947,2025,2159,	
* 1 186 1 3281,	
sea 1 186 1 1946,	
trate 1 186 1 1941,	
importante 2 186 2 1938,1995,	
NUMERO 1 186 1 4671,	
mayor 1 186 1 1927,	
asociarse 1 186 1 1924,	
múltiple 1 186 1 1919,	
Una 1 186 1 1917,	
fácilmente 1 186 1 3107,	
tubo 1 186 1 1915,	
anomalías 2 186 2 1913,2480,	
cardiovasculares 1 186 1 1911,	
malformaciones 4 186 4 1910,1930,2120,4163,	
leporino 1 186 1 1909,	
labio 1 186 1 1908,	
eliminación 4 186 4 3555,3693,3737,3880,	
frecuentemente 2 186 2 1905,2664,	
tratadas 3 186 3 1897,3972,3987,	
madres 5 186 5 1896,2020,2172,2179,3652,	
aumentado 1 186 1 1888,	
ósea 1 186 1 4116,	
ve 2 186 2 1887,3405,	
defectos 1 186 1 1882,	
padecer 1 186 1 1881,	
riesgo 6 186 6 1879,1928,2079,2101,2118,4065,	
asociado 2 186 2 1867,2049,	
factores 1 186 1 2037,	
Riesgo 2 186 2 1866,2048,	
lactancia 1 186 1 1865,	
Embarazo 1 186 1 1863,	
relevancia 2 186 2 1859,4049,	
espera 1 186 1 1856,	
hecho 1 186 1 1851,	
cimetidina 1 186 1 1850,	
aparecen 2 186 2 1906,4235,	
administra 4 186 4 1847,2124,3831,4004,	
clínicamente 1 186 1 3392,	
ligera 1 186 1 1837,	
probenecid 1 186 1 1832,	
altera 1 186 1 1827,	
excreción 3 186 3 1821,1841,3688,	
24% 1 186 1 1807,	
aluminio 1 186 1 1797,	
componentes 1 186 1 1788,	
moderada 1 186 1 2216,	
influye 1 186 1 1779,	
estradiol 1 186 1 1777,	
etinil 1 186 1 1776,	
noretindrona 1 186 1 1774,	
contengan 2 186 2 1773,1796,	
orales 1 186 1 1771,	
anticonceptivos 1 186 1 1770,	
coadministración 2 186 2 1766,1790,	
mueve 1 186 1 3704,	
observada 1 186 1 1756,	
sujetos 3 186 3 1752,3151,3794,	
similar 2 186 2 1750,3074,	
estacionario 7 186 7 1748,1785,3461,3543,3569,3642,3903,	
farmacocinética 7 186 7 1743,1782,3396,3400,3785,3878,3895,	
reduce 4 186 4 1800,3015,3047,3726,	
carbamazepina 2 186 2 1741,3012,	
valproico 1 186 1 1739,	
ácido 1 186 1 1738,	
fenitoína 2 186 2 1737,3010,	
fenobarbital 1 186 1 1736,	
reducirse 1 186 1 1720,	
SNC 1 186 1 1716,	
signos 2 186 2 1712,2802,	
detectar 1 186 1 1711,	
controlados 1 186 1 1709,	
cuidadosamente 1 186 1 1708,	
pancreáticas 3 186 3 3966,4012,4056,	
comparado 1 186 1 1694,	
AUC 2 186 2 1691,3513,	
adversos 1 186 1 4127,	
media 2 186 2 1689,2641,	
44% 1 186 1 1686,	
mediastínicos 1 186 1 2468,	
observándose 1 186 1 1681,	
Mutagénesis 1 186 1 4070,	
600 2 186 2 1677,3936,	
controlada 1 186 1 1668,	
liberación 2 186 2 1667,3050,	
laberinto 1 186 1 2450,	
60 2 186 2 1664,4429,	
Fluctuaciones 1 186 1 2593,	
morfina 3 186 3 1662,1701,1727,	
administró 2 186 2 1658,3925,	
sanos 3 186 3 1655,1753,3795,	
voluntarios 1 186 1 1654,	
interacción 2 186 2 1649,1732,	
formas 1 186 1 1647,	
Interacción 1 186 1 1640,	
glucosa-galactosa 1 186 1 1632,	
Frascos 1 186 1 4636,	
absorción 3 186 3 1630,2722,2732,	
mala 1 186 1 1629,	
problemas 1 186 1 1627,	
poner 1 186 1 2689,	
Lapp 1 186 1 1625,	
lactasa 1 186 1 1623,	
galactosa 1 186 1 1620,	
tracto 2 186 2 2366,2638,	
intolerancia 1 186 1 1617,	
alternativos 1 186 1 1610,	
colorantes 1 186 1 1604,	
fijación 1 186 1 1602,	
(NMDA) 1 186 1 3024,	
turbidimétrico 1 186 1 1597,	
Biuret 1 186 1 1596,	
método 1 186 1 1595,	
analítico 1 186 1 1590,	
basados 1 186 1 1586,	
métodos 3 186 3 1585,1600,1609,	
positivo 1 186 1 1580,	
resultado 1 186 1 1579,	
verificar 1 186 1 1577,	
reactivas 1 186 1 1571,	
tiras 2 186 2 1570,1583,	
tratar 1 186 1 3288,	
análisis 2 186 2 1568,3230,	
orina 2 186 2 1565,3588,	
totales 1 186 1 1563,	
generalmente 1 186 1 3418,	
magnesio 1 186 1 1799,	
proteínas 2 186 2 1562,3606,	
semi-cuantitativa 1 186 1 1559,	
determinación 1 186 1 1558,	
positivos 1 186 1 1555,	
falsos 1 186 1 1554,	
lecturas 1 186 1 1552,	
obtener 1 186 1 1551,	
laboratorio 1 186 1 1548,	
Pruebas 1 186 1 1546,	
potenciales 1 186 1 1542,	
riesgos 2 186 2 1541,2187,	
frente 2 186 2 1538,3570,	
ratas 11 186 11 2793,3062,3942,3970,3986,4014,4059,4134,4174,4260,4331,	
sopesarse 1 186 1 1537,	
prolongada 1 186 1 1535,	
adecuadamente 2 186 2 1526,1721,	
desarrollo 4 186 4 1517,2016,2032,4383,	
inteligencia 1 186 1 1514,	
aprendizaje 1 186 1 1512,	
semanas) 1 186 1 1509,	
neocortex 1 186 1 2918,	
36 1 186 1 1508,	
(más 1 186 1 1506,	
efectos 4 186 4 1497,3100,4126,4234,	
observado 5 186 5 1490,1731,1835,2012,2683,	
diferente 3 186 3 1488,1591,2857,	
adversas 5 186 5 1487,2240,2269,2272,2341,	
leve 1 186 1 2709,	
reacciones 4 186 4 1486,2239,2271,2340,	
perfil 1 186 1 1484,	
haya 1 186 1 1482,	
grupo 3 186 3 1476,3180,3297,	
clínicas 1 186 1 1473,	
investigaciones 1 186 1 1472,	
hallazgos 2 186 2 1470,4373,	
Aparte 1 186 1 1467,	
jóvenes 2 186 2 1466,1495,	
partir 2 186 2 1456,3907,	
alto 2 186 2 1452,3385,	
envase 2 186 2 4562,4572,	
porcentaje 1 186 1 1449,	
enema 1 186 1 1443,	
apareció 1 186 1 1441,	
ciego 2 186 2 1435,3326,	
sistemáticos 1 186 1 1419,	
realizado 1 186 1 1417,	
doble 3 186 3 1434,2701,3325,	
incluyendo 6 186 6 1412,2870,2916,2982,3121,3382,	
mixtas 1 186 1 1411,	
precaución 1 186 1 1406,	
usarse 1 186 1 1404,	
tipo 1 186 1 1393,	
agravar 1 186 1 1391,	
pudiendo 1 186 1 1390,	
primarias 1 186 1 1385,	
PRIMERA 1 186 1 4681,	
generalizadas 1 186 1 1384,	
considera 1 186 1 1376,	
éxito 1 186 1 1371,	
índice 2 186 2 1369,3174,	
antiepiléptico 5 186 5 1360,1901,1972,1986,2047,	
refractarios 1 186 1 1353,	
concomitantes 2 186 2 1350,2142,	
retirar 1 186 1 1346,	
intentos 1 186 1 1344,	
mialgia 1 186 1 2526,	
ocurre 2 186 2 1339,2254,	
tipos 1 186 1 1333,	
nuevos 1 186 1 1332,	
aparición 1 186 1 1330,	
acinares 3 186 3 3965,4011,4055,	
frecuencia 4 186 4 1324,2301,2336,2352,	
frecuencias 1 186 1 2330,	
aumento 9 186 9 1321,1683,2116,2399,2589,2601,3954,4322,4415,	
experimentar 1 186 1 1319,	
medicamentos 7 186 7 1311,1348,1644,1874,1921,2140,4696,	
igual 2 186 2 1306,1337,	
Al 3 186 3 1305,1336,2156,	
epiléptico 1 186 1 1300,	
estatus 1 186 1 1299,	
precipitar 1 186 1 1297,	
epilépticos 1 186 1 1295,	
anticonvulsivantes 2 186 2 1292,3101,	
fármacos 4 186 4 1291,1763,2972,3680,	
brusca 1 186 1 1288,	
rebote 1 186 1 1283,	
fertilidad 3 186 3 4122,4130,4341,	
evidencia 2 186 2 1279,3657,	
existe 1 186 1 1278,	
Aunque 3 186 3 1276,2747,3411,	
8) 1 186 1 1275,	
interrupción 1 186 1 1269,	
considerarse 1 186 1 1267,	
estuvieron 1 186 1 3417,	
aguda 4 186 4 1265,2617,2686,2805,	
Media 3 186 3 3483,3485,3487,	
pancreatitis 2 186 2 1264,2616,	
desarrolla 1 186 1 1263,	
tratado 1 186 1 1260,	
Si 1 186 1 1257,	
especiales 2 186 2 1254,4543,	
precauciones 1 186 1 1253,	
Advertencias 1 186 1 1251,	
activo 1 186 1 1242,	
principio 2 186 2 1241,1589,	
Contraindicaciones 1 186 1 1238,	
Adicionalmente 1 186 1 1214,	
dadas 1 186 1 1209,	
basarse 1 186 1 1203,	
mantenimiento 2 186 2 1199,1219,	
tratarse 1 186 1 1181,	
dializa 1 186 1 1178,	
después 4 186 4 1164,1229,1814,2261,	
200 4 186 4 1160,1225,3935,4616,	
seguida 1 186 1 1154,	
carga 1 186 1 1148,	
definió 1 186 1 3290,	
tratados 2 186 2 1140,1315,	
infestaciones 1 186 1 2355,	
anuria 1 186 1 1132,	
PVC/ 2 186 2 4510,4567,	
reciben 2 186 2 1113,1762,	
mitad 1 186 1 1107,	
recibir 1 186 1 1105,	
deben 4 186 4 1104,1536,1634,1706,	
7 6 186 6 1101,2189,3494,3616,3711,4662,	
proporción 1 186 1 1087,	
reducir 1 186 1 1082,	
ml/min 2 186 2 1078,1103,	
diferencia 1 186 1 3164,	
aclaramiento 6 186 6 1073,1089,1097,1118,3745,3751,	
Deben 1 186 1 1061,	
ml/min) 2 186 2 1059,1121,	
Hipersensibilidad 1 186 1 1239,	
79 1 186 1 1058,	
(parámetros 1 186 1 3881,	
depresión 2 186 2 1714,2410,	
< 3 186 3 1057,1076,3258,	
(aclaramiento 1 186 1 1054,	
cardíacos 1 186 1 2456,	
presencia 1 186 1 2138,	
alteración 3 186 3 1052,2769,3720,	
son 11 186 11 1048,1907,3433,3630,3747,3821,3904,3991,4275,4386,4439,	
reducidas 1 186 1 1047,	
administrarse 2 186 2 1038,1062,	
<15 1 186 1 1031,	
c 2 186 2 1030,1068,	
15-29 1 186 1 1029,	
300-900 1 186 1 1028,	
30-49 1 186 1 1027,	
600-1800 1 186 1 1026,	
50-79 1 186 1 1025,	
80 1 186 1 1024,	
(ml/min) 1 186 1 1023,	
Creatinina 1 186 1 1022,	
57 1 186 1 3615,	
Aclaramiento 1 186 1 1020,	
RENAL 1 186 1 1019,	
peligro 1 186 1 2691,	
LA 4 186 4 1017,4665,4673,4680,	
Vd/F 1 186 1 3876,	
SEGÚN 1 186 1 1016,	
ADULTOS 1 186 1 1015,	
relacionados 2 186 2 2232,2925,	
GABAPENTINA 1 186 1 1013,	
TABLA 1 186 1 1009,	
insuficiencia 2 186 2 1007,1621,	
indicadas 1 186 1 1003,	
recomendaciones 2 186 2 1000,1206,	
siguiendo 1 186 1 998,	
utilizar 4 186 4 997,1607,2198,2210,	
100 4 186 4 991,3038,4615,4638,	
cápsulas 6 186 6 989,3371,4619,4627,4634,4640,	
sometidos 5 186 5 985,1125,1133,1193,3776,	
y/o 3 186 3 982,1775,4328,	
deteriorada 1 186 1 972,	
alterada 2 186 2 957,3774,	
Pacientes 1 186 1 952,	
EN 1 186 1 1014,	
frecuentes 8 186 8 948,2303,2305,2309,2357,2418,2536,2562,	
edema 1 186 1 940,	
somnolencia 5 186 5 938,1442,1718,2227,2705,	
2) 3 186 3 936,1304,3782,	
edad 10 186 10 933,1428,1461,1478,1963,3196,3203,3249,3252,3820,	
superiores 3 186 3 3036,3994,4220,	
deterioro 2 186 2 926,1188,	
debido 2 186 2 924,2128,	
ajuste 3 186 3 920,962,3764,	
necesitar 1 186 1 918,	
Los 11 186 11 914,1496,1614,1902,2064,2694,2801,2893,3225,3380,4007,	
años) 2 186 2 913,3224,	
astenia 3 186 3 944,1446,2572,	
65 3 186 3 912,1425,1458,	
(mayores 1 186 1 910,	
ancianos 4 186 4 909,916,951,3715,	
Uso 2 186 2 906,1122,	
incrementos 1 186 1 903,	
intervalos 1 186 1 900,	
mayores 1 186 1 899,	
lentamente 1 186 1 889,	
titular 1 186 1 887,	
órgano 1 186 1 880,	
trasplante 1 186 1 878,	
corporal 1 186 1 875,	
débil 1 186 1 869,	
salud 1 186 1 868,	
general 4 186 4 866,1877,3806,4344,	
Instrucciones 2 186 2 856,4655,	
adicional 1 186 1 855,	
necesidad 2 186 2 851,1969,	
crías 1 186 1 4171,	
determinar 1 186 1 849,	
clínica 2 186 2 845,1860,	
situación 1 186 1 844,	
evaluar 1 186 1 842,	
embarazas 1 186 1 1960,	
durante 10 186 10 834,2087,2125,2274,2618,3312,3321,4248,4263,4434,	
MINISTERIO 5 186 5 829,2934,3421,3783,4292,	
caso 2 186 2 822,2736,	
duración 1 186 1 820,	
meses 2 186 2 818,838,	
seguridad 3 186 3 795,3437,3919,	
estudiado 2 186 2 790,1525,	
iguales 1 186 1 698,	
tomas 2 186 2 697,1042,	
repartida 2 186 2 694,1039,	
alternativa 1 186 1 686,	
De 1 186 1 684,	
muestra 1 186 1 680,	
púrpura 1 186 1 2503,	
Dolor 1 186 1 663,	
séricas 1 186 1 659,	
alteraciones 2 186 2 648,2555,	
antiácidos 2 186 2 1794,1819,	
produzcan 1 186 1 647,	
peso 2 186 2 874,2591,	
antiepilépticos 10 186 10 643,662,1312,1342,1349,1764,1875,1922,2141,2827,	
combinación 2 186 2 640,2284,	
farmacocinéticas 1 186 1 3330,	
usada 1 186 1 638,	
Además 2 186 2 634,2654,	
optimizar 1 186 1 629,	
plasmáticas 11 186 11 625,652,3338,3414,3565,3607,3638,3809,3899,3980,3998,	
Aún 1 186 1 2233,	
concentraciones 15 186 15 624,651,658,2962,3035,3337,3413,3431,3564,3623,3637,3808,3898,3979,3997,	
predecibles 1 186 1 3905,	
monitorizar 1 186 1 622,	
necesario 2 186 2 621,2763,	
No 20 186 20 619,787,1414,1728,1979,2023,2052,2106,2764,2780,3084,3598,3655,4076,4123,4293,4366,4501,4546,4642,	
Pancreatitis 1 186 1 2486,	
dividirse 1 186 1 601,	
clínico 2 186 2 592,3137,	
estudio 9 186 9 591,1433,1652,3136,3301,4339,4350,4362,4408,	
maíz 1 186 1 4474,	
congénitas 2 186 2 1931,2121,	
50 5 186 5 583,3793,4181,4613,4637,	
35 1 186 1 577,	
25 2 186 2 575,4184,	
aproximado 1 186 1 556,	
período 1 186 1 555,	
incremento 1 186 1 546,	
alcanza 1 186 1 543,	
efectiva 2 186 2 541,562,	
mg/kg/día 12 186 12 537,578,584,3939,3950,3990,4244,4305,4336,4347,4359,4433,	
15 3 186 3 536,1077,1120,	
10 6 186 6 534,3507,3510,3992,4610,4686,	
inicial 3 186 3 530,689,3319,	
Niños 1 186 1 522,	
convulsiones 4 186 4 521,2642,3113,3134,	
prevenir 1 186 1 519,	
creatinina 5 186 5 1056,1075,1091,1099,3753,	
máximo 3 186 3 513,614,3116,	
intervalo 2 186 2 512,613,	
horas 10 186 10 510,611,1168,1233,1670,1813,3349,3467,3578,3712,	
exceder 2 186 2 507,608,	
debiendo 3 186 3 506,607,1719,	
unitarias 3 186 3 504,605,4630,	
dividir 1 186 1 500,	
diaria 9 186 9 496,598,1035,1085,1111,4147,4189,4202,4311,	
abiertos 1 186 1 490,	
estudios 7 186 7 488,1418,2065,2276,2321,2894,3428,	
farmacocinéticos 4 186 4 3448,3455,3861,3882,	
toleradas 2 186 2 486,588,	
cromosómicas 1 186 1 4095,	
neural 1 186 1 1916,	
sido 5 186 5 484,586,1139,2951,4376,	
(en 1 186 1 2283,	
han 11 186 11 483,585,1138,1416,1524,2068,2612,2647,2662,2901,4375,	
4800 1 186 1 481,	
retirada 2 186 2 1287,2579,	
Dosis 3 186 3 476,579,4629,	
semanas 5 186 5 462,475,773,786,4539,	
total 7 186 7 459,472,497,599,770,783,1036,	
hereditaria 1 186 1 1618,	
2400 2 186 2 454,765,	
1800 2 186 2 446,757,	
gabapentina 65 186 65 437,564,627,633,635,654,748,994,1142,1183,1201,1262,1271,1285,1317,1366,1402,1421,1502,1680,1693,1698,1725,1734,1745,1768,1792,1804,1811,1824,1844,2051,2060,2111,2170,2203,2622,2628,2675,2724,2748,2789,2837,2899,2933,2959,3014,3060,3095,3105,3182,3341,3357,3398,3402,3416,3625,3661,3696,3731,3739,3787,3811,3848,3926,	
lenta 2 186 2 432,743,	
realizar 3 186 3 428,739,960,	
adecuado 2 186 2 427,738,	
resultar 2 186 2 426,737,	
pacientes 37 186 37 424,735,862,908,915,950,967,984,1005,1050,1070,1094,1115,1124,1130,1186,1294,1314,1352,1398,1408,1423,1437,1454,1464,1493,1615,1705,1758,2247,2598,2712,2767,3294,3619,3714,3769,	
máxima 4 186 4 418,729,3539,4146,	
días 6 186 6 413,559,724,1066,1173,3314,	
2-3 3 186 3 412,723,1890,	
posteriormente 3 186 3 407,718,1155,	
incrementándose 2 186 2 406,717,	
paciente 5 186 5 401,712,826,847,1259,	
tolerabilidad 2 186 2 398,709,	
respuesta 3 186 3 396,707,3018,	
basándose 2 186 2 393,704,	
Por 6 186 6 390,701,1399,1527,1572,1702,	
(TVD) 1 186 1 385,	
mediante 7 186 7 375,544,672,891,1584,2716,3894,	
800 1 186 1 3473,	
describe 2 186 2 369,977,	
titulando 1 186 1 362,	
NA 3 186 3 3527,3528,3596,	
iniciarse 1 186 1 361,	
mg/día 14 186 14 357,410,421,447,455,468,482,693,721,732,758,766,779,4006,	
Se 11 186 11 958,1549,1808,1833,1948,2076,2611,3761,3951,4046,4319,	
3600 8 186 8 356,420,467,731,778,4005,4399,4451,	
900 2 186 2 354,692,	
eficaz 2 186 2 351,1377,	
rango 2 186 2 348,3707,	
clínicos 9 186 9 346,489,813,2277,2322,2651,2658,3429,4622,	
ensayos 5 186 5 345,812,2650,2657,4082,	
Adultos 2 186 2 340,666,	
mínimo 3 186 3 339,440,751,	
semana 3 186 3 337,451,762,	
gradual 1 186 1 331,	
manera 1 186 1 330,	
alternativo 1 186 1 325,	
sustituirlo 1 186 1 321,	
interrumpir 2 186 2 317,1982,	
hemodiálisis 10 186 10 987,1127,1135,1170,1195,1235,2752,2779,3760,3778,	
reducción 2 186 2 313,1838,	
absoluta 1 186 1 3368,	
necesite 2 186 2 311,827,	
juicio 1 186 1 307,	
Cuando 1 186 1 305,	
- 1 186 1 3347,	
beneficios 2 186 2 1531,2183,	
individual 3 186 3 304,399,710,	
ausencias 2 186 2 1389,1413,	
eficacia 3 186 3 303,792,3439,	
tolerancia 1 186 1 301,	
función 9 186 9 298,929,955,970,1191,2773,3673,3723,3772,	
dosis 73 186 73 296,316,350,364,403,417,435,444,495,503,517,529,540,561,597,604,618,676,688,714,728,746,755,883,895,905,923,965,1002,1034,1046,1084,1110,1146,1158,1197,1208,1217,1223,1723,2265,2726,2785,2796,3354,3365,3584,3701,3767,3833,3845,3853,3912,3933,3944,3975,4136,4145,4178,4188,4201,4239,4252,4274,4282,4302,4310,4333,4385,4395,4427,4438,4447,	
determinará 1 186 1 294,	
médico 3 186 3 293,309,840,	
El 6 186 6 292,358,438,749,1878,2831,	
plazo 4 186 4 291,493,595,1505,	
requiere 1 186 1 286,	
normalmente 2 186 2 285,2762,	
epilepsia 8 186 8 284,1760,1870,2022,2042,2131,2282,3621,	
La 27 186 27 283,494,528,560,596,667,937,1033,1742,1765,1789,1820,2200,2623,2720,2939,3013,3057,3282,3350,3366,3399,3690,3732,3784,3841,3877,	
b 1 186 1 1060,	
tres 5 186 5 278,381,603,696,1041,	
veces 11 186 11 273,279,382,1891,3993,4143,4185,4198,4280,4393,4445,	
día 6 186 6 269,275,281,384,700,1044,	
vez 3 186 3 267,4531,4537,	
300 13 186 13 264,270,276,379,409,720,1063,1150,1162,1227,3373,3469,4430,	
Día 4 186 4 258,260,262,388,	
gravedad 1 186 1 2348,	
INICIAL 1 186 1 257,	
TITULACIÓN 1 186 1 256,	
­ 1 186 1 255,	
DOSIS 2 186 2 254,1011,	
acciones 1 186 1 3093,	
alfa2­delta 1 186 1 2941,	
DE 8 186 8 253,1012,4664,4667,4672,4675,4679,4688,	
DIAGRAMA 1 186 1 252,	
sección 1 186 1 249,	
diferenciado 1 186 1 244,	
regiones 1 186 1 3081,	
epígrafe 1 186 1 243,	
reacción 1 186 1 2325,	
recogidas 1 186 1 240,	
encuentran 1 186 1 239,	
indican 1 186 1 1480,	
menores 2 186 2 234,896,	
dosificación 1 186 1 231,	
pautas 1 186 1 229,	
indujo 3 186 3 4092,4108,4211,	
Las 7 186 7 228,988,1045,2270,2339,3897,3978,	
recomienda 7 186 7 217,959,1144,1221,1576,1809,3762,	
indicaciones 2 186 2 214,860,	
inicio 2 186 2 207,1613,	
titulación 5 186 5 204,430,549,673,741,	
esquema 1 186 1 202,	
adjunta 1 186 1 200,	
alternos 1 186 1 1067,	
Tabla 9 186 9 197,250,372,682,935,980,1212,3442,3449,	
En 17 186 17 195,343,422,733,821,861,1069,1171,1431,1650,2319,3102,3440,3618,3713,3805,4406,	
nacimiento 1 186 1 1885,	
agua) 1 186 1 194,	
tenga 1 186 1 1858,	
vaso 1 186 1 192,	
ejemplo 5 186 5 190,871,1093,2388,2434,	
(por 4 186 4 189,1092,2387,2433,	
líquido 2 186 2 188,3627,	
suficiente 1 186 1 186,	
ingesta 1 186 1 185,	
entero 1 186 1 182,	
tragarse 1 186 1 181,	
debe 14 186 14 180,327,360,499,531,600,841,1037,1180,1202,1266,1403,1981,2164,	
Período 1 186 1 4505,	
alcanzar 9 186 9 415,442,453,465,726,753,764,776,3548,	
alimentos 2 186 2 178,3381,	
hámsters 1 186 1 4118,	
administrar 2 186 2 174,1673,	
conjuntivo 1 186 1 2523,	
oral 3 186 3 170,2786,3335,	
Vía 1 186 1 169,	
efecto 4 186 4 2160,3200,3391,4297,	
administración 9 186 9 168,377,1817,1830,2560,3058,3334,3409,3464,	
20x1 1 186 1 4631,	
forma 3 186 3 166,685,3073,	
Posología 1 186 1 164,	
post-herpética 2 186 2 159,810,	
Palpitaciones 1 186 1 2458,	
administrada 2 186 2 1699,4148,	
neuralgia 2 186 2 158,809,	
dolorosa 1 186 1 155,	
diabética 2 186 2 154,806,	
neuropatía 2 186 2 153,805,	
periférico 8 186 8 139,149,665,801,833,941,1444,2567,	
neuropático 7 186 7 138,148,664,800,832,1440,2290,	
dolor 9 186 9 137,147,799,831,1439,2289,2484,2527,2573,	
Tratamiento 1 186 1 135,	
12 9 186 9 131,224,236,509,610,3160,3271,3803,4538,	
adolescentes 4 186 4 128,221,342,1521,	
monoterapia 4 186 4 113,1364,1934,1943,	
1) 1 186 1 108,	
5 17 186 17 107,817,837,1102,1639,2074,2817,3327,3504,3519,3709,3817,3914,4142,4279,4392,4575,	
(ver 7 186 7 105,934,1272,1301,2072,2632,3779,	
adelante 7 186 7 104,134,227,246,527,572,1430,	
años 16 186 16 102,132,225,237,525,570,1426,1459,3161,3260,3272,3804,3818,3923,4513,4522,	
niños 10 186 10 98,233,566,1519,1894,2018,2653,2660,3789,3813,	
adultos 5 186 5 96,126,161,219,3827,	
secundaria 2 186 2 94,124,	
generalización 2 186 2 93,123,	
anhidra 1 186 1 4471,	
o 30 186 30 91,121,176,320,374,655,897,1243,1328,1598,1605,1626,1726,1740,1798,1961,2044,2215,2236,2250,2285,2815,2992,3214,3438,3775,4088,4131,4175,4584,	
parciales 3 186 3 89,119,3146,	
crisis 11 186 11 88,118,1281,1327,1335,1383,1395,1410,1994,3145,3306,	
tratamiento 17 186 17 86,116,145,319,359,797,828,1355,1380,1971,1985,2046,2259,2620,2717,3143,3247,	
excitación 1 186 1 2816,	
combinada 2 186 2 83,3140,	
biodisponibilidad 5 186 5 1802,3351,3367,3842,3870,	
terapia 10 186 10 82,210,288,631,668,854,1500,1534,1918,3139,	
indicada 4 186 4 80,111,142,2777,	
está 8 186 8 79,110,141,2112,2630,2842,3644,3891,	
Gabapentina 22 186 22 78,109,140,171,1373,2083,2149,2174,2217,2841,2960,2995,3046,3254,3601,3643,3665,3682,3754,4071,4090,4210,	
Epilepsia 2 186 2 77,282,	
terapéuticas 2 186 2 76,2963,	
Indicaciones 1 186 1 75,	
	4 1 186 1 73,	
Fatiga 1 186 1 2563,	
CLINICOS 1 186 1 72,	
DATOS 2 186 2 71,4459,	
4 19 186 19 70,162,1167,1232,1236,1249,1250,1274,1303,1638,1861,2188,2266,2634,2669,3522,3533,3781,4541,	
opaco 1 186 1 69,	
naranja 1 186 1 68,	
color 1 186 1 67,	
tapa 1 186 1 65,	
procede 1 186 1 4502,	
cuerpo 1 186 1 63,	
Tras 1 186 1 3332,	
0) 1 186 1 61,	
significativo 3 186 3 3205,3393,3956,	
iniciar 1 186 1 671,	
(nº 1 186 1 60,	
gelatina 1 186 1 58,	
(F) 1 186 1 3871,	
FARMACEUTICA 1 186 1 54,	
FORMA 1 186 1 53,	
3 14 186 14 52,263,474,502,558,785,1237,3157,3348,3443,3450,3915,4504,4521,	
6 16 186 16 50,101,524,569,1862,3259,3269,3500,3511,4458,4498,4503,4540,4574,4653,4654,	
apartado 7 186 7 49,106,1273,1302,2073,2633,3780,	
ver 1 186 1 48,	
excipientes 3 186 3 47,1248,4465,	
completa 1 186 1 45,	
lista 2 186 2 44,2295,	
Para 3 186 3 42,1128,1184,	
(anhidra) 1 186 1 41,	
FUNCIÓN 1 186 1 1018,	
renal 14 186 14 930,956,971,1008,1053,1192,1822,1842,2540,2774,3689,3724,3746,3773,	
lactosa 1 186 1 40,	
0 5 186 5 37,3267,3279,3575,3591,	
contiene 1 186 1 35,	
amarillo 1 186 1 4489,	
Gabamerck 1 186 1 32,	
dura 2 186 2 30,59,	
cápsula 5 186 5 29,1660,1675,4469,4479,	
Cada 1 186 1 28,	
Excipientes 1 186 1 27,	
CUANTITATIVA 1 186 1 25,	
Y 1 186 1 24,	
CUALITATIVA 1 186 1 23,	
intoxicaciones 1 186 1 2605,	
COMPOSICION 1 186 1 22,	
2 19 186 19 21,163,261,461,772,981,1010,1213,1669,3328,3346,3420,3493,3496,3505,3530,3922,4499,4512,	
	 4 186 4 20,26,55,4669,	
MEDICAMENTO 1 186 1 19,	
DEL 2 186 2 18,4690,	
DENOMINACIÓN 1 186 1 17,	
atención 1 186 1 2166,	
1 16 186 16 16,51,74,198,251,259,373,389,683,2821,3497,3499,3800,4277,4390,4462,	
información 1 186 1 13,	
Toda 1 186 1 11,	
(N=12) 1 186 1 1656,	
medicamento 5 186 5 10,15,324,1637,1900,	
Basica 1 186 1 8,	
ptosis 1 186 1 2813,	
	Información 1 186 1 7,	
Cápsulas 2 186 2 6,56,	
90 3 186 3 5,36,4614,	
duras 5 186 5 4,4620,4628,4635,4641,	
capsulas 1 186 1 3,	
mg 20 186 20 2,34,38,265,271,277,380,992,1064,1153,1163,1228,1665,1678,3374,3470,3472,3474,4400,4452,	
400 4 186 4 1,33,1152,3471,	
GABAMERCK 1 186 1 0,	
