	Prospectos 1 676 1 9887,	
16 1 676 1 6062,	
TEXTO 1 676 1 5736,	
septiembre 1 676 1 5727,	
17 1 676 1 5725,	
AUTORIZACIÓN/RENOVACIÓN 1 676 1 5721,	
PRIMERA 1 676 1 5720,	
FECHA 2 676 2 5717,5731,	
EU/1/07/417/001 1 676 1 5714,	
NÚMERO(S) 1 676 1 5709,	
España 1 676 1 5707,	
(Madrid) 1 676 1 5706,	
Viejo 1 676 1 5705,	
28770 1 676 1 5703,	
Industrial 1 676 1 5700,	
Polígono 1 676 1 5699,	
Reyes 1 676 1 5697,	
Avda 1 676 1 5694,	
A 1 676 1 5693,	
S 1 676 1 5692,	
Mar 1 676 1 5691,	
COMERCIALIZACIÓN 2 676 2 5689,5713,	
AUTORIZACIÓN 3 676 3 5687,5711,5724,	
LA 4 676 4 5686,5719,5723,5733,	
TITULAR 1 676 1 5684,	
titanio 1 676 1 5682,	
implantables 1 676 1 5680,	
vascular 1 676 1 5679,	
acceso 1 676 1 5678,	
(PE) 1 676 1 5672,	
polietileno 1 676 1 5671,	
(PVC) 1 676 1 5669,	
vinilo 1 676 1 5668,	
tubos 1 676 1 5664,	
bolsas 1 676 1 5661,	
incompatibilidades 1 676 1 5656,	
normativas 1 676 1 5647,	
hayan 1 676 1 5635,	
materiales 1 676 1 5633,	
tratarse 1 676 1 5617,	
mucosas 1 676 1 5615,	
membranas 1 676 1 5614,	
ojos 1 676 1 5611,	
accidental 1 676 1 5606,	
contacto 2 676 2 5605,5638,	
estén 1 676 1 5596,	
plantilla 1 676 1 5594,	
guantes 1 676 1 5589,	
gafas 1 676 1 5586,	
protectora 1 676 1 5583,	
ropa 1 676 1 5582,	
llevar 1 676 1 5581,	
correctas 1 676 1 5564,	
formación 1 676 1 5560,	
recibido 1 676 1 5559,	
haber 1 676 1 5558,	
personal 1 676 1 5556,	
procedimientos 1 676 1 5544,	
seguirse 1 676 1 5542,	
manipularse 1 676 1 5538,	
compuestos 1 676 1 5534,	
citotóxico 1 676 1 5530,	
manipulación 2 676 2 5522,5548,	
preparada 1 676 1 5515,	
presencia 1 676 1 5508,	
detectar 1 676 1 5505,	
parenterales 1 676 1 5503,	
soluciones 1 676 1 5502,	
inspección 1 676 1 5498,	
realizará 2 676 2 5496,5642,	
añadirse 1 676 1 5455,	
recurrir 1 676 1 5445,	
perfusión) 2 676 2 5418,5490,	
(solución 2 676 2 5396,5468,	
diluyente 2 676 2 5395,5467,	
bolsa 2 676 2 5387,5458,	
añadirla 1 676 1 5384,	
adecuada 2 676 2 5382,5547,	
cantidad 1 676 1 5379,	
extraer 1 676 1 5375,	
(mg/m2) 1 676 1 5368,	
(m2) 1 676 1 5364,	
SC 2 676 2 5363,5369,	
(ml) 1 676 1 5361,	
Volumen 1 676 1 5360,	
calcula 1 676 1 5356,	
(5 3 676 3 5348,5415,5487,	
sódico 3 676 3 5330,5399,5471,	
cloruro 3 676 3 5329,5398,5470,	
indicada 1 676 1 5311,	
diluciones 1 676 1 5307,	
Requiere 1 676 1 5306,	
visibles 1 676 1 5296,	
partículas 2 676 2 5295,5510,	
amarillenta 1 676 1 5293,	
ligeramente 1 676 1 5292,	
incolora 1 676 1 5290,	
disuelva 1 676 1 5283,	
Agitar 1 676 1 5275,	
inyectar 1 676 1 5263,	
jeringa 1 676 1 5261,	
Instrucciones 3 676 3 5254,5316,5520,	
mg/ml 8 676 8 5247,5303,5333,5347,5402,5414,5474,5486,	
concentración 1 676 1 5243,	
inyectables 2 676 2 5237,5271,	
preparaciones 2 676 2 5236,5270,	
estéril 2 676 2 5234,5268,	
agua 3 676 3 5233,5267,5620,	
reconstituye 1 676 1 5228,	
adecuadas 1 676 1 5209,	
técnicas 2 676 2 5206,5563,	
Preparación 1 676 1 5199,	
manipulaciones 1 676 1 5198,	
flip-off 1 676 1 5176,	
aluminio 1 676 1 5173,	
cápsula 1 676 1 5171,	
cierre 1 676 1 5163,	
tipo 2 676 2 5159,5175,	
incoloro 1 676 1 5157,	
vidrio 1 676 1 5156,	
suministra 1 676 1 5151,	
envase 2 676 2 5148,5186,	
contenido 1 676 1 5146,	
	Pharma 1 676 1 5690,	
Naturaleza 1 676 1 5144,	
diluido 1 676 1 5137,	
°C) 1 676 1 5127,	
­ 1 676 1 5125,	
(2 1 676 1 5123,	
Conservar 1 676 1 5120,	
Precauciones 2 676 2 5116,5192,	
controladas 1 676 1 5097,	
asepsia 2 676 2 5094,5208,	
deberían 1 676 1 5072,	
habitualmente 1 676 1 5070,	
usuario 1 676 1 5068,	
responsabilidad 1 676 1 5066,	
reconstituido 2 676 2 5064,5135,	
producto 2 676 2 5063,5134,	
condiciones 3 676 3 5056,5092,5130,	
diluye 1 676 1 5049,	
usarse 1 676 1 5044,	
diluirse 3 676 3 5042,5214,5324,	
microbiológico 1 676 1 5037,	
vista 1 676 1 5036,	
glucosa 3 676 3 5344,5411,5483,	
°C 5 676 5 5031,5079,5082,5113,5124,	
física 2 676 2 5025,5107,	
química 2 676 2 5023,5105,	
estabilidad 2 676 2 5022,5104,	
nevera 1 676 1 5122,	
36 1 676 1 5012,	
abrir 1 676 1 5011,	
Viales 1 676 1 5009,	
validez 1 676 1 5008,	
14 1 676 1 5715,	
Periodo 1 676 1 5006,	
mencionados 1 676 1 4998,	
excepción 1 676 1 4995,	
fármacos 1 676 1 4993,	
diluir 1 676 1 4990,	
mezclar 1 676 1 4988,	
Incompatibilidades 1 676 1 4983,	
Hidróxido 1 676 1 4974,	
pH) 2 676 2 4973,4980,	
(para 2 676 2 4970,4977,	
fosfórico 1 676 1 4969,	
Ácido 1 676 1 4968,	
Dihidrogenofosfato 1 676 1 4965,	
Sacarosa 1 676 1 4964,	
Lista 1 676 1 4961,	
FARMACÉUTICOS 1 676 1 4958,	
afecte 1 676 1 4949,	
(citotóxico 1 676 1 4943,	
Dada 1 676 1 4938,	
gónadas 1 676 1 4937,	
histopatológicos 1 676 1 4934,	
cambios 1 676 1 4933,	
embargo 1 676 1 4917,	
carcinogenicidad 1 676 1 4903,	
genotóxica 1 676 1 4890,	
excluir 1 676 1 4880,	
interpretar 1 676 1 4872,	
prudente 1 676 1 4867,	
hay 2 676 2 4864,5443,	
trabectedina; 1 676 1 4861,	
atribuir 1 676 1 4855,	
local 1 676 1 4842,	
secundarias 1 676 1 4838,	
observaciones 1 676 1 4836,	
realizados 1 676 1 4832,	
renales 2 676 2 4824,4875,	
intestinal 1 676 1 4810,	
epitelio 1 676 1 4809,	
necrosis 1 676 1 4807,	
degeneración 1 676 1 4805,	
así 1 676 1 4796,	
Desde 1 676 1 5032,	
ósea) 1 676 1 4795,	
linfoide 1 676 1 4791,	
depleción 1 676 1 4790,	
(leucopenia 1 676 1 4786,	
incluyeron 1 676 1 4783,	
hallazgos 3 676 3 4781,4822,4874,	
detectados 1 676 1 4777,	
tóxicos 2 676 2 4776,5536,	
ng/ml) 2 676 2 4740,4766,	
(Cmáx 2 676 2 4733,4759,	
g/m2 1 676 1 4729,	
500 2 676 2 4728,5392,	
superiores 2 676 2 4715,5074,	
fertilidad 1 676 1 4913,	
± 3 676 3 4711,4737,4763,	
alcanzados 2 676 2 4707,4745,	
plasmáticos 1 676 1 4704,	
práctica 1 676 1 4700,	
observados 2 676 2 4697,4782,	
Cmáx) 1 676 1 4692,	
hora 2 676 2 4683,4870,	
seleccionó 1 676 1 4676,	
Cynomolgus 1 676 1 4673,	
monos 2 676 2 4672,4834,	
investigado 1 676 1 4666,	
AUC 1 676 1 4652,	
términos 1 676 1 4650,	
debajo 1 676 1 4644,	
exposiciones 1 676 1 4642,	
respiratorio 1 676 1 4637,	
sistemas 2 676 2 4635,5676,	
limitado 2 676 2 4632,4931,	
toxicológicos 1 676 1 4823,	
Datos 1 676 1 4618,	
garantizarse 1 676 1 4609,	
suero 1 676 1 4585,	
poblacionales 1 676 1 4574,	
mielosupresión 1 676 1 4768,	
Aunque 1 676 1 4571,	
metabolitos 1 676 1 4568,	
afecta 1 676 1 4559,	
14C 1 676 1 4553,	
única 1 676 1 4548,	
radiactividad 1 676 1 4540,	
estudiados) 1 676 1 4537,	
(< 1 676 1 4530,	
relevante 1 676 1 4503,	
tuviese 1 676 1 4500,	
34 2 676 2 4497,4524,	
medida 1 676 1 4485,	
etnia 1 676 1 4458,	
raza 1 676 1 4455,	
sexo 1 676 1 4439,	
años) 1 676 1 4436,	
Un 1 676 1 4425,	
28 1 676 1 4421,	
intra- 1 676 1 4417,	
51 1 676 1 4412,	
inter-individual 1 676 1 4400,	
moderado 1 676 1 4397,	
índice 1 676 1 4388,	
sanguíneo 1 676 1 4382,	
flujo 1 676 1 4381,	
mitad 1 676 1 4376,	
35 1 676 1 4368,	
(0 4 676 4 4356,5334,5403,5475,	
sangre/plasma 1 676 1 4355,	
proporción 1 676 1 4354,	
l/h) 1 676 1 4351,	
estimación 2 676 2 4341,4403,	
Basándose 1 676 1 4338,	
73 1 676 1 4336,	
(17 1 676 1 4319,	
esdel 1 676 1 4316,	
(SD) 2 676 2 4315,4329,	
heces 1 676 1 4314,	
radiactivamente 1 676 1 4299,	
h) 1 676 1 4289,	
anestesiados) 1 676 1 4674,	
(valor 1 676 1 4278,	
larga 1 676 1 4277,	
terminal 2 676 2 4275,4287,	
semivida 1 676 1 4274,	
(menos 1 676 1 4269,	
baja 2 676 2 4268,4528,	
inalterada 1 676 1 4264,	
inhibe 1 676 1 4251,	
induce 1 676 1 4249,	
mayoritariamente 1 676 1 4227,	
responsable 1 676 1 4226,	
citocromo 2 676 2 4224,4256,	
3A4 1 676 1 4222,	
P450 4 676 4 4221,4225,4241,4257,	
l 1 676 1 4218,	
000 2 676 2 4217,5464,	
policloruro 1 676 1 5666,	
supera 1 676 1 4212,	
humanos 2 676 2 4211,4266,	
proteínas) 1 676 1 4200,	
unida 1 676 1 4198,	
plasma 2 676 2 4196,4689,	
radioactividad 1 676 1 4311,	
94 1 676 1 4188,	
(el 1 676 1 4187,	
tisulares 1 676 1 4186,	
elevada 1 676 1 4181,	
elevado 2 676 2 4176,9884,	
aparente 2 676 2 4173,9881,	
posee 4 676 4 4170,4629,5241,9878,	
Tras 4 676 4 4160,4290,5098,9868,	
multicompartimental 2 676 2 4159,9867,	
modelo 2 676 2 4156,9864,	
acorde 4 676 4 4153,4177,9861,9885,	
farmacocinético 2 676 2 4148,9856,	
incluida 2 676 2 4145,9853,	
administrada 2 676 2 4134,9842,	
proporcional 2 676 2 4130,9838,	
constante 2 676 2 4125,9833,	
velocidad 3 676 3 4124,4379,9832,	
(RCP) 2 676 2 4102,9810,	
Características 2 676 2 4099,9807,	
Resumen 2 676 2 4096,9804,	
Técnica 2 676 2 4094,9802,	
Ficha 2 676 2 4093,9801,	
disponible 2 676 2 4090,9798,	
nueva 2 676 2 4084,9792,	
revisará 2 676 2 4080,9788,	
(EMEA) 2 676 2 4079,9787,	
Medicamento 2 676 2 4078,9786,	
Europea 2 676 2 4076,9784,	
Agencia 2 676 2 4075,9783,	
obtener 2 676 2 4068,9776,	
sido 2 676 2 4066,9774,	
protectoras 1 676 1 5587,	
significa 2 676 2 4055,9763,	
aprobación 2 676 2 4054,9762,	
modalidad 2 676 2 4052,9760,	
excepcionales"" 2 676 2 4050,9758,	
""Circunstancias 2 676 2 4049,9757,	
autorizado 2 676 2 4047,9755,	
83 2 676 2 4036,9744,	
lipo 2 676 2 4032,9740,	
total 5 676 5 4027,4312,4364,4541,9735,	
evaluaron 2 676 2 4025,9733,	
tratadas 2 676 2 4016,9724,	
Estas 1 676 1 4835,	
similares 3 676 3 4015,4742,9723,	
poblaciones 2 676 2 4014,9722,	
único) 2 676 2 4012,9720,	
brazo 2 676 2 4011,9719,	
(de 2 676 2 4010,9718,	
controlados 2 676 2 4009,9717,	
II 2 676 2 4007,9715,	
fase 3 676 3 4006,4284,9714,	
procedentes 2 676 2 4001,9709,	
%-68 2 676 2 3990,9699,	
52 2 676 2 3988,9697,	
año 2 676 2 3986,9695,	
estaban 2 676 2 3983,9692,	
60 2 676 2 3977,9686,	
5-18 2 676 2 3973,9682,	
13 2 676 2 3968,9677,	
OS 2 676 2 3956,9665,	
mediana 2 676 2 3954,9663,	
(OS) 2 676 2 3952,9661,	
supervivencia 2 676 2 3950,9659,	
significativas 2 676 2 3947,9656,	
detectaron 3 676 3 3945,4821,9654,	
0302) 2 676 2 3942,9651,	
tratado 2 676 2 3932,9641,	
recibió 2 676 2 3912,9621,	
m) 4 676 4 3907,3928,9616,9637,	
1-5 2 676 2 3905,9614,	
TTP 2 676 2 3898,9607,	
medianas 2 676 2 3896,9605,	
974) 2 676 2 3894,9603,	
554 2 676 2 3891,9600,	
734 2 676 2 3888,9597,	
= 6 676 6 3886,3940,5362,5370,9595,9649,	
(HR 2 676 2 3885,9594,	
relativo 2 676 2 3868,9577,	
(TTP) 2 676 2 3858,9567,	
tumoral 2 676 2 3857,9566,	
progresión 4 676 4 3856,3870,9565,9579,	
protocolo 2 676 2 3850,9559,	
especificado 2 676 2 3847,9556,	
58 3 676 3 3824,4317,9533,	
alternativamente 2 676 2 3815,9524,	
administró 4 676 4 3790,3818,9499,9527,	
recidivado 2 676 2 3776,9485,	
progresado 2 676 2 3774,9483,	
enfermedad 4 676 4 3772,4063,9481,9771,	
metastásico 2 676 2 3764,9473,	
aleatorizado 2 676 2 3756,9465,	
ensayo 4 676 4 3755,3788,9464,9497,	
clínica 3 676 3 3743,4701,9452,	
Eficacia 2 676 2 3742,9451,	
microcítico 2 676 2 3736,9445,	
pulmonar 3 676 3 3734,4804,9443,	
malignas 2 676 2 3726,9435,	
neoplasias 2 676 2 3725,9434,	
incluidas 2 676 2 3724,9433,	
experimentales 2 676 2 3723,9432,	
tumores 2 676 2 3722,9431,	
humanas 2 676 2 3720,9429,	
tumorales 2 676 2 3719,9428,	
células 2 676 2 3718,9427,	
estirpes 2 676 2 3716,9425,	
rango 5 676 5 3714,4137,4493,9423,9845,	
amplio 2 676 2 3713,9422,	
vitro 3 676 3 3707,4893,9416,	
antiproliferativa 2 676 2 3705,9414,	
ejerce 2 676 2 3703,9412,	
celular 2 676 2 3696,9405,	
ciclo 4 676 4 3695,3841,9404,9550,	
perturbación 2 676 2 3693,9402,	
reparación 2 676 2 3686,9395,	
vías 2 676 2 3684,9393,	
factores 2 676 2 3675,9384,	
afectan 3 676 3 3672,4440,9381,	
cascada 2 676 2 3668,9377,	
desencadena 2 676 2 3666,9375,	
unión 5 676 5 3663,3680,4180,9372,9389,	
Esta 5 676 5 3662,4051,5297,9371,9759,	
incluyendo 1 676 1 5584,	
doble 2 676 2 3657,9366,	
hélice 2 676 2 3655,9364,	
haciendo 2 676 2 3652,9361,	
ADN 8 676 8 3651,3665,3682,3688,9360,9374,9391,9397,	
surco 4 676 4 3648,3660,9357,9369,	
une 2 676 2 3646,9355,	
Mecanismo 2 676 2 3640,9349,	
L01CX01 2 676 2 3639,9348,	
actualizará 2 676 2 4104,9812,	
ATC 2 676 2 3638,9347,	
código 2 676 2 3637,9346,	
Antineoplásicos 2 676 2 3636,9345,	
farmacoterapéutico 2 676 2 3635,9344,	
Grupo 2 676 2 3634,9343,	
farmacodinámicas 2 676 2 3633,9342,	
semanal 4 676 4 3821,3938,9530,9647,	
Propiedades 4 676 4 3632,4110,9341,9818,	
	"5 2 676 2 3630,9339,	
ESTE 2 676 2 3628,9337,	
FARMACOLÓGICAS 2 676 2 3626,9335,	
PROPIEDADES 2 676 2 3625,9334,	
" 4 676 4 3623,4955,9332,9886,	
sintomatológico 2 676 2 3619,9328,	
específico 2 676 2 3599,9308,	
antídoto 2 676 2 3598,9307,	
ósea 2 676 2 3587,9296,	
médula 3 676 3 3586,4794,9295,	
naturaleza 3 676 3 3582,4940,9291,	
son 3 676 3 3580,5065,9289,	
previstas 2 676 2 3579,9288,	
principales 4 676 4 3577,4253,4774,9286,	
sobredosis 4 676 4 3573,3606,9282,9315,	
Sobredosis 2 676 2 3562,9271,	
parte 2 676 2 3551,9260,	
mayor 4 676 4 3550,3661,9259,9370,	
pacientes; 2 676 2 3547,9256,	
alrededor 3 676 3 3540,4373,9249,	
Colmenar 1 676 1 5704,	
alopecia 4 676 4 3538,3555,9247,9264,	
relacionada 3 676 3 3529,4883,9238,	
obtenida 1 676 1 5240,	
disnea 2 676 2 3525,9234,	
Elevaciones 2 676 2 3453,9162,	
Cansancio/astenia 2 676 2 3419,9128,	
influencia 1 676 1 4502,	
mucositis 2 676 2 3415,9124,	
Estomatitis 2 676 2 3404,9113,	
notificó 8 676 8 3397,3414,3448,3537,9106,9123,9157,9246,	
63 2 676 2 3356,9065,	
diarrea 4 676 4 3344,3398,9053,9107,	
Otras 3 676 3 3339,4238,9048,	
lesión 2 676 2 3327,9036,	
mortalidad 2 676 2 3325,9034,	
hepático 3 676 3 3323,4383,9032,	
hepatomegalia 2 676 2 3320,9029,	
ictericia 2 676 2 3319,9028,	
signos 2 676 2 3310,9019,	
inferior 3 676 3 3304,4522,9013,	
incidencia 2 676 2 3303,9012,	
lesiones 2 676 2 3295,9004,	
clínicas 2 676 2 3293,9002,	
manifestaciones 2 676 2 3292,9001,	
resuelven 2 676 2 3282,8991,	
hiperbilirrubinemia 2 676 2 3262,8971,	
23 3 676 3 3236,8945,9146,	
acusadas 2 676 2 3229,8938,	
tendencia 2 676 2 3225,8934,	
acumulativo 2 676 2 3220,8929,	
infusión 2 676 2 4680,4725,	
siguieron 2 676 2 3217,8926,	
superaron 2 676 2 3206,8915,	
recuperación 5 676 5 3204,4308,4326,4529,8913,	
tiempos 3 676 3 3202,5054,8911,	
15 2 676 2 3189,8898,	
plazo 3 676 3 3186,4906,8895,	
pre-tratamiento 2 676 2 3183,8892,	
mejoraron 2 676 2 3174,8883,	
12 4 676 4 3133,3972,8842,9681,	
produjeron 4 676 4 3130,3153,8839,8862,	
resuelto 2 676 2 3115,8824,	
disminuido 2 676 2 3107,8816,	
14-15 2 676 2 3098,8807,	
máximos 5 676 5 3082,3268,4687,8791,8977,	
alcanzar 3 676 3 3079,4685,8788,	
medio 2 676 2 3077,8786,	
enzimas 5 676 5 3065,4239,4254,4582,8774,	
44 2 676 2 3051,8760,	
bromobutilo 1 676 1 5167,	
notificaron 8 676 8 3028,3348,3380,3505,8737,9057,9089,9214,	
Incrementos 2 676 2 3021,8730,	
basal 2 676 2 2970,8679,	
46 2 676 2 2959,8668,	
Anemia 2 676 2 2946,8655,	
asociadas 2 676 2 2943,8652,	
hemorrágicas 2 676 2 2942,8651,	
aparecieron 2 676 2 2940,8649,	
11 2 676 2 2886,8595,	
observó 3 676 3 2877,4477,8586,	
rara 2 676 2 2874,8583,	
reversibilidad 2 676 2 2872,8581,	
rápido 2 676 2 2870,8579,	
predecible 2 676 2 2867,8576,	
patrón 4 676 4 2866,3219,8575,8928,	
19 2 676 2 2837,8546,	
grados 8 676 8 2828,2914,2986,3000,8537,8623,8695,8709,	
mostró 8 676 8 2823,2909,2995,3859,8532,8618,8704,9568,	
respectivamente 22 676 22 2818,2845,2904,2932,2990,3018,3074,3142,3165,3366,3387,8527,8554,8613,8641,8699,8727,8783,8851,8874,9075,9096,	
produjo 26 676 26 2796,2810,2833,2847,2896,2919,2955,2983,3005,3261,3330,3432,3524,8505,8519,8542,8556,8605,8628,8664,8692,8714,8970,9039,9141,9233,	
77 2 676 2 2790,8499,	
supresión 2 676 2 3584,9293,	
psiquiátricos 2 676 2 2775,8484,	
Hiperbilirrubinemia 4 676 4 2766,3233,8475,8942,	
hepatobiliares 4 676 4 2765,3020,8474,8729,	
periférico 2 676 2 2755,8464,	
edema 4 676 4 2753,2754,8462,8463,	
Pirexia 2 676 2 2752,8461,	
Cansancio 2 676 2 2746,8455,	
alteraciones 2 676 2 2743,8452,	
generales 2 676 2 2739,8448,	
vasculares 2 676 2 2736,8445,	
infestaciones 2 676 2 2733,8442,	
Infecciones 2 676 2 2730,8439,	
relación 1 676 1 4577,	
nutrición 2 676 2 2728,8437,	
Anorexia 4 676 4 2727,3438,8436,9147,	
conjuntivo 2 676 2 2718,8427,	
espalda 2 676 2 2714,8423,	
dolor 4 676 4 2712,3322,8421,9031,	
artralgia 2 676 2 2711,8420,	
Mialgia 2 676 2 2710,8419,	
musculoesqueléticos 2 676 2 2709,8418,	
subcutáneo 2 676 2 2706,8415,	
Alopecia 4 676 4 2705,3535,8414,9244,	
tejido 4 676 4 2704,2717,8413,8426,	
piel 3 676 3 2700,5609,8409,	
estreñimiento 6 676 6 2696,3346,3400,8405,9055,9109,	
Vómitos 2 676 2 2694,8403,	
gastrointestinales 2 676 2 2693,8402,	
mediastínicos 2 676 2 2689,8398,	
torácicos 2 676 2 2687,8396,	
tos 2 676 2 2686,8395,	
Disnea 4 676 4 2685,3515,8394,9224,	
respiratorios 2 676 2 2684,8393,	
cabeza 2 676 2 2681,8390,	
nervioso 3 676 3 2678,4639,8387,	
Frecuentes 18 676 18 2672,2683,2701,2708,2729,2732,2737,2750,2774,8381,8392,8410,8417,8438,8441,8446,8459,8483,	
linfático 4 676 4 2671,2786,8380,8495,	
plasmáticas 1 676 1 4184,	
anemia 9 676 9 2669,2956,2984,2998,4788,8378,8665,8693,8707,	
Trastornos 26 676 26 2658,2673,2682,2690,2697,2707,2719,2735,2738,2762,2773,2781,3019,8367,8382,8391,8399,8406,8416,8428,8444,8447,8471,8482,8490,8728,	
incremento 6 676 6 2653,2767,2771,8362,8476,8480,	
sangre 5 676 5 2652,2663,4363,8361,8372,	
REVISIÓN 1 676 1 5734,	
complementarias 2 676 2 2645,8354,	
Muy 14 676 14 2643,2661,2675,2691,2721,2740,2763,8352,8370,8384,8400,8430,8449,8472,	
Exploraciones 2 676 2 2642,8351,	
c/3 6 676 6 2640,3917,3964,8349,9626,9673,	
h 11 676 11 2639,3881,3916,3937,3963,4732,8348,9590,9625,9646,9672,	
notificadas 2 676 2 2623,8332,	
Sistema 2 676 2 2619,8328,	
decreciente 2 676 2 2610,8319,	
orden 3 676 3 2609,4694,8318,	
presentan 2 676 2 2607,8316,	
laboratorio 2 676 2 2602,8311,	
frecuencias 2 676 2 2590,8299,	
MEdDRA 2 676 2 2587,8296,	
órganos 4 676 4 2586,2636,8295,8345,	
clasificación 4 676 4 2584,2634,8293,8343,	
sistema 8 676 8 2582,2666,2677,2785,8291,8375,8386,8494,	
acuerdo 3 676 3 2579,5644,8288,	
comunicadas 2 676 2 2571,8280,	
tabla 2 676 2 2566,8275,	
siguiente 3 676 3 2565,5358,8274,	
instaurarán 2 676 2 3615,9324,	
1/1000 2 676 2 2560,8269,	
1/100 2 676 2 2552,8261,	
indicó 1 676 1 4430,	
actividad 2 676 2 3704,9413,	
1/10) 4 676 4 2549,2555,8258,8264,	
( 7 676 7 2548,2551,2559,4496,8257,8260,8268,	
clasifican 2 676 2 2544,8253,	
indican 3 676 3 2540,4625,8249,	
sepsis 2 676 2 2526,8235,	
febril 4 676 4 2521,2849,8230,8558,	
pancitopenia 2 676 2 2519,8228,	
incluyen 4 676 4 2518,3318,8227,9027,	
resultado 2 676 2 2507,8216,	
Con 2 676 2 2500,8209,	
	6 1 676 1 4959,	
mortales 4 676 4 2491,2504,8200,8213,	
producido 2 676 2 2488,8197,	
Insomnio 2 676 2 2776,8485,	
anorexia 4 676 4 2477,3449,8186,9158,	
fatiga 2 676 2 2475,8184,	
frecuentes 26 676 26 2467,2547,2550,2558,2644,2662,2676,2692,2722,2741,2764,2780,3300,8176,8256,8259,8267,8353,8371,8385,8401,8431,8450,8473,8489,9009,	
presentaban 2 676 2 2966,8675,	
Las 13 676 13 2463,2535,3143,3291,3576,3895,5590,8172,8244,8852,9000,9285,9604,	
intensidad 4 676 4 2457,2472,8166,8181,	
40 2 676 2 2447,8156,	
presente 4 676 4 2436,2452,8145,8161,	
aproximadamente 15 676 15 2429,2445,2835,2921,3007,3272,3284,4367,8138,8154,8544,8630,8716,8981,8993,	
esperar 4 676 4 2427,2443,8136,8152,	
transparente 1 676 1 5289,	
Cabe 4 676 4 2426,2442,8135,8151,	
carcinoma 2 676 2 2424,8133,	
localmente 2 676 2 3766,9475,	
melanoma 4 676 4 2422,3741,8131,9450,	
visual 1 676 1 5499,	
GIST 2 676 2 2421,8130,	
ovario 4 676 4 2420,3739,8129,9448,	
osteosarcoma 2 676 2 2417,8126,	
mama 4 676 4 2416,3732,8125,9441,	
cáncer 13 676 13 2407,2414,2418,3730,3733,3737,4303,8116,8123,8127,9439,9442,9446,	
tipos 4 676 4 2405,4040,8114,9748,	
oxidativo 1 676 1 4230,	
posológica 2 676 2 2398,8107,	
2007 3 676 3 2394,5729,8103,	
abril 2 676 2 2392,8101,	
evaluación 2 676 2 2377,8086,	
basado 2 676 2 2374,8083,	
continuación 4 676 4 2372,2542,8081,8251,	
mostrado 2 676 2 2370,8079,	
indique 2 676 2 2361,8070,	
Salvo 2 676 2 2358,8067,	
8 13 676 13 2355,2840,4143,4333,4736,4762,5081,5126,5708,5778,8064,8549,9851,	
experimenten 2 676 2 2340,8049,	
cansancio 2 676 2 2328,8037,	
aparición 4 676 4 2326,3290,8035,8999,	
máquinas 6 676 6 2303,2319,2353,8012,8028,8062,	
conducir 6 676 6 2300,2316,2350,8009,8025,8059,	
capacidad 5 676 5 2298,2314,4952,8007,8023,	
Efectos 2 676 2 2295,8004,	
7 8 676 8 2294,3072,3901,4765,5683,8003,8781,9610,	
finalización 2 676 2 2286,7995,	
obtenidos 3 676 3 2381,4718,8090,	
animales 2 676 2 2270,7979,	
excreción 2 676 2 2262,7971,	
estudiado 3 676 3 2260,4450,7969,	
humana 2 676 2 2256,7965,	
leche 4 676 4 2255,2268,7964,7977,	
excreta 2 676 2 2252,7961,	
desconoce 2 676 2 2247,7956,	
creatina 2 676 2 2649,8358,	
gravedad 2 676 2 2612,8321,	
hijos 2 676 2 2241,7950,	
deseen 2 676 2 2239,7948,	
recomendado 2 676 2 2234,7943,	
genético 4 676 4 2228,2231,7937,7940,	
esperma 2 676 2 2212,7921,	
conservación 5 676 5 2210,5058,5119,5132,7919,	
MedDra 2 676 2 2637,8346,	
asesoramiento 6 676 6 2204,2227,2230,7913,7936,7939,	
irreversible 2 676 2 2197,7906,	
infertilidad 2 676 2 2196,7905,	
(31 1 676 1 4349,	
existe 2 676 2 2186,7895,	
Puesto 2 676 2 2184,7893,	
genotóxicos 2 676 2 2183,7892,	
Tanto 2 676 2 2108,7817,	
Fertilidad 2 676 2 2107,7816,	
neonatos 2 676 2 2106,7815,	
adversas 26 676 26 2103,2357,2438,2454,2465,2490,2534,2537,2570,2597,2622,2778,3341,7812,8066,8147,8163,8174,8199,8243,8246,8279,8306,8331,8487,9050,	
(1 1 676 1 4335,	
gastrointestinal 2 676 2 3583,9292,	
posibles 2 676 2 2101,7810,	
cuidadosamente 2 676 2 2099,7808,	
final 2 676 2 2094,7803,	
monitorizará 4 676 4 2087,3608,7796,9317,	
feto 2 676 2 2080,7789,	
validadas 1 676 1 5095,	
informará 2 676 2 2072,7781,	
utiliza 3 676 3 2067,5051,7776,	
claramente 2 676 2 2063,7772,	
humano 1 676 1 4384,	
salvo 2 676 2 2060,7769,	
defectos 2 676 2 2043,7752,	
acción 4 676 4 2038,3642,7747,9351,	
mecanismo 2 676 2 2036,7745,	
dado 2 676 2 2034,7743,	
suficientes 2 676 2 2023,7732,	
lactancia 4 676 4 2015,2272,7724,7981,	
Embarazo 4 676 4 2013,2016,7722,7725,	
tomarse 2 676 2 2007,7716,	
situaciones 2 676 2 2005,7714,	
SNC 2 676 2 2002,7711,	
relevancia 2 676 2 1989,7698,	
Todavía 2 676 2 1983,7692,	
eliminación 9 676 9 1982,4259,4286,4563,5195,5524,5550,5624,7691,	
alterar 2 676 2 1974,7683,	
(Cmáx) 1 676 1 4714,	
verapamilo 2 676 2 1972,7681,	
ciclosporina 2 676 2 1970,7679,	
ejemplo 4 676 4 1969,1994,7678,7703,	
Pgp 2 676 2 1967,7676,	
P-gp 2 676 2 1959,7668,	
sustrato 2 676 2 1956,7665,	
demostrado 8 676 8 1950,3699,4166,5020,5103,7659,9408,9874,	
Durante 2 676 2 1925,7634,	
Juan) 2 676 2 1916,7625,	
San 2 676 2 1915,7624,	
hierba 2 676 2 1913,7622,	
poblacional 3 676 3 4342,4404,4429,	
hipérico 2 676 2 1911,7620,	
fenobarbital 2 676 2 1910,7619,	
rifampicina 2 676 2 1909,7618,	
inductores 2 676 2 1902,7611,	
estrecho 2 676 2 1890,7599,	
control 2 676 2 1889,7598,	
requeriría 2 676 2 1887,7596,	
farmacocinética 3 676 3 4428,4461,4506,	
fueran 2 676 2 1884,7593,	
combinaciones 2 676 2 1883,7592,	
concentraciones 4 676 4 1874,4235,4580,7583,	
rareza 2 676 2 4060,9768,	
metabolismo 6 676 6 1870,2723,4229,4245,7579,8432,	
disminuir 4 676 4 1868,1918,7577,7627,	
claritromicina 2 676 2 1866,7575,	
ritonavir 2 676 2 1864,7573,	
ketoconazol 2 676 2 1862,7571,	
isoenzima 3 676 3 1859,4220,7568,	
Después 1 676 1 5014,	
inhiben 2 676 2 1857,7566,	
coadministración 4 676 4 1853,1900,7562,7609,	
principalmente 2 676 2 1844,7553,	
metaboliza 2 676 2 1843,7552,	
vivo 6 676 6 1839,3710,4670,4896,7548,9419,	
in 10 676 10 1838,3706,3709,4669,4892,4895,5294,7547,9415,9418,	
interacciones 2 676 2 1837,7546,	
estudios 9 676 9 1835,2308,4668,4826,4901,4911,4920,7544,8017,	
sustancias 4 676 4 1827,1855,7536,7564,	
leucopenia 2 676 2 2670,8379,	
Efecto 2 676 2 1824,7533,	
interacción 4 676 4 1823,1992,7532,7701,	
Producto 2 676 2 4101,9809,	
formas 2 676 2 1821,7530,	
Interacción 2 676 2 1814,7523,	
potasio"" 2 676 2 1810,7520,	
""exento 2 676 2 1808,7518,	
esencialmente 2 676 2 1807,7517,	
vial; 2 676 2 1804,7514,	
fatiga/astenia 2 676 2 3433,9142,	
transitorios 2 676 2 3030,8739,	
mg) 2 676 2 1800,7510,	
(39 2 676 2 1799,7509,	
mmol 2 676 2 1798,7508,	
reproducción 1 676 1 4954,	
informar 4 676 4 1783,2169,7493,7878,	
embarazo 16 676 16 1780,2031,2051,2059,2070,2096,2166,2220,7490,7740,7760,7768,7779,7805,7875,7929,	
prolongar 4 676 4 1766,2148,7476,7857,	
finalizar 4 676 4 1758,2140,7468,7849,	
después 21 676 21 1756,1772,2138,2154,2242,2283,3275,3287,3777,4544,4722,4746,7466,7482,7847,7863,7951,7992,8984,8996,9486,	
meses 17 676 17 1755,1771,2137,2153,2282,3902,3923,3970,5013,7465,7481,7846,7862,7991,9611,9632,9679,	
mantener 4 676 4 1749,2131,7459,7840,	
Además 4 676 4 1745,2127,7455,7836,	
anticonceptivas 8 676 8 1740,1752,2120,2134,7450,7462,7829,7843,	
fértil 4 676 4 1736,2116,7446,7825,	
mujeres 9 676 9 1733,1747,2113,2129,5591,7443,7457,7822,7838,	
varones 8 676 8 1730,1764,2110,2146,7440,7474,7819,7855,	
alcohol 4 676 4 1724,1935,7434,7644,	
secciones 2 676 2 1710,7420,	
26 6 676 6 2800,3460,3863,8509,9169,9572,	
contraindicada 4 676 4 1696,2274,7406,7983,	
específicamente 2 676 2 1695,7405,	
Está 2 676 2 1694,7404,	
atenuados 2 676 2 1693,7403,	
vivos 4 676 4 1692,3984,7402,9693,	
microorganismos 2 676 2 1691,7401,	
contengan 2 676 2 1690,7400,	
vacunas 2 676 2 1688,7398,	
0-3 2 676 2 3926,9635,	
combinación 4 676 4 1680,2510,7390,8219,	
convulsiones 2 676 2 1675,7385,	
exacerbación 2 676 2 1672,7382,	
producir 4 676 4 1670,2042,7380,7751,	
última 2 676 2 1668,7378,	
absorción 2 676 2 1665,7375,	
fenitoína 4 676 4 1661,1685,7371,7395,	
reducir 4 676 4 1622,1663,7332,7373,	
180 1 676 1 4288,	
posibilidad 6 676 6 1620,2188,2224,7330,7897,7933,	
transcripción 2 676 2 3677,9386,	
requiere 2 676 2 1609,7319,	
posible 7 676 7 1607,2076,4067,5507,7317,7785,9775,	
5) 6 676 6 1602,1715,1728,7312,7425,7438,	
AST/ALT 4 676 4 2485,3026,8194,8735,	
CYP3A4 4 676 4 1598,1848,7308,7557,	
enzima 4 676 4 1597,1906,7307,7615,	
potentes 4 676 4 1594,1903,7304,7612,	
inhibidores 4 676 4 1593,1964,7303,7673,	
evitarse 6 676 6 1586,1717,1931,7296,7427,7640,	
Debe 5 676 5 1585,1716,5258,7295,7426,	
Otros 2 676 2 1584,7294,	
lugar 8 676 8 1581,2748,2759,4817,4846,7291,8457,8468,	
potencialmente 3 676 3 1577,5535,7287,	
reacción 5 676 5 1576,2756,4841,7286,8465,	
presentar 2 676 2 1574,7284,	
periférica 3 676 3 1570,5450,7280,	
aparecen 2 676 2 3271,8980,	
administra 6 676 6 1561,2048,2091,7271,7757,7800,	
realice 2 676 2 1547,7257,	
punto 3 676 3 1537,5034,7247,	
Reacciones 10 676 10 1534,2356,2533,2621,2777,7244,8065,8242,8330,8486,	
reducción 4 676 4 1526,3861,7236,9570,	
ALT 10 676 10 1517,3094,3128,3151,3213,7227,8803,8837,8860,8922,	
AST 10 676 10 1516,3090,3126,3149,3215,7226,8799,8835,8858,8924,	
goma 1 676 1 5165,	
alanina 6 676 6 1494,2769,3042,7204,8478,8751,	
reversibles 2 676 2 1485,7195,	
agudos 2 676 2 1484,7194,	
incrementos 19 676 19 1483,1511,2480,3029,3121,3211,3243,3485,3506,4798,7193,7221,8189,8738,8830,8920,8952,9194,9215,	
mayoría 6 676 6 1476,3102,3167,7186,8811,8876,	
(PFH) 2 676 2 1473,7183,	
pruebas 3 676 3 1468,4801,7178,	
Anomalías 2 676 2 1465,7175,	
incrementar 6 676 6 1460,1650,1872,7170,7360,7581,	
estatinas) 2 676 2 1456,7166,	
ej 4 676 4 1455,1908,7165,7617,	
(p 6 676 6 1454,1907,3939,7164,7616,9648,	
medicamentos 9 676 9 1450,1637,1818,5553,5650,7160,7347,7527,9889,	
concomitante 12 676 12 1444,1589,1643,1657,1720,1962,7154,7299,7353,7367,7430,7671,	
administran 4 676 4 1441,1636,7151,7346,	
precaución 7 676 7 1438,1633,2010,5540,7148,7343,7719,	
completo 2 676 2 1432,7142,	
recupere 2 676 2 1430,7140,	
Asimismo 10 676 10 1418,1775,1898,2161,3056,7128,7485,7607,7870,8765,	
diálisis 2 676 2 1417,7127,	
orina 4 676 4 1415,4328,4543,7125,	
parenteral 2 676 2 1411,7121,	
hidratación 2 676 2 1410,7120,	
apoyo 4 676 4 1408,3618,7118,9327,	
medidas 22 676 22 1406,1436,1631,1739,1751,1768,2008,2119,2133,2150,3616,7116,7146,7341,7449,7461,7478,7717,7828,7842,7859,9325,	
establecer 2 676 2 1403,7113,	
presentara 2 676 2 1399,7109,	
Como 2 676 2 1392,7102,	
extracción 1 676 1 4390,	
estrechamente 6 676 6 1387,2088,3609,7097,7797,9318,	
monitorizar 2 676 2 1386,7096,	
experimentar 2 676 2 1379,7089,	
pueda 4 676 4 1378,4088,7088,9796,	
media 2 676 2 4305,4323,	
adversos 4 676 4 2513,2605,8222,8314,	
prueba 2 676 2 1366,7076,	
anomalías 2 676 2 1362,7072,	
transaminasas 2 676 2 3173,8882,	
mielotoxicidad 2 676 2 1361,7071,	
asociaron 2 676 2 1359,7069,	
proteínas 3 676 3 3678,4183,9387,	
generalmente 2 676 2 1357,7067,	
rabdomiolisis 14 676 14 1355,1400,1453,1464,2532,3457,3514,7065,7110,7163,7174,8241,9166,9223,	
Raramente 2 676 2 1349,7059,	
variabilidad 2 676 2 4399,4416,	
LSN) 2 676 2 1331,7041,	
10 8 676 8 1329,2973,3993,4709,4761,5730,7039,8682,	
(> 2 676 2 1328,7038,	
graves 9 676 9 1324,1363,2045,3297,4814,7034,7073,7754,9006,	
elevaciones 12 676 12 1323,3059,3144,3170,3227,3467,7033,8768,8853,8879,8936,9176,	
Rabdomiolisis 2 676 2 1321,7031,	
antiemético 2 676 2 1314,7024,	
incluidos 5 676 5 2385,2408,4470,8094,8117,	
profiláctico 2 676 2 1313,7023,	
Todos 2 676 2 1307,7017,	
activo 2 676 2 1303,7013,	
IC 2 676 2 3889,9598,	
inmediatamente 5 676 5 1298,5045,5052,5618,7008,	
iniciará 2 676 2 1297,7007,	
inmediato 9 676 9 1292,1405,1787,2173,5519,7002,7115,7497,7882,	
presenten 2 676 2 1285,6995,	
posteriormente 2 676 2 1271,6981,	
fluconazol 2 676 2 1863,7572,	
basal) 2 676 2 1260,6970,	
(momento 2 676 2 1259,6969,	
recuento 2 676 2 1251,6961,	
leucocitaria 2 676 2 1249,6959,	
fórmula 2 676 2 1248,6958,	
incluyan 2 676 2 1247,6957,	
completos 2 676 2 1245,6955,	
hemogramas 2 676 2 1244,6954,	
asociados 8 676 8 1236,1451,1638,3512,6946,7161,7348,9221,	
abundancia 1 676 1 5622,	
neutropenia 16 676 16 1228,2478,2520,2797,2811,2826,2848,2863,6938,8187,8229,8506,8520,8535,8557,8572,	
casos 10 676 10 1226,1353,2524,3105,3349,6936,7063,8233,8814,9058,	
frecuencia 6 676 6 1225,2501,2618,6935,8210,8327,	
notificado 8 676 8 1223,1352,1482,2324,6933,7062,7192,8033,	
Se 23 676 23 1221,1241,1433,1628,2246,2486,2846,3563,3697,3994,4675,4820,5373,6931,6951,7143,7338,7955,8195,8555,9272,9406,9702,	
utilizar 15 676 15 1202,1335,1738,2118,2302,2318,2352,5437,6912,7045,7448,7827,8011,8027,8061,	
monitorizarse 4 676 4 1193,2098,6903,7807,	
estrecha 5 676 5 1158,1612,4612,6868,7322,	
monitorización 5 676 5 1157,1611,4611,6867,7321,	
someterse 2 676 2 1154,6864,	
activa 2 676 2 1152,6862,	
crónica 2 676 2 1151,6861,	
hepatitis 2 676 2 1150,6860,	
clínicamente 3 676 3 1147,4236,6857,	
hepatopatías 2 676 2 1146,6856,	
razón 2 676 2 1142,6852,	
consecuentemente 2 676 2 1135,6845,	
aumente 2 676 2 1125,6835,	
debido 6 676 6 1120,1936,4057,6830,7645,9765,	
iniciar 6 676 6 1112,1256,3277,6822,6966,8986,	
respecto 2 676 2 1102,6812,	
Insuficiencia 6 676 6 1093,1186,4465,4569,6803,6896,	
Advertencias 2 676 2 1087,6797,	
amarilla 4 676 4 1080,1708,6790,7418,	
vacuna 4 676 4 1076,1704,6786,7414,	
ajuste 2 676 2 1165,6875,	
combinado 2 676 2 1073,6783,	
Lactancia 4 676 4 1066,2245,6776,7954,	
controlada 2 676 2 1064,6774,	
concurrente 2 676 2 1060,6770,	
Infección 4 676 4 1059,2734,6769,8443,	
Hipersensibilidad 2 676 2 1048,6758,	
Contraindicaciones 2 676 2 1046,6756,	
dilución 6 676 6 1032,5100,5319,5568,5577,6742,	
reconstitución 7 676 7 1030,5017,5087,5257,5566,5574,6740,	
instrucciones 2 676 2 1027,6737,	
Ver 2 676 2 1025,6735,	
moderada 2 676 2 1024,6734,	
reacciones 25 676 25 2102,2344,2437,2453,2464,2489,2503,2536,2569,2596,2941,3340,4812,7811,8053,8146,8162,8173,8198,8212,8245,8278,8305,8650,9049,	
leve 2 676 2 1022,6732,	
1/100) 2 676 2 2563,8272,	
ajustes 2 676 2 1014,6724,	
2) 16 676 16 1009,1185,1217,1281,1320,1348,1533,1558,6719,6895,6927,6991,7030,7058,7243,7268,	
farmacocinéticas 4 676 4 1002,4111,6712,9819,	
características 2 676 2 1001,6711,	
Considerando 2 676 2 999,6709,	
locales 2 676 2 4813,5648,	
ml/min) 3 676 3 982,4499,6692,	
(aclaramiento 2 676 2 977,6687,	
grave 8 676 8 976,1061,1578,4787,4843,6686,6771,7288,	
renal 18 676 18 965,975,1021,1187,1372,2425,2530,4260,4466,4481,4558,6675,6685,6731,6897,7082,8134,8239,	
4) 14 676 14 961,998,1084,1897,1945,2160,3119,6671,6708,6794,7606,7654,7869,8828,	
elevados 6 676 6 949,1173,1505,6659,6883,7215,	
Los 28 676 28 945,1095,1169,1282,1508,1729,1946,2337,2603,3120,3210,3266,4622,4653,4702,4780,6655,6805,6879,6992,7218,7439,7655,8046,8312,8829,8919,8975,	
hepatotoxicidad 11 676 11 944,1139,1640,1654,1939,4771,6654,6849,7350,7364,7648,	
riesgo 12 676 12 942,1137,1462,1652,2077,3867,6652,6847,7172,7362,7786,9576,	
aumentar 3 676 3 940,4598,6650,	
sistémica 9 676 9 936,1128,1921,4114,4601,6646,6838,7630,9822,	
marcada 2 676 2 4298,4551,	
incremente 4 676 4 933,1134,6643,6844,	
probable 5 676 5 930,1118,4947,6640,6828,	
sea 6 676 6 919,3621,4106,6629,9330,9814,	
adoptar 2 676 2 913,6623,	
aconseja 2 676 2 912,6622,	
obstante 7 676 7 910,2033,2321,4863,6620,7742,8030,	
menor 4 676 4 903,3649,6613,9358,	
inicio 4 676 4 902,2869,6612,8578,	
recomendar 2 676 2 898,6608,	
dispone 11 676 11 894,2019,3564,3595,3995,4512,6604,7728,9273,9304,9703,	
disfunción 2 676 2 888,6598,	
propuesto 2 676 2 884,6594,	
hepática 24 676 24 875,889,908,1094,1109,1124,1369,1472,2528,3328,3589,4570,4596,6585,6599,6618,6804,6819,6834,7079,7182,8237,9037,9298,	
insuficiencia 18 676 18 874,907,964,974,1020,1123,1371,2529,4557,4595,6584,6617,6674,6684,6730,6833,7081,8238,	
rutinaria 2 676 2 871,6581,	
únicamente 2 676 2 864,6574,	
función 11 676 11 863,1108,1368,1471,4480,4660,4803,6573,6818,7078,7181,	
ajustar 6 676 6 859,921,4971,4978,6569,6631,	
afectados 2 676 2 849,6560,	
necesitar 2 676 2 1524,7234,	
vean 2 676 2 848,6559,	
distribución 9 676 9 843,1976,4158,4175,4204,6554,7685,9866,9883,	
volumen 6 676 6 841,4172,4202,5353,6552,9880,	
plasmático 6 676 6 838,4345,4407,4443,4589,6549,	
aclaramiento 13 676 13 837,1189,1208,4344,4359,4406,4442,4488,4519,4588,6548,6899,6918,	
perfil 6 676 6 829,2365,4147,6540,8074,9855,	
diferencias 4 676 4 825,3946,6536,9655,	
observaron 12 676 12 824,3058,3201,3242,3466,3484,6535,8767,8910,8951,9175,9193,	
población 5 676 5 819,992,4281,6530,6702,	
edad 11 676 11 816,852,868,1735,2115,4434,6527,6563,6578,7445,7824,	
años 2 676 2 814,6525,	
astenia 4 676 4 2330,2747,8039,8456,	
65 2 676 2 813,6524,	
repetidas 1 676 1 4925,	
tenían 2 676 2 810,6521,	
integrado 2 676 2 809,6520,	
análisis 12 676 12 806,2820,2906,2992,3846,4426,4573,6517,8529,8615,8701,9555,	
89) 1 676 1 4357,	
93 2 676 2 2949,8658,	
164 2 676 2 803,6514,	
% 112 676 112 799,2432,2448,2496,2574,2626,2791,2801,2805,2838,2841,2853,2858,2887,2891,2924,2928,2936,2950,2960,2974,2978,3010,3014,3048,3052,3069,3073,3134,3138,3157,3161,3196,3237,3256,3307,3335,3357,3362,3370,3375,3392,3409,3423,3427,3443,3461,3479,3500,3519,3543,3865,3979,4191,4318,4334,4413,4422,4532,6510,8141,8157,8205,8283,8335,8500,8510,8514,8547,8550,8562,8567,8596,8600,8633,8637,8645,8659,8669,8683,8687,8719,8723,8757,8761,8778,8782,8843,8847,8866,8870,8905,8946,8965,9016,9044,9066,9071,9079,9084,9101,9118,9132,9136,9152,9170,9188,9209,9228,9252,9574,9688,	
general 2 676 2 796,6507,	
soporte 2 676 2 1302,7012,	
específicos 4 676 4 791,1101,6502,6811,	
realizado 15 676 15 789,879,969,1834,2307,3757,4900,4910,5090,6500,6589,6679,7543,8016,9466,	
ancianos 4 676 4 785,794,6496,6505,	
disponga 2 676 2 780,6491,	
adolescentes 2 676 2 776,6487,	
3) 6 676 6 2084,2177,2292,7793,7886,8001,	
utilizarse 10 676 10 772,989,1500,2056,5204,5259,6483,6699,7210,7765,	
Por 11 676 11 766,854,890,1140,1373,4385,6477,6564,6600,6850,7083,	
todavía 2 676 2 765,6476,	
establecido 4 676 4 764,1987,6475,7696,	
utilización 2 676 2 755,6466,	
seguridad 12 676 12 750,808,831,2367,3747,4621,4857,6461,6519,6542,8076,9456,	
pediátricos 4 676 4 748,760,6459,6471,	
Pacientes 8 676 8 747,784,872,962,6458,6495,6582,6672,	
(24 2 676 2 2638,8347,	
especiales 9 676 9 746,915,1090,4424,5117,5193,6457,6625,6800,	
múltiples 3 676 3 741,4830,6452,	
observado 4 676 4 730,4928,5655,6441,	
(en 1 676 1 4671,	
han 29 676 29 729,788,878,968,1222,1351,1481,1833,1949,2306,2487,2592,4449,4665,4899,4909,5654,6440,6499,6588,6678,6932,7061,7191,7542,7658,8015,8196,8301,	
No 37 676 37 727,786,832,876,909,966,1199,1332,1676,1831,2017,2032,2257,2304,2320,3943,4447,4510,4897,4907,5652,6438,6497,6543,6586,6619,6676,6909,7042,7386,7540,7726,7741,7966,8013,8029,9652,	
38 6 676 6 725,3047,3360,6436,8756,9069,	
utilizado 5 676 5 723,2593,5628,6434,8302,	
régimen 7 676 7 720,883,3959,4678,6431,6593,9668,	
Tratamiento 2 676 2 1072,6782,	
Este 7 676 7 719,1792,4043,4370,6430,7502,9751,	
propuestas 2 676 2 718,6429,	
pauta 6 676 6 717,2397,4020,6428,8106,9728,	
habían 4 676 4 3106,3114,8815,8823,	
tratados 10 676 10 711,955,1179,2390,3873,6422,6665,6889,8099,9582,	
%) 13 676 13 709,3992,4272,4320,4337,5336,5349,5405,5416,5477,5488,6420,9701,	
(29 2 676 2 707,6418,	
c/ 2 676 2 3882,9591,	
569 4 676 4 706,2383,6417,8092,	
siguió 2 676 2 2864,8573,	
168 2 676 2 704,6415,	
Dolor 2 676 2 2679,8388,	
administrado 2 676 2 697,6408,	
continuó 2 676 2 687,6398,	
El 24 676 24 685,1188,1655,2229,2819,2905,2991,3075,3845,4146,4201,5352,5555,5604,6396,6898,7365,7938,8528,8614,8700,8784,9554,9854,	
número 3 676 3 681,4930,6392,	
predefinidos 2 676 2 677,6388,	
hubo 2 676 2 675,6386,	
clínicos 9 676 9 673,2022,2388,2633,4474,6384,7731,8097,8342,	
ensayos 17 676 17 672,790,880,970,2387,2632,4004,4023,4473,6383,6501,6590,6680,8096,8341,9712,9731,	
Duración 2 676 2 667,6378,	
contribuir 1 676 1 4243,	
suspensión 2 676 2 664,6375,	
considerarse 6 676 6 662,1618,2222,6373,7328,7931,	
reduciendo 2 676 2 658,6369,	
seguir 2 676 2 657,6368,	
podría 6 676 6 646,939,1867,6357,6649,7576,	
beneficio 4 676 4 642,691,6353,6402,	
muestre 2 676 2 640,6351,	
reaparece 2 676 2 631,6342,	
relevantes 5 676 5 826,1148,4237,6537,6858,	
toxicidades 12 676 12 630,731,1383,1615,1893,3578,6341,6442,7093,7325,7602,9287,	
Poblaciones 3 676 3 743,4423,6454,	
escalado 2 676 2 619,6330,	
realizar 9 676 9 617,1013,1163,1243,5425,6328,6723,6873,6953,	
indica 1 676 1 4554,	
recomienda 8 676 8 616,858,1012,1678,6327,6568,6722,7388,	
reducido 2 676 2 611,6322,	
Cuando 4 676 4 606,1559,6317,7269,	
proporcionar 6 676 6 2203,2226,2589,7912,7935,8298,	
cansancio) 2 676 2 605,6316,	
vómitos 12 676 12 604,1306,2476,3343,3353,3383,6315,7016,8185,9052,9062,9092,	
(como 2 676 2 602,6313,	
adverso 2 676 2 596,6307,	
Cualquier 2 676 2 593,6304,	
21 2 676 2 591,6302,	
día 2 676 2 590,6301,	
recuperado 2 676 2 587,6298,	
ALT) 2 676 2 577,6288,	
dichas 2 676 2 3064,8773,	
(AST 2 676 2 575,6286,	
aminotransferasas 2 676 2 574,6285,	
niveles 28 676 28 572,948,1172,1389,1488,1504,1514,2483,3024,3182,3470,3488,3509,4686,4703,6283,6658,6882,7099,7198,7214,7224,8192,8733,8891,9179,9197,9218,	
y/o 6 676 6 560,1370,1980,6271,7080,7689,	
> 8 676 8 558,563,578,1341,6269,6274,6289,7051,	
valores 9 676 9 555,2600,3081,3267,4495,6266,8309,8790,8976,	
Incremento 6 676 6 552,569,2646,6263,6280,8355,	
Trombocitopenia 4 676 4 546,2883,6257,8592,	
infección 4 676 4 544,2882,6255,8591,	
fiebre 10 676 10 542,1079,1286,1707,2880,6253,6789,6996,7417,8589,	
asociada 4 676 4 540,2878,6251,8587,	
hepatocelular 1 676 1 4806,	
días 10 676 10 538,3086,3097,3190,3209,6249,8795,8806,8899,8918,	
duración 6 676 6 534,3810,3835,6245,9519,9544,	
semanas)] 2 676 2 2641,8350,	
< 18 676 18 531,547,980,1211,2554,2562,2856,2926,2934,6242,6258,6690,6921,8263,8271,8565,8635,8643,	
Neutropenia 8 676 8 530,1218,2667,2787,6241,6928,8376,8496,	
reducirse 4 676 4 521,647,6232,6358,	
deberá 8 676 8 520,1617,2221,5041,5516,6231,7327,7930,	
momento 4 676 4 514,2969,6225,8678,	
síntomas 2 676 2 3312,9021,	
acontecimientos 4 676 4 511,3670,6222,9379,	
produzca 4 676 4 506,2195,6217,7904,	
anteriormente 4 676 4 500,1396,6211,7106,	
definidos 2 676 2 499,6210,	
basales 2 676 2 498,6209,	
preclínicos 4 676 4 1948,4619,4624,7657,	
cumplir 4 676 4 495,1098,6206,6808,	
repetición 2 676 2 477,6188,	
acumuladas 2 676 2 732,6443,	
cumpla 2 676 2 473,6184,	
paciente 10 676 10 472,638,1377,1428,2074,6183,6349,7087,7138,7783,	
3-4 14 676 14 468,3386,3403,3418,3436,3452,3528,6179,9095,9112,9127,9145,9161,9237,	
grado 56 676 56 467,598,1232,2441,2459,2470,2813,2816,2899,2902,3032,3061,3110,3123,3146,3177,3248,3251,3264,3385,3402,3417,3435,3451,3475,3492,3527,3558,6178,6309,6942,8150,8168,8179,8522,8525,8608,8611,8741,8770,8819,8832,8855,8886,8957,8960,8973,9094,9111,9126,9144,9160,9184,9201,9236,9267,	
toxicidad 11 676 11 465,613,1999,4615,4784,4828,4882,4922,6176,6324,7708,	
observe 2 676 2 464,6175,	
50 3 676 3 5346,5413,5485,	
administrará 2 676 2 456,6167,	
tratamientos 2 676 2 450,6161,	
vez 6 676 6 448,1275,2875,6159,6985,8584,	
controlarse 2 676 2 444,6155,	
deberán 8 676 8 443,1310,2006,2097,6154,7020,7715,7806,	
posteriores 5 676 5 442,635,5308,6153,6346,	
primeros 4 676 4 434,1266,6145,6976,	
semana 6 676 6 430,1262,3274,6141,6972,8983,	
CPK 16 676 16 428,1327,1340,1391,3455,3472,3490,3511,6139,7037,7050,7101,9164,9181,9199,9220,	
fosfatasa 6 676 6 424,561,1519,6135,6272,7229,	
embarazadas 1 676 1 5597,	
bilirrubina 14 676 14 423,557,951,1175,1507,3246,3270,6134,6268,6661,6885,7217,8955,8979,	
hematológicos 4 676 4 422,2782,6133,8491,	
anualmente 2 676 2 4081,9789,	
parámetros 4 676 4 421,1105,6132,6815,	
adicionales 4 676 4 418,3998,6129,9706,	
compuesto 1 676 1 4942,	
controles 2 676 2 417,6128,	
realizarse 2 676 2 416,6127,	
Deben 4 676 4 415,5203,5541,6126,	
Náuseas 4 676 4 1304,3342,7014,9051,	
retrasarse 2 676 2 401,6112,	
contrario 4 676 4 397,2363,6108,8072,	
caso 14 676 14 396,502,652,1161,1295,1879,3604,6107,6213,6363,6871,7005,7588,9313,	
En 51 676 51 395,451,501,651,670,795,817,1293,1474,1877,2003,2788,2798,2933,2971,3095,3253,3367,3388,3476,3496,3590,3603,3786,4021,4467,6106,6162,6212,6362,6381,6506,6528,7003,7184,7586,7712,8497,8507,8642,8680,8804,8962,9076,9097,9185,9205,9299,9312,9495,9729,	
Ajuste 2 676 2 480,6191,	
cumplirse 2 676 2 391,6102,	
repetir 4 676 4 387,489,6098,6200,	
Antes 5 676 5 385,487,5491,6096,6198,	
g/dl 2 676 2 383,6094,	
9 19 676 19 382,2495,3422,3437,3561,3969,4531,5332,5335,5401,5404,5473,5476,5716,6093,8204,9131,9270,9678,	
Hemoglobina 2 676 2 381,6092,	
(CPK) 2 676 2 376,6087,	
Creatina 2 676 2 374,6085,	
ml/min 5 676 5 372,1213,4526,6083,6923,	
máximo 4 676 4 405,3187,6116,8896,	
creatinina 12 676 12 370,979,1191,1210,2656,4490,4521,6081,6689,6901,6920,8365,	
Aclaramiento 2 676 2 368,6079,	
(AST) 6 676 6 362,1492,3038,6073,7202,8747,	
aspartato 6 676 6 360,1490,3036,6071,7200,8745,	
(ALT) 6 676 6 358,1496,3044,6069,7206,8753,	
aminotransferasa 16 676 16 357,361,426,1491,1495,2770,3037,3043,6068,6072,6137,7201,7205,8479,8746,8752,	
Alanina 2 676 2 356,6067,	
g/l 2 676 2 354,6065,	
Albúmina 2 676 2 352,6063,	
GGT) 2 676 2 350,6061,	
mascarilla 1 676 1 5585,	
5-nucleotidasa 2 676 2 348,6059,	
hepáticas 5 676 5 347,3296,4583,6058,9005,	
isoenzimas 2 676 2 346,6057,	
%- 1 676 1 4189,	
considerar 3 676 3 343,4396,6054,	
deben 41 676 41 342,390,494,953,1097,1153,1177,1242,1287,1385,1402,1434,1629,1737,1748,1765,2117,2130,2147,2349,5599,6053,6101,6205,6663,6807,6863,6887,6952,6997,7095,7112,7144,7339,7447,7458,7475,7826,7839,7856,8058,	
óseo 2 676 2 340,6051,	
respiratoria 1 676 1 4663,	
origen 2 676 2 339,6050,	
pudiera 2 676 2 336,6047,	
elevación 2 676 2 335,6046,	
(si 2 676 2 333,6044,	
LSN 14 676 14 332,366,379,559,567,582,1344,6043,6077,6090,6270,6278,6293,7054,	
alcalina 8 676 8 329,425,562,1520,6040,6136,6273,7230,	
Fosfatasa 2 676 2 328,6039,	
(LSN) 2 676 2 326,6037,	
superior 4 676 4 322,535,6033,6246,	
límite 2 676 2 321,6032,	
Bilirrubina 2 676 2 320,6031,	
000/mm3 4 676 4 318,549,6029,6260,	
100 4 676 4 317,4029,6028,9737,	
plaquetas 4 676 4 316,1253,6027,6963,	
individual 2 676 2 4418,5367,	
- 39 676 39 313,319,327,345,355,367,373,380,384,545,550,551,568,592,1047,1058,1065,1071,3892,5080,6024,6030,6038,6056,6066,6078,6084,6091,6095,6256,6261,6262,6279,6303,6757,6768,6775,6781,9601,	
terapéutico 1 676 1 4648,	
500/mm3 4 676 4 312,532,6023,6243,	
(RAN) 2 676 2 310,6021,	
neutrófilos 2 676 2 309,6020,	
absoluto 2 676 2 307,6018,	
Recuento 4 676 4 306,314,6017,6025,	
criterios 14 676 14 305,394,414,475,497,866,1100,6016,6105,6125,6186,6208,6576,6810,	
siguientes 8 676 8 304,510,529,625,6015,6221,6240,6336,	
ó 8 676 8 600,1234,2461,3494,6311,6944,8170,9203,	
cumplan 4 676 4 302,412,6013,6123,	
mutagénico) 1 676 1 4945,	
trombocitopenia 12 676 12 1220,1230,2668,2897,2912,2945,6930,6940,8377,8606,8621,8654,	
permitir 2 676 2 293,6004,	
contenga 2 676 2 5391,5462,	
hematopoyética 1 676 1 4785,	
antieméticos 2 676 2 291,6002,	
además 2 676 2 289,6000,	
necesario 17 676 17 285,299,656,920,1162,2064,3622,4107,5354,5996,6010,6367,6630,6872,7773,9331,9815,	
fuera 6 676 6 284,655,2062,5995,6366,7771,	
Si 14 676 14 283,626,1603,2065,2089,2213,5046,5433,5994,6337,7313,7774,7798,7922,	
global 2 676 2 3951,9660,	
exposición 11 676 11 935,1127,1920,2025,4113,4600,6645,6837,7629,7734,9821,	
normalidad 2 676 2 325,6036,	
hepatoprotectores 2 676 2 282,5993,	
efectos 15 676 15 281,2182,2311,2512,2604,3570,4452,4654,4775,5992,7891,8020,8221,8313,9279,	
produce 10 676 10 280,1778,2164,2218,3691,5991,7488,7873,7927,9400,	
parece 4 676 4 278,833,5989,6544,	
antiemética 2 676 2 274,5985,	
profilaxis 2 676 2 273,5984,	
sólo 2 676 2 271,5982,	
dexametasona 4 676 4 266,1316,5977,7026,	
20 6 676 6 263,798,3137,5974,6509,8846,	
administrar 4 676 4 258,288,5969,5999,	
les 6 676 6 256,739,3817,5967,6450,9526,	
minutos 2 676 2 250,5961,	
30 10 676 10 249,371,981,1212,5027,5109,5960,6082,6691,6922,	
muestra 2 676 2 2567,8276,	
consumo 2 676 2 1933,7642,	
6) 8 676 8 248,1070,1791,3974,5959,6780,7501,9683,	
apartado 44 676 44 246,959,996,1007,1068,1082,1183,1215,1279,1318,1346,1531,1556,1600,1726,1789,1895,1943,2082,2158,2175,2290,5957,6669,6706,6717,6778,6792,6893,6925,6989,7028,7056,7241,7266,7310,7436,7499,7604,7652,7791,7867,7884,7999,	
(ver 46 676 46 245,958,995,1006,1067,1081,1182,1214,1278,1317,1345,1530,1555,1599,1709,1725,1788,1894,1942,2081,2157,2174,2289,5956,6668,6705,6716,6777,6791,6892,6924,6988,7027,7055,7240,7265,7309,7419,7435,7498,7603,7651,7790,7866,7883,7998,	
central 7 676 7 244,1554,4640,5432,5441,5955,7264,	
venosa 9 676 9 243,1553,1569,5431,5440,5449,5954,7263,7279,	
vía 11 676 11 242,268,1552,1568,5430,5439,5448,5953,5979,7262,7278,	
través 9 676 9 239,1549,1565,1846,5427,5950,7259,7275,7555,	
fármaco 6 676 6 237,4565,4604,5281,5579,5948,	
precauciones 4 676 4 914,1089,6624,6799,	
recomendable 4 676 4 232,1542,5943,7252,	
Es 6 676 6 230,1117,1540,5941,6827,7250,	
ciclos 51 676 51 229,435,441,454,517,528,624,634,683,702,726,742,1267,1277,1522,2822,2844,2861,2908,2931,2994,3017,3141,3164,3199,4831,5940,6146,6152,6165,6228,6239,6335,6345,6394,6413,6437,6453,6977,6987,7232,8531,8553,8570,8617,8640,8703,8726,8850,8873,8908,	
semanas 18 676 18 227,408,3286,3813,3838,3844,3884,3918,3965,5938,6119,8995,9522,9547,9553,9593,9627,9674,	
tres 2 676 2 226,5937,	
intervalo 3 676 3 224,4646,5935,	
horas 12 676 12 221,3808,3833,4128,4758,5028,5077,5110,5932,9517,9542,9836,	
24 16 676 16 220,2804,3807,3880,3915,3962,4127,4731,5076,5931,8513,9516,9589,9624,9671,9835,	
periodo 4 676 4 218,404,5929,6115,	
durante 45 676 45 216,402,431,484,698,1196,1263,1742,2029,2049,2057,2068,2122,2214,2275,2279,2345,3836,3879,3935,4126,4730,5108,5572,5927,6113,6142,6195,6409,6906,6973,7452,7738,7758,7766,7777,7831,7923,7984,7988,8054,9545,9588,9644,9834,	
eficaces 4 676 4 1741,2121,7451,7830,	
intravenosa 13 676 13 215,269,3805,3830,4122,4163,5202,5926,5980,9514,9539,9830,9871,	
mediante 7 676 7 213,3802,4486,4667,4754,5924,9511,	
administrados 4 676 4 212,684,5923,6395,	
corporal 3 676 3 211,5372,5922,	
superficie 3 676 3 210,5371,5921,	
98 1 676 1 4190,	
mg/m2 12 676 12 208,525,650,3799,3825,4144,5919,6236,6361,9508,9534,9852,	
5 55 676 55 207,331,364,378,537,565,580,708,1008,1343,1770,1811,1813,2083,2152,2176,3085,3361,3374,3624,3798,3927,3991,4108,4216,4332,4350,4616,4712,5143,5230,5264,5918,6042,6075,6089,6248,6276,6291,6419,6718,7053,7480,7522,7792,7861,7885,8794,9070,9083,9333,9507,9636,9700,9816,	
recomendada 4 676 4 203,2399,5914,8108,	
dosis 45 676 45 202,459,483,519,608,621,645,660,714,861,900,923,1016,1168,1529,1625,3795,3820,4133,4139,4295,4547,4753,4924,5366,5913,6170,6194,6230,6319,6332,6356,6371,6425,6571,6610,6633,6726,6878,7239,7335,9504,9529,9841,9847,	
citotóxicos 4 676 4 200,5554,5651,5911,	
agentes 2 676 2 199,5910,	
actualidad 2 676 2 3592,9301,	
especializados 2 676 2 194,5905,	
individuales 2 676 2 3313,9022,	
congénitos 2 676 2 2044,7753,	
sanitarios 2 676 2 193,5904,	
profesionales 2 676 2 192,5903,	
cualificados 2 676 2 188,5899,	
oncólogos 2 676 2 187,5898,	
limitarse 2 676 2 185,5896,	
Su 2 676 2 182,5893,	
niños 2 676 2 774,6485,	
quimioterapia 2 676 2 181,5892,	
experiencia 2 676 2 176,5887,	
médico 8 676 8 174,1290,1785,2171,5885,7000,7495,7880,	
supervisión 2 676 2 171,5882,	
administrarse 3 676 3 168,5517,5879,	
debe 44 676 44 167,184,257,400,661,771,988,1192,1201,1334,1419,1499,1782,1930,2055,2168,2202,4608,4987,5211,5323,5374,5454,5537,5557,5580,5616,5878,5895,5968,6111,6372,6482,6698,6902,6911,7044,7129,7209,7492,7639,7764,7877,7911,	
Mina 1 676 1 5702,	
efecto 3 676 3 595,4631,6306,	
x 9 676 9 365,566,581,1330,5365,6076,6277,6292,7040,	
administración 27 676 27 165,197,234,1038,1545,1588,1698,1961,2751,4117,4162,4292,4749,4848,5421,5494,5876,5908,5945,6748,7255,7298,7408,7670,8460,9825,9870,	
forma 12 676 12 163,870,1443,1642,3827,4119,5874,6580,7153,7352,9536,9827,	
reconstituirse 1 676 1 5212,	
Posología 2 676 2 161,5872,	
leiomiosarcoma 6 676 6 158,3763,4034,5869,9472,9742,	
liposarcoma 4 676 4 156,3761,5867,9470,	
datos 18 676 18 152,783,896,1947,2021,2380,3567,3997,4514,4623,5863,6494,6606,7656,7730,8089,9276,9705,	
fundamentalmente 2 676 2 150,5861,	
basa 4 676 4 149,3752,5860,9461,	
eficacia 8 676 8 147,752,3745,4000,5858,6463,9454,9708,	
náuseas 10 676 10 603,2474,2695,3351,3381,6314,8183,8404,9060,9090,	
La 50 676 50 146,201,693,749,1840,1960,2052,2178,2271,2564,2862,3166,3324,3643,3744,3953,4074,4112,4219,4246,4258,4273,4398,4527,4767,4887,5238,5285,5320,5511,5623,5701,5857,5912,6404,6460,7549,7669,7761,7887,7980,8273,8571,8875,9033,9352,9453,9662,9782,9820,	
productos 2 676 2 145,5856,	
dichos 2 676 2 144,5855,	
antineoplásico 1 676 1 5529,	
recibir 6 676 6 143,253,1311,5854,5964,7021,	
candidatos 2 676 2 141,5852,	
sean 2 676 2 140,5851,	
ifosfamida 4 676 4 135,3785,5846,9494,	
e 12 676 12 134,1871,2479,2731,3708,3784,5845,7580,8188,8440,9417,9493,	
antraciclinas 4 676 4 133,3783,5844,9492,	
fracasado 2 676 2 129,5840,	
haya 7 676 7 128,586,610,5089,5839,6297,6321,	
avanzado 4 676 4 124,3767,5835,9476,	
estadio 2 676 2 123,5834,	
blandos 4 676 4 121,2413,5832,8122,	
tejidos 4 676 4 120,2412,5831,8121,	
inyección 7 676 7 1539,1583,2761,4819,7249,7293,8470,	
sarcoma 8 676 8 118,2409,3729,4042,5829,8118,9438,9750,	
pacientes 141 676 141 116,154,262,493,710,734,745,759,793,804,821,886,905,926,946,972,994,1018,1096,1144,1170,1205,1283,1309,1338,1479,1502,1509,1572,2207,2237,2332,2338,2384,2435,2451,2499,2577,2629,2794,2808,2894,2939,2953,2963,2981,3055,3240,3259,3338,3365,3378,3395,3412,3430,3446,3464,3482,3503,3522,3612,3759,3793,3872,3982,4030,4037,4301,4469,4484,4516,4536,4593,4721,5827,5865,5973,6204,6421,6445,6456,6470,6504,6515,6532,6596,6615,6636,6656,6682,6704,6728,6806,6854,6880,6915,6993,7019,7048,7189,7212,7219,7282,7916,7946,8041,8047,8093,8144,8160,8208,8286,8338,8503,8517,8603,8648,8662,8672,8690,8764,8949,8968,9047,9074,9087,9104,9121,9139,9155,9173,9191,9212,9231,9321,9468,9502,9581,9691,9738,9745,	
tratamiento 77 676 77 114,131,295,389,399,437,479,486,491,666,669,686,1114,1198,1238,1258,1269,1300,1312,1422,1744,1760,1774,1927,2124,2142,2156,2192,2200,2216,2244,2277,2334,2347,2402,3100,3279,3779,4886,5825,5842,6006,6100,6110,6148,6190,6197,6202,6377,6380,6397,6824,6908,6948,6968,6979,7010,7022,7132,7454,7470,7484,7636,7833,7851,7865,7901,7909,7925,7953,7986,8043,8056,8111,8809,8988,9488,	
indicado 4 676 4 111,1395,5822,7105,	
sellado 1 676 1 5168,	
está 8 676 8 110,2233,2273,4197,5249,5821,7942,7982,	
(valores 1 676 1 4690,	
Yondelis 31 676 31 109,166,254,297,957,986,1116,1424,1497,1591,2126,2194,2369,4984,5149,5210,5525,5658,5820,5877,5965,6008,6667,6696,6826,7134,7207,7301,7835,7903,8078,	
terapéuticas 2 676 2 108,5819,	
Indicaciones 2 676 2 107,5818,	
	"4 2 676 2 105,5816,	
CLÍNICOS 2 676 2 104,5815,	
DATOS 3 676 3 103,4957,5814,	
4 97 676 97 102,159,601,960,997,1044,1069,1083,1085,1086,1184,1216,1235,1280,1319,1347,1532,1557,1601,1711,1714,1727,1790,1812,1896,1944,2011,2159,2291,2293,2354,2462,2817,2831,2903,2917,2989,3003,3062,3118,3147,3478,3495,3560,3843,3906,4498,4525,4713,5115,5784,5813,5870,6312,6670,6707,6754,6779,6793,6795,6796,6894,6926,6945,6990,7029,7057,7242,7267,7311,7421,7424,7437,7500,7521,7605,7653,7720,7868,8000,8002,8063,8171,8526,8540,8612,8626,8698,8712,8771,8827,8856,9187,9204,9269,9552,9615,	
blanquecino 2 676 2 101,5812,	
equilibrio 1 676 1 4206,	
o 50 676 50 100,136,157,349,539,543,576,700,1023,1052,1062,1865,1912,2881,3112,3179,3321,3762,3765,3775,3814,4095,4566,5291,5339,5408,5480,5612,5811,5847,5868,6060,6250,6254,6287,6411,6733,6762,6772,7574,7621,8590,8821,8888,9030,9471,9474,9484,9523,9803,	
blanco 2 676 2 99,5810,	
Polvo 2 676 2 98,5809,	
	Polvo 2 676 2 91,5802,	
FARMACÉUTICA 2 676 2 90,5801,	
FORMA 2 676 2 89,5800,	
afectación 2 676 2 2527,8236,	
3 72 676 72 88,407,599,853,1045,1233,1712,1754,2136,2281,2460,2814,2829,2900,2915,2923,2977,2987,3001,3009,3033,3068,3124,3265,3493,3542,3812,3832,3837,3883,3900,3922,3936,4003,4617,4757,4764,5005,5141,5799,6118,6310,6755,6943,7422,7464,7845,7990,8169,8523,8538,8609,8624,8632,8686,8696,8710,8718,8742,8777,8833,8974,9202,9251,9521,9541,9546,9592,9609,9631,9645,9711,	
6 29 676 29 86,247,699,1042,1043,2012,3369,3373,3864,4710,4956,4981,5002,5003,5004,5114,5140,5142,5190,5191,5797,5958,6410,6752,6753,7721,9078,9082,9573,	
sección 8 676 8 85,1041,3117,5001,5139,5796,6751,8826,	
mostraron 3 676 3 3223,4576,8932,	
ver 5 676 5 84,3116,5138,5795,8825,	
fosfoquinasa 4 676 4 375,2650,6086,8359,	
excipientes 5 676 5 83,1057,4963,5794,6767,	
destinada 1 676 1 5250,	
completa 4 676 4 81,4070,5792,9778,	
lista 2 676 2 80,5791,	
consultar 4 676 4 78,1288,5789,6998,	
Para 7 676 7 77,292,2588,5128,5788,6003,8297,	
necesarias 2 676 2 1885,7594,	
sacarosa 2 676 2 76,5787,	
límites 2 676 2 676,6387,	
g 2 676 2 74,5785,	
potasio 6 676 6 70,1802,4967,4976,5781,7512,	
Cada 5 676 5 64,5177,5185,5219,5775,	
Excipientes 2 676 2 63,5774,	
05 4 676 4 59,5246,5302,5770,	
alcalinización 2 676 2 1412,7122,	
reconstituida 7 676 7 56,5040,5287,5299,5322,5453,5767,	
ml 6 676 6 53,5231,5265,5393,5465,5764,	
trabectedina 110 676 110 51,62,694,757,846,1005,1051,1131,1181,1203,1240,1336,1445,1563,1627,1645,1659,1682,1700,1722,1830,1841,1876,1924,1929,1953,1979,2040,2053,2092,2179,2250,2265,2336,3534,3575,3602,3644,3702,3750,3801,4151,4169,4194,4209,4233,4247,4263,4297,4348,4361,4393,4409,4446,4464,4509,4550,4591,4628,4657,4706,4779,4888,4915,5184,5226,5305,5762,5773,6405,6468,6557,6715,6761,6841,6891,6913,6950,7046,7155,7273,7337,7355,7369,7392,7410,7432,7539,7550,7585,7633,7638,7662,7688,7749,7762,7801,7888,7959,7974,8045,9243,9284,9311,9353,9411,9459,9510,9859,9877,	
contiene 11 676 11 46,57,66,1794,5179,5187,5300,5758,5768,5777,7504,	
clínico 5 676 5 643,692,4647,6354,6403,	
vial 11 676 11 45,65,5154,5178,5189,5220,5274,5277,5377,5757,5776,	
completamente 1 676 1 5284,	
	Cada 2 676 2 44,5756,	
CUANTITATIVA 2 676 2 43,5755,	
Y 2 676 2 42,5754,	
(19-83 1 676 1 4435,	
CUALITATIVA 2 676 2 41,5753,	
COMPOSICIÓN 2 676 2 40,5752,	
2 44 676 44 39,67,160,330,351,363,377,524,564,579,1342,2852,2890,3160,3195,3252,3518,3904,3921,3925,3978,4109,4982,5078,5751,5871,6041,6074,6088,6235,6275,6290,7052,8561,8599,8869,8904,8961,9227,9613,9630,9634,9687,9817,	
l/h 1 676 1 4369,	
perfusión 30 676 30 38,97,214,3804,3829,3878,3914,3934,3961,4121,4755,5201,5218,5338,5351,5389,5407,5460,5479,5514,5750,5808,5925,9513,9538,9587,9623,9643,9670,9829,	
(IC 8 676 8 3903,3924,3971,3987,9612,9633,9680,9696,	
solución 18 676 18 36,55,95,5039,5239,5286,5298,5321,5327,5342,5381,5409,5452,5481,5512,5748,5766,5806,	
administraron 2 676 2 740,6451,	
concentrado 4 676 4 34,93,5746,5804,	
polvo 2 676 2 32,5744,	
mg 12 676 12 31,49,60,68,264,5182,5224,5743,5760,5771,5779,5975,	
25 12 676 12 30,48,353,548,3208,5030,5112,5181,5223,6064,6259,8917,	
0 22 676 22 29,47,58,72,3823,3887,3890,3893,3941,3989,5180,5222,5245,5301,5769,5783,9532,9596,9599,9602,9650,9698,	
	Yondelis 2 676 2 28,5741,	
MEDICAMENTO 4 676 4 27,3629,5740,9338,	
interrumpirse 2 676 2 1420,7130,	
NOMBRE 2 676 2 25,5738,	
PRODUCTO 1 676 1 23,	
DEL 4 676 4 22,26,5735,5739,	
grupo 8 676 8 2616,3876,3910,3931,8325,9585,9619,9640,	
CARACTERÍSTICAS 1 676 1 21,	
LAS 1 676 1 20,	
DE 10 676 10 19,3627,5685,5688,5710,5712,5718,5722,5732,9336,	
RESUMEN 1 676 1 18,	
I 2 676 2 17,5160,	
ANEXO 1 676 1 16,	
información 5 676 5 13,4069,4083,9777,9791,	
Toda 1 676 1 11,	
cardiovascular 2 676 2 4636,4661,	
91 2 676 2 2431,8140,	
medicamento 22 676 22 10,15,769,1034,1793,1941,2028,4044,4073,4086,5528,5570,5603,5626,6480,6744,7503,7650,7737,9752,9781,9794,	
Basica 1 676 1 8,	
	Información 1 676 1 7,	
persistió 2 676 2 689,6400,	
PERFUSION 1 676 1 6,	
SOL 1 676 1 5,	
POLVO 1 676 1 4,	
VIAL 1 676 1 3,	
1 79 676 79 2,24,52,73,87,106,206,311,523,649,802,1797,2494,2573,2625,2857,2927,2935,3013,3111,3156,3178,3249,3255,3306,3334,3391,3408,3426,3442,3499,3559,3631,3797,4142,4271,4682,4727,4735,4738,4739,4960,5463,5698,5737,5742,5759,5763,5798,5817,5917,6022,6234,6360,6513,7507,8203,8282,8334,8566,8636,8644,8722,8820,8865,8887,8958,8964,9015,9043,9100,9117,9135,9151,9208,9268,9340,9506,9850,	
1MG 1 676 1 1,	
YONDELIS 1 676 1 0,	
