	Prospectos 1 297 1 5268,	
2003 1 297 1 5267,	
enero 1 297 1 5265,	
REVISIÓN 1 297 1 5262,	
1997 1 297 1 5257,	
Junio 1 297 1 5256,	
PRIMERA 1 297 1 5249,	
FECHA 2 297 2 5246,5259,	
224 1 297 1 5244,	
64 1 297 1 5243,	
AEM 1 297 1 5242,	
Reg 1 297 1 5241,	
	Nº 1 297 1 5240,	
España 1 297 1 5232,	
08970 1 297 1 5230,	
Despi) 1 297 1 5228,	
(Sant 1 297 1 5226,	
3-5 1 297 1 5225,	
Baix 1 297 1 5223,	
Av 1 297 1 5222,	
L 1 297 1 5221,	
S 1 297 1 5220,	
BAYER 1 297 1 5219,	
COMERCIALIZACIÓN 2 297 2 5216,5239,	
AUTORIZACIÓN 4 297 4 5214,5237,5250,5255,	
LA 5 297 5 5213,5236,5248,5254,5261,	
TITULAR 1 297 1 5211,	
peligrosos 1 297 1 5209,	
biológicos 1 297 1 5208,	
residuos 1 297 1 5207,	
locales 1 297 1 5202,	
normas 1 297 1 5201,	
acuerdo 1 297 1 5198,	
eliminado 1 297 1 5195,	
exclusivamente 1 297 1 5188,	
retirada 1 297 1 5183,	
detallada 1 297 1 5177,	
ofrece 1 297 1 5175,	
médicos 1 297 1 5170,	
expone 1 297 1 5160,	
manipulación 2 297 2 5148,5205,	
Joan 1 297 1 5227,	
recubierto 1 297 1 5141,	
lámina 1 297 1 5137,	
sellada 1 297 1 5134,	
blister 1 297 1 5129,	
inoxidable 1 297 1 5121,	
acero 1 297 1 5120,	
hoja 1 297 1 5115,	
tereftalato 2 297 2 5113,5133,	
polietileno 3 297 3 5112,5132,5139,	
copolímero 1 297 1 5111,	
fabricados 1 297 1 5108,	
protector 1 297 1 5100,	
(introductor) 1 297 1 5092,	
recipiente 1 297 1 5081,	
Naturaleza 1 297 1 5077,	
conservación 2 297 2 5068,5074,	
validez 1 297 1 5060,	
Período 1 297 1 5058,	
aplicable 1 297 1 5055,	
Incompatibilidades 1 297 1 5053,	
coloidal 1 297 1 5049,	
Sílice 1 297 1 5048,	
	6 1 297 1 5040,	
FARMACÉUTICOS 1 297 1 5039,	
activos 1 297 1 5034,	
inaceptable 1 297 1 5025,	
tolerabilidad 1 297 1 5023,	
genotoxicidad 1 297 1 5019,	
muestras 1 297 1 5017,	
biocompatibilidad 1 297 1 5013,	
mutagenicidad 1 297 1 5011,	
Características 1 297 1 5005,	
Resumen 1 297 1 5002,	
secciones 1 297 1 5000,	
comentados 1 297 1 4997,	
humana 1 297 1 4993,	
salud 1 297 1 4992,	
riesgos 1 297 1 4988,	
	QUIMICA 1 297 1 5217,	
toxicidad 1 297 1 4978,	
perfil 1 297 1 4976,	
claramente 1 297 1 4974,	
preclínicos 1 297 1 4968,	
14 1 297 1 4963,	
detectables 1 297 1 4956,	
48%) 1 297 1 4940,	
(16% 1 297 1 4938,	
heces 1 297 1 4937,	
(40% 1 297 1 4928,	
urinaria 1 297 1 4927,	
vía 1 297 1 4926,	
excretan 1 297 1 4923,	
13 1 297 1 4913,	
eliminación 1 297 1 4908,	
semivida 1 297 1 4906,	
variaciones 1 297 1 4894,	
variabilidad 1 297 1 4887,	
persona 1 297 1 4880,	
variable 1 297 1 4877,	
metabólica 1 297 1 4874,	
depuración 1 297 1 4873,	
propio 1 297 1 4868,	
sulfato 1 297 1 4861,	
metabolitos 2 297 2 4856,4921,	
16-hidroxilación 1 297 1 4851,	
conocen 1 297 1 4842,	
metabólicas 1 297 1 4838,	
vías 1 297 1 4837,	
totales 1 297 1 4833,	
reduciendo 1 297 1 4828,	
desciende 1 297 1 4822,	
(SHBG) 1 297 1 4819,	
globulina 1 297 1 4814,	
fundamentalmente 1 297 1 4811,	
une 1 297 1 4810,	
suero 1 297 1 4806,	
inferiores 1 297 1 4790,	
individuales 1 297 1 4775,	
predecir 1 297 1 4768,	
bastan 1 297 1 4766,	
respuesta 1 297 1 4754,	
variación 1 297 1 4744,	
gran 1 297 1 4743,	
veces 1 297 1 4727,	
diferencias 1 297 1 4723,	
proporcionales 1 297 1 4718,	
277 1 297 1 4705,	
341 1 297 1 4696,	
355 1 297 1 4689,	
435 1 297 1 4682,	
descienden 2 297 2 4680,4952,	
fase 1 297 1 4676,	
Elastómeros 1 297 1 5045,	
pg/ml 5 297 5 4671,4683,4690,4697,4706,	
772 1 297 1 4670,	
compuesto 1 297 1 4668,	
máximas 1 297 1 4666,	
alcanzan 1 297 1 4663,	
horas 2 297 2 4658,4916,	
48 1 297 1 4657,	
moldeada 1 297 1 5130,	
tisular 1 297 1 4654,	
líquido 1 297 1 4653,	
directamente 1 297 1 4651,	
contenido 2 297 2 4645,5079,	
efectiva 1 297 1 4630,	
proporcionan 1 297 1 4627,	
farmacocinéticas 1 297 1 4605,	
cumplimiento 1 297 1 4599,	
depende 1 297 1 4597,	
86% 1 297 1 4588,	
meses 2 297 2 4585,4694,	
45% 1 297 1 4579,	
quedarse 1 297 1 4576,	
extraen 1 297 1 4568,	
fertilidad 1 297 1 4564,	
rápidamente 1 297 1 4562,	
recuperan 1 297 1 4561,	
2±0 2 297 2 4517,4524,	
anuales 1 297 1 4508,	
tasas 1 297 1 4507,	
70 2 297 2 4490,4736,	
1±1 1 297 1 4481,	
69 1 297 1 4476,	
50-59 1 297 1 4461,	
5±0 1 297 1 4452,	
9±0 1 297 1 4438,	
grupos 1 297 1 4423,	
diferentes 1 297 1 4422,	
(EE) 1 297 1 4413,	
8±0 1 297 1 4411,	
0±0 2 297 2 4403,4539,	
tercer 2 297 2 4400,4535,	
1±0 3 297 3 4391,4465,4548,	
57) 1 297 1 4380,	
09-1 1 297 1 4379,	
84 1 297 1 4369,	
anual 3 297 3 4365,4383,4428,	
quinto 3 297 3 4359,4433,4552,	
04-0 1 297 1 4349,	
95% 2 297 2 4347,4377,	
confianza 2 297 2 4345,4375,	
(intervalo 2 297 2 4343,4373,	
0 15 297 15 4338,4348,4368,4378,4390,4402,4404,4410,4437,4451,4516,4523,4530,4538,4540,	
Pearl 2 297 2 4335,4364,	
índice 1 297 1 4333,	
completaron 1 297 1 4326,	
525 1 297 1 4325,	
mujeres-años 3 297 3 4322,4342,4372,	
657 1 297 1 4321,	
observadas 1 297 1 4318,	
393 1 297 1 4316,	
multicéntricos 1 297 1 4310,	
estudió 1 297 1 4302,	
blastocisto 1 297 1 4300,	
implantación 1 297 1 4298,	
evitar 1 297 1 4296,	
endometrial 1 297 1 4293,	
cíclica 1 297 1 4292,	
útero 1 297 1 4287,	
espermatozoides 1 297 1 4284,	
evita 1 297 1 4279,	
consecuencia 1 297 1 4278,	
densidad 1 297 1 4272,	
deficiente 1 297 1 4264,	
luteínica 2 297 2 4246,4263,	
distintas 1 297 1 4237,	
modifica 1 297 1 4232,	
principio 2 297 2 4211,4608,	
G03AC03 1 297 1 4209,	
ATC 1 297 1 4208,	
Código 1 297 1 4207,	
farmacoterapéutico 1 297 1 4205,	
Grupo 1 297 1 4204,	
farmacodinámicas 1 297 1 4203,	
	5 1 297 1 4200,	
ESTE 1 297 1 4198,	
DE 8 297 8 4197,5212,5215,5235,5238,5247,5253,5260,	
FARMACOLÓGICAS 1 297 1 4196,	
PROPIEDADES 1 297 1 4195,	
sobredosis 1 297 1 4191,	
experiencia 1 297 1 4187,	
Sobredosis 1 297 1 4184,	
Véase 1 297 1 4170,	
tromboembólicas 1 297 1 4160,	
complicaciones 1 297 1 4159,	
bilirrubinemia 1 297 1 4157,	
incisiones 1 297 1 4143,	
modificar 1 297 1 4137,	
desplazamiento 1 297 1 4130,	
centímetros) 1 297 1 4117,	
escasos 1 297 1 4114,	
(desde 1 297 1 4113,	
menores 1 297 1 4096,	
asociados 1 297 1 4093,	
pequeños 1 297 1 4084,	
publicado 1 297 1 4081,	
moco 1 297 1 4274,	
escaras 1 297 1 4078,	
ampollas 1 297 1 4075,	
similares 3 297 3 4072,4090,4169,	
países 1 297 1 4062,	
diversos 1 297 1 4061,	
sustituido 1 297 1 4051,	
expulsado 1 297 1 4048,	
próximas 1 297 1 4030,	
infección 2 297 2 3995,4040,	
expulsión 2 297 2 3985,4003,	
lugar 4 297 4 3978,3983,3989,4032,	
generales 1 297 1 3972,	
Trastornos 1 297 1 3971,	
ováricos 1 297 1 3969,	
quistes 1 297 1 3967,	
vaginitis 1 297 1 3966,	
reproductor 1 297 1 3964,	
urinario 1 297 1 3960,	
Renal 1 297 1 3958,	
dermatitis 1 297 1 3956,	
acné 1 297 1 3955,	
Hepatobiliar 1 297 1 3949,	
abdominales 1 297 1 3948,	
molestias 2 297 2 3947,4128,	
Gastrointestinal 1 297 1 3946,	
Disnea 1 297 1 3945,	
venas 1 297 1 3943,	
Vascular 1 297 1 3941,	
palpitaciones 1 297 1 3939,	
Cardiaco 1 297 1 3938,	
Migraña 1 297 1 3937,	
modificaciones 1 297 1 3933,	
Psiquiátrico 1 297 1 3932,	
mamario 1 297 1 3919,	
genital 1 297 1 3915,	
secreción 1 297 1 3912,	
cervicitis 1 297 1 3911,	
amenorrea) 1 297 1 3910,	
menstruales 1 297 1 3902,	
(hemorragias 1 297 1 3901,	
mareos 1 297 1 3895,	
nerviosismo 1 297 1 3894,	
cefalea 1 297 1 3893,	
usuarias) 1 297 1 3892,	
10% 1 297 1 3889,	
(presentes 1 297 1 3885,	
indeseables 4 297 4 3882,3925,3927,3930,	
Reacciones 1 297 1 3865,	
maquinaria 1 297 1 3862,	
vehículos 1 297 1 3859,	
máquinas 1 297 1 3848,	
conducir 2 297 2 3845,3858,	
capacidad 2 297 2 3843,3856,	
Efectos 5 297 5 3840,3881,3924,3926,3929,	
hayan 1 297 1 3830,	
comiencen 1 297 1 3824,	
madres 1 297 1 3817,	
materna 1 297 1 3809,	
calidad 1 297 1 3803,	
afectan 1 297 1 3800,	
niño 1 297 1 3789,	
afectar 1 297 1 3787,	
leche 2 297 2 3779,3808,	
pasa 1 297 1 3776,	
Levonorgestrel 1 297 1 3775,	
válido 1 297 1 3772,	
aclarado 1 297 1 3767,	
inadvertido 1 297 1 3760,	
teratógeno 1 297 1 3752,	
ningún 1 297 1 3750,	
contenían 1 297 1 3746,	
Índice 1 297 1 4362,	
utilizaron 2 297 2 3739,3755,	
nacidos 1 297 1 3735,	
recién 1 297 1 3734,	
50 2 297 2 4448,4733,	
congénitas 1 297 1 3732,	
malformaciones 1 297 1 3731,	
produzca 2 297 2 3725,4987,	
amplios 1 297 1 3719,	
libera 1 297 1 4650,	
hembra 1 297 1 3716,	
masculinización 1 297 1 3712,	
progestágenas 1 297 1 3709,	
participaron 1 297 1 4314,	
sustancias 1 297 1 3708,	
altas 2 297 2 3706,4864,	
dosis 1 297 1 3704,	
experimentación 1 297 1 3700,	
animales 1 297 1 3698,	
Estudios 2 297 2 3696,3717,	
produce 3 297 3 3683,4133,4267,	
unión 1 297 1 3672,	
tiroxina 1 297 1 3662,	
fijadora 2 297 2 3651,4815,	
poliméricos 1 297 1 5032,	
(globulina 1 297 1 3650,	
SHBG 1 297 1 3649,	
descenso 2 297 2 3644,3656,	
analíticas 1 297 1 3641,	
resultados 1 297 1 3637,	
persistir 1 297 1 3612,	
metabolizan 1 297 1 3605,	
activa 1 297 1 3601,	
Esto 1 297 1 3591,	
deseados 1 297 1 3586,	
embarazos 3 297 3 3584,4385,4430,	
disrupción 1 297 1 3581,	
podría 2 297 2 3567,4295,	
dado 2 297 2 3564,5016,	
desplazamientos 2 297 2 4085,4111,	
utiliza 1 297 1 3550,	
Mientras 1 297 1 3548,	
hepáticos 1 297 1 3538,	
barrera) 1 297 1 3524,	
interrumpir 2 297 2 3507,3619,	
cuatro 1 297 1 3503,	
enzimáticos 3 297 3 3500,3512,3537,	
inductores 3 297 3 3499,3511,3536,	
concomitante 1 297 1 3494,	
medicación 1 297 1 3493,	
rifampicina 1 297 1 3487,	
descrita 1 297 1 3482,	
enzimática 1 297 1 3478,	
posean 1 297 1 3474,	
advertir 2 297 2 3454,3814,	
Es 1 297 1 3452,	
microsomales 1 297 1 3450,	
inducción 2 297 2 3446,3477,	
fármacos 3 297 3 3438,3472,3607,	
Estos 1 297 1 3437,	
carbamazepina 1 297 1 3436,	
fenotoina 1 297 1 3434,	
recibieron 1 297 1 3433,	
(embarazo) 1 297 1 3424,	
disminución 1 297 1 3419,	
interacción 1 297 1 3414,	
Producto 1 297 1 5007,	
formas 2 297 2 3412,4238,	
medicamentos 2 297 2 3409,5270,	
Interacción 1 297 1 3405,	
inconvenientes 1 297 1 3377,	
ventajas 1 297 1 3374,	
detalladamente 1 297 1 3372,	
Además 1 297 1 3368,	
previsto 1 297 1 4634,	
dicho 1 297 1 3366,	
recibir 1 297 1 3362,	
características 1 297 1 3356,	
explicación 1 297 1 3353,	
pretende 2 297 2 3350,4575,	
Instrucciones 2 297 2 3335,5144,	
inmovilización 1 297 1 3329,	
Dado 1 297 1 3307,	
elevado 1 297 1 3298,	
existe 2 297 2 3295,4186,	
estrógenos 1 297 1 3272,	
menor 3 297 3 3266,3465,4446,	
mastopatía 1 297 1 3253,	
benignos 1 297 1 3251,	
mamarios 1 297 1 3250,	
cicatrizado 1 297 1 4019,	
nódulos 2 297 2 3249,3970,	
tengan 1 297 1 3248,	
familiares 1 297 1 3241,	
maligna 1 297 1 3236,	
tomarse 2 297 2 3228,3302,	
recidivante 1 297 1 3223,	
triyodotironina 1 297 1 3675,	
sangrado 1 297 1 3219,	
visitas 2 297 2 3213,4145,	
examinarse 1 297 1 3209,	
cree 1 297 1 4884,	
adaptarán 1 297 1 3197,	
establecidas 1 297 1 3194,	
prácticas 1 297 1 3193,	
guías 1 297 1 3192,	
naturaleza 1 297 1 3184,	
frecuencia 3 297 3 3181,4059,4105,	
problema 1 297 1 3174,	
presenta 1 297 1 3172,	
médico 1 297 1 3170,	
consulte 1 297 1 3167,	
recomendaciones 1 297 1 3165,	
siga 1 297 1 3163,	
lea 1 297 1 3154,	
mujer 3 297 3 3151,3203,4574,	
contraindicaciones 1 297 1 3140,	
guiada 1 297 1 3137,	
física 1 297 1 3136,	
exploración 1 297 1 3135,	
tensión 1 297 1 3130,	
endocrinas 1 297 1 3642,	
medir 1 297 1 3128,	
familiar 1 297 1 3124,	
médica 1 297 1 3122,	
realizar 2 297 2 3119,3133,	
reiniciar 1 297 1 3114,	
Interacciones) 1 297 1 3107,	
reduzcan 1 297 1 3098,	
debido 2 297 2 3085,4740,	
emplea 1 297 1 3083,	
perforatum) 2 297 2 3080,3563,	
(Hypericum 2 297 2 3079,3562,	
Juan 4 297 4 3078,3561,3600,3626,	
San 4 297 4 3077,3560,3599,3625,	
Hierba 4 297 4 3075,3558,3597,3623,	
contengan 2 297 2 3074,3486,	
medicinales 1 297 1 3072,	
plantas 1 297 1 3071,	
preparados 3 297 3 3069,3484,3556,	
utilizarse 1 297 1 3068,	
ginecológicas 1 297 1 3047,	
neoplasias 1 297 1 3046,	
contienen 3 297 3 3027,3271,4802,	
cese 1 297 1 3008,	
gradualmente 1 297 1 2998,	
desaparece 1 297 1 2997,	
(AOC) 1 297 1 2992,	
combinación 1 297 1 2991,	
actuales 1 297 1 2986,	
carcinoma 1 297 1 2981,	
24) 1 297 1 2977,	
= 1 297 1 2975,	
(RR 1 297 1 2974,	
relativo 1 297 1 2973,	
estableció 1 297 1 2967,	
epidemiológicos 2 297 2 2966,3718,	
metaanálisis 1 297 1 2963,	
mama 5 297 5 2961,2983,3020,3245,3968,	
cáncer 3 297 3 2959,3018,3243,	
orales 6 297 6 2956,2989,3590,3744,3757,4800,	
clara 1 297 1 2950,	
hay 1 297 1 2946,	
Aunque 1 297 1 2944,	
asociada 1 297 1 2941,	
hipoacusia 1 297 1 2940,	
gestacional 1 297 1 2938,	
herpes 1 297 1 2937,	
hemolítico-urémico 1 297 1 2936,	
solas 1 297 1 4764,	
síndrome 1 297 1 2935,	
enzimas 2 297 2 3449,3603,	
prurito 2 297 2 2933,3914,	
progestágenos 3 297 3 2929,3028,4206,	
confirmada 1 297 1 2926,	
esteroideas 1 297 1 2916,	
Tanto 1 297 1 2906,	
reumatoide 1 297 1 2886,	
diseminado) 1 297 1 2883,	
eritematoso 1 297 1 2882,	
LED 1 297 1 2880,	
autoinmunitarias 1 297 1 2877,	
enfermedades 2 297 2 2876,2902,	
quirúrgica 2 297 2 2868,3325,	
intervención 2 297 2 2867,3324,	
necesaria 1 297 1 2865,	
Rara 1 297 1 2862,	
conservador 1 297 1 2855,	
tratamiento 6 297 6 2854,3116,3509,3531,3621,3688,	
indicado 1 297 1 2852,	
Incluso 1 297 1 2846,	
produciendo 1 297 1 2843,	
rotura 1 297 1 2842,	
torsión 1 297 1 2840,	
raros 4 297 4 2837,2872,3931,4152,	
espontáneamente 1 297 1 2832,	
desaparecen 1 297 1 2831,	
grandes 2 297 2 2830,4893,	
Datos 1 297 1 4967,	
tamaño 1 297 1 2820,	
creciendo 1 297 1 2816,	
retrasada 1 297 1 2812,	
atresia 1 297 1 2809,	
folículos 2 297 2 2806,2829,	
desarrollo 1 297 1 2803,	
esclerodermia 1 297 1 2879,	
permite 1 297 1 2801,	
positiva 1 297 1 2791,	
(de 1 297 1 3523,	
abdominal 2 297 2 2785,2845,	
dolor 9 297 9 2784,2844,3916,3918,3940,3980,3993,3998,4126,	
presencia 2 297 2 2778,2848,	
mujer-años 1 297 1 2776,	
000 1 297 1 2775,	
ectópico 2 297 2 2759,2861,	
confirma 1 297 1 2748,	
éste 1 297 1 2746,	
sugerir 1 297 1 2742,	
normal 5 297 5 2740,2821,4253,4259,4565,	
período 2 297 2 2737,4633,	
prolongada 2 297 2 2728,3330,	
test 2 297 2 2723,5009,	
sospeche 1 297 1 2717,	
Siempre 1 297 1 2714,	
exclusivo 1 297 1 2708,	
criterio 1 297 1 2707,	
considerada 1 297 1 2706,	
menstruación 2 297 2 2702,2739,	
FARMACEUTICA 1 297 1 5218,	
ausencia 2 297 2 2700,4243,	
pasando 1 297 1 4254,	
periodos 1 297 1 2696,	
experimentan 1 297 1 2695,	
Puesto 1 297 1 2689,	
elevarse 1 297 1 2682,	
suelen 1 297 1 2681,	
medias 1 297 1 2678,	
plasmáticas 8 297 8 3093,4665,4748,4761,4785,4832,4898,4949,	
anemia 1 297 1 2672,	
fetos 1 297 1 3715,	
producen 1 297 1 2671,	
importantes 2 297 2 2669,4112,	
continuado 1 297 1 2663,	
disminuyen 1 297 1 2659,	
general 1 297 1 2656,	
amenorrea 3 297 3 2654,2698,2727,	
intermenstrual 2 297 2 2651,3908,	
silicona 1 297 1 5047,	
manchado 2 297 2 2650,3907,	
prolongadas 2 297 2 2649,3906,	
cervical 1 297 1 4275,	
irregulares 2 297 2 2647,3904,	
intermenstruales 1 297 1 2646,	
hemorragias 3 297 3 2645,2668,3579,	
mayoría 3 297 3 2638,2824,4092,	
patrón 3 297 3 2634,3899,4251,	
modifican 1 297 1 2632,	
obligar 1 297 1 4135,	
obliga 1 297 1 2620,	
idiopática 1 297 1 2619,	
diagnóstico 4 297 4 2615,2711,2979,3016,	
recientemente 1 297 1 2613,	
aumentado 1 297 1 2610,	
obesa 1 297 1 2607,	
particularmente 2 297 2 2602,4857,	
portadoras 1 297 1 2599,	
y/o 2 297 2 2592,2932,	
persistentes 1 297 1 2591,	
cefaleas 1 297 1 2590,	
diagnóstica 1 297 1 2585,	
picor 1 297 1 3975,	
cuenta 1 297 1 2582,	
benigna 1 297 1 2571,	
intracraneal 2 297 2 2570,2618,	
raras 2 297 2 2562,2674,	
dicha 1 297 1 2548,	
causa 4 297 4 2546,3225,3334,4890,	
oportunas 2 297 2 3231,3306,	
agravarse 1 297 1 2544,	
puedan 1 297 1 2543,	
procesos 1 297 1 2541,	
precaución 1 297 1 2536,	
prescribirse 1 297 1 2534,	
líquidos 1 297 1 2525,	
retención 2 297 2 2523,2549,	
inducir 1 297 1 2521,	
esteroideos 2 297 2 2519,3053,	
evidentes 1 297 1 2516,	
síntomas 3 297 3 2515,2850,3961,	
posibilidad 3 297 3 2503,2584,3462,	
valorando 1 297 1 2501,	
meticulosa 1 297 1 2500,	
depresivos 1 297 1 2493,	
síntoma 1 297 1 2481,	
importante 1 297 1 2477,	
depresión 1 297 1 2476,	
hepática 1 297 1 2462,	
función 3 297 3 2461,4234,4262,	
trastornos 3 297 3 2458,2658,2922,	
lento 1 297 1 2451,	
metabolismo 2 297 2 2445,3442,	
similar 4 297 4 2443,3031,3284,3479,	
colelitiasis 2 297 2 2432,2934,	
ligero 2 297 2 2427,2969,	
sérica 2 297 2 2420,3660,	
bilirrubina 2 297 2 2419,3953,	
moderada 1 297 1 2414,	
elevación 1 297 1 2411,	
frecuente 1 297 1 2409,	
fases 1 297 1 2404,	
primeras 1 297 1 2403,	
ictericia 3 297 3 2387,2930,4156,	
colestásica 3 297 3 2385,2931,4155,	
hepatitis 2 297 2 2384,4154,	
aparición 4 297 4 2381,2513,2588,3217,	
aumento 11 297 11 2375,2428,2529,2970,2994,3042,3664,3727,3920,3950,4269,	
producirse 2 297 2 2373,4010,	
utilicen 1 297 1 2363,	
vigilancia 4 297 4 2355,2499,3058,3259,	
hallazgos 1 297 1 2350,	
clínico 1 297 1 2347,	
único 1 297 1 4607,	
significado 1 297 1 2346,	
desconoce 1 297 1 2344,	
pruebas 2 297 2 2332,3640,	
insulina 1 297 1 2329,	
sensibilidad 1 297 1 2326,	
glucosa 2 297 2 2322,2338,	
tolerancia 2 297 2 2319,2334,	
estudios 2 297 2 2312,2965,	
definitivamente 1 297 1 2309,	
También 4 297 4 2422,2463,3145,4288,	
dichas 2 297 2 2302,4678,	
conveniencia 3 297 3 2467,3315,3542,	
aconsejarse 1 297 1 2294,	
Deberá 1 297 1 2293,	
oftalmólogo 1 297 1 2292,	
valoradas 1 297 1 2289,	
intolerancia 1 297 1 2283,	
visión 2 297 2 2281,2596,	
contacto 1 297 1 2275,	
situación 1 297 1 2269,	
evaluada 1 297 1 2266,	
empeoramiento 1 297 1 2255,	
presenten 1 297 1 2253,	
focal 1 297 1 2248,	
migraña 2 297 2 2245,2258,	
Nervioso 1 297 1 3936,	
migrañas 1 297 1 2240,	
historia 2 297 2 2238,3121,	
especial 2 297 2 2233,3260,	
predisposición 1 297 1 2226,	
disminuyan 1 297 1 3090,	
arterial 2 297 2 2222,3131,	
conocidos 1 297 1 2219,	
prescripción 1 297 1 2209,	
traumatismos 1 297 1 2204,	
asociado 4 297 4 2202,3033,3048,4124,	
Algunos 2 297 2 2196,4118,	
superficiales 2 297 2 2195,4027,	
flebitis 1 297 1 2194,	
tromboflebitis 1 297 1 2192,	
frecuentes 3 297 3 2190,3884,3903,	
portador 1 297 1 2183,	
mayor 2 297 2 2177,3264,	
cirugía 3 297 3 2176,3263,3291,	
Procedimientos 2 297 2 2174,3261,	
extraer 5 297 5 2168,2469,3317,3693,4556,	
les 1 297 1 2166,	
posiblemente 1 297 1 3030,	
trombótica 1 297 1 2164,	
embólica 1 297 1 2162,	
patología 2 297 2 2161,2221,	
desarrollen 3 297 3 2160,2243,2277,	
A 2 297 2 2156,4655,	
utilizados 1 297 1 2155,	
causal 3 297 3 2149,2898,2949,	
establecido 3 297 3 2147,2896,4973,	
anticoncepción 3 297 3 2141,3390,4629,	
profunda 1 297 1 2123,	
venosa 2 297 2 2122,2224,	
trombosis 2 297 2 2121,3300,	
pulmonar 1 297 1 2119,	
Embarazo 1 297 1 3678,	
menor) 1 297 1 2179,	
embolismo 1 297 1 2118,	
miocardio 1 297 1 2117,	
infarto 1 297 1 2115,	
ictus 1 297 1 2114,	
casos 12 297 12 2112,2199,2567,2836,2871,3577,4082,4109,4121,4150,4189,4774,	
comunicado 3 297 3 2111,3576,4108,	
usuarias 24 297 24 2103,2125,2135,2271,2340,2573,2641,2686,2692,2888,2985,3022,3063,3426,3457,4067,4388,4442,4456,4469,4485,4513,4778,4904,	
cardiovasculares 1 297 1 2101,	
riesgo 12 297 12 2091,2218,2430,2972,2996,3014,3044,3087,3297,3309,3729,4770,	
relación 7 297 7 2090,2148,2897,2925,2948,3321,4419,	
cuidadosa 2 297 2 2086,2356,	
inadecuados 1 297 1 2082,	
resultan 1 297 1 2081,	
métodos 4 297 4 2079,2153,3384,3518,	
sólo 4 297 4 2073,3026,4843,4932,	
enfermedad 1 297 1 2071,	
antecedentes 3 297 3 2069,2492,3240,	
pacientes 7 297 7 2067,2158,2214,2236,2360,2456,2539,	
coagulación 1 297 1 2065,	
factores 2 297 2 2062,2216,	
variables 1 297 1 2057,	
efectos 5 297 5 2056,2097,3100,3634,3853,	
descrito 10 297 10 2055,2096,2315,2425,2566,2644,2875,3417,3876,4149,	
cambios 3 297 3 2052,2278,4095,	
relevancia 1 297 1 2045,	
determinada 1 297 1 2043,	
desconocida 1 297 1 3226,	
sido 2 297 2 2042,2188,	
normales 1 297 1 2039,	
límites 1 297 1 2038,	
permanecido 1 297 1 2034,	
valores 3 297 3 2031,3667,4954,	
triglicéridos 1 297 1 2029,	
LDL 1 297 1 2023,	
densidad) 2 297 2 2022,2027,	
alta 1 297 1 2021,	
(lipoproteínas 2 297 2 2019,2024,	
HDL 1 297 1 2018,	
total 2 297 2 2017,2421,	
colesterol 1 297 1 2016,	
concentraciones 14 297 14 2013,2487,2677,3092,4664,4679,4712,4747,4760,4784,4831,4853,4897,4948,	
significativos 1 297 1 2010,	
estadísticamente 1 297 1 2009,	
descensos 1 297 1 2008,	
detectado 1 297 1 2007,	
séricas 3 297 3 2002,2014,4713,	
niveles 2 297 2 1999,3791,	
alteraciones 3 297 3 1996,2316,2593,	
observado 4 297 4 1995,2920,3852,4065,	
ovulatorio 1 297 1 4252,	
En 17 297 17 1986,2180,2234,2310,2378,2401,2561,2655,2822,2869,3214,3525,3867,4418,4494,4776,4804,	
corporal 2 297 2 1985,4721,	
peso 12 297 12 1984,2377,2531,2612,3922,4425,4445,4459,4472,4488,4500,4720,	
proporcional 1 297 1 1982,	
inversamente 2 297 2 1981,4717,	
útil 2 297 2 1976,4640,	
vida 2 297 2 1975,4639,	
baja 2 297 2 1969,2026,	
plasmática 1 297 1 1964,	
Propiedades 3 297 3 1960,4202,4604,	
kg 8 297 8 1954,4449,4462,4477,4491,4503,4734,4737,	
pesan 2 297 2 1950,4732,	
e 2 297 2 1928,2939,	
considerarse 4 297 4 1926,2465,3313,3540,	
sustitución 1 297 1 1941,	
Por 1 297 1 1923,	
utilización 1 297 1 1922,	
deje 1 297 1 2299,	
cuarto 3 297 3 1919,4407,4543,	
partir 1 297 1 1917,	
disminuye 1 297 1 1915,	
clínicos 4 297 4 1904,1989,3101,3870,	
ensayos 4 297 4 1903,1988,3869,4309,	
tromboembólica 2 297 2 1892,2072,	
Enfermedad 1 297 1 1891,	
malignas 1 297 1 1890,	
benignas 1 297 1 1888,	
hepáticas 2 297 2 1887,3451,	
Neoplasias 1 297 1 1886,	
aguda 1 297 1 1885,	
progresiva 1 297 1 2250,	
Hepatopatía 1 297 1 1884,	
sexuales 3 297 3 1883,2917,4818,	
hormonas 4 297 4 1882,2915,3653,4817,	
dependiente 1 297 1 1880,	
neoplasia 2 297 2 1879,3235,	
confirmación 1 297 1 1877,	
Sospecha 1 297 1 1875,	
anormal 1 297 1 1872,	
vaginal 3 297 3 1871,3220,3913,	
concentración 4 297 4 1963,3647,3659,4821,	
Hemorragia 1 297 1 1870,	
componente 1 297 1 1867,	
Hipersensibilidad 1 297 1 1860,	
Contraindicaciones 1 297 1 1859,	
producir 3 297 3 1851,3568,3711,	
beneficio 1 297 1 2093,	
contraria 1 297 1 1844,	
juego 1 297 1 1828,	
tromboembolismo 1 297 1 3311,	
farmacodinámicas) 1 297 1 1961,	
le 2 297 2 1824,3370,	
tenía 1 297 1 1799,	
verificar 1 297 1 1795,	
extraídos 1 297 1 1793,	
seco 1 297 1 1783,	
mantener 1 297 1 1780,	
igual 1 297 1 1771,	
véndela 1 297 1 1770,	
cierre 1 297 1 1766,	
completado 1 297 1 1763,	
suéltelo 1 297 1 1754,	
(Crile) 1 297 1 1752,	
vigilarse 1 297 1 2554,	
Agarre 1 297 1 1743,	
19 1 297 1 1742,	
rodea 1 297 1 1738,	
tejido 2 297 2 1736,5140,	
cápsula 1 297 1 1734,	
abrir 1 297 1 1729,	
gasa 1 297 1 1727,	
pinzas 1 297 1 1724,	
Utilice 1 297 1 1720,	
Mosquito 1 297 1 1719,	
diabéticas 1 297 1 2361,	
agárrela 1 297 1 1715,	
rara 1 297 1 4007,	
punta 1 297 1 1711,	
vea 1 297 1 1709,	
sea 1 297 1 1691,	
Procure 1 297 1 1689,	
cerca 1 297 1 1682,	
cantidades 1 297 1 1670,	
pequeñas 1 297 1 1669,	
administrar 1 297 1 1661,	
necesario 1 297 1 1658,	
consiguiente 1 297 1 2528,	
haciendo 1 297 1 1651,	
localización 1 297 1 1650,	
dificultar 1 297 1 1648,	
inyectamos 1 297 1 1640,	
próximos 1 297 1 1636,	
cantidad 3 297 3 1623,3783,3806,	
reacciones 1 297 1 3879,	
leve 1 297 1 2412,	
Inyecte 1 297 1 1620,	
sexuales) 1 297 1 3654,	
blandas 1 297 1 1619,	
partes 1 297 1 1618,	
3±0 1 297 1 4531,	
ecografía 1 297 1 1614,	
localizar 1 297 1 1612,	
palpables 1 297 1 1609,	
sean 1 297 1 1608,	
Cuando 3 297 3 1606,1707,4566,	
ejemplo 1 297 1 1605,	
contraindicado 1 297 1 3287,	
instaurar 1 297 1 3111,	
marque 1 297 1 1598,	
palpación 1 297 1 1596,	
Localice 1 297 1 1592,	
16 1 297 1 1591,	
15 1 297 1 1589,	
tenerse 1 297 1 2580,	
contrario 1 297 1 1587,	
sentido 2 297 2 1583,1586,	
orientándolos 1 297 1 1579,	
otosclerosis 1 297 1 2943,	
nuevos 2 297 2 1570,1944,	
podrá 1 297 1 1567,	
cinco 1 297 1 4416,	
utilizando 1 297 1 1564,	
continuar 1 297 1 1563,	
completa 2 297 2 1555,3125,	
cicatrizada 1 297 1 1541,	
cita 1 297 1 1538,	
segunda 2 297 2 1537,1750,	
acuda 1 297 1 1534,	
pedirse 1 297 1 1529,	
retirar 1 297 1 1525,	
imposible 1 297 1 1524,	
parece 2 297 2 1523,3786,	
difícil 2 297 2 1521,1653,	
resulta 1 297 1 1520,	
melladuras 1 297 1 1516,	
roturas 1 297 1 1513,	
sufrir 2 297 2 1512,2839,	
Durante 4 297 4 1506,2365,3488,4357,	
requerir 1 297 1 1500,	
Respiratorio 1 297 1 3944,	
proceso 1 297 1 1497,	
mosquito) 1 297 1 1490,	
tipo 3 297 3 1489,2247,2442,	
ej 1 297 1 1488,	
(p 1 297 1 1487,	
expondrán 1 297 1 3371,	
pequeña 3 297 3 1486,1622,1694,	
valoración 1 297 1 2087,	
pinza 3 297 3 1485,1718,1751,	
usando 2 297 2 1483,1820,	
retirarán 1 297 1 1482,	
vértice 1 297 1 1475,	
extremos 3 297 3 1458,1629,1685,	
tópico 1 297 1 1455,	
infiltrará 1 297 1 1452,	
adversas 2 297 2 3866,3880,	
limpiará 1 297 1 1447,	
conjugados 1 297 1 4860,	
proceder 2 297 2 1442,2505,	
desee 1 297 1 1433,	
cortes 1 297 1 1514,	
inmediata 1 297 1 1426,	
prácticamente 1 297 1 1425,	
anticonceptiva 5 297 5 1423,1910,3423,3467,4305,	
pérdida 2 297 2 1419,3570,	
ciclo 1 297 1 1416,	
llevarse 1 297 1 1409,	
transcurridos 1 297 1 1400,	
límite 1 297 1 1397,	
deberán 6 297 6 1394,2074,2167,2287,3227,3301,	
caso 6 297 6 1393,2379,2782,3215,3289,4038,	
salvo 1 297 1 1430,	
personales 1 297 1 1389,	
médicas 1 297 1 1387,	
razones 1 297 1 1386,	
Extracción 1 297 1 1374,	
semanas 5 297 5 1370,2733,3504,3616,3833,	
transcurran 1 297 1 1368,	
comenzar 1 297 1 1361,	
Las 10 297 10 1353,2066,2270,2489,2667,3237,4711,4759,4836,4852,	
mínimo 1 297 1 1345,	
concluyente 1 297 1 1329,	
descartar 2 297 2 1326,3233,	
21 1 297 1 1319,	
inserta 1 297 1 1315,	
raro 1 297 1 2761,	
lactancia 4 297 4 1312,1358,3680,3821,	
embarazo 17 297 17 1303,1334,1853,2713,2719,2725,2744,2758,2790,2860,2909,3685,3742,3763,4510,4582,4772,	
inmediatamente 1 297 1 1290,	
parto 5 297 5 1278,1293,1323,1373,3836,	
Después 5 297 5 1276,1758,1845,4554,4673,	
adicionales 4 297 4 1275,1343,3520,4146,	
anticonceptivas 2 297 2 1274,1340,	
acelerar 1 297 1 3440,	
medidas 6 297 6 1273,1339,3230,3304,4793,4901,	
adoptar 2 297 2 1272,1338,	
preciso 2 297 2 1271,3453,	
realizada 1 297 1 1266,	
inmediato 1 297 1 1263,	
Sistema 2 297 2 3923,3963,	
insertarse 3 297 3 1261,1289,1568,	
MINISTERIO 3 297 3 1258,2628,3837,	
trimestre 3 297 3 1257,1286,1301,	
aborto 3 297 3 1253,1282,1297,	
ponerse 1 297 1 1243,	
habría 1 297 1 1241,	
minipíldora 1 297 1 1225,	
seis 3 297 3 1369,2730,3832,	
implante) 1 297 1 1212,	
inyección 2 297 2 1211,1246,	
(minipíldora 1 297 1 1210,	
progestágeno 3 297 3 1208,4221,4614,	
placebo 1 297 1 1200,	
comprimidos 2 297 2 1194,1198,	
toman 2 297 2 1193,1197,	
periodo 5 297 5 1187,1310,1356,1973,3819,	
séptimo 1 297 1 1184,	
activo 3 297 3 1168,4212,4609,	
último 1 297 1 1166,	
día 5 297 5 1161,1181,1185,1227,1238,	
combinado 2 297 2 1154,1172,	
oral 3 297 3 1153,1171,2335,	
tomando 4 297 4 1150,1176,1204,1223,	
hormonal 2 297 2 1139,2142,	
adicional 1 297 1 1137,	
recomendará 3 297 3 1130,1545,3514,	
gestación 2 297 2 1127,1435,	
existencia 2 297 2 1125,1331,	
fiable 1 297 1 1123,	
descartarse 3 297 3 1120,2780,2858,	
realiza 1 297 1 1114,	
menstrual 4 297 4 1109,1417,2635,3900,	
persistente 1 297 1 3221,	
hemorragia 1 297 1 1108,	
comienzo 1 297 1 1105,	
siguientes 7 297 7 1103,1146,1321,2923,3006,3633,3878,	
realizarse 3 297 3 1098,2353,2721,	
previo 1 297 1 1092,	
hormonales 4 297 4 1088,1342,2488,3522,	
anticonceptivos 15 297 15 1087,1807,2080,2154,2518,2955,2988,3024,3052,3385,3519,3589,3743,3756,4799,	
usado 1 297 1 1086,	
han 26 297 26 1085,1905,1994,2006,2033,2054,2095,2110,2187,2201,2314,2565,2643,2874,2919,3575,3701,3721,3851,3875,4024,4080,4107,4123,4148,5015,	
inicial 2 297 2 1080,4677,	
Uso 1 297 1 1079,	
aproximadas 1 297 1 4724,	
normalmente 1 297 1 1071,	
curado 1 297 1 1068,	
haya 3 297 3 1067,1762,4018,	
quitar 1 297 1 1063,	
vendaje 1 297 1 1060,	
control 1 297 1 1058,	
visita 1 297 1 1056,	
primera 2 297 2 1055,1757,	
úlceras 1 297 1 4076,	
fecha 1 297 1 1048,	
anotado 1 297 1 1046,	
habrá 1 297 1 1045,	
informativo 1 297 1 1041,	
prospecto 4 297 4 1040,3157,3343,3367,	
copia 2 297 2 1038,3364,	
proporciónele 1 297 1 1036,	
días 9 297 9 1034,1078,1102,1145,1320,1348,1786,4827,4964,	
seca 1 297 1 1027,	
mantenga 1 297 1 1026,	
escasa 1 297 1 4058,	
Recomiende 1 297 1 1021,	
completamente 1 297 1 1018,	
liberó 1 297 1 1014,	
empuje 1 297 1 1008,	
nuevo 3 297 3 1000,1829,4056,	
Gire 1 297 1 998,	
lado 1 297 1 978,	
12 1 297 1 965,	
embargo 3 297 3 957,3293,4739,	
Sin 3 297 3 956,3292,4738,	
completo 1 297 1 953,	
deberá 11 297 11 1119,1436,1528,1810,1925,2264,2393,2720,2749,2779,3361,	
libere 1 297 1 951,	
basarán 1 297 1 3189,	
atrás 1 297 1 945,	
retire 2 297 2 940,959,	
dedo 2 297 2 939,1701,	
prudencia 1 297 1 2232,	
11 1 297 1 929,	
procedimiento 4 297 4 927,1508,1765,4139,	
interrumpa 1 297 1 925,	
liberarlo 1 297 1 924,	
principalmente 1 297 1 4924,	
sigue 1 297 1 921,	
Su 1 297 1 2777,	
compruebe 1 297 1 915,	
liberado 2 297 2 914,4229,	
pare 1 297 1 907,	
cuya 1 297 1 4820,	
suavemente 3 297 3 896,1495,1698,	
profilácticas 1 297 1 3305,	
extrayendo 1 297 1 895,	
sitio 2 297 2 891,933,	
manteniendo 1 297 1 888,	
Libere 2 297 2 884,1009,	
10 3 297 3 883,3004,5258,	
derecha 1 297 1 881,	
actividad 4 297 4 3475,4245,4257,4291,	
ahora 1 297 1 877,	
estará 1 297 1 876,	
vuelta 2 297 2 861,1004,	
gire 1 297 1 857,	
introducido 2 297 2 851,4025,	
vez 5 297 5 850,1265,1399,1540,2863,	
9 4 297 4 848,4183,4439,5245,	
dirección 2 297 2 846,1840,	
instruir 1 297 1 3148,	
inténtelo 1 297 1 843,	
resistencia 1 297 1 842,	
nota 1 297 1 840,	
habitual 1 297 1 2454,	
Si 15 297 15 839,908,920,1110,1147,1201,1313,1517,1559,1639,1656,1815,2003,2745,3681,	
fuerce 1 297 1 836,	
No 14 297 14 835,1083,2040,2833,2893,3037,3054,3066,3764,3810,3849,4185,5054,5069,	
anillo 3 297 3 834,856,976,	
comprimido 1 297 1 1167,	
marca 2 297 2 832,974,	
Avance 1 297 1 824,	
inferior 3 297 3 820,2770,2786,	
recomienda 1 297 1 3057,	
indica 2 297 2 816,984,	
hipertensión 3 297 3 2569,2617,3942,	
levantar 1 297 1 807,	
subcutánea 1 297 1 804,	
68%) 1 297 1 4930,	
facilitar 2 297 2 801,3351,	
Introduzca 2 297 2 789,966,	
debajo 2 297 2 785,1626,	
delante 1 297 1 775,	
empujar 2 297 2 772,866,	
cm) 1 297 1 767,	
folicular 2 297 2 4248,4258,	
(aproximadamente 1 297 1 765,	
facilidad 1 297 1 764,	
NÚMERO 1 297 1 5234,	
penetre 1 297 1 762,	
Empuje 2 297 2 757,1697,	
izquierda 1 297 1 756,	
muesca 2 297 2 749,870,	
suprime 1 297 1 4289,	
caña 3 297 3 744,752,873,	
ver 1 297 1 739,	
pueda 1 297 1 738,	
romo 1 297 1 731,	
extremo 2 297 2 730,1745,	
Inserte 1 297 1 725,	
durante 25 297 25 721,1032,1140,1346,1784,2259,2305,2433,2556,2729,2907,2911,3468,3502,3686,3761,4161,4319,4431,4519,4526,4533,4541,4550,4631,	
Manténgalo 1 297 1 717,	
apuntando 3 297 3 714,753,878,	
flecha 2 297 2 711,741,	
TEXTO 1 297 1 5264,	
Sujete 1 297 1 706,	
Existen 1 297 1 5166,	
7 7 297 7 705,1101,1144,1347,3839,4466,5210,	
medial 1 297 1 686,	
RENOVACIÓN 1 297 1 5252,	
cuchilla 1 297 1 668,	
Retire 2 297 2 663,1017,	
aparte 2 297 2 657,4994,	
AOC 2 297 2 3012,3036,	
está 3 297 3 656,2851,3286,	
adecuadamente 1 297 1 5196,	
émbolo 12 297 12 655,727,746,759,859,868,875,893,905,919,1002,5106,	
listos 1 297 1 650,	
están 5 297 5 646,1308,1634,5084,5107,	
caigan 1 297 1 642,	
cuidado 3 297 3 637,863,1732,	
protege 1 297 1 635,	
interior 2 297 2 628,5088,	
Saque 1 297 1 624,	
utilizar 6 297 6 1363,2301,3389,3826,3847,3861,	
Abra 1 297 1 619,	
componentes 2 297 2 616,5031,	
síntético 1 297 1 4222,	
Esta 1 297 1 612,	
utilizan 1 297 1 4798,	
piense 1 297 1 606,	
urinarios 1 297 1 3962,	
direcciones 1 297 1 602,	
(lupus 1 297 1 2881,	
introduciendo 1 297 1 590,	
Anestesie 1 297 1 585,	
ml 1 297 1 581,	
Cargue 1 297 1 573,	
figura 3 297 3 570,613,823,	
muestra 2 297 2 567,614,	
estrecha 2 297 2 564,997,	
través 3 297 3 556,796,1574,	
De 1 297 1 4323,	
subcutáneamente 2 297 2 554,593,	
insertarán 1 297 1 553,	
6-8 1 297 1 542,	
área 4 297 4 530,587,1029,4015,	
El 24 297 24 529,654,1059,1213,2366,2444,2614,2757,2797,2993,3013,3339,3608,4046,4129,4210,4265,4332,4606,4643,4917,5097,5122,5184,	
fenestrado 1 297 1 527,	
cúbralo 1 297 1 523,	
antiséptica 1 297 1 521,	
solución 1 297 1 520,	
Limpie 1 297 1 509,	
recto 1 297 1 505,	
ángulo 1 297 1 504,	
paño 2 297 2 496,526,	
dominante 1 297 1 493,	
extienda 1 297 1 489,	
compresas 1 297 1 474,	
gasas 1 297 1 472,	
mariposa 1 297 1 471,	
instaurarse 1 297 1 1437,	
ml) 1 297 1 466,	
jeringa 2 297 2 462,575,	
cuerpo 3 297 3 508,630,713,	
longitud) 1 297 1 459,	
­ 4 297 4 454,579,695,1076,	
(5 1 297 1 453,	
obstante 3 297 3 2834,3055,3811,	
aguja 2 297 2 449,592,	
local 3 297 3 447,584,5024,	
anestésico 7 297 7 446,452,583,1454,1625,1641,1663,	
inductor 1 297 1 3610,	
desinfectante 1 297 1 441,	
guantes 1 297 1 438,	
oscilan 1 297 1 4240,	
estériles 2 297 2 437,439,	
radiografía 1 297 1 1616,	
quirúrgicos 1 297 1 436,	
paños 1 297 1 435,	
equipo 1 297 1 434,	
bandeja 2 297 2 431,5128,	
colocar 1 297 1 426,	
base 1 297 1 424,	
paciente 16 297 16 418,480,517,1024,1532,1561,1798,1817,2297,2605,3162,3338,3348,3360,4601,4758,	
tumbe 2 297 2 416,483,	
camilla 3 297 3 412,486,501,	
individual 2 297 2 3200,4755,	
Manteniendo 1 297 1 930,	
- 7 297 7 410,429,445,464,467,5229,5231,	
insertar 5 297 5 407,607,783,1158,1826,	
Mida 1 297 1 1787,	
equipamiento 1 297 1 405,	
necesita 1 297 1 402,	
Figura 18 297 18 399,475,571,610,661,671,704,776,847,882,928,964,987,1588,1590,1671,1695,1741,	
apósito 1 297 1 398,	
adhesivos 2 297 2 396,469,	
artritis 1 297 1 2885,	
puntos 2 297 2 395,468,	
Llobregat 1 297 1 5224,	
lentes 2 297 2 2273,2303,	
bordes 1 297 1 390,	
cuidadosamente 3 297 3 2267,2555,3155,	
Realice 2 297 2 673,1673,	
presionando 1 297 1 385,	
cierra 1 297 1 384,	
transitoria 1 297 1 2416,	
segundo 6 297 6 379,1011,1285,1300,4397,4528,	
Tras 3 297 3 375,1251,4941,	
mínima 1 297 1 374,	
cicatrización 1 297 1 373,	
producirá 1 297 1 371,	
posterior 1 297 1 368,	
facilitará 1 297 1 366,	
correcta 2 297 2 365,531,	
Una 5 297 5 363,849,1264,2726,4846,	
hombro 1 297 1 362,	
abierta 1 297 1 359,	
V 4 297 4 358,563,996,1478,	
adopten 1 297 1 355,	
posición 6 297 6 350,720,917,1600,4099,4620,	
introducen 1 297 1 347,	
cutánea 2 297 2 340,1469,	
incisión 17 297 17 339,393,559,675,799,901,1070,1468,1543,1578,1675,1693,1706,1714,1768,1836,4035,	
practica 2 297 2 337,1466,	
medios 1 297 1 2032,	
protección 2 297 2 333,665,	
unido 1 297 1 330,	
17 2 297 2 1672,4339,	
bisturí 9 297 9 329,632,670,691,1464,1681,1722,5103,5117,	
Con 4 297 4 327,1462,4057,4103,	
zona 4 297 4 326,3177,3205,4043,	
anestesia 1 297 1 323,	
antiséptico 1 297 1 319,	
piel 10 297 10 316,382,444,682,788,792,809,829,971,1449,	
limpieza 1 297 1 313,	
Antes 2 297 2 305,3109,	
pliegue 3 297 3 302,547,701,	
Precauciones 2 297 2 3108,5065,	
cm 5 297 5 298,457,543,599,697,	
8 6 297 6 297,696,777,988,3864,5233,	
60 3 297 3 1953,4474,4502,	
zurdas 1 297 1 294,	
Este 1 297 1 1496,	
derecho 1 297 1 291,	
colocando 1 297 1 989,	
diestras 1 297 1 287,	
izquierdo 1 297 1 283,	
brazo 11 297 11 282,290,428,491,514,539,688,1782,2182,2207,4001,	
superior 4 297 4 280,512,4493,4505,	
parte 6 297 6 279,511,536,819,4845,4934,	
interna 1 297 1 276,	
embarazada 1 297 1 4577,	
cara 2 297 2 275,685,	
final 1 297 1 1971,	
hacerse 3 297 3 272,1216,1494,	
rotulador 1 297 1 1603,	
estricta 1 297 1 268,	
asepsia 1 297 1 267,	
mantenerse 1 297 1 265,	
Debe 2 297 2 264,2579,	
subdérmico 1 297 1 263,	
nivel 1 297 1 262,	
mediante 3 297 3 258,1595,1613,	
insertan 2 297 2 257,4618,	
objeto 2 297 2 2496,3256,	
fabricante 1 297 1 253,	
instrucciones 2 297 2 251,5167,	
estrictamente 1 297 1 249,	
seguir 3 297 3 248,1819,2815,	
deben 8 297 8 247,1337,1360,2494,3067,3254,3554,3692,	
sanitario; 1 297 1 245,	
profesional 1 297 1 244,	
preferentemente 2 297 2 241,1159,	
lipoproteínas 1 297 1 2001,	
realizados 1 297 1 240,	
serán 1 297 1 239,	
extracción 19 297 19 237,369,1231,1407,1445,1492,1519,1554,1655,1848,1934,2397,2508,2623,2753,3399,4141,4943,5156,	
procedimientos 1 297 1 233,	
llevar 1 297 1 229,	
formación 2 297 2 227,4073,	
ovárica 1 297 1 4235,	
adecuada 1 297 1 226,	
requiere 2 297 2 224,5070,	
precargados 2 297 2 215,5085,	
estéril 4 297 4 210,497,528,4055,	
envase 4 297 4 209,621,660,3340,	
suministra 2 297 2 206,5125,	
desea 3 297 3 203,1562,1818,	
así 4 297 4 201,2131,3391,4829,	
momento 6 297 6 199,1118,1219,1384,1414,1856,	
extraerse 3 297 3 196,1381,1395,	
podrán 1 297 1 195,	
informada 1 297 1 190,	
debe 23 297 23 188,271,309,1097,1157,1325,1493,2352,2464,2533,2553,2704,2857,3118,3127,3147,3208,3312,3539,3593,3813,4049,5193,	
usuaria 3 297 3 187,2390,2794,	
empleo) 1 297 1 185,	
paso 1 297 1 4281,	
especiales 7 297 7 183,1898,4179,4989,5066,5072,5168,	
efectuados 2 297 2 1990,3871,	
inyectable 1 297 1 1250,	
precauciones 5 297 5 182,1897,3142,4178,5071,	
transcurrido 1 297 1 3831,	
Advertencias 4 297 4 180,1895,1901,4176,	
hemoglobina 1 297 1 2680,	
apartado 5 297 5 177,1957,3104,4173,5163,	
(véase 4 297 4 175,1955,2172,3102,	
Tenga 2 297 2 636,862,	
años) 1 297 1 174,	
(hasta 1 297 1 172,	
exploraciones 1 297 1 3187,	
plazo 4 297 4 171,2049,3534,4959,	
prueba 2 297 2 2788,3670,	
relacionado 1 297 1 2484,	
adversos 1 297 1 2098,	
media 3 297 3 537,860,1003,	
anticonceptivo 11 297 11 166,1136,1152,1170,1206,1249,1440,1551,3283,3547,3573,	
(spoting) 2 297 2 2652,3909,	
método 8 297 8 165,1135,1439,1550,1566,1822,2139,3546,	
Para 3 297 3 159,800,1441,	
efecto 3 297 3 3572,3609,3751,	
administración 2 297 2 158,3991,	
forma 9 297 9 156,353,356,561,735,994,1122,1328,3199,	
Posología 1 297 1 154,	
18 3 297 3 148,1696,4915,	
mujeres 17 297 17 146,286,1305,1354,1948,2474,2490,2598,2827,3238,3527,3737,4317,4497,4560,4730,4796,	
seguridad 2 297 2 144,4970,	
clínica 3 297 3 141,2046,3059,	
eficacia 7 297 7 140,1422,1909,3422,3466,4304,4593,	
demostrado 8 297 8 138,1906,3040,3702,3722,4225,4625,4985,	
Se 19 297 19 136,223,401,1544,1777,2053,2094,2109,2343,2642,3126,3415,3574,4079,4147,4223,4301,4883,4971,	
Anticoncepción 1 297 1 135,	
exige 1 297 1 2230,	
terapéuticas 1 297 1 134,	
Indicaciones 1 297 1 133,	
/ 2 297 2 2092,5251,	
	4 1 297 1 131,	
Solicite 1 297 1 477,	
CLÍNICOS 1 297 1 130,	
DATOS 2 297 2 129,5038,	
diagnosticada 1 297 1 1874,	
4 23 297 23 128,152,178,179,580,611,1471,1677,1857,1893,1894,1929,3105,3403,3676,3838,3863,4174,4175,4182,4320,5064,5164,	
diámetro 1 297 1 127,	
longitud 3 297 3 121,1789,1809,	
mm 7 297 7 119,125,343,679,1472,1678,1814,	
ligeramente 4 297 4 773,810,943,2683,	
43 2 297 2 118,1813,	
sellados 1 297 1 115,	
subcutáneo 1 297 1 161,	
blancuzco 1 297 1 114,	
anhidra 1 297 1 5050,	
o 49 297 49 113,422,1195,1235,1279,1294,1388,1515,1522,1584,1615,1725,1841,1863,1876,1889,2163,2223,2225,2241,2249,2251,2282,2308,2386,2413,2608,2731,2787,2841,2884,3112,3222,3246,3252,3326,3435,3483,3804,3860,3905,4028,4036,4127,4144,4492,4504,5020,5028,	
codo 3 297 3 304,549,703,	
blanco 1 297 1 112,	
color 1 297 1 111,	
flexibles 1 297 1 109,	
cilindros 1 297 1 108,	
son 5 297 5 107,2673,4716,4788,4862,	
Los 17 297 17 105,254,344,550,768,778,1377,1479,1902,2517,2629,3267,3627,3790,4615,5008,5082,	
	Implante 1 297 1 104,	
FARMACÉUTICA 1 297 1 103,	
FORMA 1 297 1 102,	
6 13 297 13 99,672,694,3677,4549,4693,5037,5051,5056,5063,5075,5142,5143,	
excipientes 2 297 2 97,5044,	
Lista 2 297 2 95,5042,	
5 26 297 26 93,124,173,455,456,465,595,597,598,662,1077,1401,1958,3106,3404,4194,4328,4355,4412,4453,4602,4636,4709,4961,4965,5076,	
25 1 297 1 89,	
alrededor 1 297 1 87,	
años 12 297 12 85,94,151,1402,1930,3005,4329,4356,4417,4637,4710,5062,	
tromboembólicos 1 297 1 2099,	
3 13 297 13 84,101,342,572,678,1033,1075,1858,4532,4584,4966,5057,5061,	
después 14 297 14 82,91,1162,1179,1291,1316,1349,1371,1773,1927,2734,3505,3617,3834,	
30 1 297 1 80,	
año 13 297 13 79,1920,4360,4401,4408,4434,4522,4529,4536,4544,4553,4591,4702,	
cabo 6 297 6 76,231,1073,1411,4699,4824,	
40 2 297 2 73,150,	
30) 1 297 1 4350,	
auxiliar 2 297 2 421,502,	
disminuir 1 297 1 70,	
siguiente 5 297 5 65,404,1182,1228,1245,	
mes 3 297 3 64,1091,4687,	
primer 8 297 8 63,886,935,980,1256,4395,4521,4686,	
µg/día 4 297 4 60,74,81,90,	
100 9 297 9 59,4341,4371,4387,4441,4455,4468,4484,4512,	
pélvico 1 297 1 3917,	
aproximadamente 6 297 6 57,72,295,541,692,4672,	
justo 1 297 1 784,	
levonogestrel 1 297 1 54,	
siguen 1 297 1 3529,	
liberación 1 297 1 52,	
tasa 5 297 5 50,2768,4382,4427,4871,	
náuseas 1 297 1 3896,	
La 20 297 20 49,186,269,869,1093,1406,1418,1491,1808,1962,2208,3180,3204,4002,4381,4592,4870,4905,5114,5149,	
levonorgestrel 36 297 36 48,1862,1966,2108,2130,2440,2447,2578,2766,2892,3095,3431,3444,3747,3793,4071,4089,4168,4218,4228,4266,4644,4715,4750,4787,4803,4808,4835,4840,4869,4900,4910,4918,4951,4980,5027,	
implante 17 297 17 43,380,887,910,936,949,981,1012,1234,1703,1740,1747,1978,3987,4005,4047,4054,	
cambio 2 297 2 1214,3897,	
Cada 2 297 2 42,3359,	
subdérmica 3 297 3 41,351,4621,	
inserción 32 297 32 40,68,235,270,308,364,377,533,589,653,724,803,1031,1050,1094,1112,1268,1352,1405,1505,1776,2407,3179,3207,3396,3992,3994,4017,4045,4661,5153,5180,	
contiene 4 297 4 36,44,212,3341,	
producto 4 297 4 35,4642,5123,5158,	
(2 1 297 1 463,	
	El 1 297 1 34,	
CUANTITATIVA 1 297 1 33,	
obtienen 1 297 1 3796,	
Y 1 297 1 32,	
CUALITATIVA 1 297 1 31,	
COMPOSICIÓN 1 297 1 30,	
75 2 297 2 26,45,	
× 1 297 1 25,	
	JADELLE® 1 297 1 23,	
MEDICAMENTO 2 297 2 22,4199,	
DEL 2 297 2 21,5263,	
Piel 1 297 1 3954,	
NOMBRE 1 297 1 20,	
ocasiones 1 297 1 2563,	
información 6 297 6 16,3159,3345,3393,5150,5176,	
Toda 1 297 1 14,	
medicamento 2 297 2 13,18,	
Basica 1 297 1 11,	
procederse 3 297 3 310,2394,2750,	
	Información 1 297 1 10,	
aplicador 23 297 23 6,218,260,335,618,626,649,708,733,794,813,826,838,853,898,942,955,961,968,1020,5091,5098,5185,	
1 21 297 21 5,19,78,100,132,400,766,1959,2772,2774,2976,3643,4201,4315,4392,4464,4480,4482,4547,4701,5041,	
implantes 68 297 68 4,9,28,38,106,193,214,255,345,409,551,609,644,769,779,992,1378,1461,1480,1510,1527,1558,1571,1594,1632,1645,1688,1792,1801,1806,1832,1913,1937,2106,2128,2170,2186,2211,2370,2400,2438,2471,2576,2626,2630,2666,2756,2764,2890,2905,3268,3319,3402,3429,3628,3695,4022,4069,4087,4166,4215,4558,4570,4616,4648,4781,4946,5083,	
mg 3 297 3 3,27,46,	
x75 1 297 1 2,	
2 15 297 15 1,8,24,29,123,153,476,578,3655,4518,4525,4603,4726,5052,5165,	
JADELLE 63 297 63 0,162,194,204,408,623,1082,1096,1155,1259,1287,1364,1376,1379,1572,1802,1831,1869,1914,1938,1992,2059,2076,2171,2212,2263,2342,2364,2371,2392,2472,2510,2532,2560,2601,2627,2631,2688,2694,2796,2800,3065,3084,3269,3358,3381,3459,3551,3629,3690,3774,3798,3827,3873,4193,4216,4231,4307,4571,4595,4611,4782,5036,	
