	Prospectos 1 352 1 8447,	
2006 1 352 1 8446,	
TEXTO 1 352 1 8443,	
REVISIÓN 1 352 1 8441,	
26-07-02 1 352 1 8436,	
18-03-03 1 352 1 8429,	
26-07-00 2 352 2 8413,8420,	
	- 1 352 1 8407,	
LA 2 352 2 8402,8440,	
FECHA 2 352 2 8400,8438,	
943 1 352 1 8390,	
64 1 352 1 8389,	
284 1 352 1 8382,	
288 1 352 1 8374,	
287 1 352 1 8366,	
63 2 352 2 8365,8373,	
COMERCIALIZACIÓN 2 352 2 8358,8406,	
AUTORIZACIÓN 2 352 2 8356,8404,	
DE 5 352 5 8355,8357,8401,8405,8439,	
NÚMERO(S) 1 352 1 8354,	
Wellcome 1 352 1 8352,	
GLAXO 1 352 1 8351,	
licencia 1 352 1 8350,	
Leioa 1 352 1 8348,	
Aguirre 1 352 1 8345,	
S 1 352 1 8342,	
FARMA 1 352 1 8341,	
	FAES 1 352 1 8340,	
DOMICILIO 1 352 1 8336,	
Y 1 352 1 8335,	
manipulación 1 352 1 8327,	
Instrucciones 1 352 1 8323,	
enzimáticos) 2 352 2 8257,8292,	
iniciación 3 352 3 8251,8265,8286,	
(envase 3 352 3 8250,8264,8285,	
21 1 352 1 8247,	
56 4 352 4 8236,8271,8296,8307,	
PVC/PVDC/Al 8 352 8 8234,8245,8259,8269,8280,8294,8305,8316,	
Blister 8 352 8 8233,8244,8258,8268,8279,8293,8304,8315,	
recipiente 1 352 1 8227,	
contenido 1 352 1 8225,	
Naturaleza 1 352 1 8223,	
humedad 1 352 1 8220,	
protegido 1 352 1 8213,	
Conservar 1 352 1 8212,	
30ºC 1 352 1 8211,	
temperatura 1 352 1 8208,	
conservación 1 352 1 8204,	
validez 1 352 1 8196,	
	6 1 352 1 8187,	
DATOS 1 352 1 8185,	
" 1 352 1 8183,	
SOCIAL 1 352 1 8334,	
carcinogénico 1 352 1 8180,	
ratones 1 352 1 8172,	
Carcinogenicidad 1 352 1 8164,	
genético 1 352 1 8159,	
presenta 1 352 1 8156,	
muestran 1 352 1 8152,	
mutagenicidad 1 352 1 8151,	
Mutagenicidad 1 352 1 8140,	
deficiencia 1 352 1 8119,	
debidas 1 352 1 8105,	
evidenciaron 1 352 1 8100,	
15-20) 1 352 1 8083,	
(días 1 352 1 8082,	
gestación 1 352 1 8081,	
tardías 1 352 1 8078,	
post-natal 1 352 1 8071,	
fetal 2 352 2 8069,8117,	
mortalidad 1 352 1 8068,	
ratas 3 352 3 8060,8109,8174,	
esperadas 2 352 2 8025,8094,	
exposiciones 2 352 2 8021,8090,	
retraso 1 352 1 8010,	
aparte 1 352 1 8002,	
conejos 1 352 1 7995,	
roedores 1 352 1 7993,	
toxicidad 2 352 2 7985,8041,	
Teratogenicidad 1 352 1 7981,	
(Grado 2 352 2 7939,7953,	
reducirse 1 352 1 7924,	
deberán 2 352 2 7923,7967,	
34 1 352 1 7904,	
Child-Pugh 1 352 1 7898,	
Grado 1 352 1 7893,	
variables 1 352 1 7863,	
grados 1 352 1 7862,	
participaron 1 352 1 7858,	
realizó 1 352 1 7848,	
funcional 1 352 1 7837,	
pesar 1 352 1 7820,	
reciban; 1 352 1 7818,	
concomitantes 1 352 1 7816,	
medicaciones 1 352 1 7815,	
basar 1 352 1 7812,	
cuatro 1 352 1 7796,	
sesión 1 352 1 7794,	
eliminó 1 352 1 7791,	
procede 2 352 2 8191,8329,	
cuerpo 1 352 1 7789,	
1) 1 352 1 7780,	
= 1 352 1 7775,	
(rango 1 352 1 7774,	
26 1 352 1 7762,	
comparadas 1 352 1 7760,	
13 1 352 1 7754,	
medias 1 352 1 7739,	
semividas 1 352 1 7737,	
(durante 2 352 2 7725,7757,	
hemodiálisis) 4 352 4 7720,7727,7752,7759,	
(entre 2 352 2 7719,7751,	
33 1 352 1 7717,	
crónica) 2 352 2 7715,7747,	
(insuficiencia 2 352 2 7713,7745,	
ml/min/kg 6 352 6 7712,7718,7724,7732,7889,7905,	
42 4 352 4 7711,7742,8261,8282,	
sometidos 1 352 1 7702,	
crónica 1 352 1 7696,	
doce 1 352 1 7691,	
intervalo 1 352 1 7644,	
Además 1 352 1 7611,	
41 1 352 1 7601,	
48 1 352 1 7593,	
31 3 352 3 7584,7652,7883,	
varió 1 352 1 7556,	
ancianos 5 352 5 7541,7610,7620,7637,7664,	
incluyó 1 352 1 7534,	
poblacional 1 352 1 7532,	
45 1 352 1 7503,	
medios 1 352 1 7501,	
enzimáticos 1 352 1 7490,	
corta 1 352 1 7468,	
cinco 1 352 1 7459,	
inferior 1 352 1 7457,	
altos 1 352 1 7452,	
ajustado 1 352 1 7437,	
70 2 352 2 7403,7588,	
ampliamente 1 352 1 7368,	
estaban 1 352 1 7351,	
controles 3 352 3 7346,7872,7908,	
ml/min/kg) 2 352 2 7640,7656,	
comparado 2 352 2 7343,7728,	
32% 1 352 1 7342,	
redujo 3 352 3 7339,7377,8111,	
aparente 3 352 3 7337,7568,7877,	
Gilbert 1 352 1 7333,	
35 3 352 3 7322,7575,7779,	
24 3 352 3 7320,7859,7885,	
independientes 1 352 1 7308,	
heces 1 352 1 7301,	
inalterado 1 352 1 7286,	
excreta 2 352 2 7285,7299,	
conjugado 1 352 1 7278,	
eliminación 3 352 3 7274,7315,7362,	
metabólico 1 352 1 7272,	
primariamente 1 352 1 7271,	
±14 1 352 1 7264,	
39 2 352 2 7263,7639,	
Eliminación 1 352 1 7250,	
FARMACÉUTICOS 1 352 1 8186,	
probables 1 352 1 7249,	
P450 1 352 1 7246,	
modesta 1 352 1 7211,	
induce 1 352 1 7205,	
UDP-glucuronil 1 352 1 7191,	
l/kg 1 352 1 7188,	
22 1 352 1 7187,	
92 1 352 1 7184,	
%; 1 352 1 7177,	
55 1 352 1 7176,	
alrededor 1 352 1 7174,	
varían 1 352 1 7161,	
individuo 1 352 1 7158,	
máximas 1 352 1 7148,	
interindividual 1 352 1 7144,	
Existe 1 352 1 7140,	
probada 1 352 1 7139,	
450 2 352 2 7133,7674,	
farmacocinético 3 352 3 7129,7531,7851,	
absorción 1 352 1 7122,	
ingerir 1 352 1 7115,	
retrasa 1 352 1 7111,	
produce 1 352 1 7092,	
pico 1 352 1 7087,	
primer 1 352 1 7084,	
insignificante 1 352 1 7081,	
completa 1 352 1 7073,	
Absorción 1 352 1 7069,	
mixtos 1 352 1 7055,	
secundario 1 352 1 7014,	
86 1 352 1 7010,	
82 1 352 1 7008,	
110 1 352 1 7006,	
105 1 352 1 7005,	
58 2 352 2 7004,7731,	
Placebo 1 352 1 7000,	
Estudio 1 352 1 6999,	
(días) 1 352 1 6991,	
mediana 2 352 2 6988,7874,	
diferencias 1 352 1 6971,	
hubo 1 352 1 6970,	
demostró 1 352 1 6957,	
distintos 1 352 1 6953,	
supervivencia 1 352 1 6950,	
curvas 1 352 1 6948,	
protocolo 1 352 1 6942,	
violación 1 352 1 6940,	
(6%) 1 352 1 6938,	
aleatorización 1 352 1 6937,	
criterios 1 352 1 6935,	
(10%) 1 352 1 6924,	
(12%) 1 352 1 6922,	
consentimiento 1 352 1 6921,	
(13%) 1 352 1 6918,	
finalizaron 1 352 1 6910,	
ITT) 1 352 1 6902,	
(población 1 352 1 6901,	
1315 1 352 1 6899,	
incluyeron 1 352 1 6895,	
analizaron 1 352 1 6886,	
análisis 3 352 3 6875,7013,7530,	
ánimo"" 1 352 1 6858,	
debida 2 352 2 6849,7027,	
intestino 1 352 1 7078,	
intervención 5 352 5 6848,6982,6998,7026,7045,	
""tiempo 1 352 1 6845,	
adicional 1 352 1 6833,	
mediante 1 352 1 6828,	
intervenir 1 352 1 6827,	
consideró 2 352 2 6825,6872,	
76 1 352 1 6818,	
aleatorizados 1 352 1 6811,	
(CGI-S) 1 352 1 6809,	
impresión 1 352 1 6806,	
puntuación 1 352 1 6800,	
mantuvieron 1 352 1 6798,	
Sólo 2 352 2 6786,7289,	
necesidades 1 352 1 6785,	
psicoactivos 1 352 1 6782,	
8-16 1 352 1 6763,	
flexible 1 352 1 6755,	
manía/hipomanía 2 352 2 6748,7051,	
SCAB2006 2 352 2 6739,7007,	
(niveles 1 352 1 6724,	
mg/día) 2 352 2 6722,6757,	
(50 1 352 1 6718,	
asignados 2 352 2 6711,6750,	
actual 2 352 2 6706,6744,	
SCAB2003 3 352 3 6699,6862,7003,	
preliminar 4 352 4 6691,6768,6797,6913,	
fases 1 352 1 6688,	
constan 1 352 1 6685,	
multicéntricos 1 352 1 6675,	
I 1 352 1 6671,	
ánimo 1 352 1 6663,	
prevención 1 352 1 6655,	
pivotales 1 352 1 6646,	
Dos 1 352 1 6644,	
Trastorno 1 352 1 6642,	
150 2 352 2 6629,7630,	
cardiaca 1 352 1 6618,	
incrementando 1 352 1 6610,	
600 1 352 1 6596,	
vía 1 352 1 6593,	
únicas 4 352 4 6591,7565,7670,7854,	
subjetivos 1 352 1 6586,	
ml/min 4 352 4 7265,7576,7585,7604,	
sedativos 1 352 1 6585,	
corporal 4 352 4 6581,6614,7440,8008,	
incrementaron 1 352 1 6578,	
movimientos 2 352 2 6576,6608,	
motora 2 352 2 6574,6605,	
visual 2 352 2 6573,6606,	
coordinación 2 352 2 6571,6603,	
notablemente 1 352 1 6569,	
diazepam 1 352 1 6567,	
diferenciaron 2 352 2 6550,6635,	
240 1 352 1 6539,	
evaluar 1 352 1 6522,	
diseñadas 1 352 1 6520,	
Farmacodinamia 1 352 1 6517,	
evocados 1 352 1 6511,	
potenciales 1 352 1 6508,	
epilépticas) 1 352 1 6504,	
generación 1 352 1 6501,	
monoterapia) 1 352 1 8267,	
clave 1 352 1 6498,	
papel 1 352 1 6497,	
juega 1 352 1 6495,	
(aminoácido 1 352 1 6493,	
glutamato 2 352 2 6492,6516,	
patológica 1 352 1 6490,	
liberación 1 352 1 6489,	
(7%) 1 352 1 6929,	
repetidamente 1 352 1 6485,	
hiperexcitadas 1 352 1 6484,	
cultivadas 1 352 1 6483,	
neuronas 1 352 1 6482,	
Produce 1 352 1 6474,	
voltaje 2 352 2 6472,6479,	
dependiente 3 352 3 6466,6480,7214,	
bloqueante 1 352 1 6464,	
acción 2 352 2 6452,6510,	
(N03AX09) 1 352 1 6449,	
ATC 1 352 1 6448,	
Código 1 352 1 6447,	
Otros 1 352 1 6445,	
farmacoterapéutico 1 352 1 6444,	
Grupo 1 352 1 6443,	
farmacodinámicas 1 352 1 6442,	
Farmacológicas 1 352 1 6440,	
propiedades 1 352 1 6439,	
gástrico 1 352 1 6438,	
realizarse 1 352 1 6435,	
debería 1 352 1 6434,	
estuviera 1 352 1 6432,	
aplicar 1 352 1 6427,	
le 1 352 1 6425,	
ingresado 1 352 1 6419,	
sobredosis 1 352 1 6414,	
coma 1 352 1 6410,	
conciencia 1 352 1 6408,	
nistagmo 1 352 1 6397,	
sobredosificación 1 352 1 6389,	
10-20 1 352 1 6382,	
aguda 1 352 1 6377,	
ingestión 1 352 1 6376,	
espalda 1 352 1 6368,	
dolor 1 352 1 6366,	
Artralgia 1 352 1 6353,	
tomaban 2 352 2 6318,6328,	
9 5 352 5 6313,6370,7659,7743,8399,	
sólo 1 352 1 6297,	
consideran 1 352 1 6296,	
Mientras 1 352 1 6292,	
Periodo 1 352 1 8194,	
14 3 352 3 6283,7380,8346,	
ocurrieron 2 352 2 6280,6310,	
antiepilépticos; 1 352 1 6446,	
controlados) 1 352 1 6274,	
(controlados 1 352 1 6271,	
Cuando 1 352 1 6258,	
conocer 1 352 1 6221,	
Epilepsia 1 352 1 6219,	
mencionadas 1 352 1 6214,	
indicadas 1 352 1 6205,	
Cansancio 1 352 1 6199,	
condiciones 1 352 1 6192,	
lupus 1 352 1 6188,	
tipo 2 352 2 6187,6670,	
huesos 2 352 2 6182,6351,	
musculoesqueléticos 2 352 2 6175,6344,	
Ambos 1 352 1 6672,	
disfunción 2 352 2 6146,6151,	
valores 5 352 5 6139,7350,7450,7500,7647,	
hepatobiliares 1 352 1 6133,	
diarrea 1 352 1 6131,	
vómitos 1 352 1 6129,	
Alteraciones 1 352 1 6126,	
Náuseas 1 352 1 6112,	
gastrointestinales 2 352 2 6105,6127,	
Conjuntivitis 1 352 1 6102,	
Diplopía 1 352 1 6098,	
oculares 3 352 3 6095,6577,6609,	
subyacente 1 352 1 6093,	
seres 2 352 2 8138,8162,	
condición 1 352 1 6092,	
coreoatetosis 1 352 1 6087,	
extrapiramidales 1 352 1 6085,	
aislados 2 352 2 6083,6166,	
producir 1 352 1 6080,	
preexistente 1 352 1 6077,	
Parkinson 1 352 1 6076,	
movimiento 1 352 1 6059,	
alteraciones 3 352 3 6057,6357,8101,	
inestabilidad 1 352 1 6056,	
somnolencia 2 352 2 6051,6341,	
Nistagmo 1 352 1 6048,	
Ataxia 1 352 1 6028,	
temblor 2 352 2 6025,6049,	
insomnio 2 352 2 6023,6052,	
Somnolencia 1 352 1 6022,	
cabeza 3 352 3 6020,6045,6338,	
confusión 1 352 1 6006,	
alucinaciones 1 352 1 6005,	
Tics 1 352 1 6004,	
Agresividad 1 352 1 6001,	
hipersensibilidad** 1 352 1 5887,	
inmunológico 1 352 1 5882,	
leucopenia 1 352 1 5852,	
neutropenia 1 352 1 5851,	
hematológicas 2 352 2 5849,5856,	
evidenció 1 352 1 8177,	
altamente 1 352 1 5771,	
desenlace 1 352 1 5751,	
provocar 1 352 1 5749,	
irreversibles 1 352 1 5745,	
Sobredosificación 1 352 1 6371,	
lesiones 1 352 1 5743,	
experimentan 1 352 1 5742,	
recupera 1 352 1 5734,	
Lyell) 1 352 1 5726,	
(síndrome 1 352 1 5724,	
Raramente 1 352 1 5702,	
desaparece 1 352 1 5689,	
maculopapular 1 352 1 5676,	
Incompatibilidades 1 352 1 8189,	
2% 2 352 2 5667,7291,	
llevaron 1 352 1 5657,	
administró 4 352 4 5652,7384,7681,8074,	
10% 3 352 3 5634,7283,7599,	
teratogénico 1 352 1 8050,	
aparecieron 1 352 1 5628,	
ciego 2 352 2 5624,6677,	
Necrolisis 1 352 1 5617,	
post-comercialización) 3 352 3 5606,6040,6124,	
subcutáneo 2 352 2 5585,6249,	
tejido 4 352 4 5584,6177,6248,6346,	
piel 2 352 2 5582,6246,	
Trastornos 16 352 16 5579,5833,5837,5875,5879,5995,6007,6094,6104,6132,6174,6189,6243,6330,6343,6354,	
aisladas 1 352 1 5577,	
000) 1 352 1 5574,	
(< 1 352 1 5572,	
raras 8 352 8 5571,5616,5847,5884,6003,6054,6135,6184,	
1/1000) 1 352 1 5569,	
1/10 2 352 2 5566,5573,	
Raras 4 352 4 5564,5611,6101,6254,	
1/1000 1 352 1 5561,	
depresión 1 352 1 6708,	
< 3 352 3 5556,5562,5568,	
1/100 1 352 1 5555,	
Frecuentes 10 352 10 5553,5997,6021,6047,6111,6125,6198,6339,6352,6364,	
(> 4 352 4 5551,5554,5560,5565,	
frecuentes 11 352 11 5550,5559,5592,5608,6000,6017,6027,6042,6097,6251,6335,	
Muy 16 352 16 5549,5570,5591,5607,5615,5846,5883,6002,6016,6041,6053,6096,6134,6183,6250,6334,	
criterio 1 352 1 5536,	
utilizado 1 352 1 5534,	
perfil 3 352 3 5526,6223,7128,	
consultadas 1 352 1 5521,	
actualmente 1 352 1 5513,	
específicas 1 352 1 5502,	
dividido 1 352 1 5499,	
conducción 1 352 1 5487,	
relacionados 1 352 1 5484,	
específicos 1 352 1 5483,	
aspectos 1 352 1 5482,	
consultar 1 352 1 5477,	
terapias 1 352 1 5470,	
variación 2 352 2 5462,7143,	
afecta 1 352 1 5445,	
les 1 352 1 5444,	
neurológico 1 352 1 5430,	
máquinas 1 352 1 5417,	
conducir 3 352 3 5414,5452,5939,	
capacidad 1 352 1 5412,	
nacido 1 352 1 5403,	
evaluarse 1 352 1 5388,	
farmacológicos 2 352 2 5386,6458,	
alcanzaron 1 352 1 5378,	
consecutivas 1 352 1 6793,	
alimentados 1 352 1 5369,	
canales 1 352 1 6469,	
número 2 352 2 5363,8147,	
sérica 1 352 1 5359,	
40-60% 1 352 1 5355,	
orden 1 352 1 5353,	
materna 4 352 4 5348,5372,5395,8042,	
leche 2 352 2 5347,5371,	
pasa 1 352 1 5344,	
preliminares 1 352 1 5340,	
limitada 1 352 1 5337,	
referente 1 352 1 5328,	
Lactancia 1 352 1 5325,	
adecuado 2 352 2 5315,6430,	
manejo 1 352 1 5313,	
asegurarse 1 352 1 5311,	
disminuidos 1 352 1 5306,	
informes 1 352 1 5301,	
habido 1 352 1 5300,	
Ha 1 352 1 5299,	
producen 1 352 1 5283,	
fisiológicos 1 352 1 5280,	
etapas 2 352 2 5275,8077,	
embarazadas 2 352 2 5270,5319,	
deseen 1 352 1 5268,	
considerarse 1 352 1 5259,	
fólico 4 352 4 5257,5264,8116,8122,	
ácido 4 352 4 5256,5263,8115,8121,	
embriofetal 1 352 1 5247,	
teóricamente 1 352 1 5240,	
considerable 1 352 1 7142,	
considera 2 352 2 5209,6260,	
cumplir 1 352 1 6932,	
preclínicos 2 352 2 5204,7978,	
desarrollo 2 352 2 5199,7991,	
tóxicos 1 352 1 5196,	
hecho 1 352 1 5188,	
confirmado 1 352 1 5186,	
registros 1 352 1 5181,	
hendidura 1 352 1 5174,	
mostrado 2 352 2 5167,5194,	
placebo 10 352 10 5653,6329,6555,6641,6680,6735,6760,6966,7020,7039,	
registro 1 352 1 5163,	
Datos 3 352 3 5160,5203,7977,	
excluir 1 352 1 5151,	
embarazo 5 352 5 5147,5217,5277,5286,5309,	
000 2 352 2 5138,5567,	
total 3 352 3 5134,5527,6897,	
epidemiológicos 1 352 1 5130,	
De 1 352 1 5124,	
tubo 1 352 1 5086,	
cardiovasculares 1 352 1 5082,	
leporino 1 352 1 5080,	
labio 1 352 1 5079,	
frecuente 1 352 1 5077,	
notificados 1 352 1 5073,	
defectos 2 352 2 5072,5084,	
general 3 352 3 5070,7358,7927,	
3% 1 352 1 5065,	
aproximada 1 352 1 5063,	
madres 1 352 1 5054,	
nacidos 1 352 1 5052,	
2-3 1 352 1 5047,	
incrementado 1 352 1 5045,	
ve 3 352 3 5044,7125,7367,	
malformaciones 5 352 5 5041,5081,5102,5158,8132,	
feto 1 352 1 5037,	
madre 1 352 1 5034,	
podría 3 352 3 5018,5028,5238,	
NOMBRE 1 352 1 8331,	
interrumpirse 1 352 1 5011,	
embarazada 1 352 1 5005,	
quedarse 2 352 2 5004,5269,	
decida 1 352 1 5003,	
mujer 1 352 1 5002,	
antiepiléptico 2 352 2 4999,5008,	
Asimismo 1 352 1 4991,	
fértil 1 352 1 4990,	
periodo 1 352 1 4989,	
especialista 1 352 1 4982,	
consejo 1 352 1 4979,	
proporcionar 1 352 1 4978,	
Riesgo 2 352 2 4970,5120,	
humana 1 352 1 4968,	
experiencia 1 352 1 4960,	
alteración 2 352 2 4954,6405,	
obtenidos 8 352 8 5127,6535,6553,6623,6639,7525,7657,8143,	
animales 5 352 5 4946,5192,8035,8098,8135,	
realizados 3 352 3 4944,5131,6267,	
reproducción 2 352 2 4943,7988,	
Fertilidad 1 352 1 4938,	
lactancia 3 352 3 4937,5335,5394,	
Embarazo 2 352 2 4935,4969,	
CYP2D6 1 352 1 4932,	
aspecto 1 352 1 5675,	
predominantemente 1 352 1 4929,	
eliminados 1 352 1 4928,	
hepáticos 1 352 1 4917,	
microsomas 1 352 1 4916,	
bufuralol 1 352 1 4914,	
alterada 1 352 1 4899,	
20 3 352 3 4893,7581,7772,	
gluconato 1 352 1 4881,	
g 1 352 1 4879,	
seguridad) 1 352 1 5206,	
femeninos 1 352 1 4868,	
determinado 1 352 1 8046,	
diferentes 1 352 1 4859,	
había 1 352 1 4797,	
progesterona 1 352 1 4793,	
perdida 1 352 1 4776,	
horas 11 352 11 7096,7323,7381,7404,7483,7506,7744,7750,7756,7764,7797,	
indicaron 3 352 3 4774,4794,7549,	
estradiol 1 352 1 4773,	
sanguíneos 3 352 3 4768,4791,4832,	
realizadas 1 352 1 4761,	
medidas 2 352 2 4760,4787,	
19% 1 352 1 4755,	
estacionario 2 352 2 4729,7153,	
linfático 1 352 1 5844,	
etinilestradiol 1 352 1 4709,	
dicha 1 352 1 4681,	
final 1 352 1 4679,	
pre-dosis 1 352 1 4677,	
píldora"" 1 352 1 4673,	
séricas 2 352 2 4661,5375,	
39% 1 352 1 4657,	
52% 1 352 1 4655,	
Cmax 2 352 2 4651,4751,	
lineal 1 352 1 7131,	
causó 1 352 1 4631,	
etinilestradiol/150 1 352 1 4628,	
mcg 2 352 2 4626,4629,	
píldora 2 352 2 4621,4712,	
episodio 5 352 5 6703,6743,6852,7030,7049,	
unión 2 352 2 4606,7166,	
desplaza 1 352 1 4597,	
procedentes 3 352 3 4588,5178,7544,	
concomitantemente 1 352 1 4585,	
administran 1 352 1 4584,	
afecte 2 352 2 4575,7223,	
presentado 1 352 1 4570,	
controlados 3 352 3 4567,6301,6678,	
trazodona 1 352 1 4544,	
sertralina 1 352 1 4542,	
risperidona 1 352 1 4541,	
fenelzina 1 352 1 4540,	
clozapina 1 352 1 4539,	
57 2 352 2 7723,7748,	
vea 1 352 1 4536,	
pruebas 4 352 4 4521,6142,6519,8149,	
resultados 8 352 8 4518,4587,6454,6534,6622,6638,7524,8142,	
aleatorizada 1 352 1 6695,	
lorazepam 1 352 1 4516,	
haloperidol 1 352 1 4514,	
fluoxetina 1 352 1 4513,	
amitriptilina 1 352 1 4510,	
conjunta 2 352 2 4508,6889,	
afectada 3 352 3 4504,7126,7369,	
mínimamente 1 352 1 4503,	
vio 2 352 2 4502,4898,	
2-N-glucurónido 1 352 1 4500,	
principal 2 352 2 4495,6840,	
formación 1 352 1 4493,	
vitro 3 352 3 4489,4523,4592,	
in 3 352 3 4488,4522,4591,	
AUC 3 352 3 4479,4648,4749,	
ligero 2 352 2 4475,5229,	
observó 2 352 2 4473,4734,	
mEq/l) 1 352 1 6733,	
administrada 2 352 2 4461,6543,	
estadísticamente 3 352 3 4454,6972,7058,	
hepáticas 1 352 1 4407,	
varones 1 352 1 4383,	
10 4 352 4 4381,6564,7888,8437,	
afecto 1 352 1 4371,	
relevante 2 352 2 4362,7560,	
distribución 1 352 1 7181,	
dicho 1 352 1 4358,	
espera 1 352 1 4356,	
respectivamente 4 352 4 4353,4658,4758,7899,	
20% 1 352 1 4352,	
aumentaron 1 352 1 4664,	
porcentaje 1 352 1 4347,	
(Cmax) 1 352 1 4342,	
plasmática 1 352 1 4340,	
(AUC) 1 352 1 4336,	
curva 1 352 1 4335,	
área 1 352 1 4332,	
produjo 4 352 4 4327,4385,4702,4952,	
consecuencia 1 352 1 4308,	
disminuyendo 1 352 1 4306,	
aumentan 1 352 1 4301,	
primidona) 1 352 1 4287,	
(tales 1 352 1 4281,	
Ciertos 1 352 1 4275,	
viceversa 1 352 1 4274,	
observaron 1 352 1 8087,	
alteró 1 352 1 4268,	
CL/F 1 352 1 7706,	
1200 1 352 1 4261,	
hemodiálisis 2 352 2 7704,7799,	
reducción 7 352 7 4243,4329,4646,4747,5251,7826,8005,	
estudió 2 352 2 4241,7613,	
sanos 12 352 12 4233,4254,4318,4895,6546,7261,7318,7622,7735,7767,7870,7909,	
voluntarios 9 352 9 4231,4252,4317,4382,6545,7621,7692,7734,7766,	
observado 3 352 3 4223,7999,8063,	
anhidro 1 352 1 4884,	
normalmente 3 352 3 4213,5351,5673,	
resuelven 1 352 1 4212,	
efectos 10 352 10 4210,4853,5195,5385,5426,6084,6524,6584,8000,8085,	
introducción 1 352 1 4206,	
después 3 352 3 4203,4873,7113,	
borrosa 2 352 2 4195,6100,	
visión 2 352 2 4194,6099,	
diplopía 2 352 2 4193,5435,	
ataxia 3 352 3 4192,6050,6398,	
vértigo 5 352 5 4191,5433,6024,6046,6342,	
nervioso 4 352 4 4187,6010,6333,6531,	
sistema 8 352 8 4186,5835,5843,5877,5881,6009,6332,6530,	
semivida 6 352 6 4168,7306,7313,7360,7375,7462,	
aumenta 1 352 1 4159,	
inhibe 2 352 2 4148,6487,	
clínicas 2 352 2 4082,8058,	
consecuencias 2 352 2 4081,5031,	
presentar 1 352 1 4080,	
sodio 1 352 1 6471,	
probabilidades 1 352 1 4078,	
propio 2 352 2 4069,7207,	
P-450 1 352 1 4064,	
citocromo 2 352 2 4063,7245,	
metabolizados 2 352 2 4059,7241,	
hepático 2 352 2 4044,4294,	
oxidativo 1 352 1 4043,	
posible 4 352 4 5119,5225,5390,8048,	
inhibición 2 352 2 4034,4487,	
inducción 2 352 2 4032,4403,	
origine 1 352 1 4031,	
fertilidad 3 352 3 4957,4967,8104,	
evidencia 4 352 4 4027,4571,4798,7219,	
UDP- 1 352 1 4021,	
responsables 5 352 5 4014,4040,4291,4408,7199,	
enzimas 7 352 7 4013,4039,4061,4290,4406,7198,7243,	
comprobado 1 352 1 4010,	
Interacciones 2 352 2 4001,4545,	
inicialmente 1 352 1 3988,	
transferasas 2 352 2 4023,7192,	
presentaba 1 352 1 3987,	
/o 1 352 1 3963,	
(incluido 1 352 1 3956,	
interrupción 1 352 1 3945,	
reciente 2 352 2 6704,6746,	
terapéutico 2 352 2 3939,5298,	
teratogénicos 1 352 1 8001,	
glucuronil 1 352 1 4022,	
inmediata 1 352 1 3926,	
médica 1 352 1 3925,	
conllevar 2 352 2 5029,5239,	
buscar 1 352 1 3923,	
ideas/comportamientos 1 352 1 3915,	
enfermedad 2 352 2 3905,6074,	
vigilar 1 352 1 3900,	
necesidad 2 352 2 3898,4996,	
acerca 1 352 1 3895,	
daño 1 352 1 5246,	
cargo 1 352 1 3894,	
personas 1 352 1 3888,	
vigilancia 1 352 1 3872,	
objeto 1 352 1 3868,	
comienzo 2 352 2 3851,5685,	
suicida 1 352 1 3848,	
muestren 1 352 1 3842,	
jóvenes 3 352 3 3838,7538,7608,	
pensamientos 3 352 3 3835,3863,3918,	
comportamiento 1 352 1 3833,	
disminuye 1 352 1 3819,	
incrementa 3 352 3 3817,7398,7498,	
inicio 1 352 1 3811,	
especialmente 2 352 2 3809,3970,	
síntomas) 3 352 3 3803,3911,3961,	
nuevos 3 352 3 3802,3910,3960,	
observar 2 352 2 3792,5442,	
seguimiento 2 352 2 3787,6928,	
estrecho 1 352 1 3786,	
y/o 2 352 2 3764,5294,	
sufrir 1 352 1 3757,	
Irritabilidad 1 352 1 5998,	
asociados 1 352 1 3747,	
suicidio 2 352 2 3746,3861,	
Empeoramiento 1 352 1 3741,	
trastornos 1 352 1 3739,	
uso- 1 352 1 6465,	
suicidas 7 352 7 3728,3770,3808,3836,3864,3916,3969,	
comportamientos 4 352 4 3727,3769,3805,3968,	
autolesión 1 352 1 3920,	
ideación 5 352 5 3725,3767,3807,3847,3966,	
comunicarlo 1 352 1 3700,	
empeoramiento 6 352 6 3689,3759,3796,3902,3954,6060,	
asociación 2 352 2 3680,6156,	
ocurrido 1 352 1 3678,	
similares 2 352 2 3676,8018,	
Casos 1 352 1 3675,	
fatal 2 352 2 3674,5752,	
rabdomiolisis 1 352 1 3663,	
interacciones 2 352 2 4054,7236,	
epilepticus 1 352 1 3658,	
status 1 352 1 3657,	
convulsivas 1 352 1 3653,	
literatura 1 352 1 3647,	
requiera 1 352 1 3634,	
cutánea) 1 352 1 3632,	
seguridad 4 352 4 3626,5529,6225,7980,	
motivos 1 352 1 3624,	
rebote 1 352 1 3603,	
brusca 4 352 4 3589,3637,3979,5014,	
Como 2 352 2 3582,7768,	
consultarlo 1 352 1 3576,	
contengan 1 352 1 3573,	
tratados 2 352 2 3567,5638,	
Aumento 1 352 1 6136,	
administrarse 1 352 1 3561,	
contienen 1 352 1 3556,	
estén 2 352 2 3550,4987,	
Pacientes 3 352 3 3548,7676,7843,	
glucurónido 3 352 3 3530,4481,7277,	
acumulación 1 352 1 3527,	
esperar 1 352 1 3525,	
alteraron 3 352 3 3519,6568,6600,	
anemia 1 352 1 5853,	
plasmáticas 7 352 7 3514,4560,4578,4610,7090,7171,7738,	
fase 6 352 6 3507,6690,6694,6767,6796,6912,	
sujetos 8 352 8 3505,4467,4894,6788,6908,7328,7860,7869,	
única 4 352 4 3503,4464,7628,7684,	
año 1 352 1 3481,	
período 4 352 4 3478,3493,3616,4690,	
rojos 2 352 2 3475,3490,	
glóbulos 2 352 2 3474,3489,	
suero 2 352 2 3471,6726,	
recibían 1 352 1 6772,	
medio 8 352 8 3463,4165,7253,7336,7479,7634,7650,7707,	
hemoglobina 1 352 1 3458,	
antidepresivos 1 352 1 3716,	
humanos 4 352 4 3447,4918,8139,8163,	
prolongado 1 352 1 3445,	
plazo 2 352 2 3439,8170,	
metabolismo 13 352 13 3431,4016,4042,4070,4155,4270,4280,4293,4303,4912,7082,7201,7208,	
interferencia 1 352 1 3428,	
dihidrofolato 2 352 2 3418,5234,	
reductasa 3 352 3 3410,3419,5235,	
hemorragia 1 352 1 3408,	
sangrado 1 352 1 3402,	
producido 1 352 1 3397,	
metabolito 2 352 2 3529,4496,	
Por 2 352 2 3385,5436,	
preparados 2 352 2 3381,4866,	
anticonceptiva 3 352 3 3376,4622,4713,	
produzcan 2 352 2 3370,4053,	
excluirse 1 352 1 3363,	
embargo 7 352 7 3360,3441,3522,4731,5516,7033,7216,	
desconocido 1 352 1 3358,	
1/10) 2 352 2 5552,5557,	
actividad 3 352 3 3355,4779,4814,	
impacto 2 352 2 3349,4811,	
(etilnilestradiol/levonorgestrel) 1 352 1 3347,	
LH 3 352 3 3322,4771,4836,	
FSH 3 352 3 3320,4770,4834,	
séricos 1 352 1 3318,	
levonorgestrel 5 352 5 3312,4630,4742,4753,4824,	
visto 1 352 1 3304,	
sanas 1 352 1 3301,	
16 4 352 4 3299,4615,4698,4806,	
estudio 14 352 14 3297,4229,4249,4314,4378,4613,4696,4764,6589,6698,6738,6861,7326,7850,	
farmacocinéticos 2 352 2 3282,4143,	
parámetros 2 352 2 3281,4142,	
similar 3 352 3 3279,4140,4226,	
afectar 3 352 3 3276,4137,5288,	
podrían 2 352 2 3275,4136,	
sustitutivos 2 352 2 3273,4131,	
tratamientos 2 352 2 3271,4129,	
orales 3 352 3 3269,4134,4446,	
realizado 5 352 5 3264,4250,4315,4379,4849,	
lamotrigina; 1 352 1 3251,	
discontinúan 1 352 1 3242,	
inician 1 352 1 3240,	
apropiado 1 352 1 3236,	
clínico 8 352 8 3235,3742,3797,3955,5314,5598,6032,6116,	
ejercerse 1 352 1 3232,	
Debe 4 352 4 3231,5258,5310,5387,	
dosificación) 1 352 1 3230,	
central 2 352 2 4188,6532,	
previos 1 352 1 3219,	
realicen 1 352 1 3215,	
serán 1 352 1 3204,	
Estos 3 352 3 3202,4209,8084,	
incrementos 2 352 2 3194,3203,	
producirán 1 352 1 3193,	
píldora"") 1 352 1 3188,	
débil 1 352 1 3415,	
""libre 2 352 2 3186,4671,	
(semana 1 352 1 3185,	
hormonal 4 352 4 3178,3346,4780,4799,	
óptima 1 352 1 3152,	
doble) 1 352 1 3146,	
(hasta 1 352 1 3144,	
altas 1 352 1 3143,	
desequilibrio 2 352 2 6580,6613,	
necesarias 1 352 1 3138,	
dando 3 352 3 3108,4642,4743,	
estudiado 1 352 1 4127,	
mcg) 1 352 1 3107,	
mcg/150 1 352 1 3106,	
(30 1 352 1 3105,	
283 1 352 1 8398,	
ocurre 2 352 2 3583,6153,	
etinilestradiol/levonorgestrel 1 352 1 3104,	
combinación 4 352 4 3102,4716,5091,6778,	
aumento 7 352 7 3088,3307,4633,4737,4819,5242,6399,	
eficacia 5 352 5 3081,3290,3375,6650,6842,	
Efectos 4 352 4 3074,3285,4084,5409,	
pérdida 1 352 1 6925,	
Anticonceptivos 1 352 1 3072,	
graduales 1 352 1 3195,	
médico 5 352 5 3071,3394,3580,3703,5480,	
incidencias 1 352 1 3069,	
inmediato 1 352 1 3067,	
comunicar 2 352 2 3065,3390,	
complicación 1 352 1 3055,	
preludio 1 352 1 3052,	
linfáticas 1 352 1 3048,	
adenopatías 1 352 1 3047,	
sugestivos 1 352 1 3041,	
informado 2 352 2 3029,5425,	
significativo 2 352 2 3845,4455,	
iniciar 1 352 1 3020,	
Antes 1 352 1 3018,	
alternativa 2 352 2 3017,5994,	
etiología 2 352 2 3016,5993,	
PERMANENTE 1 352 1 8337,	
establecer 2 352 2 3014,5991,	
suspender 2 352 2 3007,5984,	
evaluado 2 352 2 3002,5979,	
paciente 7 352 7 2999,3026,3063,3698,3986,5976,6416,	
signos 3 352 3 2995,5971,6171,	
linfadenopatía) 2 352 2 2991,5968,	
(fiebre 1 352 1 2990,	
tempranas 2 352 2 2987,5963,	
manifestaciones 2 352 2 2986,5962,	
aparecer 3 352 3 2985,5384,5961,	
evidente 2 352 2 2983,5959,	
resaltar 2 352 2 2975,5951,	
multiorgánico 3 352 3 2972,3665,5948,	
fallo 4 352 4 2971,3664,5947,6930,	
diseminada 3 352 3 2968,3669,5944,	
intravascular 3 352 3 2967,3668,5943,	
coagulación 3 352 3 2966,3667,5942,	
lugar 10 352 10 2964,3594,3661,4604,4643,4744,5020,6195,6360,6392,	
dar 4 352 4 2963,3593,3660,5019,	
raramente 3 352 3 2962,5747,5938,	
gravedad 2 352 2 2958,5934,	
Concentración 1 352 1 4339,	
espectro 2 352 2 2956,5932,	
amplio 2 352 2 2955,5931,	
muestra 3 352 3 2953,5929,6986,	
hígado 2 352 2 2945,5926,	
e 3 352 3 2944,5925,6486,	
sangre 3 352 3 2943,5840,5924,	
anomalías 3 352 3 2941,5855,5921,	
facial 2 352 2 2939,5919,	
edema 2 352 2 2938,5918,	
linfadenopatía 2 352 2 2937,5917,	
Dihidrofolato 1 352 1 3409,	
incluyen 2 352 2 2935,4190,	
considere 1 352 1 5524,	
sistémicos 4 352 4 2933,5831,5873,5914,	
variable 5 352 5 2930,5828,5870,5911,6839,	
patrón 5 352 5 2929,3400,5827,5869,5910,	
parte 3 352 3 2920,5818,5901,	
claramente 1 352 1 2910,	
importante 2 352 2 2974,5950,	
supere 1 352 1 2909,	
beneficio 2 352 2 2908,5391,	
previamente 2 352 2 2901,3577,	
recibido 1 352 1 2899,	
haber 1 352 1 2898,	
relacionada 2 352 2 2870,8124,	
clara 1 352 1 2865,	
predecir 1 352 1 2851,	
imposible 1 352 1 2850,	
dado 2 352 2 2847,6391,	
inmediatamente 3 352 3 2846,3003,5980,	
evaluados 1 352 1 2837,	
niños) 1 352 1 2830,	
(adultos 1 352 1 2828,	
Todos 1 352 1 2825,	
tenían 1 352 1 2822,	
absorbe 1 352 1 7072,	
comparación 4 352 4 2817,5059,6945,7901,	
superior 4 352 4 2812,6964,7018,8209,	
epilépticas 1 352 1 3696,	
veces 6 352 6 2811,3671,4687,4886,5048,6383,	
frecuencia 4 352 4 2794,5543,6402,6617,	
antecedentes 3 352 3 2780,2824,3831,	
trate 1 352 1 2776,	
Uso 2 352 2 2758,5798,	
administración) 7 352 7 2756,2769,4178,4441,5796,5809,7521,	
exceden 2 352 2 2743,5781,	
elevadas 2 352 2 2739,5777,	
parece 1 352 1 2731,	
fina 2 352 2 6572,6604,	
Adicionalmente 1 352 1 2724,	
ocho 1 352 1 2719,	
fiebre 5 352 5 2716,2936,3045,5916,5967,	
acontecimientos 1 352 1 6916,	
síntomas 13 352 13 2711,2932,2997,3040,3762,3930,3973,5830,5872,5889,5913,5973,6070,	
desarrollen 2 352 2 2710,2832,	
experimentos 1 352 1 8096,	
reacción 1 352 1 2703,	
posibilidad 4 352 4 2700,3365,3426,3942,	
considerar 3 352 3 2698,3933,6210,	
médicos 1 352 1 2694,	
infección 1 352 1 2691,	
confundir 1 352 1 2688,	
epilépticos 1 352 1 2665,	
poner 1 352 1 3878,	
sugieren 5 352 5 2653,4525,4919,6459,7233,	
serie 1 352 1 2650,	
disponibles 2 352 2 2647,5514,	
datos 10 352 10 2646,4910,5126,5177,5339,5512,5605,6039,6123,7232,	
1000 2 352 2 2625,6559,	
ensayos 9 352 9 2607,5419,5587,5621,6012,6107,6231,6299,7548,	
1000) 1 352 1 2605,	
(1 1 352 1 2602,	
mitad 1 352 1 2591,	
Aproximadamente 2 352 2 2589,6903,	
Poco 3 352 3 5558,5999,6026,	
incidencia 5 352 5 2575,2615,2656,5062,5172,	
actuales 1 352 1 2573,	
utilizan 1 352 1 2566,	
estudios 22 352 22 2561,2652,3265,3500,4485,4566,4590,4850,4941,5129,5190,6266,6457,6645,6673,6892,6960,7064,7660,7983,8033,8167,	
incluidos 1 352 1 2559,	
Adversas) 2 352 2 2556,2950,	
Reacciones 4 352 4 2555,2949,5492,6185,	
discontinuación 1 352 1 2548,	
(ensayos 3 352 3 5599,6033,6117,	
Sin 7 352 7 3359,3440,3521,4730,5515,7032,7215,	
hospitalización 2 352 2 2545,2662,	
requirieron 1 352 1 2544,	
tóxica 3 352 3 2542,5619,5723,	
epidérmica 3 352 3 2541,5618,5722,	
necrolisis 2 352 2 2540,5721,	
Síndrome 6 352 6 2536,2599,5612,5885,6255,7331,	
vida 3 352 3 2534,4396,5714,	
202 1 352 1 7009,	
potencial 4 352 4 2530,5399,5711,8179,	
graves 8 352 8 2527,2579,2631,2802,3654,3975,5030,5708,	
erupciones 12 352 12 2525,2577,2629,2658,2784,2799,2857,5629,5655,5706,6278,6308,	
obstante 1 352 1 2518,	
espontánea 1 352 1 2516,	
empleando 2 352 2 6536,6554,	
resolución 1 352 1 2515,	
naturaleza 1 352 1 2512,	
neural 1 352 1 5087,	
sido 3 352 3 2510,5368,7194,	
mayoría 2 352 2 2508,5729,	
mujeres 7 352 7 3154,3238,4784,4985,5139,5266,5318,	
cutáneas 14 352 14 2504,2526,2578,2630,2659,2785,2800,2858,5630,5656,5707,5744,6279,6309,	
adversas 7 352 7 2503,5406,5493,5496,5547,6204,6242,	
leve 4 352 4 2513,3306,4736,4818,	
reacciones 7 352 7 2502,5405,5495,5546,6158,6203,6241,	
comunicado 13 352 13 2498,2522,2597,2918,4181,4555,5705,5816,5899,6064,6164,6238,6374,	
8 8 352 8 2492,2554,2948,5491,5681,6323,6729,8353,	
Durante 6 352 6 2489,5586,6011,6106,6229,6761,	
Erupción 4 352 4 2487,5593,5609,6252,	
precauciones 3 352 3 2483,5698,5758,	
tratadas 1 352 1 5055,	
formulación 1 352 1 2480,	
conocida 1 352 1 2469,	
convulsiones 3 352 3 3599,5025,6404,	
hipersensibilidad 9 352 9 2468,2925,2989,5823,5865,5906,5965,6160,6173,	
material 1 352 1 7293,	
Contraindicaciones 1 352 1 2461,	
baja 1 352 1 2460,	
concentración 4 352 4 2458,3456,5358,7108,	
entero 1 352 1 2456,	
igual 1 352 1 2451,	
será 1 352 1 2450,	
concentraciones 13 352 13 2444,3467,3485,3513,4559,4577,4660,4676,5350,5374,7089,7147,7160,	
pudiera 1 352 1 2436,	
ésta 2 352 2 2433,5112,	
hepática) 1 352 1 2432,	
ej 3 352 3 2428,3405,3628,	
(p 2 352 2 2427,3627,	
enteros 1 352 1 2413,	
descrito 1 352 1 3643,	
tragar 1 352 1 2412,	
individuos 2 352 2 2466,7701,	
completo) 1 352 1 2410,	
cubrir 1 352 1 2407,	
cantidad 2 352 2 2404,7783,	
(al 1 352 1 2401,	
agua 2 352 2 2400,2418,	
volumen 3 352 3 2398,3461,7179,	
pequeño 2 352 2 2397,5362,	
dispersar 1 352 1 2394,	
tomaron 1 352 1 5141,	
masticar 1 352 1 2393,	
dichos 1 352 1 2823,	
Administración 1 352 1 2385,	
afectado 1 352 1 4537,	
Forma 1 352 1 2383,	
ambas 1 352 1 5517,	
farmacocinéticas 2 352 2 2382,7068,	
Características 1 352 1 2381,	
ver 1 352 1 2378,	
detallada 1 352 1 2377,	
eficaz 2 352 2 2352,7842,	
dependientes 1 352 1 6473,	
paciente; 1 352 1 2349,	
esté 2 352 2 2346,2869,	
medicación 6 352 6 2343,3184,3225,3777,3948,7372,	
teniendo 1 352 1 2339,	
posológicas 1 352 1 2338,	
recomendaciones 2 352 2 2337,2568,	
RAZÓN 1 352 1 8333,	
terminal 2 352 2 2324,3508,	
casos 9 352 9 2320,2523,2594,3644,4182,5165,5183,6082,6165,	
precaución 3 352 3 2310,2773,3539,	
Se 19 352 19 2307,2770,2839,2874,3084,3641,3782,3876,3931,4008,4179,4221,4808,4975,5532,6062,6372,7680,7847,	
renal 12 352 12 2306,2318,2323,2362,3498,3511,3547,7679,7695,7714,7746,7836,	
farmacocinéticas) 1 352 1 2304,	
conservar 1 352 1 8206,	
Propiedades 3 352 3 2303,6441,7067,	
ajustar 1 352 1 2293,	
C 3 352 3 2272,7897,7954,	
grave 4 352 4 2270,2619,3056,7952,	
75 2 352 2 2263,7945,	
Child-Pugh) 4 352 4 2260,2276,7942,7956,	
clasificación 3 352 3 2259,2275,5540,	
B 3 352 3 2256,7895,7940,	
(grado 2 352 2 2255,2271,	
depresivo 2 352 2 3735,7031,	
moderada 2 352 2 2254,7938,	
insuficiencia 16 352 16 2252,2268,2317,2322,2361,2431,3510,3546,6148,7678,7694,7835,7845,7865,7936,7950,	
% 9 352 9 2248,2264,6284,6314,6324,7573,7773,7932,7946,	
aproximadamente 14 352 14 2245,2581,2621,2809,3094,4639,4685,5136,7093,7378,7405,7481,7770,7929,	
proteínas 2 352 2 4609,7170,	
generalmente 4 352 4 2243,5678,6154,7466,	
iniciales 4 352 4 2225,2738,5776,7912,	
indujo 1 352 1 3451,	
Las 12 352 12 2223,2277,4659,4759,5494,5654,5854,6202,7190,7736,7910,7957,	
hepática 11 352 11 2222,2253,2269,6145,6147,6149,6152,7846,7866,7937,7951,	
Insuficiencia 3 352 3 2221,2305,3497,	
anciana 1 352 1 2220,	
población 4 352 4 2218,5069,7357,7802,	
relación 1 352 1 2215,	
varía 2 352 2 2212,2666,	
grupo 3 352 3 2208,6289,6993,	
fuertemente 1 352 1 2733,	
pauta 2 352 2 2200,5783,	
respecto 2 352 2 2197,6974,	
posología 1 352 1 2195,	
edad) 1 352 1 2187,	
Agosto 1 352 1 8444,	
65 4 352 4 2184,7655,8381,8397,	
(más 1 352 1 2182,	
Ancianos 2 352 2 2181,7522,	
terapéuticos 1 352 1 2180,	
Stevens-Johnson 5 352 5 2538,2601,5614,5719,6257,	
rangos 1 352 1 2179,	
establecido 1 352 1 2178,	
rutinaria 1 352 1 2173,	
manera 1 352 1 2172,	
Máximo 1 352 1 8344,	
plasmáticos 2 352 2 2167,4311,	
niveles 13 352 13 2166,3115,3199,3317,4310,4767,4790,4831,5254,5291,5303,5379,8113,	
monitorización 1 352 1 2164,	
50% 2 352 2 2095,6905,	
Discontinuación 1 352 1 2048,	
inmunológico**) 2 352 2 5836,5878,	
siguientes 2 352 2 5683,6240,	
inicia 1 352 1 2041,	
ajuste 3 352 3 2031,2147,2192,	
ningún 5 352 5 2030,2146,2191,4452,4703,	
requiere 3 352 3 2029,2145,2190,	
SI 2 352 2 2011,2127,	
necesario 4 352 4 1969,2083,5210,6826,	
Puede 2 352 2 1967,2081,	
rifampicina) 5 352 5 1966,2026,2080,2142,3172,	
NO 2 352 2 1951,2065,	
bipolar) 1 352 1 1932,	
Rifampicina 1 352 1 1923,	
ausencia 1 352 1 1915,	
inhibidor 3 352 3 1885,3414,5231,	
Distribución 1 352 1 7164,	
añade 2 352 2 1882,1913,	
seguir 2 352 2 1873,4420,	
únicamente 1 352 1 1861,	
basándose 3 352 3 1860,1877,5509,	
recomendadas 3 352 3 1857,1876,4423,	
pautas 3 352 3 1852,1875,4422,	
1/100) 1 352 1 5563,	
ajustes 2 352 2 1849,3255,	
necesarios 2 352 2 1848,3254,	
conjuntivo 2 352 2 6178,6347,	
oral 5 352 5 1823,4714,5175,6594,7100,	
adversos 2 352 2 5427,6917,	
relacionado 3 352 3 4971,5121,7294,	
media 4 352 4 4397,4684,7401,7769,	
anticonceptivo 3 352 3 1822,3177,3345,	
diferencia 1 352 1 7035,	
aclaramiento 19 352 19 1814,3090,3310,4390,4528,4635,4740,4822,4925,7252,7267,7303,7335,7436,7552,7567,7633,7649,7876,	
empeorar 1 352 1 6068,	
incremento 8 352 8 1812,3721,4387,4476,5153,5169,8065,8127,	
demostrado 3 352 3 1810,3086,6648,	
Aunque 3 352 3 1807,4552,5727,	
Inicio 2 352 2 1795,1934,	
hormonales 15 352 15 1793,1806,1867,1939,2046,2053,2162,3073,3078,3246,3272,3294,3382,4130,4867,	
ovulatoria 2 352 2 3356,4815,	
anticonceptivos 12 352 12 1792,1805,1866,1938,2045,2052,2161,3077,3245,3268,3293,4133,	
Mujeres 1 352 1 1789,	
generales 4 352 4 1786,3228,6190,6355,	
Recomendaciones 2 352 2 1785,3227,	
(menores 2 352 2 1754,3709,	
adolescentes 4 352 4 1753,1771,3708,3732,	
Bajo 1 352 1 8349,	
inductor 3 352 3 1747,1895,3160,	
secciones 2 352 2 5501,5518,	
combinada 4 352 4 1693,4623,8254,8289,	
retirado 1 352 1 1685,	
mantener 1 352 1 1680,	
debido 6 352 6 2890,4400,5248,6914,7046,8039,	
debiéndose 1 352 1 1679,	
incluyendo 8 352 8 2535,3655,3940,5575,5715,5850,5915,6128,	
doble 7 352 7 1671,1979,3096,4162,4641,5623,6676,	
mantenerse 1 352 1 1642,	
alcanzada 1 352 1 1634,	
inactivo; 1 352 1 3533,	
significativa 5 352 5 1623,2363,4036,7059,7838,	
demanda 1 352 1 1611,	
rápidamente 3 352 3 2838,3391,7075,	
*La 1 352 1 1602,	
original 3 352 3 1548,1678,1707,	
300 5 352 5 1534,2671,4721,4861,6631,	
(c) 2 352 2 1528,1688,	
(b) 2 352 2 1516,1650,	
oxcarbazepina) 2 352 2 1515,1630,	
significativos 2 352 2 1505,3453,	
están 12 352 12 1500,1803,1943,1952,2012,2057,2066,2128,3157,3174,3565,3773,	
Tras 7 352 7 1488,1517,1529,1613,1651,1689,3131,	
Litio 4 352 4 1512,1627,4122,7001,	
continuación 2 352 2 1476,6207,	
esquema 1 352 1 1471,	
siguiendo 1 352 1 1469,	
gradualmente 2 352 2 1465,1735,	
retirar 3 352 3 1464,2841,5691,	
indicado 4 352 4 1451,1474,2334,6433,	
clínicamente 6 352 6 1450,4035,4361,7559,8024,8093,	
clínica 8 352 8 1415,1984,2100,2299,2959,5935,6807,7974,	
función 4 352 4 1411,2295,6144,7970,	
modificarse 1 352 1 1409,	
podrá 1 352 1 1408,	
**La 1 352 1 1403,	
O 3 352 3 1348,8332,8338,	
Primidona 5 352 5 1347,1559,1718,1905,1921,	
Fenobarbital 5 352 5 1346,1558,1717,1904,1920,	
sobreaviso 1 352 1 3880,	
Carbamazepina 6 352 6 1345,1557,1716,1902,1918,4121,	
Fenitoína 5 352 5 1344,1556,1715,1903,1919,	
usarse 3 352 3 1342,1554,1713,	
dosificación 8 352 8 1340,1473,1788,2570,3258,4246,4425,6754,	
régimen 4 352 4 1338,1550,1709,3938,	
400 5 352 5 1334,1532,1608,6721,6883,	
aumentar 3 352 3 1330,1606,1668,	
7 4 352 4 1327,5408,7482,8330,	
inductores 16 352 16 1310,1351,1502,1538,1563,1695,1722,1954,2014,2068,2130,4278,4430,7387,7489,8291,	
Metabolismo 1 352 1 7189,	
c) 2 352 2 1306,2047,	
alergia 2 352 2 2782,3043,	
Valproato) 4 352 4 1297,1527,1661,1892,	
máxima 4 352 4 1296,4341,6387,7109,	
inhibidores 6 352 6 1260,1326,1504,1520,1654,8256,	
b) 2 352 2 1256,1933,	
glucuronidación 27 352 27 1244,1278,1313,1354,1508,1523,1541,1566,1657,1698,1725,1750,1888,1898,1957,2017,2071,2133,3163,4090,4111,4114,4117,4150,4411,4433,7390,	
psiquiátricos 2 352 2 3740,5996,	
significativamente 7 352 7 1242,2213,3520,4104,4106,4109,6601,	
Después 1 352 1 7561,	
inhiben 3 352 3 1241,4095,4102,	
sección 1 352 1 6217,	
inducen 4 352 4 1239,4098,4108,4288,	
u 1 352 1 1233,	
realiza 1 352 1 2170,	
olanzapina 5 352 5 1231,1514,1629,4326,4375,	
5% 1 352 1 5644,	
bupropión 5 352 5 1230,1513,1628,4449,4511,	
litio 7 352 7 1229,4872,4883,6683,6723,6758,6976,	
100-400mg/día 1 352 1 1226,	
Rango 1 352 1 1225,	
Terapia 3 352 3 1220,1257,1307,	
Monoterapia 1 352 1 1187,	
a) 4 352 4 1186,1487,1612,1794,	
estabilización 3 352 3 1185,1406,1676,	
Semana 5 352 5 1180,1324,1480,1482,1484,	
menstrual 1 352 1 3403,	
Régimen 3 352 3 1170,1478,1925,	
adjunto 1 352 1 1169,	
escaso 1 352 1 4075,	
señala 1 352 1 1165,	
asociado 9 352 9 1160,2734,2926,3718,5096,5772,5824,5866,5907,	
posteriores 5 352 5 1157,2228,2279,7915,7959,	
dependiendo 5 352 5 1150,1544,1701,1980,2096,	
gradual 3 352 3 1146,3613,4667,	
instaurarse 1 352 1 1143,	
El 19 352 19 1138,2626,2951,3348,3713,5006,5038,5088,5762,5927,7086,7103,7127,7251,7266,7302,7435,7632,7705,	
18 4 352 4 1136,1756,1774,3711,	
(mayores 1 352 1 1134,	
suficiente 2 352 2 1119,2405,	
existe 5 352 5 1117,3424,4959,5460,7218,	
No 12 352 12 1116,2188,2517,3261,4024,4124,4354,4846,4958,8190,8205,8328,	
indican 3 352 3 4490,4593,5341,	
menores 5 352 5 1112,1127,1772,2445,8016,	
clonazepam 1 352 1 4512,	
recomendado 2 352 2 1110,1926,	
rango 2 352 2 1109,7354,	
alta 2 352 2 1107,7138,	
requieran 1 352 1 1098,	
2-6 1 352 1 1096,	
reevaluar 1 352 1 4994,	
comprendida 1 352 1 1094,	
edad 4 352 4 1093,2210,7456,7579,	
probable 3 352 3 1088,4050,4533,	
Es 3 352 3 1087,2973,5949,	
revisarse 1 352 1 1054,	
hay 2 352 2 1046,3794,	
niño 1 352 1 1043,	
monitorizar 1 352 1 1039,	
cambios 8 352 8 1047,3314,3352,3369,3452,4556,4828,5279,	
terapéutica 4 352 4 1036,3151,5224,6386,	
superiores 4 352 4 4688,6380,8038,8055,	
mantiene 1 352 1 1033,	
asegurar 1 352 1 1030,	
administrar 6 352 6 1027,2312,2437,2449,5220,7563,	
menor 2 352 2 1020,5222,	
alternos 1 352 1 1008,	
aumentos 1 352 1 3208,	
consideración 1 352 1 2341,	
días 4 352 4 1007,1299,3218,4891,	
(0 2 352 2 7638,7651,	
calculada 3 352 3 992,1018,2422,	
diaria 3 352 3 991,1017,1295,	
Si 8 352 8 988,1014,1448,2419,2992,5207,5969,6431,	
lavado 1 352 1 6437,	
optima) 1 352 1 924,	
Anomalías 1 352 1 5848,	
maquinaria 1 352 1 5456,	
1-10 1 352 1 920,	
MINISTERIO 7 352 7 892,1235,1477,2531,5845,6103,6363,	
óptima) 1 352 1 887,	
5-15 1 352 1 883,	
significativas 2 352 2 4083,6973,	
(respuesta 3 352 3 858,885,922,	
1-5 1 352 1 856,	
(incluyendo 3 352 3 3798,3906,5888,	
1-2 4 352 4 846,871,907,995,	
máximo 4 352 4 844,869,905,2093,	
mg/kg 3 352 3 833,865,901,	
Aumentar 3 352 3 828,860,896,	
produjeron 1 352 1 6583,	
mg/kg/día 4 352 4 827,857,884,921,	
inducir 1 352 1 4067,	
mg/kg/día** 1 352 1 824,	
15 2 352 2 823,4323,	
0 15 352 15 822,825,831,899,6728,7183,7654,7710,7716,7730,7755,7882,7884,7887,7903,	
años) 5 352 5 797,1137,1757,2638,3712,	
(2 2 352 2 794,2635,	
Niños 5 352 5 793,1111,1751,3706,7434,	
continuar 1 352 1 788,	
retirados 1 352 1 783,	
administrados 1 352 1 777,	
48940 1 352 1 8347,	
SEDE 1 352 1 8339,	
epiléptico 1 352 1 769,	
control 3 352 3 768,3234,3692,	
alcanzado 2 352 2 766,1457,	
corpuscular 1 352 1 3462,	
haya 2 352 2 765,1456,	
Una 1 352 1 762,	
utilizada 4 352 4 747,1072,1433,5115,	
tomando 15 352 15 1228,1501,1804,1944,1953,2013,2058,2067,2129,2347,3158,3175,3551,3776,4255,	
conjuntamente 6 352 6 727,982,1400,1599,7409,7510,	
aparecen 4 352 4 2993,3928,3976,5974,	
administra 7 352 7 726,981,1399,1598,7408,7486,7509,	
debe 39 352 39 715,970,1026,1038,1053,1063,1142,1341,1388,1424,1553,1587,1641,1667,1712,1733,2308,2330,2771,2840,3000,3006,3027,3064,3537,3560,3699,3783,3877,3932,4976,4993,5010,5113,5977,5983,6417,6426,7811,	
interacción) 9 352 9 713,968,1369,1845,2007,2123,3130,3336,7433,	
formas 10 352 10 711,966,1367,1843,2005,2121,3128,3334,3998,7431,	
medicamentos 16 352 16 708,963,1364,1840,2002,2118,2789,3125,3331,3554,3571,3995,4005,4551,7428,8449,	
Interacción 10 352 10 704,959,1360,1836,1998,2114,3121,3327,3991,7424,	
farmacocinética 13 352 13 698,953,1384,1583,1622,2203,2375,4373,4458,4707,4870,7225,7615,	
interacción 6 352 6 697,952,1383,1582,1621,4000,	
Menos 1 352 1 7281,	
desconoce 5 352 5 695,950,1381,1580,4809,	
peso 3 352 3 1041,7439,8007,	
antiepilépticos 18 352 18 690,776,945,1376,1494,1575,1619,2790,3586,4277,4564,4581,4601,4974,5057,5093,5473,7229,	
fármacos 25 352 25 689,775,944,1236,1375,1467,1491,1574,1616,4046,4058,4087,4276,4563,4580,4600,4927,4973,5472,6527,6781,7228,7240,7386,7488,	
tabla 1 352 1 6984,	
toman 8 352 8 688,943,1325,1374,1573,1791,3380,4201,	
NOTA 5 352 5 684,939,986,1370,1569,	
deseada 1 352 1 683,	
700 1 352 1 675,	
global 4 352 4 2727,5764,6226,6808,	
psicótropos 3 352 3 1468,1492,1617,	
requerido 1 352 1 674,	
(#) 1 352 1 670,	
valproato 11 352 11 669,729,938,984,1402,1601,1687,2761,5801,7411,7512,	
rifampicina 4 352 4 667,936,4384,4418,	
primidona 7 352 7 665,934,1964,2024,2078,2140,3170,	
fenobarbital 8 352 8 664,933,1963,2023,2077,2139,3169,4285,	
reduce 3 352 3 4153,4216,4923,	
carbamazepina 13 352 13 663,932,1961,2021,2075,2137,3167,4202,4220,4284,6599,7393,7493,	
fenitoína 11 352 11 662,931,1962,2022,2076,2138,3168,4283,6562,7395,7495,	
inhibidores2 2 352 2 604,910,	
oxcarbazepina 6 352 6 577,894,1232,4237,4264,4266,	
Con 2 352 2 576,893,	
incrementar 2 352 2 572,1970,	
valproato) 2 352 2 569,886,	
extensión 1 352 1 7119,	
(excepto 2 352 2 568,881,	
mantenimiento 20 352 20 567,853,879,916,1102,1461,1706,1947,1974,2036,2061,2088,2152,2239,2290,2357,3141,7831,7922,7966,	
llegar 1 352 1 562,	
glucuronidacion 5 352 5 547,608,874,917,4297,	
resultado 2 352 2 3110,3673,	
inductores1 4 352 4 533,586,866,903,	
orina 2 352 2 7280,7288,	
200-400 1 352 1 531,	
realizar 2 352 2 3784,8032,	
Fármacos 5 352 5 526,859,4093,4096,4099,	
semana 8 352 8 523,558,616,3182,3191,3223,4670,4682,	
5ª 3 352 3 522,557,615,	
partir 5 352 5 519,554,612,1321,7527,	
A 6 352 6 518,553,611,1320,7894,8343,	
Dolor 4 352 4 6018,6043,6336,6365,	
administrado 2 352 2 516,1292,	
concomitante 11 352 11 515,780,854,2344,2759,3340,4416,4693,4903,5799,7373,	
fármaco 10 352 10 511,849,1649,2705,2873,5739,7102,7297,8023,8092,	
(comprimido 2 352 2 497,1263,	
mg/día* 2 352 2 490,492,	
con/sin 2 352 2 487,821,	
Valproato 6 352 6 486,820,1333,1917,4120,4146,	
grado 1 352 1 3844,	
Mantenimiento(#) 1 352 1 485,	
2 27 352 27 478,668,812,864,937,1004,1114,1129,1175,1483,2302,2380,2751,2764,3618,4173,4436,4878,5137,5791,5804,7066,7094,7415,7516,7763,8188,	
tratamiento 44 352 44 450,1139,1159,1552,1711,1764,1797,1936,2043,2050,2159,2495,2723,2805,2843,2881,2900,3022,3058,3243,3249,3436,3444,3542,3714,3813,3853,3875,4415,4692,4998,5007,5212,5322,5447,5662,5687,6429,6716,6816,6832,6956,6995,7596,	
recomienda 4 352 4 448,2875,5219,7824,	
pediátricos 1 352 1 445,	
En 40 352 40 443,685,940,1371,1570,2008,2124,2319,2557,2606,2677,3153,3295,3499,3686,4247,4312,4376,4611,4694,4939,5360,5418,5595,5620,6029,6113,6411,6518,6587,6696,6736,6859,6890,7011,7324,7982,8059,8108,8165,	
empleo) 9 352 9 442,761,1086,1447,1784,2372,4845,5701,5761,	
conteniendo 8 352 8 8235,8246,8260,8270,8281,8295,8306,8317,	
paso 1 352 1 7085,	
especiales 14 352 14 440,759,1084,1445,1782,1830,1992,2108,2370,2484,4843,5699,5759,8202,	
Precauciones 11 352 11 439,758,1083,1444,1781,1829,1991,2107,2369,4842,8201,	
Advertencias 13 352 13 437,756,1081,1442,1779,1827,1989,2105,2367,2481,4840,5696,5756,	
(ver 34 352 34 434,701,753,956,1078,1357,1439,1776,1824,1924,1986,2102,2300,2364,2552,2749,2762,2946,3118,3226,3323,3324,4171,4434,4837,5200,5693,5753,5789,5802,5832,5874,7413,7514,	
posterior 5 352 5 433,746,1071,1432,7275,	
exceder 4 352 4 421,739,1064,1425,	
deben 12 352 12 420,2241,2292,2697,2835,3389,3866,4419,5441,5476,5519,6209,	
cutánea 16 352 16 417,735,1060,1421,2488,2618,2685,2714,2730,2896,3036,5594,5610,5812,5895,6253,	
disminuyó 1 352 1 7569,	
erupción 20 352 20 416,734,1059,1420,2617,2684,2713,2729,2834,2867,2895,2914,2980,3035,3631,5672,5769,5811,5894,5956,	
fijada 3 352 3 1407,1633,1677,	
aparición 19 352 19 414,2500,2680,2797,2893,3033,3406,3597,3629,3765,3800,3908,3913,3958,3964,5023,5766,6169,6395,	
riesgo 21 352 21 412,732,1057,1418,2529,2627,2726,2912,3723,3744,3826,3857,5039,5100,5156,5244,5398,5710,5763,8130,8158,	
seis 1 352 1 4890,	
Debido 6 352 6 410,730,1055,1416,5457,8026,	
ovárica 1 352 1 4781,	
adecuada 1 352 1 409,	
respuesta 9 352 9 408,682,1414,1983,2099,2298,3150,5466,7973,	
alimentos 1 352 1 7116,	
alcanzar 5 352 5 406,680,850,876,913,	
lamotrigina 171 352 171 404,561,610,678,700,723,880,923,955,978,1002,1028,1124,1141,1189,1246,1290,1315,1356,1386,1396,1510,1525,1543,1568,1585,1595,1625,1659,1665,1700,1727,1731,1799,1816,1859,1880,1890,1900,1911,1949,1959,1976,2019,2038,2063,2073,2090,2135,2154,2205,2313,2329,2426,2471,2551,2572,2741,2807,2845,2883,2903,3009,3024,3083,3092,3117,3165,3201,3213,3260,3284,3287,3342,3384,3449,3516,3557,3574,3591,3607,3685,4007,4018,4030,4056,4092,4113,4116,4119,4145,4152,4157,4170,4208,4235,4259,4272,4299,4305,4344,4369,4399,4460,4483,4498,4530,4547,4574,4595,4637,4653,4663,4724,4858,4908,4921,4950,4964,5123,5142,5214,5293,5305,5324,5332,5343,5377,5422,5449,5531,5640,5664,5692,5779,5986,6066,6228,6276,6291,6319,6461,6542,6627,6652,6717,6752,6773,6866,6962,7015,7037,7168,7203,7222,7238,7269,7365,7464,7554,7617,7689,7785,7809,7879,8052,8075,8107,8110,8154,8182,	
500 2 352 2 401,2585,	
ulterior 1 352 1 2854,	
precisado 1 352 1 397,	
han 26 352 26 396,673,2177,2509,2521,2888,3263,3642,3677,4126,4180,4554,4569,4848,5166,5185,5193,5367,5424,5498,5704,6163,6237,6647,7193,7998,	
Algunos 2 352 2 394,671,	
** 5 352 5 393,640,985,1302,5892,	
Iniciación 3 352 3 389,636,657,	
reinicie 1 352 1 2879,	
Envase 3 352 3 387,634,655,	
utilizar 9 352 9 385,632,653,716,971,1389,1588,5416,5455,	
24% 1 352 1 4349,	
deberá 7 352 7 384,571,631,652,738,1872,3609,	
semanas 17 352 17 382,629,650,847,872,908,1013,1149,1741,2493,2721,3619,5682,6764,6792,6819,7594,	
primeras 5 352 5 381,1011,2491,2720,5274,	
4 57 352 57 380,435,436,482,628,649,702,754,755,816,957,1079,1080,1179,1358,1440,1441,1777,1778,1825,1826,1834,1987,1988,1996,2103,2104,2112,2365,2366,2553,2750,2763,2947,3119,3325,3989,4172,4435,4838,4839,4933,5407,5490,5694,5695,5754,5755,5790,5803,6369,6791,7414,7422,7515,7749,8200,	
hospital 1 352 1 6422,	
durante 28 352 28 378,626,647,770,1009,1147,1643,2717,3189,3221,3247,3434,3476,3491,3614,3873,4668,4762,4889,5145,5215,5284,5307,5320,5333,6790,6817,7792,	
correcta 3 352 3 374,622,643,	
Para 6 352 6 372,620,641,1029,2373,7800,	
sea 3 352 3 1104,4360,5118,	
* 3 352 3 371,619,4123,	
transitorios 1 352 1 3196,	
mg) 3 352 3 370,552,1497,	
presente 1 352 1 7786,	
día) 9 352 9 368,502,539,591,595,839,843,1209,1267,	
dosis) 10 352 10 364,514,546,607,891,1219,1223,1224,1289,1293,	
divididos 9 352 9 361,508,601,1210,1213,1216,1283,1286,1336,	
(2%) 1 352 1 6943,	
equilibrio 3 352 3 4728,7152,7258,	
o 59 352 59 360,507,587,600,904,929,1197,1202,1207,1208,1240,1272,1277,1493,1503,1560,1618,1719,1906,1908,1922,1965,2025,2079,2141,2411,2472,2783,3037,3046,3171,3220,3241,3472,3774,3806,3814,3818,3834,3839,3862,3917,3967,3980,4033,4515,4543,5453,5858,6705,6745,6759,6776,6820,6834,7052,7886,7896,8017,	
día 10 352 10 359,506,599,928,1196,1201,1206,1271,1276,4888,	
Agitación 2 352 2 6055,6340,	
vez 23 352 23 357,366,500,504,537,589,593,597,763,837,841,926,1191,1194,1199,1204,1265,1269,1274,1304,1453,1684,2421,	
(una 19 352 19 356,365,499,503,536,588,592,596,836,840,925,1190,1193,1198,1203,1264,1268,1273,1303,	
osificación 1 352 1 8013,	
incluye 1 352 1 3180,	
(divididos 4 352 4 351,540,543,888,	
mg/día** 4 352 4 349,528,530,583,	
mg/día 18 352 18 347,350,402,494,532,579,581,676,1249,1251,1253,1255,1335,1609,4862,4906,6869,6884,	
folato 3 352 3 3433,3469,3487,	
inicial 9 352 9 343,424,742,1067,1153,1428,2327,2681,7807,	
mayor 8 352 8 2640,3736,3825,3856,3871,5099,6709,7442,	
Mantenimiento 2 352 2 341,819,	
retirada 12 352 12 1489,1518,1530,1614,1645,1652,1690,3588,3636,5660,5737,6919,	
Dosis 8 352 8 339,342,483,817,1182,1294,2737,5775,	
disminución 4 352 4 3112,3372,4393,7591,	
4* 1 352 1 338,	
afectación 1 352 1 4184,	
3 14 352 14 336,480,814,826,832,1177,1485,1740,2810,5202,6801,7976,8193,8197,	
2* 1 352 1 334,	
Semanas 8 352 8 331,335,475,479,809,813,1172,1176,	
retira 1 352 1 1745,	
siguiente 5 352 5 330,474,808,5537,6985,	
(ej 13 352 13 1291,1511,1526,1626,1660,1891,1901,1960,2020,2074,2136,3166,5966,	
cuadro 4 352 4 329,473,807,1168,	
según 4 352 4 327,471,805,6783,	
utilizadas 2 352 2 2229,2280,	
realizará 3 352 3 326,470,804,	
recomendada 12 352 12 324,427,468,721,802,976,1394,1593,1640,2201,2748,5788,	
carácter 1 352 1 5429,	
dosis 108 352 108 323,354,377,399,423,432,467,549,565,574,625,646,720,741,745,752,801,829,851,861,877,897,914,975,990,1016,1035,1052,1066,1070,1077,1100,1152,1156,1393,1404,1427,1431,1438,1459,1547,1592,1603,1632,1639,1663,1674,1682,1704,1729,1856,1871,1945,1972,2034,2059,2086,2150,2224,2227,2234,2237,2278,2285,2288,2326,2355,2424,2447,2747,3135,3139,3211,3502,3605,3821,4218,4445,4463,4719,4856,5223,5787,6379,6385,6537,6590,6625,6864,6879,7136,7213,7311,7564,7627,7669,7683,7806,7829,7853,7911,7914,7920,7958,7964,8015,8037,8054,	
escalada 24 352 24 321,375,430,465,623,644,718,750,799,973,1075,1391,1436,1590,1637,1854,1869,2232,2283,2745,3133,5785,7917,7961,	
náuseas 1 352 1 4197,	
La 31 352 31 320,464,798,1631,1662,1728,1868,2163,2202,2913,3604,4363,4442,4869,5326,5671,5810,5893,6150,6388,6838,6944,6983,7165,7312,7359,7374,7461,7590,7873,8118,	
aparece 1 352 1 5677,	
años 12 352 12 319,463,1097,1115,1130,1775,2185,3496,7460,7582,7589,8198,	
12 10 352 10 318,462,488,796,1247,2637,4466,7572,7619,7868,	
mayores 3 352 3 316,460,3205,	
Adultos 3 352 3 313,457,1133,	
efecto 10 352 10 3602,4073,4225,4359,4453,4704,4962,5230,5297,8049,	
administración 19 352 19 308,3099,3339,4321,4364,4443,4618,4876,4902,4948,5261,6197,6362,6514,6830,7099,7420,7624,7667,	
Posología 11 352 11 304,310,453,2752,2765,4174,4437,5792,5805,7416,7517,	
bipolar 12 352 12 303,1767,2613,3750,3755,3781,5508,6235,6270,6306,6643,6668,	
decir 1 352 1 3828,	
trastorno 15 352 15 302,1766,1931,2612,3734,3749,3754,3780,5507,6234,6269,6305,6659,6667,6854,	
depresivos 2 352 2 298,3763,	
Mecanismo 1 352 1 6450,	
episodios 3 352 3 297,6657,7054,	
Prevención 1 352 1 294,	
BIPOLAR 4 352 4 293,1132,3705,6201,	
TRASTORNO 4 352 4 292,1131,3704,6200,	
Lennox-Gastaut 1 352 1 291,	
síndrome 8 352 8 289,2923,2952,5717,5821,5863,5904,5928,	
asociadas 3 352 3 287,2660,5861,	
37 1 352 1 7603,	
frente 1 352 1 5396,	
tónico-clónicas 1 352 1 284,	
PRIMERA 1 352 1 8403,	
generalizadas 1 352 1 283,	
primarias 1 352 1 282,	
secundaria 1 352 1 279,	
tónico-clónica 1 352 1 278,	
generalización 1 352 1 277,	
incluidas 1 352 1 274,	
ajustarse 2 352 2 2331,7968,	
parciales 1 352 1 273,	
crisis 6 352 6 272,281,286,3652,3695,6503,	
individual 3 352 3 1985,2101,5463,	
- 17 352 17 271,280,285,987,2736,2757,5548,5774,5797,8359,8367,8375,8383,8391,8414,8421,8430,	
dejado 1 352 1 2889,	
caso 3 352 3 269,3687,6412,	
fundamentalmente 1 352 1 266,	
100-200 3 352 3 348,493,582,	
indicada 2 352 2 265,1761,	
está 8 352 8 264,1449,1760,2463,3717,5770,7641,8123,	
bloqueo 1 352 1 6476,	
niños 14 352 14 259,315,459,1126,1769,2634,2664,2678,2708,3730,5365,7444,7454,7471,	
así 3 352 3 256,6078,6505,	
añadida 12 352 12 255,262,456,773,1221,1258,1308,4428,5603,5627,6037,6121,	
recién 2 352 2 5051,5402,	
terapia 13 352 13 254,261,455,772,1692,4427,5602,5626,6036,6120,6836,8253,8288,	
monoterapia 10 352 10 251,312,452,790,5108,5144,5590,6015,6110,6775,	
normales 1 352 1 7347,	
incubación 1 352 1 4507,	
adultos 14 352 14 248,2558,2644,3837,4232,4253,4319,6547,7260,7317,7447,7475,7537,7662,	
pacientes 65 352 65 247,300,395,444,672,686,786,941,1091,1227,1317,1372,1496,1571,1801,1941,2009,2055,2125,2250,2266,2315,2359,2429,2586,2610,2778,2815,2827,2885,3378,3388,3544,3563,3752,3790,3823,3884,3950,4199,4413,4807,5440,5475,5637,5647,5670,5732,5741,6072,6089,6286,6303,6316,6326,6665,6700,6740,6771,6900,7804,7833,7891,7934,7948,	
epilepsia 6 352 6 245,1928,2588,5489,5504,7543,	
12% 1 352 1 4757,	
Rifampicina) 1 352 1 1907,	
Este 3 352 3 1337,1549,1708,	
Tratamiento 3 352 3 242,1184,1479,	
EPILEPSIA 4 352 4 241,309,3581,5578,	
Terapéuticas 1 352 1 240,	
Indicaciones 1 352 1 239,	
clínicos 13 352 13 238,2608,5420,5588,5600,5622,6013,6034,6108,6118,6232,6300,6893,	
dATOS 1 352 1 237,	
moteados 1 352 1 236,	
evolución 1 352 1 2853,	
ligeramente 2 352 2 235,7112,	
Los 19 352 19 229,2386,2645,3751,3822,4412,4484,4517,4586,4909,5071,5176,5189,5278,5338,6453,7523,8095,8141,	
""200"" 1 352 1 223,	
""100"" 1 352 1 201,	
""50"" 1 352 1 179,	
""25"" 1 352 1 157,	
reducir 5 352 5 1734,2084,2242,2353,3610,	
superelípticos 4 352 4 152,174,196,218,	
múltiples 5 352 5 150,172,194,216,4447,	
grupos 4 352 4 6714,6814,6954,7606,	
caras 9 352 9 140,151,162,173,184,195,206,217,228,	
""5"" 1 352 1 135,	
grabados 5 352 5 133,155,177,199,221,	
ranurados 5 352 5 132,154,176,198,220,	
biconvexos 1 352 1 131,	
electroconvulsivante 1 352 1 6837,	
(100-400 1 352 1 6756,	
alargados 1 352 1 130,	
voluntarias 3 352 3 3300,4616,4699,	
blanquecinos 5 352 5 129,148,170,192,214,	
blancos 5 352 5 127,146,168,190,212,	
son 12 352 12 125,144,166,188,210,1847,3974,3982,4019,5078,7247,7307,	
farmacéutica 1 352 1 119,	
forma 24 352 24 118,306,779,1145,2439,2754,2767,2864,3278,3612,3978,4139,4176,4439,4666,5013,5075,5794,5807,6888,7210,7418,7519,7558,	
atención 1 352 1 3924,	
1 19 352 19 117,332,476,661,810,863,930,1022,1173,1481,2582,2622,2668,2673,3480,6731,6732,7186,7722,	
ovulación 1 352 1 4801,	
6 12 352 12 116,900,1148,4934,7700,7777,8184,8192,8199,8221,8321,8322,	
excipientes 2 352 2 114,2477,	
escala 1 352 1 6804,	
Lista 1 352 1 112,	
(DOE) 5 352 5 59,72,85,98,111,	
Lamotrigina 13 352 13 58,71,84,97,110,263,1758,3411,4065,5226,7002,7070,7204,	
conjunto 1 352 1 6262,	
contiene 5 352 5 54,67,80,93,106,	
Labileno 15 352 15 51,64,77,90,103,122,141,163,185,207,232,792,2390,2462,3558,	
gran 1 352 1 8146,	
dispersable 5 352 5 49,62,75,88,101,	
comprimido 7 352 7 48,61,74,87,100,2409,2455,	
cambio 2 352 2 3396,3935,	
Cada 5 352 5 47,60,73,86,99,	
cuantitativa 1 352 1 46,	
cualitativa 1 352 1 44,	
contraindicado 1 352 1 2464,	
composición 1 352 1 43,	
esperada 1 352 1 5066,	
100 12 352 12 34,91,94,186,529,1254,2676,4905,7686,8300,8385,8432,	
congénitas 4 352 4 5042,5103,5159,8133,	
50 17 352 17 29,78,81,164,346,527,551,580,659,1252,2247,6868,7505,7931,8275,8377,8423,	
25 16 352 16 24,65,68,142,345,369,391,491,512,578,638,1250,1281,8240,8369,8416,	
discontinua 1 352 1 2157,	
dispersables 20 352 20 22,27,32,37,42,121,2388,8232,8238,8243,8249,8263,8273,8278,8284,8298,8303,8309,8314,8320,	
notificaciones 1 352 1 5576,	
comprimidos 27 352 27 21,26,31,36,41,126,145,167,189,211,230,1000,2387,2442,8231,8237,8242,8248,8262,8272,8277,8283,8297,8302,8308,8313,8319,	
5 30 352 30 19,52,55,123,489,703,958,1181,1248,1359,1835,1997,2113,2301,2379,3120,3326,3495,3990,5201,6713,7065,7095,7423,7776,7975,8222,8229,8361,8409,	
MEDICAMENTO 1 352 1 17,	
DEL 2 352 2 16,8442,	
DENOMINACIÓN 1 352 1 15,	
tuvo 1 352 1 4451,	
información 4 352 4 12,1118,2374,5327,	
investigador 1 352 1 6824,	
Toda 1 352 1 10,	
medicamento 2 352 2 9,14,	
sufran 1 352 1 3952,	
Basica 1 352 1 7,	
	"Información 1 352 1 6,	
Dispersables 10 352 10 5,8364,8372,8380,8388,8396,8412,8419,8428,8435,	
Comprimidos 11 352 11 4,120,8363,8371,8379,8387,8395,8411,8418,8427,8434,	
30 4 352 4 3,4625,7672,8318,	
mg 62 352 62 2,20,25,30,35,40,53,56,66,69,79,82,92,95,105,108,124,143,165,187,209,392,513,639,660,996,1005,1023,1282,1301,1533,1535,1537,4257,4262,4324,4367,4722,6540,6560,6565,6597,6632,7134,7631,7675,7687,8230,8241,8276,8301,8312,8362,8370,8378,8386,8394,8410,8417,8424,8426,8433,	
luz 1 352 1 8216,	
200 14 352 14 1,39,104,107,208,1300,1536,4256,4366,6719,6881,8311,8393,8425,	
identificadas 1 352 1 7195,	
LABILENO 20 352 20 0,18,23,28,33,38,8228,8239,8274,8299,8310,8360,8368,8376,8384,8392,8408,8415,8422,8431,	
