	Prospectos 1 597 1 9247,	
intoxicació 1 597 1 9246,	
""45 1 597 1 6516,	
emea 1 597 1 6446,	
//www 1 597 1 6445,	
Medicamento 1 597 1 6442,	
Europea 1 597 1 6440,	
Agencia 1 597 1 6439,	
web 1 597 1 6436,	
página 1 597 1 6435,	
detallada 1 597 1 6427,	
TEXTO 1 597 1 6424,	
REVISIÓN 1 597 1 6422,	
2007 1 597 1 6417,	
renovación 1 597 1 6414,	
última 1 597 1 6413,	
2002 1 597 1 6409,	
junio 2 597 2 6408,6416,	
autorización 1 597 1 6406,	
AUTORIZACIÓN/RENOVACIÓN 1 597 1 6398,	
PRIMERA 1 597 1 6397,	
FECHA 2 597 2 6394,6419,	
EU/1/02/222/003 1 597 1 6392,	
NÚMERO(S) 1 597 1 6387,	
Unido 1 597 1 6385,	
Reino 1 597 1 6384,	
AL7 1 597 1 6382,	
City 1 597 1 6381,	
Welwyn 1 597 1 6379,	
Falcon 1 597 1 6375,	
Limited 1 597 1 6373,	
Registration 1 597 1 6372,	
	Roche 1 597 1 6371,	
COMERCIALIZACIÓN 2 597 2 6370,6391,	
AUTORIZACIÓN 3 597 3 6368,6389,6401,	
LA 4 597 4 6367,6396,6400,6421,	
normativa 1 597 1 6362,	
hayan 1 597 1 6350,	
materiales 1 597 1 6348,	
especial 1 597 1 6337,	
aluminio) 1 597 1 6329,	
lámina 1 597 1 6327,	
tríplex 1 597 1 6322,	
blíster 1 597 1 6321,	
Una 1 597 1 6313,	
envase 2 597 2 6312,6320,	
contenido 1 597 1 6310,	
Naturaleza 1 597 1 6308,	
condiciones 1 597 1 6302,	
requiere 1 597 1 6301,	
conservación 2 597 2 6299,6305,	
validez 1 597 1 6291,	
E132) 1 597 1 6281,	
carmín 1 597 1 6280,	
C 1 597 1 6276,	
FD 1 597 1 6274,	
impresión 1 597 1 6267,	
Tinta 1 597 1 6265,	
(E171) 2 597 2 6264,6273,	
Dióxido 2 597 2 6261,6270,	
rojo 1 597 1 6259,	
(E172) 2 597 2 6255,6260,	
hierro 2 597 2 6253,6258,	
Óxido 2 597 2 6251,6256,	
Gelatina 1 597 1 6250,	
sódico 1 597 1 6245,	
Estearilfumarato 1 597 1 6244,	
Croscarmelosa 1 597 1 6242,	
Povidona 1 597 1 6241,	
Talco 1 597 1 6240,	
maíz) 1 597 1 6239,	
almidón 1 597 1 6237,	
(derivado 1 597 1 6235,	
Almidón 1 597 1 6233,	
Lista 1 597 1 6226,	
	6 1 597 1 6224,	
adulta 1 597 1 6215,	
rata 1 597 1 6214,	
cerebro 1 597 1 6211,	
650 1 597 1 6199,	
cerebral 1 597 1 6193,	
obtuvo 1 597 1 6190,	
administró 1 597 1 6182,	
24 1 597 1 6174,	
exploratorio 1 597 1 6163,	
post-parto 1 597 1 6159,	
administrados 1 597 1 6153,	
aparecieron 1 597 1 6147,	
significativos 1 597 1 6145,	
muertes 1 597 1 6141,	
destetados 1 597 1 6133,	
pro-fármaco 1 597 1 6123,	
muerte 1 597 1 6115,	
produjo 1 597 1 6112,	
cachorros 2 597 2 6106,6131,	
administrada 1 597 1 6104,	
reversible 1 597 1 6078,	
irritación 1 597 1 6077,	
detectó 1 597 1 6075,	
inducidos 1 597 1 6073,	
formular 1 597 1 6064,	
50 1 597 1 6053,	
Aproximadamente 1 597 1 6051,	
sensibilización 1 597 1 6040,	
respectivos 1 597 1 6032,	
mg/día 2 597 2 6024,6028,	
01 1 597 1 6023,	
estimación 1 597 1 6020,	
da 1 597 1 6018,	
extrapolación 1 597 1 6011,	
44 1 597 1 5952,	
480 1 597 1 5947,	
máxima 1 597 1 5938,	
prolongación 1 597 1 5919,	
post-natales 1 597 1 5913,	
sexos 1 597 1 5907,	
estudio 3 597 3 5885,6086,6162,	
Un 1 597 1 5884,	
fetal 2 597 2 5883,5961,	
observaron 1 597 1 5878,	
mg/kg/día 5 597 5 5871,5874,5896,5925,6152,	
500 6 597 6 5870,5873,5895,5924,6151,6198,	
conejos 3 597 3 5864,5965,6083,	
teratológicos 1 597 1 5860,	
realizaron 1 597 1 5858,	
aprobadas 1 597 1 5856,	
indicaciones 1 597 1 5854,	
beneficio-riesgo 1 597 1 5849,	
cambian 1 597 1 5847,	
hallazgos 1 597 1 5845,	
márgenes 1 597 1 5831,	
Considerando 1 597 1 5829,	
realizará 1 597 1 6357,	
utilizadas 1 597 1 5828,	
tumores 1 597 1 5819,	
dosis-dependiente 1 597 1 5816,	
tendencia 1 597 1 5812,	
carcinogénesis 1 597 1 5807,	
resultados 1 597 1 5801,	
genotoxicidad 1 597 1 5799,	
toxicidad 1 597 1 5794,	
farmacológica 1 597 1 5793,	
convencionales 2 597 2 5790,5805,	
particular 1 597 1 5780,	
preclínicos 2 597 2 5770,5775,	
alcanzan 1 597 1 5724,	
Con 1 597 1 5718,	
mg/kg 5 597 5 5717,5722,6100,6129,6188,	
eliminaron 1 597 1 5694,	
pequeño 1 597 1 5678,	
estudió 1 597 1 5675,	
farmacocinéticos 2 597 2 5656,5748,	
investigado 1 597 1 5653,	
ml/min) 1 597 1 5641,	
creatinina 1 597 1 5637,	
(aclaramiento 1 597 1 5635,	
posológico 1 597 1 5621,	
ajuste 1 597 1 5620,	
ningún 2 597 2 5619,5778,	
precisa 1 597 1 5618,	
tolerabilidad 1 597 1 5612,	
Teniendo 1 597 1 5605,	
asemejaron 1 597 1 5598,	
observadas 1 597 1 5594,	
semividas 1 597 1 5591,	
78 1 597 1 5576,	
alta 2 597 2 5569,6121,	
35 1 597 1 5566,	
resultó 1 597 1 5562,	
esperar 1 597 1 5526,	
concluye 1 597 1 5516,	
posológicos 1 597 1 5503,	
inversamente 1 597 1 5493,	
grados 1 597 1 5481,	
esperada 1 597 1 5839,	
100 1 597 1 5465,	
heces 1 597 1 5458,	
eu/ 1 597 1 6448,	
radiactivamente 1 597 1 5453,	
marcada 1 597 1 5452,	
lugar 1 597 1 5441,	
filtración 2 597 2 5426,5438,	
l/h) 2 597 2 5419,5430,	
(18 1 597 1 5417,	
excreción 1 597 1 5412,	
exclusivamente 1 597 1 5410,	
semivida 1 597 1 5393,	
máximas 1 597 1 5386,	
orina 1 597 1 5382,	
metaboliza 1 597 1 5374,	
90 1 597 1 5362,	
absorbida 1 597 1 5355,	
fracción 1 597 1 5354,	
Eliminación 1 597 1 5352,	
compuestos 2 597 2 5351,6031,	
conjugados 1 597 1 5343,	
principales 1 597 1 5332,	
inhibidores 1 597 1 5329,	
sustratos 1 597 1 5325,	
hígado 1 597 1 5310,	
acción 1 597 1 5303,	
convierte 1 597 1 5297,	
(aprox 1 597 1 5291,	
plasma 1 597 1 5287,	
lugares 1 597 1 5272,	
distribuye 1 597 1 5268,	
Puesto 1 597 1 5256,	
extracelular 2 597 2 5254,5264,	
líquido 1 597 1 5253,	
Way 1 597 1 6376,	
litros 1 597 1 5244,	
distribución 1 597 1 5232,	
medio 1 597 1 5230,	
Distribución 1 597 1 5227,	
alimentos 1 597 1 5226,	
alteran 1 597 1 5219,	
isoformas 1 597 1 5333,	
plasmáticas 2 597 2 5204,5385,	
concentraciones 2 597 2 5203,5384,	
sistémica 1 597 1 5181,	
circulación 1 597 1 5180,	
llega 1 597 1 5177,	
mínimo 1 597 1 5169,	
Como 1 597 1 5168,	
Metabolismo 1 597 1 5294,	
esterasas 2 597 2 5166,5306,	
ampliamente 2 597 2 5156,5298,	
transforma 1 597 1 5155,	
(profármaco) 1 597 1 5152,	
después 1 597 1 5144,	
fácilmente 1 597 1 5139,	
evaluar 1 597 1 5123,	
específicos 1 597 1 5121,	
25 2 597 2 5111,5564,	
0015]) 1 597 1 5103,	
1/276 1 597 1 5080,	
12/272 1 597 1 5071,	
participantes 1 597 1 5042,	
geriátricas 1 597 1 5035,	
residencias 1 597 1 5034,	
residentes 1 597 1 5032,	
24-50) 1 597 1 5026,	
28 1 597 1 5022,	
0006]) 1 597 1 5006,	
7; 1 597 1 5002,	
(76 1 597 1 4991,	
6/520 1 597 1 4982,	
respectivamente 4 597 4 4928,5875,5958,6204,	
(ITT- 1 597 1 4926,	
pediátricos 1 597 1 4921,	
límite 1 597 1 4903,	
24) 1 597 1 4896,	
NNT 3 597 3 4882,5016,5105,	
0206]) 1 597 1 4880,	
9; 1 597 1 4876,	
94 1 597 1 4875,	
22 1 597 1 4872,	
80 2 597 2 4866,5038,	
(2/47) 1 597 1 4857,	
21 2 597 2 4843,6157,	
significativo 1 597 1 5529,	
iniciar 1 597 1 4836,	
momento 1 597 1 4834,	
eliminando 1 597 1 4829,	
85 1 597 1 4808,	
(21/111) 1 597 1 4777,	
estimable) 1 597 1 4906,	
subgrupo 1 597 1 4748,	
acuerdo 3 597 3 4743,5786,6359,	
0114]) 1 597 1 4741,	
6; 2 597 2 4737,5099,	
(9/84) 1 597 1 4718,	
0042]) 1 597 1 4684,	
2; 1 597 1 4680,	
81 1 597 1 4679,	
(10/135) 1 597 1 4661,	
recibió 8 597 8 4655,4666,4712,4723,4784,4795,4851,4862,	
(27/136) 1 597 1 4649,	
duró 1 597 1 4622,	
profilaxis 1 597 1 4619,	
hogares 3 597 3 4617,4642,4693,	
estatus 1 597 1 4543,	
independientemente 1 597 1 4541,	
) 1 597 1 4529,	
(EMEA) 1 597 1 6443,	
12) 1 597 1 4519,	
verdaderos 1 597 1 4510,	
0001]) 1 597 1 4495,	
16; 1 597 1 4492,	
[IC 7 597 7 4487,4673,4730,4802,4869,4995,5092,	
92 2 597 2 4485,5090,	
(reducción 6 597 6 4483,4668,4725,4797,4864,5088,	
24/200 1 597 1 4467,	
confirmados 1 597 1 4462,	
clínica 8 597 8 4455,4610,4635,4762,4818,4970,5069,5689,	
manifiestos 4 597 4 4445,4590,4688,4924,	
163 1 597 1 4440,	
siete 1 597 1 4432,	
roedores 2 597 2 5809,5827,	
continuó 1 597 1 4430,	
comienzo 1 597 1 4420,	
inició 1 597 1 4413,	
manifiesto 3 597 3 4401,4427,4549,	
vacunados 3 597 3 4391,4951,5045,	
0188]) 1 597 1 4813,	
(12 2 597 2 4388,4468,	
contactos 5 597 5 4387,4459,4505,4595,4920,	
(NNT) 2 597 2 4373,4503,	
varía 2 597 2 4351,4364,	
predecible 1 597 1 4349,	
Precauciones 2 597 2 6296,6332,	
epidemias 1 597 1 4344,	
confirmada 5 597 5 4335,4611,4636,4765,4819,	
variable 2 597 2 4321,4598,	
familias 2 597 2 4312,4557,	
absorbe 1 597 1 5138,	
comparación 1 597 1 4282,	
001) 1 597 1 4280,	
coriza 1 597 1 4264,	
8°C) 1 597 1 4261,	
022) 1 597 1 4252,	
504 1 597 1 4210,	
agruparon 1 597 1 4206,	
rápidamente 1 597 1 5703,	
diferente 1 597 1 4195,	
individuales 2 597 2 4174,4204,	
positiva 1 597 1 4152,	
0148) 1 597 1 4134,	
aumentado 1 597 1 4109,	
había 1 597 1 4108,	
(FEV1) 1 597 1 4107,	
forzado 1 597 1 4103,	
espiratorio 1 597 1 4102,	
volumen 3 597 3 4101,5229,5250,	
tratamiento) 1 597 1 4099,	
(último 1 597 1 4096,	
53 1 597 1 4065,	
asmáticos 1 597 1 4054,	
334 1 597 1 4052,	
completó 1 597 1 4047,	
tratado 3 597 3 4039,4077,4118,	
16 4 597 4 4034,4522,5667,6876,	
26 3 597 3 4025,4676,4704,	
europa 1 597 1 6447,	
otitis 1 597 1 4021,	
comparado 2 597 2 4010,4121,	
(PVC/PE/PVDC 1 597 1 6323,	
catarro) 1 597 1 3992,	
alivio 2 597 2 3986,4231,	
recuperación 1 597 1 3976,	
(definido 1 597 1 3973,	
48 1 597 1 3959,	
comenzado 1 597 1 3955,	
33 2 597 2 3946,4169,	
catarro 1 597 1 3926,	
tos 3 597 3 3924,3990,4262,	
además 2 597 2 3922,5435,	
ºC) 1 597 1 3921,	
(edad 2 597 2 3910,5572,	
edades 3 597 3 3904,4056,5663,	
influenza) 1 597 1 3902,	
(65 1 597 1 3896,	
5976) 1 597 1 3882,	
Periodo 1 597 1 6289,	
14 3 597 3 3870,6135,6172,	
(22/133) 1 597 1 3863,	
""maximización"" 1 597 1 6048,	
0156) 1 597 1 3829,	
Cubierta 1 597 1 6246,	
(29/250) 1 597 1 3819,	
(52/268) 1 597 1 3811,	
19 4 597 4 3809,4528,4775,8257,	
tratadas 2 597 2 3804,3856,	
total 4 597 4 3767,4532,4627,4886,	
crónicas 2 597 2 3747,3843,	
alto 1 597 1 3720,	
0012) 1 597 1 3711,	
350) 1 597 1 3701,	
(116/1 1 597 1 3700,	
063) 1 597 1 3691,	
(135/1 1 597 1 3690,	
antibióticos 3 597 3 3683,3806,3858,	
bronquitis) 3 597 3 3680,3803,3855,	
(principalmente 3 597 3 3679,3802,3854,	
inferior 4 597 4 3678,3801,3853,5638,	
especificadas 2 597 2 3674,3797,	
desarrollaron 1 597 1 3672,	
0001) 2 597 2 3666,4009,	
Contenido 1 597 1 6229,	
p 11 597 11 3664,4006,4249,4277,4493,4681,4738,4810,4877,5003,5100,	
días; 4 597 4 3663,4005,4248,4276,	
­ 6 597 6 3643,3660,4002,4245,4273,4518,	
disminuyen 1 597 1 5390,	
95 18 597 18 3639,3656,3998,4241,4269,4488,4515,4524,4674,4731,4803,4870,4892,4900,4996,5024,5093,5113,	
(IC 11 597 11 3638,3655,3997,4240,4268,4514,4523,4891,4899,5023,5112,	
duración 6 597 6 3625,3726,3766,4084,4179,4255,	
redujeron 1 597 1 3621,	
participaban 2 597 2 3602,5683,	
413) 1 597 1 3600,	
377 1 597 1 4443,	
agrupado 2 597 2 3585,4941,	
cabeza) 1 597 1 3581,	
cansancio 1 597 1 3577,	
sódica 1 597 1 6243,	
malestar 1 597 1 3576,	
58 1 597 1 4727,	
escalofrío/sudor 1 597 1 3575,	
(dolor 1 597 1 3573,	
sistémico 1 597 1 3572,	
garganta) 1 597 1 3566,	
nasales 1 597 1 3562,	
(tos 1 597 1 3560,	
síntoma 2 597 2 3558,3571,	
8ºC 1 597 1 3552,	
fiebre 5 597 5 3550,3770,3917,3989,4258,	
inicio 2 597 2 3546,3962,	
36 1 597 1 3543,	
cumplían 1 597 1 3535,	
local 2 597 2 3522,6363,	
encontraba 1 597 1 3517,	
III 1 597 1 3499,	
fase 2 597 2 3498,5345,	
64 2 597 2 3467,4799,	
De 3 597 3 3462,4742,5510,	
%) 9 597 9 3457,4469,4477,4975,4985,5074,5083,5293,5363,	
74 1 597 1 3456,	
46 1 597 1 3453,	
(rango 1 597 1 3451,	
67 2 597 2 3449,3928,	
haya 1 597 1 5629,	
confirmó 2 597 2 3443,4438,	
tratada 4 597 4 3441,3705,3823,3876,	
Globalmente 2 597 2 3437,4145,	
individuos 1 597 1 3431,	
número 4 597 4 3429,4367,4497,5679,	
proporcional 2 597 2 3427,5494,	
redujo 15 597 15 3424,3685,3763,3772,3791,3966,4017,4090,4226,4447,4644,4771,4840,4963,5062,	
positivos 9 597 9 3413,3470,3489,3592,3785,3833,3898,3933,4069,	
incluyó 1 597 1 3410,	
agrupada 1 597 1 3403,	
intención 3 597 3 3399,4537,4911,	
infectados 6 597 6 3390,3939,4186,4212,4689,4925,	
estadísticos 1 597 1 3384,	
efectivo 1 597 1 3369,	
gripal 10 597 10 3365,3446,3629,4299,4380,4436,4454,4465,4969,5068,	
Absorción 1 597 1 5135,	
geográficamente 1 597 1 3360,	
variar 1 597 1 3357,	
parece 1 597 1 3356,	
prevalencia 1 597 1 3352,	
reducción 4 597 4 3344,4696,4994,5126,	
grado 1 597 1 3342,	
expuestos 1 597 1 3338,	
detectadas 1 597 1 3327,	
menor 2 597 2 3319,5712,	
asocian 1 597 1 3316,	
A/H1N1 1 597 1 3312,	
espontánea 1 597 1 3307,	
H5N1) 1 597 1 3301,	
variantes 1 597 1 3299,	
encontradas 1 597 1 3297,	
subtipo 1 597 1 3291,	
originar 1 597 1 3289,	
parecen 1 597 1 3288,	
N1 1 597 1 3281,	
neuronaminidasas 1 597 1 3280,	
mutaciones 3 597 3 3277,3285,3303,	
laboratorio 6 597 6 3275,4339,4615,4640,4769,4823,	
así 1 597 1 3267,	
habían 2 597 2 3336,5043,	
tratados 4 597 4 3264,3681,3779,6058,	
inmunodeprimidos 1 597 1 3251,	
joven 1 597 1 3247,	
(ITT) 3 597 3 3402,4540,4914,	
mayor 2 597 2 3242,6203,	
tasa 2 597 2 3235,5424,	
realizó 1 597 1 3229,	
completo 1 597 1 3226,	
farmacocinética 2 597 2 5648,5670,	
genotipado 1 597 1 3225,	
(5 1 597 1 3221,	
1%) 1 597 1 3219,	
(4 3 597 3 3218,4973,5072,	
19/464 1 597 1 3217,	
años) 4 597 4 3216,3738,3914,5577,	
(1-12 1 597 1 3215,	
4%) 2 597 2 3213,3222,	
5/1 1 597 1 3210,	
32%) 1 597 1 3209,	
(0 3 597 3 3208,3212,5081,	
245 2 597 2 3207,3211,	
4/1 1 597 1 3206,	
Adultos 2 597 2 3203,3523,	
Geno- 1 597 1 3200,	
Población 1 597 1 3196,	
clínico 1 597 1 3194,	
observara 1 597 1 3192,	
natural 1 597 1 3188,	
eliminarlo 1 597 1 3185,	
capaces 1 597 1 3183,	
resistentes 2 597 2 3179,3258,	
transitorios 1 597 1 3174,	
Todos 1 597 1 3168,	
Roche 1 597 1 3167,	
estudiado 1 597 1 3161,	
sido 4 597 4 3160,3326,3337,5044,	
susceptibilidad 3 597 3 3152,3320,3347,	
asociada 2 597 2 3137,6116,	
fármaco 1 597 1 3136,	
resistencia 3 597 3 3134,3155,3287,	
(42 2 597 2 3125,6216,	
días) 4 597 4 3116,3122,3126,3646,	
(7 2 597 2 3115,5428,	
fecha 1 597 1 3107,	
reducida 2 597 2 3095,3153,	
(500 1 597 1 5941,	
Sensibilidad 1 597 1 3094,	
mediana 5 597 5 3089,3623,3723,4081,4176,	
publicados 1 597 1 3077,	
0 26 597 26 3054,3659,3665,3710,3828,3881,4000,4008,4044,4133,4237,4243,4251,4271,4279,4494,4677,4683,4740,4812,4873,4879,5005,5102,6022,6026,	
comprendidos 1 597 1 3052,	
aisladas 2 597 2 3049,3261,	
CI50 2 597 2 3036,3081,	
valores 2 597 2 3034,3078,	
voluntarios 1 597 1 3031,	
experimental 1 597 1 3029,	
provocación 1 597 1 3028,	
antiviral 1 597 1 3012,	
humanos 2 597 2 3002,5934,	
similares 2 597 2 2997,5761,	
exposiciones 2 597 2 2994,5725,	
modelos 1 597 1 2987,	
vivo 2 597 2 2985,5342,	
utilizado 1 597 1 6343,	
patogenicidad 1 597 1 2977,	
B 10 597 10 2956,2983,3021,3066,3086,3950,4144,4163,4191,4217,	
vitro 5 597 5 2948,2961,3324,5314,5514,	
in 7 597 7 2947,2960,2984,3323,5313,5341,5513,	
inhibe 3 597 3 2946,2959,2972,	
carboxilato 9 597 9 2945,5239,5266,5282,5301,5369,5389,5491,5728,	
infeccioso 1 597 1 2940,	
posterior 1 597 1 2937,	
infectadas 1 597 1 2932,	
células 1 597 1 2931,	
virales 1 597 1 2924,	
partículas 1 597 1 2923,	
liberación 1 597 1 2920,	
infectada 2 597 2 2916,4158,	
célula 1 597 1 2914,	
entrada 1 597 1 2909,	
importante 1 597 1 2906,	
viral 2 597 2 2904,3099,	
neuraminidasa 4 597 4 2903,3041,3098,5262,	
virión 1 597 1 2898,	
superficie 1 597 1 2896,	
encuentran 1 597 1 2893,	
glucoproteínas 1 597 1 2890,	
neuraminidasas 2 597 2 2884,2950,	
selectivo 1 597 1 2880,	
actúa 1 597 1 2877,	
carboxilato) 2 597 2 2875,5162,	
(oseltamivir 2 597 2 2874,5161,	
(16/188) 1 597 1 3872,	
profármaco 5 597 5 2870,5190,5206,5697,6195,	
J05AH02 1 597 1 2865,	
ATC 1 597 1 2864,	
código 1 597 1 2863,	
Antiviral 1 597 1 2862,	
primaria 3 597 3 3422,4322,4599,	
farmacoterapéutico 1 597 1 2861,	
Grupo 1 597 1 2860,	
farmacodinámicas 1 597 1 2859,	
Propiedades 2 597 2 2858,5133,	
ESTE 1 597 1 2854,	
FARMACOLÓGICAS 1 597 1 2852,	
PROPIEDADES 1 597 1 2851,	
específico 2 597 2 2849,3294,	
acompañada 1 597 1 3553,	
antídoto 1 597 1 2848,	
http 1 597 1 6444,	
típicos 1 597 1 5822,	
conoce 1 597 1 2846,	
interrumpir 1 597 1 2836,	
vértigos 1 597 1 2832,	
resistencias 1 597 1 3239,	
consistirán 1 597 1 2824,	
encontrada 1 597 1 6208,	
intoxicación 1 597 1 2822,	
anticipar 2 597 2 2817,9241,	
obstante 2 597 2 2815,9239,	
sobredosis 3 597 3 2813,2843,9237,	
experiencia 2 597 2 2809,9233,	
dispone 2 597 2 2806,9230,	
9 7 597 7 2802,3195,3642,4517,4890,6393,9226,	
jóvenes 4 597 4 2799,5604,5693,9223,	
65 5 597 5 2772,3737,5574,5583,9196,	
ancianos 9 597 9 2762,3465,3735,3784,5031,5571,5596,5625,9186,	
diferencias 2 597 2 2755,9179,	
hubo 5 597 5 2754,4694,5900,6140,9178,	
adicional 2 597 2 2749,9173,	
angioneurótico 2 597 2 2747,9171,	
edema 2 597 2 2746,9170,	
multiforme 2 597 2 2744,9168,	
eritema 3 597 3 2743,6066,9167,	
tóxica 2 597 2 2742,9166,	
epidérmica 2 597 2 2741,9165,	
conversión 1 597 1 5366,	
necrólisis 2 597 2 2740,9164,	
Stevens-Johnson 2 597 2 2739,9163,	
síndrome 2 597 2 2737,9161,	
revelan 1 597 1 5777,	
tejido 2 597 2 2725,9149,	
mortal 2 597 2 2718,9142,	
fulminante 2 597 2 2717,9141,	
casos 11 597 11 2710,2811,4444,4461,4507,4589,4687,4923,6113,9134,9235,	
pseudogripal 2 597 2 2708,9132,	
enzimas 3 597 3 2702,2883,9126,	
aumento 4 597 4 2699,5528,5815,9123,	
hepatitis 4 597 4 2697,2716,9121,9140,	
hepatobiliar 2 597 2 2695,9119,	
hepatobiliares 2 597 2 2688,9112,	
creadas 1 597 1 3272,	
hemorrágica 2 597 2 2686,9110,	
colitis 2 597 2 2685,9109,	
(1 2 597 2 4476,4983,	
gastrointestinal 3 597 3 2683,5143,9107,	
Hemorragia 2 597 2 2682,9106,	
estaban 5 597 5 2674,3051,3938,4828,9098,	
principalmente 5 597 5 2655,5163,5307,5360,9079,	
accidente 2 597 2 2649,9073,	
lesiones 2 597 2 2647,9071,	
resultado 3 597 3 2646,5709,9070,	
dio 2 597 2 2644,9068,	
delirio 4 597 4 2638,2643,9062,9067,	
alucinación 2 597 2 2636,9060,	
comportamiento 2 597 2 2635,9059,	
consciencia 2 597 2 2632,9056,	
disminución 3 597 3 2628,5538,9052,	
Convulsiones 2 597 2 2622,9046,	
trastornos 4 597 4 2615,2624,9039,9048,	
anafilácticas/anafilactoides 2 597 2 2611,9035,	
incluyendo 6 597 6 2609,2696,2735,9033,9120,9159,	
convulsiones 2 597 2 2664,9088,	
hipersensibilidad 2 597 2 2608,9032,	
inmunológico 2 597 2 2602,9026,	
graves 4 597 4 2598,2731,9022,9155,	
Información 2 597 2 2748,9172,	
relación 2 597 2 2593,9017,	
adicionales 2 597 2 2586,9010,	
Datos 3 597 3 2585,5769,9009,	
sanos 7 597 7 2584,2800,3032,3895,4949,9008,9224,	
similar 4 597 4 2579,2794,9003,9218,	
cualitativamente 4 597 4 2578,2793,9002,9217,	
bronquial 2 597 2 2576,9000,	
asma 2 597 2 2575,8999,	
repetidas 1 597 1 5797,	
tenían 4 597 4 2574,3479,3916,8998,	
nivel 2 597 2 2630,9054,	
oídos 2 597 2 2561,8985,	
TITULAR 1 597 1 6365,	
tuvieron 2 597 2 2558,8982,	
Pacientes 3 597 3 2556,3198,8980,	
Park 1 597 1 6378,	
= 15 597 15 2543,3598,3709,3827,3880,4043,4132,4250,4682,4739,4811,4878,5004,5101,8967,	
unitaria 2 597 2 2542,8966,	
Dosis 2 597 2 2541,8965,	
controlado 2 597 2 2539,8963,	
decir 2 597 2 2534,8958,	
organismo 1 597 1 2943,	
brazo 2 597 2 2530,8954,	
tenía 2 597 2 2529,8953,	
ensayo 17 597 17 2525,2537,3891,4050,4307,4385,4552,4604,4838,5019,5029,5050,5108,5686,6046,8949,8961,	
Dermatitis 2 597 2 2518,8942,	
timpánica 2 597 2 2508,8932,	
membrana 2 597 2 2503,8927,	
oídoc 2 597 2 2495,8919,	
Trastorno 4 597 4 2493,2500,8917,8924,	
Conjuntivitis 2 597 2 2481,8905,	
oculares 2 597 2 2479,8903,	
Náuseas 2 597 2 2467,8891,	
Vómitos 2 597 2 2451,8875,	
Epistaxis 2 597 2 2420,8844,	
empeoramiento) 2 597 2 2419,8843,	
Asma 2 597 2 2413,8837,	
Linfadenopatía 2 597 2 2402,8826,	
linfático 2 597 2 2400,8824,	
sangre 2 597 2 2396,8820,	
9% 4 597 4 2388,2454,8812,8878,	
adversos 6 597 6 2568,2780,5902,6149,8992,9204,	
media 4 597 4 2387,3911,4022,8811,	
Otitis 2 597 2 2386,8810,	
Neumonia 2 597 2 2371,8795,	
prevención) 2 597 2 2347,8771,	
pediátrica 3 597 3 2321,4887,8745,	
significativa 3 597 3 2294,5539,8718,	
estadísticamente 2 597 2 2293,8717,	
asociadas 2 597 2 2279,8703,	
II) 1 597 1 4927,	
excluyen 2 597 2 2273,8697,	
(N 1 597 1 3597,	
náuseas; 2 597 2 2271,8695,	
Sujetos 2 597 2 2267,8691,	
b 4 597 4 2266,2540,8690,8964,	
notificado 6 597 6 2249,2654,2663,8673,9078,9087,	
También 4 597 4 2246,2660,8670,9084,	
identificado 3 597 3 2241,5340,8665,	
Estos 6 597 6 2237,2650,2709,8661,9074,9133,	
Cansancio 2 597 2 2226,8650,	
Mareo 2 597 2 2221,8645,	
Eccema 2 597 2 2213,8637,	
Urticariaa 2 597 2 2207,8631,	
Rasha 2 597 2 2202,8626,	
titanio 2 597 2 6263,6272,	
Dermatitisa 2 597 2 2197,8621,	
subcutáneo 6 597 6 2194,2516,2726,8618,8940,9150,	
téjido 4 597 4 2193,2515,8617,8939,	
piel 9 597 9 2190,2512,2722,2734,6043,8614,8936,9146,9158,	
Dispepsia 2 597 2 2160,8584,	
Diarrea 4 597 4 2155,2459,8579,8883,	
Vómitosc 2 597 2 2144,8568,	
7% 2 597 2 2140,8564,	
11 8 597 8 2138,2389,2462,4716,4780,8562,8813,8886,	
c 6 597 6 2137,2282,2555,8561,8706,8979,	
Náuseasb 2 597 2 2136,8560,	
gastrointestinales 6 597 6 2133,2448,2678,8557,8872,9102,	
representa 1 597 1 5191,	
Rinorrea 2 597 2 2127,8551,	
Sobredosis 2 597 2 2803,9227,	
6% 8 597 8 2125,2126,2156,2470,8549,8550,8580,8894,	
Tos 2 597 2 2122,8546,	
mediastínicos 4 597 4 2120,2411,8544,8835,	
torácicos 4 597 4 2118,2409,8542,8833,	
Vertigo 2 597 2 2111,8535,	
oído 4 597 4 2106,2488,8530,8912,	
Convulsionesa 2 597 2 2099,8523,	
Insomnio 2 597 2 2092,8516,	
18 3 597 3 2089,7685,8513,	
62 2 597 2 3486,4670,	
20 9 597 9 2087,2455,4647,5446,5971,6407,6415,8511,8879,	
Incompatibilidades 1 597 1 6284,	
2% 46 597 46 2085,2086,2130,2147,2151,2152,2153,2154,2163,2164,2222,2224,2225,2372,2377,2382,2383,2384,2392,2404,2476,2496,2520,8509,8510,8554,8571,8575,8576,8577,8578,8587,8588,8646,8648,8649,8796,8801,8806,8807,8808,8816,8828,8900,8920,8944,	
administrado 3 597 3 2970,4959,5058,	
Dolor 8 597 8 2082,2149,2231,2472,8506,8573,8655,8896,	
nervioso 4 597 4 2079,2618,8503,9042,	
pre- 1 597 1 5911,	
Alucinacionesa 2 597 2 2071,8495,	
Trastornos 40 597 40 2067,2076,2104,2116,2132,2187,2218,2393,2407,2447,2478,2486,2509,2599,2612,2677,2687,2692,2719,2730,8491,8500,8528,8540,8556,8611,8642,8817,8831,8871,8902,8910,8933,9023,9036,9101,9111,9116,9143,9154,	
superior 4 597 4 2066,4904,5421,8490,	
8% 14 597 14 2064,2065,2141,2145,2157,2229,2230,8488,8489,8565,8569,8581,8653,8654,	
respiratorio 6 597 6 2061,3559,3677,3800,3852,8485,	
tracto 6 597 6 2060,3676,3799,3851,5142,8484,	
<1% 50 597 50 2057,2072,2074,2100,2114,2115,2128,2198,2199,2203,2204,2205,2206,2208,2209,2210,2211,2214,2216,2217,2232,2233,2405,2483,2521,8481,8496,8498,8524,8538,8539,8552,8622,8623,8627,8628,8629,8630,8632,8633,8634,8635,8638,8640,8641,8656,8657,8829,8907,8945,	
0% 48 597 48 2056,2062,2063,2073,2075,2101,2102,2103,2129,2215,2374,2375,2379,2380,2385,2406,2417,2484,2485,2498,2499,2506,2507,2522,8480,8486,8487,8497,8499,8525,8526,8527,8553,8639,8798,8799,8803,8804,8809,8830,8841,8908,8909,8922,8923,8930,8931,8946,	
aguda 4 597 4 2053,2823,4023,8477,	
1% 64 597 64 2050,2051,2054,2055,2093,2094,2095,2096,2112,2113,2123,2124,2131,2148,2161,2162,2200,2201,2227,2228,2391,2403,2418,2423,2424,2465,2477,2482,2497,2504,2505,2519,8474,8475,8478,8479,8517,8518,8519,8520,8536,8537,8547,8548,8555,8572,8585,8586,8624,8625,8651,8652,8815,8827,8842,8847,8848,8889,8901,8906,8921,8928,8929,8943,	
5% 4 597 4 2049,2474,8473,8898,	
4% 16 597 16 2048,2142,2234,2415,2416,2469,2471,2475,8472,8566,8658,8839,8840,8893,8895,8899,	
Bronquitis 6 597 6 2047,2052,2381,8471,8476,8805,	
infestaciones 4 597 4 2045,2369,8469,8793,	
e 4 597 4 2044,2368,8468,8792,	
Infecciones 6 597 6 2043,2058,2367,8467,8482,8791,	
Placebo 10 597 10 2040,2042,2184,2186,2444,8464,8466,8608,8610,8868,	
Adversa 8 597 8 2038,2182,2365,2442,8462,8606,8789,8866,	
Frecuencia 18 597 18 2036,2180,2363,2440,2603,2619,2679,2689,2727,8460,8604,8787,8864,9027,9043,9103,9113,9151,	
Sistemas 8 597 8 2032,2176,2359,2436,8456,8600,8783,8860,	
Porcentaje 8 597 8 2025,2169,2352,2429,8449,8593,8776,8853,	
Órganos 8 597 8 2023,2167,2350,2427,8447,8591,8774,8851,	
Clasificación 8 597 8 2021,2165,2348,2425,8445,8589,8772,8849,	
vigilancia 6 597 6 2019,2244,2590,8443,8668,9014,	
estación 2 597 2 4361,5048,	
sistema 12 597 12 2017,2078,2399,2601,2617,2694,8441,8502,8823,9025,9041,9118,	
mediante 3 597 3 2015,5364,8439,	
25/519 1 597 1 4972,	
oseltamivir) 2 597 2 1993,8417,	
% 85 597 85 1988,2088,2090,2139,2331,2343,2390,2453,2456,2458,2461,2463,3450,3454,3468,3487,3640,3657,3689,3699,3810,3818,3862,3871,3897,3929,3947,3999,4027,4035,4067,4114,4126,4148,4170,4242,4270,4390,4486,4489,4516,4525,4648,4660,4672,4675,4705,4717,4729,4732,4776,4789,4801,4804,4844,4856,4868,4871,4893,4901,4992,4997,5025,5039,5091,5094,5114,5172,5195,5447,5567,5972,6054,8412,8512,8514,8563,8755,8767,8814,8877,8880,8882,8885,8887,	
laca 1 597 1 6269,	
intervalo 2 597 2 1969,8393,	
gravedad 2 597 2 1965,8389,	
(7/104) 1 597 1 4790,	
decreciente 2 597 2 1963,8387,	
familiares 2 597 2 3120,4596,	
orden 2 597 2 1962,8386,	
enumeran 2 597 2 1960,8384,	
procedentes 4 597 4 1951,2587,8375,9011,	
tratar 5 597 5 3401,4372,4502,4539,4913,	
análisis 12 597 12 1946,3383,3584,4224,4337,4613,4638,4746,4767,4821,4940,8370,	
correspondiente 2 597 2 1943,8367,	
categoría 2 597 2 1942,8366,	
incluyen 6 597 6 1935,2308,2711,8359,8732,9135,	
demostró 3 597 3 3023,5485,5897,	
disponibles) 2 597 2 1930,8354,	
partir 3 597 3 1926,2928,8350,	
estimarse 2 597 2 1924,8348,	
(no 2 597 2 1922,8346,	
conocida 12 597 12 1921,2605,2621,2681,2691,2729,8345,9029,9045,9105,9115,9153,	
frecuencia 6 597 6 1919,1971,2258,8343,8395,8682,	
(<1/10 2 597 2 1916,8340,	
raras 4 597 4 1915,2640,8339,9064,	
000) 4 597 4 1913,1917,8337,8341,	
<1/1 2 597 2 1912,8336,	
respiratorios 4 597 4 2117,2408,8541,8832,	
(1/10 2 597 2 1910,8334,	
Raras 2 597 2 1909,8333,	
<1/100) 2 597 2 1908,8332,	
000 7 597 7 1907,1911,6099,6128,6187,8331,8335,	
(1/1 2 597 2 1906,8330,	
experimentaron 12 597 12 2029,2173,2269,2277,2356,2433,8453,8597,8693,8701,8780,8857,	
< 4 597 4 1902,4007,4278,8326,	
1/100 2 597 2 1901,8325,	
Frecuentes 34 597 34 1899,2046,2081,2091,2110,2121,2135,2143,2220,2370,2401,2412,2450,2466,2480,2492,2517,8323,8470,8505,8515,8534,8545,8559,8567,8644,8794,8825,8836,8874,8890,8904,8916,8941,	
actividad 4 597 4 2900,3011,3980,5259,	
1/10) 4 597 4 1898,1903,8322,8327,	
( 11 597 11 1897,1900,1986,2329,3736,3918,4259,8321,8324,8410,8753,	
caja 1 597 1 6314,	
frecuentes 14 597 14 1896,1905,1985,2070,2098,2196,2325,8320,8329,8409,8494,8522,8620,8749,	
cobayas 1 597 1 6050,	
Muy 10 597 10 1895,1914,2080,2134,2449,8319,8338,8504,8558,8873,	
categorías 2 597 2 1894,8318,	
según 5 597 5 1891,1944,3331,8315,8368,	
dando 1 597 1 5707,	
clasificado 2 597 2 1890,8314,	
continuación 2 597 2 1887,8311,	
tablas 4 597 4 1882,1938,8306,8362,	
incluidas 2 597 2 1879,8303,	
notificada 3 597 3 1870,3334,8294,	
adversa 10 597 10 1869,2033,2177,2360,2437,8293,8457,8601,8784,8861,	
reacción 10 597 10 1868,2031,2175,2358,2435,8292,8455,8599,8782,8859,	
(incluyendo 3 597 3 2414,3295,8838,	
1-2 2 597 2 1863,8287,	
espontáneamente 2 597 2 1861,8285,	
resolvieron 2 597 2 1860,8284,	
segundo 4 597 4 1854,4049,4106,8278,	
primer 2 597 2 1852,8276,	
ocasión 2 597 2 1849,8273,	
0; 1 597 1 4809,	
única 6 597 6 1848,5659,5739,6096,6166,8272,	
notificaron 2 597 2 1845,8269,	
cabeza 4 597 4 1837,2084,8261,8508,	
dolor 6 597 6 1835,2559,3564,3579,8259,8983,	
vómitos 7 597 7 1821,1875,2281,2830,8245,8299,8705,	
Reacción 8 597 8 2037,2181,2364,2441,8461,8605,8788,8865,	
notificadas 8 597 8 1807,1994,2312,2326,8231,8418,8736,8750,	
reacciones 16 597 16 1805,1842,1877,1932,1957,2310,2596,2610,8229,8266,8301,8356,8381,8734,9020,9034,	
tomaban 2 597 2 1798,8222,	
99 2 597 2 1795,8219,	
914 2 597 2 1792,8216,	
recibieron 5 597 5 1781,2764,3749,8205,9188,	
032 2 597 2 1778,8202,	
23-62) 1 597 1 5115,	
muscular 1 597 1 3574,	
107 2 597 2 1774,8198,	
realizados 7 597 7 1771,1999,3104,3165,4946,8195,8423,	
libre 1 597 1 3970,	
general 4 597 4 1756,2563,8180,8987,	
perfil 6 597 6 1755,2565,2777,8179,8989,9201,	
adversas 20 597 20 1753,1806,1843,1878,1933,1958,1983,2311,2323,2597,8177,8230,8267,8302,8357,8382,8407,8735,8747,9021,	
Reacciones 8 597 8 1752,1982,2322,2606,8176,8406,8746,9030,	
8 11 597 11 1751,3091,3697,3920,4113,4806,4898,4974,5418,6386,8175,	
influencia 2 597 2 1741,8165,	
máquinas 4 597 4 1737,1749,8161,8173,	
utilizar 4 597 4 1736,1748,8160,8172,	
conducir 4 597 4 1734,1746,8158,8170,	
Efectos 2 597 2 1729,8153,	
7 14 597 14 1728,3688,4125,4238,4275,4659,4671,4788,4894,6108,6155,6171,6364,8152,	
justifica 2 597 2 1720,8144,	
lactante 4 597 4 1719,1726,8143,8150,	
pregelatinizado 1 597 1 6234,	
sólo 4 597 4 1706,2270,8130,8694,	
humana 3 597 3 1704,6008,8128,	
Menos 1 597 1 5444,	
desconoce 2 597 2 1692,8116,	
leche 6 597 6 1690,1703,5993,6007,8114,8127,	
excretan 6 597 6 1687,1700,5990,6004,8111,8124,	
lactantes 2 597 2 1680,8104,	
ratas 11 597 11 1679,5862,5889,5904,5915,5944,5963,5979,6091,6169,8103,	
feto 2 597 2 1677,8101,	
recién 1 597 1 2925,	
justifique 2 597 2 1671,8095,	
madre 5 597 5 1670,1718,5977,8094,8142,	
potencial 7 597 7 1667,1674,1715,6038,8091,8098,8139,	
beneficio 4 597 4 1666,1714,8090,8138,	
humano 4 597 4 5248,5288,5784,5843,	
salvo 2 597 2 1663,8087,	
postnatal 2 597 2 1651,8075,	
parto 3 597 3 1648,5921,8072,	
desarrollo 5 597 5 1646,1650,5882,8070,8074,	
embarazo 4 597 4 1645,1662,8069,8086,	
directos 2 597 2 1640,8064,	
dañinos 2 597 2 1639,8063,	
efectos 6 597 6 1638,5879,5901,6144,6148,8062,	
muestran 2 597 2 1637,8061,	
obtenidos 3 597 3 1766,5764,8190,	
animales 6 597 6 1635,2988,6017,6057,6072,8059,	
(índigo 1 597 1 6279,	
estudios 9 597 9 1633,5312,5512,5655,5789,5804,5859,5910,8057,	
embarazadas 2 597 2 1631,8055,	
mujeres 2 597 2 1630,8054,	
lactancia 5 597 5 1619,1711,5983,8043,8135,	
Embarazo 2 597 2 1617,8041,	
cálcicos) 2 597 2 1614,8038,	
carbonatos 2 597 2 1613,8037,	
aluminio 2 597 2 1609,8033,	
(hidróxidos 2 597 2 1607,8031,	
antiácidos 2 597 2 1606,8030,	
cimetidina 2 597 2 1604,8028,	
acetilsalicílico 2 597 2 1603,8027,	
diseminación 2 597 2 2936,5274,	
ácido 2 597 2 1602,8026,	
paracetamol 2 597 2 1601,8025,	
principal 2 597 2 1593,8017,	
observado 3 597 3 1586,3073,8010,	
fenilbutazona) 2 597 2 1582,8006,	
metotrexato 2 597 2 1581,8005,	
clorpropamida 2 597 2 1580,8004,	
eliminan 2 597 2 1576,8000,	
1TW 1 597 1 6383,	
terapéutico 2 597 2 1572,7996,	
estrecho 2 597 2 1570,7994,	
fármacos 2 597 2 1567,7991,	
conjuntamente 4 597 4 1577,1599,8001,8023,	
tomando 4 597 4 1566,2675,7990,9099,	
estén 2 597 2 1565,7989,	
	"5 1 597 1 2856,	
prescriba 2 597 2 1560,7984,	
embargo 3 597 3 1553,6125,7977,	
vías 2 597 2 1551,7975,	
excretora 2 597 2 1548,7972,	
capacidad 6 597 6 1547,1732,1744,7971,8156,8168,	
aniónica) 2 597 2 1544,7968,	
glomerular 4 597 4 1540,5427,5439,7964,	
(filtración 2 597 2 1539,7963,	
características 2 597 2 1533,7957,	
participaron 3 597 3 1814,4561,8238,	
sustancias 2 597 2 1531,7955,	
mayoría 5 597 5 1528,1839,5401,7952,8263,	
conocido 2 597 2 1525,7949,	
margen 5 597 5 1522,1571,5927,7946,7995,	
oralmente 1 597 1 2971,	
dado 2 597 2 1520,7944,	
competición 2 597 2 1511,7935,	
basadas 2 597 2 1508,7932,	
25/464 1 597 1 3220,	
importantes 2 597 2 1507,7931,	
limitada 2 597 2 1502,7926,	
embrionario/fetal 2 597 2 1647,8071,	
vía 4 597 4 1489,1500,7913,7924,	
elimina 6 597 6 1483,5359,5379,5409,5455,7907,	
amoxicilina 2 597 2 1480,7904,	
cinética 2 597 2 1478,7902,	
presenta 2 597 2 1475,7899,	
Por 1 597 1 3379,	
metabolito 23 597 23 1469,1537,1594,1684,1697,2872,5159,5185,5200,5209,5322,5406,5545,5555,5700,5956,5987,6001,7893,7961,8018,8108,8121,	
duplica 2 597 2 1465,7889,	
aproximadamente 5 597 5 1464,3631,5242,5967,7888,	
tubular 7 597 7 1462,1515,1543,5443,7886,7939,7967,	
secreción 7 597 7 1461,1514,1542,5442,7885,7938,7966,	
aniónicos 2 597 2 1458,7882,	
portadores 1 597 1 3173,	
transportadores 2 597 2 1457,7881,	
inhibidor 3 597 3 1454,2879,7878,	
potente 2 597 2 1453,7877,	
013) 1 597 1 4045,	
normal 3 597 3 1446,3983,7870,	
probenecid 4 597 4 1439,1451,7863,7875,	
concomitante 5 597 5 1437,1449,5223,7861,7873,	
ajustes 3 597 3 1431,5502,7855,	
(29/183) 1 597 1 4036,	
requieren 2 597 2 1430,7854,	
FARMACÉUTICOS 1 597 1 6223,	
probables 4 597 4 1427,1519,7851,7943,	
mecanismos 2 597 2 1424,7848,	
negativos 2 597 2 3415,3432,	
través 4 597 4 1421,1485,7845,7909,	
relevantes 4 597 4 1419,2757,7843,9181,	
interacciones 6 597 6 1417,1504,1587,7841,7928,8011,	
sugieren 2 597 2 1414,7838,	
glucuronidasa 2 597 2 1409,7833,	
P450 3 597 3 1405,5336,7829,	
(53/200) 1 597 1 4028,	
citocromo 3 597 3 1404,5335,7828,	
sistemas 2 597 2 1402,7826,	
independiente 2 597 2 1399,7823,	
metabolismo 2 597 2 1398,7822,	
magnesio 2 597 2 1611,8035,	
proteínas 3 597 3 1395,5285,7819,	
unión 3 597 3 1393,5279,7817,	
escasa 2 597 2 1392,7816,	
farmacocinéticas 5 597 5 1386,1588,5134,7810,8012,	
propiedades 2 597 2 1385,7809,	
destetadas 1 597 1 6093,	
ocurridas 1 597 1 3304,	
interacción 6 597 6 1383,1477,1495,7807,7901,7919,	
virulencia 1 597 1 4341,	
formas 2 597 2 1381,7805,	
medicamentos 3 597 3 1378,7802,9249,	
Interacción 2 597 2 1374,7798,	
Goma 1 597 1 6268,	
2) 8 597 8 1371,1413,2554,5550,5645,7795,7837,8978,	
combinada 1 597 1 3846,	
secciones 2 597 2 1366,7790,	
indiquen 2 597 2 1322,7746,	
fiables 2 597 2 1321,7745,	
epidemiológicos 2 597 2 1320,7744,	
administrarse 4 597 4 1309,1708,7733,8132,	
Sólo 2 597 2 1307,7731,	
administrando 2 597 2 1305,7729,	
esté 2 597 2 1304,7728,	
deterioro 2 597 2 3193,5496,	
superiores 1 597 1 3079,	
mantiene 2 597 2 1300,7724,	
múltiples 1 597 1 5673,	
anual 2 597 2 1289,7713,	
vacunación 2 597 2 1288,7712,	
valoración 2 597 2 1282,7706,	
afectar 2 597 2 1279,7703,	
placebo 19 597 19 1256,2289,2532,2767,3650,3695,3815,3867,4013,4032,4130,4284,4473,4980,5078,7680,8713,8956,9191,	
grupos 7 597 7 1251,2287,3119,3778,4198,7675,8711,	
complicaciones 6 597 6 1248,3673,3796,3849,5130,7672,	
Poco 8 597 8 1904,2069,2097,2195,8328,8493,8521,8619,	
incidencia 14 597 14 1246,3794,3845,4019,4331,4450,4607,4632,4699,4759,4815,4966,5065,7670,	
aclaramiento 1 597 1 5415,	
diferencia 4 597 4 1243,2284,7667,8708,	
observó 4 597 4 1238,5917,6034,7662,	
respiratoria 7 597 7 1235,2790,3481,3746,3842,7659,9214,	
y/o 7 597 7 1233,2789,3482,3745,3841,7657,9213,	
crónica 5 597 5 1232,2791,3484,7656,9215,	
cardiaca 7 597 7 1231,2788,3483,3744,3840,7655,9212,	
sujetos 15 597 15 1228,1563,2275,3389,3411,3670,3734,3741,4185,4211,4370,4500,7652,7987,8699,	
inmunocomprometidos 2 597 2 1215,7639,	
Sin 3 597 3 1552,6124,7976,	
hospitalización 2 597 2 1191,7615,	
requerir 2 597 2 1190,7614,	
inminente 2 597 2 1188,7612,	
postcomercialización 6 597 6 2020,2245,2591,8444,8669,9015,	
riesgo 10 597 10 1187,1673,1723,3143,3721,5128,5779,7611,8097,8147,	
considere 2 597 2 1183,7607,	
inestable 2 597 2 1180,7604,	
suficientemente 2 597 2 1177,7601,	
médica 2 597 2 1176,7600,	
afección 2 597 2 1175,7599,	
respecto 3 597 3 1163,5835,7587,	
hay 3 597 3 1160,3128,7584,	
establecido 6 597 6 1131,1195,1219,7555,7619,7643,	
distintos 2 597 2 1124,7548,	
agentes 2 597 2 1123,7547,	
causadas 2 597 2 1121,7545,	
enfermedades 2 597 2 1120,7544,	
existe 2 597 2 1111,7535,	
causada 3 597 3 1105,3374,7529,	
37 3 597 3 3551,3919,4260,	
frente 8 597 8 1101,1295,3015,3370,4392,4520,7525,7719,	
únicamente 4 597 4 1100,3368,3506,7524,	
eficaz 2 597 2 1099,7523,	
Oseltamivir 31 597 31 1097,1473,1705,2039,2041,2183,2185,2366,2443,2445,2446,2866,2944,2957,2969,3366,4225,4446,5136,5295,7521,7897,8129,8463,8465,8607,8609,8790,8867,8869,8870,	
precauciones 4 597 4 1093,1557,7517,7981,	
Advertencias 2 597 2 1091,7515,	
2/205 1 597 1 4475,	
activo 26 597 26 1082,1254,1470,1538,1685,1698,2873,5160,5186,5201,5210,5323,5407,5546,5556,5701,5957,5988,6002,6062,7506,7678,7894,7962,8109,8122,	
principio 3 597 3 1081,6061,7505,	
79 1 597 1 4736,	
Hipersensibilidad 2 597 2 1079,7503,	
Contraindicaciones 2 597 2 1078,7502,	
establecer 4 597 4 1072,1361,7496,7785,	
suficientes 6 597 6 1064,1353,1623,7488,7777,8047,	
existen 6 597 6 1062,1351,1621,7486,7775,8045,	
Niños 4 597 4 1060,3214,5646,7484,	
fertilidad 1 597 1 5887,	
evidencia 6 597 6 1055,1112,3129,5630,7479,7536,	
exista 2 597 2 1054,7478,	
obervado 1 597 1 3254,	
Ancianos 3 597 3 1044,5551,7468,	
diálisis 4 597 4 984,1041,7408,7465,	
(ml/min) 12 597 12 960,971,979,1018,1029,1036,7384,7395,7403,7442,7453,7460,	
Creatinina 4 597 4 953,1011,7377,7435,	
Aclaramiento 4 597 4 951,1009,7375,7433,	
tabla 8 597 8 949,1007,2263,2305,7373,7431,8687,8729,	
detalla 4 597 4 946,1004,7370,7428,	
primera 1 597 1 6405,	
grave 13 597 13 941,1001,1059,1178,1334,1349,5634,7365,7425,7483,7602,7758,7773,	
renal 28 597 28 926,940,1000,1058,1069,1333,1348,1358,1445,1463,1516,5413,5416,5461,5484,5500,5633,7350,7364,7424,7482,7493,7757,7772,7782,7869,7887,7940,	
hepáticas 5 597 5 923,2703,5167,7347,9127,	
alteraciones 4 597 4 922,2633,7346,9057,	
realizado 4 597 4 917,5119,6167,7341,	
sugiere 2 597 2 1492,7916,	
han 23 597 23 916,1130,1194,1585,1889,2240,2248,2653,2662,3072,3325,5118,5315,5339,7340,7554,7618,8009,8313,8664,8672,9077,9086,	
insuficiencia 19 597 19 912,939,999,1057,1068,1347,1357,2713,5483,5522,5632,7336,7363,7423,7481,7492,7771,7781,9137,	
ajustar 10 597 10 897,933,993,1048,1337,7321,7357,7417,7472,7761,	
necesario 6 597 6 896,1047,4368,4498,7320,7471,	
No 52 597 52 894,914,980,985,1037,1042,1045,1061,1110,1128,1159,1192,1216,1236,1350,1428,1583,1620,1656,2753,2804,2814,2844,5116,5337,5876,5994,6146,6285,6300,7318,7338,7404,7409,7461,7466,7469,7485,7534,7552,7583,7616,7640,7660,7774,7852,8007,8044,8080,9177,9228,9238,	
hepática 8 597 8 893,913,2714,5509,5523,7317,7337,9138,	
Insuficiencia 8 597 8 892,925,1332,5460,5508,7316,7349,7756,	
especiales 9 597 9 891,1094,2752,6297,6303,6333,7315,7518,9176,	
Poblaciones 2 597 2 890,7314,	
semanas 5 597 5 889,4962,5061,6089,7313,	
brote 3 597 3 873,5009,7297,	
despreciable 1 597 1 5290,	
epidemia 3 597 3 856,4932,7280,	
global 1 597 1 4915,	
exposición 20 597 20 725,1467,5188,5198,5488,5532,5542,5553,5609,5711,5833,5838,5932,5960,6069,6119,6192,6207,7149,7891,	
posteriores 2 597 2 722,7146,	
vez 21 597 21 702,778,790,802,811,847,884,975,1022,4409,4956,5055,7126,7202,7214,7226,7235,7271,7308,7399,7446,	
infectado 4 597 4 694,729,7118,7153,	
salud 1 597 1 3982,	
individuo 4 597 4 693,728,7117,7152,	
ojos 1 597 1 6081,	
directo 2 597 2 690,7114,	
prevenir 5 597 5 684,1801,4375,7108,8225,	
dosificación 2 597 2 647,7071,	
pesen 4 597 4 635,830,7059,7254,	
simultánea 1 597 1 3977,	
N2 1 597 1 3283,	
alternativa 4 597 4 624,819,7048,7243,	
laberinto 4 597 4 2109,2491,8533,8915,	
60 4 597 4 604,799,7028,7223,	
23 9 597 9 590,599,785,794,5243,7014,7023,7209,7218,	
> 24 597 24 586,598,610,636,781,793,805,831,958,967,1016,1025,7010,7022,7034,7060,7205,7217,7229,7255,7382,7391,7440,7449,	
kg 28 597 28 579,588,591,600,603,612,638,774,783,786,795,798,807,833,7003,7012,7015,7024,7027,7036,7062,7198,7207,7210,7219,7222,7231,7257,	
15 15 597 15 578,587,773,782,2452,4147,4526,4733,4805,5969,7002,7011,7197,7206,8876,	
Fecha 2 597 2 6402,6410,	
corporal 5 597 5 572,767,5255,6996,7191,	
Peso 4 597 4 571,766,6995,7190,	
peso 4 597 4 570,2550,6994,8974,	
(aproximadamente 1 597 1 5743,	
posología 8 597 8 566,757,943,2545,6990,7181,7367,8969,	
siguiente 8 597 8 565,950,1008,2306,6989,7374,7432,8730,	
indica 1 597 1 5433,	
recomienda 8 597 8 563,932,992,1336,6987,7356,7416,7760,	
indirectos 2 597 2 1642,8066,	
disponible 7 597 7 548,742,1162,6432,6972,7166,7586,	
encuentra 4 597 4 547,741,6971,7165,	
12 12 597 12 541,735,3687,3817,3908,4060,4569,4754,5459,5756,6965,7159,	
durante 29 597 29 533,660,705,850,854,871,1660,1709,1995,2315,3507,3618,3758,4431,4930,4960,5007,5059,5474,6957,7084,7129,7274,7278,7295,8084,8133,8419,8739,	
día 46 597 46 532,585,597,609,618,659,704,780,792,804,813,849,886,966,977,1024,1855,3009,3617,3633,3757,3775,4094,4097,4267,4411,4958,5057,5473,6956,7009,7021,7033,7042,7083,7128,7204,7216,7228,7237,7273,7310,7390,7401,7448,8279,	
veces 21 597 21 530,583,595,607,616,657,964,3007,3615,3755,5471,5948,5953,6202,6954,7007,7019,7031,7040,7081,7388,	
recomendada 26 597 26 522,574,628,682,758,769,823,864,944,955,1013,1075,1364,6946,6998,7052,7106,7182,7193,7247,7288,7368,7379,7437,7499,7788,	
oral 9 597 9 521,561,755,5148,5176,5451,6945,6985,7179,	
náuseas 7 597 7 1823,1832,2278,2826,8247,8256,8702,	
La 42 597 42 519,680,756,862,942,1293,1447,1838,2283,2899,3010,3234,3667,3722,3765,4175,4289,4320,4340,4434,4597,4618,4814,5187,5278,5353,5462,5552,5647,5669,5959,6338,6425,6943,7104,7180,7286,7366,7717,7871,8262,8707,	
edad) 5 597 5 516,677,6219,6940,7101,	
17 6 597 6 513,674,3861,6937,7098,7348,	
13 5 597 5 511,672,3527,6935,7096,	
abdominal 4 597 4 2150,2473,8574,8897,	
(de 4 597 4 510,671,6934,7095,	
administra 2 597 2 1598,8022,	
aparecen 2 597 2 502,6926,	
posible 7 597 7 493,716,1722,5125,6917,7140,8146,	
* 1 597 1 3223,	
sea 4 597 4 492,715,6916,7139,	
pronto 4 597 4 490,713,6914,7137,	
iniciarse 4 597 4 488,711,6912,7135,	
utilizarse 2 597 2 1658,8082,	
3) 6 597 6 480,1158,1655,6904,7582,8079,	
escasez 2 597 2 470,6894,	
Blue 1 597 1 6277,	
debido 2 597 2 467,6891,	
comparables 2 597 2 5587,5729,	
año 4 597 4 464,1152,6888,7576,	
menores 3 597 3 461,5581,6885,	
recomendado 10 597 10 456,981,986,1038,1043,6880,7405,7410,7462,7467,	
apropiadas 2 597 2 448,6872,	
recibir 4 597 4 445,645,6869,7069,	
tragar 6 597 6 441,641,836,6865,7065,7260,	
manifestaciones 2 597 2 2820,9244,	
puedan 6 597 6 440,640,835,6864,7064,7259,	
kg) 2 597 2 437,6861,	
40 14 597 14 436,602,611,637,797,806,832,6860,7026,7035,7061,7221,7230,7256,	
medicamentosas 2 597 2 1505,7929,	
(> 3 597 3 435,5361,6859,	
niños 48 597 48 434,460,537,633,731,828,920,1066,1147,1355,1779,1796,1866,2302,2328,2571,2583,2657,3888,3894,4015,4053,4565,4750,4764,4825,5661,5681,5691,5752,6858,6884,6961,7057,7155,7252,7344,7490,7571,7779,8203,8220,8290,8726,8752,8995,9007,9081,	
Garden 1 597 1 6380,	
adolescentes 18 597 18 432,509,670,1981,2013,2659,2782,3205,3525,3591,4563,6856,6933,7094,8405,8437,9083,9206,	
adultos 36 597 36 431,518,649,679,937,997,1345,1775,1793,1812,1979,2011,2769,2798,3589,4562,4948,5580,5603,5706,5734,5766,6855,6942,7073,7103,7361,7421,7769,8199,8217,8236,8403,8435,9193,9222,	
Los 12 597 12 430,1632,2833,3033,3533,5311,5690,5746,5773,5800,6854,8056,	
replicación 2 597 2 2965,2974,	
45 14 597 14 410,425,557,592,751,787,6454,6474,6834,6849,6981,7016,7175,7211,	
administrar 2 597 2 390,6814,	
75 34 597 34 386,398,527,613,654,697,808,844,879,961,972,1019,1030,3004,3610,3750,4406,4953,5052,5171,5741,6810,6822,6951,7037,7078,7121,7232,7268,7303,7385,7396,7443,7454,	
dosis 48 597 48 384,418,447,520,627,681,822,863,899,935,995,1050,1074,1339,1363,1433,5175,5215,5450,5586,5658,5672,5716,5719,5738,5796,5866,5891,5937,6095,6165,6184,6808,6842,6871,6944,7051,7105,7246,7287,7323,7359,7419,7474,7498,7763,7787,7857,	
bioequivalentes 2 597 2 382,6806,	
formulaciones 2 597 2 381,6805,	
suspensión 14 597 14 379,429,451,560,631,754,826,6803,6853,6875,6984,7055,7178,7250,	
efecto 1 597 1 5940,	
administración 9 597 9 374,1436,1448,5147,5222,5463,6798,7860,7872,	
forma 14 597 14 372,392,415,550,744,3187,3306,3426,5183,6796,6816,6839,6974,7168,	
Posología 10 597 10 370,573,768,954,1012,6794,6997,7192,7378,7436,	
poblaciones 4 597 4 365,2751,6789,9175,	
seguridad 17 597 17 474,1135,1166,1197,1524,1758,2760,5772,5792,5929,6898,7559,7590,7621,7948,8182,9184,	
geográficas 2 597 2 363,6787,	
áreas 2 597 2 362,6786,	
diferentes 4 597 4 361,3893,5480,6785,	
enfermedad 28 597 28 358,1104,1230,1234,2707,2787,3373,3480,3628,3729,3743,3839,3972,4087,4182,4298,4379,4435,4453,4464,4968,5067,6782,7528,7654,7658,9131,9211,	
impacto 2 597 2 355,6779,	
circulantes 2 597 2 352,6776,	
caracteristicas 2 597 2 348,6772,	
acerca 2 597 2 345,6769,	
disponibles 2 597 2 344,6768,	
Ninguna 1 597 1 6336,	
datos 22 597 22 343,472,1063,1319,1352,1622,1765,1929,1950,4208,5747,5774,6014,6767,6896,7487,7743,7776,8046,8189,8353,8374,	
cuenta 3 597 3 341,5607,6765,	
deben 5 597 5 338,1555,2835,6762,7979,	
utilización 4 597 4 329,1626,6753,8050,	
relativas 2 597 2 326,6750,	
proporcionales 1 597 1 5212,	
decisiones 2 597 2 325,6749,	
toma 2 597 2 323,6747,	
oficiales 2 597 2 320,6744,	
recomendaciones 2 597 2 319,6743,	
basándose 2 597 2 316,6740,	
reciben 1 597 1 5736,	
determinarse 2 597 2 315,6739,	
debe 14 597 14 314,487,710,1278,1308,1657,1707,6738,6911,7134,7702,7732,8081,8131,	
horas 3 597 3 3544,3960,5398,	
antivirales 5 597 5 305,331,2996,6729,6755,	
generales 2 597 2 2219,8643,	
sustituto 4 597 4 295,1266,6719,7690,	
significativamente 9 597 9 3764,3792,3967,4091,4194,4448,4772,4964,5063,	
psiquiátricos 8 597 8 2068,2613,2625,2667,8492,9037,9049,9091,	
estacional 5 597 5 281,3124,3358,4319,6705,	
considerar 2 597 2 278,6702,	
podría 2 597 2 277,6701,	
inusualmente 1 597 1 6120,	
pandemia) 2 597 2 275,6699,	
3% 22 597 22 2146,2158,2159,2223,2235,2373,2378,2421,2422,2464,2468,8570,8582,8583,8647,8659,8797,8802,8845,8846,8888,8892,	
situación 2 597 2 273,6697,	
Fenotipado* 2 597 2 3199,3202,	
vacuna 6 597 6 270,298,1269,6694,6722,7693,	
circulante 2 597 2 266,6690,	
cepas 7 597 7 263,3044,3147,3176,3257,5825,6687,	
coincidir 2 597 2 261,6685,	
ej 4 597 4 256,1579,6680,8003,	
(p 9 597 9 255,1578,3708,3826,3879,4042,4131,6679,8002,	
excepcionales 2 597 2 254,6678,	
situaciones 2 597 2 253,6677,	
protección 4 597 4 251,1294,6675,7718,	
necesite 2 597 2 250,6674,	
circunstancias 2 597 2 245,6669,	
función 9 597 9 242,568,1444,2548,5499,6666,6992,7868,8972,	
determinará 2 597 2 237,6661,	
prevención 48 597 48 232,280,310,336,763,816,867,907,1142,1209,1314,1341,1830,1974,2006,2297,2527,3110,4295,4309,4318,4554,4580,4656,4667,4713,4724,4785,4796,4852,4863,6656,6704,6734,6760,7187,7240,7291,7331,7566,7633,7738,7765,8254,8398,8430,8721,8951,	
Tamiflu 44 597 44 229,291,375,378,450,453,545,630,739,760,825,1262,1276,1306,1310,1738,1760,1782,1799,2001,2676,3141,5851,6653,6715,6799,6802,6874,6877,6969,7054,7163,7184,7249,7686,7700,7730,7734,8162,8184,8206,8223,8425,9100,	
apropiado 2 597 2 227,6651,	
El 27 597 27 225,302,485,708,1273,1754,2524,2776,3142,3224,3341,3951,4496,4881,5015,5104,5228,5405,5414,6649,6726,6909,7132,7697,8178,8948,9200,	
clínicamente 9 597 9 214,1418,1506,2756,3050,6638,7842,7930,9180,	
diagnosticado 2 597 2 213,6637,	
caso 13 597 13 210,238,240,258,2841,4377,4398,4426,4548,6634,6662,6664,6682,	
gris 2 597 2 6503,6512,	
oscilando 1 597 1 4164,	
contacto 5 597 5 207,689,6353,6631,7113,	
personas 7 597 7 197,283,1285,5404,6621,6707,7709,	
post-exposición 11 597 11 195,668,764,3114,3117,4310,4382,4555,6619,7092,7188,	
- 19 597 19 193,224,394,401,413,4491,4527,4678,4735,4807,4874,4895,5000,5097,6617,6648,6818,6825,6837,	
Prevención 15 597 15 189,194,663,667,853,987,4285,4381,4929,6613,6618,7087,7091,7277,7411,	
1) 4 597 4 188,1260,6612,7684,	
5 43 597 43 187,479,534,576,661,1157,1259,1370,1373,1412,1654,1833,2850,3092,3619,3635,3644,3645,3759,3912,3995,4026,4728,5001,5096,5131,5194,5429,5475,5767,6292,6307,6611,6903,6958,7000,7085,7581,7683,7794,7797,7836,8078,	
apartado 16 597 16 186,478,1156,1258,1411,1653,2552,5548,5643,6610,6902,7580,7682,7835,8077,8976,	
(ver 18 597 18 185,477,1155,1257,1365,1410,1652,2551,5547,5642,6609,6901,7579,7681,7789,7834,8076,8975,	
A 7 597 7 184,2954,2981,3019,3048,3943,6608,	
proporción 1 597 1 3668,	
predominante 2 597 2 178,6602,	
gripe) 1 597 1 4395,	
infección 8 597 8 177,2963,2990,3364,3445,4141,4545,6601,	
naturalmente 4 597 4 172,4301,4585,6596,	
clínicos 14 597 14 168,1770,1955,1998,2255,2318,3103,3164,6592,8194,8379,8422,8679,8742,	
ensayos 37 597 37 167,918,1769,1817,1828,1954,1997,2254,2317,2338,2345,3026,3076,3102,3163,3233,3406,3497,3604,4173,4203,4221,4316,4328,4945,5120,6591,7342,8193,8241,8252,8378,8421,8678,8741,8762,8769,	
Intervalo 8 597 8 2034,2178,2361,2438,8458,8602,8785,8862,	
basa 4 597 4 164,1762,6588,8186,	
indicación 2 597 2 162,6586,	
Esta 2 597 2 161,6585,	
primeros 4 597 4 159,498,6583,6922,	
aparición 5 597 5 156,3132,3145,3237,6580,	
días 37 597 37 153,499,535,577,662,707,721,772,852,1034,1864,3620,3637,3654,3760,3996,4239,4418,4433,4624,5476,6109,6136,6158,6175,6217,6577,6923,6959,7001,7086,7131,7145,7196,7276,7458,8288,	
periodo 4 597 4 150,3509,5981,6574,	
siguientes 2 597 2 1893,8317,	
inicia 2 597 2 147,6571,	
tratamiento 43 597 43 145,308,334,486,621,709,903,1140,1205,1226,1253,1312,1343,1785,1819,1857,2004,2340,2838,3408,3501,3606,3952,4200,4403,6569,6732,6758,6910,7045,7133,7327,7564,7629,7650,7677,7736,7767,8209,8243,8281,8428,8764,	
eficacia 20 597 20 142,476,1115,1133,1168,1199,1221,3421,4290,4324,4575,4601,5688,6566,6900,7539,7557,7592,7623,7645,	
demostrado 5 597 5 140,4304,4573,5316,6564,	
Se 19 597 19 138,562,931,991,1335,1691,3071,3252,4046,4205,5857,6033,6074,6562,6986,7355,7415,7759,8115,	
mg/kg/día) 1 597 1 5942,	
producida 1 597 1 4456,	
población 32 597 32 137,223,248,861,876,1241,1331,2320,3245,3397,3440,3521,3704,3718,3822,3875,4137,4151,4535,4630,4885,4909,4937,5014,6561,6647,6672,7285,7300,7665,7755,8744,	
circulando 7 597 7 134,220,1328,3518,6558,6644,7752,	
sellado 1 597 1 6324,	
está 9 597 9 133,219,455,1327,6431,6557,6643,6879,7751,	
influenza 41 597 41 132,183,218,1109,1127,1326,2887,2953,2968,2980,3018,3047,3065,3085,3150,3311,3378,3394,3419,3436,3474,3493,3515,3596,3789,3837,3937,3942,3949,4073,4156,4162,4190,4216,5277,6556,6607,6642,7533,7551,7750,	
virus 50 597 50 131,182,217,265,351,1108,1126,1325,2886,2911,2939,2952,2967,2979,3017,3046,3084,3149,3178,3293,3310,3355,3377,3393,3418,3435,3473,3492,3514,3595,3788,3836,3901,3936,3941,4072,4155,4161,4189,4215,4831,5276,6555,6606,6641,6689,6775,7532,7550,7749,	
característicos 2 597 2 125,6549,	
acontecimientos 6 597 6 2238,2567,2779,8662,8991,9203,	
síntomas 15 597 15 124,160,504,2651,2666,3549,3561,3965,4235,4423,6548,6584,6928,9075,9090,	
presentan 6 597 6 122,1885,3276,3386,6546,8309,	
edad 22 597 22 120,204,290,466,544,738,1154,2775,3532,4757,5759,6111,6138,6177,6544,6628,6714,6890,6968,7162,7578,9199,	
aparece 2 597 2 2260,8684,	
años 25 597 25 118,202,288,514,542,675,736,2773,3530,3909,4061,4570,4755,5584,5668,5757,6293,6542,6626,6712,6938,6966,7099,7160,9197,	
equilibrio 2 597 2 5236,5561,	
o 41 597 41 116,200,286,400,412,433,1083,1179,1591,1605,1610,1641,1649,1695,1853,2014,2766,2828,3154,3528,3563,3578,3925,5999,6540,6624,6710,6824,6836,6857,7507,7603,8015,8029,8034,8065,8073,8119,8277,8438,9190,	
pacientes 44 597 44 113,367,910,982,1039,1172,1214,1441,2027,2171,2354,2431,2669,2705,2785,2834,3170,3250,3263,3329,3460,3464,3503,3534,3832,3932,5478,5520,5624,6537,6791,7334,7406,7463,7596,7638,7865,8451,8595,8778,8855,9093,9129,9209,	
En 36 597 36 112,252,321,1678,1865,2303,2562,2639,3100,3395,3494,3582,3782,3830,3889,4014,4074,4092,4383,4550,4625,4685,4938,5027,5908,5978,6084,6160,6536,6676,6745,8102,8289,8727,8986,9063,	
Sinusitis 2 597 2 2376,8800,	
gripe 77 597 77 111,128,170,192,212,235,301,313,484,507,666,686,858,870,930,990,1145,1212,1272,1292,1298,1317,1788,1803,1977,2009,2300,2671,2992,3113,3609,3715,3732,3886,4143,4288,4334,4346,4400,4509,4583,4609,4634,4691,4701,4761,4817,4934,5011,6535,6552,6594,6616,6636,6659,6725,6737,6908,6931,7090,7110,7282,7294,7354,7414,7569,7636,7696,7716,7722,7741,8212,8227,8401,8433,8724,9095,	
Tratamiento 14 597 14 108,481,927,1972,2295,3361,3712,3883,4138,6532,6905,7351,8396,8719,	
terapéuticas 3 597 3 107,5855,6531,	
Indicaciones 2 597 2 106,6530,	
	4 2 597 2 104,6528,	
CLÍNICOS 2 597 2 103,6527,	
DATOS 3 597 3 102,6222,6526,	
4 40 597 40 101,368,1076,1089,1090,1261,1367,1372,1615,1727,1750,2553,2801,3641,3652,3658,3661,3662,4124,4272,4800,4855,5073,5082,5506,5549,5644,6295,6525,6792,7500,7513,7514,7791,7796,8039,8151,8174,8977,9225,	
" 3 597 3 100,6220,6524,	
azul 2 597 2 99,6523,	
mg/kg) 1 597 1 5745,	
color 2 597 2 98,6522,	
son 16 597 16 96,380,1390,1425,1517,2889,5211,5324,5328,5760,5821,6520,6804,7814,7849,7941,	
inscripciones 2 597 2 95,6519,	
mg"" 2 597 2 93,6517,	
""30 1 597 1 92,	
clara 2 597 2 88,3156,	
requisitos 1 597 1 3537,	
amarilla 1 597 1 87,	
(10 1 597 1 3121,	
opaca 2 597 2 86,6511,	
tapa 2 597 2 85,6510,	
""ROCHE"" 2 597 2 82,6507,	
inscripción 4 597 4 81,91,6506,6515,	
frecuentemente 6 597 6 1809,1872,2314,8233,8296,8738,	
eliminación 5 597 5 1535,5593,6335,6339,7959,	
claro 1 597 1 78,	
amarillo 2 597 2 77,6254,	
opaco 2 597 2 76,6502,	
procede 1 597 1 6286,	
cuerpo 2 597 2 75,6501,	
formadas 3 597 3 72,2926,6498,	
están 4 597 4 71,1185,6497,7609,	
presentaban 1 597 1 3539,	
Las 23 597 23 68,94,383,1384,1503,1804,1876,1931,1956,3284,3302,5202,5383,5590,6494,6518,6807,7808,7927,8228,8300,8355,8380,	
	"Cápsula 2 597 2 66,6492,	
FARMACÉUTICA 2 597 2 65,6491,	
FORMA 2 597 2 64,6490,	
3 11 597 11 63,924,1077,3059,3913,5292,5768,6027,6288,6489,7501,	
6 30 597 30 61,888,1616,3069,3698,4001,4058,4066,4095,4247,4389,4490,4734,4902,4961,4999,5060,5098,5395,6221,6282,6287,6294,6306,6330,6331,6374,6487,7312,8040,	
sección 3 597 3 60,5505,6486,	
mostraron 2 597 2 5810,6065,	
ver 3 597 3 59,5504,6485,	
excipientes 5 597 5 58,1088,6228,6484,7512,	
completa 2 597 2 56,6482,	
lista 2 597 2 55,6481,	
consultar 2 597 2 53,6479,	
Para 15 597 15 52,508,536,619,669,730,814,5501,6478,6932,6960,7043,7093,7154,7238,	
equivalente 3 597 3 46,5251,6472,	
Shire 1 597 1 6377,	
fosfato 7 597 7 45,2867,2958,5151,5469,6103,6471,	
oseltamivir 97 597 97 44,51,524,700,882,1117,1137,1170,1201,1223,1388,1472,1497,1561,1590,1596,1628,1659,1681,1694,2291,2336,2765,3014,3038,3158,3181,3260,3266,3322,3340,3349,3613,3707,3753,3781,3790,3825,3878,3954,4016,4041,4079,4120,4292,4405,4482,4577,4621,4952,4990,5051,5087,5150,5238,5265,5281,5300,5319,5357,5368,5388,5468,5490,5534,5589,5650,5727,5750,5950,5984,5998,6036,6102,6470,6477,6948,7124,7306,7541,7561,7594,7625,7647,7812,7896,7921,7985,8014,8020,8052,8083,8105,8118,8715,8760,9189,	
cantidad 2 597 2 42,6468,	
conjunto 4 597 4 1947,2252,8371,8676,	
contiene 3 597 3 40,6315,6466,	
reclutados 2 597 2 3461,3505,	
dura 4 597 4 39,67,6465,6493,	
(15/70) 1 597 1 4845,	
cápsula 12 597 12 38,396,403,652,842,6232,6249,6464,6820,6827,7076,7266,	
	Cada 2 597 2 37,6463,	
nM 4 597 4 3056,3060,3070,3093,	
CUANTITATIVA 2 597 2 36,6462,	
Y 2 597 2 35,6461,	
CUALITATIVA 2 597 2 34,6460,	
COMPOSICIÓN 2 597 2 33,6459,	
región 1 597 1 4355,	
2 27 597 27 32,369,452,1368,1773,1791,3068,3599,3636,3653,4003,4004,4417,4984,5132,5346,5507,5721,6127,6201,6278,6283,6458,6793,7792,8197,8215,	
duras 4 597 4 31,70,6457,6496,	
cápsulas 17 597 17 30,69,376,443,552,643,746,838,6317,6456,6495,6800,6867,6976,7067,7170,7262,	
mg 66 597 66 29,49,387,399,406,411,421,426,528,555,558,581,593,605,614,655,698,749,752,776,788,800,809,845,880,962,973,1020,1031,3005,3611,3751,4407,4954,5053,5466,5742,6455,6475,6811,6823,6830,6835,6845,6850,6952,6979,6982,7005,7017,7029,7038,7079,7122,7173,7176,7200,7212,7224,7233,7269,7304,7386,7397,7444,7455,	
30 23 597 23 28,48,405,420,554,580,748,775,959,970,1017,1028,5640,6829,6844,6978,7004,7172,7199,7383,7394,7441,7452,	
	Tamiflu 2 597 2 27,6453,	
MEDICAMENTO 3 597 3 26,2855,6452,	
NOMBRE 2 597 2 24,6450,	
1 42 597 42 22,23,62,105,539,733,1151,1777,1987,2330,2857,3055,3058,3906,3994,4167,4244,4246,4274,4567,4752,4867,4998,5095,5665,5744,5869,5894,5923,6098,6186,6197,6225,6449,6488,6529,6963,7157,7575,8201,8411,8754,	
alcanzadas 2 597 2 3000,5732,	
PRODUCTO 1 597 1 21,	
DEL 4 597 4 20,25,6423,6451,	
(23/89) 1 597 1 4706,	
grupo 25 597 25 1991,2334,3649,3694,3814,3866,4031,4076,4117,4129,4472,4480,4652,4664,4709,4721,4781,4793,4848,4860,4978,4988,5077,8415,8758,	
adquirida 4 597 4 171,4300,4584,6595,	
CARACTERÍSTICAS 1 597 1 19,	
LAS 1 597 1 18,	
DE 9 597 9 17,2853,6366,6369,6388,6390,6395,6399,6420,	
RESUMEN 1 597 1 16,	
O 1 597 1 15,	
TÉCNICA 1 597 1 14,	
FICHA 1 597 1 13,	
ocasiones 2 597 2 2641,9065,	
información 5 597 5 10,1161,3333,6426,7585,	
Toda 1 597 1 8,	
medicamento 5 597 5 7,12,5615,6341,6430,	
Basica 1 597 1 5,	
	Información 1 597 1 4,	
CAPSULAS 1 597 1 3,	
10 27 597 27 2,706,771,851,968,978,1026,1035,2342,2457,2460,4112,4513,4623,5397,6316,6418,7130,7195,7275,7392,7402,7450,7459,8766,8881,8884,	
75MG 1 597 1 1,	
TAMIFLU 1 597 1 0,	
