	Prospectos 1 563 1 6694,	
sobrante 1 563 1 6684,	
líquido 1 563 1 6683,	
así 1 563 1 6680,	
limpieza 1 563 1 6676,	
	Todos 1 563 1 6667,	
precipitado 1 563 1 6664,	
soluciones 1 563 1 6656,	
deberán 1 563 1 6653,	
presenten 1 563 1 6650,	
partículas 1 563 1 6648,	
contengan 1 563 1 6647,	
descartar 1 563 1 6645,	
inspeccionar 1 563 1 6638,	
parenteral 1 563 1 6625,	
efectuando 1 563 1 6586,	
Mezclar 1 563 1 6580,	
equipada 1 563 1 6544,	
graduada 1 563 1 6543,	
expresada 1 563 1 6537,	
apropiado 1 563 1 6523,	
correspondiente 1 563 1 6512,	
manera 2 563 2 6507,6598,	
Extraer 1 563 1 6505,	
paciente 2 563 2 6504,6536,	
necesitará 1 563 1 6489,	
antibacterianos 1 563 1 6477,	
conservantes 1 563 1 6476,	
transparente 1 563 1 6448,	
Dejar 1 563 1 6424,	
agitar 1 563 1 6420,	
disuelto 1 563 1 6417,	
invirtiendo 1 563 1 6408,	
manualmente 2 563 2 6407,6581,	
Retirar 1 563 1 6399,	
Inyectar 2 563 2 6382,6551,	
aséptica 3 563 3 6373,6508,6599,	
incorporada 1 563 1 6369,	
aguja 3 563 3 6368,6404,6547,	
Utilizando 1 563 1 6363,	
Reconstitución 1 563 1 6356,	
INTRAVENOSA 1 563 1 6353,	
abundantes 1 563 1 6345,	
cantidades 1 563 1 6344,	
guantes 2 563 2 6328,6679,	
máscara 1 563 1 6325,	
protección 1 563 1 6323,	
ropa 1 563 1 6321,	
manipula 1 563 1 6313,	
formación 2 563 2 6287,6662,	
personal 3 563 3 6284,6300,6311,	
MANIPULACIÓN 1 563 1 6258,	
disolverse 1 563 1 6244,	
suministra 1 563 1 6224,	
FORMULACIÓN 1 563 1 6221,	
procedimiento 1 563 1 6213,	
cuidadosamente 1 563 1 6207,	
lea 1 563 1 6206,	
preparación 4 563 4 6189,6217,6473,6673,	
Guía 1 563 1 6187,	
sanitario 1 563 1 6186,	
sector 1 563 1 6185,	
profesionales 1 563 1 6183,	
Esta 1 563 1 6175,	
europa 1 563 1 6173,	
Kopenhaga 1 563 1 6137,	
Kingdom 1 563 1 6100,	
United 1 563 1 6099,	
Latvija 1 563 1 6098,	
Köpenhamn 1 563 1 6084,	
264 1 563 1 6061,	
035 1 563 1 6060,	
+39 1 563 1 6059,	
Kööpenhamina 1 563 1 6057,	
DK­2100 1 563 1 6056,	
24128 1 563 1 6054,	
64/B 1 563 1 6049,	
Broseta 1 563 1 6048,	
l 1 563 1 6044,	
ADIENNE 1 563 1 6041,	
Suomi/Finland 1 563 1 6040,	
Italia 1 563 1 6039,	
Sími 1 563 1 6025,	
Kaupmannahöfn 1 563 1 6020,	
Slovenská 1 563 1 6009,	
Slovenija 1 563 1 5977,	
Copenhaga 1 563 1 5961,	
România 1 563 1 5945,	
France 1 563 1 5944,	
Amadora 1 563 1 5943,	
00 1 563 1 5941,	
37 1 563 1 5940,	
600 1 563 1 5939,	
117-2 1 563 1 5935,	
Nacional 1 563 1 5934,	
Estrada 1 563 1 5933,	
Barcelona 1 563 1 5932,	
08028 1 563 1 5931,	
Edificio 1 563 1 5927,	
observe 1 563 1 6661,	
Carlos 1 563 1 5924,	
Gran 1 563 1 5922,	
S 3 563 3 5916,5920,6042,	
Farma 1 563 1 5915,	
Ferrer 2 563 2 5914,5918,	
210-6194170 1 563 1 5911,	
30 1 563 1 5910,	
26 2 563 2 5908,6145,	
151 1 563 1 5907,	
GR 1 563 1 5905,	
VIPharma 1 563 1 5900,	
Österreich 1 563 1 5870,	
Eesti 1 563 1 5869,	
Norge 1 563 1 5842,	
Deutschland 1 563 1 5841,	
Tlf 2 563 2 5827,5862,	
Kopenhagen 3 563 3 5826,5852,5884,	
RECOMENDACIÓN 1 563 1 6255,	
Ø 1 563 1 5822,	
Nederland 1 563 1 5811,	
Danmark 1 563 1 5810,	
Koda 2 563 2 5791,6024,	
Malta 1 563 1 5779,	
Ceská 1 563 1 5777,	
Te 1 563 1 5763,	
Koppenhága 1 563 1 5762,	
Copenhagen 7 563 7 5760,5795,5882,5989,5993,6112,6116,	
+ 25 563 25 5736,5743,5764,5771,5797,5804,5828,5835,5856,5863,5886,5893,5909,5963,5970,5995,6002,6026,6033,6064,6085,6092,6118,6125,6139,	
Tél/Tel 2 563 2 5735,5742,	
2100 16 563 16 5729,5733,5759,5790,5794,5825,5881,5956,5960,5988,5992,6023,6080,6083,6111,6115,	
­ 17 563 17 5728,5732,5758,5789,5793,5824,5880,5906,5955,5959,5987,5991,6022,6079,6082,6110,6114,	
eliminar 1 563 1 6687,	
TopoTarget 23 563 23 5719,5721,5749,5751,5780,5782,5812,5814,5843,5845,5871,5873,5948,5978,5980,6011,6013,6045,6070,6072,6101,6103,6132,	
Luxembourg/Luxemburg 1 563 1 5718,	
België/Belgique/Belgien 1 563 1 5717,	
titular 1 563 1 5711,	
local 2 563 2 5709,6693,	
dirigiéndose 1 563 1 5706,	
solicitar 1 563 1 5699,	
Pueden 1 563 1 5698,	
Fax 1 563 1 5692,	
92 26 563 26 5691,5697,5741,5748,5769,5776,5802,5809,5833,5840,5861,5868,5891,5898,5968,5975,6000,6007,6031,6038,6069,6090,6097,6123,6130,6144,	
83 25 563 25 5690,5740,5747,5768,5775,5801,5808,5832,5839,5860,5867,5890,5897,5967,5974,5999,6006,6030,6037,6068,6089,6096,6122,6129,6143,	
Tel 18 563 18 5686,5770,5796,5803,5834,5855,5885,5892,5936,5969,5994,6001,6032,6058,6091,6117,6124,6138,	
comercialización 2 563 2 5676,5716,	
autorización 2 563 2 5674,5714,	
dispensa 2 563 2 5615,5652,	
(el 1 563 1 5609,	
denominado 1 563 1 5607,	
compuesto 1 563 1 5580,	
Aspecto 1 563 1 5571,	
hidróxido 1 563 1 5563,	
trihidrato 1 563 1 5555,	
ácido 1 563 1 5539,	
hidrocloruro 1 563 1 5532,	
llevar 1 563 1 6320,	
589 1 563 1 5529,	
Savene? 1 563 1 5515,	
	¿Qué 1 563 1 5513,	
ADICIONAL 1 563 1 5512,	
observa 1 563 1 5499,	
ambiente 3 563 3 5493,6437,6609,	
medio 1 563 1 5492,	
94 2 563 2 5696,5926,	
proteger 1 563 1 5490,	
ayudará 1 563 1 5488,	
De 1 563 1 5485,	
necesita 1 563 1 5484,	
deshacerse 1 563 1 5478,	
residuales 1 563 1 5468,	
206 1 563 1 6062,	
aguas 1 563 1 5467,	
tirar 1 563 1 5464,	
posterior 1 563 1 5402,	
etiqueta 1 563 1 5355,	
fecha 1 563 1 5348,	
comuníqueselo 1 563 1 5323,	
nota 1 563 1 5303,	
dolorida 1 563 1 5299,	
hinchada 1 563 1 5297,	
enrojecida 1 563 1 5296,	
caída 1 563 1 5280,	
boca 1 563 1 5278,	
(flebitis) 1 563 1 5274,	
vaso 1 563 1 5267,	
inflamación 1 563 1 5265,	
Además 1 563 1 5260,	
mencionados 1 563 1 5307,	
mareo 1 563 1 5259,	
sueño 1 563 1 5257,	
cansancio 1 563 1 5256,	
malestar 1 563 1 5253,	
(hasta 1 563 1 5243,	
regularidad 1 563 1 5238,	
recibe 1 563 1 5227,	
DK 16 563 16 5727,5731,5757,5788,5792,5823,5879,5954,5958,5986,5990,6021,6078,6081,6109,6113,	
plaquetas 1 563 1 5217,	
neutrófilos 1 563 1 5215,	
temporal 1 563 1 5209,	
Otro 1 563 1 5202,	
sanguíneos 1 563 1 5196,	
(más 1 563 1 5183,	
igual 1 563 1 5135,	
	Al 1 563 1 5134,	
ADVERSOS 1 563 1 5133,	
pregunte 1 563 1 5126,	
preguntas 1 563 1 5119,	
antraciclínico 1 563 1 5115,	
posteriores 1 563 1 5109,	
recibirá 1 563 1 5084,	
Usted 1 563 1 5083,	
1­2 2 563 2 5034,6605,	
durará 1 563 1 5033,	
determinará 1 563 1 4996,	
(m2) 1 563 1 4994,	
metros 1 563 1 4992,	
calculará 1 563 1 4985,	
Su 1 563 1 4983,	
altura 1 563 1 4979,	
dependerá 1 563 1 4976,	
CÓMO 1 563 1 4969,	
personas 2 563 2 4942,5149,	
cabo 1 563 1 4900,	
llevado 1 563 1 4898,	
Conducción 1 563 1 4890,	
farmacéutico 2 563 2 4884,5476,	
Pregunte 2 563 2 4877,5473,	
proceder 1 563 1 4867,	
hombre 1 563 1 4845,	
receta 1 563 1 4828,	
incluidos 4 563 4 4824,5255,6324,6677,	
recientemente 1 563 1 4820,	
Indique 1 563 1 4810,	
interacciones 1 563 1 4803,	
existan 1 563 1 4802,	
consultar 1 563 1 4795,	
médicos 2 563 2 4793,6181,	
ningún 2 563 2 4782,6574,	
mezclar 3 563 3 4780,6406,6572,	
Toma 1 563 1 4771,	
basura 1 563 1 5472,	
22 1 563 1 4763,	
antiepilépticos) 1 563 1 4762,	
(medicamentos 1 563 1 4761,	
engendren 1 563 1 4726,	
signo 1 563 1 4708,	
controlará 2 563 2 4690,4706,	
sanguíneas 2 563 2 4680,4714,	
realizarán 2 563 2 4671,5233,	
Durante 1 563 1 4664,	
sufrido 1 563 1 4655,	
especial 1 563 1 4642,	
comprobar 2 563 2 4677,6441,	
administrando 1 563 1 4634,	
adecuadas 3 563 3 4621,4851,6279,	
embarazada 2 563 2 4615,4840,	
quedarse 1 563 1 4614,	
planeando 1 563 1 4613,	
componentes 3 563 3 4607,4926,5537,	
(hipersensible) 1 563 1 4598,	
alérgico 1 563 1 4597,	
utilizará 1 563 1 4593,	
ADMINISTRE 1 563 1 4588,	
LE 1 563 1 4587,	
ANTES 1 563 1 4583,	
denominados 1 563 1 4580,	
complicación 1 563 1 4554,	
trata 1 563 1 4551,	
denomina 1 563 1 4548,	
acontecimiento 1 563 1 4546,	
Este 2 563 2 4545,6146,	
circundante 1 563 1 4544,	
perfunde 1 563 1 4536,	
produce 1 563 1 4529,	
administran 1 563 1 4522,	
desintoxicante 1 563 1 4510,	
agente 1 563 1 4509,	
UTILIZA 1 563 1 4505,	
Azevedos 2 563 2 5919,5928,	
PARA 3 563 3 4502,6256,6350,	
QUÉ 2 563 2 4498,4503,	
adicional 1 563 1 4496,	
Conservación 1 563 1 4491,	
Posibles 1 563 1 4487,	
Cómo 1 563 1 4483,	
administre 1 563 1 4480,	
le 4 563 4 4479,4632,4649,4670,	
utiliza 3 563 3 4473,4567,4618,	
Qué 1 563 1 4466,	
informe 1 563 1 4458,	
descritos 4 563 4 4454,5162,5175,5319,	
mencionado 1 563 1 4442,	
adverso 2 563 2 4440,5204,	
ojos 1 563 1 6338,	
consulte 1 563 1 4431,	
duda 1 563 1 4430,	
leerlo 1 563 1 4425,	
volver 1 563 1 4423,	
Puede 1 563 1 4420,	
Conserve 1 563 1 4417,	
representante 1 563 1 5708,	
detenidamente 1 563 1 4408,	
Lea 1 563 1 4404,	
dilución 2 563 2 4317,5403,	
19 1 563 1 4304,	
	500 1 563 1 4204,	
	Cloruro 1 563 1 4172,	
Bolsa 1 563 1 4154,	
ACONDICIONAMIENTO 1 563 1 4152,	
OTROS 1 563 1 4145,	
excluidas 1 563 1 6303,	
VOLUMEN 1 563 1 4138,	
PESO 1 563 1 4137,	
	Lote 1 563 1 4133,	
	Uso 1 563 1 4108,	
VIA(S) 1 563 1 4088,	
Vial 1 563 1 4082,	
PRIMARIOS 1 563 1 4081,	
ACONDICIONAMIENTOS 1 563 1 4080,	
PEQUEÑOS 1 563 1 4079,	
BRAILLE 2 563 2 4066,4381,	
emergencia 1 563 1 4058,	
Kit 1 563 1 4056,	
GENERALES 2 563 2 4044,4371,	
FABRICANTE 3 563 3 4040,4132,4367,	
LOTE 3 563 3 4038,4130,4365,	
NÚMERO 3 563 3 4036,4128,4363,	
12 2 563 2 4028,4355,	
NOMBRE 2 563 2 4011,4338,	
citostáticos 2 563 2 3990,4310,	
Contiene 2 563 2 3989,4309,	
CORRESPONDA) 2 563 2 3988,4308,	
(CUANDO 2 563 2 3987,4307,	
DIRECTO 2 563 2 3983,4302,	
CONTACTO 2 563 2 3982,4301,	
ESTÉN 2 563 2 3980,4299,	
MATERIALES 2 563 2 3978,4297,	
UTILIZADO 2 563 2 3974,4293,	
NO 2 563 2 3973,4292,	
ELIMINACIÓN 3 563 3 3970,4289,6666,	
PRECAUCIONES 2 563 2 3967,4286,	
conservarse 1 563 1 3939,	
disuelta 1 563 1 3937,	
CONSERVACIÓN 3 563 3 3926,4268,5328,	
bebé 1 563 1 4628,	
{MM/AAAA} 3 563 3 3921,4126,4263,	
	CAD 3 563 3 3920,4125,4262,	
antídoto 1 563 1 4569,	
CADUCIDAD 3 563 3 3919,4124,4261,	
16 3 563 3 3915,4063,4378,	
Debe 1 563 1 3898,	
NECESARIO 2 563 2 3897,4257,	
ES 3 563 3 3896,4256,4499,	
SI 2 563 2 3895,4255,	
ESPECIALES 6 563 6 3894,3924,3968,4254,4266,4287,	
11 2 563 2 4010,4337,	
ADVERTENCIAS 2 563 2 3893,4253,	
alcance 3 563 3 3883,4243,5334,	
MANTENERSE 2 563 2 3879,4239,	
Tenga 1 563 1 4641,	
ESPECIAL 2 563 2 3873,4233,	
prospecto 9 563 9 3867,4117,4227,4407,4419,4445,4464,5310,6147,	
VÍA(S) 2 563 2 3855,4215,	
ENVASE 2 563 2 3828,4203,	
únicamente 1 563 1 6179,	
CONTENIDO 3 563 3 3826,4135,4201,	
EXCIPIENTES 2 563 2 3790,4171,	
ACTIVO(S) 2 563 2 3759,4165,	
(envase 1 563 1 3731,	
Caja 1 563 1 3730,	
caducidad 1 563 1 5350,	
EXTERIOR 1 563 1 3729,	
EL 6 563 6 3727,3876,3985,4151,4236,4305,	
DEBE 5 563 5 3724,3878,4076,4148,4238,	
QUE 8 563 8 3723,3875,3979,4075,4147,4235,4298,4585,	
PROSPECTO 2 563 2 3717,4389,	
III 2 563 2 3714,5925,	
comercializado 1 563 1 3712,	
mercado 1 563 1 3701,	
funcionamiento 1 563 1 3694,	
esté 1 563 1 3692,	
farmacovigilancia 1 563 1 3688,	
garantizar 1 563 1 3683,	
UNIDADES 1 563 1 4141,	
Titular 2 563 2 3676,5671,	
OTRAS 3 563 3 3673,3892,4252,	
procede 1 563 1 3671,	
UTILIZACIÓN 1 563 1 3663,	
CON 3 563 3 3661,3984,4303,	
RELACIÓN 1 563 1 3660,	
restringida 1 563 1 3655,	
médica 2 563 2 3654,4051,	
prescripción 2 563 2 3653,4050,	
sujeto 2 563 2 3651,4048,	
Medicamento 2 563 2 3650,4047,	
AL 1 563 1 3643,	
IMPUESTAS 1 563 1 3642,	
USO 3 563 3 3641,4055,4377,	
DISPENSACIÓN 3 563 3 3639,4046,4373,	
O 5 563 5 3636,3657,3975,4139,4294,	
· 3 563 3 3634,3669,3672,	
Topotarget 5 563 5 3620,4021,4348,5679,5946,	
lotes 1 563 1 3619,	
liberación 1 563 1 3616,	
fabricante 2 563 2 3612,5678,	
dirección 1 563 1 3610,	
Nombre 1 563 1 3608,	
CONDICIONES 9 563 9 3588,3628,3635,3656,3674,3923,4043,4265,4370,	
LOTES 2 563 2 3586,3607,	
LOS 4 563 4 3585,3606,3977,4296,	
LIBERACIÓN 2 563 2 3583,3604,	
FABRICACIÓN 2 563 2 3579,3600,	
emea 2 563 2 3570,6172,	
//www 2 563 2 3569,6171,	
basculante 1 563 1 6589,	
http 2 563 2 3568,6170,	
Medicamentos 2 563 2 3566,6168,	
Europea 2 563 2 3564,6166,	
Agencia 2 563 2 3563,6165,	
Vía 1 563 1 5923,	
web 2 563 2 3560,6162,	
cuadrados 1 563 1 4993,	
página 2 563 2 3559,6161,	
Dispone 2 563 2 3549,6151,	
TEXTO 1 563 1 3548,	
POSIBLES 1 563 1 5131,	
28/07/2006 1 563 1 3541,	
AUTORIZACIÓN/RENOVACIÓN 1 563 1 3537,	
PRIMERA 1 563 1 3536,	
FECHA 5 563 5 3533,3543,3917,4122,4259,	
EU/1/06/350/001 3 563 3 3531,4034,4361,	
NÚMERO(S) 3 563 3 3526,4029,4356,	
Dinamarca 5 563 5 3524,3626,4027,4354,5685,	
Autorización 1 563 1 3679,	
Copenhague 8 563 8 3523,3625,4026,4353,5684,5730,5734,5957,	
Fruebjergvej 29 563 29 3520,3622,4023,4350,5681,5723,5725,5753,5755,5784,5786,5816,5818,5847,5849,5875,5877,5950,5952,5982,5984,6015,6017,6050,6074,6076,6105,6107,6134,	
A/S 29 563 29 3519,3621,4022,4349,5680,5720,5722,5750,5752,5781,5783,5813,5815,5844,5846,5872,5874,5947,5949,5979,5981,6012,6014,6046,6071,6073,6102,6104,6133,	
	Topotarget 1 563 1 3518,	
COMERCIALIZACIÓN 9 563 9 3517,3530,3593,3633,3649,4020,4033,4347,4360,	
AUTORIZACIÓN 12 563 12 3515,3528,3540,3577,3591,3598,3631,3647,4018,4031,4345,4358,	
LA 16 563 16 3514,3535,3539,3545,3576,3582,3590,3597,3603,3630,3646,3662,4017,4344,6257,6351,	
TITULAR 6 563 6 3512,3574,3595,3644,4015,4342,	
exigencias 3 563 3 3509,4008,4335,	
acuerdo 4 563 4 3506,4005,4332,6689,	
establecerá 3 563 3 3504,4003,4330,	
utilizados 4 563 4 3498,3997,4324,6670,	
productos 4 563 4 3496,3995,4322,6622,	
abundante 1 563 1 3490,	
lávese 1 563 1 3487,	
mucosas 1 563 1 3486,	
membranas 1 563 1 3485,	
contacto 2 563 2 3479,6331,	
entran 1 563 1 3477,	
manipulación 3 563 3 3467,5509,6276,	
correcta 1 563 1 3466,	
adultos 1 563 1 5007,	
normales 3 563 3 3463,6273,6613,	
adoptar 2 563 2 3460,6269,	
preparar 1 563 1 3453,	
manipular 1 563 1 3451,	
preciso 1 563 1 3447,	
vasos 1 563 1 5195,	
Es 2 563 2 3446,6203,	
43 1 563 1 5904,	
ligeramente 3 563 3 3432,5648,6453,	
manipulaciones 1 563 1 3398,	
disponible 3 563 3 3365,4069,4384,	
envases 4 563 4 3362,3502,4001,4328,	
gluconato 1 563 1 5560,	
Tamaño 1 563 1 3359,	
polipropileno 1 563 1 3358,	
protectora 1 563 1 3354,	
poliamida 2 563 2 3347,3356,	
poliolefín 1 563 1 3345,	
coextrusionado 1 563 1 3343,	
plástico 2 563 2 3342,3353,	
cierre 1 563 1 3333,	
clorobutilo 1 563 1 3331,	
caucho 1 563 1 3329,	
eu 2 563 2 3571,6174,	
tapón 1 563 1 3327,	
tipo 1 563 1 3324,	
vidrio 2 563 2 3320,5596,	
recipiente 1 563 1 3315,	
contenido 4 563 4 3313,5575,6210,6385,	
Naturaleza 1 563 1 3311,	
luz 5 563 5 3308,3965,4284,5375,6615,	
protegerlo 4 563 4 3305,3962,4281,5372,	
exterior 4 563 4 3303,3960,4279,5370,	
embalaje 4 563 4 3302,3959,4278,5369,	
viales 7 563 7 3296,3371,3734,3839,3953,5659,6525,	
debajo 4 563 4 3290,3929,4271,5361,	
Conservar 5 563 5 3288,3294,3951,4275,5365,	
Precauciones 2 563 2 3284,3392,	
ºC 3 563 3 3281,4274,5458,	
usuario 2 563 2 3265,5442,	
responsabilidad 2 563 2 3263,5440,	
usarlo 2 563 2 3261,5438,	
lanzar 1 563 1 3697,	
conservación 3 563 3 3256,3287,5433,	
tiempos 2 563 2 3251,5428,	
inmediata 4 563 4 3242,3249,5419,5426,	
microbiológico 2 563 2 3235,5412,	
vista 5 563 5 3234,3887,4247,5338,5411,	
punto 2 563 2 3232,5409,	
Desde 2 563 2 3230,5407,	
°C 6 563 6 3229,3293,3932,3947,5364,5396,	
temperatura 6 563 6 3224,3276,3942,5453,6436,6608,	
almacena 2 563 2 3221,5391,	
física 2 563 2 3213,5383,	
movimiento 1 563 1 6588,	
química 2 563 2 3211,5381,	
demostrado 2 563 2 3209,5378,	
diluido 5 563 5 3206,3864,4103,4114,4224,	
reconstituido 7 563 7 3204,3862,4101,4112,4222,6511,6554,	
aparece 1 563 1 5352,	
años 1 563 1 3201,	
Viales 1 563 1 3197,	
validez 1 563 1 3196,	
14 3 563 3 3718,4042,4369,	
Periodo 1 563 1 3194,	
mezclarse 1 563 1 3189,	
aplicable 1 563 1 4167,	
envueltas 1 563 1 3348,	
compatibilidad 1 563 1 3184,	
inyectables 4 563 4 3175,3786,4196,5569,	
Agua 3 563 3 3173,3819,4194,	
Lote 2 563 2 4041,4368,	
Hidróxido 3 563 3 3170,3816,4191,	
Gluconato 3 563 3 3167,3813,4188,	
acetato 4 563 4 3164,3810,4185,5557,	
Trihidrato 3 563 3 3162,3808,4183,	
cloruro 6 563 6 3159,3805,4180,5544,5547,5552,	
Hexahidrato 3 563 3 3157,3803,4178,	
Cloruro 5 563 5 3151,3154,3797,3800,4175,	
clorhídrico 3 563 3 3148,3794,5540,	
Ácido 2 563 2 3147,3793,	
Lista 1 563 1 3142,	
	 1 563 1 3138,	
FARMACÉUTICOS 1 563 1 3137,	
pequeñas 1 563 1 3091,	
aprecia 1 563 1 4437,	
desarrollaron 1 563 1 3090,	
67% 1 563 1 3086,	
DMSO 2 563 2 3074,3123,	
tópico 1 563 1 3072,	
sistemáticamente 1 563 1 3067,	
daunorubicina 3 563 3 3062,3084,3110,	
experimental 1 563 1 3060,	
teratogénico 1 563 1 3050,	
conejos 1 563 1 3048,	
adversos 9 563 9 4453,4489,5144,5161,5174,5180,5241,5305,5318,	
relacionado 1 563 1 3039,	
sinérgica 1 563 1 3036,	
(EMEA) 2 563 2 3567,6169,	
añadida 1 563 1 3033,	
doxorubicina 1 563 1 3031,	
combinación 1 563 1 3029,	
aguda 1 563 1 3025,	
sensación 1 563 1 5251,	
crónica 1 563 1 3021,	
digestivo 1 563 1 3005,	
tracto 1 563 1 3004,	
testículos 1 563 1 3002,	
celular 1 563 1 2996,	
división 1 563 1 2995,	
experimentan 1 563 1 2993,	
objetivo 1 563 1 2987,	
repetidas 2 563 2 2981,6409,	
efectos 11 563 11 2974,3014,4452,4488,5143,5160,5173,5179,5240,5304,5317,	
Comercialización 1 563 1 3681,	
esperan 1 563 1 2972,	
clase 1 563 1 2968,	
prolongado 1 563 1 2965,	
uterinos) 1 563 1 2955,	
(carcinomas 1 563 1 2954,	
ratas 3 563 3 2953,3046,3052,	
linfoides) 1 563 1 2951,	
(neoplasias 1 563 1 2950,	
ratones 6 563 6 2949,3045,3054,3057,3089,3115,	
secundarias 1 563 1 2947,	
malignidades 1 563 1 2946,	
levrazoxano) 1 563 1 2940,	
racémica 1 563 1 2936,	
SE 2 563 2 4504,4586,	
(mezcla 1 563 1 2935,	
razoxano 2 563 2 2934,3038,	
encontrado 1 563 1 2931,	
carcinogénico 1 563 1 2926,	
investigado 1 563 1 2923,	
activo) 1 563 1 5611,	
mielosupresión 1 563 1 3010,	
Aunque 1 563 1 2919,	
poseer 1 563 1 2916,	
30% 1 563 1 2900,	
visualmente 1 563 1 6639,	
ocasionadas 1 563 1 4573,	
(CV 1 563 1 2895,	
variación 1 563 1 2894,	
calculada 1 563 1 2888,	
interindividual 1 563 1 2887,	
normativa 1 563 1 6692,	
homogénea 1 563 1 6446,	
EFICAZ 1 563 1 3666,	
estimó 1 563 1 2883,	
limitado 1 563 1 2879,	
número 2 563 2 2878,6522,	
Basándose 1 563 1 2875,	
intraindividuales 1 563 1 2874,	
inter 1 563 1 2872,	
variabilidades 1 563 1 2871,	
Puh/Tel 1 563 1 6063,	
sistemáticos 1 563 1 2868,	
raza 1 563 1 2859,	
género 1 563 1 2857,	
intrínsecos 1 563 1 2852,	
farmacocinéticos 2 563 2 2851,2905,	
factores 1 563 1 2850,	
relativas 1 563 1 2847,	
reposar 1 563 1 6425,	
definitivas 1 563 1 2846,	
extraer 2 563 2 2844,6370,	
suficientes 1 563 1 2840,	
citocromo 1 563 1 2836,	
FIGURAR 2 563 2 3725,4149,	
mediante 1 563 1 2834,	
importante 3 563 3 2833,4921,6204,	
produzca 1 563 1 2830,	
adquiridos 1 563 1 4826,	
estabilidad 3 563 3 2818,3210,5380,	
gran 1 563 1 2817,	
humanos 1 563 1 2814,	
microsomas 1 563 1 2813,	
analizan 1 563 1 2811,	
vitro 1 563 1 2806,	
in 1 563 1 2805,	
creatinina 1 563 1 2802,	
reducirse 1 563 1 2793,	
desciende 1 563 1 2782,	
combinado 1 563 1 3068,	
meseta 1 563 1 2777,	
relativamente 1 563 1 2774,	
veces 3 563 3 2759,4527,6410,	
ADR-925 2 563 2 2742,2756,	
semivida 1 563 1 2737,	
respectivamente 1 563 1 2735,	
(n=3) 1 563 1 2734,	
(n=5) 1 563 1 2726,	
ADMINISTRACIÓN 5 563 5 3857,4090,4107,4217,6352,	
C 1 563 1 2718,	
B 4 563 4 2710,3587,3627,4388,	
único 1 563 1 2696,	
metabolitos 1 563 1 2691,	
farmacocinética 1 563 1 2688,	
sistémico 1 563 1 2681,	
aclaramiento 3 563 3 2680,2791,2799,	
60% 1 563 1 2678,	
34% 1 563 1 2676,	
cambiar 1 563 1 2673,	
recuperación 1 563 1 2667,	
finales 1 563 1 2654,	
h) 2 563 2 2648,2665,	
34 1 563 1 2647,	
h 4 563 4 2644,2661,2725,2733,	
18 1 563 1 2641,	
(alfa) 1 563 1 2637,	
iniciales 1 563 1 2636,	
semividas 3 563 3 2633,2651,2705,	
bifásica 1 563 1 2631,	
presenta 2 563 2 2626,5590,	
Eliminación 1 563 1 2623,	
iones 1 563 1 2620,	
divalentes 1 563 1 2617,	
PREPARACIÓN 1 563 1 6349,	
cationes 1 563 1 2616,	
quelante 1 563 1 2611,	
potente 1 563 1 2610,	
removible 1 563 1 3337,	
similar 1 563 1 2604,	
estructura 1 563 1 2603,	
(ADR-925) 1 563 1 2599,	
anillos 2 563 2 2597,2746,	
C) 1 563 1 2590,	
(B 1 563 1 2588,	
intracelular 1 563 1 2576,	
sufre 3 563 3 2574,4448,5313,	
Biotransformación 1 563 1 2571,	
magnesio 4 563 4 3161,3807,4182,5554,	
proteínas 1 563 1 2570,	
ligado 1 563 1 2568,	
Aproximadamente 1 563 1 2562,	
hidrólisis 1 563 1 2575,	
riñones 1 563 1 2561,	
hidrolizado 1 563 1 2556,	
inalterada 1 563 1 2552,	
principal 1 563 1 2551,	
sustancia 1 563 1 2550,	
niveles 1 563 1 2548,	
mayores 4 563 4 2547,3017,3270,5447,	
apareciendo 1 563 1 2545,	
rápida 2 563 2 2544,2997,	
proporcionales 1 563 1 2534,	
curva 1 563 1 2532,	
áreas 1 563 1 2529,	
volumen 3 563 3 2520,6510,6553,	
l/kg) 1 563 1 2518,	
49 1 563 1 2517,	
(mediana 3 563 3 2515,2645,2662,	
l/kg 1 563 1 2514,	
aparentes 2 563 2 2505,3015,	
independiente 3 563 3 2496,2524,2683,	
compartimentos 1 563 1 2495,	
modelo 1 563 1 2491,	
sigue 2 563 2 2489,6226,	
INCLUIRSE 1 563 1 4077,	
sérica 1 563 1 2481,	
cinética 2 563 2 2480,2628,	
bibliográficos 1 563 1 2476,	
vía 2 563 2 2472,4524,	
farmacocinéticas 1 563 1 2466,	
plazo) 1 563 1 2462,	
escasas 1 563 1 2459,	
leves 1 563 1 2457,	
observaron 1 563 1 2455,	
(sólo 1 563 1 2453,	
secuelas 2 563 2 2452,2456,	
redujo 1 563 1 2448,	
mayoría 2 563 2 2443,4516,	
programado 1 563 1 2440,	
continuar 1 563 1 2432,	
necrosis 2 563 2 2430,3106,	
desarrollo 2 563 2 2428,2944,	
permanece 1 563 1 2773,	
venoso 1 563 1 2417,	
incluyeron 1 563 1 2408,	
evaluación 1 563 1 2402,	
epirubicina 1 563 1 2395,	
recibida 1 563 1 2390,	
recibido 1 563 1 2384,	
Sólo 2 563 2 2369,4647,	
PRIMARIO 1 563 1 4153,	
intervención 1 563 1 2346,	
requirió 2 563 2 2345,2375,	
evaluó 2 563 2 2337,2363,	
España 1 563 1 5912,	
evaluar 1 563 1 2325,	
pudo 1 563 1 2324,	
dieciocho 1 563 1 2322,	
recibieron 2 563 2 2317,2356,	
23 1 563 1 2314,	
EDTA 1 563 1 2606,	
entraron 2 563 2 2313,2352,	
CTC 1 563 1 2304,	
biopsias 1 563 1 2289,	
fluorescente 1 563 1 2284,	
microscopia 1 563 1 2283,	
probada 1 563 1 2281,	
fuera 5 563 5 2280,3881,4241,4537,5332,	
estudio 4 563 4 2273,2311,2350,2697,	
evitó 2 563 2 2426,3103,	
parte 2 563 2 2269,6298,	
inclusión 1 563 1 2266,	
requisito 1 563 1 2263,	
Un 1 563 1 2262,	
tercera 1 563 1 2258,	
segunda 1 563 1 2249,	
48 1 563 1 2244,	
24 3 563 3 2242,2788,5570,	
repetirse 1 563 1 2239,	
tenía 1 563 1 2228,	
dosificación 1 563 1 2220,	
régimen 1 563 1 2218,	
biopsia 1 563 1 2213,	
probados 1 563 1 2211,	
casos 1 563 1 2210,	
100% 1 563 1 2205,	
50% 1 563 1 2203,	
35 1 563 1 2201,	
+34 1 563 1 5937,	
cirugía 2 563 2 2199,2376,	
tasas 1 563 1 2197,	
+45 2 563 2 5687,5693,	
muestran 3 563 3 2196,2477,2815,	
históricos 1 563 1 2194,	
sólo 4 563 4 2189,2338,2468,3100,	
Ireland 1 563 1 5976,	
comparación 1 563 1 2188,	
jeringa 4 563 4 6365,6388,6401,6542,	
condición 1 563 1 2185,	
realiza 1 563 1 2177,	
Lietuva 1 563 1 6131,	
afectado 1 563 1 2174,	
quirúrgica 2 563 2 2171,2347,	
escisión 1 563 1 2170,	
evitar 2 563 2 2162,3130,	
accidental 2 563 2 2155,6332,	
puesto 1 563 1 4556,	
producidos 1 563 1 2151,	
prevenir 1 563 1 2145,	
investigar 1 563 1 2138,	
cuidado 2 563 2 3449,4643,	
ensayo 1 563 1 2136,	
tomando 1 563 1 4816,	
propósito 1 563 1 2132,	
gafas 1 563 1 6326,	
abiertos 2 563 2 2130,2598,	
multicéntricos 1 563 1 2128,	
brazo 1 563 1 2127,	
sencillos 1 563 1 2123,	
incluía 1 563 1 2120,	
(dexrazoxano) 1 563 1 2119,	
programa 1 563 1 2115,	
utilizado 1 563 1 2105,	
relativos 1 563 1 2102,	
siguientes 4 563 4 2097,2235,2764,6271,	
describe 1 563 1 2091,	
calcio 2 563 2 2086,2622,	
zinc 1 563 1 2077,	
Disolución 1 563 1 6480,	
urinaria 2 563 2 2073,2668,	
excreción 1 563 1 2072,	
Tél 1 563 1 5962,	
responsable 2 563 2 2066,3613,	
Probablemente 1 563 1 2060,	
tejidos 4 563 4 2053,2150,2542,2991,	
destrucción 1 563 1 2051,	
protector 1 563 1 2048,	
contribuye 1 563 1 2040,	
	3 1 563 1 6354,	
empezar 1 563 1 4411,	
medida 1 563 1 2039,	
II 1 563 1 2033,	
topoisomerasa 1 563 1 2032,	
asocia 1 563 1 2018,	
dependientes 1 563 1 2013,	
libres 1 563 1 2012,	
radicales 1 563 1 2011,	
oxidativo 1 563 1 2008,	
estrés 1 563 1 2007,	
reduce 1 563 1 2005,	
abierto 5 563 5 2004,2492,2587,2711,2743,	
anillo 3 563 3 2003,2586,2714,	
través 1 563 1 1998,	
EFECTOS 1 563 1 5132,	
hierro 4 563 4 1995,2015,2075,2613,	
condiciones 3 563 3 3254,5431,6612,	
quelación 1 563 1 1993,	
Previene 1 563 1 1986,	
principales 3 563 3 1983,2903,2988,	
mecanismos 2 563 2 1980,2045,	
Dexrazoxano 4 563 4 1977,3756,4093,4403,	
Mecanismo 1 563 1 1974,	
cardiotoxicidad 3 563 3 1970,1988,2021,	
prevención 1 563 1 1967,	
recibir 3 563 3 4659,5002,6286,	
antineoplásico 4 563 4 1961,2028,4514,6263,	
literatura 2 563 2 1951,2752,	
P-2614-503 1 563 1 5942,	
Ninguno 1 563 1 2341,	
V03AF02 1 563 1 1948,	
ATC 1 563 1 1947,	
código 1 563 1 1946,	
antineoplásicos 4 563 4 1945,4520,4579,6281,	
desintoxicantes 1 563 1 1942,	
farmacoterapéutico 1 563 1 1940,	
Grupo 1 563 1 1939,	
farmacodinámicas 2 563 2 1938,1956,	
conservar 1 563 1 5359,	
Propiedades 2 563 2 1937,2465,	
	5 1 563 1 1935,	
ESTE 1 563 1 1933,	
FARMACOLÓGICAS 1 563 1 1931,	
PROPIEDADES 1 563 1 1930,	
sintomático 1 563 1 1928,	
alopecia 1 563 1 1923,	
Efecto 1 563 1 2027,	
leucopenia 1 563 1 1913,	
probablemente 1 563 1 1911,	
consistirán 1 563 1 1910,	
sobredosis 1 563 1 1909,	
síntomas 1 563 1 1906,	
1% 1 563 1 1899,	
28 1 563 1 1896,	
	Posología 1 563 1 4972,	
total 2 563 2 1894,2669,	
Calcio 1 563 1 1893,	
LDH 1 563 1 1888,	
Sobredosis 1 563 1 1902,	
6% 1 563 1 1887,	
76 1 563 1 1884,	
Creatinina 1 563 1 1883,	
embriotóxico 1 563 1 3043,	
9% 1 563 1 1882,	
71 1 563 1 1879,	
ALT 1 563 1 1878,	
57 2 563 2 1874,2353,	
AST 1 563 1 1873,	
Bilirrubina 1 563 1 1868,	
77 2 563 2 1864,1869,	
alcalina 1 563 1 1863,	
Fosfatasa 1 563 1 1862,	
(Hiper) 1 563 1 1857,	
RESTRICCIONES 2 563 2 3637,3658,	
(Hipo) 3 563 3 1845,1851,1895,	
3% 3 563 3 1843,1849,1872,	
21 2 563 2 1842,4390,	
17 27 563 27 1841,5689,5695,5739,5746,5767,5774,5800,5807,5831,5838,5859,5866,5889,5896,5966,5973,5998,6005,6029,6036,6067,6088,6095,6121,6128,6142,	
Plaquetas 1 563 1 1839,	
Incompatibilidades 1 563 1 3178,	
2% 2 563 2 1838,2564,	
46 1 563 1 1837,	
78 2 563 2 1835,1889,	
0% 4 563 4 1833,1861,1867,1892,	
volúmenes 1 563 1 2504,	
45 25 563 25 1832,5737,5744,5765,5772,5798,5805,5829,5836,5857,5864,5887,5894,5964,5971,5996,6003,6027,6034,6065,6086,6093,6119,6126,6140,	
36 4 563 4 1831,1836,2367,2373,	
leucocitos 2 563 2 1829,5214,	
Recuento 1 563 1 1827,	
propiedad 1 563 1 2062,	
5% 3 563 3 1826,1855,1877,	
obtiene 1 563 1 2693,	
80 3 563 3 1823,1830,1840,	
Hemoglobina 1 563 1 1822,	
% 1 563 1 1821,	
N 1 563 1 1820,	
post-tratamiento 1 563 1 1819,	
Prueba 1 563 1 1816,	
pacientes) 4 563 4 1811,2399,5189,5248,	
39 26 563 26 5688,5694,5738,5745,5766,5773,5799,5806,5830,5837,5858,5865,5888,5895,5965,5972,5997,6004,6028,6035,6066,6087,6094,6120,6127,6141,	
(todos 1 563 1 1809,	
laboratorio 2 563 2 1808,1818,	
anomalías 1 563 1 1806,	
Tromboflebitis 1 563 1 1798,	
vasculares 1 563 1 1797,	
subcutáneo 1 563 1 1788,	
Prurito 1 563 1 1782,	
piel 7 563 7 1778,1921,3080,3095,3482,5295,6335,	
Alopecia 1 563 1 1772,	
mediastínicos 1 563 1 1767,	
Neumonía 1 563 1 1761,	
torácicos 1 563 1 1759,	
respiratorios 1 563 1 1743,	
Disnea 1 563 1 1737,	
mama 1 563 1 1734,	
reproductor 1 563 1 1730,	
København 2 563 2 5821,5854,	
vaginal 1 563 1 1729,	
aparato 1 563 1 1728,	
Mareos 1 563 1 1704,	
	Mantener 3 563 3 3880,4240,5331,	
conjuntivo 1 563 1 1700,	
tejido 6 563 6 1699,1781,2173,3000,4543,4564,	
Bergamo 1 563 1 6055,	
cos 1 563 1 1696,	
Mialgia 1 563 1 1689,	
Información 2 563 2 4495,4920,	
nutrición 1 563 1 1686,	
apetito 1 563 1 1684,	
rareza 1 563 1 2182,	
metabolismo 2 563 2 1681,2832,	
peso 3 563 3 1670,2862,4982,	
REVISIÓN 1 563 1 3546,	
complementarias 1 563 1 1669,	
Disminución 2 563 2 1662,1674,	
Exploraciones 1 563 1 1660,	
terapéuticos 1 563 1 1659,	
procedimientos 3 563 3 1658,3462,6272,	
complicaciones 1 563 1 1656,	
intoxicaciones 1 563 1 1654,	
propiedades 1 563 1 1955,	
heridas 2 563 2 1653,3092,	
traumáticas 1 563 1 1650,	
Complicaciones 1 563 1 1644,	
Lesiones 1 563 1 1642,	
infestaciones 1 563 1 1639,	
(3 2 563 2 1637,1646,	
0%) 1 563 1 1635,	
(10 1 563 1 1634,	
Infección 1 563 1 1632,	
e 2 563 2 1630,2873,	
Infecciones 1 563 1 1629,	
(6 2 563 2 1625,1774,	
Flebitis 2 563 2 1621,1791,	
(2 3 563 3 1602,1706,1793,	
dañado 1 563 1 5504,	
5%) 4 563 4 1600,1603,1707,1794,	
conclusiones 1 563 1 2845,	
(7 1 563 1 1599,	
Pirexia 1 563 1 1597,	
Frecuentes 10 563 10 1596,1643,1661,1673,1688,1703,1721,1736,1771,1790,	
alteraciones 1 563 1 1590,	
generales 1 563 1 1584,	
3%) 14 563 14 1580,1583,1626,1666,1678,1692,1710,1716,1725,1740,1764,1775,1785,1801,	
(16 1 563 1 1579,	
13 4 563 4 1578,2510,4035,4362,	
gastrointestinales 1 563 1 1571,	
(0%) 14 563 14 1570,1628,1649,1668,1680,1694,1718,1727,1742,1766,1777,1787,1796,1803,	
0 27 563 27 1569,1627,1648,1667,1679,1693,1717,1726,1741,1765,1776,1786,1795,1802,1859,1860,1865,1866,1890,1891,2509,2516,2640,2646,2720,2728,2731,	
8%) 3 563 3 1568,1638,1647,	
(18 1 563 1 1567,	
Náuseas 2 563 2 1565,5191,	
Muy 3 563 3 1564,1574,1631,	
(SOC) 3 563 3 1562,1619,1758,	
grados 3 563 3 1560,1617,1756,	
Datos 1 563 1 2908,	
(PT) 3 563 3 1559,1616,1755,	
preferidos 3 563 3 1558,1615,1754,	
Frecuencia 4 563 4 1557,1614,1753,5080,	
órganos 4 563 4 1555,1612,1751,2986,	
3+4 3 563 3 1554,1611,1750,	
93 1 563 1 5938,	
Grado 3 563 3 1553,1610,1749,	
Todos 3 563 3 1551,1608,1747,	
Términos 3 563 3 1550,1607,1746,	
Clasificación 3 563 3 1548,1605,1744,	
80) 1 563 1 1547,	
= 1 563 1 1546,	
(Número 1 563 1 1543,	
gravedad 1 563 1 1538,	
decreciente 1 563 1 1536,	
orden 1 563 1 1535,	
presentan 1 563 1 1533,	
1/100 1 563 1 1519,	
(> 1 563 1 1518,	
Hasta 2 563 2 1512,5166,	
EN 10 563 10 3659,3726,3981,4065,4078,4136,4140,4150,4300,4380,	
caja 2 563 2 3368,5655,	
frecuentes 9 563 9 1511,1528,1572,1586,1640,5165,5177,5182,5242,	
general 3 563 3 2133,2387,5254,	
descritas 3 563 3 1508,1526,1953,	
< 1 563 1 1521,	
experimentaron 4 563 4 1505,1523,5159,5172,	
( 1 563 1 1503,	
país 1 563 1 2208,	
Más 2 563 2 1496,5152,	
laboratorio) 1 563 1 1495,	
aparte 1 563 1 1488,	
tabla 1 563 1 1487,	
describen 1 563 1 1484,	
linfático 2 563 2 1482,3001,	
sangre 4 563 4 1478,2088,4674,5236,	
Trastornos 10 563 10 1475,1563,1573,1671,1687,1701,1719,1735,1768,1789,	
(Obsérvese 1 563 1 1470,	
(MedDRA) 1 563 1 1454,	
Incidencia 2 563 2 1450,1804,	
observadas 1 563 1 1445,	
relacionadas 3 563 3 1441,1463,1466,	
continuación 2 563 2 1435,6440,	
A 8 563 8 1434,3573,3594,3719,4526,5902,5917,5921,	
(ALT/AST) 1 563 1 1433,	
hepáticas 1 563 1 1432,	
enzimas 1 563 1 1431,	
aproximadamente 2 563 2 1422,2898,	
mitad 2 563 2 1418,2785,	
tercio 1 563 1 1409,	
coeficiente 1 563 1 2891,	
estándar 1 563 1 1399,	
observan 1 563 1 1395,	
normalmente 1 563 1 1393,	
son 9 563 9 1390,2101,2508,2989,3262,5190,5249,5439,5538,	
quimioterapéuticos 1 563 1 1386,	
ciclos 1 563 1 1383,	
recibiendo 2 563 2 1382,4755,	
estaban 1 563 1 1381,	
TT02 4 563 4 1371,1460,1815,2351,	
horas; 1 563 1 2780,	
TT01 4 563 4 1369,1458,1813,2312,	
basa 1 563 1 1364,	
siguiente 1 563 1 1361,	
revertido 1 563 1 1358,	
Todas 1 563 1 1353,	
normal 1 563 1 5005,	
ALT/AST) 1 563 1 1352,	
afección 1 563 1 1345,	
(neutropenia 1 563 1 1342,	
ósea 2 563 2 1341,2999,	
médula 2 563 2 1340,2998,	
supresión 1 563 1 1337,	
estomatitis 1 563 1 1336,	
diarrea 3 563 3 1335,1917,5275,	
vómitos 3 563 3 1334,1406,1916,	
uniforme 1 563 1 1322,	
patrón 1 563 1 1321,	
mostrado 4 563 4 1319,2915,2983,3041,	
comprenden 1 563 1 1311,	
publicados 1 563 1 1309,	
informes 1 563 1 1308,	
Diferentes 1 563 1 1307,	
Reacciones 1 563 1 1305,	
8 12 563 12 1304,1633,2664,2732,3228,3280,3525,3916,3946,4258,5395,5457,	
confusión 1 563 1 1302,	
central 2 563 2 1298,2418,	
nervioso 2 563 2 1297,1712,	
sistema 7 563 7 1296,1481,1561,1618,1711,1757,3686,	
alteración 1 563 1 1294,	
asociado 2 563 2 1291,2942,	
raramente 2 563 2 1288,1425,	
afecte 2 563 2 1282,4916,	
probable 3 563 3 1279,2827,4913,	
máquinas 4 563 4 1262,1275,4894,4909,	
conducir 3 563 3 1259,1272,4906,	
capacidad 3 563 3 1257,1270,4904,	
Efectos 1 563 1 1254,	
interrumpir 1 563 1 1240,	
madres 1 563 1 1238,	
expuestos 1 563 1 1234,	
lactantes 1 563 1 1233,	
rutinariamente 1 563 1 2178,	
Pérdida 1 563 1 1713,	
graves 2 563 2 1231,4561,	
adversas 10 563 10 1230,1306,1325,1356,1389,1440,1453,1507,1525,1531,	
reacciones 10 563 10 1229,1324,1355,1388,1439,1452,1506,1524,1530,1918,	
humana 1 563 1 1224,	
leche 1 563 1 1223,	
indican 1 563 1 1437,	
secreta 1 563 1 1220,	
haber 1 563 1 1203,	
terminado 1 563 1 1204,	
métodos 1 563 1 1192,	
deberían 4 563 4 1190,1239,3268,5445,	
varones 1 563 1 1189,	
quedar 2 563 2 1173,6302,	
caso 1 563 1 1171,	
médico 11 563 11 1168,4434,4461,4689,4705,4798,4813,4880,4984,5129,5326,	
informar 1 563 1 1165,	
claramente 1 563 1 1146,	
fuese 1 563 1 1145,	
excepto 1 563 1 1143,	
INSTRUCCIONES 2 563 2 4053,4375,	
reproductiva 1 563 1 1131,	
Ísland 1 563 1 6008,	
respecto 2 563 2 1127,5702,	
disponibles 2 563 2 1125,2842,	
preclínicos 2 563 2 1124,2909,	
Hay 1 563 1 1121,	
feto 1 563 1 1114,	
daños 3 563 3 1112,2147,4560,	
causar 2 563 2 1111,4559,	
embarazadas 5 563 5 1108,1120,1142,1174,6295,	
desechar 1 563 1 6654,	
republika 2 563 2 5778,6010,	
existen 1 563 1 1099,	
lactancia 4 563 4 1097,1242,4831,4870,	
Embarazo 2 563 2 1095,4829,	
contienen 1 563 1 3376,	
hematológicos 1 563 1 1092,	
parámetros 2 563 2 1091,2904,	
cuidadoso 1 563 1 1088,	
requiere 1 563 1 1085,	
lugar 4 563 4 1079,1587,1594,5290,	
ciclo 1 563 1 1072,	
sumarse 1 563 1 1065,	
inhibida 1 563 1 1059,	
CYP3A4 1 563 1 1055,	
CYP2D6 1 563 1 1053,	
CYP2C19 1 563 1 1052,	
CYP2C9 1 563 1 1051,	
CYP1A 1 563 1 1050,	
P450 2 563 2 1049,2837,	
citocrómicas 1 563 1 1048,	
isoenzimas 1 563 1 1047,	
importantes 1 563 1 1046,	
cinco 3 563 3 1045,2334,2699,	
comprobó 1 563 1 1043,	
específica 1 563 1 1038,	
trombocitopenia) 1 563 1 1343,	
linfoproliferativo 1 563 1 1036,	
trastorno 1 563 1 1035,	
inmunosupresión 1 563 1 1031,	
excesiva 1 563 1 1030,	
Tacrolimus 1 563 1 1029,	
Ciclosporina 1 563 1 1028,	
%) 1 563 1 2896,	
inactivada 1 563 1 1020,	
r 1 563 1 6043,	
use 2 563 2 1017,5343,	
dispositivo 1 563 1 2414,	
exista 2 563 2 1016,3689,	
Cuando 2 563 2 1015,3055,	
convulsiones 1 563 1 1014,	
agravar 1 563 1 1012,	
absorción 1 563 1 1007,	
reducir 1 563 1 1005,	
Fenitoína 1 563 1 997,	
subyacente 1 563 1 996,	
inmunosuprimidos 1 563 1 992,	
están 4 563 4 991,1462,1952,4633,	
aumenta 2 563 2 986,2757,	
El 17 563 17 984,1924,2114,2131,2224,2519,2679,2790,2912,3037,3675,4929,5516,5541,6283,6310,6330,	
posiblemente 2 563 2 982,1465,	
sequedad 1 563 1 5276,	
Uso 5 563 5 971,1022,3858,4097,4218,	
3) 4 563 4 970,1135,1178,1251,	
mortal 2 563 2 966,983,	
generalizada 1 563 1 965,	
vacunal 1 563 1 964,	
enfermedad 4 563 4 963,980,995,5231,	
Vacuna 1 563 1 956,	
contraindicados 1 563 1 955,	
concomitantes 1 563 1 954,	
USAR 1 563 1 4970,	
Usos 1 563 1 953,	
frecuencia 3 563 3 952,1542,2393,	
controlados 1 563 1 949,	
orales 1 563 1 941,	
interaccionar 1 563 1 937,	
tacto 1 563 1 5301,	
podrían 1 563 1 936,	
anticoagulantes 3 563 3 932,940,946,	
frecuente 2 563 2 927,3012,	
(poliomelitis) 1 563 1 1021,	
malignas 1 563 1 925,	
enfermedades 1 563 1 924,	
trombosis 1 563 1 920,	
citotóxicos 5 563 5 913,935,1003,3470,3914,	
Interacciones 1 563 1 908,	
ADVERTENCIA 2 563 2 3872,4232,	
ámbar 1 563 1 3323,	
interacción 1 563 1 907,	
formas 1 563 1 905,	
medicamentos 13 563 13 902,1002,3469,4519,4578,4775,4809,4823,4825,5139,5460,5481,6696,	
(56% 1 563 1 2396,	
Interacción 2 563 2 898,1037,	
5 18 563 18 897,1134,1604,1624,1773,1847,1929,2463,2729,2906,3310,3852,4134,4212,4490,5327,6433,6618,	
baja 3 563 3 893,4946,4965,	
dieta 3 563 3 892,4945,4964,	
dañino 3 563 3 887,4940,4959,	
resultar 3 563 3 886,4939,4958,	
posibles 1 563 1 1228,	
(1 13 563 13 880,1582,1665,1677,1691,1709,1715,1724,1739,1763,1784,1800,4952,	
tomado 1 563 1 4819,	
sodio 20 563 20 879,895,3153,3166,3169,3172,3799,3812,3815,3818,4174,4187,4190,4193,4951,4967,5546,5559,5562,5565,	
También 2 563 2 877,4949,	
anticonceptivos 1 563 1 1193,	
hipercalemia 1 563 1 876,	
plasma 1 563 1 870,	
nivel 1 563 1 866,	
estrechamente 1 563 1 864,	
ml) 4 563 4 860,883,4936,4955,	
potasio 8 563 8 857,868,3156,3802,4177,4933,4948,5549,	
producida 4 563 4 848,1069,2022,3107,	
administra 5 563 5 842,1117,2470,5199,5271,	
(DMSO) 1 563 1 835,	
dimetilsulfoxido 1 563 1 834,	
fenitoína 3 563 3 825,1010,4760,	
atenuadas 3 563 3 822,977,4758,	
vivas 3 563 3 821,976,4757,	
vacunas 2 563 2 820,4756,	
producto 9 563 9 815,2555,3237,3556,3699,3711,5125,5414,6158,	
9 9 563 9 1901,2657,2659,2721,2724,3139,3532,3922,4264,	
Normalmente 1 563 1 813,	
utilizar 13 563 13 807,833,1157,1191,1261,1274,2192,3870,4120,4230,4746,4791,6468,	
mujeres 7 563 7 798,1107,1119,1141,1149,4737,6294,	
Las 8 563 8 797,1148,1387,1529,2528,2632,4736,6293,	
meses 4 563 4 793,1200,4731,4860,	
hijo 2 563 2 790,4728,	
conciban 1 563 1 788,	
habían 1 563 1 2383,	
tratados 5 563 5 783,944,3064,3126,4721,	
hombres 2 563 2 782,4720,	
aconseja 2 563 2 779,4717,	
envase 1 563 1 5577,	
mutagénica 3 563 3 777,1186,2918,	
amamantando 1 563 1 4625,	
INFORMACIÓN 5 563 5 3722,4064,4073,4379,5511,	
1/10) 2 563 2 1504,1522,	
actividad 3 563 3 776,1185,2917,	
posee 2 563 2 774,1183,	
Como 2 563 2 771,6619,	
signos 3 563 3 767,1904,5507,	
aparición 2 563 2 765,2450,	
controlar 2 563 2 763,863,	
inicial 1 563 1 760,	
Portugal 1 563 1 5913,	
disminuir 1 563 1 747,	
usarse 2 563 2 3239,5416,	
conocidos 1 563 1 735,	
trastornos 1 563 1 734,	
rutinarias 1 563 1 720,	
comprobaciones 1 563 1 719,	
indica 2 563 2 2754,2823,	
recomienda 3 563 3 717,818,4789,	
decoloración 1 563 1 6651,	
superiores 1 563 1 709,	
bilirrubina) 1 563 1 704,	
transaminasas 1 563 1 701,	
(aumento 2 563 2 698,1350,	
hígado 2 563 2 697,2559,	
disfunción 3 563 3 695,4686,4702,	
producir 3 563 3 693,5263,5285,	
grado 2 563 2 686,2307,	
(CTC) 1 563 1 685,	
comunes 2 563 2 684,909,	
presión 1 563 1 3335,	
Criterios 1 563 1 681,	
según 2 563 2 679,2438,	
trombocitopenia 4 563 4 678,1415,1914,2302,	
neutropenia 3 563 3 676,1413,2300,	
incluido 2 563 2 673,2297,	
inyecciones 1 563 1 3821,	
clínicos 4 563 4 669,1368,1449,2293,	
En 14 563 14 666,1949,2214,2290,2309,2321,2348,2377,2386,2400,2419,2966,3179,4462,	
regular 1 563 1 665,	
hematológico 1 563 1 664,	
quelatante 1 563 1 2063,	
control 2 563 2 663,1087,	
intermedios 1 563 1 2583,	
metabolito 4 563 4 2001,2709,2717,2741,	
Por 3 563 3 656,3006,3116,	
DK-2100 12 563 12 3522,3624,4025,4352,5683,5761,5820,5851,5853,5883,6019,6136,	
administrada 1 563 1 655,	
resto 1 563 1 651,	
sumará 1 563 1 648,	
11-12) 1 563 1 646,	
Vacunas 1 563 1 975,	
reversible 1 563 1 639,	
hematológica 2 563 2 638,770,	
toxicidad 8 563 8 637,683,769,1068,1130,2340,2978,3027,	
especialmente 3 563 3 636,705,1996,	
análisis 2 563 2 4672,5234,	
tratar 4 563 4 845,4571,5229,6341,	
(que 1 563 1 634,	
citotóxico 1 563 1 633,	
potencial 2 563 2 632,2925,	
citotóxica 1 563 1 622,	
terapia 3 563 3 621,1245,4854,	
musculoesqueléti 1 563 1 1695,	
sometidos 2 563 2 618,2167,	
administrará 3 563 3 615,5023,5099,	
reacción 2 563 2 609,5287,	
disolvente) 1 563 1 3739,	
efectivo 1 563 1 606,	
vinorelbina 1 563 1 601,	
mitomicina 1 563 1 599,	
vincristina 1 563 1 598,	
E 2 563 2 5903,5929,	
ejemplo 2 563 2 597,1301,	
intravenoso 6 563 6 595,2143,3859,4098,4109,4219,	
utilice 2 563 2 3709,5495,	
acceso 2 563 2 594,2416,	
antraciclinas 3 563 3 590,4581,4662,	
diferentes 1 563 1 587,	
células 2 563 2 4679,4713,	
Braille 2 563 2 4072,4387,	
vesicantes 1 563 1 586,	
sustancias 3 563 3 585,612,2970,	
sospechas 1 563 1 580,	
hay 4 563 4 579,2839,4068,4383,	
habitual 2 563 2 4973,5205,	
Si 16 563 16 578,3243,3471,4427,4436,4595,4611,4623,4630,4682,4698,4753,4841,5116,5302,5420,	
resolución 1 563 1 577,	
regularmente 2 563 2 571,4675,	
locales 4 563 4 570,3510,4009,4336,	
exámenes 2 563 2 569,1493,	
realizar 3 563 3 568,661,718,	
Se 13 563 13 566,1042,2362,2753,3207,4550,4716,4788,5232,5283,5376,6488,6652,	
precauciones 2 563 2 562,4849,	
Advertencias 1 563 1 560,	
5) 2 563 2 557,829,	
amarilla 6 563 6 553,960,3433,4640,5649,6454,	
fiebre 3 563 3 552,959,4639,	
vacuna 3 563 3 549,1019,4636,	
concomitante 4 563 4 547,972,1000,1023,	
Vacunación 1 563 1 546,	
ETIQUETADO 2 563 2 3715,3720,	
Lactancia 1 563 1 541,	
aprobado 1 563 1 6149,	
anticonceptivas 6 563 6 533,809,1159,4620,4748,4850,	
medidas 5 563 5 532,808,1158,4619,4747,	
utilizan 1 563 1 531,	
embarazo 4 563 4 528,804,1155,4743,	
riesgo 10 563 10 526,802,874,918,961,978,985,1033,1153,4741,	
edad 5 563 5 524,800,1151,2855,4739,	
Mujeres 1 563 1 522,	
excipientes 2 563 2 521,3144,	
activo 3 563 3 515,5518,5629,	
principio 4 563 4 514,5517,5610,5628,	
79 3 563 3 1846,1852,1858,	
Hipersensibilidad 1 563 1 512,	
Contraindicaciones 1 563 1 511,	
evaluado 1 563 1 501,	
ancianos 2 563 2 497,508,	
formen 1 563 1 6297,	
hepática 7 563 7 470,482,724,739,1349,4687,4693,	
prolongada 1 563 1 466,	
sistémica 2 563 2 465,981,	
	INFORMACIÓN 1 563 1 4146,	
exposición 1 563 1 464,	
venas 1 563 1 5030,	
velocidad 2 563 2 459,749,	
mediana 1 563 1 2702,	
descenso 2 563 2 456,5208,	
provocar 1 563 1 454,	
podría 7 563 7 453,603,692,746,1004,1064,2792,	
disminuida 1 563 1 452,	
función 8 563 8 450,723,738,1285,1327,1348,4692,4919,	
estudios 18 563 18 428,475,668,1267,1367,1448,1457,2095,2122,2216,2292,2379,2421,2804,2867,2976,3182,4901,	
realizado 4 563 4 427,474,1266,2866,	
han 10 563 10 426,473,672,1265,1318,1357,2296,2865,2982,4897,	
renal 6 563 6 423,435,451,745,759,4703,	
insuficiencia 6 563 6 422,434,469,481,744,758,	
eficacia 8 563 8 419,506,2100,2140,2271,2327,2365,2405,	
seguridad 4 563 4 417,503,2330,2911,	
Leer 3 563 3 3865,4115,4225,	
datos 7 563 7 415,1100,1123,2098,2193,2475,2841,	
ausencia 2 563 2 413,3180,	
International 1 563 1 5901,	
debido 1 563 1 410,	
recomendado 4 563 4 405,439,486,974,	
pediátricos 1 563 1 401,	
Pacientes 4 563 4 400,420,467,496,	
especiales 4 563 4 399,563,3285,3393,	
Poblaciones 1 563 1 398,	
muestra 1 563 1 5506,	
permitió 1 563 1 2431,	
6) 3 563 3 397,540,545,	
extravasaciones 1 563 1 4572,	
apartado 12 563 12 395,446,493,535,543,555,827,968,1133,1176,1210,1249,	
(ver 12 563 12 394,445,492,534,542,554,826,967,1132,1175,1209,1248,	
bolsa 6 563 6 388,3351,5074,5618,6558,6583,	
diluirse 3 563 3 385,3438,5071,	
reconstituida 13 563 13 381,3430,3436,3456,3935,5067,5646,6431,6451,6457,6496,6528,6628,	
Una 5 563 5 379,449,3202,5065,5250,	
Hemorragia 1 563 1 1722,	
concentración 6 563 6 368,1429,2084,3417,5054,5626,	
MÍNIMA 1 563 1 4074,	
int/ 1 563 1 3572,	
obtener 4 563 4 366,3415,5052,6498,	
estéril 9 563 9 364,378,3413,3427,5050,5064,5635,6242,6378,	
reconstituir 4 563 4 356,3405,5042,6289,	
necesario 5 563 5 355,1147,3404,5041,6555,	
Antes 4 563 4 350,3399,4475,5036,	
primer 1 563 1 348,	
horas) 1 563 1 345,	
PRINCIPIO(S) 2 563 2 3758,4164,	
(+/- 1 563 1 343,	
hora 1 563 1 342,	
tratamientos 3 563 3 329,931,4792,	
sanguíneo 2 563 2 327,5268,	
riego 1 563 1 326,	
suficiente 1 563 1 325,	
haya 2 563 2 324,6416,	
hexahidrato 1 563 1 5550,	
minutos 3 563 3 315,2763,6434,	
15 6 563 6 314,1566,2762,3721,4052,4374,	
inmediatamente 4 563 4 1169,3488,6342,6469,	
retirarse 1 563 1 309,	
deben 12 563 12 308,337,567,947,1156,1164,3459,5463,6268,6301,6637,6686,	
(98 2 563 2 858,4934,	
bolsas 9 563 9 305,3199,3299,3340,3383,3737,3846,3956,5665,	
refrigerantes 1 563 1 303,	
elementos 2 563 2 301,6669,	
Los 15 563 15 300,328,933,942,1903,2096,2474,2503,2803,2975,3013,5178,5239,5459,5535,	
accidente 4 563 4 299,1081,2237,4531,	
Debido 7 563 7 688,740,851,914,1179,1225,2179,	
seis 2 563 2 295,5107,	
primeras 2 563 2 294,5106,	
inhibición 1 563 1 2029,	
posible 2 563 2 290,5102,	
iniciarse 3 563 3 287,338,2230,	
grave 3 563 3 4457,4555,5322,	
primera 4 563 4 284,2247,2358,5096,	
afectada 2 563 2 279,3081,	
rápidamente 1 563 1 1359,	
diferente 1 563 1 276,	
extremidad 1 563 1 275,	
situada 1 563 1 270,	
grande 1 563 1 269,	
vena 2 563 2 268,4540,	
periodo 3 563 3 260,2962,3705,	
intravenosa 4 563 4 257,2473,2488,4525,	
administrarse 3 563 3 254,1139,4768,	
indicada 2 563 2 252,2749,	
exceder 1 563 1 245,	
- 21 563 21 4416,4426,4435,4594,4610,4622,4629,4646,4663,4681,4697,4715,4735,4752,4764,5930,6053,6282,6292,6309,6329,	
individual 1 563 1 242,	
m2 1 563 1 239,	
superior 2 563 2 236,2305,	
corporal 2 563 2 235,4990,	
superficie 2 563 2 234,4989,	
Neutrófilos 1 563 1 1834,	
área 5 563 5 232,273,311,3077,4987,	
pacientes 41 563 41 229,432,444,479,491,617,674,732,756,837,872,889,922,943,988,1188,1317,1376,1412,1421,1502,1517,1545,2165,2298,2315,2335,2344,2354,2368,2374,2382,2409,2446,2700,2795,2881,3125,4961,5158,5171,	
calendario 2 563 2 221,2498,	
modificación 1 563 1 219,	
disminución 2 563 2 212,2081,	
o 26 563 26 211,274,516,823,1464,2287,3336,3474,3483,3499,3998,4325,4446,4601,4759,4817,4881,5258,5298,5311,5469,5505,6182,6336,6649,6675,	
aumento 4 563 4 210,916,1426,2069,	
dispone 1 563 1 205,	
No 21 563 21 203,424,471,498,830,1098,1213,1263,2034,2838,2863,3670,4067,4166,4382,4864,4895,5342,5494,6419,6474,	
tres 5 563 5 202,792,2758,4730,4859,	
Día 7 563 7 192,197,201,331,335,5009,5017,	
000 7 563 7 190,195,248,712,1316,2254,5015,	
recomendada 1 563 1 187,	
dosis 18 563 18 186,215,241,251,708,1330,2250,2359,2502,2527,2537,2686,2980,4975,4998,5004,6500,6532,	
náuseas 3 563 3 1332,1404,1915,	
La 27 563 27 185,250,283,1360,2246,2538,2666,2687,2701,2736,3026,3428,3434,3492,3933,3991,4318,4515,4974,5003,5031,5095,5625,5644,6449,6455,6567,	
variabilidad 1 563 1 2886,	
consecutivos 2 563 2 184,5094,	
consideración 1 563 1 1027,	
días 3 563 3 183,645,5093,	
durante 22 563 22 181,258,810,1075,1160,1194,1198,1243,2778,2960,3216,3703,3948,4694,4749,4785,4852,4856,5091,5386,6316,6432,	
nadir 1 563 1 642,	
día 4 563 4 180,349,5012,5090,	
vez 5 563 5 178,380,3203,5066,5088,	
administrar 3 563 3 176,4651,6596,	
cáncer 2 563 2 172,2437,	
niños 5 563 5 409,3890,4250,4770,5341,	
quimioterapia 7 563 7 170,624,654,1074,1398,4660,5224,	
agentes 6 563 6 167,934,1385,1941,1944,3913,	
experiencia 3 563 3 162,207,3908,	
facultativo 2 563 2 160,3906,	
EMBALAJE 1 563 1 3728,	
supervisión 2 563 2 157,3903,	
Dolor 2 563 2 1575,5192,	
administrado 5 563 5 154,1374,3900,4836,6253,	
debe 34 563 34 152,175,244,253,286,384,660,762,832,862,1138,1926,3121,3188,3238,3437,3682,4650,4767,4779,4834,4846,5000,5070,5220,5358,5415,6235,6285,6319,6340,6467,6571,6595,	
efecto 4 563 4 1960,2047,4439,5203,	
administración 10 563 10 150,319,728,1620,2487,2959,3020,5082,6624,6674,	
forma 11 563 11 148,2594,3241,3248,4456,5321,5418,5425,5487,6372,6601,	
reconstituirse 1 563 1 6236,	
Posología 1 563 1 146,	
antraciclina 14 563 14 143,626,850,1973,1991,2025,2059,2113,2157,2279,2385,2389,3134,4062,	
extravasación 17 563 17 141,227,282,582,847,1378,2057,2111,2154,2277,2411,3059,3132,4060,4549,4657,5112,	
tratamiento 27 563 27 138,224,574,796,812,1162,1196,1206,1444,1469,1925,2108,2225,2318,2423,2434,3071,3099,4513,4666,4696,4734,4751,4863,4874,5201,5273,	
indicado 1 563 1 135,	
está 17 563 17 134,404,438,485,2567,2748,2941,3364,4612,4624,4754,4815,4838,4872,5503,5579,6177,	
terapéuticas 1 563 1 132,	
Indicaciones 1 563 1 131,	
	4 1 563 1 129,	
CLÍNICOS 1 563 1 128,	
DATOS 2 563 2 127,3136,	
cabello 1 563 1 5282,	
4 37 563 37 126,144,447,494,509,536,537,539,544,556,558,559,828,896,969,1093,1177,1211,1250,1252,1303,1900,2779,3217,3272,3283,3822,3949,4127,4197,4486,5130,5387,5449,6423,6592,6665,	
4) 4 563 4 125,448,495,1212,	
DIRECCIÓN 2 563 2 4013,4340,	
7 7 563 7 124,1253,1898,1984,3511,3891,4251,	
aprox 1 563 1 123,	
pH 1 563 1 122,	
sean 1 563 1 2166,	
mOsml/l 1 563 1 121,	
(295 1 563 1 120,	
provoca 1 563 1 635,	
eliminación 12 563 12 461,751,2630,2635,2653,2707,2739,3395,3493,3992,4319,6278,	
claro 1 563 1 119,	
isotónico 1 563 1 118,	
basándose 1 563 1 6529,	
Disolvente 1 563 1 117,	
amarillento 2 563 2 114,5606,	
color 3 563 3 110,3322,5602,	
Polvo 2 563 2 108,4094,	
distribución 3 563 3 2507,2522,2539,	
Savene 83 563 83 106,115,133,151,173,321,357,393,402,430,477,602,613,854,1063,1109,1136,1247,1281,1373,2104,2118,2142,2227,2320,2361,2467,3145,3149,3316,3338,3363,3373,3388,3406,3444,3795,4091,4391,4468,4481,4485,4493,4565,4609,4645,4652,4668,4765,4776,4805,4832,4876,4915,4928,4931,5021,5043,5079,5140,5344,5356,5366,5496,5573,5578,5582,5585,5587,5612,5623,5650,5661,5669,6193,6219,6228,6231,6233,6358,6394,6593,6635,	
	Polvo 2 563 2 97,3829,	
FARMACÉUTICA 3 563 3 96,3824,4199,	
FORMA 6 563 6 95,3823,3853,4105,4198,4213,	
3 69 563 69 94,182,336,344,510,1199,1636,1645,1876,1880,1881,2513,2723,2907,3193,3200,3382,3521,3623,3736,3787,3845,4024,4121,4168,4351,4482,4968,5018,5092,5664,5682,5724,5726,5754,5756,5785,5787,5817,5819,5848,5850,5876,5878,5951,5953,5983,5985,6016,6018,6051,6075,6077,6106,6108,6135,6348,6360,6379,6396,6398,6421,6478,6485,6548,6577,6579,6590,6616,	
6 19 563 19 92,396,1094,1598,1848,2233,3135,3140,3176,3192,3282,3309,3390,3391,3871,4144,4231,4494,5510,	
sección 1 563 1 91,	
ver 1 563 1 90,	
destinada 1 563 1 6178,	
completa 3 563 3 89,3553,6155,	
lista 1 563 1 88,	
Para 2 563 2 86,228,	
g/500 3 563 3 84,882,4954,	
61 3 563 3 83,881,4953,	
Sodio 2 563 2 81,1844,	
acción 2 563 2 1976,1982,	
mg/500 3 563 3 79,859,4935,	
	Conservar 2 563 2 3927,4269,	
mg/m2 9 563 9 191,196,200,713,2255,2261,2771,5016,5020,	
98 1 563 1 78,	
postoperatoria 1 563 1 1641,	
horas 13 563 13 265,296,2234,2245,2789,3218,3273,3950,5035,5108,5388,5450,6606,	
Potasio 3 563 3 77,1850,1856,	
Excipientes 1 563 1 73,	
hidrocloruro) 2 563 2 72,3768,	
(como 2 563 2 71,3767,	
500 15 563 15 67,199,2260,2770,3377,3385,3441,3763,3841,3848,4142,5019,5524,6246,6563,	
clínico 1 563 1 2116,	
vial 9 563 9 65,3318,3761,5502,5522,5594,6391,6427,6493,	
cambio 1 563 1 4710,	
hielo 1 563 1 307,	
Cada 4 563 4 64,3760,3769,5521,	
inyección 3 563 3 63,1593,5292,	
agua 14 563 14 61,363,377,3412,3426,3491,3784,5049,5063,5567,5634,6241,6347,6377,	
25 11 563 11 58,360,3292,3409,3781,3931,4273,5046,5363,6238,6374,	
reconstitución 6 563 6 56,3779,4314,5400,5632,6318,	
después 24 563 24 53,297,572,706,794,1201,2054,2240,2484,2592,2781,2956,3439,3776,3860,4099,4110,4220,4311,4732,4861,5345,5397,6470,	
dexrazoxano 47 563 47 52,70,373,715,730,753,773,785,843,1041,1062,1105,1182,1208,1218,1236,1403,1958,2425,2483,2566,2573,2625,2671,2808,2820,2913,2928,2938,3066,3102,3128,3380,3422,3766,3775,3844,4600,4723,5059,5520,5527,5534,5608,5641,6462,6518,	
Via 1 563 1 6047,	
mg 17 563 17 50,68,249,371,3378,3420,3764,3773,3842,4143,5057,5525,5530,5639,6460,6516,6539,	
contiene 19 563 19 48,66,856,878,3762,3771,4932,4950,5514,5523,5543,5598,5622,5657,6393,6458,6475,6514,6562,	
ml 23 563 23 47,59,80,85,361,375,3386,3410,3424,3442,3770,3782,3849,4205,5047,5061,5643,6239,6247,6375,6464,6520,6564,	
completamente 2 563 2 3104,6418,	
	Cada 1 563 1 46,	
CUANTITATIVA 1 563 1 45,	
obtienen 1 563 1 2580,	
Y 12 563 12 44,3640,3665,3716,3825,3854,4012,4087,4200,4214,4339,4501,	
CUALITATIVA 1 563 1 43,	
COMPOSICIÓN 1 563 1 42,	
2 43 563 43 41,145,238,247,264,302,332,1601,1705,1792,1824,1825,1853,1854,1875,1885,1886,1897,2026,2464,2663,3177,3226,3278,3757,3944,4104,4163,4474,4582,5013,5393,5455,6230,6254,6381,6479,6486,6549,6550,6578,6591,6617,	
perfusión 26 563 26 40,105,256,285,353,2767,3402,3755,3837,4156,4211,4402,4787,5025,5032,5039,5086,5097,5620,5667,6202,6484,6560,6585,6603,6633,	
solución 24 563 24 38,103,383,3429,3435,3455,3476,3753,3835,3934,4209,4400,5069,5645,6200,6430,6444,6450,6456,6495,6527,6568,6627,6631,	
disolvente 28 563 28 36,76,101,116,391,855,3150,3339,3389,3445,3751,3796,3833,3851,4162,4207,4398,4930,5077,5406,5542,5586,5624,5670,6198,6232,6249,6566,	
concentrado 8 563 8 34,99,3749,3831,4096,4396,6196,6482,	
polvo 23 563 23 32,107,358,3146,3317,3374,3407,3473,3747,3792,4092,4394,5044,5583,5588,5600,5662,6194,6229,6234,6359,6395,6414,	
mg/ml 3 563 3 31,3746,4393,	
Utilizar 1 563 1 6540,	
20 11 563 11 30,49,370,3419,3745,3772,4392,5056,5638,6459,6515,	
	Savene 8 563 8 29,3744,3791,4161,4506,4590,6222,6260,	
MEDICAMENTO 8 563 8 28,1934,3668,3743,3877,4086,4160,4237,	
requerida 2 563 2 6501,6533,	
DENOMINACIÓN 4 563 4 26,3741,4084,4158,	
1 55 563 55 25,82,93,130,189,194,262,687,711,1315,1498,1513,1581,1664,1676,1690,1708,1714,1723,1738,1762,1783,1799,1870,1871,1936,1985,2253,2308,2512,2643,2656,2660,2769,3141,3740,4083,4157,4465,4497,5010,5014,5154,5167,5185,5244,6220,6227,6355,6361,6362,6380,6397,6422,6487,	
LISTA 2 563 2 3788,4169,	
SEGURA 2 563 2 3664,6259,	
PRODUCTO 5 563 5 24,3972,3986,4291,4306,	
DEL 16 563 16 23,27,3547,3667,3742,3827,3971,4014,4039,4085,4131,4159,4202,4290,4341,4366,	
grupo 2 563 2 3113,4576,	
CARACTERÍSTICAS 1 563 1 22,	
LAS 1 563 1 21,	
DE 58 563 58 20,1932,3513,3516,3527,3529,3534,3538,3544,3575,3578,3581,3584,3589,3592,3596,3599,3602,3605,3629,3632,3638,3645,3648,3789,3856,3874,3918,3925,3969,3976,4016,4019,4030,4032,4037,4045,4054,4089,4106,4123,4129,4170,4216,4234,4260,4267,4288,4295,4343,4346,4357,4359,4364,4372,4376,4584,5329,	
RESUMEN 1 563 1 19,	
I 3 563 3 18,3325,6052,	
ANEXO 2 563 2 17,3713,	
tuvo 1 563 1 1078,	
información 8 563 8 14,1362,3551,4070,4385,5701,6153,6176,	
Toda 1 563 1 12,	
medicamento 12 563 12 11,16,3186,4415,4534,4784,4889,5705,6291,6308,6315,6576,	
sufran 1 563 1 5151,	
Basica 1 563 1 9,	
RESPONSABLE 2 563 2 3580,3601,	
	Información 1 563 1 8,	
blanco 4 563 4 111,113,5603,5605,	
PER 1 563 1 7,	
SOL 1 563 1 6,	
cifras 2 563 2 1473,5212,	
BOLSAS 1 563 1 5,	
+3 1 563 1 4,	
VIALES 1 563 1 3,	
10 14 563 14 2,1501,1516,3370,3542,3733,3838,3966,4285,5157,5170,5188,5247,5658,	
20MG/ML 1 563 1 1,	
SAVENE 5 563 5 0,4500,4589,4971,5330,	
