	Prospectos 1 632 1 5621,	
2008 1 632 1 5613,	
Abril 1 632 1 5612,	
AUTORIZACIÓN/RENOVACIÓN 1 632 1 5608,	
PRIMERA 1 632 1 5607,	
registro 1 632 1 5602,	
Número 1 632 1 5600,	
NÚMERO(S) 1 632 1 5595,	
28016 1 632 1 5592,	
33 1 632 1 5591,	
Eucalipto 1 632 1 5589,	
S 1 632 1 5587,	
	Roche 1 632 1 5585,	
COMERCIALIZACIÓN 2 632 2 5584,5599,	
AUTORIZACIÓN 3 632 3 5582,5597,5611,	
LA 4 632 4 5581,5606,5610,5617,	
normativa 1 632 1 5576,	
realizará 1 632 1 5571,	
hayan 1 632 1 5564,	
materiales 1 632 1 5562,	
utilizado 1 632 1 5557,	
etiqueta 1 632 1 5545,	
caducidad 1 632 1 5538,	
fecha 1 632 1 5536,	
apropiado 1 632 1 5519,	
asentamiento 1 632 1 5518,	
asegurará 1 632 1 5516,	
fuerte 1 632 1 5505,	
cuello 1 632 1 5499,	
poner 1 632 1 5494,	
formando 1 632 1 5477,	
disuelva 1 632 1 5473,	
cerrado 1 632 1 5469,	
Agitar 1 632 1 5466,	
TITULAR 1 632 1 5579,	
añadir 1 632 1 5449,	
Quitar 2 632 2 5442,5486,	
probeta 1 632 1 5439,	
Medir 1 632 1 5432,	
Preparación 1 632 1 5427,	
farmacéutico 1 632 1 5421,	
aclare 1 632 1 5402,	
lávese 1 632 1 5385,	
ocurriese 1 632 1 5382,	
mucosas 1 632 1 5380,	
contacto 3 632 3 5368,5384,5567,	
inhalación 1 632 1 5365,	
Evite 1 632 1 5363,	
agente 1 632 1 5353,	
considerado 1 632 1 5350,	
manipularse 1 632 1 5337,	
utilizable 1 632 1 5326,	
Cerrar 1 632 1 5503,	
mínimo 1 632 1 5325,	
proporcionando 1 632 1 5322,	
reconstituye 1 632 1 5313,	
Cada 1 632 1 5301,	
graduaciones 1 632 1 5297,	
graduados 1 632 1 5292,	
bolsa 1 632 1 5282,	
plástico 4 632 4 5268,5276,5284,5291,	
tapón 6 632 6 5266,5444,5461,5488,5510,5528,	
contenido 1 632 1 5249,	
Naturaleza 1 632 1 5247,	
condiciones 2 632 2 5229,5235,	
conservación 3 632 3 5224,5232,5237,	
Precauciones 2 632 2 5221,5331,	
8ºC) 1 632 1 5218,	
(2ºC 1 632 1 5216,	
Conservar 1 632 1 5213,	
49 1 632 1 5211,	
Solución 1 632 1 5209,	
Polvo 1 632 1 5203,	
validez 1 632 1 5202,	
aplicable 1 632 1 5197,	
melocotón 1 632 1 5192,	
piña 1 632 1 5190,	
plátano 1 632 1 5189,	
principalmente 1 632 1 5187,	
sabor 1 632 1 5186,	
dan 1 632 1 5185,	
propilenglicol 1 632 1 5177,	
(maíz) 1 632 1 5176,	
Tutti-frutti 1 632 1 5174,	
Sabor 1 632 1 5173,	
manitol 1 632 1 5172,	
sacarina 1 632 1 5170,	
(E211) 1 632 1 5169,	
sódico 1 632 1 5168,	
fumárico 1 632 1 5166,	
povidona 1 632 1 5164,	
FARMACÉUTICOS 1 632 1 5158,	
suprime 1 632 1 5152,	
masculina) 1 632 1 5150,	
dispensarse 1 632 1 5424,	
aspermatogénico 1 632 1 5144,	
carcinogénico 1 632 1 5140,	
mutagénico 1 632 1 5139,	
adicionales 1 632 1 5133,	
Estudios 1 632 1 5132,	
reversibles 1 632 1 5131,	
mucosa) 1 632 1 5128,	
(necrosis 1 632 1 5122,	
mielotoxicidad 1 632 1 5115,	
celular) 1 632 1 5111,	
degeneración 1 632 1 5110,	
testiculares) 1 632 1 5106,	
alcanzados 1 632 1 5087,	
bajos 1 632 1 5084,	
comparables 1 632 1 5081,	
aplicables 1 632 1 5051,	
igualmente 1 632 1 5050,	
observados 1 632 1 5046,	
preclínicos 2 632 2 5032,5061,	
Datos 1 632 1 5031,	
específicas 1 632 1 5028,	
establecen 1 632 1 5025,	
afectar 1 632 1 5007,	
estudiado 1 632 1 4996,	
individualizada 1 632 1 4965,	
correspondiente 1 632 1 4924,	
reduce 1 632 1 4913,	
clínicas 1 632 1 4901,	
situaciones 1 632 1 4900,	
Farmacocinética 1 632 1 4898,	
seropositivos 1 632 1 4894,	
1±0 1 632 1 4889,	
semivida 2 632 2 4880,4928,	
25-40 1 632 1 4877,	
00 1 632 1 4871,	
40-60 1 632 1 4867,	
67 1 632 1 4864,	
46 1 632 1 4861,	
L/h 3 632 3 4847,4865,4875,	
13 1 632 1 4846,	
05 1 632 1 4844,	
/min 1 632 1 4835,	
> 1 632 1 4832,	
post-hoc 1 632 1 4824,	
Bayesianas 1 632 1 4823,	
estimaciones 1 632 1 4822,	
sistémico 1 632 1 4818,	
(n=70) 1 632 1 4815,	
22% 1 632 1 4814,	
filtración 1 632 1 4799,	
excreción 1 632 1 4792,	
graduada 1 632 1 5440,	
hallazgos 1 632 1 5100,	
consiste 1 632 1 4789,	
principal 1 632 1 4784,	
heces 1 632 1 4772,	
recuperada 1 632 1 4769,	
radiactividad 1 632 1 4768,	
000 1 632 1 4759,	
única 1 632 1 4756,	
radiactivo 1 632 1 4749,	
conoce 1 632 1 4739,	
Metabolismo 1 632 1 4725,	
l/kg 1 632 1 4718,	
161 1 632 1 4717,	
680 1 632 1 4714,	
alcanza 1 632 1 4712,	
distribución 1 632 1 4706,	
volumen 3 632 3 4704,5315,5324,	
plasma 1 632 1 4702,	
1-2% 2 632 2 4697,4765,	
une 1 632 1 4694,	
51 1 632 1 4691,	
proteínas 2 632 2 4682,4700,	
unión 1 632 1 4677,	
determinado 1 632 1 4675,	
seguida 1 632 1 4669,	
convierte 1 632 1 4667,	
Distribución 1 632 1 4662,	
Así 2 632 2 4649,4930,	
toma 1 632 1 4634,	
individuos 1 632 1 4625,	
variación 1 632 1 4623,	
También 1 632 1 4621,	
14%) 1 632 1 4618,	
medios 1 632 1 4614,	
30%) 1 632 1 4610,	
(aprox 2 632 2 4609,4617,	
ayunas 1 632 1 4603,	
valores 2 632 2 4599,4613,	
ingesta 1 632 1 4581,	
625 1 632 1 4572,	
rango 1 632 1 4565,	
último 1 632 1 4562,	
éste 2 632 2 4561,5015,	
proporcionalidad 1 632 1 4546,	
comidas 1 632 1 4657,	
comida 2 632 2 4542,4648,	
formulación 1 632 1 4536,	
obtenidas 1 632 1 4533,	
obtenido 1 632 1 4525,	
cardíaco 1 632 1 4503,	
hepático 1 632 1 4500,	
dependiendo 1 632 1 4485,	
dosificación 1 632 1 4484,	
acuerdo 2 632 2 4479,5573,	
estables 1 632 1 4462,	
exposiciones 2 632 2 4460,4526,	
diaria 1 632 1 4446,	
órganos 1 632 1 4439,	
(AUC) 1 632 1 4432,	
correlación 1 632 1 4427,	
(g/ml) 2 632 2 4408,4477,	
h/ml) 2 632 2 4406,4475,	
AUC(0-12h) 1 632 1 4404,	
) 1 632 1 4403,	
Ganciclovir 2 632 2 4397,4465,	
Parametros 2 632 2 4396,4464,	
positivo 2 632 2 4376,4379,	
continuación) 1 632 1 4360,	
similar 2 632 2 4348,4505,	
resultado 1 632 1 4341,	
aproximadamente 1 632 1 4336,	
partir 3 632 3 4332,4884,4919,	
absoluta 1 632 1 4328,	
pasajera 1 632 1 4323,	
intestinal 1 632 1 4310,	
digestivo 1 632 1 4298,	
perfectamente 1 632 1 4294,	
absorbe 1 632 1 4293,	
Absorción 1 632 1 4284,	
VIH 3 632 3 4267,4374,4895,	
seropositividad 1 632 1 4265,	
propiedades 1 632 1 4254,	
farmacocinéticas 2 632 2 4252,4255,	
embriotóxico 1 632 1 5142,	
9% 1 632 1 4248,	
dio 1 632 1 4239,	
127 1 632 1 4211,	
resistencias 1 632 1 4208,	
9%) 1 632 1 4181,	
examinadas 1 632 1 4169,	
103 1 632 1 4167,	
detectadas 1 632 1 4165,	
compararse 1 632 1 4157,	
Esto 2 632 2 4155,5515,	
examen 1 632 1 4145,	
198 1 632 1 4139,	
245 2 632 2 4130,4184,	
investigado 1 632 1 4260,	
sospecha 3 632 3 4117,4197,4227,	
profilaxis) 1 632 1 4111,	
muestras 5 632 5 4091,4140,4168,4193,4222,	
estudió 1 632 1 4081,	
contienen 1 632 1 4055,	
3% 1 632 1 4052,	
5% 2 632 2 4045,4812,	
mostró 1 632 1 4038,	
reclutados 1 632 1 4037,	
148 1 632 1 4031,	
polimorfonucleares 2 632 2 4027,4094,	
leucocitos 2 632 2 4026,4093,	
genotípico 2 632 2 4022,4087,	
cierre 1 632 1 5456,	
cuyo 1 632 1 4002,	
mostrar 1 632 1 3996,	
pudiendo 1 632 1 3995,	
presentan 1 632 1 3991,	
UL54 1 632 1 3990,	
muestran 1 632 1 3978,	
aislados 1 632 1 4029,	
UL97 2 632 2 3977,4058,	
(UL54) 1 632 1 3967,	
polimerasa 2 632 2 3965,4008,	
monofosforilación 1 632 1 3957,	
responsable 1 632 1 3954,	
(UL97) 1 632 1 3953,	
selección 1 632 1 3944,	
resistentes 1 632 1 3940,	
surgir 1 632 1 3938,	
crónico 1 632 1 3934,	
Resistencia 1 632 1 3929,	
8% 2 632 2 3925,4048,	
ocurriendo 1 632 1 3918,	
injerto 1 632 1 3916,	
perdida 1 632 1 3914,	
0% 1 632 1 3903,	
nevera 1 632 1 5215,	
36 1 632 1 3902,	
randomizados 4 632 4 3897,4132,4186,4213,	
29 2 632 2 3893,4224,	
agudo 1 632 1 3885,	
(g 2 632 2 4405,4474,	
rechazo 1 632 1 3884,	
Escribir 1 632 1 5534,	
aparecidos 1 632 1 3874,	
tarde 1 632 1 3871,	
medio 1 632 1 3869,	
100) 1 632 1 3857,	
cese 1 632 1 3850,	
ocurrieron 2 632 2 3847,3866,	
adaptador 3 632 3 5274,5496,5521,	
gran 1 632 1 3842,	
(n=125) 1 632 1 3840,	
Incompatibilidades 1 632 1 5195,	
2% 2 632 2 3833,4042,	
15 2 632 2 3832,4051,	
(n=239) 1 632 1 3829,	
benzoato 1 632 1 5167,	
brazo 8 632 8 3826,3836,3863,3877,3906,3921,4175,4216,	
1% 1 632 1 3823,	
meses 4 632 4 3819,3890,4070,4124,	
primeros 2 632 2 3817,3888,	
FECHA 2 632 2 5604,5615,	
invasiva) 1 632 1 3814,	
tisular 1 632 1 3813,	
+ 1 632 1 3811,	
(síndrome 1 632 1 3808,	
post-transplante 2 632 2 3801,3820,	
transplante 2 632 2 3796,4280,	
(1000 1 632 1 3783,	
día) 3 632 3 3779,3788,4472,	
(900 3 632 3 3776,4399,4467,	
(D+/R-) 1 632 1 3771,	
gastro-intestinal) 1 632 1 3763,	
pulmonar 1 632 1 3761,	
incluyeron 1 632 1 3757,	
(no 1 632 1 3755,	
comparador 3 632 3 3744,4176,4217,	
arábiga 1 632 1 5179,	
enmascaramiento 1 632 1 3742,	
ciego 1 632 1 3739,	
doble 2 632 2 3738,3741,	
(125) 1 632 1 3721,	
219 1 632 1 3720,	
(160) 1 632 1 3698,	
226 1 632 1 3697,	
progresión 2 632 2 3678,4419,	
examinaron 2 632 2 4191,4221,	
(mediana) 1 632 1 3670,	
recibieron 4 632 4 3655,3773,4134,4188,	
brazos 1 632 1 3636,	
progresaron 1 632 1 3633,	
7/71 1 632 1 3631,	
7/70 1 632 1 3629,	
grupos 1 632 1 3627,	
comparable 1 632 1 3623,	
fotográficamente 1 632 1 3617,	
demostrada 1 632 1 3616,	
progresiva 1 632 1 3613,	
envase 1 632 1 5251,	
porcentaje 1 632 1 3608,	
recibir 1 632 1 3583,	
diagnosticados 1 632 1 3577,	
distribuyó 1 632 1 3572,	
clínica 1 632 1 3561,	
Eficacia 1 632 1 3560,	
cuatro 1 632 1 3554,	
46% 1 632 1 3536,	
orina 2 632 2 3533,4776,	
eliminación 4 632 4 3528,4786,5334,5553,	
justifique 1 632 1 4762,	
biodisponibilidad 1 632 1 4327,	
recién 2 632 2 3525,3576,	
pared 1 632 1 4309,	
antiviral 1 632 1 3507,	
(3 1 632 1 3501,	
Periodo 1 632 1 5200,	
14 2 632 2 3499,4843,	
88 1 632 1 5327,	
g/ml) 2 632 2 3497,3503,	
(0 1 632 1 3495,	
M 2 632 2 3494,3500,	
08 2 632 2 3493,4874,	
oscila 1 632 1 3487,	
frente 1 632 1 3484,	
CI50 1 632 1 3481,	
medida 1 632 1 3479,	
antivírica 2 632 2 3473,3478,	
Actividad 1 632 1 3472,	
elongación 1 632 1 3467,	
limitando 1 632 1 3464,	
terminación 1 632 1 3460,	
originando 1 632 1 3458,	
incorporación 2 632 2 3435,3450,	
vírico 3 632 3 3426,3457,3471,	
ADN 5 632 5 3425,3441,3456,3462,3470,	
síntesis 1 632 1 3423,	
virostática 1 632 1 3413,	
actividad 2 632 2 3412,3475,	
preferentemente 1 632 1 3402,	
quinasa 2 632 2 3396,3951,	
fundamentalmente 1 632 1 3393,	
depende 1 632 1 3392,	
Como 2 632 2 3389,4663,	
extracelular 1 632 1 3388,	
eliminar 1 632 1 3385,	
respectivamente 3 632 3 3382,3643,4071,	
maltodextrina 1 632 1 5175,	
antivirales 1 632 1 4001,	
horas 2 632 2 3381,4891,	
6-24 1 632 1 3380,	
semividas 1 632 1 3376,	
HSV 1 632 1 3370,	
demostrado 5 632 5 3359,3512,4426,4577,5135,	
célula 1 632 1 3356,	
lentamente 1 632 1 3352,	
trifosfato 4 632 4 3345,3364,3437,3452,	
producen 1 632 1 3344,	
quinasas 1 632 1 3341,	
posterior 2 632 2 3337,3468,	
fosforilación 2 632 2 3336,3391,	
pUL97 1 632 1 3334,	
proteinquinasa 1 632 1 3332,	
monofosfato 1 632 1 3327,	
principio 1 632 1 3325,	
fosforila 2 632 2 3323,3401,	
infectadas 3 632 3 3317,3368,3407,	
(VHB) 1 632 1 3313,	
(VZV) 1 632 1 3305,	
Farma 1 632 1 5586,	
zoster 1 632 1 3304,	
varicela 1 632 1 3303,	
(EBV) 1 632 1 3298,	
(4/55) 1 632 1 3548,	
Epstein-Barr 1 632 1 3297,	
HHV-7 1 632 1 3292,	
(HHV-6 1 632 1 3291,	
vírica 6 632 6 3333,3397,3447,3930,3952,3966,	
HSV-2) 1 632 1 3281,	
(HSV-1 1 632 1 3279,	
MINISTERIO 3 632 3 3278,4368,5252,	
simple 1 632 1 3274,	
herpes 2 632 2 3273,3285,	
humano) 1 632 1 3269,	
sensibles 1 632 1 3260,	
vitro 2 632 2 3253,3477,	
herpéticos 1 632 1 3251,	
2'-desoxiguanosina 1 632 1 3243,	
HHV8) 1 632 1 3293,	
sintético 1 632 1 3240,	
hepáticas 1 632 1 3234,	
intestinales 1 632 1 3232,	
Tras 2 632 2 3215,4515,	
(profármaco) 1 632 1 3212,	
éster 1 632 1 3210,	
Mecanismo 1 632 1 3203,	
ATC 1 632 1 3200,	
código 1 632 1 3199,	
Cmax 3 632 3 4407,4476,4616,	
reversa 1 632 1 3198,	
excl 1 632 1 3193,	
nucleótidos 1 632 1 3192,	
terminal 1 632 1 4929,	
Nucleósidos 1 632 1 3190,	
farmacoterapéutico 1 632 1 3189,	
Grupo 1 632 1 3188,	
Propiedades 2 632 2 3186,4251,	
	5 1 632 1 3184,	
ESTE 1 632 1 3182,	
DE 8 632 8 3181,5580,5583,5596,5598,5605,5609,5616,	
FARMACOLÓGICAS 1 632 1 3180,	
PROPIEDADES 1 632 1 3179,	
temblor 1 632 1 3174,	
digestiva 1 632 1 3167,	
elevación 1 632 1 3162,	
aguda 1 632 1 3161,	
previas 1 632 1 3153,	
empeoramiento 1 632 1 3144,	
trastornos 1 632 1 3136,	
hepatitis 2 632 2 3135,3311,	
medular 1 632 1 3129,	
	6 1 632 1 5159,	
aplasia 1 632 1 3128,	
(CMV 1 632 1 3268,	
Toxicidad 4 632 4 3124,3133,3142,3166,	
prueba 6 632 6 5270,5446,5463,5490,5512,5530,	
media 4 632 4 3669,4606,4837,4854,	
adversos 1 632 1 3123,	
presentaron 1 632 1 3115,	
enfermos 2 632 2 3114,4939,	
mayoría 2 632 2 3111,3843,	
adverso 1 632 1 3109,	
7% 2 632 2 3547,3894,	
acontecimiento 1 632 1 3108,	
tipo 1 632 1 3106,	
ningún 3 632 3 3105,4740,4745,	
comercialización 1 632 1 3093,	
sucedidas 1 632 1 3086,	
reciben 1 632 1 3060,	
plasmáticos 1 632 1 3055,	
resultar 1 632 1 3049,	
hidratación 1 632 1 3047,	
compuesto 1 632 1 3036,	
pueda 1 632 1 3028,	
Cabe 1 632 1 3021,	
sólidos 1 632 1 4440,	
(aplasia 1 632 1 3019,	
mortal 1 632 1 3018,	
sufrió 1 632 1 3015,	
creatinina) 1 632 1 3014,	
(disminución 1 632 1 3010,	
grado 1 632 1 3006,	
recibió 3 632 3 2993,3687,3704,	
adulto 1 632 1 2991,	
sobredosis 5 632 5 2987,3025,3061,3069,3080,	
Experiencia 2 632 2 2985,3067,	
Sobredosis 1 632 1 2984,	
9 3 632 3 2983,4890,5603,	
hemorragia 1 632 1 2981,	
amenaza 1 632 1 2975,	
asociar 1 632 1 2970,	
mama 1 632 1 2953,	
reproductor 1 632 1 2948,	
aparato 1 632 1 2947,	
Infertilidad 1 632 1 2946,	
goma 1 632 1 5178,	
alanina 1 632 1 2943,	
hepatobiliares 1 632 1 2940,	
inmunológico 1 632 1 2933,	
anafiláctica 1 632 1 2932,	
lugar 3 632 3 2925,3339,4240,	
astenia 1 632 1 2924,	
sódica 1 632 1 5171,	
malestar 1 632 1 2923,	
alteraciones 3 632 3 2920,3152,4981,	
torácico 1 632 1 2919,	
generales 1 632 1 2915,	
rigidez 1 632 1 2914,	
fiebre 1 632 1 2913,	
fatiga 1 632 1 2912,	
vasculares 1 632 1 2910,	
hipotensión 1 632 1 2909,	
celulitis 1 632 1 2907,	
viremia) 1 632 1 2906,	
infestaciones 1 632 1 2905,	
(bacteriemia 1 632 1 2904,	
sepsis 1 632 1 2903,	
Infecciones 1 632 1 2901,	
relación 1 632 1 4544,	
nutrición 1 632 1 2900,	
anorexia 1 632 1 2892,	
musculares 1 632 1 2888,	
calambres 1 632 1 2887,	
naturales 1 632 1 5183,	
artralgia 1 632 1 2883,	
muscoloesqueléticos 1 632 1 2881,	
espalda 1 632 1 2880,	
sequedad 1 632 1 2874,	
subcutáneo 1 632 1 2873,	
beneficiosos 1 632 1 3050,	
urticaria 1 632 1 2872,	
algoritmo 1 632 1 4482,	
prurito 1 632 1 2871,	
nocturnos 1 632 1 2870,	
tejido 2 632 2 2869,2886,	
alopecia 1 632 1 2866,	
sudores 1 632 1 2865,	
dermatitis 1 632 1 2864,	
hematuria 2 632 2 2859,3147,	
disminución 2 632 2 2856,4908,	
urinarios 1 632 1 2855,	
Insuficiencia 1 632 1 2854,	
renales 1 632 1 2850,	
abdominal 2 632 2 2846,3169,	
gastrointestinales 1 632 1 2844,	
pancreatitis 1 632 1 2843,	
vómitos 2 632 2 2842,3171,	
naúseas 1 632 1 2841,	
observándose 1 632 1 4232,	
mediastínicos 1 632 1 2838,	
torácicos 1 632 1 2829,	
respiratorios 1 632 1 2828,	
tos 1 632 1 2827,	
obtenida 1 632 1 4351,	
disnea 1 632 1 2826,	
sordera 1 632 1 2821,	
dolor 7 632 7 2818,2845,2847,2878,2917,2918,3168,	
oído 1 632 1 2817,	
anormal 2 632 2 2814,2941,	
desprendimiento 1 632 1 2811,	
oculares 1 632 1 2810,	
nervioso 1 632 1 2806,	
linfático 1 632 1 2797,	
sistema 3 632 3 2792,2805,2931,	
Pancitopenia 1 632 1 2785,	
cardiacos 1 632 1 2780,	
arrítmias 1 632 1 2779,	
Trastornos 17 632 17 2778,2781,2801,2809,2815,2825,2839,2849,2860,2877,2890,2908,2911,2928,2934,2944,2954,	
pérdida 2 632 2 2776,2893,	
sangre 2 632 2 2775,2789,	
REVISIÓN 1 632 1 5618,	
complementarias 1 632 1 2773,	
estearasas 1 632 1 3231,	
Exploraciones 1 632 1 2769,	
Raras 3 632 3 2768,2837,2967,	
caja 1 632 1 5254,	
frecuentes 3 632 3 2767,2836,2966,	
incidencia 4 632 4 3803,3882,3912,4243,	
Poco 3 632 3 2766,2835,2965,	
Frecuentes 3 632 3 2765,2834,2964,	
Muy 3 632 3 2764,2833,2963,	
Sistema 3 632 3 2762,2831,2961,	
intervalo 2 632 2 2759,3490,	
gravedad 1 632 1 2755,	
decreciente 1 632 1 2753,	
orden 1 632 1 2752,	
enumeran 1 632 1 2750,	
específica 1 632 1 2745,	
vida 2 632 2 2741,2978,	
grave/amenazante 1 632 1 2738,	
leve/moderada 1 632 1 2735,	
comunicado 1 632 1 2729,	
adversa 1 632 1 2726,	
paréntesis 1 632 1 2718,	
(grave) 6 632 6 2714,2786,2793,2795,2800,2942,	
hígado 3 632 3 2711,3752,4314,	
corazón 2 632 2 2708,3751,	
profilaxis 2 632 2 2697,3853,	
SIDA 3 632 3 2693,3520,4272,	
60% 1 632 1 4338,	
comunicaron 1 632 1 2674,	
reflejadas 1 632 1 2669,	
intravenoso 2 632 2 2665,3602,	
ensayos 3 632 3 2657,2676,3088,	
notificadas 1 632 1 2654,	
detalla 1 632 1 2647,	
neutrofilos/l) 1 632 1 2621,	
total 1 632 1 2619,	
frecuencia 4 632 4 2613,2649,2744,2761,	
aleatorización 1 632 1 3675,	
alto 2 632 2 2600,3765,	
comparado 4 632 4 2587,2605,3830,3900,	
(n=114) 1 632 1 4719,	
mayor 1 632 1 2583,	
asocia 2 632 2 2580,2595,	
diarrea 4 632 4 2577,2586,2840,3170,	
comunicadas 1 632 1 2567,	
comunes 1 632 1 2566,	
clínicos 5 632 5 2553,2658,2677,3089,4641,	
observadas 1 632 1 2549,	
Todas 1 632 1 2545,	
conocidas 1 632 1 2541,	
asociarse 1 632 1 2535,	
debería 2 632 2 2534,5006,	
Valganciclovir 7 632 7 2533,2578,4361,4398,4433,4466,5035,	
profármaco 3 632 3 2515,4289,5038,	
Reacciones 1 632 1 2509,	
vehículos 1 632 1 2503,	
alerta 1 632 1 2497,	
exigen 1 632 1 2493,	
tareas 1 632 1 2491,	
alterar 1 632 1 2489,	
confusión 2 632 2 2481,2959,	
ataxia 1 632 1 2479,	
mareos 1 632 1 2478,	
sedación 1 632 1 2477,	
asociado 1 632 1 2474,	
máquinas 3 632 3 2448,2464,2506,	
conducir 3 632 3 2445,2461,2502,	
Efectos 1 632 1 2440,	
7 4 632 4 2439,3288,4870,5578,	
lactante 1 632 1 2427,	
g/ml 1 632 1 4692,	
bebé 1 632 1 2426,	
consiguientes 1 632 1 2423,	
adversas 8 632 8 2421,2510,2540,2548,2564,2653,2668,2748,	
reacciones 8 632 8 2420,2487,2539,2547,2563,2652,2667,2747,	
descartar 1 632 1 2415,	
materna 1 632 1 2410,	
leche 1 632 1 2409,	
excreta 2 632 2 2406,5017,	
desconoce 1 632 1 2401,	
(después 1 632 1 3854,	
corra 1 632 1 2391,	
mutaciones 8 632 8 3946,3974,3987,4056,4150,4160,4206,4234,	
aconsejar 1 632 1 2356,	
utilizar 4 632 4 2347,2447,2463,2505,	
presentaban 1 632 1 4264,	
Las 6 632 6 2340,2562,2666,2746,4253,4821,	
niño 1 632 1 2339,	
daño 1 632 1 2335,	
superen 1 632 1 2330,	
madre 1 632 1 2329,	
embarazo 1 632 1 2321,	
observada 3 632 3 2304,4508,5069,	
reproductiva 1 632 1 2303,	
farmacológico 1 632 1 2299,	
acción 3 632 3 2298,3205,4005,	
base 1 632 1 2293,	
humanos 4 632 4 2291,3259,5089,5358,	
teratogenicidad 1 632 1 2289,	
±4 1 632 1 4845,	
teórico 1 632 1 2287,	
Existe 1 632 1 2284,	
placenta 1 632 1 2282,	
tubo 1 632 1 4297,	
fácilmente 1 632 1 2277,	
pasa 1 632 1 2276,	
activo 2 632 2 2274,3745,	
Su 1 632 1 2272,	
embarazadas 1 632 1 2271,	
Embarazo 1 632 1 2259,	
sólo 2 632 2 2243,4574,	
competitiva 2 632 2 2212,3432,	
foscarnet 1 632 1 2208,	
cidofovir 1 632 1 2206,	
causada 1 632 1 2202,	
nefrotoxicidad 2 632 2 2201,5108,	
mecanismos 1 632 1 2199,	
inhibirse 1 632 1 2196,	
aumentar 2 632 2 2187,3029,	
ADN-polimerasa 1 632 1 3446,	
reducir 2 632 2 2177,3052,	
podrían 2 632 2 2176,2488,	
riñón 4 632 4 2158,2220,2709,3754,	
través 5 632 5 2156,2279,3428,3443,4797,	
excretado 1 632 1 2154,	
Alteración 1 632 1 2957,	
hidroxiurea 1 632 1 2147,	
(< 1 632 1 2616,	
nucleósidos 2 632 2 2145,2227,	
análogos 2 632 2 2143,2225,	
sulfamidas 1 632 1 2142,	
trimetropim/derivados 1 632 1 2140,	
B 2 632 2 2139,3312,	
visión 1 632 1 2813,	
anfotericina 1 632 1 2138,	
adriamicina 1 632 1 2137,	
vinblastina 1 632 1 2136,	
vincristina 1 632 1 2135,	
pentamidina 1 632 1 2133,	
dapsona 1 632 1 2132,	
tipos 1 632 1 2128,	
Ejemplos 1 632 1 2125,	
Lista 1 632 1 5161,	
mucosa 1 632 1 2123,	
germinales 1 632 1 2118,	
capas 1 632 1 2117,	
testículos 1 632 1 2116,	
mialgia 1 632 1 2882,	
ocurre 2 632 2 2111,3365,	
rápidamente 1 632 1 2107,	
dividen 1 632 1 2106,	
celulares 2 632 2 2103,3342,	
poblaciones 2 632 2 2102,4826,	
replicación 2 632 2 2100,3247,	
inmediatamente 1 632 1 2090,	
aumentada 2 632 2 2080,2167,	
CMV-positivo 1 632 1 4367,	
verse 2 632 2 2079,2166,	
Otras 1 632 1 2072,	
metabolismo 3 632 3 2065,2895,3362,	
P450 1 632 1 2062,	
implicación 1 632 1 2060,	
falta 1 632 1 2058,	
(ITIANNs) 1 632 1 2054,	
membranas 1 632 1 5379,	
nucleosídicos 1 632 1 2053,	
inversa 1 632 1 2051,	
transcriptasa 2 632 2 2050,3197,	
proteasa 1 632 1 2045,	
inhibidores 3 632 3 2042,2047,3194,	
ejemplo 2 632 2 2041,2223,	
produzcan 1 632 1 2036,	
(VIH) 1 632 1 2018,	
humana 2 632 2 2017,2283,	
virus 11 632 11 2013,3250,3258,3271,3283,3295,3300,3308,3410,3939,3972,	
sinérgico 1 632 1 2008,	
local 1 632 1 5577,	
disminuyó 1 632 1 3531,	
antagónico 1 632 1 2006,	
(pérdida 1 632 1 5103,	
produzca 1 632 1 2003,	
improbable 1 632 1 2000,	
relevantes 1 632 1 1998,	
A 2 632 2 1995,5588,	
sistémicas 2 632 2 4461,4527,	
término 2 632 2 2713,3868,	
antirretrovirales 2 632 2 1994,2030,	
B14 1 632 1 3202,	
Otros 1 632 1 1993,	
superan 2 632 2 1990,2248,	
únicamente 1 632 1 1985,	
mielosupresores 1 632 1 1974,	
fármacos 8 632 8 1972,1979,2029,2096,2130,2174,2204,2240,	
existe 2 632 2 1960,4744,	
trimetoprim 1 632 1 1954,	
distensión 1 632 1 2848,	
administraron 1 632 1 1952,	
observó 2 632 2 1944,3104,	
Trimetoprim 1 632 1 1941,	
significativas 1 632 1 1940,	
observaron 4 632 4 1937,4149,4205,4598,	
estavudina 1 632 1 1929,	
Estavudina 1 632 1 1924,	
clase 1 632 1 1918,	
aparición 1 632 1 1915,	
conjuntamente 2 632 2 1928,1953,	
periférica 2 632 2 1907,2808,	
neuropatía 2 632 2 1906,2807,	
producir 1 632 1 1905,	
Tanto 1 632 1 1897,	
zalcitabina 2 632 2 1896,1900,	
conjunta 1 632 1 1892,	
significativos 1 632 1 1887,	
farmacocinéticos 1 632 1 1885,	
Zalcitabina 1 632 1 1879,	
acumulada 1 632 1 1878,	
presentaran 1 632 1 1876,	
causar 1 632 1 1864,	
Ya 1 632 1 1856,	
vigilancia 1 632 1 1855,	
estrecha 1 632 1 1854,	
requieren 1 632 1 1852,	
respetar 1 632 1 1845,	
deberán 1 632 1 1844,	
reciban 1 632 1 1837,	
Sin 2 632 2 1829,1958,	
altera 1 632 1 1819,	
(MPA) 1 632 1 1816,	
(MPAG) 1 632 1 1804,	
ácido 3 632 3 1802,1814,5165,	
fenólico 1 632 1 1800,	
glucuronido 1 632 1 1799,	
determine 1 632 1 1796,	
ansiedad 1 632 1 2956,	
renal) 1 632 1 1795,	
análisis 2 632 2 4021,4086,	
(que 1 632 1 1786,	
simultánea 1 632 1 1782,	
VIH-positivo 1 632 1 4365,	
prever 1 632 1 1778,	
MMF 4 632 4 1772,1828,1841,1859,	
farmacocinética 4 632 4 1770,1812,1947,5010,	
usarse 1 632 1 1981,	
conocidos 1 632 1 1763,	
micofenólico 2 632 2 1803,1815,	
efectos 3 632 3 1762,2456,5045,	
v 4 632 4 1759,2591,3640,4401,	
i 3 632 3 1758,2590,3639,	
(PMNL) 2 632 2 4028,4095,	
micofenolato 1 632 1 1750,	
recomendadas 2 632 2 1748,3003,	
únicas 1 632 1 1747,	
resultados 1 632 1 1738,	
Considerando 1 632 1 1736,	
mofetilo 2 632 2 1735,1751,	
Micofenolato 1 632 1 1734,	
intensidad 2 632 2 2734,2737,	
cerca 1 632 1 1720,	
clínicamente 5 632 5 1709,1886,1939,1948,1997,	
modificación 1 632 1 1708,	
67% 1 632 1 1702,	
38 1 632 1 1700,	
fluctúa 1 632 1 1698,	
mg/kg/día 1 632 1 1690,	
intravenosas 1 632 1 1685,	
aplican 1 632 1 1683,	
124% 1 632 1 1679,	
84 1 632 1 1677,	
varía 1 632 1 1675,	
observa 2 632 2 1667,2610,	
g/día 1 632 1 1665,	
administran 2 632 2 1656,1927,	
flucitosina 1 632 1 2134,	
oral) 1 632 1 1653,	
(ya 1 632 1 1647,	
aumentan 1 632 1 1640,	
Didanosina 1 632 1 1630,	
plenas 1 632 1 1625,	
concomitante 3 632 3 1622,1984,2236,	
capacidad 3 632 3 2443,2459,2500,	
toleren 1 632 1 1619,	
inducir 1 632 1 1609,	
puesto 1 632 1 1600,	
De 5 632 5 1597,4128,4182,4209,4478,	
estadística 1 632 1 1596,	
significación 1 632 1 1595,	
simultáneamente 1 632 1 1590,	
concentraciones 5 632 5 1584,1636,1713,1996,4686,	
descenso 1 632 1 1581,	
tendencia 1 632 1 1579,	
advierte 1 632 1 1577,	
Asimismo 1 632 1 1575,	
(17%) 1 632 1 1571,	
pequeño 1 632 1 1570,	
incremento 3 632 3 1569,1692,1964,	
experimentó 1 632 1 1567,	
AUC 5 632 5 1563,1671,1695,4549,4608,	
zidovudina 4 632 4 1555,1566,1591,1604,	
administró 3 632 3 1554,4586,5094,	
Zidovudina 1 632 1 1551,	
tomen 1 632 1 1547,	
cuidado 1 632 1 1537,	
hay 2 632 2 1533,2263,	
tubular 4 632 4 1528,1794,2216,4803,	
secreción 4 632 4 1527,1793,2215,4802,	
implica 1 632 1 1522,	
mecanismo 3 632 3 1518,2296,4003,	
compatibles 1 632 1 1515,	
son 6 632 6 1514,1973,2131,2573,3264,5049,	
cambios 2 632 2 1513,1884,	
(40%) 1 632 1 1511,	
significativa 3 632 3 1510,1710,1949,	
estadísticamente 2 632 2 1509,1573,	
TEXTO 1 632 1 5620,	
(20%) 1 632 1 1500,	
psiquiátricos 1 632 1 2958,	
significativamente 1 632 1 1494,	
disminuye 1 632 1 1493,	
probenecid 2 632 2 1484,1548,	
Probenecid 1 632 1 1482,	
Estos 3 632 3 1460,1512,5099,	
Imipenem-cilastatina 1 632 1 1445,	
asocian 1 632 1 1437,	
interacciones 4 632 4 1433,1938,2037,2073,	
esperar 2 632 2 1428,3022,	
manera 6 632 6 1423,1508,1599,2522,3223,4731,	
farmacológica 1 632 1 1411,	
vivo 2 632 2 1408,3256,	
desoxiguanosina 1 632 1 3439,	
in 4 632 4 1407,3252,3255,3476,	
realizado 3 632 3 1405,2452,3734,	
farmacológicas 4 632 4 1399,1434,1442,2074,	
Interacciones 2 632 2 1398,1441,	
ámbar 1 632 1 5260,	
interacción 4 632 4 1397,1410,1520,1946,	
formas 1 632 1 1395,	
Interacción 1 632 1 1388,	
188 1 632 1 1382,	
consiguiente 2 632 2 5022,5043,	
sodio 2 632 2 1377,1385,	
controlada 1 632 1 1375,	
dieta 1 632 1 1374,	
limitada 1 632 1 1369,	
experiencia 1 632 1 1364,	
intestino 1 632 1 1360,	
e 6 632 6 1359,1455,2146,2902,3244,3254,	
pulmón 1 632 1 1358,	
incluyó 1 632 1 1353,	
trasplantados 1 632 1 1345,	
profiláctico 1 632 1 1337,	
controlado 1 632 1 1331,	
estudio 8 632 8 1329,1741,3544,3570,3654,3736,4018,4109,	
añadidos 1 632 1 1321,	
signos 1 632 1 1320,	
estrechamente 1 632 1 1316,	
vigilarse 1 632 1 1315,	
función 8 632 8 1312,2935,3139,3157,4488,4911,4984,5526,	
sustancias 2 632 2 1307,5182,	
(c) 1 632 1 1306,	
zidovudina) 1 632 1 1304,	
(ej 2 632 2 1303,5145,	
(anemia 1 632 1 5116,	
conocido 1 632 1 1302,	
mielosupresor 1 632 1 1301,	
ganciclovir; 1 632 1 4736,	
(b) 3 632 3 1297,2210,3449,	
didanosina 5 632 5 1296,1639,1673,1697,1726,	
(a) 3 632 3 1295,2200,3430,	
5) 2 632 2 1288,1327,	
potenciales 4 632 4 1284,1477,2075,2252,	
riesgos 4 632 4 1283,1476,1992,2251,	
excedan 2 632 2 1281,1474,	
- 7 632 7 3141,3155,3172,3177,4375,4378,5217,	
beneficios 5 632 5 1280,1473,1989,2247,2326,	
(1 1 632 1 4180,	
gastrointestinal 2 632 2 2124,5121,	
posibles 4 632 4 1279,1472,1988,2246,	
administrarse 2 632 2 1269,1464,	
imipenem-cilastatina 3 632 3 1263,1274,1456,	
basarse 1 632 1 1242,	
posológico 1 632 1 1234,	
ajuste 1 632 1 1233,	
grave 3 632 3 1224,2615,2973,	
desarrollen 1 632 1 1218,	
monitorización 1 632 1 1197,	
(32/69) 1 632 1 3537,	
aumento 6 632 6 1194,1669,2770,2937,4415,4925,	
garantizar 1 632 1 1192,	
presencia 2 632 2 2020,2027,	
alteración 4 632 4 1188,5000,5003,5146,	
completo 1 632 1 1178,	
hemograma 1 632 1 1177,	
radioterapia 1 632 1 1172,	
recibiendo 3 632 3 1171,2640,4958,	
estén 2 632 2 1170,4957,	
relacionada 1 632 1 1160,	
antecedentes 1 632 1 1157,	
existente 1 632 1 1154,	
pre- 1 632 1 1153,	
hematológica 3 632 3 1152,1198,3125,	
citopenia 2 632 2 1151,1159,	
emplearse 2 632 2 1145,2318,	
Neurotoxicidad 1 632 1 3173,	
8) 2 632 2 1142,1231,	
g/dl 1 632 1 1135,	
temblores 1 632 1 2804,	
000/l 1 632 1 1125,	
plaquetas 2 632 2 1120,1181,	
células/l 1 632 1 1116,	
menor 3 632 3 1113,1122,1132,	
neutrófilos 1 632 1 1111,	
absoluto 1 632 1 1109,	
iniciarse 1 632 1 1103,	
No 10 632 10 1101,1402,1703,1880,1942,2031,2262,2449,4743,5196,	
ganciclovir) 1 632 1 1100,	
(y 1 632 1 1098,	
habían 1 632 1 2557,	
tratados 5 632 5 1095,1261,1291,1452,3628,	
aplásica 2 632 2 1092,2796,	
mielosupresión 4 632 4 1089,2787,3017,3127,	
casos 5 632 5 1081,3101,3846,3860,4115,	
descrito 4 632 4 1080,1257,1346,1448,	
8 6 632 6 1074,1134,2508,3290,4860,5594,	
embarazada 2 632 2 1068,2396,	
quedarse 2 632 2 1067,2395,	
clínico 4 632 4 1330,3506,3737,4019,	
corre 1 632 1 1063,	
pareja 2 632 2 1060,2388,	
02 1 632 1 3496,	
generalizado 1 632 1 3175,	
exista 2 632 2 1054,2382,	
después 12 632 12 1048,1888,2093,2374,2528,3383,3552,4059,4125,4380,4578,4720,	
90 2 632 2 1046,2372,	
barrera 2 632 2 1039,2365,	
anticonceptivos 1 632 1 1037,	
utilicen 2 632 2 1036,2361,	
hombres 1 632 1 1034,	
cristal 1 632 1 5259,	
intravenosa 6 632 6 1651,3074,3085,3712,4355,4724,	
eficaces 2 632 2 1024,2350,	
anticonceptivas 3 632 3 1023,2349,2363,	
medidas 3 632 3 1022,2348,2362,	
empleen 1 632 1 1021,	
procrear 2 632 2 1019,2345,	
recomendar 2 632 2 1012,1031,	
permanente 1 632 1 1009,	
transitoria 1 632 1 1007,	
espermatogénesis 1 632 1 1004,	
inhiba 1 632 1 1002,	
probable 2 632 2 999,2033,	
Además 2 632 2 997,2592,	
3) 6 632 6 996,1077,2314,2399,2437,5551,	
apartado5 3 632 3 995,2398,3065,	
cáncer 1 632 1 993,	
E414 1 632 1 5180,	
malformaciones 1 632 1 990,	
ocasionar 1 632 1 989,	
apenas 1 632 1 1817,	
humano 4 632 4 985,3267,3286,3374,	
considerarse 1 632 1 975,	
femenina 4 632 4 968,1061,2389,5155,	
± 4 632 4 4715,4813,4862,4872,	
fertilidad 3 632 3 967,5149,5154,	
supresor 1 632 1 964,	
carcinógeno 3 632 3 962,981,5356,	
espermatogénico 1 632 1 961,	
teratógeno 3 632 3 960,979,5354,	
mutágeno 1 632 1 959,	
observado 6 632 6 956,1633,1693,1706,1883,2558,	
animales 2 632 2 953,2308,	
estudios 7 632 7 951,1406,2306,2453,2552,4640,5060,	
En 10 632 10 950,1185,2642,3097,3314,3568,4016,4638,4848,4954,	
equivalentes 1 632 1 4530,	
feto 1 632 1 949,	
potencial 8 632 8 946,978,987,1788,1903,1962,2333,5352,	
advertir 1 632 1 940,	
abundante 1 632 1 930,	
81 1 632 1 4811,	
inmediata 1 632 1 927,	
directo 1 632 1 5369,	
ojos 4 632 4 920,922,5401,5404,	
baja 1 632 1 4325,	
entra 1 632 1 917,	
jabón 2 632 2 913,5389,	
agua 6 632 6 911,929,5391,5408,5436,5451,	
fondo 3 632 3 909,5387,5406,	
lavarse 2 632 2 907,924,	
zona 1 632 1 905,	
Madrid 1 632 1 5593,	
piel 4 632 4 903,2121,2863,5377,	
directamente 1 632 1 900,	
contactan 1 632 1 899,	
precaución 3 632 3 892,1147,5339,	
manejarse 1 632 1 890,	
teratogénico 3 632 3 880,2336,5141,	
precauciones 1 632 1 872,	
Advertencias 1 632 1 870,	
lactancia 3 632 3 863,2261,2433,	
metabolito 3 632 3 2273,4742,4746,	
Por 6 632 6 844,971,1361,1530,2228,2428,	
medicamentos 7 632 7 843,1165,1298,1392,1461,1785,5623,	
Eliminación 1 632 1 4777,	
cruzada 2 632 2 840,3998,	
AUC(0-24h) 1 632 1 4473,	
recogidas 1 632 1 4096,	
reacción 3 632 3 837,2725,2930,	
ocurra 1 632 1 835,	
concentración 1 632 1 1808,	
valaciclovir 2 632 2 831,857,	
aciclovir 2 632 2 829,855,	
química 1 632 1 824,	
estructura 1 632 1 823,	
semejanza 1 632 1 820,	
Debido 4 632 4 817,876,1414,2148,	
metabólicas 1 632 1 2038,	
convulsiones 5 632 5 1258,1449,2476,2803,3176,	
hipersensibilidad 3 632 3 807,839,853,	
contraindicado 3 632 3 803,849,860,	
Contraindicaciones 1 632 1 800,	
use 1 632 1 795,	
paciente 3 632 3 794,3150,5426,	
500 4 632 4 788,1115,2617,5294,	
graduación 1 632 1 783,	
orales 4 632 4 781,1658,1746,5289,	
dispensadores 2 632 2 780,5288,	
incluye 1 632 1 778,	
6) 2 632 2 776,867,	
inducida 1 632 1 5074,	
reconstituido 2 632 2 767,5240,	
requiere 2 632 2 765,5228,	
alcanzar 1 632 1 1594,	
alimentos 4 632 4 755,4583,4589,4637,	
gonadotoxicidad 1 632 1 5102,	
tomarse 1 632 1 753,	
inhibición 4 632 4 2011,2211,3420,3431,	
posible 5 632 5 751,833,1539,1614,1722,	
sea 4 632 4 750,1648,4006,5417,	
vía 12 632 12 745,1491,1560,1650,1757,1933,3073,3084,3711,4752,4783,5019,	
aparecen 1 632 1 1319,	
administra 5 632 5 743,1589,1644,2084,2171,	
Forma 1 632 1 738,	
apetito 1 632 1 2899,	
medicación 2 632 2 733,1214,	
suspensión 2 632 2 730,1211,	
y/o 6 632 6 728,1209,1222,2469,2480,3960,	
hematopoyético 2 632 2 727,1208,	
acontecimientos 2 632 2 1920,3122,	
crecimiento 2 632 2 726,1207,	
factores 2 632 2 724,1205,	
masculina 1 632 1 2949,	
considerar 3 632 3 720,1201,2233,	
deberá 2 632 2 719,1869,	
semanas 2 632 2 3555,3621,	
sanguíneas 1 632 1 712,	
células 6 632 6 711,3316,3367,3406,5105,5125,	
recuento 4 632 4 709,1108,1118,2618,	
iniciar 1 632 1 933,	
significativo 2 632 2 707,1574,	
deterioro 1 632 1 706,	
produce 1 632 1 704,	
comenzar 1 632 1 695,	
Antes 2 632 2 693,931,	
graves 3 632 3 692,1082,2422,	
pancitopenia 3 632 3 691,1088,3126,	
trombocitopenia 4 632 4 689,1087,1223,2972,	
plasmáticas 1 632 1 1637,	
anemia 9 632 9 688,1086,1091,1221,1612,2575,2788,2798,2799,	
neutropenia 11 632 11 687,1085,1220,1610,1865,2574,2602,2614,2784,3131,5117,	
Efecto 1 632 1 4539,	
leucopenia 7 632 7 686,1084,1219,1867,2604,2794,3130,	
(MMF) 1 632 1 1752,	
desconocen 1 632 1 680,	
ancianos 1 632 1 671,	
hemoglobina 1 632 1 1130,	
apartado 20 632 20 667,699,735,757,774,865,1286,1325,1349,1479,1627,1731,2160,2254,2312,2435,4659,5242,5360,5549,	
población 2 632 2 663,683,	
datos 2 632 2 656,2264,	
escasez 1 632 1 654,	
debido 2 632 2 651,2055,	
aparece 2 632 2 2483,2716,	
años 2 632 2 650,5208,	
menores 1 632 1 647,	
niños 7 632 7 646,5272,5448,5465,5492,5514,5532,	
años) 1 632 1 638,	
18 4 632 4 637,649,3378,4069,	
(menores 1 632 1 635,	
adolescentes 1 632 1 634,	
Niños 1 632 1 632,	
estudiada 1 632 1 619,	
amplia 1 632 1 1424,	
sido 1 632 1 618,	
eficacia 5 632 5 613,660,676,4410,4990,	
seguridad 8 632 8 611,658,673,1056,2384,4987,5034,5063,	
hepática 8 632 8 609,624,2936,3134,3140,4985,5001,5004,	
disfunción 3 632 3 608,623,2852,	
recomendación 1 632 1 603,	
da 3 632 3 601,2089,4808,	
apartados4 2 632 2 590,3038,	
ml/min) 3 632 3 588,4868,4878,	
depresión 1 632 1 2955,	
< 1 632 1 586,	
(CrCl 3 632 3 585,4866,4876,	
(fin 1 632 1 4101,	
medular) 1 632 1 3020,	
psicótica 1 632 1 2960,	
necesario 3 632 3 577,1823,4933,	
Es 1 632 1 576,	
hemodiálisis 5 632 5 575,584,3044,4953,4959,	
sometidos 2 632 2 573,4951,	
diálisis 1 632 1 571,	
semana 2 632 2 569,4394,	
tres 2 632 2 565,3785,	
200 1 632 1 563,	
competición 1 632 1 1524,	
<10 1 632 1 562,	
24 1 632 1 555,	
225 2 632 2 547,556,	
39 1 632 1 540,	
i) 1 632 1 4097,	
25 4 632 4 538,785,1124,5299,	
glomerular 1 632 1 4800,	
450 4 632 4 526,532,541,4569,	
59 1 632 1 525,	
40 1 632 1 523,	
laberinto 1 632 1 2824,	
60 2 632 2 522,4833,	
CrCl 2 632 2 520,4831,	
mantenimiento/Dosis 1 632 1 518,	
Dosis 2 632 2 511,516,	
85 1 632 1 505,	
0 7 632 7 504,1381,3492,3924,4688,4713,4716,	
mujeres 4 632 4 502,1015,2270,2341,	
[kg]) 1 632 1 499,	
corporal 4 632 4 498,2763,2832,2962,	
(peso 1 632 1 497,	
[años]) 1 632 1 495,	
edad 3 632 3 494,1017,2343,	
(140 1 632 1 492,	
= 2 632 2 491,503,	
varones 3 632 3 490,510,2359,	
entran 1 632 1 5398,	
fórmulas 1 632 1 487,	
siguientes 2 632 2 486,3121,	
mediante 2 632 2 484,4084,	
sérica 1 632 1 483,	
calcular 1 632 1 479,	
(ml/min) 2 632 2 476,521,	
estimado 1 632 1 473,	
2) 8 632 8 470,594,631,759,1254,2162,3066,4661,	
tabla 6 632 6 463,597,2645,2672,2721,4358,	
siguiente 2 632 2 462,2644,	
según 2 632 2 450,480,	
ajustar 4 632 4 447,578,1824,4934,	
Hay 2 632 2 445,1716,	
cuidadosamente 1 632 1 444,	
vigilar 6 632 6 443,1175,1535,1718,1870,1913,	
aclaramiento 13 632 13 438,452,472,1245,1496,2179,2191,3012,4806,4817,4839,4856,4915,	
creatinina 8 632 8 435,440,454,475,482,1247,2772,3165,	
séricos 1 632 1 433,	
niveles 3 632 3 432,3054,5076,	
Los 4 632 4 431,1289,3257,3971,	
renal 26 632 26 430,1189,1240,1313,1497,1529,1767,1835,2180,2192,2853,2858,3009,3033,3143,3158,3160,4489,4501,4793,4807,4852,4906,4912,4942,5020,	
insuficiencia 9 632 9 429,1239,1766,1834,3008,3159,4851,4905,4941,	
Pacientes 8 632 8 427,572,606,670,684,4903,4950,4979,	
especiales 6 632 6 426,873,4902,5222,5230,5332,	
posológicas 3 632 3 425,1848,5027,	
Instrucciones 1 632 1 424,	
farmacodinámicas 1 632 1 3187,	
post-trasplante 1 632 1 423,	
100 6 632 6 421,3800,4100,4143,5262,5320,	
continuando 1 632 1 418,	
10 7 632 7 413,553,587,1689,2998,3793,5614,	
oídos 1 632 1 2820,	
nivel 1 632 1 1128,	
comenzando 2 632 2 409,3789,	
Prevención 3 632 3 379,3723,4072,	
fármaco 2 632 2 378,4106,	
viral 2 632 2 376,4009,	
resistencia 9 632 9 375,3979,3992,3997,4083,4152,4162,4236,4245,	
posibilidad 2 632 2 373,2417,	
cuenta 2 632 2 371,4809,	
debe 19 632 19 368,752,906,939,974,1011,1030,1102,1144,1191,1241,1268,1912,2232,2317,2355,2430,3417,5336,	
embargo 3 632 3 366,1830,1959,	
empeore; 1 632 1 364,	
repetir 1 632 1 351,	
Se 20 632 20 349,777,790,1010,1078,1173,1199,1255,1446,1631,2354,2400,2609,2968,3075,3357,3732,4080,4292,5409,	
vez 8 632 8 346,406,535,544,550,559,1467,4470,	
administrar 4 632 4 337,4653,4780,4962,	
indica 2 632 2 459,2722,	
recomienda 7 632 7 336,791,1174,1200,4652,4961,5410,	
inactiva 1 632 1 332,	
trata 1 632 1 327,	
equilibrio 1 632 1 4711,	
o 25 632 25 324,436,811,896,1008,1126,1155,1305,2007,2023,2046,2087,2092,2663,2694,2710,3117,3463,3596,3780,3968,4402,4773,5082,5395,	
4) 11 632 11 310,669,737,1481,1629,1733,2256,3042,4949,4978,5362,	
apartado4 1 632 1 309,	
dispensador 1 632 1 797,	
ósea 2 632 2 307,2115,	
médula 2 632 2 306,2114,	
toxicidad 12 632 12 303,1323,1540,1723,1877,1967,2077,2164,2302,3032,5055,5120,	
riesgo 9 632 9 301,945,1065,2286,2332,2393,2584,2598,3766,	
incrementar 1 632 1 299,	
prolongado 1 632 1 295,	
linfocitopenia) 1 632 1 5118,	
Un 2 632 2 293,2990,	
aumentos 1 632 1 1797,	
días 10 632 10 292,414,422,1047,2373,2996,3699,3722,3794,5212,	
aumentando 1 632 1 1501,	
21 1 632 1 291,	
durante 13 632 13 290,713,861,1025,1040,1182,2351,2366,2994,3091,3815,4064,4392,	
mayores 2 632 2 3000,4600,	
activa 3 632 3 277,2217,4804,	
recomendada 3 632 3 271,393,4593,	
carácter 1 632 1 879,	
dosis 19 632 19 270,339,392,580,605,1624,1657,1684,1745,1826,2997,3662,4554,4567,4592,4755,4936,4964,5096,	
Este 1 632 1 5225,	
Tratamiento 4 632 4 261,311,3562,4010,	
adultos 1 632 1 260,	
J05A 1 632 1 3201,	
Si 6 632 6 702,893,914,2482,5381,5392,	
habitual 1 632 1 258,	
notificaciones 1 632 1 3078,	
afecten 1 632 1 1309,	
comprimidos 2 632 2 256,4538,	
sistémica 5 632 5 238,4319,4371,4431,4492,	
exposición 10 632 10 237,1503,2189,4318,4344,4370,4430,4491,4628,5078,	
administrado 4 632 4 231,1485,4645,4750,	
mg/kg 2 632 2 228,3599,	
irreversibles 1 632 1 5114,	
terapéuticamente 1 632 1 225,	
equivalente 3 632 3 224,249,3917,	
día 18 632 18 222,235,289,348,408,531,537,546,552,561,3595,3606,3667,3799,3856,4099,4142,4391,	
ii) 1 632 1 4113,	
veces 10 632 10 220,233,287,529,566,2999,3593,3604,3786,4389,	
via 1 632 1 217,	
900 9 632 9 212,242,251,282,341,403,3588,3664,4595,	
ganciclovir 101 632 101 211,230,240,810,970,1265,1421,1440,1444,1454,1489,1499,1542,1558,1586,1607,1646,1660,1715,1755,1775,1810,1843,1850,1862,1894,1931,1956,2022,2071,2152,2182,2194,2275,2310,2404,2471,2517,2527,2544,2561,2589,2607,2661,2664,3071,3082,3214,3228,3236,3321,3329,3347,3387,3399,3415,3454,3483,3601,3638,3709,3781,3838,3879,3908,3936,3959,3981,3994,4154,4164,4178,4219,4291,4316,4330,4346,4385,4412,4448,4494,4529,4551,4620,4630,4671,4684,4708,4748,4795,4820,4841,4858,4882,4917,5012,5040,5048,5071,5080,5137,	
extensa 5 632 5 209,2525,3226,4306,4734,	
rápida 6 632 6 207,1426,2523,3224,4304,4732,	
metaboliza 7 632 7 204,1419,2520,3221,3351,4301,4729,	
inhiben 1 632 1 2098,	
Después 6 632 6 196,319,3644,3931,4441,4778,	
9) 1 632 1 195,	
apartados 9 632 9 190,465,626,1070,1137,1226,1249,4944,4973,	
(ver 33 632 33 189,308,464,589,625,666,734,756,773,864,994,1069,1136,1225,1248,1285,1324,1478,1626,1730,2159,2253,2311,2397,2434,3037,3064,4356,4658,4943,4972,5359,5548,	
sobredosificación 1 632 1 188,	
evitar 1 632 1 187,	
posología 2 632 2 185,449,	
recomendaciones 3 632 3 182,1847,5026,	
estrictamente 1 632 1 180,	
seguir 1 632 1 179,	
deben 8 632 8 178,442,889,923,1314,1463,1980,2346,	
­ 5 632 5 176,493,524,539,554,	
Advertencia 1 632 1 175,	
efecto 3 632 3 1300,2005,3505,	
x 2 632 2 496,506,	
administración 20 632 20 174,199,740,771,1163,1743,1781,1891,2531,2570,2927,3217,4104,4354,4383,4444,4511,4517,4559,4723,	
L-valílico 1 632 1 3211,	
forma 6 632 6 172,206,926,1006,1983,4303,	
Posología 2 632 2 170,257,	
seropositivo 1 632 1 167,	
donante 1 632 1 166,	
sólido 5 632 5 163,390,2639,4283,4457,	
órgano 5 632 5 162,389,2638,4282,4456,	
desciende 1 632 1 4631,	
trasplante 15 632 15 160,387,400,416,1356,2636,2706,3731,3749,3760,4079,4127,4437,4454,4499,	
recibido 3 632 3 158,398,3077,	
(en 1 632 1 4754,	
han 13 632 13 157,397,1079,1256,1404,1447,1882,2451,3076,4259,4524,4995,5134,	
seronegativos 1 632 1 153,	
mg) 1 632 1 4760,	
CMV 38 632 38 150,155,268,279,318,334,384,1342,2025,2627,2689,2702,3319,3373,3486,3524,3530,3567,3581,3615,3683,3728,3770,3807,3810,4015,4024,4036,4077,4089,4121,4201,4231,4269,4276,4377,4424,4897,	
enfermedad 12 632 12 148,382,1340,2700,3726,3768,3805,3812,4075,4119,4199,4229,	
prevención 1 632 1 145,	
inhibe 1 632 1 3245,	
(SIDA) 1 632 1 139,	
grupo 1 632 1 3685,	
adquirida 1 632 1 138,	
comienzo 1 632 1 3542,	
inmunodeficiencia 2 632 2 137,2016,	
síndrome 1 632 1 135,	
pacientes 67 632 67 133,152,274,329,358,395,582,621,665,805,851,943,1094,1149,1168,1186,1216,1237,1260,1290,1344,1354,1367,1371,1451,1545,1617,1729,1832,1873,1923,2623,2634,2691,2704,2731,3058,3518,3540,3551,3575,3610,3632,3651,3747,3758,3896,3928,4032,4131,4172,4185,4195,4212,4225,4262,4270,4278,4363,4373,4435,4452,4828,4849,4893,4955,4998,	
(CMV) 1 632 1 131,	
citomegalovirus 2 632 2 130,3266,	
retinitis 17 632 17 128,266,276,316,331,363,2625,2687,3522,3565,3579,3612,3681,4013,4034,4274,4422,	
mantenimiento 6 632 6 125,313,2684,3658,3692,3716,	
inducción 12 632 12 123,263,297,323,355,513,2682,3586,3648,3690,3707,5098,	
tratamiento 27 632 27 121,294,321,353,697,715,935,1027,1050,1105,1184,1336,1621,2353,2376,2629,2680,3515,3557,3584,3646,3656,3688,3705,3714,3933,4061,	
indicado 2 632 2 118,142,	
está 6 632 6 117,141,641,802,848,859,	
terapéuticas 1 632 1 115,	
Indicaciones 1 632 1 114,	
	4 1 632 1 112,	
CLÍNICOS 1 632 1 111,	
DATOS 2 632 2 110,5157,	
diagnosticada 1 632 1 3526,	
4 48 632 48 109,168,191,192,194,466,467,591,627,628,668,700,701,736,798,866,868,869,1071,1073,1138,1141,1227,1230,1250,1287,1326,1386,1480,1628,1732,2255,2257,2436,2438,2507,2982,3041,3620,4660,4888,4945,4948,4974,4977,5220,5361,5502,	
parda 2 632 2 108,5484,	
aleatoriamente 1 632 1 3573,	
incolora 2 632 2 106,5482,	
clara 2 632 2 104,5480,	
receptores 1 632 1 4497,	
disuelto 1 632 1 100,	
Cuando 6 632 6 96,1552,1654,1925,4584,5311,	
amarillento 1 632 1 95,	
ligeramente 1 632 1 94,	
blanco 1 632 1 92,	
color 1 632 1 91,	
granulado 1 632 1 89,	
El 18 632 18 85,471,1232,1328,1483,2190,2465,2511,2712,3206,3235,3504,3607,4285,4683,4703,4726,4805,	
	Polvo 1 632 1 81,	
FARMACÉUTICA 1 632 1 80,	
gen 4 632 4 3948,3962,3976,3989,	
FORMA 1 632 1 79,	
3 8 632 8 78,799,1662,4065,5030,5199,5244,5485,	
6 21 632 21 76,775,1072,1664,2258,3287,3818,3889,4044,4066,4123,4247,5156,5193,5198,5219,5243,5245,5329,5330,5550,	
sección 1 632 1 75,	
ver 3 632 3 74,698,5241,	
competir 1 632 1 1790,	
excipientes 3 632 3 73,816,5163,	
completa 1 632 1 71,	
lista 1 632 1 70,	
consultar 1 632 1 68,	
Para 5 632 5 67,488,500,1370,5233,	
granulocitopenia 1 632 1 3132,	
hidrocloruro) 1 632 1 66,	
(como 1 632 1 65,	
ml 6 632 6 62,4834,5263,5321,5328,5434,	
mg 25 632 25 60,213,243,252,283,342,404,527,533,542,548,557,564,786,789,3589,3665,3777,3784,4400,4468,4573,4596,5295,5300,	
reconstituida 6 632 6 57,888,5210,5346,5418,5542,	
análogo 1 632 1 3239,	
La 30 632 30 55,236,269,391,610,672,1811,2076,3043,3110,3335,3411,3474,3527,3668,3802,3841,3881,4317,4326,4369,4409,4543,4879,4907,4986,5002,5054,5253,5552,	
valganciclovir 57 632 57 46,64,202,215,245,254,285,344,515,809,937,1333,1401,1417,1430,1898,2068,2082,2169,2242,2512,2555,2572,2593,2631,2641,2660,2989,3027,3063,3207,3219,3642,3865,3899,3942,4063,4135,4189,4257,4286,4321,4334,4387,4450,4514,4519,4556,4587,4665,4679,4727,4788,4886,4921,5053,5057,	
hidrocloruro 1 632 1 44,	
5 22 632 22 40,41,227,469,593,630,758,1076,1253,1350,1387,1687,2161,2313,3178,3502,3598,4249,4689,5029,5246,5533,	
contiene 6 632 6 39,58,1380,5255,5286,5303,	
	Cada 1 632 1 37,	
CUANTITATIVA 1 632 1 36,	
dispuso 1 632 1 4137,	
Y 2 632 2 35,1028,	
CUALITATIVA 1 632 1 34,	
COMPOSICIÓN 1 632 1 33,	
2 17 632 17 32,169,1139,1228,1251,3039,3277,4041,4159,4250,4571,4946,4975,5194,5207,5287,5441,	
	VALCYTE 1 632 1 25,	
MEDICAMENTO 2 632 2 24,3183,	
DEL 2 632 2 23,5619,	
interrumpirse 1 632 1 2431,	
NOMBRE 1 632 1 22,	
información 1 632 1 18,	
Toda 1 632 1 16,	
91 1 632 1 5433,	
medicamento 9 632 9 15,20,1379,1506,3096,3263,5226,5239,5555,	
Basica 1 632 1 13,	
(uremia 1 632 1 5109,	
	Información 1 632 1 12,	
g 4 632 4 11,42,49,5305,	
12 6 632 6 10,48,3822,4047,4067,5304,	
frasco 12 632 12 8,38,5257,5279,5302,5454,5458,5468,5501,5507,5523,5547,	
1 12 632 12 7,21,77,113,1351,3185,3275,4758,4863,4873,5160,5431,	
conjuntivo 1 632 1 2889,	
oral 31 632 31 6,31,54,84,200,218,247,746,764,772,1492,1561,1934,1957,2532,2608,2662,3218,3782,3839,3880,3909,4179,4445,4512,4522,4753,4971,5206,5310,5416,	
solución 23 632 23 5,30,53,56,83,102,246,763,887,898,916,4521,4970,5205,5309,5318,5345,5375,5397,5415,5430,5479,5541,	
polvo 15 632 15 3,28,51,86,98,761,882,895,4968,5307,5342,5371,5394,5413,5476,	
mg/ml 3 632 3 2,27,1383,	
congénitas 1 632 1 991,	
50 4 632 4 1,26,59,4192,	
recomendado 1 632 1 642,	
VALCYTE 42 632 42 0,116,140,615,639,678,717,741,760,801,826,847,858,884,973,1001,1097,1143,1266,1293,1413,1550,2268,2315,2378,2468,3509,3559,3591,3660,3694,3718,3775,3828,4635,4642,4654,4781,4967,4992,5335,5412,	
