	Prospectos 1 322 1 9639,	
d 1 322 1 9638,	
19 1 322 1 8984,	
18 1 322 1 8204,	
17 1 322 1 7836,	
13 1 322 1 5767,	
2772 1 322 1 5445,	
eu/ 1 322 1 5382,	
europa 1 322 1 5381,	
emea 1 322 1 5380,	
//www 1 322 1 5379,	
(EMEA) 1 322 1 5377,	
Medicamento 1 322 1 5376,	
Europea 1 322 1 5374,	
Agencia 1 322 1 5373,	
web 1 322 1 5370,	
página 1 322 1 5369,	
disponible 1 322 1 5366,	
detallada 1 322 1 5361,	
TEXTO 1 322 1 5358,	
2007 1 322 1 5351,	
renovación 1 322 1 5348,	
última 1 322 1 5347,	
1997 1 322 1 5343,	
27 2 322 2 5341,5349,	
autorización 1 322 1 5340,	
AUTORIZACIÓN/RENOVACIÓN 1 322 1 5332,	
PRIMERA 1 322 1 5331,	
EU/1/97/049/013 1 322 1 5326,	
EU/1/97/049/010 1 322 1 5325,	
	EU/1/97/049/001-003 1 322 1 5324,	
NÚMEROS 1 322 1 5319,	
Unido 1 322 1 5316,	
- 1 322 1 5314,	
1DH 1 322 1 5313,	
Road 1 322 1 5310,	
Sanderson 1 322 1 5309,	
Uxbridge 2 322 2 5306,5311,	
EEIG 1 322 1 5305,	
PHARMA 1 322 1 5304,	
SQUIBB 1 322 1 5303,	
	BRISTOL-MYERS 1 322 1 5302,	
COMERCIALIZACIÓN 2 322 2 5301,5323,	
AUTORIZACIÓN 3 322 3 5299,5321,5335,	
LA 4 322 4 5298,5330,5334,5355,	
locales 1 322 1 5294,	
normativas 1 322 1 5293,	
acuerdo 1 322 1 5290,	
realizará 1 322 1 5288,	
contacto 1 322 1 5284,	
materiales 1 322 1 5279,	
utilizado 1 322 1 5274,	
tamaños 1 322 1 5260,	
comercializados 1 322 1 5258,	
Puede 1 322 1 5254,	
unidosis 1 322 1 5251,	
precortado 1 322 1 5250,	
98 1 322 1 5227,	
56 2 322 2 5216,5238,	
blísters 4 322 4 5208,5219,5230,5243,	
Aluminio/PVC/PVDC 5 322 5 5202,5213,5224,5235,5253,	
blíster 2 322 2 5197,5249,	
Caja 5 322 5 5192,5203,5214,5225,5236,	
contenido 1 322 1 5189,	
Naturaleza 1 322 1 5187,	
temperatura 1 322 1 5181,	
Precauciones 2 322 2 5174,5265,	
validez 1 322 1 5169,	
188 1 322 1 5159,	
Poloxamer 1 322 1 5158,	
pregelatinizado 1 322 1 5157,	
maiz 1 322 1 5156,	
Almidón 1 322 1 5154,	
hidratada 1 322 1 5153,	
coloidal 1 322 1 5152,	
Sílice 1 322 1 5151,	
Estearato 1 322 1 5148,	
sódica 1 322 1 5145,	
Croscarmelosa 1 322 1 5144,	
microcristalina 1 322 1 5143,	
Celulosa 1 322 1 5142,	
Lista 1 322 1 5139,	
	6 1 322 1 5137,	
conejo 1 322 1 5133,	
materna 1 322 1 5120,	
resorción 1 322 1 5113,	
conejos 1 322 1 5107,	
nacimiento 1 322 1 5105,	
producen 1 322 1 5118,	
fetos 1 322 1 5097,	
subcutáneo) 1 322 1 5095,	
edema 1 322 1 5094,	
uterohidronefrosis 1 322 1 5092,	
pélvica 1 322 1 5090,	
(aumento 1 322 1 5086,	
mostrado 1 322 1 5082,	
animales 1 322 1 5078,	
carcinogenicidad 1 322 1 5072,	
clastogenicidad 1 322 1 5070,	
mutagenicidad 1 322 1 5069,	
relevancia 1 322 1 5064,	
parece 1 322 1 5061,	
humanos 1 322 1 5052,	
farmacológica 1 322 1 5043,	
envases 1 322 1 5262,	
relacionados 1 322 1 5039,	
consideraron 1 322 1 5038,	
macacos 1 322 1 5031,	
90 1 322 1 5028,	
yuxtaglomerulares 2 322 2 5024,5059,	
células 2 322 2 5023,5057,	
hiperplasia/hipertrofia 2 322 2 5020,5054,	
Además 1 322 1 5017,	
perfusión 1 322 1 5015,	
secundarios 1 322 1 5002,	
creatinina) 1 322 1 4999,	
túbulos 1 322 1 4991,	
tubular 1 322 1 4990,	
distensión 1 322 1 4989,	
(como 1 322 1 4986,	
degenerativos 1 322 1 4982,	
cambios 1 322 1 4981,	
macaco 1 322 1 4978,	
rata 3 322 3 4975,5099,5131,	
500 1 322 1 4971,	
hematocrito) 1 322 1 4965,	
(eritrocitos 1 322 1 4963,	
hematológicos 1 322 1 4962,	
macacos) 1 322 1 4955,	
100 1 322 1 4952,	
250 1 322 1 4947,	
no-clínicos 1 322 1 4939,	
órganos 1 322 1 4931,	
sistémica 1 322 1 4927,	
preclínicos 1 322 1 4919,	
cirrosis 1 322 1 4900,	
farmacocinéticos 2 322 2 4863,4890,	
parámetros 3 322 3 4862,4889,4961,	
(18%) 1 322 1 4858,	
originan 1 322 1 5010,	
sola 1 322 1 4847,	
diarios 1 322 1 4838,	
observados 1 322 1 4830,	
resultados 1 322 1 4813,	
nueve 1 322 1 4804,	
comparar 1 322 1 4790,	
21 1 322 1 4786,	
De 1 322 1 4782,	
múltiples 1 322 1 4765,	
23 2 322 2 4751,4784,	
evaluada 1 322 1 4749,	
heces 1 322 1 4729,	
recupera 1 322 1 4722,	
20% 1 322 1 4717,	
IV 1 322 1 4709,	
biliar 1 322 1 4700,	
eliminan 1 322 1 4697,	
(18-40 1 322 1 4668,	
jóvenes 1 322 1 4667,	
Agosto 2 322 2 5342,5350,	
65 1 322 1 4661,	
Cmax 2 322 2 4649,4819,	
AUC 2 322 2 4647,4820,	
hipertensas 1 322 1 4617,	
20%) 1 322 1 4602,	
limitada 2 322 2 4598,4855,	
acumulación 3 322 3 4596,4630,4853,	
observa 1 322 1 4594,	
tenían 1 322 1 4806,	
repetidas 1 322 1 4592,	
Después 2 322 2 4584,4703,	
dosificación 3 322 3 4579,4641,4688,	
pauta 1 322 1 4577,	
días 1 322 1 4573,	
estacionario 1 322 1 4567,	
semivida 3 322 3 4552,4626,4673,	
ml/min 1 322 1 4549,	
3-3 1 322 1 4547,	
157-176 1 322 1 4545,	
aclaramiento 2 322 2 4538,4825,	
5-2 1 322 1 4531,	
mecanismo 1 322 1 4522,	
esperado; 1 322 1 4517,	
recomendada) 1 322 1 4505,	
(doble 1 322 1 4500,	
600 2 322 2 4492,4498,	
proporcional 2 322 2 4480,4510,	
lineal 1 322 1 4478,	
CYP3A4 1 322 1 4469,	
isoenzima 1 322 1 4468,	
CYP2C9; 1 322 1 4466,	
P450 1 322 1 4465,	
citocromo 1 322 1 4464,	
oxida 1 322 1 4458,	
indican 1 322 1 4454,	
vitro 1 322 1 4453,	
6%) 1 322 1 4449,	
glucurónido 1 322 1 4446,	
oxidación 1 322 1 4438,	
glucurónica 1 322 1 4436,	
conjugación 1 322 1 4435,	
hígado 1 322 1 4429,	
inalterado 2 322 2 4423,4742,	
atribuye 1 322 1 4420,	
radioactividad 2 322 2 4416,4720,	
80-85% 1 322 1 4413,	
14C 2 322 2 4411,4714,	
30ºC 1 322 1 5184,	
marcado 2 322 2 4409,4712,	
intravenosa 1 322 1 4405,	
litros 1 322 1 4399,	
53-93 1 322 1 4398,	
sanguíneos 1 322 1 4391,	
celulares 1 322 1 4390,	
despreciable 2 322 2 4386,4473,	
96% 1 322 1 4383,	
plasmáticas 3 322 3 4379,4609,4994,	
fijación 2 322 2 4375,4385,	
ingesta 1 322 1 4363,	
60-80% 1 322 1 4361,	
aproximadamente 3 322 3 4359,4381,4715,	
demostraron 1 322 1 4356,	
absoluta 1 322 1 4355,	
(21%) 1 322 1 4338,	
(34%) 1 322 1 4332,	
abortos 1 322 1 5111,	
30 2 322 2 4319,5404,	
normoalbuminuria 1 322 1 4317,	
regresión 1 322 1 4315,	
seguimiento 1 322 1 4310,	
enlentecimiento 1 322 1 4289,	
meses 2 322 2 4285,4301,	
primeros 1 322 1 4284,	
(TFG) 2 322 2 4280,9637,	
filtración 2 322 2 4278,9635,	
0004) 2 322 2 4268,9625,	
70% 2 322 2 4261,9618,	
elevada 2 322 2 4254,9611,	
demostrando 2 322 2 4249,9606,	
(14 2 322 2 4234,9591,	
respecto 3 322 3 4230,4663,9587,	
(5 2 322 2 4228,9585,	
alcanzaron 2 322 2 4208,9565,	
Todos 3 322 3 4203,5034,9560,	
dihidropiridínicos) 2 322 2 4199,9556,	
(excluyendo 2 322 2 4188,9545,	
alcanzarlo 2 322 2 4182,9539,	
resolvieron 1 322 1 5102,	
basal) 2 322 2 4170,9527,	
nivel 2 322 2 4169,9526,	
30% 2 322 2 4166,9523,	
tasa 4 322 4 4155,4276,9512,9633,	
orina 6 322 6 4146,4161,4724,4739,9503,9518,	
(tasa 2 322 2 4140,9497,	
mujeres) 2 322 2 4121,9478,	
hombres 2 322 2 4114,9471,	
(creatinina 2 322 2 4108,9465,	
mg/día) 3 322 3 4103,4320,9460,	
(30-300 2 322 2 4102,9459,	
590 2 322 2 4095,9452,	
morbilidad 2 322 2 4086,9443,	
retrasa 2 322 2 4069,9426,	
Mellitus) 2 322 2 4059,9416,	
Diabetes 2 322 2 4058,9415,	
Type 2 322 2 4056,9413,	
Patients 2 322 2 4054,9411,	
Hypertensive 2 322 2 4053,9410,	
in 3 322 3 4052,4452,9409,	
Microalbuminuria 2 322 2 4051,9408,	
on 2 322 2 4050,9407,	
of 2 322 2 4048,9405,	
IRMA 4 322 4 4045,4080,9402,9437,	
hallazgos 3 322 3 4040,5036,9397,	
adecuada 2 322 2 4037,9394,	
nefritis 1 322 1 4987,	
explicación 2 322 2 4036,9393,	
encontrado 2 322 2 4034,9391,	
ictus 2 322 2 4005,9362,	
Asimismo 2 322 2 3989,9346,	
varones 2 322 2 3978,9335,	
fatal 6 322 6 3962,3976,4002,9319,9333,9359,	
hospitalización 2 322 2 4020,9377,	
Sin 4 322 4 3948,4618,4670,9305,	
fatales 4 322 4 3944,3947,9301,9304,	
secundaria 2 322 2 3940,9297,	
tres 4 322 4 3933,4283,4300,9290,	
estudio 3 322 3 3920,4605,9277,	
32% 2 322 2 3910,9267,	
representaban 2 322 2 3908,9265,	
subgrupo 2 322 2 3895,9252,	
confianza 2 322 2 3882,9239,	
intervalos 2 322 2 3880,9237,	
albúmina 6 322 6 3877,4144,4159,9234,9501,9516,	
excreción 6 322 6 3875,4142,4157,9232,9499,9514,	
valorar 2 322 2 3847,9204,	
significativa 3 322 3 3836,5121,9193,	
ERT 2 322 2 3832,9189,	
positiva 2 322 2 3827,9184,	
(aproximadamente 1 322 1 4447,	
encontró 2 322 2 3824,9181,	
individuales 2 322 2 3804,9161,	
componentes 3 322 3 3803,4389,9160,	
analizaron 4 322 4 3801,3853,9158,9210,	
comparado 2 322 2 3792,9149,	
23% 2 322 2 3786,9143,	
Park 1 322 1 5308,	
= 6 322 6 3782,3796,4266,9139,9153,9623,	
relativa 6 322 6 3775,3789,4257,9132,9146,9614,	
[20% 2 322 2 3772,9129,	
41% 2 322 2 3760,9117,	
39% 2 322 2 3758,9115,	
Aproximadamente 2 322 2 3736,9093,	
(ERT) 2 322 2 3730,9087,	
terminal 3 322 3 3729,4555,9086,	
duplicación 4 322 4 3720,3839,9077,9196,	
(doce 1 322 1 4797,	
relativo 2 322 2 3712,9069,	
redujo 4 322 4 3708,4030,9065,9387,	
78% 2 322 2 3697,9054,	
76% 2 322 2 3695,9052,	
60% 2 322 2 3687,9044,	
glomerular 2 322 2 4279,9636,	
alcanzó 2 322 2 3681,9038,	
envase 1 322 1 5191,	
porcentaje 6 322 6 3677,3873,4216,9034,9230,9573,	
160 2 322 2 3673,9030,	
basal 4 322 4 3670,3867,9027,9224,	
caso 2 322 2 3666,9023,	
135/85 4 322 4 3649,4178,9006,9535,	
predefinido 4 322 4 3648,4176,9005,9533,	
objetivo 6 322 6 3644,3683,4172,9001,9040,9529,	
alfabloqueantes) 2 322 2 3640,8997,	
(p 8 322 8 3636,3781,3795,4265,8993,9138,9152,9622,	
grupos 8 322 8 3623,3700,3934,4205,8980,9057,9291,9562,	
tolerabilidad 2 322 2 3619,8976,	
conservación 1 322 1 5177,	
ajustó 2 322 2 3590,8947,	
les 2 322 2 3589,8946,	
mg/dl 6 322 6 3584,4112,4119,8941,9469,9476,	
sérica 10 322 10 3578,3726,3845,3871,4109,8935,9083,9202,9228,9466,	
715 2 322 2 3566,8923,	
mortalidad 7 322 7 3563,3732,3817,5123,8920,9089,9174,	
causas 2 322 2 3561,8918,	
años) 7 322 7 3549,4131,4662,4669,4811,8906,9488,	
evaluaron 2 322 2 3539,8896,	
amlodipino 12 322 12 3535,3614,3705,3770,3794,4016,8892,8971,9062,9127,9151,9373,	
controlado 4 322 4 3528,4089,8885,9446,	
morbi-mortalidad 2 322 2 3524,8881,	
progresión 9 322 9 3504,3554,4071,4136,4292,8861,8911,9428,9493,	
Nephropathy 2 322 2 3497,8854,	
Diabetic 2 322 2 3496,8853,	
(Irbesartan 2 322 2 3495,8852,	
respectivamente 9 322 9 3480,3706,3771,3921,4550,8837,9063,9128,9278,	
-0 2 322 2 3477,8834,	
+0 2 322 2 3473,8830,	
variación 2 322 2 3470,8827,	
tomaban 4 322 4 3460,3467,8817,8824,	
PADSe 2 322 2 3452,8809,	
aumentó 2 322 2 3445,8802,	
PASSe 2 322 2 3444,8801,	
período 2 322 2 3426,8783,	
(PADSe) 2 322 2 3403,8760,	
diastólica 2 322 2 3399,8756,	
ajustado 2 322 2 3394,8751,	
distintas 2 322 2 3389,8746,	
aparentes 2 322 2 3386,8743,	
hubo 6 322 6 3383,3887,4923,5066,8740,9244,	
alta) 4 322 4 3381,3422,8738,8779,	
baja) 4 322 4 3369,3411,8726,8768,	
(dosis 12 322 12 3368,3374,3380,3410,3415,3421,8725,8731,8737,8767,8772,8778,	
mmHg 20 322 20 3367,3373,3379,3409,3414,3420,3449,3456,3475,3479,8724,8730,8736,8766,8771,8777,8806,8813,8832,8836,	
11 3 322 3 3365,5317,8722,	
absorbe 1 322 1 4349,	
comparación 2 322 2 3358,8715,	
(PASSe) 2 322 2 3356,8713,	
sentado 4 322 4 3353,3400,8710,8757,	
sistólica 4 322 4 3352,3663,8709,9020,	
principal 11 322 11 3346,3393,3716,3753,3808,4440,8703,8750,9073,9110,9165,	
variable 10 322 10 3345,3715,3752,3807,3939,8702,9072,9109,9164,9296,	
(media) 2 322 2 3329,8686,	
(baja) 2 322 2 3325,8682,	
mg/kg 6 322 6 3324,3328,3333,8681,8685,8690,	
ajustes 2 322 2 3316,8673,	
conedades 2 322 2 3302,8659,	
continuó 1 322 1 4307,	
hipertensión) 2 322 2 3301,8658,	
familiar 2 322 2 3299,8656,	
urinaria 2 322 2 3276,8633,	
secreción 2 322 2 3275,8632,	
úrico 4 322 4 3271,3279,8628,8636,	
aproxima 2 322 2 3255,8612,	
evaluados 1 322 1 4788,	
antihipertensiva 2 322 2 3247,8604,	
12 4 322 4 3240,4802,4810,8597,	
administra 2 322 2 3231,8588,	
inferior 3 322 3 3227,4515,8584,	
notablemente 2 322 2 3226,8583,	
7-10/3-6 2 322 2 3182,8539,	
(12 2 322 2 3163,8520,	
tiazida 2 322 2 3141,8498,	
rebote 2 322 2 3127,8484,	
basales 4 322 4 3120,3362,8477,8719,	
gradualmente 2 322 2 3116,8473,	
considerados 1 322 1 5000,	
retorna 2 322 2 3115,8472,	
Tras 6 322 6 3106,3423,4343,4400,8463,8780,	
alcanzándose 2 322 2 3083,8440,	
1-2 2 322 2 3081,8438,	
evidente 3 322 3 3079,4297,8436,	
tomas 2 322 2 3068,8425,	
dividida 2 322 2 3065,8422,	
total 9 322 9 3064,3915,3925,4028,4540,8421,9272,9282,9385,	
resto 1 322 1 4727,	
respuesta 6 322 6 3055,3220,3246,8412,8577,8603,	
obtiene 2 322 2 3048,8405,	
diaria 5 322 5 3043,4583,4761,4849,8400,	
Trial) 2 322 2 3498,8855,	
única 4 322 4 3042,4582,4760,8399,	
Con 3 322 3 3039,4841,8396,	
obtenido 2 322 2 3034,8391,	
sistólico 2 322 2 3033,8390,	
diastólico 2 322 2 3031,8388,	
correspondiente 2 322 2 3029,8386,	
60-70% 2 322 2 3027,8384,	
A 7 322 7 3015,3585,4494,4966,5046,8372,8942,	
reductor 6 322 6 3003,3071,3130,8360,8428,8487,	
diana 1 322 1 4932,	
3-6 2 322 2 2995,8352,	
transcurridas 5 322 5 2994,3087,4529,8351,8444,	
alcanza 4 322 4 2993,4528,4569,8350,	
/diastólica) 2 322 2 2979,8336,	
(sistólica 2 322 2 2978,8335,	
Hg 12 322 12 2977,3184,3651,3658,3675,4180,8334,8541,9008,9015,9032,9537,	
mm 12 322 12 2976,3183,3650,3657,3674,4179,8333,8540,9007,9014,9031,9536,	
8-13/5-8 2 322 2 2975,8332,	
dosificación) 2 322 2 2970,8327,	
decir 2 322 2 2965,8322,	
teratogénicos 1 322 1 5129,	
(es 2 322 2 2964,8321,	
valle 10 322 10 2963,3051,3180,3355,3402,8320,8408,8537,8712,8759,	
sedestación 2 322 2 2960,8317,	
disminuyen 2 322 2 2953,8310,	
Dosis 2 322 2 2947,8304,	
tendencia 4 322 4 2935,3826,8292,9183,	
diarias 6 322 6 2933,2949,4591,4766,8290,8306,	
únicas 5 322 5 2932,2948,4590,8289,8305,	
mínimo 2 322 2 2917,8274,	
cambio 4 322 4 2916,3392,8273,8749,	
reduce 4 322 4 2910,3502,8267,8859,	
Eficacia 2 322 2 2906,8263,	
activación 2 322 2 2901,8258,	
requiere 2 322 2 2900,8257,	
inactivos 2 322 2 2897,8254,	
metabolitos 3 322 3 2896,4695,8253,	
bradiquinina 2 322 2 2894,8251,	
degrada 2 322 2 2892,8249,	
causa 4 322 4 3735,3820,9092,9177,	
genera 2 322 2 2887,8244,	
(quininasa-II) 2 322 2 2883,8240,	
inhibe 2 322 2 2880,8237,	
monoterapia 6 322 6 2877,3154,3223,8234,8511,8580,	
recomendadas 4 322 4 2873,3038,8230,8395,	
significativamente 8 322 8 2869,3709,4369,4679,4869,4896,8226,9066,	
modifican 4 322 4 2868,4868,4895,8225,	
aldosterona 2 322 2 2860,8217,	
concentración 4 322 4 2857,4524,4563,8214,	
disminución 6 322 6 2854,2923,4958,5012,8211,8280,	
renina 2 322 2 2849,8206,	
(AT1) 2 322 2 2840,8197,	
antagonismo 2 322 2 2832,8189,	
síntesis 2 322 2 2827,8184,	
origen 2 322 2 2822,8179,	
independencia 2 322 2 2820,8177,	
AT1 2 322 2 2818,8175,	
mediadas 2 322 2 2814,8171,	
bloquear 2 322 2 2807,8164,	
Parece 2 322 2 2806,8163,	
vía 6 322 6 2804,2825,4432,4699,8161,8182,	
AT1) 2 322 2 2801,8158,	
(tipo 2 322 2 2800,8157,	
receptor 4 322 4 2796,2817,8153,8174,	
selectivo 4 322 4 2794,2833,8151,8190,	
antagonista 2 322 2 2793,8150,	
potente 2 322 2 2792,8149,	
Mecanismo 2 322 2 2786,8143,	
A04 2 322 2 2785,8142,	
C09C 2 322 2 2784,8141,	
ATC 2 322 2 2783,8140,	
Código 2 322 2 2782,8139,	
monofármacos 2 322 2 2781,8138,	
promedio 2 322 2 2973,8330,	
farmacoterapéutico 2 322 2 2777,8134,	
Grupo 2 322 2 2776,8133,	
conservar 1 322 1 5179,	
Propiedades 3 322 3 2774,4341,8131,	
	5 2 322 2 2772,8129,	
ESTE 2 322 2 2770,8127,	
FARMACOLÓGICAS 2 322 2 2768,8125,	
PROPIEDADES 2 322 2 2767,8124,	
elimina 3 322 3 2763,4883,8120,	
activado 2 322 2 2750,8107,	
vegetal 2 322 2 2749,8106,	
carbón 2 322 2 2748,8105,	
gástrico 2 322 2 2746,8103,	
lavado 2 322 2 2745,8102,	
emesis 2 322 2 2743,8100,	
inducción 2 322 2 2740,8097,	
incluyen 2 322 2 2739,8096,	
medidas 2 322 2 2737,8094,	
sintomático 2 322 2 2732,8089,	
vigilado 2 322 2 2726,8083,	
estrechamente 2 322 2 2725,8082,	
específica 2 322 2 2712,8069,	
bradicardia 2 322 2 2706,8063,	
taquicardia; 2 322 2 2699,8056,	
sobredosis 8 322 8 2695,2703,2718,2759,8052,8060,8075,8116,	
FARMACÉUTICOS 1 322 1 5136,	
probables 2 322 2 2693,8050,	
signos 2 322 2 2691,8048,	
distribución 1 322 1 4395,	
reveló 2 322 2 2688,8045,	
mg/día 6 322 6 2683,3575,4149,8040,8932,9506,	
900 4 322 4 2682,3574,8039,8931,	
expuestos 2 322 2 2677,8034,	
(diabetes 2 322 2 3297,8654,	
adultos 4 322 4 2676,4796,4833,8033,	
Sobredosis 2 322 2 2672,8029,	
9 6 322 6 2671,3371,4408,5327,8028,8728,	
(CK) 2 322 2 2662,8019,	
Business 1 322 1 5307,	
valores 9 322 9 2658,3119,3361,4357,4645,4817,8015,8476,8718,	
(6 2 322 2 2655,8012,	
observadas 2 322 2 2644,8001,	
anormalidades 2 322 2 2641,7998,	
abierta 2 322 2 2632,7989,	
Durante 4 322 4 2629,3280,7986,8637,	
(0 2 322 2 2627,7984,	
(2 5 322 5 2621,4130,4769,7978,9487,	
9%) 8 322 8 2619,2625,2628,4235,7976,7982,7985,9592,	
(7 2 322 2 2618,7975,	
cabeza 2 322 2 2617,7974,	
semanas 17 322 17 2612,2637,2686,3082,3089,3285,3340,3429,4781,7969,7994,8043,8439,8446,8642,8697,8786,	
ciego 6 322 6 2609,3526,4088,7966,8883,9445,	
fase 4 322 4 2607,2631,7964,7988,	
aparecieron 2 322 2 2600,7957,	
318 4 322 4 2587,3289,7944,8646,	
cabo 4 322 4 2585,3336,7942,8693,	
llevó 2 322 2 2583,7940,	
circulante 2 322 2 4418,4442,	
aleatorizado 2 322 2 2580,7937,	
anomalías 2 322 2 2570,7927,	
Hepatitis 2 322 2 2569,7926,	
hepatobiliares 2 322 2 2568,7925,	
urticaria 2 322 2 2566,7923,	
rash 2 322 2 2564,7921,	
hipersensibilidad 2 322 2 2561,7918,	
inmunológico 2 322 2 2558,7915,	
metabolismo 2 322 2 2549,7906,	
musculares 2 322 2 2546,7903,	
calambres 2 322 2 2545,7902,	
cinasa) 2 322 2 2544,7901,	
elevados 5 322 5 2541,2659,4656,7898,8016,	
plasmáticos 4 322 4 2540,2846,7897,8203,	
mialgia 2 322 2 2531,7888,	
re­aleatorizados 2 322 2 3436,8793,	
Artralgia 2 322 2 2530,7887,	
leucocitoclástica 2 322 2 2523,7880,	
Vasculitis 2 322 2 2522,7879,	
subcutáneo 2 322 2 2521,7878,	
piel 2 322 2 2517,7874,	
fallo 2 322 2 2504,7861,	
casos 4 322 4 2502,2534,7859,7891,	
urinarios 2 322 2 2498,7855,	
Disgeusia 2 322 2 2494,7851,	
Tinnitus 2 322 2 2491,7848,	
basofílicos 1 322 1 4992,	
laberinto 2 322 2 2490,7847,	
angioedema 2 322 2 2563,7920,	
oído 2 322 2 2487,7844,	
Cefalea 2 322 2 2484,7841,	
derivan 2 322 2 2475,7832,	
http 1 322 1 5378,	
conoce 2 322 2 2469,7826,	
post-comercialización; 2 322 2 2466,7823,	
siguientes 4 322 4 2457,2602,7814,7959,	
disfunción 2 322 2 2454,7811,	
mama 2 322 2 2451,7808,	
reproductor 2 322 2 2447,7804,	
aparato 2 322 2 2446,7803,	
torácico 2 322 2 2443,7800,	
lugar 2 322 2 2435,7792,	
generales 2 322 2 2430,7787,	
ortostática* 2 322 2 2425,7782,	
vasculares 2 322 2 2422,7779,	
dolor 6 322 6 2419,2442,2615,7776,7799,7972,	
tejido 6 322 6 2416,2520,2528,7773,7877,7885,	
musculoesqueléticos 4 322 4 2413,2525,7770,7882,	
mg/kg/día 3 322 3 4948,4953,5029,	
dispepsia/pirosis 2 322 2 2411,7768,	
náuseas/vómitos 2 322 2 2407,7764,	
gastrointestinales 4 322 4 2405,2493,7762,7850,	
tos 4 322 4 2403,2626,7760,7983,	
mediastínicos 2 322 2 2400,7757,	
torácicos 2 322 2 2398,7755,	
respiratorios 2 322 2 2397,7754,	
ortostático* 2 322 2 2395,7752,	
nervioso 4 322 4 2391,2483,7748,7840,	
Trastornos 34 322 34 2383,2388,2396,2404,2412,2421,2429,2444,2480,2485,2492,2495,2514,2524,2547,2555,2567,7740,7745,7753,7761,7769,7778,7786,7801,7837,7842,7849,7852,7871,7881,7904,7912,7924,	
(frecuentes) 2 322 2 2371,7728,	
7% 2 322 2 2370,7727,	
clínicamente 5 322 5 2365,3266,4935,7722,8623,	
sexual 2 322 2 2455,7812,	
hemoglobina* 2 322 2 2361,7718,	
clínicas 2 322 2 2351,7708,	
alteraciones 4 322 4 2349,2432,7706,7789,	
Ninguno 2 322 2 2342,7699,	
plasmática 9 322 9 2341,2858,4417,4525,4564,4597,4854,7698,8215,	
creatina-cinasa 4 322 4 2340,2661,7697,8018,	
Fecha 2 322 2 5336,5344,	
corporal 1 322 1 4539,	
7%) 4 322 4 2338,4245,7695,9602,	
(1 4 322 4 2337,2624,7694,7981,	
significativos 4 322 4 2336,3267,7693,8624,	
controlan 2 322 2 3149,8506,	
Frecuentes 12 322 12 2326,2392,2406,2418,2423,2438,7683,7749,7763,7775,7780,7795,	
26 4 322 4 2318,2636,7675,7993,	
3% 4 322 4 2308,2319,7665,7676,	
46 2 322 2 2307,7664,	
22% 2 322 2 2280,7637,	
4% 2 322 2 2267,7624,	
29 2 322 2 2266,7623,	
tratados 16 322 16 2239,2271,2312,2330,2380,2669,3701,3742,7596,7628,7669,7687,7737,8026,9058,9099,	
150-300 2 322 2 2951,8308,	
hiperkalemia* 2 322 2 2232,7589,	
REVISIÓN 1 322 1 5356,	
complementarias 2 322 2 2227,7584,	
Exploraciones 2 322 2 2226,7583,	
intervalo 2 322 2 2223,7580,	
gravedad 2 322 2 2219,7576,	
decreciente 2 322 2 2217,7574,	
orden 2 322 2 2216,7573,	
000) 2 322 2 2209,7566,	
(< 4 322 4 2207,4318,4601,7564,	
000); 2 322 2 2204,7561,	
1/10 4 322 4 2200,2208,7557,7565,	
1/100); 2 322 2 2197,7554,	
000 4 322 4 2195,2201,7552,7558,	
1/1 4 322 4 2194,2203,7551,7560,	
< 8 322 8 2189,2196,2202,4116,7546,7553,7559,9473,	
1/100 2 322 2 2188,7545,	
1/10); 4 322 4 2185,2190,7542,7547,	
( 15 322 15 2184,2187,2193,2199,2260,2301,4660,4946,4970,7541,7544,7550,7556,7617,7658,	
frecuentes 20 322 20 2183,2186,2192,2229,2386,2402,2409,2427,2441,2453,7540,7543,7549,7586,7743,7759,7766,7784,7798,7810,	
según 4 322 4 2178,3617,7535,8974,	
agrupadas 2 322 2 2177,7534,	
encuentran 2 322 2 2176,7533,	
mencionadas 2 322 2 2172,7529,	
indujo 1 322 1 4980,	
Las 8 322 8 2169,2210,2456,2736,7526,7567,7813,8093,	
mantiene 4 322 4 3009,3099,8366,8456,	
superiores 4 322 4 2165,4496,4969,7522,	
crónica 6 322 6 2158,2297,3514,7515,7654,8871,	
Incompatibilidades 1 322 1 5162,	
2% 5 322 5 2149,2665,4732,7506,8022,	
> 6 322 6 2148,3672,4147,7505,9029,9504,	
notificadas 4 322 4 2146,2462,7503,7819,	
adicionalmente 2 322 2 2145,7502,	
historia 2 322 2 3298,8655,	
refieren 2 322 2 2138,7495,	
(*) 2 322 2 2135,7492,	
asterisco 2 322 2 2134,7491,	
marcados 2 322 2 2131,7488,	
términos 2 322 2 2130,7487,	
recibieron 5 322 5 2127,3629,4835,7484,8986,	
asociaron 2 322 2 4184,9541,	
965 2 322 2 2125,7482,	
notificaron 2 322 2 2113,7470,	
presenta 3 322 3 2107,4475,7464,	
siguiente 4 322 4 2105,3406,7462,8763,	
superior 5 322 5 2100,2980,5182,7457,8337,	
frecuentes) 2 322 2 2095,7452,	
(poco 2 322 2 2094,7451,	
5% 2 322 2 2093,7450,	
0 14 322 14 2092,3322,3455,3583,3783,3797,4267,7449,8679,8812,8940,9140,9154,9624,	
ortostático 2 322 2 2089,7446,	
normal 6 322 6 2082,2256,4107,7439,7613,9464,	
microalbuminuria 8 322 8 2078,2252,4078,4101,7435,7609,9435,9458,	
duración 8 322 8 2069,2614,2639,3861,7426,7971,7996,9218,	
edad 6 322 6 2065,3195,3860,7422,8552,9217,	
sexo 6 322 6 2064,3198,3858,7421,8555,9215,	
recomendado) 2 322 2 2062,7419,	
rango 3 322 3 2059,4486,7416,	
relacionó 2 322 2 2053,7410,	
Poco 12 322 12 2385,2401,2408,2426,2440,2452,7742,7758,7765,7783,7797,7809,	
incidencia 8 322 8 2047,3956,3970,3996,7404,9313,9327,9353,	
(4 2 322 2 2044,7401,	
3%) 2 322 2 2038,7395,	
(3 2 322 2 2037,7394,	
tratado 8 322 8 2034,3768,3982,4223,7391,9125,9339,9580,	
frecuente 3 322 3 2030,4323,7387,	
laboratorio 4 322 4 2027,2643,7384,8000,	
interrupción 4 322 4 2019,3108,7376,8465,	
5%) 6 322 6 2017,2045,2656,7374,7402,8013,	
2%) 6 322 6 2011,2622,4229,7368,7979,9586,	
(56 4 322 4 2010,2016,7367,7373,	
diferente 2 322 2 2005,7362,	
frecuencia 12 322 12 1998,2180,2225,2471,2647,2920,7355,7537,7582,7828,8004,8277,	
realizados 3 322 3 1993,5076,7350,	
placebo 43 322 43 1992,2015,2043,2103,2120,2168,2246,2286,2325,2984,3442,3461,3537,3616,3691,3764,3780,3988,4092,4233,4264,4337,7349,7372,7400,7460,7477,7525,7603,7643,7682,8341,8799,8818,8894,8973,9048,9121,9137,9345,9449,9590,9621,	
adversas 14 322 14 1985,2110,2142,2171,2212,2459,2604,7342,7467,7499,7528,7569,7816,7961,	
Reacciones 4 322 4 1984,2559,7341,7916,	
fatiga 4 322 4 1981,2439,7338,7796,	
mareo 10 322 10 1979,2088,2393,2394,2623,7336,7445,7750,7751,7980,	
aparecer 2 322 2 1978,7335,	
cuenta 2 322 2 1972,7329,	
tenerse 2 322 2 1970,7327,	
Al 4 322 4 1964,3335,7321,8692,	
plazo 6 322 6 3105,3544,4129,8462,8901,9486,	
altere 2 322 2 1961,7318,	
improbable 2 322 2 1958,7315,	
propiedades 2 322 2 1955,7312,	
estudios 7 322 7 1939,4352,4451,4909,4938,5075,7296,	
máquinas 4 322 4 1934,1951,7291,7308,	
utilizar 6 322 6 1933,1950,1967,7290,7307,7324,	
conducir 6 322 6 1931,1948,1965,7288,7305,7322,	
capacidad 6 322 6 1929,1946,1963,7286,7303,7320,	
Efectos 2 322 2 1926,7283,	
7 8 322 8 1925,2847,3366,5229,5242,5295,7282,8723,	
ratas 4 322 4 1922,4950,5026,7279,	
leche 4 322 4 1913,1920,7270,7277,	
excreta 5 322 5 1910,1917,4737,7267,7274,	
Menos 1 322 1 4730,	
desconoce 3 322 3 1906,4519,7263,	
periodo 4 322 4 1902,3282,7259,8639,	
Lactancia 2 322 2 1892,7249,	
monitorizados 2 322 2 1879,7236,	
cuidadosamente 2 322 2 1878,7235,	
hayan 3 322 3 1871,5281,7228,	
madres 2 322 2 1870,7227,	
lactantes 4 322 4 1868,1923,7225,7280,	
cráneo 2 322 2 1866,7223,	
Datos 1 322 1 4918,	
ultrasonidos 2 322 2 1859,7216,	
media 2 322 2 3056,8413,	
adversos 6 322 6 2002,2023,2050,7359,7380,7407,	
prueba 2 322 2 1857,7214,	
detectaron 1 322 1 4622,	
partir 2 322 2 1847,7204,	
produce 8 322 8 1841,1883,2841,3170,7198,7240,8198,8527,	
3) 4 322 4 1838,1899,7195,7256,	
hiperpotasemia) 2 322 2 1834,7191,	
(fallo 2 322 2 1831,7188,	
eliminación 4 322 4 4554,4675,5268,5270,	
frecuentemente 2 322 2 2234,7591,	
neonatal 2 322 2 1830,7187,	
toxicidad 7 322 7 1829,2689,4926,4929,5119,7186,8046,	
dosis-dependiente 2 322 2 2929,8286,	
craneal) 2 322 2 1827,7184,	
incluye 2 322 2 3719,9076,	
osificación 2 322 2 1826,7183,	
retraso 2 322 2 1823,7180,	
oral 7 322 7 2805,4346,4403,4514,4536,4707,8162,	
conjuntivo 4 322 4 2417,2529,7774,7886,	
oligohidramnios 2 322 2 1822,7179,	
Basándose 2 322 2 1952,7309,	
(disminución 2 322 2 1817,7174,	
humana 4 322 4 1816,1914,7173,7271,	
fetotoxicidad 2 322 2 1815,7172,	
compararon 2 322 2 3533,8890,	
induce 3 322 3 1814,5019,7171,	
Se 8 322 8 1800,1905,2352,3538,7157,7262,7709,8895,	
10 7 322 7 3611,3656,4490,5073,5352,8968,9013,	
ARA 2 322 2 1751,7108,	
riesgos 2 322 2 1735,7092,	
existir 2 322 2 1734,7091,	
(ARAII) 2 322 2 1729,7086,	
soporte 2 322 2 2735,8092,	
específicos 2 322 2 1713,7070,	
epidemiológicos 2 322 2 1712,7069,	
pequeño 2 322 2 1704,7061,	
excluir 2 322 2 1702,7059,	
concluyente; 2 322 2 1696,7053,	
sido 7 322 7 1695,1872,2461,4748,7052,7229,7818,	
ECA 6 322 6 1686,2882,4192,7043,8239,9549,	
global 2 322 2 1999,7356,	
exposición 6 322 6 1681,1804,1843,7038,7161,7200,	
urea 1 322 1 4997,	
teratogenicidad 2 322 2 1678,7035,	
epidemiológica 2 322 2 1673,7030,	
evidencia 6 322 6 1672,3888,4924,5067,7029,9245,	
segundo 6 322 6 1658,1809,1849,7015,7166,7206,	
contraindicado 4 322 4 1650,1895,7007,7252,	
Está 2 322 2 1649,7006,	
trimestre 10 322 10 1642,1661,1690,1813,1850,6999,7018,7047,7170,7207,	
primer 4 322 4 1641,1689,6998,7046,	
coadministración 2 322 2 1622,6979,	
modificó 3 322 3 1619,4678,6976,	
rifampicina 2 322 2 1607,6964,	
inductores 2 322 2 1603,6960,	
evaluado 2 322 2 1598,6955,	
metabolizado 2 322 2 1592,6949,	
warfarina 2 322 2 1589,6946,	
significativas 7 322 7 1582,3385,3930,4936,6939,8742,9287,	
farmacodinámicas 6 322 6 1581,1956,2775,6938,7313,8132,	
farmacocinéticas 3 322 3 1579,4342,6936,	
observaron 7 322 7 1577,2334,3928,4607,6934,7691,9285,	
glucuronización 2 322 2 1574,6931,	
medida 2 322 2 1572,6929,	
menor 4 322 4 1571,4217,6928,9574,	
CYP2C9 6 322 6 1568,1594,1605,6925,6951,6962,	
metaboliza 3 322 3 1564,4426,6921,	
Irbesartan 22 322 22 1562,1915,2760,2789,2878,2898,2909,3707,4049,4424,4474,4692,4880,6919,7272,8117,8146,8235,8255,8266,9064,9406,	
farmacocinética 9 322 9 1559,1610,1614,4477,4744,4792,6916,6967,6971,	
modifica 5 322 5 1557,3192,4368,6914,8549,	
adicional 2 322 2 1545,6902,	
nutrición 2 322 2 2553,7910,	
Información 2 322 2 1544,6901,	
periódicamente 2 322 2 1541,6898,	
comienzo 2 322 2 1535,6892,	
después 4 322 4 1533,1542,6890,6899,	
monitorización 2 322 2 1528,6885,	
hidratados 2 322 2 1523,6880,	
mEq/l) 4 322 4 2263,2304,7620,7661,	
administrada 2 322 2 1512,6869,	
previa 2 322 2 1507,6864,	
aumento 4 322 4 1495,1705,6852,7062,	
empeoramiento 2 322 2 1482,6839,	
incremento 13 322 13 1478,2649,3953,3993,4152,4273,4509,6835,8006,9310,9350,9509,9630,	
tabla 2 322 2 2106,7463,	
(ECA) 2 322 2 1462,6819,	
conversora 2 322 2 1459,6816,	
atenuación 2 322 2 1448,6805,	
ocurrir 2 322 2 1446,6803,	
selectivos) 2 322 2 1444,6801,	
with 2 322 2 4055,9412,	
AINEs 4 322 4 1442,1474,6799,6831,	
g/día) 2 322 2 1440,6797,	
(> 2 322 2 1438,6795,	
salicílico 2 322 2 1437,6794,	
acetil 2 322 2 1436,6793,	
digoxina 2 322 2 1616,6973,	
ácido 6 322 6 1435,3270,3278,6792,8627,8635,	
COX- 2 322 2 1433,6790,	
ejemplo 2 322 2 1431,6788,	
(por 2 322 2 1430,6787,	
antiinflamatorios 2 322 2 1427,6784,	
simultáneamente 2 322 2 1424,6781,	
administran 2 322 2 1419,6776,	
esteroideos 4 322 4 1416,1429,6773,6786,	
Antiinflamatorios 2 322 2 1414,6771,	
riguroso 2 322 2 1407,6764,	
necesaria 2 322 2 1401,6758,	
máxima 4 322 4 2987,4504,4526,8344,	
fuera 4 322 4 1400,3671,6757,9028,	
recomendada(ver 2 322 2 1393,6750,	
está 5 322 5 1392,1894,5365,6749,7251,	
raramente 2 322 2 1378,6735,	
Muy 4 322 4 1377,2228,6734,7585,	
tóxicos 3 322 3 1376,5084,6733,	
séricas 2 322 2 1371,6728,	
reversibles 2 322 2 1367,6724,	
Reino 1 322 1 5315,	
incrementos 8 322 8 1366,2335,2345,2842,6723,7692,7702,8199,	
descrito 5 322 5 1365,1381,5110,6722,6738,	
conversor 2 322 2 1359,6716,	
heparina) 2 322 2 1343,6700,	
incrementar 2 322 2 1336,6693,	
contengan 2 322 2 1327,6684,	
sustitutos 2 322 2 1322,6679,	
suplementos 2 322 2 1318,6675,	
producir 2 322 2 1304,6661,	
dado 2 322 2 1293,6650,	
(sistólica/diastólica) 2 322 2 3185,8542,	
ahorradores 4 322 4 1290,1314,6647,6671,	
paciente 2 322 2 2722,8079,	
Suplementos 2 322 2 1285,6642,	
cuyas 2 322 2 1869,7226,	
causar 2 322 2 1267,6624,	
elevadas 5 322 5 1263,4614,4943,4995,6620,	
previo 2 322 2 1260,6617,	
tiazídicos 2 322 2 1257,6614,	
prolongada 2 322 2 1254,6611,	
acción 5 322 5 1253,2788,5042,6610,8145,	
calcio 4 322 4 1251,4197,6608,9554,	
bloqueantes 2 322 2 1246,6603,	
rubor 2 322 2 2428,7785,	
betabloqueantes 4 322 4 1245,3639,6602,8996,	
administrar 2 322 2 1236,6593,	
interacciones 6 322 6 1234,1548,1578,6591,6905,6935,	
(en 5 322 5 2057,2532,5025,7414,7889,	
han 20 322 20 1232,1364,1380,1597,1937,2460,2536,3263,4907,5081,5109,5126,6589,6721,6737,6954,7294,7817,7893,8620,	
embargo 8 322 8 1229,1698,3949,4619,4671,6586,7055,9306,	
irbesartan; 2 322 2 1227,6584,	
hipotensores 3 322 3 1225,5006,6582,	
taquicardia 2 322 2 2387,7744,	
efectos 23 322 23 1224,1375,1382,1600,2001,2022,2049,3265,3541,4126,5005,5083,5128,6581,6732,6739,6957,7358,7379,7406,8622,8898,9483,	
potenciar 2 322 2 1222,6579,	
Diuréticos 2 322 2 1213,6570,	
interacción 2 322 2 1212,6569,	
formas 2 322 2 1210,6567,	
Interacción 2 322 2 1203,6560,	
(media 2 322 2 3545,8902,	
extensión 2 322 2 1186,6543,	
comparables 1 322 1 4827,	
avalar 2 322 2 1184,6541,	
disponer 2 322 2 1179,6536,	
esperar 2 322 2 1177,6534,	
16 7 322 7 1173,2598,3307,6530,7493,7955,8664,	
comprendidas 6 322 6 1169,2594,3303,6526,7951,8660,	
edades 4 322 4 1168,2593,6525,7950,	
UB8 1 322 1 5312,	
pediátricas 2 322 2 1166,6523,	
estudiado 2 322 2 1163,6520,	
glucosa 2 322 2 1149,6506,	
problemas 2 322 2 1145,6502,	
Laponia) 2 322 2 1143,6500,	
poblaciones 4 322 4 1141,1165,6498,6522,	
comprendida 2 322 2 3579,8936,	
observada 2 322 2 1138,6495,	
(insuficiencia 2 322 2 1137,6494,	
Lapp 2 322 2 1136,6493,	
lactasa 2 322 2 1134,6491,	
galactosa 4 322 4 1130,1151,6487,6508,	
intolerancia 2 322 2 1127,6484,	
Los 16 322 16 1124,1518,1867,2129,2690,2861,4450,4644,4812,5074,6481,6875,7224,7486,8047,8218,	
Lactosa 3 322 3 1119,5146,6476,	
procede 5 322 5 1107,1795,5164,6464,7152,	
inmediatamente 4 322 4 1099,1787,6456,7144,	
deberá 4 322 4 1097,1785,6454,7142,	
diagnostique 4 322 4 1094,1782,6451,7139,	
Cuando 8 322 8 1092,1780,3228,3799,6449,7137,8585,9156,	
conocido 4 322 4 1085,1773,6442,7130,	
perfil 4 322 4 1082,1770,6439,7127,	
tenga 4 322 4 1080,1768,6437,7125,	
alternativo 8 322 8 1078,1111,1766,1799,6435,6468,7123,7156,	
cambiar 4 322 4 1073,1761,6430,7118,	
deberán 4 322 4 1072,1876,6429,7233,	
embarazadas 4 322 4 1071,1759,6428,7116,	
quedarse 4 322 4 1070,1758,6427,7115,	
planeando 4 322 4 1069,1757,6426,7114,	
estén 5 322 5 1068,1756,5257,6425,7113,	
ARAII 16 322 16 1064,1104,1638,1655,1792,1806,1845,1875,6421,6461,6995,7012,7149,7163,7202,7232,	
continuar 4 322 4 1059,1747,6416,7104,	
considere 4 322 4 1057,1745,6414,7102,	
Salvo 4 322 4 1054,1742,6411,7099,	
II) 2 322 2 1050,6407,	
(ARA 2 322 2 1049,6406,	
II 10 322 10 1048,1423,1472,1728,1752,6405,6780,6829,7085,7109,	
Angiotensina 4 322 4 1047,1727,6404,7084,	
Receptores 4 322 4 1044,1725,6401,7082,	
Antagonistas 6 322 6 1041,1722,2778,6398,7079,8135,	
ningún 2 322 2 1038,6395,	
Embarazo 6 322 6 1033,1627,1630,6390,6984,6987,	
hiporreninénicos 2 322 2 1028,6385,	
estados 2 322 2 1027,6384,	
prevalencia 2 322 2 1025,6382,	
mg/kg/día) 1 322 1 4972,	
población 10 322 10 1018,3856,3918,3924,4027,6375,9213,9275,9281,9384,	
posiblemente 2 322 2 1013,6370,	
debido 2 322 2 1012,6369,	
negra 10 322 10 1011,1021,3217,3253,3905,6368,6378,8574,8610,9262,	
efectivos 2 322 2 998,6355,	
concentraciones 4 322 4 1370,4608,4993,6727,	
aparentemente 2 322 2 996,6353,	
son 4 322 4 995,2696,6352,8053,	
(9 2 322 2 4244,9601,	
angiotensia 2 322 2 994,6351,	
cerebrovascular 2 322 2 971,6328,	
accidente 2 322 2 970,6327,	
miocardio 8 322 8 967,3960,3974,4000,6324,9317,9331,9357,	
infarto 8 322 8 965,3958,3972,3998,6322,9315,9329,9355,	
provocar 4 322 4 963,1476,6320,6833,	
024) 2 322 2 3784,9141,	
isquémica 4 322 4 957,961,6314,6318,	
cardiopatía 2 322 2 956,6313,	
excesivo 2 322 2 948,6305,	
descenso 6 322 6 947,2356,3967,6304,7713,9324,	
(Effects 2 322 2 4047,9404,	
Como 8 322 8 940,972,1452,3199,6297,6329,6809,8556,	
raras 6 322 6 934,2198,2206,6291,7555,7563,	
oliguria 2 322 2 931,6288,	
uremia 2 322 2 930,6287,	
aguda 6 322 6 929,939,1492,6286,6296,6849,	
asociado 6 322 6 926,2347,2537,6283,7704,7894,	
angiotensina 12 322 12 909,985,1362,1422,1461,1471,6266,6342,6719,6779,6818,6828,	
convertidora 4 322 4 906,982,6263,6339,	
enzima 11 322 11 905,981,1358,1458,2885,4462,6262,6338,6715,6815,8242,	
inhibidores 14 322 14 902,978,1356,1432,1455,1683,4189,6259,6335,6713,6789,6812,7040,9546,	
renal) 2 322 2 898,6255,	
doble 6 322 6 2608,3525,4087,7965,8882,9444,	
incluyendo 7 322 7 893,1487,2501,5122,6250,6844,7858,	
subyacente 2 322 2 892,6249,	
enfermedad 6 322 6 890,959,3727,6247,6316,9084,	
congestiva 2 322 2 887,6244,	
cavitación 1 322 1 5089,	
diferencias 5 322 5 3384,3929,4623,8741,9286,	
cardíaca 2 322 2 886,6243,	
(ej 6 322 6 882,1342,3239,6239,6699,8596,	
actividad 2 322 2 878,6235,	
principalmente 5 322 5 875,1565,4459,6232,6922,	
dependen 2 322 2 874,6231,	
vascular 2 322 2 870,6227,	
tono 2 322 2 869,6226,	
cuyo 2 322 2 868,6225,	
Generales 2 322 2 865,6222,	
metabolito 1 322 1 4441,	
Por 4 322 4 856,1386,6213,6743,	
posible 2 322 2 1489,6846,	
inhibición 2 322 2 852,6209,	
actúan 6 322 6 850,1298,3207,6207,6655,8564,	
responden 2 322 2 842,6199,	
hiperaldosteronismo 2 322 2 838,6195,	
primario 4 322 4 834,839,6191,6196,	
Hiperaldosteronismo 2 322 2 833,6190,	
precaución 4 322 4 819,1514,6176,6871,	
concomitantemente 2 322 2 3232,8589,	
especial 2 322 2 818,6175,	
vasodilatadores 2 322 2 815,6172,	
sucede 6 322 6 812,941,3200,6169,6298,8557,	
obstructiva 4 322 4 810,832,6167,6189,	
hipertrófica 4 322 4 809,831,6166,6188,	
cardiomiopatía 4 322 4 808,830,6165,6187,	
mitral 4 322 4 807,827,6164,6184,	
aórtica 4 322 4 805,825,6162,6182,	
valvular 4 322 4 804,824,6161,6181,	
Estenosis 2 322 2 803,6160,	
litio 8 322 8 796,1354,1373,1413,6153,6711,6730,6770,	
0-3 2 322 2 3582,8939,	
combinación 10 322 10 794,1390,1399,1509,3156,6151,6747,6756,6866,8513,	
33% 2 322 2 3738,9095,	
continuación 2 322 2 2174,7531,	
Litio 4 322 4 789,1348,6146,6705,	
sérico 6 322 6 784,1498,3272,6141,6855,8629,	
estrecho 2 322 2 781,6138,	
006)] 2 322 2 3798,9155,	
cardiaca 6 322 6 772,2921,4024,6129,8278,9381,	
diabética 4 322 4 769,2378,6126,7735,	
debida 6 322 6 766,2020,4021,6123,7377,9378,	
franca 15 322 15 765,2161,2293,3517,4074,4139,4248,4295,6122,7518,7650,8874,9431,9496,9605,	
proteinuria 17 322 17 764,2160,2292,3516,3573,4073,4138,4247,4294,6121,7517,7649,8873,8930,9430,9495,9604,	
durante 39 322 39 753,1051,1089,1349,1639,1656,1687,1730,1777,1807,1900,1974,2463,2605,2684,3010,3057,3100,4281,4308,4779,6110,6408,6446,6706,6996,7013,7044,7087,7134,7164,7257,7331,7820,7962,8041,8367,8414,8457,	
renina-angiotensina 6 322 6 855,1302,3211,6212,6659,8568,	
hiperkalemia 8 322 8 752,1305,2259,2300,6109,6662,7616,7657,	
Hiperkalemia 4 322 4 739,2554,6096,7911,	
blanca 4 322 4 734,3260,6091,8617,	
raza 18 322 18 733,1010,1020,2066,3216,3252,3259,3859,3904,6090,6367,6377,7423,8573,8609,8616,9216,9261,	
sujetos 6 322 6 728,1008,4219,6085,6365,9576,	
mujeres 12 322 12 725,3897,3964,4007,4042,4616,4643,6082,9254,9321,9364,9399,	
favorable 2 322 2 723,6080,	
particular 2 322 2 720,6077,	
musculoesqueléticas 2 322 2 2350,7707,	
analizados 2 322 2 718,6075,	
uniforme 2 322 2 714,6071,	
cardiovasculares 4 322 4 711,3943,6068,9300,	
eventos 6 322 6 708,3749,3942,6065,9106,9299,	
observó 20 322 20 700,2084,2231,2258,2299,3812,3951,3991,4271,4507,4851,6057,7441,7588,7615,7656,9169,9308,9348,9628,	
diabéticos 10 322 10 2075,2153,2238,2249,2289,7432,7510,7595,7606,7646,	
avanzada 4 322 4 698,2379,6055,7736,	
incluyó 4 322 4 694,4094,6051,9451,	
ensayo 16 322 16 692,2579,2634,3493,3522,4044,4084,4123,6049,7936,7991,8850,8879,9401,9441,9480,	
realizado 5 322 5 689,1938,4908,6046,7295,	
análisis 2 322 2 688,6045,	
sometidos 2 322 2 674,6031,	
recientemente 2 322 2 673,6030,	
utilice 2 322 2 655,6012,	
máximo 3 322 3 3086,4773,8443,	
creatinina 12 322 12 651,2654,3577,3725,3844,3870,6008,8011,8934,9082,9201,9227,	
potasio 20 322 20 649,783,1287,1292,1316,1320,1328,1341,1497,2865,6006,6140,6644,6649,6673,6677,6685,6698,6854,8222,	
séricos 8 322 8 647,1339,1411,2863,6004,6696,6768,8220,	
niveles 23 322 23 646,1338,1410,2359,2539,2652,2845,2862,3723,3842,3868,4823,6003,6695,6767,7716,7896,8009,8202,8219,9080,9199,9225,	
periódicos 2 322 2 643,6000,	
ortostática 2 322 2 2086,7443,	
controles 2 322 2 642,5999,	
trasplante 4 322 4 637,676,5994,6033,	
intersticial 1 322 1 4988,	
angiotensina-II 20 322 20 633,918,2780,2799,2813,2830,2839,2852,2888,4196,5990,6275,8137,8156,8170,8187,8196,8209,8245,9553,	
receptores 6 322 6 630,915,2836,5987,6272,8193,	
antagonistas 14 322 14 627,912,991,1420,1468,4193,4198,5984,6269,6348,6777,6825,9550,9555,	
similar 4 322 4 624,4212,5981,9569,	
presentarse 4 322 4 621,2705,5978,8062,	
observado 15 322 15 617,975,1233,2354,2982,3124,3264,5127,5974,6332,6590,7711,8339,8481,8621,	
aspecto 2 322 2 613,5970,	
Aunque 6 322 6 611,1708,3878,5968,7065,9235,	
riesgo 26 322 26 604,776,1272,1480,1676,1707,1716,2509,3296,3711,3777,3791,4259,5961,6133,6629,6837,7033,7064,7073,7866,8653,9068,9134,9148,9616,	
8x1 1 322 1 5245,	
mayor 8 322 8 603,1024,2646,3172,5960,6381,8003,8529,	
existe 4 322 4 601,1022,5958,6379,	
evaluó 4 322 4 3287,4124,8644,9481,	
renina-angiotensina-aldosterona 6 322 6 600,749,881,5957,6106,6238,	
sistema 20 322 20 599,748,854,880,923,1301,2390,2482,2557,3210,5956,6105,6211,6237,6280,6658,7747,7839,7914,8567,	
afectan 6 322 6 597,746,920,5954,6103,6277,	
medicamentos 21 322 21 595,744,847,1207,1241,1296,1333,1426,1741,3204,5952,6101,6204,6564,6598,6653,6690,6783,7098,8561,9641,	
tratan 2 322 2 593,5950,	
funcionante 2 322 2 591,5948,	
único 2 322 2 590,5947,	
riñón 3 322 3 589,4985,5946,	
bilateral 2 322 2 581,5938,	
arteria 6 322 6 579,586,897,5936,5943,6254,	
estenosis 8 322 8 576,583,823,894,5933,5940,6180,6251,	
metabólica 2 322 2 2902,8259,	
presentan 4 322 4 575,2214,5932,7571,	
renovascular 2 322 2 570,5927,	
Hipertensión 6 322 6 569,2908,3485,5926,8265,8842,	
repetida 1 322 1 4844,	
media) 4 322 4 3375,3416,8732,8773,	
corregirse 2 322 2 562,5919,	
deben 8 322 8 561,1153,1520,1760,5918,6510,6877,7117,	
situaciones 2 322 2 560,5917,	
(alta) 2 322 2 3334,8691,	
similares 4 322 4 1383,1736,6740,7093,	
Estas 2 322 2 559,5916,	
sintomática 2 322 2 550,5907,	
hipotensión 20 322 20 549,606,928,1274,1833,1884,2085,2424,2620,2697,5906,5963,6285,6631,7190,7241,7442,7781,7977,8054,	
producirse 4 322 4 548,751,5905,6108,	
vómitos 2 322 2 546,5903,	
diarrea 4 322 4 544,2410,5901,7767,	
sal 4 322 4 543,1325,5900,6682,	
restrictivas 2 322 2 541,5898,	
dietas 2 322 2 540,5897,	
diuréticos 14 322 14 539,1256,1265,1289,1313,3139,3638,5896,6613,6622,6646,6670,8496,8995,	
prolongados 2 322 2 537,5894,	
útil 2 322 2 2753,8110,	
tratamientos 2 322 2 536,5893,	
y/o 6 322 6 533,770,2744,5890,6127,8101,	
consiguiente 2 322 2 3425,8782,	
sodio 2 322 2 532,5889,	
mg/kg) 1 322 1 4770,	
depleción 4 322 4 530,1268,5887,6625,	
intravascular 2 322 2 526,5883,	
volumen 7 322 7 525,534,1270,4393,5882,5891,6627,	
especiales 4 322 4 520,5175,5266,5877,	
precauciones 2 322 2 519,5876,	
Advertencias 2 322 2 517,5874,	
lactancia 6 322 6 510,1629,1904,5867,6986,7261,	
14 5 322 5 5194,5199,5210,5221,5232,	
Periodo 3 322 3 508,5167,5865,	
6) 6 322 6 507,514,1118,5864,5871,6475,	
embarazo 22 322 22 500,1053,1091,1096,1644,1663,1692,1732,1779,1784,1852,5857,6410,6448,6453,7001,7020,7049,7089,7136,7141,7209,	
trimestres 2 322 2 498,5855,	
tercer 6 322 6 497,1660,1812,5854,7017,7169,	
día) 2 322 2 3244,8601,	
Segundo 2 322 2 495,5852,	
tratadas 6 322 6 1873,4008,4014,7230,9365,9371,	
formulación 2 322 2 490,5847,	
activo 6 322 6 481,2802,2905,5838,8159,8262,	
principio 2 322 2 480,5837,	
Hipersensibilidad 2 322 2 478,5835,	
Contraindicaciones 2 322 2 477,5834,	
2) 6 322 6 474,1200,3484,5831,6557,8841,	
8 12 322 12 469,1195,1983,2685,3408,3627,5318,5826,6552,7340,8042,8765,	
presentó 4 322 4 3745,4246,9102,9603,	
combinada 6 322 6 3717,3754,3809,9074,9111,9166,	
secciones 12 322 12 467,502,1113,1193,1665,1886,5824,5859,6470,6550,7022,7243,	
eficacia 6 322 6 465,3187,3348,5822,8544,8705,	
seguridad 8 322 8 463,1084,1772,4921,4941,5820,6441,7129,	
suficientes 2 322 2 461,5818,	
datos 6 322 6 460,1182,1711,5817,6539,7068,	
hay 6 322 6 459,1175,1710,5816,6532,7067,	
IDNT 4 322 4 3494,3519,8851,8876,	
adolescentes 6 322 6 455,2590,3292,5812,7947,8649,	
niños 14 322 14 453,1191,2588,2668,3290,4752,4785,4798,4805,5810,6548,7945,8025,8647,	
recomienda 20 322 20 447,640,778,792,817,860,1308,1403,1633,1854,5804,5997,6135,6149,6174,6217,6665,6760,6990,7211,	
pediátricos 6 322 6 444,1158,2576,5801,6515,7933,	
magnesio 1 322 1 5150,	
proteínas 1 322 1 4378,	
generalmente 4 322 4 431,840,5788,6197,	
posibilidad 2 322 2 423,5780,	
considerarse 4 322 4 421,1526,5778,6883,	
mayores 3 322 3 416,4800,5773,	
Pacientes 10 322 10 411,443,678,1157,2575,5768,5800,6035,6514,7932,	
primera 3 322 3 557,5339,5914,	
grave 7 322 7 409,607,888,4915,5766,5964,6245,	
clínica 4 322 4 403,2907,5760,8264,	
experiencia 8 322 8 402,665,2465,2674,5759,6022,7822,8031,	
dispone 6 322 6 400,663,2709,5757,6020,8066,	
moderada 3 322 3 397,4904,5754,	
reacciones 12 322 12 2109,2141,2170,2211,2458,2603,7466,7498,7527,7568,7815,7960,	
leve 3 322 3 395,4902,5752,	
insuficiencia 29 322 29 392,407,609,659,762,771,885,937,1132,1490,2156,2295,3512,4023,4913,5749,5764,5966,6016,6119,6128,6242,6294,6489,6847,7513,7652,8869,9380,	
hepática 10 322 10 380,393,408,2574,4887,4914,5737,5750,5765,7931,	
4) 16 322 16 378,1284,1347,1396,1648,1670,1891,2513,5735,6641,6704,6753,7005,7027,7248,7870,	
transitorios 1 322 1 5085,	
mg) 4 322 4 370,3165,5727,8522,	
(75 2 322 2 369,5726,	
baja 6 322 6 368,3160,3236,5725,8517,8593,	
Depleción 2 322 2 523,5880,	
utilización 4 322 4 362,862,5719,6219,	
valorarse 2 322 2 360,5717,	
Debe 2 322 2 359,5716,	
función 22 322 22 357,872,1485,1505,1531,1820,1862,2080,2254,2573,4105,5714,6229,6842,6862,6888,7177,7219,7437,7611,7930,9462,	
cardíacos 2 322 2 2384,7741,	
presencia 2 322 2 760,6117,	
alteración 3 322 3 354,4873,5711,	
meseta 2 322 2 2939,8296,	
ajuste 8 322 8 348,386,437,4638,4685,5705,5743,5794,	
realizar 14 322 14 346,384,435,641,1404,1855,4636,4683,5703,5741,5792,5998,6761,7212,	
necesario 10 322 10 345,383,434,4202,4635,4682,5702,5740,5791,9559,	
Insuficiencia 10 322 10 341,379,634,2499,4859,4886,5698,5736,5991,7856,	
predeterminada 2 322 2 336,5693,	
subgrupos 4 322 4 717,3854,6074,9211,	
fármacos 6 322 6 330,3634,4186,5687,8991,9543,	
administró 4 322 4 326,1585,5683,6942,	
clínicos 8 322 8 320,1553,1988,2024,5677,6910,7345,7381,	
ensayos 8 322 8 319,1552,1987,2116,5676,6909,7344,7473,	
demostró 6 322 6 316,3499,4060,5673,8856,9417,	
beneficio 4 322 4 306,3890,5663,9247,	
El 36 322 36 305,1258,2721,2747,2831,3069,3095,3128,3391,3492,3518,3676,4043,4079,4122,4171,4288,4392,4439,4537,5662,6615,8078,8104,8188,8426,8452,8485,8748,8849,8875,9033,9400,9436,9479,9528,	
ajustándola 2 322 2 286,5643,	
significativo 2 322 2 2366,7723,	
iniciar 13 322 13 273,425,1037,1108,1276,1796,4575,5630,5782,6394,6465,6633,7153,	
debe 16 322 16 272,420,1036,1510,1525,1969,2723,2730,5629,5777,6393,6867,6882,7326,8080,8087,	
hipertensos 25 322 25 268,679,1996,2076,2154,2250,2290,2375,2591,3214,3293,3568,4753,5625,6036,7353,7433,7511,7607,7647,7732,7948,8571,8650,8925,	
5) 6 322 6 260,788,802,5617,6145,6159,	
maquinaria 2 322 2 1968,7325,	
aditivo 4 322 4 254,3143,5611,8500,	
demostrado 2 322 2 250,5607,	
hidroclorotiazida 8 322 8 248,1555,3162,3238,5605,6912,8519,8595,	
diurético 2 322 2 246,5603,	
concomitante 11 322 11 243,1311,1352,1465,1539,4364,5600,6668,6709,6822,6896,	
concreto 2 322 2 240,5597,	
antihipertensivos 18 322 18 238,848,945,1217,1220,1242,3205,3635,4187,5595,6205,6302,6574,6577,6599,8562,8992,9544,	
agentes 6 322 6 237,1216,1219,5594,6573,6576,	
TITULAR 1 322 1 5296,	
añadir 2 322 2 235,5592,	
300 17 322 17 232,288,2273,2945,3602,4065,4148,4226,4328,5589,5645,7630,8302,8959,9422,9505,9583,	
incrementarse 2 322 2 230,5587,	
excluyan 2 322 2 3885,9242,	
controlados 6 322 6 217,1989,2117,5574,7346,7474,	
adecuadamente 6 322 6 216,1522,3150,5573,6879,8507,	
En 27 322 27 213,239,261,719,773,1986,2072,2247,2287,3144,3620,3922,4603,4937,5106,5570,5596,5618,6076,6130,7343,7429,7604,7644,8501,8977,9279,	
años 13 322 13 212,419,1174,2599,3308,4313,4803,5171,5569,5776,6531,7956,8665,	
ancianos 10 322 10 207,412,442,1517,4659,4691,5564,5769,5799,6874,	
reducción 24 322 24 1001,2986,3020,3173,3310,3342,3654,3774,3788,3830,3835,4256,6358,8343,8377,8530,8667,8699,9011,9131,9145,9187,9192,9613,	
hemodiálisis 8 322 8 204,374,2765,4879,4885,5561,5731,8122,	
especialmente 10 322 10 200,551,758,1499,1515,5557,5908,6115,6856,6872,	
11-15 1 322 1 4560,	
biodisponibilidad 2 322 2 4354,4371,	
terapia 10 322 10 193,270,427,1538,3111,5550,5627,5784,6895,8468,	
inicio 5 322 5 190,3092,4303,5547,8449,	
considerar 2 322 2 188,5545,	
podría 8 322 8 187,1445,1475,2704,5544,6802,6832,8061,	
causaron 1 322 1 4956,	
obstante 2 322 2 185,5542,	
No 38 322 38 184,398,445,661,1034,1575,1595,1631,1935,2707,3121,3261,3382,4031,4269,4633,4680,4905,4922,5065,5124,5163,5178,5541,5755,5802,6018,6391,6932,6952,6988,7292,8064,8478,8618,8739,9388,9626,	
adecuado 2 322 2 177,5534,	
hereditaria 2 322 2 1128,6485,	
arterial 44 322 44 175,335,952,1005,2913,2927,2956,2991,3007,3024,3075,3114,3134,3177,3314,3351,3398,3647,3662,3866,4175,4211,5532,5692,6309,6362,8270,8284,8313,8348,8364,8381,8432,8471,8491,8534,8671,8708,8755,9004,9019,9223,9532,9568,	
presión 44 322 44 174,334,951,1004,2912,2926,2955,2990,3006,3023,3074,3113,3133,3176,3313,3350,3397,3646,3661,3865,4174,4210,5531,5691,6308,6361,8269,8283,8312,8347,8363,8380,8431,8470,8490,8533,8670,8707,8754,9003,9018,9222,9531,9567,	
horas 14 322 14 171,2967,2996,3014,3018,3059,4532,4561,5528,8324,8353,8371,8375,8416,	
24 10 322 10 170,2966,3013,3017,3058,5527,8323,8370,8374,8415,	
control 6 322 6 168,780,1406,5525,6137,6763,	
proporciona 2 322 2 166,5523,	
10mg/kg/día) 1 322 1 5033,	
Karvea 43 322 43 156,228,256,311,568,619,653,670,757,798,864,1237,1280,1893,2720,3077,3189,3534,3551,3605,4133,4331,5513,5585,5613,5668,5925,5976,6010,6027,6114,6155,6221,6594,6637,7250,8077,8434,8546,8891,8908,8962,9490,	
alcanzar 2 322 2 2937,8294,	
alimentos 3 322 3 155,4366,5512,	
día 13 322 13 151,165,224,285,293,3169,4778,5508,5522,5581,5642,5650,8526,	
vez 12 322 12 149,163,222,283,291,3167,5506,5520,5579,5640,5648,8524,	
administrados 2 322 2 147,5504,	
150 16 322 16 145,160,219,278,3045,4240,4775,4836,5388,5399,5502,5517,5576,5635,8402,9597,	
recomendada 4 322 4 142,298,5499,5655,	
mantenimiento 6 322 6 141,297,3600,5498,5654,8957,	
inicial 4 322 4 138,366,5495,5723,	
Si 4 322 4 1397,1839,6754,7196,	
habitual 2 322 2 137,5494,	
dosis 75 322 75 136,158,180,196,226,276,295,350,365,388,439,558,1262,2056,2061,2679,2872,2931,2941,3037,3041,3063,3159,3235,3318,3390,3592,3598,4063,4252,4483,4488,4495,4503,4581,4589,4735,4759,4764,4848,4934,4942,4967,5047,5116,5493,5515,5537,5553,5583,5633,5652,5707,5722,5745,5796,5915,6619,7413,7418,8036,8229,8288,8298,8394,8398,8420,8516,8592,8675,8747,8949,8955,9420,9609,	
La 31 322 31 135,1508,1613,1671,2018,2046,2104,2673,2922,2985,3186,4314,4362,4374,4523,4551,4562,4743,5269,5359,5492,6865,6970,7028,7375,7403,7461,8030,8279,8342,8543,	
x 1 322 1 5239,	
bipedestación 2 322 2 2958,8315,	
efecto 25 322 25 253,623,703,1450,1941,3002,3070,3085,3096,3129,3813,3849,4472,5610,5980,6060,6807,7298,8359,8427,8442,8453,8486,9170,9206,	
administración 27 322 27 134,242,554,566,668,1351,1464,1720,2437,2999,4345,4402,4535,4587,4706,4756,4843,5491,5599,5911,5923,6025,6708,6821,7077,7794,8356,	
Posología 2 322 2 130,5487,	
1) 10 322 10 127,340,494,738,1032,5484,5697,5851,6095,6389,	
5 51 322 51 126,339,470,473,737,1031,1196,1199,1202,1837,2136,2261,2262,2302,2303,2766,3164,3241,3323,3327,3332,3418,3608,4111,4339,4548,4916,5186,5483,5696,5827,5830,6094,6388,6553,6556,6559,7194,7618,7619,7659,7660,8123,8521,8598,8680,8684,8689,8775,8965,9468,	
hemoglobina 1 322 1 4964,	
apartado 36 322 36 125,258,338,376,492,512,736,786,800,1030,1282,1345,1394,1646,1836,1897,2511,3482,5482,5615,5695,5733,5849,5869,6093,6143,6157,6387,6639,6702,6751,7003,7193,7254,7868,8839,	
(ver 46 322 46 124,257,337,375,466,491,501,511,735,785,799,1029,1112,1192,1281,1344,1645,1664,1835,1885,1896,2510,3481,5481,5614,5694,5732,5823,5848,5858,5868,6092,6142,6156,6386,6469,6549,6638,6701,7002,7021,7192,7242,7253,7867,8838,	
antihipertensivo 10 322 10 123,1077,1451,1765,3097,5480,6434,6808,7122,8454,	
tratamiento 56 322 56 122,301,755,844,900,1039,1061,1076,1101,1110,1259,1278,1749,1764,1789,1798,1976,2071,2715,2729,2756,3094,3102,3625,3851,3936,4207,4287,4305,5479,5658,6112,6201,6257,6396,6418,6433,6458,6467,6616,6635,7106,7121,7146,7155,7333,7428,8072,8086,8113,8451,8459,8982,9208,9293,9564,	
parte 2 322 2 119,5476,	
e 12 322 12 116,267,608,1355,2294,3637,5473,5624,5965,6712,7651,8994,	
tipo 16 322 16 114,265,682,1739,3140,3488,3571,4099,5471,5622,6039,7096,8497,8845,8928,9456,	
diabetes 14 322 14 113,264,681,3487,3570,3864,4098,5470,5621,6038,8844,8927,9221,9455,	
pacientes 120 322 120 111,202,214,262,314,352,372,390,405,415,441,528,573,657,672,695,774,821,836,867,883,954,1066,1125,1501,1519,1754,1995,2074,2098,2126,2152,2237,2248,2270,2283,2288,2311,2322,2329,2374,2507,3145,3213,3250,3434,3458,3510,3567,3587,3628,3679,3741,3902,4076,4096,4658,4666,4690,4832,4871,4877,4898,4911,5468,5559,5571,5619,5671,5709,5729,5747,5762,5772,5798,5885,5930,6014,6029,6052,6131,6178,6193,6224,6240,6311,6423,6482,6858,6876,7111,7352,7431,7455,7483,7509,7594,7605,7627,7640,7645,7668,7679,7686,7731,7864,8502,8570,8607,8791,8815,8867,8924,8944,8985,9036,9098,9259,9433,9453,	
renales 5 322 5 709,2496,5058,6066,7853,	
nefropatía 18 322 18 109,304,685,697,768,2377,3491,3507,3557,5466,5661,6042,6054,6125,7734,8848,8864,8914,	
esencial 6 322 6 105,1058,1746,5462,6415,7103,	
hipertensión 6 322 6 104,117,3125,5461,5474,8482,	
pobre 2 322 2 1504,6861,	
Tratamiento 4 322 4 101,106,5458,5463,	
terapéuticas 3 322 3 100,5048,5457,	
Indicaciones 2 322 2 99,5456,	
musculoesquelético* 2 322 2 2420,7777,	
	4 2 322 2 97,5454,	
CLÍNICOS 2 322 2 96,5453,	
DATOS 3 322 3 95,5135,5452,	
4 76 322 76 94,128,259,377,468,475,503,504,506,513,515,516,787,801,1114,1117,1194,1201,1283,1346,1395,1543,1625,1647,1666,1669,1887,1890,1898,1924,1982,2512,2670,3331,3448,3483,3633,4780,5173,5218,5451,5485,5616,5734,5825,5832,5860,5861,5863,5870,5872,5873,6144,6158,6471,6474,6551,6558,6640,6703,6752,6982,7004,7023,7026,7244,7247,7255,7281,7339,7869,8027,8688,8805,8840,8990,	
espontáneas 2 322 2 2478,7835,	
conlleva 2 322 2 1718,7075,	
grabado 2 322 2 89,5446,	
2771 1 322 1 88,	
canales 2 322 2 1249,6606,	
número 2 322 2 87,5444,	
cara 4 322 4 84,93,5441,5450,	
troquelado 2 322 2 81,5438,	
pico 2 322 2 3030,8387,	
susceptibles 2 322 2 1334,6691,	
corazón 2 322 2 80,5437,	
ovalada 2 322 2 77,5434,	
forma 4 322 4 76,132,5433,5489,	
26% 2 322 2 3913,9270,	
biconvexo 2 322 2 73,5430,	
blanquecino 2 322 2 72,5429,	
o 69 322 69 71,153,234,482,545,582,826,828,889,910,932,958,968,1144,1150,1329,1580,1966,1980,2025,2067,2823,2959,3196,3273,3294,3440,3615,3652,3731,4236,4404,4708,4875,5071,5093,5112,5132,5428,5510,5591,5839,5902,5939,6183,6185,6246,6267,6289,6315,6325,6501,6507,6686,6937,7323,7337,7382,7424,8180,8316,8553,8630,8651,8797,8972,9009,9088,9593,	
Blanco 2 322 2 70,5427,	
	Comprimido 2 322 2 69,5426,	
FARMACÉUTICA 2 322 2 68,5425,	
FORMA 2 322 2 67,5424,	
3 32 322 32 66,476,1115,1439,1667,1888,2611,3284,3339,3372,3377,3407,3412,3478,4572,4917,5166,5170,5423,5833,6472,6796,7024,7245,7968,8641,8696,8729,8734,8764,8769,8835,	
6 25 322 25 64,493,1171,1626,2479,2596,3305,3419,3548,4808,5134,5160,5165,5172,5185,5263,5264,5421,5850,6528,6983,7953,8662,8776,8905,	
sección 2 322 2 63,5420,	
mostraron 1 322 1 4814,	
ver 2 322 2 62,5419,	
excipientes 5 322 5 61,487,5141,5418,5844,	
completa 2 322 2 59,5416,	
creatina- 2 322 2 2543,7900,	
lista 2 322 2 58,5415,	
consultar 2 322 2 56,5413,	
sugeridas 2 322 2 2738,8095,	
Para 6 322 6 55,3846,4181,5412,9203,9538,	
monohidrato 3 322 3 52,5147,5409,	
renal 68 322 68 307,342,358,580,587,610,635,638,660,677,763,873,891,938,1486,1491,1506,1532,1821,1832,1863,2081,2157,2255,2296,2500,2505,3513,3728,3891,4106,4542,4702,4860,4874,5016,5091,5664,5699,5715,5937,5944,5967,5992,5995,6017,6034,6120,6230,6248,6295,6843,6848,6863,6889,7178,7189,7220,7438,7514,7612,7653,7857,7862,8870,9085,9248,9463,	
lactosa 4 322 4 51,1123,5408,6480,	
frente 18 322 18 1990,2118,3692,3755,3778,3985,4011,4090,4262,7347,7475,9049,9112,9135,9342,9368,9447,9619,	
37 1 322 1 48,	
15 2 322 2 47,6900,	
Excipiente 2 322 2 46,5403,	
irbesartan 103 322 103 45,281,324,451,705,987,1160,1385,1550,1561,1586,1612,1624,1908,1943,1960,2009,2036,2128,2241,2276,2314,2332,2382,2875,3136,3152,3225,3229,3320,3468,3501,3703,3744,3984,4010,4068,4225,4243,4347,4373,4407,4422,4445,4456,4557,4600,4611,4632,4651,4711,4741,4746,4768,4840,4857,4865,4892,4945,4979,5018,5045,5050,5080,5402,5638,5681,5808,6062,6344,6517,6742,6907,6918,6943,6969,6981,7265,7300,7317,7366,7393,7485,7598,7633,7671,7689,7739,8232,8493,8509,8582,8586,8677,8825,8858,9060,9101,9341,9367,9425,9582,9600,	
contiene 4 322 4 41,1122,5398,6479,	
comprimido 5 322 5 40,54,5246,5397,5411,	
	Cada 2 322 2 39,5396,	
CUANTITATIVA 2 322 2 38,5395,	
Y 2 322 2 37,5394,	
CUALITATIVA 2 322 2 36,5393,	
COMPOSICIÓN 2 322 2 35,5392,	
temprana 1 322 1 5114,	
2 45 322 45 34,115,129,266,410,683,1434,3378,3413,3428,3447,3454,3489,3547,3572,3607,3631,4046,4057,4081,4100,4312,4340,5161,5207,5391,5472,5486,5623,6040,6791,8735,8770,8785,8804,8811,8846,8904,8929,8964,8988,9403,9414,9438,9457,	
notificaciones 2 322 2 2477,7834,	
comprimidos 11 322 11 33,5195,5200,5206,5211,5217,5222,5228,5233,5241,5390,	
mg 53 322 53 32,43,49,146,161,183,199,220,233,279,289,430,2274,2946,2952,3046,3242,3595,3603,3609,3612,4066,4227,4241,4329,4493,4499,4776,4837,5389,5400,5406,5503,5518,5540,5556,5577,5590,5636,5646,5787,7631,8303,8309,8403,8599,8952,8960,8966,8969,9423,9584,9598,	
75 15 322 15 31,42,182,198,211,418,429,3594,5405,5539,5555,5568,5775,5786,8951,	
	Karvea 2 322 2 30,5387,	
MEDICAMENTO 4 322 4 29,2771,5386,8128,	
interrumpirse 4 322 4 1098,1786,6455,7143,	
NOMBRE 2 322 2 27,5384,	
1 35 322 35 25,26,65,98,471,1197,2124,2369,2773,3326,3474,3565,3581,4110,4117,4118,4530,5138,5196,5240,5383,5422,5455,5828,6554,7481,7726,8130,8683,8831,8922,8938,9467,9474,9475,	
PRODUCTO 1 322 1 24,	
DEL 4 322 4 23,28,5357,5385,	
grupo 34 322 34 2008,2014,2033,2042,2102,2167,2245,2285,2324,3690,3763,3981,3987,4222,4232,4238,4326,4336,7365,7371,7390,7399,7459,7524,7602,7642,7681,9047,9120,9338,9344,9579,9589,9595,	
CARACTERÍSTICAS 1 322 1 22,	
LAS 1 322 1 21,	
acciones 2 322 2 2810,8167,	
DE 10 322 10 20,2769,5297,5300,5320,5322,5329,5333,5354,8126,	
RESUMEN 1 322 1 19,	
O 1 322 1 18,	
absorción 3 322 3 1147,4513,6504,	
TÉCNICA 1 322 1 17,	
FICHA 1 322 1 16,	
ocasiones 2 322 2 935,6292,	
información 4 322 4 13,2711,5360,8068,	
Toda 1 322 1 11,	
cardiovascular 2 322 2 960,6317,	
medicamento 13 322 13 10,15,1121,1156,1591,3439,5008,5272,5364,6478,6513,6948,8796,	
Basica 1 322 1 8,	
	Información 1 322 1 7,	
PELÍCULA 1 322 1 6,	
4-6 2 322 2 3088,8445,	
CON 1 322 1 5,	
RECUB 1 322 1 4,	
COMPRI 1 322 1 3,	
28 2 322 2 2,5205,	
300MG 1 322 1 1,	
FECHA 2 322 2 5328,5353,	
KARVEA 1 322 1 0,	
