	Prospectos 1 564 1 8172,	
269 1 564 1 8163,	
Lietuva 1 564 1 8155,	
698370 1 564 1 8154,	
1276 1 564 1 8153,	
+44 1 564 1 8152,	
070 1 564 1 8150,	
887 1 564 1 8149,	
+371 1 564 1 8147,	
Ltd 1 564 1 8145,	
UK 1 564 1 8144,	
Pharmaceuticals 1 564 1 8143,	
Kingdom 1 564 1 8137,	
Latvija 1 564 1 8135,	
732 1 564 1 8131,	
+46 1 564 1 8129,	
690 2 564 2 8126,8127,	
61 1 564 1 8119,	
+358 1 564 1 8117,	
Puh/Tel 1 564 1 8116,	
+39 1 564 1 8111,	
Finland 1 564 1 8108,	
5439 1 564 1 8099,	
5542 1 564 1 8098,	
7000 1 564 1 8094,	
535 1 564 1 8093,	
hf 1 564 1 8085,	
Vistor 1 564 1 8084,	
Ireland 2 564 2 8060,8063,	
31299 1 564 1 8058,	
47 1 564 1 8052,	
55 2 564 2 8051,8074,	
France 1 564 1 8037,	
8600 1 564 1 8036,	
21 2 564 2 8034,8057,	
+351 1 564 1 8033,	
42 1 564 1 8030,	
306 1 564 1 8029,	
+34 1 564 1 8027,	
Farmacêuticos 1 564 1 8023,	
Farma 2 564 2 8020,8103,	
Farmacéutica 1 564 1 8016,	
España 1 564 1 8013,	
8888 1 564 1 8012,	
550 1 564 1 8011,	
+48 1 564 1 8009,	
281 1 564 1 8005,	
+30 1 564 1 8003,	
z 1 564 1 8000,	
Sp 1 564 1 7999,	
E 2 564 2 7994,7996,	
Polska 1 564 1 7990,	
6570 1 564 1 7989,	
86 1 564 1 7988,	
+43 1 564 1 7986,	
60 1 564 1 7982,	
+372 1 564 1 7981,	
05 1 564 1 7968,	
+47 1 564 1 7966,	
AS 1 564 1 7959,	
Norge 2 564 2 7953,7958,	
Deutschland 1 564 1 7952,	
82 1 564 1 7950,	
+31 1 564 1 7947,	
84 1 564 1 7944,	
39 1 564 1 7942,	
Poland 1 564 1 7998,	
Tlf 2 564 2 7940,7965,	
A/S 1 564 1 7935,	
Nederland 1 564 1 7932,	
Danmark 1 564 1 7931,	
2298 1 564 1 7929,	
111 2 564 2 7926,7951,	
775 1 564 1 7925,	
225 1 564 1 7924,	
+420 1 564 1 7923,	
s 2 564 2 7915,8088,	
Malta 1 564 1 7913,	
Ceská 1 564 1 7911,	
00 6 564 6 7910,7945,7970,8031,8054,8133,	
457 1 564 1 7908,	
+36 1 564 1 7906,	
489 1 564 1 7902,	
+359 1 564 1 7900,	
Hungária 1 564 1 7897,	
Inc 7 564 7 7895,7921,7976,8047,8068,8141,8159,	
Services 7 564 7 7894,7920,7975,8046,8067,8140,8158,	
Magyarország 1 564 1 7891,	
+49 2 564 2 7887,7961,	
+386 1 564 1 8076,	
Tel 20 564 20 7886,7905,7922,7927,7946,7960,7980,7985,8008,8026,8032,8055,8069,8075,8095,8110,8128,8146,8151,8160,	
246 1 564 1 7883,	
+32 1 564 1 7881,	
Tél/Tel 1 564 1 7880,	
GmbH 3 564 3 7879,7956,7979,	
V 2 564 2 7876,7939,	
N 1 564 1 7875,	
België/Belgique/Belgien 1 564 1 7871,	
titular 1 564 1 7865,	
local 1 564 1 7863,	
dirigiéndose 1 564 1 7860,	
Pueden 1 564 1 7852,	
fabricación 1 564 1 7838,	
comercialización 2 564 2 7822,7870,	
autorización 2 564 2 7820,7868,	
país 1 564 1 7809,	
presenta 1 564 1 7797,	
(E171); 1 564 1 7761,	
dióxido 1 564 1 7758,	
magnesio; 1 564 1 7756,	
estearato 1 564 1 7754,	
anhidra; 1 564 1 7753,	
sílice 1 564 1 7751,	
almidón; 1 564 1 7750,	
povidona; 1 564 1 7746,	
microcristalina; 1 564 1 7745,	
celulosa 1 564 1 7744,	
	Composición 1 564 1 7723,	
ADICIONAL 1 564 1 7722,	
ambiente 1 564 1 7719,	
medio 1 564 1 7718,	
necesita 1 564 1 7710,	
Pregunte 1 564 1 7695,	
desagües 1 564 1 7690,	
tirar 1 564 1 7687,	
dañado 1 564 1 7676,	
CAD 1 564 1 7655,	
fecha 2 564 2 7645,7657,	
utilice 2 564 2 7640,7671,	
sentirse 1 564 1 7593,	
(sensación 1 564 1 7590,	
Adormecimiento 1 564 1 7577,	
articulaciones 1 564 1 7569,	
glicolato 1 564 1 7747,	
Dolor 2 564 2 7567,7571,	
lipasa 1 564 1 7547,	
hepáticos 1 564 1 7545,	
enzimas 1 564 1 7544,	
cutánea 1 564 1 7532,	
Diarrea 1 564 1 7526,	
cabeza 1 564 1 7522,	
Mareo 1 564 1 7519,	
pacientes) 2 564 2 7517,7565,	
igual 1 564 1 7481,	
	Al 1 564 1 7480,	
ADVERSOS 1 564 1 7479,	
EFECTOS 1 564 1 7478,	
POSIBLES 1 564 1 7477,	
interrumpir 1 564 1 7473,	
inusual 1 564 1 7470,	
advierte 1 564 1 7465,	
efectuará 1 564 1 7446,	
salud 1 564 1 7444,	
quede 1 564 1 7400,	
seguro 1 564 1 7388,	
Esto 1 564 1 7366,	
compensar 1 564 1 7362,	
olvidada 1 564 1 7351,	
establecida 1 564 1 7334,	
pauta 1 564 1 7333,	
luego 1 564 1 7326,	
tómelo 1 564 1 7319,	
olvidó 2 564 2 7312,7316,	
Luxembourg/Luxemburg 1 564 1 7872,	
muéstrelo 1 564 1 7307,	
acuda 1 564 1 7292,	
accidentalmente 1 564 1 7289,	
alguien 1 564 1 7287,	
haya 1 564 1 7281,	
tomado 1 564 1 7275,	
llegar 2 564 2 7260,7424,	
empeorar 2 564 2 7258,7422,	
interrumpe 2 564 2 7246,7393,	
funciona 1 564 1 7243,	
asegurarse 1 564 1 7240,	
indique 2 564 2 7231,7413,	
hayan 1 564 1 7222,	
continúe 1 564 1 7216,	
Durante 1 564 1 7190,	
problema 1 564 1 7187,	
necesite 1 564 1 7169,	
divida 1 564 1 7159,	
mastique 1 564 1 7158,	
agua 1 564 1 7155,	
entero 1 564 1 7150,	
tomarlo 1 564 1 7144,	
Tome 2 564 2 7131,7211,	
Cantidad 1 564 1 7109,	
dudas 1 564 1 7108,	
Consulte 2 564 2 7100,7379,	
indicadas 1 564 1 7096,	
instrucciones 1 564 1 7091,	
exactamente 2 564 2 7089,7219,	
	Siga 1 564 1 7088,	
CÓMO 1 564 1 7085,	
Conducción 1 564 1 7066,	
período 1 564 1 7063,	
transmitir 1 564 1 7036,	
proteger 2 564 2 7023,7716,	
estarlo 1 564 1 6982,	
recomiende 1 564 1 6973,	
r 2 564 2 7916,8089,	
use 1 564 1 6960,	
Slovenská 1 564 1 8082,	
bebidas 1 564 1 6948,	
Toma 1 564 1 6941,	
fundamentalmente 1 564 1 6932,	
afectar 1 564 1 6920,	
receta 1 564 1 6903,	
adquiridos 1 564 1 6901,	
recientemente 1 564 1 6895,	
utilizado 1 564 1 6894,	
Uso 2 564 2 6856,6878,	
vacuna 1 564 1 6847,	
Existe 1 564 1 6845,	
afeitar 1 564 1 6844,	
cuchillas 1 564 1 6842,	
dientes 1 564 1 6839,	
cepillo 1 564 1 6837,	
contener 1 564 1 6830,	
artículos 1 564 1 6826,	
acuerde 1 564 1 7324,	
agujas 1 564 1 6823,	
comparta 2 564 2 6822,6825,	
Nunca 1 564 1 6821,	
corporales 2 564 2 6820,6834,	
contaminada 1 564 1 6815,	
infectar 2 564 2 6783,6793,	
nota 1 564 1 6769,	
piernas 2 564 2 6766,7587,	
brazos 2 564 2 6764,7585,	
hormigueo 2 564 2 6757,7578,	
01 1 564 1 8059,	
adormecimiento 1 564 1 6756,	
producir 1 564 1 6751,	
inexplicada 1 564 1 6745,	
inmediatamente 4 564 4 6738,6778,7293,7462,	
esté 1 564 1 6731,	
cansado 1 564 1 6729,	
siente 1 564 1 6725,	
respirar 1 564 1 6722,	
estomacal 1 564 1 6714,	
resultar 1 564 1 6706,	
ocasionalmente 1 564 1 6704,	
(esteatosis) 1 564 1 6692,	
graso 1 564 1 6691,	
(hepatomegalia) 1 564 1 6688,	
láctica) 1 564 1 6681,	
(acidosis 1 564 1 6680,	
causar 3 564 3 6672,6741,7500,	
nucleósido) 1 564 1 6670,	
tratado 1 564 1 6647,	
infectado 1 564 1 6633,	
hora 2 564 2 7138,7342,	
dudas) 1 564 1 6621,	
(consulte 1 564 1 6613,	
causarle 1 564 1 6610,	
puedan 2 564 2 6609,6829,	
controlará 3 564 3 6597,7237,7440,	
hígado) 1 564 1 6590,	
(una 1 564 1 6579,	
toma 3 564 3 6573,7266,7288,	
cambie 2 564 2 6567,7197,	
aconsejarle 1 564 1 6565,	
organismo 1 564 1 6931,	
Dependiendo 1 564 1 6555,	
adecuadamente 1 564 1 6549,	
funcionan 1 564 1 6548,	
riñones 3 564 3 6547,6923,6937,	
comprobar 1 564 1 6544,	
pruebas 1 564 1 6540,	
solicitar 2 564 2 6539,7853,	
Su 5 564 5 6536,6904,6991,7234,7416,	
riñón 3 564 3 6535,7166,7189,	
problemas 3 564 3 6533,6611,7164,	
tenido 2 564 2 6532,7183,	
pida 1 564 1 6517,	
cree 2 564 2 6512,6979,	
éste 1 564 1 6499,	
componentes 2 564 2 6491,7742,	
tome 4 564 4 6476,7327,7348,7357,	
	No 1 564 1 6475,	
TOMAR 2 564 2 6473,7086,	
27 1 564 1 8134,	
ANTES 1 564 1 6471,	
mejora 1 564 1 6464,	
lesión 1 564 1 6458,	
produce 1 564 1 6456,	
cantidad 1 564 1 6438,	
lesiones 1 564 1 6428,	
hígado 8 564 8 6425,6431,6461,6469,6629,6687,6690,7457,	
multiplica 1 564 1 6422,	
infecciones 1 564 1 6389,	
utilizan 1 564 1 6386,	
pertenece 1 564 1 6375,	
UTILIZA 1 564 1 6373,	
SE 1 564 1 6372,	
PARA 1 564 1 6370,	
QUÉ 2 564 2 6366,6371,	
Conservación 1 564 1 6359,	
Cómo 1 564 1 6351,	
Antes 1 564 1 6346,	
utiliza 2 564 2 6344,6395,	
informe 7 564 7 6327,6503,6656,6734,6774,6983,7618,	
mencionado 2 564 2 6323,7614,	
adverso 3 564 3 6321,6699,7612,	
aprecia 2 564 2 6318,7609,	
sufre 4 564 4 6313,6710,7007,7604,	
considera 2 564 2 6305,7596,	
tengan 1 564 1 6295,	
75 1 564 1 8079,	
dárselo 1 564 1 6290,	
le 7 564 7 6282,6596,6993,7221,7230,7236,7280,	
farmacéutico 9 564 9 6277,6332,6618,6888,6907,7105,7384,7623,7698,	
duda 1 564 1 6271,	
leerlo 1 564 1 6266,	
volver 1 564 1 6264,	
Conserve 1 564 1 6256,	
empezar 1 564 1 6250,	
representante 1 564 1 7862,	
detenidamente 1 564 1 6247,	
Lea 1 564 1 6243,	
basura 1 564 1 7694,	
22 4 564 4 6235,8010,8121,8125,	
Viernes 1 564 1 6230,	
Jueves 1 564 1 6229,	
Miércoles 1 564 1 6228,	
Martes 1 564 1 6227,	
	Lunes 1 564 1 6226,	
	Lot 1 564 1 6223,	
	EXP 1 564 1 6218,	
TIRAS 1 564 1 6188,	
MÍNIMA 1 564 1 6182,	
BRAILLE 1 564 1 6177,	
GENERALES 1 564 1 6162,	
Lote 1 564 1 6159,	
NÚMERO 2 564 2 6156,6220,	
19 1 564 1 6113,	
CORRESPONDA) 1 564 1 6112,	
(CUANDO 1 564 1 6111,	
SU 1 564 1 6109,	
DERIVADOS 1 564 1 6107,	
UTILIZADO 1 564 1 6102,	
NO 1 564 1 6101,	
ELIMINACIÓN 1 564 1 6098,	
padezca 1 564 1 7374,	
PRECAUCIONES 1 564 1 6095,	
ESPECIALES 2 564 2 6091,6096,	
	CAD 1 564 1 6088,	
CADUCIDAD 2 564 2 6087,6217,	
NECESARIO 1 564 1 6083,	
ES 2 564 2 6082,6367,	
SI 1 564 1 6081,	
ESPECIAL(ES) 1 564 1 6080,	
ADVERTENCIA(S) 1 564 1 6079,	
OTRAS(S) 1 564 1 6078,	
vista 2 564 2 6073,7635,	
alcance 2 564 2 6069,7631,	
MANTENERSE 1 564 1 6065,	
prospecto 7 564 7 6051,6246,6258,6326,6335,7617,8167,	
Vía 1 564 1 6047,	
VÍA(S) 1 564 1 6044,	
	28 1 564 1 6031,	
ENVASE 1 564 1 6030,	
	 1 564 1 6023,	
EXCIPIENTES 1 564 1 6022,	
ACTIVO(S) 1 564 1 6011,	
PRINCIPIO(S) 1 564 1 6010,	
consejo 1 564 1 6518,	
CARTON 1 564 1 5996,	
EMBALAJE 1 564 1 5994,	
EL 2 564 2 5993,6062,	
QUE 2 564 2 5989,6061,	
18 1 564 1 5987,	
17 2 564 2 5984,8006,	
cartón 1 564 1 7652,	
PROSPECTO 2 564 2 5983,6234,	
ETIQUETADO 2 564 2 5981,5986,	
ANEXO 1 564 1 5979,	
adicionales 1 564 1 5972,	
compromete 1 564 1 5962,	
Riesgos 1 564 1 5953,	
Gestión 1 564 1 5951,	
Plan 2 564 2 5949,5976,	
mercado 1 564 1 5940,	
producto 1 564 1 5937,	
puesta 1 564 1 5935,	
funcionamiento 1 564 1 5931,	
asegurar 1 564 1 5919,	
interrumpa 3 564 3 7201,7404,7433,	
Comercialización 2 564 2 5917,5960,	
Autorización 2 564 2 5915,5958,	
OTRAS 1 564 1 5906,	
EFICAZ 1 564 1 5900,	
UTILIZACIÓN 1 564 1 5897,	
CON 1 564 1 5895,	
RELACIÓN 1 564 1 5894,	
Características 1 564 1 5883,	
Resumen 1 564 1 5880,	
Técnica 1 564 1 5878,	
LOTE 2 564 2 6158,6222,	
permanezca 1 564 1 5947,	
Ficha 1 564 1 5877,	
I 1 564 1 5876,	
Anexo 1 564 1 5875,	
(Véase 1 564 1 5874,	
restringida 1 564 1 5873,	
médica 2 564 2 5872,6169,	
prescripción 2 564 2 5871,6168,	
sujeto 2 564 2 5869,6166,	
debiera 1 564 1 7271,	
Medicamento 2 564 2 5868,6165,	
IMPUESTAS 1 564 1 5860,	
USO 3 564 3 5859,6110,6173,	
DISPENSACIÓN 2 564 2 5857,6164,	
RESTRICCIONES 2 564 2 5855,5892,	
Francia 2 564 2 5844,7851,	
Huningue 2 564 2 5843,7850,	
(hipersensible) 1 564 1 6482,	
Chapelle 2 564 2 5841,7848,	
26 3 564 3 5837,7844,7948,	
S 9 564 9 5834,5836,7841,7843,8017,8024,8041,8043,8104,	
Pharma 16 564 16 5833,7840,7874,7878,7893,7899,7919,7937,7955,7974,7978,8040,8045,8066,8139,8157,	
Novartis 30 564 30 5832,6125,7823,7839,7873,7877,7892,7896,7914,7918,7933,7936,7954,7957,7973,7977,7991,7997,8015,8019,8039,8044,8062,8065,8086,8102,8107,8138,8142,8156,	
lotes 1 564 1 5831,	
liberación 1 564 1 5828,	
Tél 1 564 1 8048,	
responsable 1 564 1 5825,	
fabricante 1 564 1 5824,	
dirección 1 564 1 5822,	
Nombre 1 564 1 5820,	
CONDICIONES 7 564 7 5800,5846,5853,5890,5907,6090,6161,	
LOTES 2 564 2 5798,5819,	
LOS 3 564 3 5797,5818,6105,	
LIBERACIÓN 2 564 2 5795,5816,	
TEXTO 1 564 1 5783,	
REVISIÓN 1 564 1 5781,	
04 1 564 1 5775,	
AUTORIZACIÓN/RENOVACIÓN 1 564 1 5770,	
PRIMERA 1 564 1 5769,	
FECHA 4 564 4 5766,5778,6085,6215,	
EU/1/07/388/002 2 564 2 5764,6149,	
EU/1/07/388/001 2 564 2 5763,6143,	
NÚMERO(S) 2 564 2 5758,6138,	
deshacerse 1 564 1 7700,	
5AB 3 564 3 5754,6134,7832,	
RH12 3 564 3 5753,6133,7831,	
Sussex 3 564 3 5752,6132,7830,	
Wimblehurst 3 564 3 5748,6128,7826,	
Limited 5 564 5 5747,6127,6213,7825,8064,	
Europharm 4 564 4 5746,6126,6212,7824,	
	Novartis 2 564 2 5745,6211,	
COMERCIALIZACIÓN 8 564 8 5744,5762,5805,5851,5867,6124,6142,6210,	
AUTORIZACIÓN 11 564 11 5742,5760,5773,5789,5803,5810,5849,5865,6122,6140,6208,	
LA 14 564 14 5741,5768,5772,5780,5788,5794,5802,5809,5815,5848,5864,5896,6121,6207,	
tamaños 2 564 2 5727,7814,	
comercializados 2 564 2 5725,7812,	
estén 2 564 2 5724,7811,	
Puede 3 564 3 5721,6949,7805,	
98 5 564 5 5716,6036,6150,7803,7903,	
ó 2 564 2 5715,7802,	
Tamaños 1 564 1 5711,	
PVC/aluminio 1 564 1 5710,	
envase 5 564 5 5707,5713,7303,7674,7770,	
Naturaleza 1 564 1 5703,	
condiciones 1 564 1 5697,	
conservación 2 564 2 5694,5700,	
Precauciones 2 564 2 5691,5732,	
validez 1 564 1 5686,	
cuerpo 1 564 1 6449,	
procede 2 564 2 5681,5904,	
Talco 1 564 1 5675,	
Macrogol 1 564 1 5674,	
(E171) 1 564 1 5673,	
titanio 2 564 2 5672,7760,	
Dióxido 1 564 1 5670,	
recubrimiento 1 564 1 5667,	
Estearato 1 564 1 5662,	
coloidal 2 564 2 5660,7752,	
Sílice 1 564 1 5659,	
almidón 1 564 1 5658,	
sódico 2 564 2 5656,7748,	
Glicolato 1 564 1 5655,	
Povidona 1 564 1 5654,	
microcristalina 1 564 1 5653,	
Celulosa 1 564 1 5652,	
Núcleo 1 564 1 5649,	
FARMACÉUTICOS 1 564 1 5643,	
consideró 1 564 1 5635,	
prematuros 1 564 1 5631,	
relacionaron 1 564 1 5622,	
(600 1 564 1 5619,	
carcinogénico 1 564 1 5581,	
genotoxicidad 1 564 1 5575,	
repetidas 1 564 1 5573,	
CONSERVACIÓN 2 564 2 6093,7625,	
farmacología 1 564 1 5567,	
convencionales 1 564 1 5565,	
preclínicos 2 564 2 5545,5553,	
estudiado 1 564 1 5476,	
rutina 1 564 1 5459,	
adicional 2 564 2 5451,6364,	
realizar 3 564 3 5448,5527,5964,	
Aparte 1 564 1 5430,	
reduce 4 564 4 5421,6436,6789,7032,	
horas) 1 564 1 5420,	
62 1 564 1 7983,	
20 3 564 3 5395,5400,7969,	
83 1 564 1 5392,	
hipromelosa; 1 564 1 7757,	
126 1 564 1 5387,	
CLRENAL 1 564 1 5386,	
AUC0- 1 564 1 5384,	
36 2 564 2 5369,5382,	
(g/ml) 1 564 1 5358,	
Cmax 1 564 1 5357,	
200 1 564 1 5352,	
ERT/ 1 564 1 5344,	
Portugal 1 564 1 8014,	
30) 1 564 1 5343,	
Grave 1 564 1 5341,	
Moderada 1 564 1 5340,	
(50-80) 1 564 1 5339,	
80) 1 564 1 5337,	
Normal 1 564 1 5335,	
ml/min) 1 564 1 5334,	
(aclaramiento 1 564 1 5330,	
3217 1 564 1 7930,	
Titular 3 564 3 5912,5955,7817,	
Parámetros 1 564 1 5311,	
creatinina) 1 564 1 5269,	
detalladas 1 564 1 5973,	
(valorado 1 564 1 5264,	
grados 3 564 3 5260,5324,5496,	
débil 1 564 1 6727,	
diversos 3 564 3 5259,5321,5495,	
crónica) 2 564 2 5257,5493,	
consulte 3 564 3 6272,7015,7297,	
directo 1 564 1 5589,	
(sin 2 564 2 5254,5490,	
66 1 564 1 8053,	
400 2 564 2 5248,7984,	
pediátricos 1 564 1 5230,	
sujetos 3 564 3 5229,5319,5511,	
significativas 2 564 2 5195,5209,	
2-0 1 564 1 5185,	
mínimas 1 564 1 5178,	
efectiva 1 564 1 5160,	
aproximada 1 564 1 5144,	
acumulación 2 564 2 5143,5159,	
Después 2 564 2 5125,7429,	
25 2 564 2 5120,7550,	
rango 1 564 1 5118,	
proporcional 1 564 1 5111,	
no-linealidad 1 564 1 5105,	
requerirán 1 564 1 5090,	
predominante 1 564 1 5070,	
Dado 1 564 1 5064,	
orina 2 564 2 5056,6940,	
recupera 1 564 1 5053,	
plazo 1 564 1 5048,	
normal 1 564 1 5020,	
Suomi/Finland 1 564 1 8101,	
filtración 2 564 2 5018,5032,	
aproxima 1 564 1 5013,	
futuro 1 564 1 7045,	
inalterado 1 564 1 5006,	
fármaco 1 564 1 5005,	
urinaria 1 564 1 5003,	
excreción 2 564 2 5002,5029,	
11 5 564 5 4993,5402,6114,7885,8122,	
(t1/2) 1 564 1 4988,	
Linealidad 1 564 1 5103,	
biexponencial 1 564 1 4981,	
Según 1 564 1 5270,	
disminuye 1 564 1 4978,	
seres 2 564 2 4949,5560,	
metabolitos 1 564 1 4939,	
3%) 1 564 1 4934,	
(3 1 564 1 4933,	
baja 1 564 1 4932,	
unión 1 564 1 4924,	
Distribución 1 564 1 4920,	
modificó 1 564 1 4909,	
Efecto 1 564 1 4889,	
30% 1 564 1 4887,	
AUC) 1 564 1 4878,	
(Cmax 1 564 1 4877,	
determinaciones 1 564 1 4873,	
pronto 1 564 1 7321,	
Informe 4 564 4 6883,7055,7175,7458,	
h/ml 1 564 1 4867,	
g 1 564 1 4866,	
curva 1 564 1 4847,	
área 1 564 1 4844,	
DE) 3 564 3 4828,4870,5315,	
(media 3 564 3 4826,4868,5313,	
{MM/AAAA} 1 564 1 8171,	
bebé 2 564 2 7027,7046,	
g/ml 2 564 2 4825,5187,	
(Cmax) 1 564 1 4815,	
plasmática 2 564 2 4813,4975,	
42) 1 564 1 4810,	
Absorción 1 564 1 4791,	
sanos 2 564 2 4751,4807,	
únicas 2 564 2 4746,5246,	
susceptible 1 564 1 4698,	
rtN236T 1 564 1 4694,	
rtM204V 1 564 1 4674,	
veces) 1 564 1 4669,	
(reducción 1 564 1 4666,	
salvaje 1 564 1 4665,	
Road 3 564 3 5749,6129,7827,	
fenotipo 1 564 1 4664,	
mantuvo 1 564 1 4660,	
impedir 1 564 1 6451,	
contenían 1 564 1 4639,	
resistentes 1 564 1 4635,	
Eliminación 1 564 1 4967,	
cruzada 2 564 2 4612,4617,	
única 7 564 7 4592,4799,4902,5040,5133,5167,5484,	
asociadas 1 564 1 4581,	
rtL80) 1 564 1 4576,	
(solo 1 564 1 4573,	
aminoácido 1 564 1 4571,	
41 2 564 2 4566,4990,	
genotípicos 1 564 1 4555,	
(7%) 1 564 1 4534,	
15/222 1 564 1 4533,	
145/458 1 564 1 4530,	
clave 1 564 1 4525,	
causadas 1 564 1 6390,	
rtL80I/V 1 564 1 4519,	
Oy 1 564 1 8109,	
rtM204I 3 564 3 4513,4610,4643,	
identificó 1 564 1 4511,	
fenotípica 1 564 1 4510,	
genotípica 1 564 1 4508,	
mutaciones 2 564 2 4500,4579,	
(23/458) 1 564 1 4481,	
dificultad 1 564 1 6720,	
(5/222) 2 564 2 4456,4490,	
nadir) 2 564 2 4442,4608,	
detectaron 1 564 1 4938,	
partir 2 564 2 4440,4606,	
(incremento 2 564 2 4436,4598,	
corresponda 1 564 1 7355,	
virológico 4 564 4 4435,4476,4498,4597,	
Resistencia 2 564 2 4425,4611,	
0024 1 564 1 4424,	
punto 1 564 1 4405,	
superiores 1 564 1 5610,	
deterioro 2 564 2 4382,7681,	
puntos 1 564 1 4372,	
disminución 1 564 1 4370,	
Knodell 3 564 3 4361,4380,4389,	
partos 1 564 1 5630,	
(IAH) 1 564 1 4359,	
Histológica 1 564 1 4358,	
Actividad 1 564 1 4357,	
Índice 1 564 1 4355,	
evaluables 1 564 1 4350,	
triture 1 564 1 7161,	
hepáticas 1 564 1 4348,	
biopsia 1 564 1 4331,	
9% 1 564 1 4327,	
8% 1 564 1 4325,	
Deterioro 1 564 1 4324,	
Sexo 1 564 1 5191,	
43% 1 564 1 4323,	
32% 1 564 1 4321,	
Sin 2 564 2 4318,4780,	
34% 1 564 1 4322,	
45% 1 564 1 4317,	
Slovenija 1 564 1 8061,	
49% 1 564 1 4316,	
47% 1 564 1 4315,	
INCLUIR 1 564 1 6184,	
42% 2 564 2 4314,5059,	
Puntuación 1 564 1 4305,	
mejoría 2 564 2 4304,4399,	
21% 1 564 1 4302,	
17% 1 564 1 4300,	
Ausencia 2 564 2 4298,4329,	
61% 1 564 1 4295,	
71%* 1 564 1 4294,	
histológica2 1 564 1 4292,	
Respuesta 2 564 2 4291,4366,	
positivo 1 564 1 4282,	
Fibrosis 5 564 5 4271,4310,4387,4395,4410,	
Lista 1 564 1 5646,	
escala 2 564 2 4269,4308,	
puntuación 6 564 6 4266,4352,4375,4385,4393,4408,	
cambio 1 564 1 4264,	
0001 1 564 1 4258,	
*p 2 564 2 4255,4421,	
cantidades 1 564 1 4247,	
442 1 564 1 4224,	
HBeAg-negativos 1 564 1 4188,	
440 1 564 1 4185,	
interrupciones 1 564 1 4158,	
deben 3 564 3 4156,6908,7686,	
diferencias 3 564 3 4152,5194,5208,	
respectivamente 4 564 4 4150,4201,4232,4545,	
+33 1 564 1 8049,	
219 2 564 2 4140,4142,	
444 1 564 1 4135,	
macrogol 1 564 1 7763,	
443 1 564 1 4133,	
FABRICACIÓN 2 564 2 5791,5812,	
n 6 564 6 4131,4138,4183,4189,4220,4588,	
300 2 564 2 4126,8078,	
United 1 564 1 8136,	
pueda 1 564 1 6981,	
cuantificación 1 564 1 4125,	
(límite 1 564 1 4122,	
Roche 1 564 1 4121,	
Amplicor® 1 564 1 4119,	
COBAS 1 564 1 4118,	
Valoración 1 564 1 4115,	
estándar 2 564 2 4110,5594,	
Error 1 564 1 4109,	
EEM 1 564 1 4108,	
26% 1 564 1 4103,	
HBeAg5 1 564 1 4102,	
moderada 1 564 1 5082,	
HBeAg4 1 564 1 4099,	
Aspecto 1 564 1 7764,	
22% 1 564 1 4096,	
(27/458) 1 564 1 4446,	
Seroconversión 1 564 1 4093,	
ALT4 1 564 1 4092,	
77% 1 564 1 4088,	
Sistema 1 564 1 5908,	
Normalización 1 564 1 4086,	
71% 2 564 2 4078,4296,	
88%* 1 564 1 4077,	
40% 1 564 1 4076,	
EEM1 1 564 1 4069,	
+354 1 564 1 8092,	
copias/ml) 2 564 2 4066,4127,	
(log10 1 564 1 4065,	
Ísland 1 564 1 8081,	
respecto 2 564 2 4061,7856,	
Biotransformación 1 564 1 4935,	
40 1 564 1 4055,	
13) 2 564 2 4052,4057,	
23 2 564 2 4050,7967,	
54 2 564 2 4046,8114,	
-5 2 564 2 4045,4049,	
11) 2 564 2 4043,4048,	
nuevo 1 564 1 7468,	
(0 4 564 4 4042,4047,4051,4056,	
-6 1 564 1 4040,	
Domingo 1 564 1 6232,	
Reducción 1 564 1 4037,	
Lamivudina 2 564 2 4025,4027,	
Telbivudina 2 564 2 4024,4026,	
+357 1 564 1 8124,	
Parámetro 1 564 1 4022,	
446) 2 564 2 4021,4290,	
921) 2 564 2 4016,4285,	
Variables 1 564 1 4000,	
seleccionadas 1 564 1 3987,	
serológicas 2 564 2 3986,4004,	
bioquímicas 2 564 2 3984,4002,	
similar 2 564 2 3937,4787,	
90% 1 564 1 3916,	
39% 2 564 2 3910,4320,	
glomerular 1 564 1 5019,	
16) 1 564 1 4590,	
alcanzó 7 564 7 3901,3911,3917,3945,3955,4831,5137,	
95% 1 564 1 3900,	
De 3 564 3 3894,3935,7711,	
detectables 5 564 5 3893,3908,3952,4248,4505,	
178 1 564 1 3883,	
98) 1 564 1 3873,	
limitada 1 564 1 3870,	
Produtos 1 564 1 8022,	
quemazón 2 564 2 6762,7583,	
Leve 1 564 1 5338,	
embargo 2 564 2 3862,4781,	
GLOBE; 1 564 1 3860,	
utilizados 1 564 1 3856,	
rtA181 1 564 1 4696,	
agentes 1 564 1 3854,	
asoció 1 564 1 3844,	
etnicidad 1 564 1 3841,	
77 2 564 2 3832,8080,	
Incompatibilidades 1 564 1 5679,	
2% 4 564 4 3830,3833,4455,4489,	
resultó 1 564 1 3824,	
0047) 1 564 1 3817,	
Contenido 1 564 1 6333,	
p 3 564 3 3814,3836,8105,	
0% 2 564 2 3811,3965,	
67 2 564 2 3810,5379,	
vs 1 564 1 3809,	
(75 2 564 2 3807,3829,	
favorables 1 564 1 3786,	
TITULAR 6 564 6 5739,5786,5807,5862,6119,6205,	
tuvieron 1 564 1 3783,	
+421 1 564 1 8096,	
tratamiento; 1 564 1 3764,	
alcanzaron 2 564 2 3746,3886,	
Age 1 564 1 3738,	
índices 1 564 1 3732,	
> 4 564 4 3716,3775,4213,4362,	
así 1 564 1 4577,	
bioquímica 1 564 1 3706,	
Independientemente 1 564 1 3689,	
Unido 3 564 3 5756,6136,7834,	
mediciones 2 564 2 3684,3982,	
secundarias 1 564 1 3675,	
normalización 5 564 5 3670,3679,3918,3956,4205,	
log10 6 564 6 3660,3727,3754,3777,4438,4604,	
supresión 1 564 1 3652,	
compuesta 1 564 1 3648,	
serológica 2 564 2 3647,3708,	
variable 2 564 2 3638,3646,	
poblaciones 2 564 2 3629,4790,	
separado 1 564 1 3626,	
evaluaron 1 564 1 3624,	
variables 2 564 2 3617,3674,	
Tráguelo 1 564 1 7149,	
11% 1 564 1 3608,	
Horsham 3 564 3 5750,6130,7828,	
23% 4 564 4 3604,4095,4104,5428,	
65% 1 564 1 3601,	
-4 1 564 1 4054,	
79% 3 564 3 3595,3954,4091,	
Farmacovigilancia 1 564 1 5910,	
previo 2 564 2 3578,3612,	
Este 3 564 3 5632,6279,8166,	
12% 1 564 1 3570,	
82% 1 564 1 3567,	
masculino 2 564 2 3565,3599,	
sexo 3 564 3 3564,3598,5199,	
32 4 564 4 3558,5364,5374,8132,	
adversos 8 564 8 6311,6357,7376,7490,7504,7506,7552,7602,	
media 5 564 5 3553,3587,4038,4113,4834,	
realizó 1 564 1 3535,	
principal 3 564 3 3531,3639,5026,	
(que 2 564 2 7508,7555,	
tratar 2 564 2 6388,6397,	
análisis 5 564 5 3530,4467,4554,6561,7447,	
total) 1 564 1 3528,	
(98 1 564 1 3526,	
caucásicos 4 564 4 3525,3571,3605,3867,	
pequeño 1 564 1 3521,	
trataron 1 564 1 3517,	
(51%) 1 564 1 3515,	
(26%) 1 564 1 3511,	
genotipos 1 564 1 3503,	
incluida 1 564 1 3496,	
población 3 564 3 3495,3864,4154,	
nucleosídica 1 564 1 3490,	
recibido 4 564 4 3488,3576,3610,6625,	
comparado 1 564 1 3459,	
multinacional 1 564 1 3453,	
III 2 564 2 3452,5980,	
comprobaron 1 564 1 3444,	
Experiencia 1 564 1 3435,	
VIH 2 564 2 3434,6637,	
hepadnavirus 1 564 1 3425,	
37 2 564 2 5608,7949,	
frente 2 564 2 3416,3432,	
vírica 1 564 1 3400,	
50% 1 564 1 3395,	
eficazmente 1 564 1 3393,	
inhibió 1 564 1 3392,	
concentración 3 564 3 3388,4812,4971,	
expresada 1 564 1 3383,	
salvo 1 564 1 7409,	
personales 1 564 1 6827,	
biopsias 1 564 1 4347,	
humano 1 564 1 3382,	
hematoma 1 564 1 3381,	
15 3 564 3 3379,5163,6170,	
línea 1 564 1 3375,	
antivírica 3 564 3 3367,3410,3688,	
evaluó 3 564 3 3364,4203,4234,	
in 2 564 2 3361,3368,	
láctico 2 564 2 3360,6676,	
ácido 2 564 2 3359,6675,	
PCR 2 564 2 4083,4117,	
10 6 564 6 3351,4364,5367,5777,7513,7560,	
apreciables 1 564 1 3346,	
tóxicos 1 564 1 3345,	
negativo 2 564 2 4081,4287,	
ejerció 1 564 1 3343,	
contenido 3 564 3 3334,5705,7768,	
miticondrial 1 564 1 3331,	
estructura 1 564 1 3330,	
envases 4 564 4 5729,7703,7799,7816,	
relacionados 2 564 2 3327,3426,	
polimerasas 1 564 1 3321,	
M 3 564 3 3316,3352,3406,	
100 4 564 4 3315,4031,4035,7516,	
producción 2 564 2 3301,3357,	
distintiva 1 564 1 3295,	
proceder 1 564 1 7391,	
preferencia 1 564 1 3294,	
74% 2 564 2 3561,4090,	
12-0 1 564 1 3288,	
segunda 2 564 2 3284,3304,	
M) 2 564 2 3281,3290,	
4-1 1 564 1 3279,	
(CI50 2 564 2 3276,3285,	
cadenas 1 564 1 3271,	
farmacocinéticas 1 564 1 4736,	
ambas 2 564 2 3270,4789,	
síntesis 2 564 2 3268,3399,	
inhibición 2 564 2 3255,3298,	
dando 1 564 1 3251,	
último 1 564 1 7662,	
cadena 2 564 2 3248,3305,	
finalización 1 564 1 3245,	
causa 4 564 4 3243,6405,6427,6583,	
vírico 2 564 2 3242,4585,	
911 2 564 2 7888,7962,	
tómela 1 564 1 7353,	
telbivudina-5'-trifosfato 2 564 2 3238,3310,	
5'-trifosfato 1 564 1 3233,	
natural 1 564 1 3231,	
inversa) 1 564 1 3223,	
România 1 564 1 8038,	
(transcriptasa 1 564 1 3222,	
inhibe 2 564 2 3218,3318,	
telbivudina-5'- 1 564 1 3216,	
intracelular 1 564 1 3210,	
semivida 3 564 3 3209,4984,5157,	
cuya 1 564 1 3208,	
trifosfato 2 564 2 3206,3217,	
convierte 1 564 1 3203,	
celulares 3 564 3 3201,3322,4630,	
cinasas 1 564 1 3200,	
eficientemente 1 564 1 3198,	
(VHB) 2 564 2 3194,6804,	
polimerasa 2 564 2 3187,3221,	
INFORMACIÓN 4 564 4 5988,6175,6181,7721,	
indicó 1 564 1 4477,	
actividad 5 564 5 3183,3366,3409,4377,4662,	
timidina 2 564 2 3181,3232,	
J05AF11 1 564 1 3171,	
ATC 1 564 1 3170,	
código 1 564 1 3169,	
bien) 1 564 1 7594,	
sistémico 1 564 1 3168,	
Grupo 1 564 1 3163,	
farmacodinámicas 1 564 1 3162,	
Propiedades 2 564 2 3161,4735,	
	5 1 564 1 3159,	
ESTE 1 564 1 3157,	
FARMACOLÓGICAS 1 564 1 3155,	
PROPIEDADES 1 564 1 3154,	
adecuado 1 564 1 3150,	
apoyo 1 564 1 3148,	
caso 4 564 4 3134,6502,6593,6655,	
tolerada 1 564 1 3130,	
fuera 2 564 2 6067,7629,	
máxima 3 564 3 3129,4814,4972,	
432 1 564 1 4222,	
determinado 1 564 1 3126,	
farmacocinéticos 2 564 2 5227,5312,	
toleradas 1 564 1 3122,	
diaria 3 564 3 3117,5135,5169,	
tres 1 564 1 3111,	
AL 1 564 1 5861,	
ensayadas 1 564 1 3105,	
recibió 1 564 1 3095,	
intencionada 2 564 2 3089,3099,	
sobredosis 3 564 3 3088,3097,3136,	
interrumpido 1 564 1 3068,	
Exacerbaciones 1 564 1 3045,	
periódica 1 564 1 3033,	
monitorización 1 564 1 3032,	
producidos 2 564 2 2868,3016,	
resultado 1 564 1 3253,	
Incluye 2 564 2 2863,3011,	
Italia 1 564 1 8100,	
Límite 2 564 2 2857,3005,	
13 4 564 4 2849,5372,5377,6155,	
12 4 564 4 2847,6137,8007,8073,	
MM/AAAA 1 564 1 5784,	
final 1 564 1 2842,	
Total 2 564 2 2840,2988,	
A 11 564 11 5785,5806,5835,5985,6183,7842,7993,8018,8025,8042,8106,	
UI/l 2 564 2 2805,2953,	
500 2 564 2 2804,2952,	
0 38 564 38 2799,2800,2815,2817,2828,2829,2830,2831,2926,2928,2930,2944,2948,2961,2963,2965,2975,2977,2978,2979,2998,3002,3278,3287,3404,3816,3838,3927,4257,4423,4837,4862,5184,5370,5396,5401,7890,7964,	
LSN 8 564 8 2794,2839,2856,2941,2987,3004,3719,4214,	
LSN1 2 564 2 2775,2923,	
& 10 564 10 2772,2791,2806,2826,2836,2920,2938,2954,2973,2984,	
93 1 564 1 8028,	
Grado 8 564 8 2765,2784,2801,2819,2913,2931,2949,2966,	
deseados 1 564 1 7378,	
% 8 564 8 2761,2762,2763,2764,2909,2910,2911,2912,	
Categoría 2 564 2 2755,2903,	
HBeAg-negativo 2 564 2 2754,2902,	
HBeAg-positivo 2 564 2 2753,2901,	
tratamiento2 2 564 2 2752,2900,	
Análisis 3 564 3 2738,2883,7536,	
52) 1 564 1 2735,	
24 12 564 12 2731,2749,2846,2880,2895,2992,3021,3289,3759,3781,3877,5774,	
cumplieron 1 564 1 3542,	
24) 1 564 1 2724,	
Österreich 1 564 1 7972,	
(desde 2 564 2 2717,2728,	
además 2 564 2 2712,6926,	
800 2 564 2 3109,5123,	
describe 1 564 1 2711,	
transitorias 1 564 1 2699,	
basal 17 564 17 2670,2720,2771,2790,2810,2825,2835,2919,2937,2958,2972,2983,4064,4218,4254,4353,4416,	
año 1 564 1 2652,	
primer 1 564 1 2651,	
afectan 2 564 2 7509,7556,	
predictivos 1 564 1 2643,	
grupos 5 564 5 2638,2707,4145,4196,4227,	
identificaron 2 564 2 2635,4565,	
F-68330 2 564 2 5842,7849,	
pretratamiento 1 564 1 2631,	
caucásica 2 564 2 2626,3842,	
raza 2 564 2 2625,5213,	
continuado 1 564 1 2618,	
randomizado 1 564 1 3456,	
visita 1 564 1 2614,	
disminuyeron 1 564 1 2610,	
valores 2 564 2 2607,2628,	
cabo 1 564 1 2587,	
1% 1 564 1 2579,	
5% 4 564 4 2568,3928,4328,4480,	
(> 2 564 2 2561,5336,	
6) 2 564 2 5356,6497,	
muestra 4 564 4 2531,3292,3994,7678,	
Datos 1 564 1 5544,	
tamaño 2 564 2 2529,6685,	
alaninaminotransferasa 1 564 1 2524,	
hepatobiliares 1 564 1 2519,	
Malestar 2 564 2 2517,7589,	
+356 1 564 1 7928,	
asiáticos 2 564 2 3568,3602,	
Fatiga 2 564 2 2514,7534,	
lugar 1 564 1 2510,	
fosforilada 1 564 1 3197,	
generales 1 564 1 2505,	
Artralgia 1 564 1 2501,	
creatinfosfoquinasa 1 564 1 2497,	
musculoesqueléticos 1 564 1 2488,	
Responsable 1 564 1 7835,	
Erupción 2 564 2 2486,7531,	
subcutáneo 1 564 1 2484,	
tejido 2 564 2 2483,2491,	
piel 1 564 1 2480,	
diarrea 1 564 1 2475,	
farmacovigilancia 3 564 3 5927,5971,5978,	
amilasa 2 564 2 2473,7546,	
gastrointestinales 1 564 1 2469,	
14C-telbivudina 1 564 1 4946,	
proporcionar 1 564 1 3144,	
Tos 2 564 2 2467,7524,	
mediastínicos 1 564 1 2465,	
torácicos 1 564 1 2463,	
incidencia 3 564 3 2658,2696,5626,	
Poco 3 564 3 2456,2499,2515,	
informará 1 564 1 6994,	
cefalea 1 564 1 2455,	
Mareos 1 564 1 2454,	
Frecuentes 7 564 7 2453,2466,2470,2485,2493,2513,2520,	
perjudicarles 1 564 1 6302,	
nervioso 1 564 1 2452,	
Trastornos 7 564 7 2449,2461,2468,2477,2487,2504,2518,	
007* 1 564 1 2448,	
clínicas 2 564 2 2427,3620,	
decreciente 1 564 1 2415,	
orden 1 564 1 2414,	
000) 1 564 1 2407,	
(<1/10 1 564 1 2406,	
000); 1 564 1 2403,	
<1/1 1 564 1 2402,	
respiratorios 1 564 1 2462,	
(1/10 1 564 1 2400,	
raras 4 564 4 2399,2405,2549,2552,	
<1/100); 1 564 1 2398,	
000 6 564 6 2397,2401,4551,4656,7564,8035,	
(1/1 1 564 1 2396,	
<1/10); 1 564 1 2393,	
(1/100 1 564 1 2392,	
definiciones 1 564 1 2390,	
Lleve 1 564 1 7301,	
siguientes 2 564 2 2389,7502,	
utilizando 3 564 3 2387,6604,6891,	
órganos 1 564 1 2384,	
clasificación 1 564 1 2382,	
siguiendo 1 564 1 2378,	
007 2 564 2 2377,3449,	
52 16 564 16 2369,2442,2589,2674,2898,2995,3028,3545,3790,3924,3962,4008,4179,4277,4335,4420,	
primeras 1 564 1 2368,	
registradas 1 564 1 2365,	
enumeran 1 564 1 2361,	
446 1 564 1 4187,	
tabla 6 564 6 2358,2715,2726,3974,3991,5278,	
ovales 1 564 1 7777,	
moderadas 1 564 1 2355,	
leves 1 564 1 2353,	
gravedad 2 564 2 2351,2417,	
según 4 564 4 2349,3151,5562,7331,	
clasificaron 1 564 1 2348,	
notificadas 2 564 2 2346,2440,	
210 1 564 1 8004,	
104 2 564 2 2339,3469,	
687) 1 564 1 2334,	
680) 1 564 1 2329,	
= 21 564 21 2328,2333,3277,3286,3815,3837,3872,4015,4020,4132,4139,4184,4190,4221,4284,4289,4422,4589,4809,5350,5355,	
(n 10 564 10 2327,2332,3871,4014,4019,4283,4288,4808,5349,5354,	
mg/día 2 564 2 2324,3110,	
ciego 2 564 2 2321,3455,	
recibieron 2 564 2 2318,4339,	
367 2 564 2 2312,3473,	
007) 3 564 3 2307,4011,4280,	
(GLOBE 1 564 1 2306,	
reacciones 5 564 5 2297,2344,2363,2409,2547,	
valoración 2 564 2 2294,4171,	
adversas 7 564 7 2292,2298,2345,2364,2410,2426,2548,	
Reacciones 2 564 2 2291,2425,	
8 8 564 8 2290,3398,4864,4991,4994,5757,6084,8130,	
realizado 3 564 3 2279,5225,7074,	
máquinas 4 564 4 2275,2288,7070,7083,	
conducir 3 564 3 2272,2285,7080,	
capacidad 3 564 3 2270,2283,7078,	
DIRECCIÓN 1 564 1 6117,	
7 17 564 17 2266,2562,2567,2778,2781,2976,3001,5050,5129,5279,5323,5388,5403,5406,5738,6077,8148,	
cambios 2 564 2 4319,5503,	
terapéutica 4 564 4 2264,3643,3806,5618,	
humanos 4 564 4 2260,4950,5561,5614,	
Periodo 1 564 1 5684,	
14 3 564 3 2253,3213,6160,	
aproximadamente 8 564 8 2252,3407,4888,5057,5162,5188,5429,7134,	
sistémica 4 564 4 2251,4876,5152,5424,	
normalidad 2 564 2 2861,3009,	
exposición 7 564 7 2250,4875,4917,5151,5423,5607,6812,	
hembras 1 564 1 2247,	
machos 1 564 1 2245,	
alteraciones 2 564 2 2239,2507,	
hubo 1 564 1 2236,	
INSTRUCCIONES 1 564 1 6171,	
reproductiva 2 564 2 2234,5597,	
femenina 1 564 1 2228,	
rue 2 564 2 5838,7845,	
amamantar 2 564 2 2207,7049,	
leche 2 564 2 2188,2201,	
excreta 2 564 2 2185,2198,	
contraiga 1 564 1 2177,	
neonato 1 564 1 2176,	
prevenir 2 564 2 2173,6850,	
75% 1 564 1 4089,	
adecuadas 1 564 1 2171,	
incrementó 1 564 1 3355,	
efectuarse 1 564 1 2169,	
+40 1 564 1 8056,	
maternoinfantil 1 564 1 2162,	
republika 2 564 2 7912,8083,	
existen 4 564 4 2151,2214,5193,5207,	
equivalentes 1 564 1 5603,	
feto 1 564 1 2149,	
voluntarios 2 564 2 4750,4806,	
supera 1 564 1 2143,	
madre 1 564 1 2142,	
materna 2 564 2 2129,5640,	
toxicidad 5 564 5 2128,2233,5570,5596,5639,	
secundario 2 564 2 2126,5636,	
aborto 1 564 1 2125,	
placenta 1 564 1 2115,	
sintético 1 564 1 3178,	
atraviesa 1 564 1 2113,	
demostraron 1 564 1 2110,	
gestantes 2 564 2 2109,2120,	
conejos 3 564 3 2108,2119,5599,	
ratas 3 564 3 2106,2191,2244,	
parto 2 564 2 2095,2122,	
tomaron 1 564 1 3700,	
embrional/fetal 1 564 1 2094,	
directos 1 564 1 2089,	
dañinos 1 564 1 2088,	
+45 1 564 1 7941,	
muestran 5 564 5 2086,3977,5275,5555,7540,	
animales 1 564 1 2084,	
embarazo 5 564 5 2080,2092,2136,6964,7004,	
utilización 1 564 1 2075,	
Healthcare 1 564 1 7934,	
raro 1 564 1 6700,	
lactancia 3 564 3 2066,6958,7065,	
Embarazo 2 564 2 2064,6956,	
CYP450 1 564 1 2057,	
fármacos 1 564 1 2053,	
potencial 3 564 3 2048,2146,5580,	
(CYP450) 2 564 2 2039,4966,	
P450 2 564 2 2038,4965,	
citocromo 2 564 2 2037,4964,	
enzimático 2 564 2 2035,4962,	
sistema 5 564 5 2034,2380,2451,4961,5925,	
inductor 2 564 2 2032,4959,	
mes 1 564 1 7665,	
inhibidor 3 564 3 2030,3265,4957,	
virológicas 3 564 3 3622,3983,4001,	
sustrato 3 564 3 2027,3230,4956,	
203 2 564 2 3878,4191,	
mecanismo 2 564 2 2010,5027,	
cerca 1 564 1 6600,	
desarrollar 1 564 1 2004,	
Eesti 1 564 1 7971,	
subcutánea 1 564 1 1990,	
semana 26 564 26 1987,2673,2723,2730,2734,2845,2879,2894,2991,3020,3027,3544,3758,3789,3876,3923,3933,3961,3970,4007,4178,4276,4334,4419,4464,4528,	
rechazo 5 564 5 4434,4475,4497,4584,4596,	
microgramos 1 564 1 1982,	
180 1 564 1 1981,	
alérgico 2 564 2 6481,6516,	
investiga 1 564 1 1968,	
cuidado 2 564 2 6524,6780,	
ensayo 3 564 3 1962,2534,3859,	
interindividual 2 564 2 1952,4881,	
LSN) 1 564 1 2564,	
variabilidad 2 564 2 1951,4880,	
elevada 1 564 1 1950,	
efectos 11 564 11 1938,2087,2156,2220,3344,6310,6356,7375,7489,7503,7601,	
acerca 4 564 4 1935,2153,2217,7019,	
definitiva 1 564 1 1934,	
CONTENIDO 1 564 1 6028,	
únicamente 3 564 3 2131,4208,4242,	
conclusión 1 564 1 1932,	
extraer 1 564 1 1930,	
ciclosporina 1 564 1 1922,	
(estudio 2 564 2 4009,4278,	
dipivoxil 1 564 1 1921,	
relacionadas 2 564 2 5196,5210,	
múltiples 2 564 2 1915,4748,	
observaron 3 564 3 2554,5502,5584,	
alteró 1 564 1 1909,	
estacionario 3 564 3 1906,5140,5181,	
farmacocinética 11 564 11 1901,1943,4741,4764,4783,5107,5202,5216,5241,5478,5506,	
plasmáticas 4 564 4 1882,4851,4930,5177,	
concentraciones 6 564 6 1881,1955,3312,3348,4850,5176,	
T/A/S 1 564 1 4587,	
alterar 1 564 1 1879,	
B) 1 564 1 1877,	
anfotericina 1 564 1 1876,	
vancomicina 1 564 1 1875,	
platino 1 564 1 1874,	
compuestos 1 564 1 1872,	
Henle 1 564 1 1871,	
subpoblación 1 564 1 4562,	
asa 1 564 1 1869,	
%) 1 564 1 4085,	
diuréticos 1 564 1 1864,	
caducidad 2 564 2 7647,7659,	
EXTERIOR 1 564 1 5995,	
aminoglicósidos 1 564 1 1863,	
(como 1 564 1 1862,	
alteren 1 564 1 1858,	
coadministración 1 564 1 1852,	
ADVERTENCIA 1 564 1 6058,	
interacción 2 564 2 1841,2050,	
Producto 1 564 1 5885,	
formas 1 564 1 1839,	
Interacción 1 564 1 1832,	
observada 2 564 2 1807,2258,	
Ishak3 1 564 1 4312,	
inferior 4 564 4 1804,3826,3848,4123,	
terapia 2 564 2 1797,3489,	
Hipromelosa 1 564 1 5676,	
observó 2 564 2 1789,4433,	
II 1 564 1 1787,	
fase 2 564 2 1786,3451,	
utilizar 5 564 5 1775,2274,2287,6054,7082,	
sangre 6 564 6 1771,6679,6814,6831,7449,7538,	
masculina 1 564 1 2226,	
contaminación 1 564 1 1768,	
+370 1 564 1 8161,	
sexual 2 564 2 1765,6809,	
contacto 2 564 2 1764,6808,	
incorporación 1 564 1 3235,	
personas 5 564 5 1760,6293,6786,6796,7495,	
transmisión 2 564 2 1755,2161,	
resultados 5 564 5 3784,3979,5272,5518,6558,	
simultáneo 1 564 1 1731,	
consecuencia 1 564 1 1723,	
disminuida 1 564 1 1721,	
frecuencia 4 564 4 1715,2422,6569,7174,	
Sími 1 564 1 8091,	
prescriba 1 564 1 1704,	
jóvenes 1 564 1 1696,	
responden 1 564 1 1689,	
determinar 1 564 1 1687,	
suficiente 2 564 2 1679,2542,	
número 3 564 3 1678,2541,3522,	
incluyeron 2 564 2 1676,3676,	
[VHD]) 1 564 1 1665,	
D 2 564 2 1664,6644,	
[VHC] 1 564 1 1658,	
ADMINISTRACIÓN 1 564 1 6046,	
C 3 564 3 1657,3514,6642,	
regulares 1 564 1 7450,	
[VIH] 1 564 1 1652,	
West 3 564 3 5751,6131,7829,	
humana 2 564 2 1651,2202,	
Mejoría 3 564 3 4261,4293,4313,	
inmunodeficiencia 1 564 1 1650,	
coinfectados 2 564 2 1640,1644,	
Poblaciones 2 564 2 1628,5189,	
hepático 2 564 2 1614,1627,	
trasplante 3 564 3 1613,1626,6627,	
7% 2 564 2 1610,4326,	
pivotal 2 564 2 1602,2622,	
genotípicamente 1 564 1 1596,	
tasa 2 564 2 1592,5016,	
celular 3 564 3 1590,3376,4728,	
cultivo 2 564 2 1589,4727,	
veces 7 564 7 1587,2254,3112,4657,4725,5148,5609,	
reducida 3 564 3 1582,4654,4720,	
susceptibilidad 3 564 3 1579,4651,4717,	
DEBE 2 564 2 5990,6064,	
mostró 3 564 3 1577,4715,5579,	
A181V 2 564 2 1576,4714,	
sustituciones 4 564 4 1574,4569,4692,4712,	
resistencia 10 564 10 1568,1594,3930,3967,4502,4524,4616,4678,4686,4706,	
codificado 3 564 3 1565,4683,4703,	
N236T 1 564 1 1560,	
mutantes 1 564 1 1559,	
cepas 2 564 2 1558,4632,	
adefovir 5 564 5 1549,1570,1920,4688,4708,	
ensayos 3 564 3 1509,3326,4629,	
1) 1 564 1 1507,	
comercializado 1 564 1 5948,	
M204I 2 564 2 1501,4572,	
M204V/L180M 1 564 1 1496,	
M204V 2 564 2 1486,1525,	
simple 2 564 2 1485,4673,	
mutante 3 564 3 1484,1494,1500,	
MATERIALES 1 564 1 6106,	
cepa 3 564 3 1483,1493,1499,	
(g·h/ml) 1 564 1 5385,	
vitro 5 564 5 1476,1551,3362,3369,4922,	
lamivudina 15 564 15 1474,1779,1802,1919,2331,2585,2694,3461,3800,3828,4149,4200,4231,4637,4680,	
Antivirales 1 564 1 3165,	
virus 13 564 13 1467,1542,1647,1653,1660,3189,3418,6392,6415,6440,6636,6799,7038,	
confirmada 3 564 3 1464,1540,1595,	
monoterapia 2 564 2 1459,1811,	
apoya 1 564 1 1453,	
disponible 2 564 2 1451,6848,	
resistente 3 564 3 1445,1472,1547,	
descompensada 2 564 2 1430,1439,	
Blisters 1 564 1 5708,	
hay 2 564 2 1420,6446,	
virológicos 1 564 1 1400,	
clínicos 5 564 5 1397,1510,1672,2072,2216,	
parámetros 1 564 1 1396,	
reduzca 1 564 1 1751,	
especial 3 564 3 1381,5737,6523,	
3) 1 564 1 2102,	
utilizarse 3 564 3 1379,1897,2133,	
presentaron 4 564 4 1374,3760,4496,4649,	
estudios 14 564 14 1373,1671,2082,2104,2117,2231,2280,5226,5521,5552,5564,5593,5966,7075,	
3% 2 564 2 1366,3808,	
(aproximadamente 1 564 1 1364,	
Pediatría 1 564 1 5219,	
limitados 1 564 1 1363,	
disponibles 1 564 1 1361,	
Debido 2 564 2 1356,2527,	
presentó 2 564 2 3929,3966,	
combinada 1 564 1 1798,	
secciones 2 564 2 1345,5305,	
aumente 1 564 1 1339,	
efectividad 1 564 1 1315,	
GLOBE 6 564 6 2376,2447,2535,3448,4010,4279,	
Receptores 1 564 1 1611,	
incluidos 2 564 2 1304,1370,	
actividades 1 564 1 5969,	
principalmente 4 564 4 1277,1847,2301,5000,	
proceda 1 564 1 3152,	
elimina 4 564 4 1276,1846,4999,6929,	
(rtA181T 1 564 1 4586,	
Sobredosis 1 564 1 3081,	
6% 4 564 4 2678,2688,3574,4445,	
Función 2 564 2 1271,5328,	
mutación 6 564 6 1524,4522,4593,4641,4646,4672,	
(pegilado 1 564 1 1268,	
combinación 7 564 7 1264,1824,1890,1917,1970,1996,4517,	
beneficio 2 564 2 1260,2139,	
momento 1 564 1 1258,	
establecido 3 564 3 1255,1514,5928,	
(Hellas) 1 564 1 7992,	
Asimismo 1 564 1 1251,	
estándar) 2 564 2 1250,1270,	
(pegilados 1 564 1 1248,	
alfa 4 564 4 1247,1267,3581,3615,	
sanguínea 3 564 3 2474,2498,2525,	
interferones 1 564 1 1246,	
frecuencias 1 564 1 2386,	
aumento 3 564 3 1241,2476,6683,	
excluir 1 564 1 1239,	
5) 1 564 1 1235,	
administran 1 564 1 1230,	
pegilado 5 564 5 1228,1926,1946,1959,1980,	
alfa-2a 4 564 4 1227,1925,1958,1979,	
rtL180M/rtM204V 1 564 1 4648,	
interferón 8 564 8 1226,1266,1924,1945,1957,1978,3580,3614,	
ayudará 1 564 1 7714,	
mayor 4 564 4 1216,1714,2001,5625,	
observado 4 564 4 1214,1993,4615,5612,	
reconsiderarse 1 564 1 1203,	
investigado 1 564 1 1634,	
sospecha 1 564 1 1198,	
existe 1 564 1 1197,	
habitual 1 564 1 7117,	
mediados 1 564 1 2054,	
Si 18 564 18 1196,6268,6304,6498,6511,6651,6708,6767,6974,7005,7162,7244,7265,7272,7311,7315,7392,7595,	
telvibudina 2 564 2 1195,1207,	
neuropatía 4 564 4 1189,1200,1219,2005,	
tomando 2 564 2 6732,6913,	
BLÍSTERS 2 564 2 6186,6189,	
conjuntamente 2 564 2 1231,1776,	
periférica 6 564 6 1181,1190,1201,1220,2006,2459,	
Neuropatía 2 564 2 1180,2458,	
síntoma 2 564 2 1172,7467,	
signo 1 564 1 1170,	
detectar 2 564 2 1168,2546,	
33 1 564 1 8120,	
controlar 2 564 2 1163,7452,	
potenciales 2 564 2 1160,6998,	
riesgos 3 564 3 1159,5556,6997,	
- 28 564 28 4097,4098,4105,4106,5407,6255,6267,6278,6303,6478,6527,6575,6601,6622,6630,7518,7523,7525,7530,7533,7535,7566,7570,7576,7588,7726,7739,8021,	
beneficios 1 564 1 1157,	
cuidadosamente 1 564 1 1155,	
valorar 1 564 1 1154,	
consideren 1 564 1 1142,	
médicos 1 564 1 1140,	
Los 14 564 14 1139,1670,2081,2103,2116,3502,3711,3743,4553,5517,5548,6664,7682,7740,	
ciclosporina) 1 564 1 1138,	
fibratos 1 564 1 1136,	
estatinas 1 564 1 1135,	
ej 2 564 2 1134,1642,	
permaneció 1 564 1 4697,	
(p 2 564 2 1133,1641,	
asociados 3 564 3 1130,1150,1401,	
histológica 5 564 5 3678,3704,3997,4262,4367,	
medicamentos 16 564 16 1129,1149,1735,1836,1856,1895,6380,6607,6665,6882,6898,6916,7485,7683,7707,8174,	
concomitante 3 564 3 1125,1145,1727,	
incrementa 1 564 1 1121,	
diagnostica 1 564 1 1107,	
achaque 1 564 1 1091,	
comuniquen 1 564 1 1088,	
advertirse 2 564 2 1083,1738,	
Sábado 1 564 1 6231,	
receptores 5 564 5 1079,1624,4429,4471,4537,	
predisponen 1 564 1 1071,	
Película 1 564 1 5665,	
desconocen 1 564 1 1067,	
Además 1 564 1 1065,	
olvidadas 1 564 1 7365,	
Información 1 564 1 6363,	
relación 1 564 1 1055,	
uniforme 1 564 1 1053,	
Raza 1 564 1 5205,	
patrón 1 564 1 1052,	
(menores 1 564 1 6859,	
encontrado 1 564 1 1050,	
creatinquinasa 7 564 7 1036,1064,2557,2599,2609,2630,7549,	
60%* 1 564 1 4075,	
grado 5 564 5 1029,1057,2559,2647,2665,	
independientemente 1 564 1 1027,	
persistente 4 564 4 1026,1098,6744,7575,	
superior 5 564 5 2255,2858,3006,3113,3798,	
inexplicable 3 564 3 1025,1097,1179,	
definida 2 564 2 1018,4368,	
muscular 9 564 9 1013,1021,1024,1096,1178,6712,6743,6748,7574,	
(CI50) 1 564 1 3401,	
debilidad 6 564 6 1012,1023,1095,1177,6742,7573,	
sensibilidad 3 564 3 1010,1093,1175,	
inexplicables 1 564 1 1009,	
difusas 1 564 1 1008,	
	10 1 564 1 6094,	
mialgias 1 564 1 1007,	
presente 1 564 1 1006,	
iniciar 1 564 1 995,	
mialgia 2 564 2 982,2502,	
miopatía 9 564 9 980,1017,1041,1076,1108,1115,1132,1152,2503,	
musculares 2 564 2 974,6612,	
Efectos 4 564 4 973,2267,7505,7551,	
vigilados 1 564 1 971,	
Qué 1 564 1 6337,	
Estos 2 564 2 967,1387,	
conocidos 2 564 2 962,6381,	
factores 3 564 3 959,1069,2642,	
u 1 564 1 957,	
obesas) 1 564 1 953,	
queda 1 564 1 7013,	
asintomática 1 564 1 3103,	
mujeres 2 564 2 952,2204,	
paciente 3 564 3 950,1004,3094,	
único 1 564 1 2304,	
prescriban 1 564 1 945,	
precaución 4 564 4 942,1382,1701,1899,	
contrario 3 564 3 3308,3767,7233,	
tenerse 2 564 2 941,1700,	
Deberá 4 564 4 940,1082,1099,1737,	
intervenciones 1 564 1 2170,	
lactato 1 564 1 938,	
Media 1 564 1 4067,	
pancreatitis 1 564 1 926,	
asociaron 2 564 2 924,3730,	
	6 1 564 1 5644,	
mortales 1 564 1 922,	
Casos 1 564 1 919,	
desarrollo 5 564 5 915,1074,2093,2097,6453,	
indicativos 1 564 1 913,	
(de 1 564 1 5417,	
abdominal 2 564 2 910,7529,	
dolor 11 564 11 909,1020,1092,1174,6711,6713,6747,6758,7520,7528,7579,	
vómitos 2 564 2 907,6718,	
benignos 1 564 1 903,	
mejor 1 564 1 7024,	
digestivos 1 564 1 902,	
Síntomas 1 564 1 901,	
sido 1 564 1 3120,	
desconocida 1 564 1 900,	
etiología 1 564 1 899,	
presentan 1 564 1 2412,	
metabólica 1 564 1 895,	
progresiva 1 564 1 892,	
Sverige 1 564 1 8123,	
asiática 1 564 1 3501,	
diferente 1 564 1 1692,	
rápidamente 2 564 2 886,1089,	
aumenten 1 564 1 885,	
excluirse 1 564 1 870,	
síntomas 3 564 3 6298,6773,7252,	
acontecimientos 1 564 1 2017,	
nucleósido 2 564 2 867,3177,	
nucleótidos 1 564 1 860,	
(< 1 564 1 5342,	
nucleósidos 4 564 4 858,877,947,4621,	
análogos 4 564 4 857,876,946,4620,	
primera 2 564 2 2872,3275,	
grave 7 564 7 850,5084,6315,6581,6702,7428,7606,	
hepatomegalia 3 564 3 849,891,955,	
asociada 8 564 8 847,1042,1571,1998,4594,4675,4689,4709,	
normalmente 1 564 1 846,	
mortal 2 564 2 844,6707,	
hipoxemia) 1 564 1 840,	
láctica 4 564 4 836,897,918,6695,	
acidosis 4 564 4 835,894,917,6694,	
aparición 2 564 2 833,6585,	
laboratorio 2 564 2 827,6542,	
exceso 1 564 1 6673,	
clínico 2 564 2 824,1963,	
aprobado 1 564 1 8169,	
seguimiento 1 564 1 823,	
FIGURAR 1 564 1 5991,	
cirrosis) 1 564 1 1375,	
mediante 1 564 1 822,	
meses 2 564 2 811,992,	
periodo 4 564 4 807,3464,4217,4253,	
hospital 1 564 1 7295,	
durante 19 564 19 805,1116,1405,2134,2208,2335,2366,2441,2649,2877,3025,3038,3462,5455,5942,6552,6962,7002,7050,	
regularmente 2 564 2 804,7238,	
mortales) 1 564 1 794,	
obstante 2 564 2 780,7336,	
autolimitados 1 564 1 778,	
demostrado 2 564 2 776,1749,	
casos 7 564 7 774,785,843,978,1185,1717,6752,	
mayoría 5 564 5 771,2342,2594,3492,3695,	
Reino 3 564 3 5755,6135,7833,	
incrementos 2 564 2 760,1031,	
asocian 1 564 1 758,	
postratamiento 2 564 2 756,795,	
9 11 564 11 2818,2850,2929,2999,3080,3726,5362,5383,5765,6089,8118,	
Normalmente 1 564 1 750,	
finalizado 1 564 1 743,	
notificado 6 564 6 734,784,831,977,1184,3057,	
sugiere 2 564 2 5023,5155,	
(32%) 1 564 1 4531,	
(en 3 564 3 792,837,4084,	
han 12 564 12 733,742,775,783,976,1183,2278,3056,3067,3119,5224,7073,	
También 1 564 1 731,	
controlados 1 564 1 729,	
cirrosis 7 564 7 721,1353,1386,1416,1429,1438,6578,	
posterior 1 564 1 714,	
talco; 1 564 1 7762,	
riesgo 12 564 12 704,872,961,1113,1217,1243,1753,2002,2145,6791,7034,7370,	
descompensación 4 564 4 701,706,1355,1418,	
bilirrubina 3 564 3 694,2827,2974,	
acompañadas 1 564 1 689,	
260 1 564 1 8072,	
magnesio 1 564 1 5664,	
proteínas 1 564 1 4929,	
generalmente 1 564 1 688,	
sérico 3 564 3 685,939,3668,	
elevaciones 5 564 5 682,2555,2597,2646,2698,	
eliminación 3 564 3 4986,5069,5735,	
frecuentemente 1 564 1 665,	
producen 2 564 2 663,2015,	
mg) 2 564 2 5251,5620,	
transitorios 5 564 5 659,753,2661,2865,3013,	
días 2 564 2 5051,5130,	
aumentos 5 564 5 658,752,2660,2864,3012,	
general 6 564 6 656,1698,2605,2656,3149,4884,	
definió 1 564 1 4401,	
habían 3 564 3 3487,3575,3609,	
tratados 7 564 7 652,1193,2434,2572,2583,2682,2692,	
exacerbación 2 564 2 649,711,	
aparezca 1 564 1 647,	
bioquímicos 1 564 1 1398,	
semanas 10 564 10 643,990,1606,2340,2370,2443,2590,2750,3470,3782,	
4-5 1 564 1 642,	
transcurren 1 564 1 640,	
farmacoterapéutico 1 564 1 3164,	
promedio 1 564 1 639,	
Como 3 564 3 638,861,1842,	
descienden 1 564 1 633,	
aumentar 2 564 2 620,7368,	
+353 1 564 1 8070,	
antiviral 2 564 2 615,6650,	
inicio 1 564 1 612,	
Tras 6 564 6 610,3195,4792,4968,5033,5165,	
sérica 3 564 3 609,618,695,	
ALT 27 564 27 608,617,661,684,755,2663,2746,2760,2767,2786,2803,2821,2867,2891,2908,2915,2933,2951,2968,3015,3672,3681,3715,3920,3958,4207,4212,	
transitoria 5 564 5 605,2744,2758,2889,2906,	
asintomáticas 1 564 1 2601,	
elevación 6 564 6 604,1061,2743,2757,2888,2905,	
caracterizan 1 564 1 601,	
EN 4 564 4 5893,5992,6176,6185,	
frecuentes 11 564 11 598,1187,2391,2395,2457,2500,2516,3507,6754,7507,7554,	
relativamente 1 564 1 597,	
son 4 564 4 596,1362,7743,7772,	
Pérdida 1 564 1 4100,	
graves 5 564 5 591,788,920,3060,7264,	
agudas 2 564 2 590,3059,	
acción 1 564 1 1866,	
exacerbaciones 4 564 4 589,735,787,3058,	
presentaban 1 564 1 4546,	
Las 6 564 6 588,2203,2408,3616,3673,4151,	
especiales 7 564 7 585,1629,5190,5557,5692,5698,5733,	
precauciones 1 564 1 584,	
Advertencias 1 564 1 582,	
activo 3 564 3 573,3207,7729,	
principio 2 564 2 572,7728,	
Hipersensibilidad 1 564 1 570,	
disposición 1 564 1 4974,	
Contraindicaciones 1 564 1 569,	
4) 7 564 7 566,2021,3044,3078,4627,4732,5310,	
específica 2 564 2 556,3415,	
recomendación 1 564 1 553,	
apoyen 1 564 1 551,	
dispone 7 564 7 547,1528,1815,2069,2538,3084,5922,	
Tenga 2 564 2 6522,6779,	
ESPECIAL 1 564 1 6059,	
años) 2 564 2 544,6862,	
65 4 564 4 543,561,1682,7909,	
Posibles 1 564 1 6355,	
(mayores 1 564 1 541,	
avanzada 4 564 4 540,1669,1710,5234,	
Leer 1 564 1 6049,	
Ninguna 1 564 1 5736,	
datos 11 564 11 532,549,1360,1421,1530,1817,2071,2152,2215,3533,5549,	
ausencia 2 564 2 530,838,	
debido 3 564 3 527,1711,1947,	
edad 9 564 9 526,539,1668,1685,1709,3552,3586,5233,6877,	
aparece 1 564 1 7649,	
años 7 564 7 524,562,1683,3559,3593,5688,6875,	
16 7 564 7 523,6174,6861,6874,7884,7943,8164,	
indican 1 564 1 5522,	
(particularmente 1 564 1 951,	
menores 2 564 2 521,6872,	
(AUC0-) 1 564 1 4858,	
niños 5 564 5 520,6076,6858,6871,7638,	
recomendado 1 564 1 516,	
adolescentes 1 564 1 512,	
Niños 1 564 1 510,	
virológica 2 564 2 1332,3705,	
2) 8 564 8 489,509,1350,2043,5102,5463,5541,5888,	
copias/ml 5 564 5 3661,3728,3755,3778,4552,	
apartado 18 564 18 487,507,564,635,999,1209,1233,1505,2019,2041,2100,3042,3076,4625,4730,5100,5461,5539,	
(ver 20 564 20 486,506,563,634,998,1208,1232,1344,1504,2018,2040,2099,3041,3075,4624,4729,5099,5304,5460,5538,	
Ishak 3 564 3 4273,4397,4412,	
después 11 564 11 482,812,993,2869,3017,3536,4839,5468,7471,7642,7653,	
ERT 1 564 1 478,	
Pacientes 11 564 11 469,537,1351,1414,1440,1666,3548,3582,4072,4337,5409,	
función 10 564 10 464,800,1719,1860,3036,3337,4855,5326,5440,6467,	
clínica 3 564 3 459,3436,4426,	
respuesta 11 564 11 458,1331,1792,3642,3677,3703,3761,3805,3847,3996,4028,	
estrechamente 5 564 5 456,730,972,1329,1391,	
controlarse 4 564 4 455,803,1328,1390,	
deberán 8 564 8 454,727,969,1153,1162,1389,2168,2206,	
Por 7 564 7 451,722,796,1324,2044,2165,3306,	
guías 1 564 1 442,	
Necroinflamatoria 1 564 1 4378,	
seguridad 8 564 8 437,534,1425,1620,1821,3438,5547,5569,	
clínicamente 2 564 2 435,1313,	
Actualmente 1 564 1 1812,	
evaluado 5 564 5 434,1312,4739,4762,5239,	
General 1 564 1 1736,	
8) 4 564 4 637,1001,1211,5351,	
extrapolación 1 564 1 424,	
propuesta 1 564 1 419,	
modificación 2 564 2 416,5450,	
Enfermedad 1 564 1 412,	
sea 1 564 1 429,	
* 4 564 4 411,2526,4044,4053,	
96 2 564 2 409,8113,	
ERT* 1 564 1 403,	
72 1 564 1 401,	
diálisis) 1 564 1 395,	
(no 1 564 1 393,	
abortos 1 564 1 5628,	
30 1 564 1 392,	
antivirales 4 564 4 1448,1827,3855,6383,	
horas 7 564 7 390,402,410,3214,4838,4995,5164,	
48 7 564 7 389,1605,3934,3971,4465,4529,5390,	
30-49 1 564 1 383,	
Dosis 2 564 2 373,3104,	
tóxico 1 564 1 5588,	
(ml/min) 2 564 2 372,5408,	
Aclaramiento 1 564 1 369,	
insuficiencia 10 564 10 367,504,927,931,5079,5262,5411,5498,5515,5536,	
Ajuste 1 564 1 355,	
Tabla 7 564 7 353,2423,2736,2881,3998,4259,5322,	
continuación 1 564 1 352,	
recomienda 5 564 5 1285,1774,3030,5281,6865,	
indica 2 564 2 350,7668,	
geriatría 1 564 1 5221,	
reducción 1 564 1 4403,	
hemodiálisis 8 564 8 347,485,1308,5089,5414,5416,5457,5471,	
(ERT) 1 564 1 345,	
terminal 4 564 4 344,414,473,4987,	
doble 5 564 5 1495,2320,3454,4647,7360,	
incluyendo 1 564 1 338,	
< 8 564 8 335,391,1301,3658,3725,3752,4256,5301,	
presenten 3 564 3 330,1296,5296,	
intervalo 10 564 10 322,357,446,1289,1319,1341,2421,5094,5284,5434,	
ajuste 7 564 7 320,444,1287,1317,5092,5432,5529,	
requiere 4 564 4 318,394,3650,5696,	
ml/min 4 564 4 316,337,1303,5303,	
50 6 564 6 315,336,376,1302,5302,8165,	
máximo 1 564 1 2337,	
creatinina 7 564 7 314,334,371,1300,5300,5332,5444,	
aclaramiento 7 564 7 312,332,1298,5008,5267,5298,5442,	
ajustar 3 564 3 302,495,5282,	
necesario 4 564 4 301,494,5447,5526,	
No 40 564 40 299,431,492,545,779,1236,1309,1419,1526,1772,1927,2067,2150,2213,2276,3082,3123,4759,4936,5192,5206,5222,5500,5582,5680,5695,5903,6824,6863,6959,7047,7071,7156,7196,7335,7356,7398,7403,7639,7669,	
renal 20 564 20 298,343,368,413,465,472,932,1272,1280,1720,1850,1861,5009,5074,5080,5236,5263,5327,5329,5412,	
Insuficiencia 4 564 4 297,490,5235,5472,	
falta 2 564 2 294,4169,	
± 16 564 16 4068,4822,4827,4863,4869,4992,5314,5361,5366,5371,5376,5381,5389,5394,5399,5404,	
fertilidad 2 564 2 2225,2242,	
evidencia 4 564 4 292,1450,2237,4507,	
02 1 564 1 8112,	
exista 1 564 1 291,	
través 3 564 3 1762,6806,6934,	
esteatosis 2 564 2 852,929,	
negativos 13 564 13 277,674,3479,3584,3636,3821,3885,3942,4018,4137,4461,4495,4544,	
eficacia 11 564 11 272,296,439,536,1423,1516,1618,1819,3440,3619,3687,	
basales 4 564 4 3693,3713,3724,4349,	
pérdida 3 564 3 270,3665,4239,	
HBs 2 564 2 268,287,	
meses) 1 564 1 263,	
prematuro 1 564 1 2123,	
3-6 1 564 1 262,	
2007 1 564 1 5776,	
separadas 1 564 1 256,	
consecutivas 1 564 1 255,	
séricas 2 564 2 254,4559,	
muestras 2 564 2 253,4558,	
anti-HBe 1 564 1 250,	
detección 1 564 1 248,	
VHB 35 564 35 246,632,768,1444,1488,1503,1521,1562,1564,1757,2164,2181,3225,3260,3273,3386,3505,3656,3723,3751,3774,3891,3906,3950,4060,4080,4175,4504,4549,4602,4623,4634,4682,4702,6855,	
ADN 21 564 21 244,630,766,3186,3220,3241,3250,3320,3339,3654,3721,3749,3772,3889,3904,3948,4058,4074,4173,4547,4600,	
produzca 1 564 1 890,	
(pérdida 1 564 1 239,	
HBe 1 564 1 238,	
seroconversión 6 564 6 236,266,285,3736,3912,4236,	
mínimo 4 564 4 234,260,283,808,	
Aumento 3 564 3 2471,2494,2521,	
administrarse 4 564 4 232,281,481,5467,	
positivos 15 564 15 228,669,3476,3550,3633,3742,3794,3881,3898,4013,4130,4182,4451,4486,4541,	
HBeAg 35 564 35 227,241,276,668,673,3475,3478,3549,3583,3632,3635,3667,3741,3793,3820,3880,3884,3897,3914,3941,4012,4017,4129,4136,4181,4241,4250,4281,4286,4450,4460,4485,4494,4540,4543,	
En 27 564 27 225,274,474,655,675,1002,1037,1508,1697,1960,2229,2356,2619,2655,3133,3324,3791,3818,3874,3972,4391,4427,4526,4628,4871,5598,6591,	
elevado 1 564 1 717,	
· 5 564 5 224,273,5852,5889,5905,	
siguiente 4 564 4 222,2613,7329,7345,	
considerarse 2 564 2 219,1015,	
24% 2 564 2 4301,4303,	
deberá 13 564 13 218,231,280,480,802,878,1014,1327,1378,1699,1896,2132,3137,	
interrupción 4 564 4 215,815,1411,3052,	
óptima 3 564 3 211,430,3762,	
duración 1 564 1 210,	
In 3 564 3 1475,1550,4921,	
desconoce 6 564 6 208,1110,1616,2008,2193,7029,	
Se 22 564 22 207,317,829,975,1109,1182,1212,1615,2007,2192,2553,3029,3055,3363,3516,4202,4233,4613,4737,5237,5474,7028,	
Duración 1 564 1 204,	
alcanzar 1 564 1 4969,	
alimentos 6 564 6 203,4892,4907,6946,6955,7148,	
anhidra 1 564 1 5661,	
o 78 564 78 201,264,269,288,574,696,859,887,893,896,928,1011,1058,1094,1137,1171,1176,1249,1269,1497,1659,1728,1766,1923,2031,2096,2227,2246,2330,2876,3024,3323,3669,4515,4574,4644,4695,5231,5879,6276,6316,6331,6485,6530,6617,6643,6645,6723,6728,6746,6810,6816,6832,6840,6887,6892,6906,6953,6978,7104,7146,7181,7259,7285,7296,7383,7423,7469,7548,7572,7607,7622,7677,7781,7917,8001,8002,8090,	
	Mantener 2 564 2 6066,7628,	
conjuntivo 1 564 1 2492,	
oral 5 564 5 199,4795,4896,5039,6048,	
vía 6 564 6 198,1279,1849,1989,5067,5073,	
administrada 3 564 3 196,5063,5115,	
prescrito 1 564 1 7223,	
día 7 564 7 195,382,1976,7130,7140,7214,7663,	
vez 8 564 8 193,380,387,399,407,1984,7128,7185,	
comprimido) 1 564 1 191,	
(un 2 564 2 190,6668,	
recomendada 5 564 5 183,305,498,3118,4770,	
dosis 42 564 42 182,304,326,361,418,450,497,555,1291,1323,1343,1914,2263,2873,3116,3128,4341,4745,4769,4798,4842,4901,5038,5062,5098,5114,5245,5289,5438,5454,5483,5532,5572,5600,5617,7116,7199,7330,7346,7350,7359,7364,	
náuseas 3 564 3 906,6716,7527,	
análogo 3 564 3 866,3176,6669,	
La 41 564 41 181,214,415,1273,1449,1591,1889,1900,2022,2182,2293,2341,2593,2695,3172,3215,3234,3261,3387,3408,3427,3437,3491,3551,3585,3637,3840,4506,4591,4658,4897,4951,4996,5106,5415,5464,5576,6404,6693,7115,7656,	
Adultos 1 564 1 180,	
3/4 3 564 3 2560,2648,2666,	
infección 8 564 8 175,1442,1463,1539,2178,6412,6852,7417,	
manejo 1 564 1 172,	
experiencia 1 564 1 169,	
médico 33 564 33 167,6275,6330,6506,6521,6537,6563,6595,6616,6659,6737,6777,6886,6905,6970,6986,6992,7018,7058,7099,7103,7178,7210,7229,7235,7284,7300,7310,7382,7415,7439,7461,7621,	
iniciarlo 1 564 1 165,	
Slovakia 1 564 1 8087,	
debe 8 564 8 164,1202,5466,5918,6289,7048,7113,7193,	
recetado 1 564 1 6284,	
El 15 564 15 162,703,873,1563,3529,4466,4681,4701,4843,5007,5911,5954,6432,7141,7727,	
efecto 5 564 5 5587,5633,6320,6698,7611,	
x 18 564 18 2563,2769,2774,2788,2793,2808,2823,2833,2838,2917,2922,2935,2940,2956,2970,2981,2986,3718,	
administración 11 564 11 161,1124,1912,2512,4794,4898,4944,5035,5134,5168,7093,	
forma 6 564 6 159,223,1691,3936,4980,7713,	
Posología 1 564 1 157,	
indicación 1 564 1 154,	
basada 3 564 3 152,421,2300,	
OTROS 1 564 1 6225,	
específicas 1 564 1 144,	
características 2 564 2 143,3692,	
estudio 11 564 11 140,1601,1784,2305,2375,2446,2621,3447,3499,4165,4345,	
Un 2 564 2 6012,7732,	
detalles 1 564 1 138,	
5 33 564 33 134,488,508,1349,1506,1586,1831,1933,2042,2101,2812,2848,2960,3153,3659,3975,3999,4219,4724,4733,4865,5127,5147,5360,5365,5375,5542,5702,6041,6224,6358,7624,8162,	
Ver 1 564 1 132,	
fibrosis 1 564 1 131,	
y/o 8 564 8 130,1022,1885,2124,6759,6765,7580,7586,	
mayores 1 564 1 559,	
activa 4 564 4 129,1480,1555,3431,	
inflamación 1 564 1 128,	
histológicos 1 564 1 126,	
elevados 6 564 6 123,692,936,2633,3734,7542,	
persistentemente 1 564 1 122,	
(200 1 564 1 5247,	
(ALT) 2 564 2 121,2703,	
aminotransferasa 3 564 3 120,884,2702,	
alanina 2 564 2 119,2701,	
séricos 3 564 3 117,628,764,	
niveles 15 564 15 116,627,691,763,882,934,1034,3712,3747,3770,3887,3902,3946,5605,7541,	
viral 1 564 1 115,	
45 1 564 1 4041,	
replicación 2 564 2 114,3258,	
signos 5 564 5 112,125,699,5585,7679,	
compensada 2 564 2 110,680,	
hepática 14 564 14 109,491,505,679,702,707,801,930,966,3037,5473,5499,5516,5537,	
respondedores; 2 564 2 3813,3835,	
enfermedad 8 564 8 108,342,471,678,791,965,1726,6580,	
adultos 2 564 2 106,6403,	
pacientes 83 564 83 105,147,226,275,309,328,340,365,468,476,502,558,623,651,667,672,676,719,726,740,968,1039,1086,1166,1192,1294,1306,1334,1369,1384,1388,1427,1436,1461,1537,1636,1643,1681,1694,1707,1741,2313,2429,2544,2571,2582,2681,2691,3065,3474,3524,3541,3556,3590,3631,3698,3740,3744,3768,3792,3819,3866,3879,3896,3940,4163,4210,4245,4449,4459,4470,4484,4493,4564,4567,4754,4775,5077,5087,5253,5294,5489,5534,	
sensación 2 564 2 6760,7581,	
crónica 9 564 9 103,179,595,2317,2433,3483,4758,4779,6401,	
B 36 564 36 102,178,594,749,821,1404,1471,1546,1639,2316,2432,3049,3063,3074,3193,3422,3482,3510,4757,4778,5256,5492,5799,5845,6233,6400,6409,6419,6444,6803,7010,7042,7256,7420,7938,7995,	
hepatitis 36 564 36 101,177,593,713,738,748,820,956,1403,1470,1545,1638,1656,1663,2315,2431,3048,3062,3073,3192,3421,3481,4756,4777,5255,5491,6399,6408,6418,6443,6641,6802,7009,7041,7255,7419,	
tratamiento 51 564 51 98,163,206,213,217,230,279,461,614,745,817,874,997,1044,1102,1118,1144,1205,1407,1533,1744,1794,2210,2319,2372,2592,2617,2640,2654,2709,3040,3054,3070,3140,3146,3547,3577,3611,3710,3850,4161,6433,6554,7052,7203,7218,7248,7395,7406,7435,7475,	
indicado 3 564 3 95,1434,7282,	
está 16 564 16 94,151,420,515,1433,1997,2299,6603,6632,6646,6890,6912,6976,7061,7387,7675,	
(descritos 1 564 1 6494,	
Sebivo 69 564 69 93,185,363,479,500,513,1431,1630,1705,1746,1854,2059,2130,2212,3142,3442,3701,6178,6236,6339,6349,6353,6361,6393,6435,6477,6493,6510,6526,6574,6663,6667,6733,6739,6749,6787,6869,6927,6943,6951,6961,6990,7001,7031,7054,7095,7111,7119,7171,7195,7205,7212,7242,7250,7268,7277,7314,7318,7397,7402,7408,7437,7486,7498,7641,7725,7766,7771,7791,	
terapéuticas 1 564 1 92,	
Indicaciones 1 564 1 91,	
/ 1 564 1 5104,	
	4 1 564 1 89,	
CLÍNICOS 1 564 1 88,	
posnatal 1 564 1 2098,	
DATOS 2 564 2 87,5642,	
fluidos 2 564 2 6819,6833,	
4 49 564 49 86,155,565,567,580,581,636,1000,1210,1234,1346,1830,2020,2062,2265,2289,2687,2727,2796,2816,2820,2882,2927,2947,2964,2967,2996,2997,3000,3043,3077,3079,3776,4180,4626,4731,5101,5306,5309,5380,5419,5462,5540,5690,5887,6024,6219,6354,7476,	
embarazada 2 564 2 6977,7014,	
cara 2 564 2 85,7790,	
«LDT» 2 564 2 82,7787,	
273 2 564 2 7889,7963,	
inscripción 2 564 2 81,7786,	
6187) 1 564 1 3839,	
categorías 2 564 2 2741,2886,	
amarillento 2 564 2 78,7783,	
43 2 564 2 3592,5397,	
ligeramente 2 564 2 77,7782,	
70% 1 564 1 4297,	
blanco 2 564 2 75,7780,	
coadministrado 1 564 1 1888,	
color 2 564 2 74,7779,	
oval 1 564 1 69,	
Comprimido 1 564 1 68,	
Kft 1 564 1 7898,	
	Comprimido 1 564 1 64,	
FARMACÉUTICA 2 564 2 63,6026,	
cicatrices 1 564 1 6587,	
FORMA 3 564 3 62,6025,6042,	
3 37 564 37 61,568,828,1584,2578,2716,2737,2783,2787,2792,2797,2802,2811,2813,2934,2939,2946,2950,3280,3753,4071,4128,4363,4390,4722,4820,4836,5186,5391,5393,5398,5543,5683,6019,6214,6350,7084,	
6 21 564 21 59,810,2063,2460,2776,2777,2779,3992,4260,5363,5405,5641,5677,5682,5689,5701,5730,5731,6057,6362,7720,	
207 1 564 1 4193,	
sección 4 564 4 58,133,5886,6496,	
mostraron 2 564 2 2121,3702,	
ver 1 564 1 57,	
competir 1 564 1 3227,	
excipientes 3 564 3 56,579,5648,	
completa 1 564 1 54,	
lista 1 564 1 53,	
Para 1 564 1 51,	
telbivudina 101 564 101 50,307,375,654,863,987,1046,1081,1104,1120,1223,1262,1274,1377,1457,1478,1518,1535,1553,1581,1598,1622,1674,1777,1800,1809,1829,1844,1884,1892,1903,1940,1972,2023,2077,2112,2158,2183,2196,2222,2326,2439,2574,2684,3091,3132,3173,3262,3341,3372,3390,3413,3428,3458,3519,3796,3823,4147,4198,4229,4431,4473,4539,4653,4659,4700,4719,4743,4766,4785,4804,4817,4853,4919,4926,4941,4952,4977,4997,5011,5045,5109,5174,5204,5218,5243,5291,5317,5426,5465,5480,5508,5577,5591,5602,6008,6018,6201,6484,7731,7738,	
contiene 3 564 3 46,6014,7734,	
recubierto 3 564 3 43,65,70,	
comprimido 8 564 8 42,5651,5669,6013,7123,7133,7142,7733,	
	Cada 1 564 1 41,	
CUANTITATIVA 1 564 1 40,	
Y 9 564 9 39,5858,5899,5982,6027,6043,6103,6116,6369,	
CUALITATIVA 1 564 1 38,	
COMPOSICIÓN 1 564 1 37,	
2 52 564 52 36,156,1347,1609,2359,2424,2677,2768,2773,2785,2795,2807,2822,2832,2837,2851,2852,2853,2862,2916,2921,2932,2945,2955,2962,2969,2980,2985,3010,3377,3378,3405,3717,4070,4114,4365,4371,4668,4734,4821,5307,5373,5378,5678,5687,6009,6202,6345,6470,7882,7901,8097,	
película 14 564 14 35,45,67,72,5720,6007,6035,6040,6148,6154,6200,6242,7776,7795,	
96% 1 564 1 3944,	
recubiertos 11 564 11 33,5718,6005,6033,6038,6146,6152,6198,6240,7774,7793,	
comprimidos 13 564 13 32,5717,6004,6032,6037,6145,6151,6197,6239,7291,7773,7792,7804,	
mg 30 564 30 31,48,189,378,385,397,405,1974,2437,4030,4032,4034,4036,4773,4802,4905,5043,5124,5172,5346,5348,5353,5487,6003,6016,6180,6196,6238,7126,7736,	
600 28 564 28 30,47,188,377,384,396,404,1973,2323,2436,4029,4033,4772,4801,4904,5042,5171,5250,5345,5347,5486,6002,6015,6179,6195,6237,7125,7735,	
consultarlo 1 564 1 7207,	
	Sebivo 4 564 4 29,6001,6194,6374,	
MEDICAMENTO 7 564 7 28,3158,5902,6000,6063,6100,6193,	
interrumpirse 3 564 3 879,1100,3138,	
NOMBRE 5 564 5 26,5998,6115,6191,6203,	
1 51 564 51 24,25,60,90,135,354,2311,2766,2780,2782,2798,2814,2854,2855,2914,2924,2925,2942,2943,2959,3003,3108,3160,3472,4107,4336,4404,4437,4550,4603,4655,4667,4823,4824,5122,5146,5368,5645,5997,6190,6336,6365,7511,7558,7563,7907,7987,8050,8071,8077,8115,	
LISTA 1 564 1 6020,	
SEGURA 1 564 1 5898,	
PRODUCTO 1 564 1 23,	
DEL 10 564 10 22,27,5782,5901,5999,6029,6099,6118,6192,6204,	
grupo 1 564 1 6378,	
CARACTERÍSTICAS 1 564 1 21,	
LAS 1 564 1 20,	
DE 45 564 45 19,3156,5740,5743,5759,5761,5767,5771,5779,5787,5790,5793,5796,5801,5804,5808,5811,5814,5817,5847,5850,5856,5863,5866,6021,6045,6060,6086,6092,6097,6104,6108,6120,6123,6139,6141,6157,6163,6172,6206,6209,6216,6221,6472,7626,	
RESUMEN 1 564 1 18,	
O 4 564 4 17,5854,5891,6187,	
absorción 2 564 2 4895,4913,	
TÉCNICA 1 564 1 16,	
FICHA 1 564 1 15,	
ocasiones 1 564 1 793,	
información 3 564 3 12,3086,7855,	
Toda 1 564 1 10,	
medicamento 9 564 9 9,14,1887,4343,6056,6254,6280,7305,7859,	
sufran 1 564 1 7497,	
Basica 1 564 1 7,	
RESPONSABLE 2 564 2 5792,5813,	
	Información 1 564 1 6,	
PELIC 1 564 1 5,	
RECUB 1 564 1 4,	
COMPRIMIDOS 1 564 1 3,	
28 7 564 7 2,4861,5359,5714,6144,7801,7904,	
600MG 1 564 1 1,	
SEBIVO 5 564 5 0,6368,6474,7087,7627,	
