	Prospectos 1 623 1 5098,	
2004 1 623 1 5097,	
TEXTO 1 623 1 5094,	
REVISIÓN 1 623 1 5092,	
2000 2 623 2 5081,5087,	
Junio 2 623 2 5080,5086,	
JUNIO 1 623 1 5095,	
AUTORIZACIÓN/RENOVACIÓN 1 623 1 5071,	
PRIMERA 1 623 1 5070,	
FECHA 2 623 2 5067,5089,	
180 1 623 1 5065,	
63 2 623 2 5057,5064,	
Registro 2 623 2 5056,5063,	
Nº 2 623 2 5055,5062,	
NÚMERO(S) 1 623 1 5046,	
	8 1 623 1 5045,	
COMERCIALIZACIÓN 2 623 2 5044,5050,	
AUTORIZACIÓN 3 623 3 5042,5048,5074,	
LA 4 623 4 5041,5069,5073,5091,	
TITULAR 1 623 1 5039,	
presentaciones 1 623 1 5031,	
Presentaciones 1 623 1 5006,	
instrucciones 1 623 1 5002,	
requiere 1 623 1 5001,	
/ 1 623 1 4998,	
Instrucciones 1 623 1 4995,	
(PVC)/lámina 1 623 1 4989,	
Polivinilo 1 623 1 4988,	
Cloruro 1 623 1 4986,	
blister 3 623 3 4984,5014,5025,	
Envase 1 623 1 4983,	
recipiente 1 623 1 4982,	
contenido 1 623 1 4980,	
Naturaleza 1 623 1 4978,	
ambiente 1 623 1 4975,	
temperatura 1 623 1 4974,	
conservación 1 623 1 4971,	
Precauciones 1 623 1 4968,	
Tres 1 623 1 4964,	
Período 1 623 1 4961,	
Incompatibilidades 1 623 1 4954,	
etilo) 1 623 1 4951,	
propilenglicol 1 623 1 4947,	
alcohol 1 623 1 4946,	
Shelac 1 623 1 4942,	
laca 1 623 1 4941,	
purificada 1 623 1 4940,	
(agua 1 623 1 4939,	
negra 1 623 1 4938,	
tinta 1 623 1 4937,	
(E-132 1 623 1 4932,	
indigotina 1 623 1 4931,	
(E-172 1 623 1 4926,	
rojo 1 623 1 4925,	
hierro 1 623 1 4924,	
esteárico 1 623 1 4921,	
ácido 1 623 1 4920,	
titanio 1 623 1 4919,	
dióxido 1 623 1 4917,	
polivinilpirrolidona 1 623 1 4916,	
farmacéutico 1 623 1 4914,	
metilcelulosa 1 623 1 4912,	
magnésico 1 623 1 4911,	
estearato 1 623 1 4910,	
glicerol 1 623 1 4909,	
microcristalina 1 623 1 4906,	
celulosa 1 623 1 4905,	
carnauba 1 623 1 4904,	
cera 1 623 1 4902,	
tribásico 1 623 1 4901,	
cálcico 2 623 2 4898,4900,	
(212 1 623 1 4883,	
Excipientes 1 623 1 4881,	
FARMACÉUTICOS 1 623 1 4874,	
fuese 1 623 1 4865,	
evidencias 1 623 1 4861,	
hallaron 1 623 1 4860,	
extensa 1 623 1 4857,	
bibliográfica 1 623 1 4856,	
Además 1 623 1 4852,	
insignificante 1 623 1 4851,	
respuesta 1 623 1 4842,	
plasmática 1 623 1 4838,	
ejerce 1 623 1 4831,	
glucocorticosteroides 1 623 1 4826,	
receptores 1 623 1 4825,	
une 1 623 1 4821,	
combina 1 623 1 4815,	
sensible 1 623 1 4804,	
endocrino 1 623 1 4798,	
debido 1 623 1 4793,	
similares 1 623 1 4792,	
aparecer 1 623 1 4790,	
humanos 3 623 3 4787,4840,4871,	
rata 1 623 1 4785,	
causante 2 623 2 4781,4866,	
repetida 1 623 1 4775,	
estimulación 1 623 1 4774,	
células 1 623 1 4761,	
estimula 1 623 1 4758,	
sérica 1 623 1 4751,	
elevadas 1 623 1 4745,	
cortisol 1 623 1 4739,	
cree 2 623 2 4735,4771,	
200 1 623 1 4732,	
incrementó 1 623 1 4718,	
(adenomas 1 623 1 4709,	
pancreáticos 3 623 3 4708,4766,4869,	
islotes 2 623 2 4707,4765,	
celulares 1 623 1 4704,	
MPA) 1 623 1 4697,	
AUC- 1 623 1 4684,	
dietas 1 623 1 4674,	
g/kg/día 3 623 3 4671,4726,4733,	
5000 2 623 2 4670,4725,	
hembras 1 623 1 4663,	
ratas 3 623 3 4662,4753,4801,	
cérvix 1 623 1 4648,	
especies 1 623 1 4639,	
sintéticos 1 623 1 4636,	
diabetogénica 1 623 1 4843,	
continuada 1 623 1 4627,	
seguridad 1 623 1 4624,	
preclínicos 1 623 1 4622,	
hidroxilación 1 623 1 4618,	
mediante 1 623 1 4615,	
metaboliza 1 623 1 4610,	
conjunta 1 623 1 4592,	
altera 1 623 1 4588,	
farmacocinética 1 623 1 4583,	
fármaco-fármaco 2 623 2 4570,4602,	
riñones 1 623 1 4555,	
excreción 1 623 1 4550,	
favorece 1 623 1 4548,	
corporales 1 623 1 4545,	
ionizan 1 623 1 4541,	
ácidos 1 623 1 4538,	
fuertemente 1 623 1 4537,	
portal 1 623 1 4531,	
través 2 623 2 4527,4552,	
vuelven 1 623 1 4523,	
apareció 1 623 1 4698,	
bilis; 1 623 1 4514,	
excretados 1 623 1 4511,	
Algunos 1 623 1 4508,	
hígado 4 623 4 4507,4525,4614,4651,	
principalmente 2 623 2 4504,4611,	
inactivación 1 623 1 4501,	
gastrointestinal 1 623 1 4496,	
tracto 1 623 1 4495,	
absorben 1 623 1 4490,	
farmacocinéticas 1 623 1 4480,	
DMO 1 623 1 4474,	
625/2 1 623 1 4466,	
Premelle 1 623 1 4464,	
déficit 1 623 1 4453,	
Cíclico 2 623 2 5033,5036,	
deficiencia 1 623 1 4443,	
derivados 1 623 1 4440,	
Alivio 1 623 1 4436,	
Información 1 623 1 4431,	
inducido 1 623 1 4424,	
disminuye 1 623 1 4414,	
desprende 1 623 1 4397,	
promueven 1 623 1 4371,	
consecuencia 1 623 1 4362,	
previenen 1 623 1 4356,	
alivia 1 623 1 4348,	
acontece 1 623 1 4343,	
producción 1 623 1 4339,	
sustituyen 1 623 1 4335,	
Estos 1 623 1 4332,	
/- 1 623 1 4330,	
17 1 623 1 4329,	
equilin-sulfatos 1 623 1 4327,	
polietilénglicol 1 623 1 4915,	
ésteres 1 623 1 4323,	
progesterona 1 623 1 4318,	
17-OH 1 623 1 4317,	
sintético 1 623 1 4315,	
derivado 1 623 1 4314,	
Medroxiprogesterona 1 623 1 4310,	
farmacodinámicas 1 623 1 4297,	
Propiedades 2 623 2 4296,4479,	
ESTE 1 623 1 4291,	
FARMACOLÓGICAS 1 623 1 4289,	
PROPIEDADES 1 623 1 4288,	
" 1 623 1 4286,	
activado 1 623 1 4280,	
carbón 1 623 1 4279,	
gástrica 1 623 1 4276,	
evacuación 1 623 1 4275,	
estándar 1 623 1 4273,	
prácticas 1 623 1 4272,	
podrían 1 623 1 4268,	
notificados 1 623 1 4257,	
existen 1 623 1 4255,	
sangrado 1 623 1 4251,	
producir 2 623 2 4248,4768,	
patológicos 1 623 1 4242,	
graves 1 623 1 4240,	
contraceptivos 1 623 1 4232,	
estrógeno/progestágeno 1 623 1 4230,	
grandes 1 623 1 4227,	
niños 1 623 1 4225,	
ingestión 1 623 1 4223,	
informes 1 623 1 4220,	
Numerosos 1 623 1 4219,	
Trombosis 1 623 1 4210,	
colestásica 1 623 1 4203,	
pigmentación 1 623 1 4200,	
nodoso 1 623 1 4193,	
multiforme 1 623 1 4190,	
eritema 2 623 2 4189,4192,	
subcutáneas 1 623 1 4184,	
Corea 1 623 1 4181,	
hemangiomas 1 623 1 4176,	
malignas 1 623 1 4166,	
benignas 1 623 1 4164,	
estrógenos/progestágeno 1 623 1 4160,	
asociadas 1 623 1 4154,	
añade 1 623 1 4129,	
Cuando 2 623 2 4127,4813,	
diagnosticadas 1 623 1 4085,	
serán 1 623 1 4084,	
comprendidas 1 623 1 4077,	
mejor 1 623 1 4057,	
(entre 1 623 1 4012,	
independientemente 1 623 1 4004,	
inician 1 623 1 3999,	
16 1 623 1 3933,	
tratamiento) 1 623 1 3909,	
deberían 1 623 1 3907,	
mujeres-año 1 623 1 3905,	
000 1 623 1 3904,	
invasivo 2 623 2 3901,3939,	
expuestas 1 623 1 3878,	
comprendida 1 623 1 3872,	
seguimiento 1 623 1 3867,	
serían 1 623 1 3848,	
50 3 623 3 3824,3874,4080,	
diagnostique 1 623 1 3817,	
les 1 623 1 3816,	
32 1 623 1 3811,	
espera 1 623 1 3807,	
siguiente 2 623 2 3797,3919,	
desarrollados 1 623 1 3795,	
países 1 623 1 3794,	
estimado 3 623 3 3781,3859,3917,	
partir 3 623 3 3764,3783,4493,	
calculado 1 623 1 3762,	
absoluto 1 623 1 3761,	
recibió 1 623 1 3757,	
comparación 1 623 1 3750,	
54) 1 623 1 3727,	
01-1 1 623 1 3726,	
24 1 623 1 3722,	
proporcionan 1 623 1 3713,	
68) 1 623 1 3706,	
25-1 1 623 1 3705,	
ósea 1 623 1 4361,	
(RR=1 2 623 2 3690,3700,	
monoterapia 2 623 2 3689,4114,	
12) 1 623 1 3682,	
88-2 1 623 1 3681,	
00 1 623 1 3677,	
(RR=2 1 623 1 3676,	
utilizado 1 623 1 3658,	
observado 2 623 2 3638,4688,	
diversos 1 623 1 3624,	
epidemiológico 1 623 1 3599,	
pancreático 1 623 1 4716,	
obtenida 1 623 1 3595,	
similar 2 623 2 3592,3993,	
49) 1 623 1 3590,	
21-1 3 623 3 3589,3609,3695,	
95% 6 623 6 3587,3607,3679,3693,3703,3724,	
(IC 3 623 3 3586,3606,3723,	
35 1 623 1 3585,	
estrógenos) 1 623 1 3581,	
únicamente 1 623 1 3580,	
80% 1 623 1 3569,	
51 1 623 1 3561,	
reanálisis 1 623 1 3556,	
procedente 2 623 2 3554,3622,	
(RR) 1 623 1 3553,	
relativo 1 623 1 3552,	
actuales 2 623 2 3536,3835,	
usuarias 6 623 6 3535,3834,3944,4064,4110,4126,	
frente 2 623 2 3513,4844,	
De 3 623 3 3494,4048,4393,	
Investigaciones 1 623 1 3488,	
mediastínicos 1 623 1 3487,	
torácicos 1 623 1 3485,	
respiratorios 1 623 1 3484,	
asma 1 623 1 3483,	
Infarto 1 623 1 3460,	
lentes 1 623 1 3457,	
oculares 1 623 1 3455,	
metabólicos 1 623 1 3449,	
glucosa 3 623 3 3448,4750,4837,	
Intolerancia 2 623 2 3445,3453,	
anafilácticas/anafilactoides 1 623 1 3443,	
inmune 1 623 1 3442,	
pólipos) 1 623 1 3437,	
quistes 1 623 1 3435,	
fosfato 1 623 1 4899,	
fibroquísticas 1 623 1 3433,	
ovarios; 1 623 1 3427,	
mama; 1 623 1 3422,	
Neoplasmas 2 623 2 3419,4162,	
e 2 623 2 3414,4650,	
Infecciones 1 623 1 3413,	
hepatobiliares 1 623 1 3412,	
Colecistopatía 1 623 1 3411,	
hirsutismo; 1 623 1 3408,	
anejos 1 623 1 3406,	
piel 2 623 2 3404,4188,	
Cloasma/melasma; 1 623 1 3403,	
alopecia; 1 623 1 3402,	
Acné; 1 623 1 3401,	
generales 1 623 1 3398,	
Edema 1 623 1 3397,	
mo 1 623 1 3392,	
superficial; 1 623 1 3390,	
Tromboflebitis 1 623 1 3389,	
Tromboembolis 1 623 1 3388,	
psiquiátricos 1 623 1 3384,	
Cambios 2 623 2 3380,3489,	
Depresión 1 623 1 3379,	
óseo 1 623 1 3377,	
piernas 1 623 1 3376,	
co 1 623 1 3373,	
musculoesqueléti 1 623 1 3370,	
calambres 1 623 1 3369,	
Artralgias; 1 623 1 3367,	
hipocalcemia 1 623 1 4208,	
nervioso 1 623 1 3361,	
epilepsia; 1 623 1 3359,	
Exacerbación 4 623 4 3356,3481,4179,4205,	
Ansiedad 1 623 1 3355,	
abdomin 1 623 1 3350,	
gastrointestinales 1 623 1 3347,	
Hinchazón 1 623 1 3344,	
Náuseas 1 623 1 3343,	
ectóprion 1 623 1 3325,	
tensión 1 623 1 3323,	
; 1 623 1 3316,	
reproductivo 1 623 1 3312,	
dismenorrea 1 623 1 3305,	
sistema 5 623 5 3303,3360,3441,4529,4797,	
Galactorrea; 1 623 1 3300,	
Alteraciones 2 623 2 3298,4183,	
Sangrados; 1 623 1 3297,	
>1/10 3 623 3 3292,3341,3479,	
<1/1000 3 623 3 3291,3340,3478,	
<1/100 3 623 3 3290,3339,3477,	
<1/10 3 623 3 3289,3338,3476,	
ovariectomía 1 623 1 4368,	
s 3 623 3 3288,3337,3475,	
>1/1000 3 623 3 3286,3335,3473,	
>1/100 3 623 3 3285,3334,3472,	
frecuente 3 623 3 3284,3333,3471,	
Raras 3 623 3 3283,3332,3470,	
frecuentes 3 623 3 3282,3331,3469,	
incidencia 3 623 3 3786,4381,4713,	
Poco 3 623 3 3281,3330,3468,	
Frecuentes 3 623 3 3280,3329,3467,	
Muy 3 623 3 3279,3328,3466,	
orgánico 3 623 3 3278,3327,3465,	
Sistema 3 623 3 3277,3326,3464,	
67 1 623 1 3268,	
33 1 623 1 3260,	
(18 1 623 1 3258,	
58 1 623 1 3254,	
10% 1 623 1 3242,	
superior 1 623 1 3240,	
envase 2 623 2 5011,5022,	
porcentaje 1 623 1 3239,	
40 1 623 1 3224,	
45 2 623 2 3189,3701,	
Dependiendo 1 623 1 4090,	
brazo 1 623 1 3184,	
HOPE 1 623 1 3160,	
(27 1 623 1 3152,	
90 1 623 1 3145,	
(12 1 623 1 3142,	
exantema 1 623 1 3409,	
39 1 623 1 3137,	
(19 1 623 1 3135,	
64 2 623 2 3131,3826,	
% 1 623 1 3120,	
comunicadas 2 623 2 3112,3232,	
reacciones 4 623 4 3110,3230,4152,4616,	
relacionada 2 623 2 3105,3208,	
adversa 2 623 2 3104,3207,	
reacción 2 623 2 3103,3206,	
comunicaron 2 623 2 3099,3202,	
%) 8 623 8 3098,3136,3143,3153,3201,3259,3266,3276,	
(46 2 623 2 3097,3200,	
41 1 623 1 3090,	
edades 4 623 4 3087,3221,4013,4076,	
53 2 623 2 3084,3218,	
tubular 1 623 1 4560,	
leiomiomas 1 623 1 3311,	
conjugados/2 1 623 1 3070,	
331 2 623 2 3060,3179,	
brazos 2 623 2 3057,3176,	
randomizada 2 623 2 3052,3171,	
asignadas 2 623 2 3049,3168,	
5) 3 623 3 4895,4930,4935,	
posmenopáusicas 2 623 2 3047,3166,	
2805 2 623 2 3045,3164,	
(HOPE) 1 623 1 3041,	
Estrogen 1 623 1 3039,	
adversas 4 623 4 3029,3111,3231,4153,	
Reacciones 2 623 2 3028,3440,	
Ictericia 1 623 1 4202,	
esperar 1 623 1 3015,	
E-172 1 623 1 4943,	
maquinaria 2 623 2 3007,3025,	
utilizar 2 623 2 3006,3024,	
capacidad 2 623 2 3002,3020,	
Lactancia 1 623 1 2989,	
fetotóxicos 1 623 1 2988,	
teratógenos 1 623 1 2986,	
recientes 2 623 2 3538,3837,	
mostraron 1 623 1 2984,	
inadvertida 1 623 1 2980,	
fetal 1 623 1 2979,	
abdominal; 1 623 1 3349,	
fecha 1 623 1 2971,	
realizados 1 623 1 2968,	
resultados 2 623 2 2961,4052,	
feto 1 623 1 2959,	
indican 4 623 4 2947,3649,4234,4579,	
exposiciones 1 623 1 2942,	
amplio 1 623 1 2940,	
disponibles 1 623 1 2936,	
lactancia 2 623 2 2910,2996,	
insulina 2 623 2 2905,4769,	
antidiabéticos 1 623 1 2902,	
requerida 1 623 1 2900,	
Cada 2 623 2 5010,5021,	
cambio 1 623 1 2896,	
Puede 1 623 1 2893,	
influyan 1 623 1 2889,	
controlarse 1 623 1 2882,	
III 3 623 3 2875,3126,3249,	
(20 1 623 1 3275,	
antitrombina 1 623 1 2874,	
tromboplastina 1 623 1 2868,	
coagulación 1 623 1 2862,	
alteraciones 3 623 3 2856,3318,4197,	
presentado 1 623 1 2855,	
refería 1 623 1 2976,	
secundarios 1 623 1 2852,	
sacarosa 1 623 1 4882,	
necesarias 1 623 1 4270,	
libido; 1 623 1 3385,	
resultar 1 623 1 2849,	
17--estradiol 1 623 1 2845,	
incrementar 2 623 2 2840,4748,	
ketoconazol 1 623 1 2838,	
eritromicina 1 623 1 2836,	
cimetidina 1 623 1 2835,	
CYP3A4 1 623 1 2831,	
uterinos 2 623 2 2826,3320,	
patrón 1 623 1 2822,	
reducción 1 623 1 2813,	
traducirse 1 623 1 2810,	
inducir 1 623 1 2790,	
perforatum) 1 623 1 2787,	
(Hypericum 1 623 1 2786,	
Juan 1 623 1 2785,	
San 1 623 1 2784,	
hierba 1 623 1 2782,	
45-65 1 623 1 4015,	
contengan 1 623 1 2781,	
plantas 1 623 1 2778,	
Preparaciones 1 623 1 2774,	
conducir 2 623 2 3004,3022,	
inductoras 1 623 1 2764,	
propiedades 1 623 1 2763,	
contrario 1 623 1 2761,	
P450 1 623 1 2757,	
cefaleas 1 623 1 3257,	
potentes 1 623 1 2751,	
nelfinavir) 1 623 1 2747,	
ritonavir 1 623 1 2745,	
proteasa 1 623 1 2742,	
inhibidores 3 623 3 2739,2750,2828,	
precaución 1 623 1 2733,	
nevirapina 1 623 1 2728,	
rifabutina 1 623 1 2727,	
rifampicina 1 623 1 2726,	
antiinfecciosos 1 623 1 2724,	
fenilbutazona 1 623 1 2722,	
meprobamato 1 623 1 2721,	
producen 1 623 1 4503,	
carbamazepina) 1 623 1 2720,	
fenitoína 1 623 1 2719,	
Fenobarbital 1 623 1 2718,	
tumor 1 623 1 4715,	
P-450 1 623 1 2713,	
citocromo 2 623 2 2712,2756,	
específicamente 1 623 1 2708,	
fármacos 3 623 3 2707,2887,4586,	
metabolizadores 1 623 1 2705,	
prurito 1 623 1 3407,	
enzimas 3 623 3 2704,2710,2754,	
inducen 1 623 1 2702,	
sustancias 1 623 1 2697,	
concomitante 3 623 3 2695,2770,2885,	
aumentado 1 623 1 2691,	
ocurridas 2 623 2 3115,3236,	
interacción 3 623 3 2681,4569,4600,	
formas 1 623 1 2679,	
medicamentos 2 623 2 2676,5100,	
Interacciones 1 623 1 2672,	
fertilidad 1 623 1 2669,	
restablecerá 1 623 1 2667,	
media 3 623 3 3076,3213,3787,	
adversos 1 623 1 2952,	
anticonceptivo 1 623 1 2665,	
advertirse 1 623 1 2656,	
Aluminio 1 623 1 4991,	
incrementadas 1 623 1 2654,	
ceruloplasmina 1 623 1 2650,	
alfa-1-antitripsina 1 623 1 2648,	
renina/angiotensinógeno 1 623 1 2647,	
sustrato 1 623 1 2646,	
plasmáticas 2 623 2 2643,2843,	
respectivamente 1 623 1 2629,	
esteroides 2 623 2 2627,2773,	
corticoesteroides 1 623 1 2625,	
elevación 1 623 1 2620,	
dará 1 623 1 2616,	
edad 5 623 5 3078,3215,3829,3871,4007,	
(SHBG) 1 623 1 2613,	
sexuales 1 623 1 2612,	
cantidad 1 623 1 2899,	
(CBG) 1 623 1 2605,	
sobredosificación 2 623 2 4259,4267,	
corticoides 1 623 1 2604,	
modificadas 1 623 1 2596,	
verse 2 623 2 2595,2652,	
proteínas 2 623 2 2590,2642,	
séricas 1 623 1 2587,	
modifican 2 623 2 2584,2640,	
libres 1 623 1 2581,	
concentraciones 4 623 4 2576,2586,2631,2842,	
spotting; 1 623 1 3317,	
disminuida 1 623 1 2567,	
recaptación 1 623 1 2563,	
T3 3 623 3 2558,2565,2578,	
radioinmunoensayo) 2 623 2 2553,2561,	
Relación 1 623 1 4878,	
T4 2 623 2 2548,2580,	
vagina 1 623 1 4649,	
proteína) 1 623 1 2544,	
Clínicamente 1 623 1 2798,	
ligado 1 623 1 2542,	
(yodo 1 623 1 2541,	
refleja 2 623 2 2538,2570,	
circulante 1 623 1 2536,	
hormona 2 623 2 2534,2633,	
niveles 4 623 4 2531,2546,2556,2623,	
dando 1 623 1 2528,	
(TBG) 1 623 1 2527,	
tiroidea 2 623 2 2526,2535,	
globulina 3 623 3 2525,2600,2607,	
aumentan 2 623 2 2521,4379,	
medicación 1 623 1 2518,	
definitiva 1 623 1 2516,	
retirar 1 623 1 2513,	
benignos 1 623 1 3425,	
vasculares 2 623 2 2507,3391,	
Sobredosificación 1 623 1 4218,	
lesiones 2 623 2 2506,4791,	
papiloedema 1 623 1 2504,	
tejido 1 623 1 3368,	
revelan 1 623 1 2503,	
análisis 1 623 1 2502,	
diplopía 1 623 1 2485,	
proptosis 1 623 1 2484,	
repentina 2 623 2 2478,2482,	
parcial 2 623 2 2475,2869,	
total 3 623 3 2473,3043,3162,	
visión 1 623 1 2472,	
recibían 1 623 1 2465,	
retina 3 623 3 2461,2510,4213,	
40) 2 623 2 3610,3696,	
notificado 1 623 1 2457,	
utilizados 1 623 1 2452,	
jóvenes 1 623 1 2447,	
aplicables 1 623 1 2442,	
consiste 1 623 1 4746,	
hallazgos 1 623 1 2440,	
desconoce 1 623 1 2437,	
beta 1 623 1 4762,	
65 4 623 4 2434,3093,3227,4082,	
contínuo 1 623 1 2421,	
comienzan 1 623 1 2418,	
demencia 1 623 1 2414,	
7 3 623 3 2998,5005,5038,	
Existen 1 623 1 2401,	
indicación 1 623 1 2400,	
eficacia 1 623 1 2397,	
cognitivo 1 623 1 2390,	
cognitiva 1 623 1 2385,	
disponga 1 623 1 2372,	
controladas 1 623 1 2362,	
diabéticas 1 623 1 2359,	
séricos 1 623 1 2628,	
carbohidratos 1 623 1 2356,	
metabolismo 5 623 5 2353,2683,2792,2803,4498,	
alteran 1 623 1 2351,	
sugieren 1 623 1 2346,	
recogidos 1 623 1 2342,	
reactivamente 1 623 1 4759,	
Aunque 1 623 1 2339,	
cardíacos 1 623 1 3463,	
alteración 1 623 1 2338,	
pancreatitis 2 623 2 2327,3346,	
lugar 3 623 3 2322,2529,2617,	
plasmáticos 1 623 1 2318,	
importantes 1 623 1 2315,	
etanol 1 623 1 4944,	
elevaciones 1 623 1 2314,	
raramente 1 623 1 2311,	
descrito 4 623 4 2310,4150,4239,4958,	
dado 2 623 2 2306,2321,	
hormonas 4 623 4 2305,2611,2772,4807,	
u 1 623 1 2304,	
vigiladas 1 623 1 2297,	
pre-existente 1 623 1 2293,	
hipertrigliceridemia 1 623 1 2292,	
aumente 1 623 1 2288,	
circulantes 1 623 1 2282,	
activos 3 623 3 2281,4321,4334,	
principios 3 623 3 2280,4320,4333,	
precisarse 1 623 1 2894,	
plasmático 1 623 1 2277,	
nivel 2 623 2 2276,4687,	
terminal 1 623 1 2272,	
fase 3 623 3 2271,3125,3248,	
insuficiencia 1 623 1 2268,	
También 1 623 1 2259,	
procedentes 3 623 3 3499,3646,3709,	
líquidos 1 623 1 2258,	
retención 1 623 1 2256,	
causar 1 623 1 2255,	
cardiaca 1 623 1 2249,	
lactosa 1 623 1 4896,	
renal 2 623 2 2247,2269,	
vigilar 2 623 2 2240,2262,	
Otras 3 623 3 2236,2641,5030,	
supone 1 623 1 2224,	
presentó 1 623 1 4470,	
combinada 4 623 4 2223,3737,3882,3947,	
frecuentemente 1 623 1 3114,	
claro 1 623 1 2214,	
contienen 5 623 5 2190,2234,3546,3579,3614,	
años) 2 623 2 2186,4016,	
10 7 623 7 2185,3119,3903,4404,4694,5037,5088,	
(al 1 623 1 2180,	
ovario 2 623 2 2172,2207,	
9 4 623 4 2157,3969,4217,5066,	
1) 1 623 1 2144,	
sería 1 623 1 2136,	
adicionales 5 623 5 2135,3844,3896,3963,3982,	
11 1 623 1 2109,	
cerebral 2 623 2 2054,2087,	
secundario 1 623 1 2046,	
halló 1 623 1 2043,	
WHI) 1 623 1 2041,	
(ensayo 1 623 1 2040,	
exposición 1 623 1 2978,	
global 3 623 3 2033,3523,3630,	
ningún 2 623 2 2031,3016,	
morbilidad 1 623 1 2022,	
demostrado 2 623 2 2015,2396,	
Study) 1 623 1 2013,	
replacement 1 623 1 2012,	
Estrogen/progestin 1 623 1 2011,	
and 1 623 1 2010,	
Heart 1 623 1 2009,	
HERS 1 623 1 2008,	
escala 1 623 1 2005,	
gran 2 623 2 2004,2036,	
Dos 1 623 1 2000,	
columna 1 623 1 2551,	
combinado 4 623 4 1991,2065,2422,4158,	
beneficio 2 623 2 1985,2032,	
muestran 3 623 3 1984,2407,2762,	
randomizados 1 623 1 1982,	
controlados 1 623 1 1981,	
clínicos 3 623 3 1980,2002,2935,	
ensayos 2 623 2 1979,2001,	
plasminógeno 1 623 1 2877,	
disnea) 1 623 1 1964,	
pecho 1 623 1 1963,	
repentino 1 623 1 1960,	
pierna 1 623 1 1958,	
dolorosa 1 623 1 1955,	
tumefacción 1 623 1 1954,	
tromboembólico 1 623 1 1951,	
unión 4 623 4 2523,2592,2602,2609,	
episodio 1 623 1 1950,	
resultado 1 623 1 2045,	
sugerir 1 623 1 1948,	
pueda 1 623 1 1947,	
síntoma 1 623 1 1945,	
observen 1 623 1 1940,	
contacto 1 623 1 1935,	
pongan 1 623 1 1932,	
(ej 2 623 2 2717,2725,	
cuadro 2 623 2 1921,2325,	
movilidad 1 623 1 1912,	
nuevo 1 623 1 1911,	
181 1 623 1 5058,	
tenga 1 623 1 1909,	
Progestin 1 623 1 3038,	
reinstaurarse 1 623 1 1904,	
inferiores 1 623 1 1899,	
ortopédica 1 623 1 1896,	
abdominal 3 623 3 1892,3141,3264,	
particularmente 1 623 1 1890,	
electiva 1 623 1 1889,	
prevea 1 623 1 1880,	
quirúrgicas 1 623 1 1875,	
intervenciones 1 623 1 1874,	
semanas 1 623 1 1871,	
temporal 1 623 1 1864,	
interrupción 1 623 1 1863,	
conveniente 1 623 1 1861,	
profilácticas 1 623 1 1855,	
búsqueda 1 623 1 4855,	
medidas 1 623 1 1854,	
prestará 1 623 1 1849,	
postoperatorio 1 623 1 1847,	
igual 1 623 1 1839,	
quirúrgica 1 623 1 1836,	
intestino 1 623 1 4521,	
intervención 1 623 1 1835,	
flujo; 1 623 1 3307,	
Tras 1 623 1 1833,	
encontraría 1 623 1 3965,	
cirugía 4 623 4 1831,1888,1891,1895,	
traumatismo 1 623 1 1828,	
prolongada 2 623 2 1824,1883,	
inmovilización 2 623 2 1823,1882,	
temporalmente 1 623 1 1820,	
incrementarse 1 623 1 1819,	
comenzar 1 623 1 1811,	
requieren 1 623 1 1796,	
anticoagulantes 1 623 1 1795,	
estén 1 623 1 1791,	
anticoagulante 1 623 1 1786,	
fondo 1 623 1 1775,	
evaluación 1 623 1 1773,	
realizado 3 623 3 1771,2496,4596,	
contraindicado 1 623 1 1766,	
recurrentes 1 623 1 1755,	
diferencial 1 623 1 2499,	
espontáneo 1 623 1 1754,	
aborto 1 623 1 1753,	
existencia 1 623 1 1744,	
estudiar 1 623 1 1742,	
predisposición 1 623 1 1738,	
Con 2 623 2 1731,3910,	
aumentar 1 623 1 1728,	
conocidos 1 623 1 1718,	
trombofílicos 2 623 2 1717,1779,	
varices 1 623 1 1703,	
influencia 1 623 1 1700,	
consenso 1 623 1 1696,	
existe 1 623 1 1695,	
No 7 623 7 1694,1967,2212,4254,4593,4955,5000,	
lupus 1 623 1 1690,	
30 3 623 3 1687,3605,3691,	
> 1 623 1 1686,	
corporal 1 623 1 1685,	
masa 2 623 2 1684,4360,	
severa 1 623 1 1681,	
obesidad 1 623 1 1680,	
mencionar 1 623 1 1675,	
caben 1 623 1 1674,	
Entre 1 623 1 1667,	
contraindicación 1 623 1 1666,	
constituya 1 623 1 1664,	
factor 1 623 1 1655,	
presente 1 623 1 1653,	
esté 1 623 1 1652,	
riesgo/beneficio 1 623 1 1647,	
balance 1 623 1 1646,	
actualidad 1 623 1 2345,	
consulta 1 623 1 1641,	
cuidadosamente 1 623 1 1639,	
presentan 1 623 1 3775,	
evaluarse 1 623 1 1638,	
Deberá 2 623 2 1637,2655,	
año 4 623 4 1628,2027,3033,3157,	
probable 3 623 3 1624,2286,2413,	
9) 1 623 1 1610,	
15 3 623 3 1606,5079,5085,	
4) 4 623 4 1594,2161,3972,4020,	
= 4 623 4 1593,1609,2143,2160,	
estimación 8 623 8 1592,1608,2142,2159,3549,3591,3971,4058,	
(mejor 5 623 5 1591,1607,2141,2158,3970,	
6 14 623 14 1590,1870,2907,3731,3864,4872,4876,4952,4959,4966,4976,4993,4994,5004,	
seria 1 623 1 1586,	
periodo 2 623 2 1582,3847,	
adicional 1 623 1 1575,	
utilizan 4 623 4 1568,2075,2123,2767,	
sanas 2 623 2 1566,2060,	
orales 2 623 2 2903,4233,	
60-69 4 623 4 1559,1616,2115,2168,	
50-59 4 623 4 1549,1600,2105,2151,	
N-butil 1 623 1 4945,	
1000 14 623 14 1546,1556,1597,1613,2102,2112,2147,2164,3814,3833,3922,3942,4073,4723,	
período 2 623 2 1536,2092,	
TEV 11 623 11 1531,1579,1621,1661,1673,1708,1714,1723,1817,1859,1923,	
número 9 623 9 1527,1574,2081,2132,2939,3502,3841,3960,3979,	
manipulación 1 623 1 4999,	
estima 4 623 4 1524,1562,2078,2118,	
tratadas 8 623 8 1513,1518,1522,1793,2149,2166,3063,3924,	
veces 3 623 3 1508,4120,4676,	
encontrado 1 623 1 1501,	
randomizado 3 623 3 1496,2039,3511,	
Un 1 623 1 1493,	
tromboembolismo 2 623 2 1482,1751,	
desarrollar 1 623 1 1481,	
asocia 3 623 3 1475,3668,4460,	
observación 1 623 1 1469,	
trombóticos 1 623 1 1463,	
tengan 1 623 1 1457,	
TEV) 1 623 1 1453,	
validez 1 623 1 4963,	
(tromboembolismo 1 623 1 1450,	
embolia 3 623 3 1448,1491,3394,	
trombosis 3 623 3 1445,1487,2458,	
así 1 623 1 1443,	
cerebrovascular 2 623 2 1442,3364,	
accidente 4 623 4 1441,2052,2085,3363,	
miocardio 2 623 2 1439,3462,	
efectos 6 623 6 1433,2816,2851,2951,2985,4241,	
TRE 1 623 1 1420,	
venosos 1 623 1 1417,	
arteriales 1 623 1 1415,	
Efectos 2 623 2 1413,2999,	
TBG 1 623 1 2574,	
detección 1 623 1 1408,	
dificultar 1 623 1 1406,	
mamografías 1 623 1 1402,	
imágenes 1 623 1 1399,	
densidad 1 623 1 1396,	
estrógeno+progestágeno 2 623 2 1393,3666,	
especialmente 1 623 1 1390,	
placebo 4 623 4 1387,3515,3758,3926,	
comparado 3 623 3 1384,3651,4122,	
linfáticos 1 623 1 1383,	
nódulos 1 623 1 1382,	
metástasis 1 623 1 1380,	
ligeramente 1 623 1 1371,	
Datos 1 623 1 4621,	
tamaño 2 623 2 1370,3308,	
WHI 5 623 5 1349,2405,3712,3773,3856,	
estudio 6 623 6 1348,3159,3598,3772,4567,4654,	
vías 1 623 1 1343,	
diferente 2 623 2 1340,2227,	
indicaron 1 623 1 1337,	
datos 12 623 12 1335,1977,2341,2402,2934,3498,3559,3645,3708,3767,3912,4564,	
porfiria 1 623 1 4207,	
diagnosticarían 1 623 1 3931,	
Los 15 623 15 1334,1454,1976,2519,2827,2933,2960,3644,3707,4319,4354,4369,4481,4532,4563,	
secuencial 1 623 1 1326,	
continua 2 623 2 1324,1354,	
combinaron 1 623 1 1316,	
mayor 10 623 10 1313,1372,1377,1478,1509,1832,3234,3631,3671,4121,	
resultó 1 623 1 1312,	
equinos 8 623 8 1308,1357,2425,3743,3888,3953,4574,4606,	
MWS 4 623 4 1299,3648,3769,3779,	
aproximadamente 4 623 4 1289,3809,3932,4069,	
pérdida 3 623 3 2470,4337,4358,	
basales 1 623 1 1284,	
valores 2 623 2 1283,4683,	
retornando 1 623 1 1280,	
aparente 1 623 1 1266,	
comienza 1 623 1 1263,	
productos 8 623 8 1256,2188,2231,2451,3543,3577,3612,3640,	
tibolona 2 623 2 1243,3699,	
independiente 1 623 1 1329,	
progestágenos 8 623 8 1241,2688,2797,2808,3617,3741,3886,3951,	
combinados 1 623 1 1239,	
tomando 2 623 2 1236,2738,	
revelado 1 623 1 1223,	
epidemiológicos 8 623 8 1221,1499,2211,2967,3506,3563,3626,4055,	
conectivo 1 623 1 3374,	
estudios 10 623 10 1220,1498,2210,2966,3505,3562,3625,4054,4395,4598,	
Study 3 623 3 1216,3040,3602,	
Women 2 623 2 1215,3601,	
Million 2 623 2 1214,3600,	
(WHI) 2 623 2 1212,3520,	
Initiative 2 623 2 1211,3519,	
Health 3 623 3 1210,3036,3518,	
(determinados 2 623 2 2549,2559,	
Women's 2 623 2 1209,3517,	
controlado 3 623 3 1208,1495,3512,	
clínico 6 623 6 1207,2038,3129,3252,3510,4434,	
padecer 1 623 1 1201,	
incremento 7 623 7 1196,1260,1428,2409,4102,4145,4700,	
malignidad 1 623 1 1182,	
>1/10000 3 623 3 3287,3336,3474,	
excluir 1 623 1 1181,	
biopsia 1 623 1 1178,	
realizando 1 623 1 1175,	
etiología 1 623 1 1171,	
investigarse 1 623 1 1169,	
interrumpido 1 623 1 1167,	
vez 1 623 1 1161,	
persisten 1 623 1 1159,	
aumenta 3 623 3 1274,3528,4039,	
iniciado 2 623 2 1155,1783,	
haber 1 623 1 1154,	
irregulares 1 623 1 1144,	
sangrados 2 623 2 1143,2825,	
hemorragias 2 623 2 1141,1147,	
producirse 1 623 1 1140,	
PBI 1 623 1 2540,	
suelen 2 623 2 1139,4789,	
Durante 2 623 2 1133,3008,	
triglicéridos 1 623 1 2317,	
8) 3 623 3 1132,1252,1636,	
importante 4 623 4 1126,1829,4143,4417,	
manera 5 623 5 1125,4141,4416,4779,4830,	
reduce 2 623 2 1123,4139,	
protrombina 1 623 1 2865,	
ciclo 2 623 2 1118,4409,	
12 2 623 2 1115,4119,	
progestágeno 5 623 5 1111,1319,1333,4131,4402,	
adición 2 623 2 1108,4400,	
prolongados 1 623 1 1106,	
períodos 1 623 1 1105,	
reciben 1 623 1 1101,	
incrementa 3 623 3 1097,1394,4641,	
general 1 623 1 4283,	
libre 1 623 1 2634,	
descritas 1 623 1 1077,	
aparezca 1 623 1 1072,	
migrañoso 1 623 1 1064,	
tipo 3 623 3 1063,1331,2056,	
cabeza 1 623 1 1062,	
dolor 7 623 7 1060,1959,3140,3148,3263,3271,3348,	
presión 1 623 1 1058,	
deterioro 2 623 2 1049,2389,	
ictericia 1 623 1 1047,	
IC 3 623 3 3678,3692,3702,	
inmediatamente 3 623 3 1037,1933,2932,	
isquémico 1 623 1 2057,	
suspender 2 623 2 1036,1294,	
continuar 1 623 1 1031,	
base 3 623 3 1025,2776,4680,	
reevaluarse 1 623 1 1015,	
aparición 7 623 7 1008,1619,1659,1706,1942,2481,2949,	
anteriores 1 623 1 1003,	
diagnostica 1 623 1 995,	
Prurito 1 623 1 992,	
barniz 1 623 1 4913,	
primeros 2 623 2 1135,1269,	
Otosclerosis 1 623 1 990,	
Asma 1 623 1 988,	
Epilepsia 1 623 1 986,	
(LES) 2 623 2 975,1693,	
sistémico 2 623 2 974,1692,	
eritematoso 2 623 2 973,1691,	
reabsorbidos 1 623 1 4518,	
Lupus 1 623 1 972,	
(grave) 1 623 1 970,	
cefalea 2 623 2 969,3134,	
Migraña 1 623 1 967,	
distintas 1 623 1 1342,	
Colelitiasis 1 623 1 965,	
vascular 6 623 6 963,2053,2086,2459,4196,4211,	
Diabetes 1 623 1 957,	
renales 1 623 1 955,	
adenoma 1 623 1 951,	
hepáticos 2 623 2 948,4177,	
Trastornos 16 623 16 947,954,3293,3342,3352,3365,3378,3387,3396,3399,3410,3438,3444,3452,3459,3480,	
Hipertensión 2 623 2 944,4215,	
grado 1 623 1 942,	
familiares 3 623 3 939,1679,1749,	
p 2 623 2 933,4167,	
dependientes 1 623 1 932,	
tumores 5 623 5 930,1366,4703,4783,4868,	
conoce 1 623 1 2700,	
Factores 1 623 1 926,	
continuación) 2 623 2 924,984,	
trastornos 2 623 2 920,1462,	
factores 5 623 5 916,1458,1669,1778,2870,	
disfunción 1 623 1 2246,	
Antecedentes 2 623 2 914,977,	
uterino) 1 623 1 910,	
(fibroma 1 623 1 909,	
Leiomioma 1 623 1 908,	
paciente 2 623 2 906,1644,	
estrechamente 4 623 4 903,2241,2263,2296,	
vigilarse 1 623 1 902,	
embarazo 5 623 5 894,1066,2917,2922,2945,	
agravado 1 623 1 891,	
y/o 1 623 1 888,	
previamente 1 623 1 887,	
medicinales 1 623 1 2779,	
ocurrido 1 623 1 886,	
X 1 623 1 2873,	
situaciones 2 623 2 883,1046,	
años 30 623 30 1248,1270,1291,1539,1550,1560,1572,1585,1601,1617,2095,2106,2116,2130,2152,2169,2435,3085,3094,3219,3228,3732,3827,3865,3877,3929,3975,4083,4660,4965,	
aparece 4 623 4 879,1041,1919,2468,	
agravarse 1 623 1 872,	
recurrir 1 623 1 870,	
enumeran 1 623 1 868,	
seguidamente 1 623 1 866,	
sustitutivo 2 623 2 850,2301,	
recibir 1 623 1 848,	
deberán 5 623 5 847,1014,1464,2294,2360,	
postmenopáusica 1 623 1 846,	
requieran 1 623 1 843,	
histerectomizadas 4 623 4 841,1122,2195,4430,	
corta 1 623 1 838,	
Vómitos; 1 623 1 3345,	
duración 5 623 5 834,1277,3531,4042,4093,	
menor 2 623 2 830,4834,	
conjugados/ 1 623 1 3193,	
considerar 1 623 1 825,	
caso 2 623 2 821,1069,	
clínicas 1 623 1 818,	
necesidades 1 623 1 817,	
adaptándolas 1 623 1 814,	
aceptadas 1 623 1 813,	
práctica 1 623 1 811,	
guías 1 623 1 809,	
acuerdo 3 623 3 806,3495,4049,	
periódicamente 1 623 1 804,	
carcinomas) 1 623 1 4711,	
advertidas 1 623 1 1928,	
El 13 623 13 1087,1187,1205,1814,1900,1914,2173,2682,3759,3778,3978,4452,4497,	
mamografía 1 623 1 801,	
(MWS) 2 623 2 1217,3603,	
incluyendo 1 623 1 800,	
plazo 3 623 3 2177,2220,4631,	
exploraciones 1 623 1 799,	
Las 12 623 12 798,839,863,1709,1787,1924,2289,2575,2585,2630,3109,3229,	
adelante) 1 623 1 797,	
mama"" 1 623 1 795,	
""cáncer 1 623 1 793,	
enfermera 1 623 1 791,	
médico 2 623 2 789,1938,	
informar 1 623 1 786,	
deben 3 623 3 785,802,1926,	
miembros 1 623 1 1898,	
pechos 1 623 1 781,	
detecten 1 623 1 778,	
cambios 4 623 4 776,2819,3386,3428,	
acerca 1 623 1 771,	
orientarse 1 623 1 767,	
condiciones 5 623 5 762,864,1002,1076,2237,	
estarán 1 623 1 757,	
frecuencia 4 623 4 756,1378,3235,4643,	
217 1 623 1 4890,	
naturaleza 1 623 1 754,	
cuya 1 623 1 753,	
regulares 1 623 1 749,	
médicos 1 623 1 748,	
exámenes 1 623 1 747,	
recomiendan 1 623 1 746,	
Se 13 623 13 745,822,1034,1561,2117,2238,2436,2455,2730,2853,4148,4734,4770,	
anticonvulsivantes 1 623 1 2716,	
hepático) 1 623 1 952,	
advertencias 1 623 1 739,	
contraindicaciones 1 623 1 737,	
cuenta 1 623 1 731,	
pelvis) 1 623 1 726,	
óxido 1 623 1 4922,	
(10 1 623 1 3265,	
estados 1 623 1 1716,	
mamas 6 623 6 724,3151,3274,3315,3322,3432,	
(incluyendo 2 623 2 723,3434,	
física 1 623 1 722,	
exploración 1 623 1 721,	
familiar 1 623 1 719,	
personal 1 623 1 717,	
completa 2 623 2 716,1913,	
clínica 4 623 4 715,734,812,4601,	
historia 2 623 2 714,733,	
(THS) 1 623 1 710,	
significativo 1 623 1 1055,	
iniciar 1 623 1 702,	
Antes 1 623 1 700,	
médicos/seguimiento 1 623 1 699,	
Exámenes 1 623 1 698,	
coronarias 1 623 1 697,	
cardíacas 1 623 1 696,	
prevenir 4 623 4 694,1857,1973,2387,	
cardiovasculares 3 623 3 685,1434,1975,	
enfermedades 3 623 3 684,695,1974,	
aumento 10 623 10 676,1054,1225,2018,2048,2201,2572,2800,3301,4174,	
asociado 4 623 4 673,1193,1425,2198,	
náuseas 1 623 1 4249,	
La 15 623 15 669,686,720,1107,1388,1419,1472,1618,2376,2562,3075,3212,4243,4625,4712,	
MINISTERIO 4 623 4 668,1418,4607,4992,	
superen 1 623 1 665,	
mantenerse 2 623 2 661,1465,	
riesgos 4 623 4 652,667,1019,1805,	
cuidadosa 3 623 3 649,1468,1799,	
valoración 2 623 2 648,1798,	
parámetros 2 623 2 2860,2892,	
anualmente 1 623 1 646,	
realizarse 3 623 3 643,712,803,	
mujer 4 623 4 636,765,1908,2736,	
vida 1 623 1 633,	
Almacenar 1 623 1 4972,	
(50 1 623 1 4675,	
calidad 1 623 1 631,	
negativamente 1 623 1 629,	
afectan 1 623 1 628,	
THS 37 623 37 620,657,670,687,744,1013,1022,1190,1245,1258,1389,1422,1473,1569,1632,1650,1726,1762,1808,1971,2076,2179,2222,2377,2454,3540,3574,3660,3736,3805,3839,3881,3946,3991,4003,4066,4134,	
recomendadas 1 623 1 611,	
exceder 1 623 1 608,	
ensayo 11 623 11 1206,1494,2037,2404,3128,3251,3509,3711,3855,3914,4433,	
cuidado 1 623 1 605,	
especial 2 623 2 604,1850,	
ponerse 1 623 1 603,	
reabsorción 1 623 1 4559,	
hormonal 4 623 4 601,707,845,899,	
terapia 3 623 3 598,844,4282,	
En 15 623 15 596,637,1297,1346,1756,2034,2071,3030,3154,3853,4024,4262,4652,4786,4839,	
Porfiria 1 623 1 587,	
alteradas 1 623 1 585,	
sigan 1 623 1 584,	
función 4 623 4 582,759,1052,2384,	
pruebas 1 623 1 580,	
enfermedad 1 623 1 576,	
153 2 623 2 3095,3198,	
(WHI 1 623 1 2006,	
antecedente 1 623 1 574,	
estuvieron 1 623 1 3181,	
aguda 1 623 1 572,	
hepática 4 623 4 571,577,583,1053,	
excipientes 2 623 2 568,4880,	
activo 1 623 1 562,	
principio 1 623 1 561,	
79 1 623 1 3876,	
Hipersensibilidad 1 623 1 558,	
miocardio) 1 623 1 556,	
pertinencia 1 623 1 1029,	
infarto 2 623 2 554,1437,	
angina 1 623 1 553,	
reciente 1 623 1 550,	
mayores 1 623 1 4677,	
activa 2 623 2 548,2637,	
arterial 3 623 3 547,945,1059,	
tromboembólica 1 623 1 546,	
Enfermedad 3 623 3 545,570,1965,	
conocida 3 623 3 543,559,3788,	
trombofílica 2 623 2 542,1739,	
Alteración 1 623 1 541,	
pulmonar) 1 623 1 539,	
Embarazo 1 623 1 2908,	
embolismo 1 623 1 538,	
dosis-dependiente 1 623 1 4701,	
Cefaleas 1 623 1 3354,	
profunda 2 623 2 537,1489,	
venosa 3 623 3 536,1446,1488,	
(trombosis 1 623 1 535,	
idiopático 1 623 1 530,	
infestaciones 1 623 1 3417,	
(TEV) 2 623 2 529,1484,	
venoso 6 623 6 528,1451,1471,1483,3393,4530,	
Tromboembolismo 2 623 2 527,1470,	
tratada 1 623 1 525,	
Hiperplasia 1 623 1 521,	
vaginal 2 623 2 517,3418,	
Hemorragia 1 623 1 516,	
endometrio) 1 623 1 514,	
cáncer 22 623 22 512,935,1093,1202,1229,1303,1410,2205,3423,3525,3633,3673,3717,3790,3819,3898,3936,3984,4036,4087,4106,4171,	
ej 7 623 7 511,552,934,950,1953,2744,4168,	
continuarse 1 623 1 692,	
(p 5 623 5 510,551,949,1952,2743,	
descartar 1 623 1 1735,	
malignos 2 623 2 504,3431,	
estrógeno-dependientes 2 623 2 503,4163,	
Tumores 1 623 1 502,	
personales 3 623 3 496,1677,1747,	
antecedentes 5 623 5 495,532,1676,1712,1746,	
mama 19 623 19 494,937,1186,1204,1231,1305,1368,1412,3493,3527,3635,3675,3719,3792,3821,3900,3938,3986,4647,	
Cáncer 7 623 7 492,1084,1184,2170,3420,3491,4021,	
beneficios 4 623 4 654,664,1017,1802,	
- 28 623 28 491,501,515,520,526,540,544,557,569,586,907,913,925,943,946,953,956,964,966,971,976,985,987,989,991,4451,4463,4678,	
disposición 1 623 1 4582,	
kg/m2) 1 623 1 1688,	
Contraindicaciones 2 623 2 490,1083,	
solos 5 623 5 482,853,1103,4047,4137,	
reinstaurar 1 623 1 704,	
lado 1 623 1 474,	
sustitución 2 623 2 600,709,	
Por 4 623 4 472,3831,3920,3940,	
empleo) 1 623 1 471,	
especiales 4 623 4 469,593,4969,5003,	
precauciones 2 623 2 468,592,	
Advertencias 2 623 2 466,590,	
apartado 6 623 6 463,1080,1130,1250,1634,4018,	
(ver 8 623 8 462,792,922,982,1129,1249,1633,4017,	
endometriosis 3 623 3 461,862,912,	
previo 2 623 2 459,900,	
diagnóstico 3 623 3 458,860,2498,	
exista 2 623 2 456,858,	
sospecha 3 623 3 498,506,1006,	
histerectomía 1 623 1 452,	
(en 1 623 1 3564,	
Osteoporosis 1 623 1 3037,	
han 14 623 14 447,890,1222,1424,1500,2014,2309,2320,2854,3657,4149,4238,4595,4957,	
+ 2 623 2 3890,3955,	
endometrial 4 623 4 439,1179,1183,4170,	
carcinoma 2 623 2 438,4390,	
endometrio 15 623 15 436,523,981,1086,1095,4023,4034,4038,4089,4108,4173,4375,4385,4392,4423,	
hiperplasia 7 623 7 434,979,1090,4032,4169,4383,4421,	
reducir 1 623 1 430,	
aparecen 3 623 3 1148,1533,2089,	
administra 1 623 1 427,	
Debido 1 623 1 423,	
posible 4 623 4 422,1699,1737,2017,	
corto 1 623 1 421,	
eficaz 1 623 1 413,	
mínima 2 623 2 412,4562,	
casos 19 623 19 409,640,1529,1577,2083,2134,2312,3132,3138,3146,3255,3261,3269,3843,3895,3934,3962,3981,4256,	
utilizarse 3 623 3 405,1969,2380,	
deberá 13 623 13 404,689,823,1035,1168,1741,1968,2239,2261,2488,2512,2731,2881,	
empeoramiento 1 623 1 997,	
climatéricos 2 623 2 403,618,	
continuación 2 623 2 397,3777,	
comienzo 2 623 2 393,4009,	
Tanto 1 623 1 390,	
reanudación 1 623 1 384,	
debe 12 623 12 381,602,622,641,659,711,727,901,1903,1916,2379,2929,	
utilización 2 623 2 376,3010,	
produce 2 623 2 371,2920,	
Si 7 623 7 369,878,993,1145,2467,2500,2918,	
meses 2 623 2 363,1136,	
doce 1 623 1 362,	
después 7 623 7 356,373,1149,1292,2431,3728,3861,	
considerarse 3 623 3 345,382,1765,	
Debe 2 623 2 344,766,	
asoció 1 623 1 1364,	
inicial 1 623 1 340,	
dosis 11 623 11 339,349,411,610,831,4098,4228,4665,4721,4744,4846,	
Candidiasis 1 623 1 3416,	
adecuada 1 623 1 337,	
biológicamente 1 623 1 2636,	
hemorragia 3 623 3 335,372,1174,	
ciclos 1 623 1 333,	
disminución 1 623 1 347,	
persiguen 1 623 1 332,	
Women´s 1 623 1 3035,	
pacientes 13 623 13 327,1455,1512,1710,1758,1844,2244,2266,2335,2463,3081,3122,3245,	
día 1 623 1 322,	
primer 6 623 6 321,941,1627,2026,3032,3156,	
comience 1 623 1 319,	
indica 1 623 1 3627,	
recomienda 2 623 2 315,477,	
embargo 2 623 2 309,4516,	
Sin 1 623 1 308,	
momento 1 623 1 307,	
iniciarse 3 623 3 304,624,690,	
sólo 2 623 2 2192,2233,	
menopáusicas 2 623 2 300,313,	
mayoría 2 623 2 297,2963,	
Para 8 623 8 295,326,612,1253,1519,3541,3611,3799,	
amenorrea 2 623 2 294,359,	
originar 1 623 1 293,	
desea 1 623 1 292,	
Dolor 1 623 1 3295,	
administrado 1 623 1 283,	
diseñado 1 623 1 280,	
mejorar 1 623 1 2382,	
sometidas 1 623 1 449,	
sido 2 623 2 279,448,	
migraña 1 623 1 2487,	
envases 1 623 1 276,	
descanso 1 623 1 274,	
días 3 623 3 272,1116,4407,	
durante 27 623 27 270,414,750,873,892,896,1009,1104,1112,1246,1570,1625,2061,2128,2298,2363,2915,2923,2943,2994,3123,3246,3845,4344,4403,4456,4658,	
Púrpura 1 623 1 4195,	
mellitus 1 623 1 958,	
continuo 3 623 3 269,1990,2064,	
régimen 1 623 1 268,	
comprimidos 3 623 3 261,5017,5028,	
son 9 623 9 260,774,2441,2749,4322,4484,4510,4517,4536,	
Posología 1 623 1 254,	
prevención 1 623 1 249,	
sobredosis 1 623 1 4244,	
autorizadas 1 623 1 246,	
contraindicadas 1 623 1 242,	
están 2 623 2 241,1235,	
o 53 623 53 237,360,497,505,531,549,563,573,691,703,790,871,884,895,911,915,960,968,1004,1048,1067,1158,1242,1310,1325,1452,1490,1678,1715,1748,1752,1780,1830,2248,2386,2448,2474,2479,2486,2505,2552,2554,2635,2649,2904,2987,3023,3537,3697,3836,4165,4366,4405,	
hidrosolubles 1 623 1 4535,	
toleran 1 623 1 236,	
inicio 2 623 2 366,2365,	
fracturas 1 623 1 233,	
futuras 1 623 1 232,	
· 12 623 12 3798,3830,4161,4178,4182,4194,4201,4204,4209,4214,4435,4446,	
(índice 1 623 1 1682,	
elevado 2 623 2 230,3503,	
riesgo 38 623 38 229,432,679,918,928,1088,1128,1199,1227,1262,1301,1339,1431,1460,1479,1503,1657,1671,1721,1730,1815,2020,2050,2203,2226,2411,3522,3551,3629,3670,3715,3760,4030,4060,4104,4147,4388,4419,	
postmenopáusicas 2 623 2 227,2445,	
osteoporosis 3 623 3 224,251,4450,	
Prevención 2 623 2 222,4447,	
atrófica 1 623 1 220,	
uretritis 1 623 1 219,	
pulmonar 3 623 3 1449,1492,3395,	
Vaginitis 2 623 2 217,3415,	
aumentados 1 623 1 2532,	
haya 3 623 3 1770,1782,2495,	
menopausia 5 623 5 215,4346,4353,4365,4458,	
Irritabilidad 1 623 1 3383,	
asociados 1 623 1 212,	
estradiol 2 623 2 1311,4331,	
vasomotores 1 623 1 210,	
Síntomas 1 623 1 209,	
intacto 3 623 3 207,487,4028,	
útero 4 623 4 206,287,486,4027,	
alternativas 1 623 1 244,	
mujeres 54 623 54 204,226,285,299,311,445,484,770,840,1099,1120,1233,1520,1547,1557,1565,1598,1614,1788,1925,2059,2072,2103,2113,2121,2148,2165,2194,2290,2358,2416,2444,2659,3046,3061,3096,3165,3180,3199,3654,3755,3800,3869,3923,3943,3988,3997,4025,4062,4074,4253,4428,4690,4812,	
crecimiento 1 623 1 4373,	
síntomas 6 623 6 202,402,617,627,4350,4439,	
siguientes 4 623 4 201,1045,2859,3850,	
tratamiento 45 623 45 198,302,368,399,418,479,614,706,752,836,849,875,898,1011,1033,1039,1138,1157,1164,1279,1630,1785,1813,1866,1901,1915,1989,2063,2174,2300,2330,2367,2420,2491,2925,3059,3178,3186,3533,4001,4044,4095,4157,4264,4692,	
indicado 4 623 4 195,443,2914,2993,	
está 7 623 7 194,442,2213,2566,2737,2913,2992,	
terapéuticas 3 623 3 192,245,4847,	
Indicaciones 1 623 1 191,	
	" 1 623 1 188,	
vértigo 1 623 1 3362,	
CLÍNICOS 1 623 1 187,	
DATOS 2 623 2 186,4873,	
fluidos 1 623 1 4544,	
diagnosticada 1 623 1 519,	
4 20 623 20 185,189,252,464,465,488,588,589,1081,1131,1251,1635,1868,2670,2906,2997,3026,4019,4216,4967,	
recubiertos 4 623 4 181,262,5018,5029,	
monooleato 1 623 1 4907,	
Comprimidos 1 623 1 180,	
FARMACÉUTICA 1 623 1 178,	
VII 1 623 1 2871,	
FORMA 1 623 1 177,	
afectación 1 623 1 962,	
tromboembólicos 2 623 2 921,1414,	
3 11 623 11 176,221,489,1082,1507,1543,2099,2140,4620,4884,4960,	
equilenina 1 623 1 175,	
nutricionales 1 623 1 3451,	
dehidroestrona 1 623 1 173,	
9- 1 623 1 172,	
8 6 623 6 171,1553,3027,3056,3175,3894,	
17-dihidroequilenina 2 623 2 165,170,	
17-dihidroequilina 2 623 2 164,166,	
17-estradiol 2 623 2 163,167,	
concomitantes 1 623 1 155,	
componentes 1 623 1 154,	
Contiene 1 623 1 152,	
equilina 2 623 2 151,169,	
estrona 3 623 3 146,168,4326,	
sódico 3 623 3 144,149,162,	
sulfato 4 623 4 143,148,161,4897,	
Es 2 623 2 139,1860,	
agua 2 623 2 138,4487,	
solubles 2 623 2 136,4485,	
menstruación 1 623 1 325,	
estrógeno 7 623 7 135,931,2191,2235,2333,4413,4818,	
apoyo 1 623 1 4285,	
sulfatos 2 623 2 133,4324,	
sódicas 1 623 1 131,	
sales 1 623 1 130,	
forma 10 623 10 128,157,256,1323,1353,2477,2515,2769,3051,3170,	
presentes 1 623 1 126,	
severos 1 623 1 211,	
preñadas 1 623 1 125,	
yeguas 1 623 1 124,	
orina 1 623 1 121,	
animales 1 623 1 4640,	
obtenidos 1 623 1 118,	
naturales 2 623 2 117,4634,	
exclusivamente 1 623 1 116,	
mezcla 2 623 2 113,141,	
oral 5 623 5 110,184,265,2331,4657,	
efecto 4 623 4 3017,4471,4738,4833,	
administración 13 623 13 109,183,258,264,827,1345,1351,2884,4277,4411,4591,4626,4656,	
medroxiprogesterona) 4 623 4 107,3748,3893,3958,	
conjugados/acetato 1 623 1 105,	
(estrógenos 4 623 4 104,3742,3887,3952,	
sea 1 623 1 1321,	
* 1 623 1 102,	
625 3 623 3 67,90,3066,	
0 8 623 8 66,89,100,2138,3065,3188,3967,4465,	
efavirenz) 1 623 1 2729,	
USP* 2 623 2 65,88,	
) 4 623 4 64,74,87,97,	
I 4 623 4 63,73,86,96,	
C 4 623 4 62,72,85,95,	
cánceres 1 623 1 682,	
MPA 13 623 13 428,2070,2127,3074,3197,4261,4608,4667,4741,4816,4819,4849,4864,	
(D 4 623 4 61,71,84,94,	
Estrógenos 2 623 2 59,82,	
mg 18 623 18 58,68,78,81,91,101,3067,3072,3190,3196,4468,4695,4885,4891,5054,5061,5078,5084,	
recubierto 1 623 1 54,	
comprimido 1 623 1 53,	
carcinomas 1 623 1 4645,	
único 1 623 1 52,	
(MPA) 3 623 3 49,1999,4309,	
acetato 14 623 14 48,75,98,1360,1996,2428,2954,3746,3891,3956,4308,4311,4576,4949,	
medroxiprogesterona 9 623 9 47,70,93,1362,1998,2430,2956,4307,4578,	
conjugados 18 623 18 45,60,83,159,1309,1358,1994,2068,2125,2426,3744,3889,3954,4305,4483,4534,4573,4605,	
estrógenos 49 623 49 44,115,481,852,1102,1237,1238,1307,1356,1993,2067,2124,2253,2303,2349,2424,2466,2520,2686,2795,2806,2982,3069,3192,3547,3615,3643,3687,3739,3884,3949,4046,4100,4112,4136,4246,4304,4341,4355,4370,4426,4445,4455,4482,4509,4533,4572,4604,4633,	
fija 2 623 2 42,4302,	
combinación 6 623 6 41,1392,3619,3665,3852,4301,	
contiene 5 623 5 39,111,4299,5012,5023,	
CUANTITATIVA 1 623 1 36,	
Y 1 623 1 35,	
CUALITATIVA 1 623 1 34,	
COMPOSICIÓN 1 623 1 33,	
MG 2 623 2 28,31,	
	 5 623 5 24,37,179,4293,4875,	
MEDICAMENTO 2 623 2 23,4292,	
interrumpirse 3 623 3 1917,2489,2931,	
NOMBRE 1 623 1 21,	
atención 1 623 1 1851,	
1 18 623 18 20,190,208,2155,3054,3173,3194,3584,3588,3604,3608,3680,3694,3704,3721,3725,4295,4877,	
PRODUCTO 1 623 1 19,	
DEL 3 623 3 18,22,5093,	
grupo 1 623 1 3753,	
CARACTERÍSTICAS 1 623 1 17,	
DE 10 623 10 16,4290,5040,5043,5047,5049,5068,5072,5090,5096,	
RESUMEN 1 623 1 15,	
información 3 623 3 12,2375,3621,	
Toda 1 623 1 10,	
cardiovascular 3 623 3 1966,1986,2023,	
medicamento 4 623 4 9,14,3108,3211,	
Basica 1 623 1 7,	
	Información 1 623 1 6,	
RECUB 1 623 1 5,	
COMPRIMIDOS 1 623 1 4,	
28 4 623 4 3,271,5016,5027,	
5 41 623 41 2,27,30,57,77,80,99,343,355,380,389,1290,1538,1571,1584,1604,2094,2129,2183,2671,3071,3195,3730,3863,3928,3974,4070,4287,4294,4467,4477,4619,4888,4977,5009,5020,5034,5053,5060,5077,5083,	
2 19 623 19 1,26,32,56,76,216,253,354,379,1505,1588,4117,4478,4894,4929,4953,5008,5052,5076,	
UNIPREMELLE 35 623 35 0,25,29,38,55,79,103,193,259,277,342,353,378,388,440,877,2284,2661,2911,2927,2990,3012,4298,4887,4893,4928,4934,5007,5019,5032,5035,5051,5059,5075,5082,	
