	Prospectos 1 700 1 4337,	
2008 1 700 1 4336,	
TEXTO 1 700 1 4334,	
10 1 700 1 4328,	
19 2 700 2 4314,4323,	
junio 4 700 4 4298,4307,4316,4325,	
24 2 700 2 4296,4305,	
AUTORIZACIÓN/RENOVACIÓN 1 700 1 4288,	
FECHA 2 700 2 4284,4329,	
853 1 700 1 4276,	
60mg 2 700 2 4272,4311,	
852 1 700 1 4270,	
40mg 2 700 2 4266,4302,	
851 1 700 1 4264,	
64 4 700 4 4263,4269,4275,4281,	
20mg 2 700 2 4260,4293,	
NÚMEROS 1 700 1 4253,	
Alcobendas 1 700 1 4250,	
28108 1 700 1 4249,	
Moraleja 1 700 1 4248,	
Empresarial 1 700 1 4246,	
Parque 1 700 1 4245,	
B 1 700 1 4244,	
Avda 1 700 1 4240,	
S 1 700 1 4238,	
	Pfizer 1 700 1 4237,	
COMERCIALIZACIÓN 2 700 2 4236,4258,	
AUTORIZACIÓN 3 700 3 4234,4256,4291,	
LA 5 700 5 4233,4255,4286,4290,4331,	
tamaños 1 700 1 4219,	
comercializados 1 700 1 4217,	
Puede 1 700 1 4213,	
incluye 1 700 1 4210,	
cuyo 1 700 1 4206,	
cierre 1 700 1 4199,	
piezas 1 700 1 4190,	
rosca 1 700 1 4187,	
tapones 1 700 1 4185,	
desecante 2 700 2 4183,4212,	
HDPE 1 700 1 4177,	
frascos 1 700 1 4175,	
14 1 700 1 4158,	
estuches 1 700 1 4155,	
PVC/PA 1 700 1 4148,	
blisters 1 700 1 4146,	
recipiente 1 700 1 4137,	
contenido 1 700 1 4135,	
Naturaleza 1 700 1 4133,	
30ºC 1 700 1 4130,	
temperatura 1 700 1 4127,	
conservación 1 700 1 4123,	
Precauciones 2 700 2 4120,4224,	
validez 1 700 1 4115,	
procede 1 700 1 4110,	
(E172) 1 700 1 4105,	
negro 1 700 1 4104,	
hierro 1 700 1 4103,	
Óxido 1 700 1 4101,	
potasio 1 700 1 4100,	
amonio 1 700 1 4097,	
Hidróxido 2 700 2 4095,4098,	
purificada 1 700 1 4094,	
Agua 1 700 1 4093,	
Propilenglicol 1 700 1 4092,	
N-butil 1 700 1 4090,	
isopropílico 1 700 1 4089,	
anhidro 1 700 1 4087,	
Alcohol 2 700 2 4085,4088,	
Shellac 1 700 1 4084,	
Tinta 1 700 1 4081,	
132 1 700 1 4069,	
sodio) 1 700 1 4066,	
(dodecil 1 700 1 4063,	
sodio 1 700 1 4062,	
sulfato 2 700 2 4060,4064,	
Lauril 1 700 1 4059,	
171) 1 700 1 4058,	
(E 2 700 2 4057,4068,	
titanio 1 700 1 4056,	
Dióxido 1 700 1 4054,	
Gelatina 1 700 1 4053,	
Cubierta 1 700 1 4049,	
Estearato 1 700 1 4046,	
gluten 1 700 1 4045,	
50 1 700 1 4161,	
maíz 1 700 1 4042,	
Almidón 1 700 1 4040,	
Lactosa 1 700 1 4038,	
	 1 700 1 4030,	
FARMACÉUTICOS 1 700 1 4029,	
descendencia 1 700 1 4026,	
funcional 1 700 1 4023,	
desarrollo 1 700 1 4022,	
retraso 1 700 1 4019,	
perinatal 1 700 1 4015,	
mortalidad 1 700 1 4014,	
extrapolando 1 700 1 3992,	
maternas 1 700 1 3990,	
originaban 1 700 1 3975,	
crías 1 700 1 3971,	
conejos 1 700 1 3950,	
ratas 1 700 1 3948,	
carcinogénico 1 700 1 3942,	
potencial 1 700 1 3941,	
genotoxicidad 1 700 1 3939,	
farmacológica 1 700 1 3938,	
convencionales 1 700 1 3935,	
base 2 700 2 3931,4151,	
especial 2 700 2 3927,4229,	
ningún 1 700 1 3925,	
preclínicos 2 700 2 3915,3920,	
Datos 1 700 1 3914,	
mayores 1 700 1 3882,	
30% 1 700 1 3881,	
cirrosis 1 700 1 3871,	
causada 1 700 1 3869,	
B) 1 700 1 3868,	
A 3 700 3 3866,3987,4239,	
Pugh 1 700 1 3865,	
(Child 1 700 1 3864,	
séricas 3 700 3 3850,3874,3908,	
incrementan 1 700 1 3847,	
siete 1 700 1 3841,	
>70 1 700 1 3827,	
sanos 1 700 1 3823,	
voluntarios 1 700 1 3822,	
correspondientes 1 700 1 3820,	
75% 1 700 1 3817,	
87% 1 700 1 3815,	
146% 1 700 1 3814,	
diálisis) 1 700 1 3811,	
(precisando 1 700 1 3810,	
30-60 1 700 1 3799,	
creatinina 3 700 3 3797,3804,3826,	
(aclaramiento 3 700 3 3795,3802,3824,	
exposiciones 1 700 1 3789,	
variable 1 700 1 3787,	
función 1 700 1 3785,	
administró 1 700 1 3781,	
progresivos 1 700 1 3772,	
incrementos 1 700 1 3771,	
contribuye 1 700 1 3761,	
acuerdo 1 700 1 3752,	
De 1 700 1 3751,	
sexo 1 700 1 3750,	
razones 1 700 1 3746,	
clínicamente 1 700 1 3737,	
fumadores 2 700 2 3727,3730,	
revelado 1 700 1 3721,	
farmacocinético 1 700 1 3716,	
eliminado 1 700 1 3700,	
biliar 1 700 1 3686,	
excreción 2 700 2 3685,3702,	
predecir 1 700 1 3667,	
propiedades 1 700 1 3664,	
comparten 1 700 1 3663,	
contribución 2 700 2 3651,3690,	
mediante 1 700 1 3645,	
oxidativo 1 700 1 3643,	
implicado 1 700 1 3640,	
encuentra 1 700 1 3639,	
También 1 700 1 3637,	
posterior 1 700 1 3636,	
S-metilación 1 700 1 3635,	
oxidasa 1 700 1 3633,	
aldehído 1 700 1 3632,	
deriva 1 700 1 3625,	
indican 1 700 1 3620,	
presentan 2 700 2 4144,4173,	
metabólica 1 700 1 3613,	
principal 1 700 1 3611,	
fármaco 1 700 1 3598,	
envases 1 700 1 4221,	
relacionados 1 700 1 3595,	
productos 1 700 1 3594,	
sérica 1 700 1 3590,	
concentración 1 700 1 3589,	
44% 1 700 1 3586,	
representa 1 700 1 3583,	
S-metil-dihidroziprasidona 3 700 3 3579,3608,3656,	
sulfona 1 700 1 3575,	
BITP 1 700 1 3574,	
(BITP) 1 700 1 3572,	
piperazina 1 700 1 3571,	
benzisotiazol 1 700 1 3570,	
circulantes 1 700 1 3569,	
metabolitos 3 700 3 3567,3853,3911,	
cuatro 1 700 1 3566,	
dan 1 700 1 3563,	
propuestas 1 700 1 3561,	
vías 1 700 1 3559,	
inalterada 2 700 2 3550,3582,	
(<4%) 1 700 1 3547,	
(< 1 700 1 3543,	
pequeña 2 700 2 3539,3689,	
pregelatinizado 1 700 1 4043,	
sólo 2 700 2 3537,4070,	
excretándose 1 700 1 3536,	
ampliamente 1 700 1 3531,	
metaboliza 1 700 1 3530,	
después 1 700 1 3524,	
rango 1 700 1 3511,	
lineal 1 700 1 3508,	
muestra 1 700 1 3505,	
heces 3 700 3 3503,3546,3682,	
elimina 2 700 2 3501,3553,	
66% 1 700 1 3499,	
orina 2 700 2 3495,3542,	
20% 1 700 1 3488,	
ml/min/kg 1 700 1 3485,	
intravenosa 1 700 1 3481,	
medio 1 700 1 3473,	
diferencia 2 700 2 3723,3736,	
aclaramiento 3 700 3 3472,3759,3766,	
alcanza 1 700 1 3462,	
estacionario 1 700 1 3460,	
terminal 2 700 2 3446,3886,	
semivida 2 700 2 3442,3885,	
eliminación 3 700 3 3440,3445,4227,	
99% 1 700 1 3437,	
L/kg 1 700 1 3426,	
distribución 1 700 1 3420,	
volumen 1 700 1 3418,	
Distribución 1 700 1 3416,	
100% 1 700 1 3400,	
posprandial 1 700 1 3376,	
absoluta 1 700 1 3375,	
biodisponibilidad 2 700 2 3374,3393,	
habitualmente 1 700 1 3363,	
obtuvieron 1 700 1 3362,	
máximas 2 700 2 3360,3998,	
Tras 1 700 1 3346,	
Absorción 1 700 1 3345,	
farmacocinéticas 1 700 1 3344,	
maníaco/depresivos 1 700 1 3340,	
recurrencias 1 700 1 3336,	
investiguen 1 700 1 3327,	
semana 2 700 2 3313,3317,	
mantienen 1 700 1 3306,	
proporción 1 700 1 3302,	
términos 1 700 1 3300,	
comparable 1 700 1 3296,	
121 1 700 1 3290,	
puntuación 1 700 1 3279,	
16 1 700 1 3268,	
(dosis 2 700 2 3265,3287,	
comparación 2 700 2 3252,3284,	
visita 1 700 1 3248,	
última 1 700 1 3247,	
CGI-S 1 700 1 3244,	
MRS 2 700 2 3240,3282,	
significativa 3 700 3 3233,3725,3738,	
estadísticamente 1 700 1 3232,	
mg) 4 700 4 3226,3269,3291,4080,	
120 1 700 1 3225,	
(40-80 1 700 1 3216,	
secundario 2 700 2 3208,3707,	
co-primario 1 700 1 3206,	
parámetro 1 700 1 3203,	
CGI-S) 1 700 1 3199,	
Impresión-Severity 1 700 1 3198,	
(Clinical 1 700 1 3196,	
Gravedad 1 700 1 3195,	
Clínica 1 700 1 3192,	
Lista 1 700 1 4034,	
escala 1 700 1 3189,	
MRS) 1 700 1 3187,	
Scale 1 700 1 3185,	
(Mania 1 700 1 3183,	
ó 1 700 1 4164,	
Evaluación 1 700 1 3180,	
Escala 1 700 1 3178,	
evaluó 1 700 1 3175,	
9% 1 700 1 3171,	
34 2 700 2 3167,3170,	
7% 2 700 2 3166,3168,	
49 1 700 1 3165,	
presentes 1 700 1 3157,	
psicóticos 2 700 2 3152,3155,	
mixto 1 700 1 3147,	
unión 1 700 1 3428,	
episodio 1 700 1 3144,	
I 1 700 1 3141,	
IV 1 700 1 3137,	
DSM- 1 700 1 3136,	
criterios 1 700 1 3135,	
cumplían 1 700 1 3132,	
850 1 700 1 3129,	
incluyeron 1 700 1 3127,	
Estos 1 700 1 3125,	
haloperidol 3 700 3 3122,3264,3298,	
comparó 1 700 1 3119,	
ensayo 1 700 1 3110,	
compararon 1 700 1 3103,	
Manía 2 700 2 3078,3182,	
respecto 1 700 1 3067,	
importantes 1 700 1 3065,	
observaron 3 700 3 3063,3770,3959,	
resistencia 1 700 1 3052,	
colesterol 1 700 1 3043,	
ayunas 1 700 1 3042,	
insulina 2 700 2 3040,3054,	
metabólicos 2 700 2 3033,3077,	
determinaron 1 700 1 3031,	
ciego 3 700 3 3029,3096,3112,	
comparativo 1 700 1 3027,	
frente 1 700 1 3003,	
kg 2 700 2 2997,3015,	
mediana 2 700 2 2990,3008,	
año 1 700 1 2981,	
Enero 1 700 1 4335,	
controlado 1 700 1 2976,	
casos) 1 700 1 2972,	
4% 1 700 1 2969,	
idéntica 1 700 1 2954,	
adversa 1 700 1 2941,	
notificada 1 700 1 2938,	
corporal 2 700 2 2937,3986,	
peso 6 700 6 2936,2994,3012,3036,3968,3985,	
demostró 2 700 2 2920,3293,	
positivos 2 700 2 2916,2928,	
incluía 1 700 1 2911,	
grupos 1 700 1 2904,	
dosis-respuesta 1 700 1 2901,	
clara 1 700 1 2897,	
fertilidad 1 700 1 3964,	
evidencia 1 700 1 2896,	
hecho 1 700 1 3755,	
mejoría 2 700 2 2877,3231,	
eficaz 1 700 1 2871,	
semanas 4 700 4 2867,3099,3115,3260,	
52 1 700 1 2866,	
Esquizofrenia 1 700 1 2861,	
etílico 1 700 1 4086,	
inhibe 1 700 1 2848,	
agonista 1 700 1 2842,	
potente 2 700 2 2832,2841,	
antagonistas 1 700 1 2827,	
principalmente 3 700 3 3554,3644,3680,	
actividades 1 700 1 2826,	
10-29 1 700 1 3806,	
negativos 2 700 2 2918,2930,	
través 2 700 2 2821,3556,	
parte 1 700 1 2819,	
mediada 1 700 1 2817,	
actividad 1 700 1 2814,	
propuesto 1 700 1 2811,	
antagonista 2 700 2 2796,2833,	
M(1) 1 700 1 2791,	
muscarínicos 1 700 1 2790,	
demuestra 1 700 1 2782,	
alfa(1) 1 700 1 2780,	
histamina 1 700 1 2778,	
H(1) 1 700 1 2776,	
mostrado 1 700 1 2769,	
neuronales 1 700 1 2762,	
transportadores 1 700 1 2761,	
comidas 1 700 1 3527,	
receptor 1 700 1 2752,	
presenta 1 700 1 2749,	
igual 1 700 1 2743,	
5HT1A 2 700 2 2736,2846,	
interacciona 1 700 1 2728,	
(PET) 1 700 1 2725,	
positrones 1 700 1 2724,	
Contenido 1 700 1 4037,	
emisión 1 700 1 2722,	
tomografía 1 700 1 2720,	
utilizando 2 700 2 2718,3176,	
D2 2 700 2 2717,2753,	
serotonina 3 700 3 2708,2764,2855,	
80% 1 700 1 2704,	
(5HT2A) 2 700 2 2685,2803,	
notablemente 1 700 1 2677,	
(D2) 2 700 2 2673,2808,	
afinidad 6 700 6 2666,2676,2739,2757,2771,2786,	
elevada 1 700 1 2665,	
E04 1 700 1 2661,	
NO5A 1 700 1 2660,	
ATC 1 700 1 2659,	
Código 1 700 1 2658,	
indol 1 700 1 2657,	
derivados 1 700 1 2655,	
farmacoterapéutico 1 700 1 2652,	
	5 1 700 1 2647,	
ESTE 1 700 1 2645,	
FARMACOLÓGICAS 1 700 1 2643,	
PROPIEDADES 1 700 1 2642,	
específico 1 700 1 2638,	
antídoto 1 700 1 2637,	
existe 1 700 1 2636,	
detectar 1 700 1 2632,	
continua 1 700 1 2630,	
incluya 1 700 1 2627,	
monitorización 2 700 2 2624,2628,	
inmediatamente 1 700 1 2622,	
comenzarse 1 700 1 2621,	
inducida 1 700 1 2619,	
emesis 1 700 1 2618,	
ml/min) 3 700 3 3800,3807,3828,	
aspiración 1 700 1 2615,	
crear 1 700 1 2611,	
dopaminérgicos 2 700 2 2670,2805,	
cuello 1 700 1 2606,	
cabeza 1 700 1 2603,	
reacción 2 700 2 2599,2940,	
temblor 1 700 1 2590,	
notificados 1 700 1 2582,	
general 1 700 1 2576,	
secuelas 1 700 1 2573,	
caso 2 700 2 2560,4207,	
800 1 700 1 2556,	
confirmada 1 700 1 2552,	
única 2 700 2 2549,2697,	
ingerida 1 700 1 2546,	
cantidad 2 700 2 2545,3540,	
sobredosis 3 700 3 2538,2579,2609,	
inmunológico 1 700 1 2504,	
siguientes 1 700 1 2493,	
Post-comercialización 1 700 1 2482,	
Poblaciones 1 700 1 3712,	
1-3 1 700 1 2996,	
pecho) 1 700 1 2479,	
g 1 700 1 2474,	
conservar 1 700 1 4125,	
Propiedades 2 700 2 2649,3343,	
(e 1 700 1 2473,	
clínicas 1 700 1 2472,	
manifestaciones 1 700 1 2471,	
Además 1 700 1 2468,	
interrumpir 1 700 1 2465,	
(IR) 1 700 1 3055,	
normales 2 700 2 2463,3896,	
rangos 1 700 1 2462,	
valores 1 700 1 2459,	
mayoría 1 700 1 2454,	
resultó 1 700 1 2869,	
prolactina 1 700 1 2445,	
niveles 2 700 2 2443,3038,	
elevados 1 700 1 2441,	
estaban 2 700 2 2440,3156,	
similares 2 700 2 2424,3994,	
CYP1A2 1 700 1 3654,	
hallazgos 1 700 1 2423,	
2%) 1 700 1 2409,	
538 1 700 1 2407,	
1%) 2 700 2 2393,3544,	
(0 3 700 3 2392,2408,2968,	
3266 1 700 1 2391,	
total 4 700 4 2389,2405,3044,3591,	
superior 6 700 6 2380,2702,2712,2745,3435,4128,	
(12/975) 1 700 1 2363,	
Incompatibilidades 1 700 1 4108,	
2% 1 700 1 2362,	
(128/7941) 1 700 1 2357,	
Sobredosis 1 700 1 2533,	
6% 1 700 1 2356,	
>60 1 700 1 2351,	
(73/975) 1 700 1 2336,	
5% 1 700 1 2335,	
electrocardiográficos 2 700 2 2325,2340,	
(976/7941) 1 700 1 2321,	
% 1 700 1 2320,	
12 6 700 6 2318,2555,2692,3114,3259,3318,	
30 2 700 2 2312,4160,	
da 1 700 1 2284,	
1% 1 700 1 2276,	
frecuente 1 700 1 2271,	
corta 2 700 2 2251,2947,	
corregido 1 700 1 2241,	
aumentados 1 700 1 2237,	
hepáticos 1 700 1 2236,	
Enzimas 1 700 1 2235,	
REVISIÓN 1 700 1 4332,	
complementarias 1 700 1 2232,	
Exploraciones 1 700 1 2231,	
calor 2 700 2 2230,4204,	
Pirexia 1 700 1 2227,	
sed 1 700 1 2225,	
impresión 1 700 1 4083,	
marcha 1 700 1 2222,	
torácico 1 700 1 2221,	
Malestar 1 700 1 2220,	
fatiga 1 700 1 2217,	
Astenia 1 700 1 2216,	
alteraciones 1 700 1 2209,	
generales 1 700 1 2207,	
ginecomastia 2 700 2 2205,2475,	
galactorrea 1 700 1 2204,	
aumentada 1 700 1 2203,	
erección 1 700 1 2202,	
mama 2 700 2 2198,2530,	
reproductor 2 700 2 2194,2526,	
aparato 2 700 2 2193,2525,	
disuria 1 700 1 2183,	
urinaria 1 700 1 2182,	
Incontinencia 1 700 1 2181,	
urinarios 1 700 1 2179,	
renales 1 700 1 2177,	
Trismo 1 700 1 2175,	
dolor 2 700 2 2171,2224,	
musculares 1 700 1 2170,	
calambres 1 700 1 2169,	
analizados 1 700 1 3660,	
musculoesqueléticas 1 700 1 2168,	
Molestias 1 700 1 2167,	
musculoesquelética 1 700 1 2164,	
Europa 1 700 1 4242,	
Aproximadamente 1 700 1 3486,	
Rigidez 1 700 1 2163,	
eritema 1 700 1 2155,	
cara 1 700 1 2154,	
conversión 1 700 1 3606,	
alopecia 1 700 1 2151,	
dermatitis 1 700 1 2149,	
Psoriasis 1 700 1 2148,	
acné 1 700 1 2146,	
maculopapular 1 700 1 2145,	
erupción 2 700 2 2143,2144,	
Urticaria 1 700 1 2142,	
subcutáneo 2 700 2 2139,2522,	
revelan 1 700 1 3924,	
tejido 3 700 3 2138,2160,2521,	
Madrid 1 700 1 4251,	
piel 2 700 2 2135,2518,	
receptores 12 700 12 2669,2681,2689,2706,2716,2731,2742,2775,2789,2799,2836,2845,	
blandas 1 700 1 2131,	
deposiciones 1 700 1 2130,	
gastroesofágico 1 700 1 2129,	
Reflujo 1 700 1 2128,	
hinchada 1 700 1 2126,	
posibles 2 700 2 2470,2633,	
gastrointestinal 1 700 1 2124,	
malestar 1 700 1 2123,	
gastritis 1 700 1 2122,	
disfagia 1 700 1 2121,	
Diarrea 1 700 1 2120,	
hipersecreción 1 700 1 2117,	
seca 1 700 1 2116,	
dispepsia 1 700 1 2114,	
estreñimiento 1 700 1 2113,	
vómitos 1 700 1 2112,	
Náuseas 1 700 1 2111,	
gastrointestinales 1 700 1 2109,	
Hipo 1 700 1 2107,	
dolorida 1 700 1 2105,	
Disnea 1 700 1 2103,	
mediastínicos 1 700 1 2100,	
respiratorios 1 700 1 2097,	
lábil 1 700 1 2095,	
presión 1 700 1 2093,	
diastólica 1 700 1 2092,	
sistólica 1 700 1 2090,	
Hipertensión 1 700 1 2089,	
ortostática 1 700 1 2086,	
hipotensión 3 700 3 2085,2087,2268,	
hipertensión 2 700 2 2084,2091,	
vasculares 2 700 2 2079,2514,	
volvieron 1 700 1 2460,	
oídos 1 700 1 2077,	
Antipsicóticos 1 700 1 2654,	
acúfenos 1 700 1 2073,	
Vértigo 1 700 1 2072,	
oído 1 700 1 2066,	
noradrenalina 2 700 2 2766,2853,	
secos 1 700 1 2063,	
(sin 1 700 1 2572,	
ojos 1 700 1 2062,	
ojo 1 700 1 2061,	
prurito 1 700 1 2058,	
visual 1 700 1 2057,	
Ambliopía 1 700 1 2055,	
Fotofobia 1 700 1 2053,	
borrosa 1 700 1 2050,	
cardíacas) 1 700 1 2574,	
Visión 1 700 1 2049,	
oculares 1 700 1 2047,	
cardiacos 2 700 2 2041,2512,	
Linfopenia 1 700 1 2039,	
linfático 1 700 1 2037,	
sangre 1 700 1 2033,	
inquietas 1 700 1 2029,	
piernas 1 700 1 2028,	
hipertonía 1 700 1 2025,	
acinesia 1 700 1 2024,	
Tortícolis 1 700 1 2022,	
PRIMERA 1 700 1 4287,	
generalizadas 1 700 1 2018,	
tonicoclónicas 2 700 2 2017,2266,	
(incluyendo 1 700 1 2013,	
parkinsonismo 1 700 1 2012,	
Distonía 1 700 1 2008,	
nervioso 2 700 2 2006,2510,	
sistema 4 700 4 2005,2036,2503,2509,	
plano 1 700 1 2002,	
afecto 1 700 1 2001,	
bradifrenia 1 700 1 2000,	
depresivos 1 700 1 1999,	
angustia 1 700 1 1997,	
Crisis 2 700 2 1995,2082,	
pesadillas 1 700 1 1993,	
opresión 1 700 1 1989,	
sensación 2 700 2 1987,2228,	
ansiedad 2 700 2 1986,2592,	
Agitación 1 700 1 1985,	
Grupo 1 700 1 2651,	
Inquietud 1 700 1 1982,	
Frecuentes 6 700 6 1981,2007,2048,2110,2162,2215,	
significativamente 1 700 1 3275,	
psiquiátricos 2 700 2 1980,2506,	
Hipocalcemia 1 700 1 1978,	
aumentado 1 700 1 1976,	
Apetito 1 700 1 1975,	
metabolismo 4 700 4 1968,3642,3692,3706,	
Trastornos 22 700 22 1966,1979,2003,2030,2040,2046,2064,2078,2096,2108,2132,2156,2176,2191,2206,2501,2505,2507,2511,2513,2515,2523,	
ésta 1 700 1 3779,	
Rinitis 1 700 1 1958,	
Raras 16 700 16 1957,1977,1994,2021,2038,2054,2074,2088,2106,2127,2147,2174,2180,2199,2226,2238,	
infestaciones 1 700 1 1956,	
e 4 700 4 1955,2267,2847,2953,	
Infecciones 1 700 1 1954,	
Clasificación 4 700 4 1947,1959,2184,2496,	
concomitantes 1 700 1 1946,	
medicaciones 1 700 1 1945,	
subyacente 1 700 1 1943,	
distónica 1 700 1 2600,	
además 1 700 1 1937,	
listadas 1 700 1 1933,	
2A 3 700 3 2684,2710,2802,	
000)] 1 700 1 1929,	
raras 2 700 2 1927,2481,	
<1/100) 1 700 1 1925,	
presumiblemente 1 700 1 3683,	
000 1 700 1 1924,	
(>1/1 1 700 1 1923,	
<1/10) 1 700 1 1920,	
(>1/100 1 700 1 1919,	
[muy 1 700 1 1915,	
sistemas 4 700 4 1912,1953,1965,2190,	
órganos 5 700 5 1910,1951,1963,2188,2498,	
clasificación 1 700 1 1908,	
alérgica 1 700 1 2150,	
agrupadas 1 700 1 1905,	
Todas 1 700 1 1900,	
mayor 4 700 4 1896,2544,2678,3276,	
Poco 13 700 13 1973,1983,2014,2042,2051,2070,2080,2101,2118,2140,2165,2218,2233,	
incidencia 4 700 4 1895,2263,2376,2932,	
Información 1 700 1 2856,	
nutrición 1 700 1 1972,	
relación 2 700 2 1881,2900,	
flexible 1 700 1 1878,	
(3 2 700 2 1874,3249,	
854 1 700 1 4282,	
fija 1 700 1 1866,	
semanas) 4 700 4 1863,1875,2950,3250,	
(4-6 2 700 2 1862,2949,	
plazo 4 700 4 1861,1873,2436,3325,	
corto 2 700 2 1860,1872,	
notificadas 1 700 1 1853,	
siguiente 1 700 1 1848,	
446 1 700 1 2570,	
tabla 1 700 1 1847,	
mareos 1 700 1 1845,	
extrapiramidal 2 700 2 1843,2011,	
Impresión 1 700 1 3191,	
acatisia 3 700 3 1826,1841,2009,	
frecuentes 18 700 18 1816,1838,1916,1918,1922,1974,1984,2015,2043,2052,2071,2081,2102,2119,2141,2166,2219,2234,	
sujetos 2 700 2 1811,3856,	
6500 1 700 1 1810,	
conjuntivo 1 700 1 2161,	
oral 6 700 6 1807,3349,3452,3535,3832,3878,	
vía 3 700 3 1806,3480,3612,	
Dolor 1 700 1 2075,	
administrado 1 700 1 1803,	
adversas 12 700 12 1792,1814,1836,1852,1903,1932,1950,1962,2187,2495,2500,3961,	
Reacciones 5 700 5 1791,1949,1961,2186,2499,	
8 3 700 3 1790,3368,4252,	
Debe 1 700 1 2620,	
maquinas 1 700 1 1788,	
vayan 1 700 1 1783,	
adecuadamente 1 700 1 1778,	
advertir 1 700 1 1777,	
afectar 1 700 1 1767,	
somnolencia 2 700 2 1764,2589,	
causar 1 700 1 1763,	
máquinas 2 700 2 1760,1774,	
utilizar 4 700 4 1759,1773,1787,4197,	
conducir 3 700 3 1757,1771,1785,	
necesario 1 700 1 1745,	
tomando 1 700 1 1739,	
están 2 700 2 1738,1904,	
niño 1 700 1 1736,	
amamantar 1 700 1 1733,	
leche 1 700 1 1727,	
excreta 2 700 2 1724,3493,	
Lactancia 1 700 1 1718,	
potenciales 1 700 1 1714,	
riesgos 1 700 1 1713,	
superen 1 700 1 1710,	
madre 2 700 2 1709,3979,	
esperados 1 700 1 1706,	
embarazo 1 700 1 1699,	
humanos 3 700 3 1687,3929,4001,	
Puesto 1 700 1 1682,	
adecuado 1 700 1 1681,	
boca 1 700 1 2115,	
método 1 700 1 1679,	
utilización 1 700 1 1676,	
estén 2 700 2 1670,4216,	
fértil 1 700 1 1668,	
aconsejar 1 700 1 1662,	
embarazadas 1 700 1 1659,	
mujeres 2 700 2 1658,1665,	
teratogenicidad 2 700 2 1646,3957,	
indicios 1 700 1 1644,	
hubo 2 700 2 1643,2894,	
sedación 3 700 3 1641,1824,1840,	
y/o 2 700 2 1640,1944,	
materna 2 700 2 1639,1728,	
asociadas 2 700 2 1636,1939,	
proceso 1 700 1 1631,	
aparición 1 700 1 1625,	
reproducción 3 700 3 1621,1633,3946,	
toxicidad 3 700 3 1618,1638,3976,	
Embarazo 2 700 2 1612,1651,	
diarrea 1 700 1 1609,	
mioclonías 1 700 1 1607,	
ataxia 1 700 1 1605,	
sudoración 1 700 1 1604,	
fiebre 1 700 1 1603,	
agitación 1 700 1 1602,	
características 1 700 1 1595,	
temporalmente 1 700 1 1572,	
asociado 1 700 1 1571,	
serotoninérgico 2 700 2 1570,1598,	
aislados 1 700 1 1567,	
serotoninérgicos 5 700 5 1561,1585,2682,2732,2800,	
ingestión 1 700 1 1557,	
TITULAR 1 700 1 4231,	
tuvieron 1 700 1 1540,	
cimetidina 1 700 1 1538,	
proteínas 1 700 1 3430,	
magnesio 2 700 2 1535,4048,	
aluminio 2 700 2 1533,4153,	
antiácidos 1 700 1 1530,	
Disfunción 1 700 1 2200,	
Antiácidos 1 700 1 1525,	
global 1 700 1 3767,	
exposición 2 700 2 1513,3775,	
Global 2 700 2 3193,3197,	
35% 1 700 1 1510,	
embotamiento 1 700 1 2596,	
aproximadamente 7 700 7 1508,1809,3128,3422,3497,3584,3888,	
disminución 4 700 4 1506,3274,3966,3981,	
días 3 700 3 1501,3470,3842,	
21 1 700 1 1500,	
durante 5 700 5 1499,1697,1854,2879,3840,	
200 1 700 1 1493,	
ajuste 1 700 1 1482,	
requiere 1 700 1 1480,	
tengan 1 700 1 1472,	
potentes 1 700 1 1468,	
inhibidores 1 700 1 1467,	
adicional 2 700 2 1448,2857,	
observó 4 700 4 1446,2308,2347,2985,	
respectivamente 2 700 2 1443,2374,	
8% 1 700 1 1442,	
55% 1 700 1 1438,	
incrementaron 1 700 1 1435,	
100 2 700 2 4165,4179,	
esperada 1 700 1 1431,	
Tmax 1 700 1 1430,	
sulfóxido 5 700 5 1427,3573,3577,3659,3698,	
dihidroziprasidona 2 700 2 1423,3677,	
S-metil- 2 700 2 1422,3676,	
Las 8 700 8 1417,1594,1729,1812,1930,3788,4139,4168,	
<40% 1 700 1 1416,	
suero 2 700 2 1412,1420,	
dio 4 700 4 1403,1502,3227,3270,	
mg/día) 1 700 1 1402,	
60% 1 700 1 3385,	
comunicaron 1 700 1 2562,	
(400 1 700 1 1401,	
ketoconazol 1 700 1 1400,	
Efectos 2 700 2 1388,1752,	
valproato 2 700 2 1387,1524,	
ánimo 1 700 1 1384,	
estabilizadores 1 700 1 1382,	
conjunta 2 700 2 1379,1522,	
limitados 1 700 1 1375,	
7 3 700 3 1751,2334,4230,	
Existen 1 700 1 1373,	
farmacodinámicas 2 700 2 1370,2650,	
interacciones 1 700 1 1369,	
combinación 3 700 3 1364,1580,2824,	
conducción 1 700 1 1361,	
asocian 1 700 1 1356,	
Dado 1 700 1 1349,	
litio 2 700 2 1348,1354,	
parámetros 4 700 4 1345,3032,3076,3741,	
continuación 2 700 2 1935,2883,	
Litio 1 700 1 1333,	
progesterona 1 700 1 1332,	
CYP3A4) 1 700 1 1330,	
sustrato 1 700 1 1329,	
estradiol 1 700 1 1327,	
puntuaciones 1 700 1 3237,	
estrogénicos 1 700 1 1325,	
componentes 1 700 1 1324,	
significativos 1 700 1 1318,	
terapéutica 2 700 2 2815,3514,	
cambios 4 700 4 1317,1358,1457,3064,	
provocó 1 700 1 1316,	
orales 1 700 1 1309,	
pérdida 2 700 2 2992,3010,	
Anticonceptivos 1 700 1 1308,	
clínico 2 700 2 1307,1549,	
vista 2 700 2 1306,1548,	
punto 2 700 2 1304,1546,	
relevante 1 700 1 1301,	
grado 1 700 1 1300,	
P450 1 700 1 1297,	
citocromo 1 700 1 1296,	
metabolizados 1 700 1 1291,	
farmacocinética 6 700 6 1288,1321,1460,1552,3507,3724,	
afecte 1 700 1 1286,	
probable 3 700 3 1283,1454,1882,	
CYP3A4 6 700 6 1278,1399,1471,3647,3696,3711,	
inhibidor 2 700 2 1270,1396,	
horas 4 700 4 2693,3369,3457,3890,	
indicaron 1 700 1 1264,	
vitro 3 700 3 1263,3619,3662,	
Ninguna 1 700 1 4228,	
datos 4 700 4 1261,1374,1518,3919,	
obtenidas 1 700 1 1247,	
inferiores 1 700 1 1244,	
50% 2 700 2 1243,2714,	
isoformas 1 700 1 1294,	
plasmáticas 4 700 4 1241,3359,3431,3989,	
concentraciones 9 700 9 1240,1410,1418,3358,3849,3873,3907,3988,3997,	
CYP2D6 2 700 2 1238,1274,	
marcada 1 700 1 1235,	
posible 2 700 2 1884,3650,	
inhibición 1 700 1 1234,	
mostró 1 700 1 1232,	
dextrometorfano 1 700 1 1230,	
garganta 2 700 2 1992,2104,	
vivo 2 700 2 1228,3602,	
in 5 700 5 1227,1262,3601,3618,3661,	
estudio 9 700 9 1226,2864,2909,2975,3024,3071,3257,3600,3715,	
Un 2 700 2 1225,3599,	
Efecto 1 700 1 1218,	
alcohol 2 700 2 1217,4091,	
central 1 700 1 1215,	
acción 1 700 1 1214,	
administre 2 700 2 1206,3413,	
taquicardia 1 700 1 2045,	
efectos 2 700 2 1197,1627,	
principales 2 700 2 1196,3568,	
Teniendo 1 700 1 1192,	
SNC/alcohol 1 700 1 1191,	
aditivo 1 700 1 1138,	
descartar 1 700 1 1135,	
farmacodinámicos 1 700 1 1120,	
estudios 13 700 13 1117,1616,1656,1856,2943,3126,3162,3211,3321,3387,3617,3934,3944,	
realizado 2 700 2 1116,1655,	
interacción 1 700 1 1112,	
formas 1 700 1 1110,	
Interacción 1 700 1 1103,	
ictus 1 700 1 1100,	
aumento 4 700 4 1076,2477,2934,3983,	
excluir 1 700 1 1074,	
desconoce 4 700 4 1070,1720,3844,3898,	
causante 1 700 1 1063,	
media 4 700 4 3223,3266,3288,3443,	
prueba 2 700 2 2245,4192,	
anticonceptivo 1 700 1 1680,	
adversos 2 700 2 1059,1628,	
tres 2 700 2 1052,3558,	
incremento 5 700 5 1050,1066,1407,2310,4011,	
5HT1D 2 700 2 2734,2839,	
observado 2 700 2 1048,3734,	
atípicos 1 700 1 1045,	
realizados 1 700 1 1036,	
placebo 12 700 12 1035,1899,2345,2373,2414,2967,2978,3020,3094,3106,3124,3254,	
controlados 2 700 2 1033,3092,	
aleatorizados 1 700 1 1031,	
ensayos 10 700 10 1029,1795,1819,1829,2248,2303,2416,2426,2859,3091,	
demencia 2 700 2 1027,1040,	
demostrado 4 700 4 1623,2794,3390,3954,	
cerebrovasculares 2 700 2 1023,1060,	
accidentes 1 700 1 1022,	
Incremento 1 700 1 1017,	
deben 2 700 2 1013,1732,	
glucosa 1 700 1 1009,	
Frascos 1 700 1 4167,	
absorción 1 700 1 1007,	
problemas 1 700 1 1005,	
Laponia) 1 700 1 1003,	
poblaciones 2 700 2 1001,1085,	
observada 1 700 1 998,	
(insuficiencia 1 700 1 997,	
Lapp 1 700 1 996,	
lactasa 1 700 1 994,	
galactosa 2 700 2 990,1011,	
arterial 1 700 1 2094,	
hereditaria 1 700 1 988,	
intolerancia 1 700 1 987,	
Los 8 700 8 984,1260,1615,2415,3153,3386,3616,3918,	
contienen 3 700 3 974,1532,4157,	
Indigotina 1 700 1 4067,	
Medicamentos 3 700 3 972,1189,1560,	
grupo 1 700 1 964,	
grave 2 700 2 953,3809,	
Blisters 1 700 1 4138,	
hay 3 700 3 946,1517,3320,	
trate 1 700 1 936,	
Convulsiones 2 700 2 930,2016,	
reducción 2 700 2 919,3628,	
signos 2 700 2 910,3955,	
edad 3 700 3 907,1667,3748,	
incrementa 2 700 2 900,3397,	
medida 1 700 1 897,	
frecuencia 3 700 3 895,1914,2585,	
sucede 1 700 1 892,	
Esto 1 700 1 891,	
tipo 6 700 6 888,2671,2683,2709,2801,2806,	
ocurrieron 1 700 1 1892,	
vulnerables 1 700 1 885,	
mseg 1 700 1 2571,	
especialmente 1 700 1 884,	
son 3 700 3 883,2586,3993,	
duración 7 700 7 874,902,2254,2948,2983,3101,3117,	
larga 3 700 3 873,2253,3892,	
(>1/10) 1 700 1 1917,	
tardíos 1 700 1 868,	
extrapiramidales 3 700 3 867,2564,2588,	
síndromes 1 700 1 866,	
discinesia 3 700 3 861,914,2019,	
lugar 9 700 9 859,1404,1503,2212,2285,3228,3271,3564,4009,	
inducido 1 700 1 4202,	
dé 1 700 1 858,	
Existe 1 700 1 852,	
tardía 4 700 4 851,862,915,2020,	
Discinesia 1 700 1 850,	
inmediata 1 700 1 841,	
incluir 2 700 2 839,1600,	
antipsicóticos 4 700 4 831,849,1044,1081,	
asociación 2 700 2 828,1208,	
mortal 1 700 1 822,	
potencialmente 1 700 1 821,	
lactancia 2 700 2 1614,1749,	
raro 1 700 1 819,	
complejo 1 700 1 818,	
carbamazepina 2 700 2 1385,1488,	
SNM 2 700 2 815,837,	
(SNM) 1 700 1 813,	
maligno 1 700 1 812,	
neuroléptico 1 700 1 811,	
bloqueo 1 700 1 2687,	
niños 2 700 2 807,4194,	
eficacia 7 700 7 803,2922,3081,3173,3205,3295,3329,	
evaluado 1 700 1 799,	
adolescentes 2 700 2 795,809,	
Niños 1 700 1 793,	
confusión 2 700 2 792,1601,	
actúan 1 700 1 788,	
múltiples 3 700 3 783,1528,3352,	
tomaban 1 700 1 780,	
pointes 1 700 1 776,	
torsade 1 700 1 774,	
infrecuente 1 700 1 771,	
notificado 4 700 4 768,826,1565,2491,	
han 8 700 8 767,798,1115,1564,1622,1654,2490,3389,	
post-comercialización 2 700 2 765,2486,	
experiencia 5 700 5 764,947,1685,2485,2536,	
Durante 2 700 2 762,2483,	
interrupción 3 700 3 755,842,925,	
milisegundos 4 700 4 751,2315,2352,2383,	
eliminada 1 700 1 3679,	
500 2 700 2 750,2382,	
> 1 700 1 749,	
QTc 5 700 5 747,1451,2379,2568,3674,	
electrocardiograma 2 700 2 743,2243,	
hacerse 1 700 1 737,	
maligna 1 700 1 734,	
capacidad 2 700 2 1755,1769,	
arritmia 1 700 1 732,	
ocurriendo 2 700 2 730,2272,	
esté 1 700 1 729,	
posibilidad 3 700 3 726,854,2594,	
metabólicas 1 700 1 3560,	
incluían 1 700 1 3035,	
convulsiones 4 700 4 722,942,2265,2597,	
síncope 1 700 1 720,	
catalizado 2 700 2 3693,3708,	
palpitaciones 1 700 1 718,	
presencia 1 700 1 3402,	
alteración 1 700 1 2056,	
cardíacos 1 700 1 716,	
acontecimientos 1 700 1 1058,	
síntomas 12 700 12 715,890,912,1998,2563,2581,2587,2914,2927,3151,3154,3339,	
administra 1 700 1 3478,	
aparecen 2 700 2 714,909,	
MINISTERIO 5 700 5 712,1562,2534,3021,4031,	
farmacocinéticos 4 700 4 1118,1346,3388,3742,	
electrocardiográfica 2 700 2 706,2629,	
feto 1 700 1 1717,	
revisión 1 700 1 705,	
estable 1 700 1 700,	
cardíaca 3 700 3 699,733,740,	
enfermedad 2 700 2 698,1942,	
trata 1 700 1 694,	
significativo 1 700 1 1543,	
iniciar 2 700 2 687,709,	
malignas 1 700 1 680,	
paresia 1 700 1 2023,	
arritmias 3 700 3 679,1372,2634,	
riesgo 10 700 10 677,786,1020,1056,1068,1078,1098,1367,2613,3926,	
aumentan 1 700 1 675,	
hipomagnesemia 1 700 1 674,	
hipopotasemia 1 700 1 671,	
5HT2c 2 700 2 2733,2837,	
mecanismo 1 700 1 1062,	
electrolíticas 1 700 1 668,	
Alteraciones 1 700 1 667,	
importante 1 700 1 666,	
bradicardia 1 700 1 665,	
precaución 5 700 5 661,933,961,1092,1203,	
indica 1 700 1 3603,	
corregidas 1 700 1 684,	
recomienda 5 700 5 660,753,932,1692,3409,	
prolongan 3 700 3 648,1128,1154,	
administrarse 2 700 2 643,1149,	
metabolito 1 700 1 3623,	
Por 2 700 2 638,3405,	
triglicéridos 1 700 1 3046,	
8) 2 700 2 637,1593,	
moderado 3 700 3 630,1271,2293,	
reacciones 7 700 7 1813,1835,1851,1902,1931,2494,3960,	
leve 4 700 4 628,2291,3794,3861,	
produce 1 700 1 619,	
Intervalo 2 700 2 616,2239,	
utilizarse 2 700 2 959,1090,	
3) 4 700 4 615,761,1188,1650,	
recomendado 1 700 1 607,	
identificar 1 700 1 598,	
físico 1 700 1 593,	
examen 1 700 1 592,	
familiares 1 700 1 588,	
antecedentes 2 700 2 587,940,	
evaluación 2 700 2 585,739,	
doble 3 700 3 3028,3095,3111,	
incluyendo 4 700 4 583,741,832,1371,	
médica 1 700 1 582,	
historia 1 700 1 581,	
realizar 1 700 1 579,	
Se 14 700 14 577,659,875,931,1563,1660,1719,1775,2346,2809,3843,3897,3958,4195,	
conteniendo 1 700 1 4178,	
especiales 4 700 4 574,3713,4121,4225,	
precauciones 1 700 1 573,	
Advertencias 1 700 1 571,	
5) 2 700 2 568,658,	
cisaprida 2 700 2 561,1184,	
musculoesqueléticos 1 700 1 2157,	
sertindol 2 700 2 559,1182,	
mefloquina 2 700 2 558,1181,	
dolasetrón 2 700 2 557,1180,	
mesilato 2 700 2 555,1178,	
moxifloxacino 2 700 2 554,1177,	
torácicos 1 700 1 2098,	
gatifloxacino 2 700 2 553,1176,	
esparfloxacino 2 700 2 552,1175,	
pimozida 2 700 2 551,1174,	
síndrome 3 700 3 1569,1597,2026,	
tioridazina 2 700 2 550,1173,	
mesoridazina 2 700 2 549,1172,	
acetato 2 700 2 546,1169,	
halofantrina 2 700 2 545,1168,	
arsénico 2 700 2 544,1167,	
láminas 1 700 1 4150,	
trióxido 2 700 2 542,1165,	
Clase 2 700 2 538,1161,	
prolonguen 1 700 1 531,	
concomitante 1 700 1 527,	
Este 1 700 1 976,	
Tratamiento 1 700 1 526,	
neuronal 1 700 1 2851,	
III 3 700 3 525,541,1164,	
IA 3 700 3 523,539,1162,	
clase 1 700 1 522,	
antiarrítmicos 3 700 3 520,536,1159,	
medicamentos 15 700 15 519,529,646,830,848,1107,1126,1143,1152,1212,1224,1290,1392,1584,4339,	
tratadas 1 700 1 517,	
Arritmias 1 700 1 516,	
descompensada 1 700 1 515,	
cardiaca 2 700 2 514,1362,	
Insuficiencia 2 700 2 513,943,	
terapéutico 1 700 1 1576,	
reciente 1 700 1 512,	
miocardio 1 700 1 511,	
Infarto 1 700 1 508,	
prolongado 2 700 2 507,2244,	
congénito 1 700 1 503,	
Síndrome 2 700 2 502,810,	
Prolongación 1 700 1 497,	
conocida 2 700 2 488,498,	
Hipersensibilidad 1 700 1 487,	
Contraindicaciones 1 700 1 486,	
(Ver 2 700 2 477,562,	
bajas 1 700 1 476,	
(<1/1 1 700 1 1928,	
debería 11 700 11 469,642,701,723,736,838,916,958,1089,1201,1661,	
hepática 6 700 6 463,468,944,952,3859,3904,	
2) 3 700 3 459,483,971,	
apartado 9 700 9 457,613,635,759,981,1186,1591,1648,1798,	
(ver 11 700 11 456,612,634,652,758,965,980,1185,1590,1647,1797,	
ajustes 1 700 1 448,	
requieren 1 700 1 447,	
No 18 700 18 445,796,945,1071,1113,1132,1279,1444,1452,1516,1642,1652,2635,2893,3319,3731,4109,4124,	
insuficiencia 9 700 9 443,454,462,467,951,992,3793,3858,3903,	
Uso 2 700 2 441,460,	
requieran 1 700 1 440,	
así 4 700 4 438,589,3047,4016,	
clínicos 11 700 11 436,1030,1796,1820,1830,2249,2304,2417,2427,2860,3322,	
factores 4 700 4 435,784,790,1096,	
existan 1 700 1 434,	
años 2 700 2 432,4117,	
considerarse 5 700 5 425,470,702,724,917,	
baja 1 700 1 422,	
inicial 2 700 2 420,2890,	
9 2 700 2 2532,4283,	
Normalmente 1 700 1 414,	
Ancianos 1 700 1 413,	
casos 3 700 3 400,772,1566,	
eficaz; 1 700 1 397,	
hipertensivas 1 700 1 2083,	
mínima 1 700 1 396,	
tratados 14 700 14 392,1041,2280,2328,2343,2369,2397,2412,2448,2958,2965,3000,3018,3058,	
deberían 2 700 2 390,682,	
pacientes 39 700 39 389,427,452,465,601,663,696,778,879,938,949,985,1025,1038,1087,1094,1730,1781,2279,2327,2342,2368,2396,2411,2447,2457,2885,2912,2957,2964,2999,3017,3057,3130,3304,3718,3783,3791,3895,	
mantenimiento 3 700 3 385,2433,2874,	
En 18 700 18 381,464,1028,1793,1827,2246,2301,2425,2558,2575,2862,2907,2973,3022,3056,3255,3857,3943,	
dependiente 3 700 3 369,622,2294,	
prolongación 6 700 6 365,621,1447,2288,2349,3671,	
asocia 1 700 1 362,	
mg/día 1 700 1 358,	
suficiente 1 700 1 412,	
160 1 700 1 357,	
seguridad 5 700 5 353,801,3917,3922,3937,	
perfil 1 700 1 351,	
puesto 1 700 1 344,	
sobrepasar 1 700 1 340,	
importancia 2 700 2 338,1473,	
particular 1 700 1 337,	
Es 1 700 1 335,	
tercer 1 700 1 331,	
Rating 1 700 1 3184,	
rápidamente 1 700 1 328,	
alcanzarse 1 700 1 326,	
indicado 1 700 1 320,	
Si 6 700 6 318,692,713,744,908,1741,	
máxima 3 700 3 310,323,343,	
paciente 1 700 1 306,	
clínica 3 700 3 304,1474,2878,	
respuesta 3 700 3 303,2889,3308,	
según 2 700 2 301,1906,	
ajustada 1 700 1 299,	
diaria 4 700 4 296,3224,3267,3289,	
Período 1 700 1 4113,	
alimentos 5 700 5 293,1559,3356,3404,3415,	
Palpitaciones 1 700 1 2044,	
administrada 1 700 1 291,	
día 9 700 9 290,317,332,409,1259,1498,3221,3523,3839,	
veces 9 700 9 288,315,407,1053,1257,1496,3219,3521,3837,	
manía 6 700 6 281,1832,1869,2260,2419,3085,	
agudo 3 700 3 274,509,3145,	
recaptación 1 700 1 2850,	
recomendada 2 700 2 270,324,	
carácter 2 700 2 627,2290,	
dosis 28 700 28 269,295,309,322,342,372,395,402,419,450,474,625,922,1484,1491,1527,1635,1865,1877,2297,2696,3222,3351,3379,3491,3513,3973,4006,	
La 17 700 17 268,294,1846,2375,2535,2543,2593,2931,3080,3172,3188,3373,3427,3441,3580,3675,4247,	
Adultos 1 700 1 267,	
efecto 5 700 5 1137,1342,1542,3669,3900,	
administración 17 700 17 266,472,1250,1312,1336,1378,1464,1521,1694,2214,3348,3372,3451,3534,3831,3877,4004,	
forma 3 700 3 264,770,2548,	
Posología 1 700 1 262,	
4) 2 700 2 259,380,	
secciones 6 700 6 254,375,478,563,653,966,	
(véanse 2 700 2 252,373,	
índice 1 700 1 3050,	
QT 12 700 12 251,368,501,506,534,617,633,651,1131,1157,2240,2300,	
intervalo 16 700 16 250,367,500,505,533,632,650,746,1130,1156,1450,2299,2378,2567,3465,3673,	
(etinil 1 700 1 1326,	
prolongar 1 700 1 248,	
levometadilo 2 700 2 548,1171,	
podría 2 700 2 247,1365,	
cuenta 2 700 2 244,1194,	
debe 6 700 6 241,424,578,1148,1746,1776,	
médico 1 700 1 240,	
El 12 700 12 239,814,834,1061,1395,1485,2686,3212,3417,3458,3471,3714,	
80mg 2 700 2 4278,4320,	
1) 3 700 3 238,983,1800,	
5 12 700 12 237,458,482,970,1102,1649,1799,2641,3341,3484,3912,4132,	
anormal 1 700 1 2223,	
véase 1 700 1 234,	
­ 2 700 2 233,2653,	
prevención 2 700 2 227,3334,	
establecido 3 700 3 225,349,3088,	
posteriormente 1 700 1 300,	
(no 1 700 1 222,	
bipolar 10 700 10 221,232,282,882,1833,1870,2261,2420,3079,3140,	
trastorno 6 700 6 220,231,881,1842,2010,3139,	
catalizada 1 700 1 3629,	
asociados 1 700 1 218,	
hinchazón 1 700 1 2152,	
moderada 5 700 5 217,2758,2772,3801,3863,	
gravedad 1 700 1 216,	
mixtos 1 700 1 214,	
o 23 700 23 213,430,491,560,721,911,923,1004,1010,1082,1183,1331,1536,1786,1883,2598,2744,3146,3149,3207,3545,3749,3867,	
maníacos 1 700 1 212,	
episodios 2 700 2 211,229,	
escasa 4 700 4 1689,2542,2785,2952,	
esquizofrenia 10 700 10 203,277,387,1822,1858,2258,2306,2429,2945,3026,	
tratamiento 25 700 25 200,209,273,334,383,609,689,711,757,835,844,871,904,927,1486,1672,1743,1887,2431,2467,2881,2892,3213,3262,3310,	
indicada 3 700 3 197,206,417,	
sellado 1 700 1 4201,	
está 6 700 6 196,205,319,416,606,2816,	
inicio 2 700 2 3069,3159,	
trazados 3 700 3 2324,2339,2366,	
Ziprasidona 18 700 18 195,204,618,1761,2283,2662,2726,2754,2767,2781,2792,2828,3292,3504,3528,3551,3655,3697,	
terapéuticas 2 700 2 194,4007,	
Indicaciones 1 700 1 193,	
	4 1 700 1 191,	
vértigo 1 700 1 719,	
CLÍNICOS 1 700 1 190,	
DATOS 2 700 2 189,4028,	
" 1 700 1 187,	
blancas 1 700 1 165,	
azules 1 700 1 152,	
obstante 1 700 1 1280,	
ZDX 4 700 4 146,159,172,185,	
""Pfizer"" 4 700 4 144,157,170,183,	
marcadas 4 700 4 143,156,169,182,	
4 31 700 31 142,155,188,255,258,260,376,379,479,480,484,564,565,567,569,570,614,636,654,657,760,967,1101,1187,1592,1610,1750,1789,2531,4116,4119,	
nº 4 700 4 141,154,167,180,	
azul/blanco 2 700 2 139,178,	
beneficios 1 700 1 1705,	
- 8 700 8 137,150,163,176,1310,1334,1526,3186,	
	"Cápsula 1 700 1 133,	
FARMACÉUTICA 1 700 1 132,	
FORMA 1 700 1 131,	
debidos 1 700 1 1461,	
3 14 700 14 130,168,256,377,485,655,2319,2386,3014,3098,3314,3469,3913,4112,	
6 14 700 14 128,982,1611,3366,3455,3456,4027,4032,4106,4111,4118,4131,4222,4223,	
sección 2 700 2 127,236,	
mostraron 2 700 2 2421,2887,	
ver 1 700 1 126,	
excipientes 3 700 3 125,496,4036,	
completa 1 700 1 123,	
lista 1 700 1 122,	
Para 1 700 1 120,	
65 2 700 2 115,429,	
175 1 700 1 114,	
74 1 700 1 103,	
eréctil 1 700 1 2201,	
131 1 700 1 102,	
2002 4 700 4 4300,4309,4318,4327,	
83 1 700 1 91,	
87 1 700 1 90,	
renal 5 700 5 444,455,3703,3760,3786,	
lactosa 6 700 6 82,94,106,118,975,979,	
66 1 700 1 78,	
Cada 4 700 4 72,84,96,108,	
Excipiente(s) 1 700 1 71,	
u 1 700 1 66,	
equivalente 1 700 1 58,	
monohidrato 6 700 6 57,83,95,107,119,4039,	
hidrocloruro 1 700 1 56,	
ziprasidona 76 700 76 55,70,246,360,490,611,640,691,781,805,833,857,929,957,1122,1140,1150,1199,1220,1255,1266,1285,1314,1339,1352,1394,1414,1426,1433,1515,1554,1578,1674,1696,1722,1740,1804,1889,2256,2282,2330,2371,2399,2450,2488,2540,2551,2640,2868,2906,2924,2960,3002,3060,3083,3104,3120,3215,3286,3331,3354,3395,3411,3433,3448,3475,3549,3576,3581,3615,3658,3744,3777,3951,4142,4171,	
contiene 7 700 7 54,77,89,101,113,978,1849,	
dura 2 700 2 53,134,	
cápsula 6 700 6 52,73,85,97,109,4052,	
	Cada 1 700 1 51,	
lengua 1 700 1 2125,	
CUANTITATIVA 1 700 1 50,	
Y 1 700 1 49,	
CUALITATIVA 1 700 1 48,	
COMPOSICIÓN 1 700 1 47,	
2 9 700 9 46,181,261,968,2672,2807,3342,3889,4107,	
80 8 700 8 42,67,111,174,186,312,3518,4079,	
laberinto 1 700 1 2069,	
60 7 700 7 37,64,99,161,173,2314,4163,	
Biotransformación 1 700 1 3438,	
40 10 700 10 32,62,87,148,160,285,1252,2699,3516,4076,	
Zeldox 11 700 11 31,36,41,1088,4265,4271,4277,4292,4301,4310,4319,	
	Zeldox 2 700 2 26,4259,	
MEDICAMENTO 2 700 2 25,2646,	
interrumpirse 1 700 1 1747,	
NOMBRE 1 700 1 23,	
1 12 700 12 22,79,129,192,2355,2361,2402,2648,3424,3425,3467,4033,	
alcanzadas 1 700 1 3999,	
PRODUCTO 1 700 1 21,	
hiperreflexia 1 700 1 1606,	
DEL 3 700 3 20,24,4333,	
CARACTERISTICAS 1 700 1 19,	
LAS 1 700 1 18,	
ISRS 1 700 1 1589,	
DE 9 700 9 17,2644,4232,4235,4254,4257,4285,4289,4330,	
RESUMEN 1 700 1 16,	
ocasiones 1 700 1 2439,	
tuvo 2 700 2 1341,4008,	
información 1 700 1 13,	
Toda 1 700 1 11,	
cardiovascular 1 700 1 2625,	
medicamento 4 700 4 10,15,977,1016,	
Basica 1 700 1 8,	
	Información 1 700 1 7,	
56 2 700 2 5,4162,	
duras 13 700 13 4,30,35,40,45,4262,4268,4274,4280,4295,4304,4313,4322,	
cápsulas 23 700 23 3,6,29,34,39,44,138,151,164,177,4072,4140,4166,4169,4180,4261,4267,4273,4279,4294,4303,4312,4321,	
mg 34 700 34 2,28,33,38,43,61,63,65,68,76,80,88,92,100,104,112,116,136,149,162,175,286,313,405,1253,1494,2557,2700,3217,3382,3519,3835,4075,4077,	
20 12 700 12 1,27,60,75,135,147,404,3381,3834,4074,4159,4243,	
ZELDOX 1 700 1 0,	
