	Prospectos 1 213 1 3319,	
S 1 213 1 3317,	
2008 1 213 1 3314,	
Junio 1 213 1 3313,	
2010 1 213 1 3304,	
Octubre 1 213 1 3303,	
revalidación 1 213 1 3302,	
1986 1 213 1 3299,	
Enero 1 213 1 3298,	
autorización 1 213 1 3297,	
APROBACIÓN/REVISIÓN 2 213 2 3291,3308,	
FECHA 2 213 2 3289,3306,	
868 1 213 1 3287,	
867 1 213 1 3277,	
56 3 213 3 3266,3276,3286,	
registro 3 213 3 3265,3275,3285,	
Nº 3 213 3 3263,3273,3283,	
COMERCIALIZACIÓN 1 213 1 3256,	
AUTORIZACIÓN 2 213 2 3254,3294,	
NÚMERO 1 213 1 3251,	
TITULAR 1 213 1 3246,	
PERMANENTE 1 213 1 3244,	
apropiadamente 1 213 1 3239,	
desecharse 1 213 1 3238,	
utilizada 1 213 1 3236,	
Cualquier 1 213 1 3233,	
indicada 1 213 1 3229,	
caducidad 1 213 1 3228,	
fecha 1 213 1 3226,	
administración) 1 213 1 3220,	
(Ver 1 213 1 3214,	
vía 1 213 1 3209,	
inyectar 1 213 1 3206,	
Perfundir 1 213 1 3204,	
desenroscar 1 213 1 3196,	
parte 1 213 1 3191,	
cuerpo 1 213 1 3182,	
transferido 1 213 1 3175,	
despacio 1 213 1 3161,	
tirando 1 213 1 3160,	
concentrado 2 213 2 3156,3172,	
aspirar 1 213 1 3154,	
sistema 2 213 2 3153,3194,	
presionado 1 213 1 3150,	
émbolo 3 213 3 3146,3163,3188,	
Trasvase 1 213 1 3130,	
Inyectar 1 213 1 3122,	
conectar 1 213 1 3112,	
vertical 1 213 1 3111,	
posición 1 213 1 3110,	
estéril 1 213 1 3103,	
vacía 1 213 1 3101,	
aire 2 213 2 3098,3124,	
Llenar 1 213 1 3096,	
transferencia 1 213 1 3095,	
dispositivo 1 213 1 3093,	
piezas 1 213 1 3091,	
Desenroscar 1 213 1 3088,	
acoplada 1 213 1 3083,	
lado 1 213 1 3078,	
manoel 1 213 1 3076,	
Sujetar 1 213 1 3062,	
total 1 213 1 3051,	
disolución 1 213 1 3050,	
garantizar 1 213 1 3048,	
rotación 1 213 1 3042,	
suavemente 1 213 1 3038,	
agitar 2 213 2 3037,3055,	
Con 1 213 1 3031,	
automáticamente 1 213 1 3022,	
transferirá 1 213 1 3021,	
acoplado 2 213 2 3005,3119,	
adaptador 2 213 2 3004,3009,	
invertir 2 213 2 2997,3151,	
apoyado 1 213 1 2993,	
asegurando 1 213 1 2972,	
cuidadosamente 1 213 1 2965,	
azul 1 213 1 2951,	
terminal 1 213 1 2950,	
encajar 2 213 2 2948,3007,	
Coger 1 213 1 2939,	
firmemente 3 213 3 2938,2992,3180,	
limpia 1 213 1 2936,	
plana 1 213 1 2934,	
Colocar 1 213 1 2926,	
precinto 1 213 1 2921,	
desgarrando 1 213 1 2919,	
Abrir 1 213 1 2912,	
TEXTO 8 213 8 2910,2924,2962,2985,3029,3060,3142,3166,	
FIGURA 8 213 8 2908,2922,2960,2983,3027,3058,3140,3164,	
Mix2Vial 8 213 8 2907,2918,2946,2971,2982,3080,3121,3200,	
abrir 1 213 1 2901,	
proceder 1 213 1 2899,	
secar 1 213 1 2894,	
Dejar 1 213 1 2893,	
antiséptica 1 213 1 2892,	
tapones 2 213 2 2886,2896,	
desinfectar 1 213 1 2881,	
cápsulas 1 213 1 2877,	
Retirar 2 213 2 2875,2964,	
Atemperar 1 213 1 2869,	
Reconstitución 1 213 1 2867,	
condiciones 1 213 1 2865,	
trasvase 1 213 1 2854,	
uso/manipulación 1 213 1 2849,	
Instrucciones 1 213 1 2847,	
gasas 2 213 2 2792,2839,	
adhesivo 3 213 3 2749,2797,2844,	
alcohol 3 213 3 2746,2794,2841,	
gasascon 1 213 1 2745,	
20/20 3 213 3 2730,2775,2822,	
filtro 3 213 3 2729,2777,2824,	
trasvasador 3 213 3 2727,2774,2821,	
cerrado 3 213 3 2713,2760,2808,	
tratada 1 213 1 2683,	
moldeado 1 213 1 2639,	
000 1 213 1 2632,	
UI/1 1 213 1 2631,	
aluminio 3 213 3 2623,2663,2701,	
plástico 3 213 3 2619,2659,2697,	
látex) 3 213 3 2616,2656,2694,	
abierto 1 213 1 2942,	
(libres 3 213 3 2614,2654,2692,	
goma 4 213 4 2613,2653,2691,2888,	
Presentaciones 1 213 1 2702,	
tapón 5 213 5 2611,2651,2689,2954,3013,	
provisto 3 213 3 2609,2649,2687,	
vacío 6 213 6 2608,2648,2686,2715,2762,2810,	
cerrados 3 213 3 2606,2646,2684,	
incoloro 3 213 3 2600,2640,2674,	
tubular 2 213 2 2599,2673,	
vidrio 3 213 3 2598,2638,2672,	
Vial 3 213 3 2594,2634,2668,	
600UI/250 1 213 1 2592,	
--Presentación 2 213 2 2590,2624,	
primario 1 213 1 2585,	
Envase 4 213 4 2584,2703,2750,2798,	
Naturaleza 1 213 1 2579,	
cartonaje 1 213 1 2575,	
Mantener 1 213 1 2572,	
congelar 1 213 1 2571,	
almacenarse 1 213 1 2562,	
deberá 1 213 1 2561,	
conservación 1 213 1 2558,	
Precauciones 1 213 1 2555,	
almacenar 1 213 1 2545,	
Sí 1 213 1 2539,	
usarse 1 213 1 2537,	
reconstituida 3 213 3 2535,2858,3134,	
conservantes 1 213 1 2529,	
vista 1 213 1 2523,	
Desde 1 213 1 2519,	
25º 2 213 2 2517,2568,	
ambiente 4 213 4 2515,2552,2565,2874,	
temperatura 4 213 4 2514,2551,2564,2873,	
48 1 213 1 2511,	
microbiológico 1 213 1 2524,	
demostrada 1 213 1 2506,	
físico-química 1 213 1 2503,	
estabilidad 1 213 1 2502,	
reconstitución 2 213 2 2500,2851,	
años 1 213 1 2496,	
validez 1 213 1 2494,	
Período 1 213 1 2492,	
interna 2 213 2 2484,2682,	
superficie 5 213 5 2483,2681,2883,2933,2996,	
adsorción 1 213 1 2477,	
fallo 1 213 1 2470,	
producirse 1 213 1 2468,	
autorizados 1 213 1 2464,	
hayan 1 213 1 2462,	
equipos 2 213 2 2460,2487,	
sólo 2 213 2 2457,2974,	
inyección/perfusión 1 213 1 2456,	
mezclarse 1 213 1 2449,	
inyectables 4 213 4 2441,2725,2772,2819,	
preparaciones 3 213 3 2440,2724,2771,	
sódico 1 213 1 2436,	
cloruro 1 213 1 2435,	
glicina 1 213 1 2434,	
Albúmina 1 213 1 2432,	
Método 1 213 1 3218,	
Lista 1 213 1 2429,	
	6 1 213 1 2427,	
FARMACÉUTICOS 1 213 1 2426,	
especies 1 213 1 2421,	
experimentales 1 213 1 2418,	
considera 1 213 1 2414,	
mutagénicos 1 213 1 2403,	
carcinogénicos 1 213 1 2401,	
proporciona 1 213 1 2396,	
Dado 1 213 1 2390,	
kilogramo 1 213 1 2386,	
recomendada 1 213 1 2384,	
veces 1 213 1 2380,	
suponen 1 213 1 2378,	
siquiera 1 213 1 2374,	
tóxicos 1 213 1 2367,	
forman 1 213 1 2357,	
interferencia 1 213 1 2351,	
repetidas 1 213 1 2347,	
únicas 1 213 1 2329,	
toxicidad 2 213 2 2326,2344,	
realizar 2 213 2 2323,2416,	
Carece 1 213 1 2320,	
endógeno 1 213 1 2319,	
componente 1 213 1 2308,	
concentrado) 1 213 1 2305,	
activo 1 213 1 2303,	
(principio 1 213 1 2302,	
humana 3 213 3 2301,2383,2433,	
preclínicos 1 213 1 2292,	
Datos 1 213 1 2291,	
± 1 213 1 2277,	
3% 1 213 1 2260,	
incremento 1 213 1 2250,	
produjo 1 213 1 2248,	
FVIII/kg 1 213 1 2244,	
101 1 213 1 2237,	
resultó 2 213 2 2236,2273,	
vivo"" 1 213 1 2222,	
""in 1 213 1 2221,	
corresponder 1 213 1 2213,	
parece 1 213 1 2212,	
cifra 1 213 1 2211,	
varía 1 213 1 2197,	
-Viales 2 213 2 2586,2664,	
consumo 1 213 1 2191,	
probablemente 1 213 1 2188,	
(y 1 213 1 2186,	
posterior 1 213 1 2183,	
eliminación 1 213 1 2172,	
corporales) 1 213 1 2167,	
intravascular 1 213 1 2163,	
compartimentos 1 213 1 2162,	
realiza 1 213 1 2157,	
fase 2 213 2 2154,2182,	
bifásica 1 213 1 2151,	
exponencial 1 213 1 2150,	
degradación 1 213 1 2149,	
disminuye 1 213 1 2146,	
prevista 1 213 1 2136,	
120% 1 213 1 2131,	
80% 1 213 1 2128,	
alcanzado 1 213 1 2120,	
cuartos 1 213 1 2107,	
heterólogas 2 213 2 2361,2422,	
tres 1 213 1 2106,	
tercios 1 213 1 2104,	
Tras 1 213 1 2093,	
completamente 1 213 1 2083,	
multimérica 1 213 1 2082,	
estructura 1 213 1 2081,	
observa 1 213 1 2079,	
Después 2 213 2 2071,2497,	
tipos 1 213 1 2065,	
diferencia 1 213 1 2055,	
media 2 213 2 2047,2059,	
mediana 1 213 1 2043,	
determinó 1 213 1 2041,	
pacientes) 1 213 1 2039,	
III 1 213 1 2037,	
II 2 213 2 2032,2642,	
Tipo 5 213 5 2031,2036,2601,2641,2675,	
18 1 213 1 2029,	
I 3 213 3 2028,2602,2676,	
(Tipo 1 213 1 2027,	
enfermedad 2 213 2 2023,2067,	
27 1 213 1 2019,	
ensayo 2 213 2 2016,2234,	
acoplados 1 213 1 3036,	
farmacocinéticas 1 213 1 2013,	
Propiedades 1 213 1 2012,	
previenen 1 213 1 2007,	
controlan 1 213 1 2005,	
distribución 1 213 1 2159,	
dicho 1 213 1 2001,	
temporalmente 1 213 1 1997,	
corrige 1 213 1 1996,	
aumenta 1 213 1 1985,	
Mediante 1 213 1 1980,	
quirúrgico 1 213 1 1979,	
trauma 1 213 1 1978,	
consecuencia 2 213 2 1973,2475,	
espontánea 1 213 1 1970,	
internos 1 213 1 1966,	
órganos 1 213 1 1965,	
músculos 1 213 1 1963,	
articulaciones 1 213 1 1962,	
graves 1 213 1 1959,	
produce 1 213 1 1957,	
disminución 1 213 1 1948,	
debido 2 213 2 1945,2348,	
sexo 1 213 1 1944,	
ligado 1 213 1 1942,	
hereditario 1 213 1 1937,	
trastorno 1 213 1 1936,	
coágulo 1 213 1 1930,	
formarse 1 213 1 1928,	
manera 1 213 1 1925,	
fibrinógeno 1 213 1 1921,	
trombina 1 213 1 1913,	
protrombina 1 213 1 1911,	
transforma 1 213 1 1909,	
conversión 1 213 1 1897,	
acelerando 1 213 1 1895,	
IX 1 213 1 1893,	
cofactor 1 213 1 1890,	
actúa 2 213 2 1888,2314,	
activado 4 213 4 1887,1894,1904,1908,	
circulación 2 213 2 1881,2101,	
liga 1 213 1 1873,	
hemofílico 1 213 1 1868,	
perfunde 1 213 1 1864,	
agregación 1 213 1 1860,	
interviene 1 213 1 1857,	
e 1 213 1 1856,	
vasculares 1 213 1 1855,	
lugares 1 213 1 1852,	
plaquetas 1 213 1 1849,	
adhesión 1 213 1 1847,	
mediador 1 213 1 1844,	
protectora 1 213 1 1838,	
fisiológicas 1 213 1 1825,	
funciones 1 213 1 1824,	
Willebrand) 1 213 1 1822,	
(factor 1 213 1 1816,	
moléculas 1 213 1 1815,	
compuesto 1 213 1 1812,	
VIII/factor 1 213 1 1808,	
complejo 2 213 2 1798,1806,	
B02BD02 1 213 1 1785,	
sujetándolo 1 213 1 2937,	
ATC 1 213 1 1784,	
Código 1 213 1 1783,	
sanguínea 2 213 2 1777,1941,	
antihemorrágico 1 213 1 1771,	
farmacoterapéutico 1 213 1 1770,	
Grupo 1 213 1 1769,	
farmacodinámicas 1 213 1 1768,	
1Propiedades 1 213 1 1767,	
	"5 1 213 1 1766,	
ESTE 1 213 1 1764,	
DE 8 213 8 1763,3247,3252,3255,3290,3292,3307,3309,	
FARMACOLÓGICAS 1 213 1 1762,	
PROPIEDADES 1 213 1 1761,	
" 2 213 2 1759,2423,	
sobredosificación 2 213 2 1755,2336,	
síntomas 1 213 1 1753,	
Sobredosificación 1 213 1 1747,	
9 2 213 2 1746,3288,	
encontrarse 1 213 1 2125,	
ver 1 213 1 1742,	
viral 1 213 1 1741,	
seguridad 2 213 2 1740,2294,	
especializado 1 213 1 1733,	
centro 1 213 1 1732,	
insuficiente 1 213 1 1721,	
ocasiona 1 213 1 1717,	
Algunos 1 213 1 1701,	
fiebre 1 213 1 1700,	
raras 1 213 1 1695,	
866 1 213 1 3267,	
shock) 1 213 1 1693,	
(incluyendo 1 213 1 1692,	
progresado 1 213 1 1688,	
respirar) 1 213 1 1681,	
vómitos 1 213 1 1678,	
hormigueo 1 213 1 1677,	
efectos 2 213 2 2366,2400,	
taquicardia 1 213 1 1674,	
inquietud 1 213 1 1673,	
somnolencia 1 213 1 1671,	
cefalea 1 213 1 1669,	
enrojecimiento 1 213 1 1660,	
escalofríos 1 213 1 1659,	
lugar 1 213 1 1655,	
ardor 1 213 1 1650,	
sensación 1 213 1 1648,	
angioedema 1 213 1 1647,	
incluir 1 213 1 1646,	
alérgicas 1 213 1 1640,	
observado 3 213 3 1638,1699,2365,	
rara 1 213 1 1634,	
productos 1 213 1 1629,	
adversas 1 213 1 1624,	
Reacciones 1 213 1 1623,	
afectar 1 213 1 1613,	
aún 1 213 1 3035,	
pueda 1 213 1 1612,	
apreció 1 213 1 2054,	
indicio 2 213 2 1607,2398,	
ningún 2 213 2 1606,2397,	
existe 1 213 1 1605,	
maquinaria 2 213 2 1603,1620,	
fibrina 1 213 1 1923,	
utilizar 3 213 3 1602,1619,3222,	
vehículos 1 213 1 1600,	
capacidad 2 213 2 1597,1615,	
Efectos 1 213 1 1594,	
DIRECCIÓN 1 213 1 3243,	
7 5 213 5 1593,2033,3141,3143,3240,	
asir 2 213 2 3072,3179,	
indicado 1 213 1 1591,	
claramente 1 213 1 1590,	
está 3 213 3 1589,1811,3082,	
únicamente 1 213 1 1587,	
utilizarse 2 213 2 1584,2459,	
embarazo 2 213 2 1572,1579,	
carece 1 213 1 1562,	
incidencia 1 213 1 1555,	
baja 1 213 1 1554,	
Debido 1 213 1 1551,	
animales 3 213 3 1547,2341,2370,	
reproducción 1 213 1 1545,	
estudios 2 213 2 1543,2417,	
realizado 1 213 1 1542,	
No 8 213 8 1539,1604,2052,2337,2362,2570,3054,3221,	
lactancia 3 213 3 1538,1574,1582,	
Embarazo 1 213 1 1536,	
interacciones 1 213 1 1526,	
conocen 2 213 2 1525,1752,	
Hasta 2 213 2 1521,1748,	
interacción 1 213 1 1520,	
formas 1 213 1 1518,	
administrado 2 213 2 1508,2112,	
lote 1 213 1 1507,	
nombre 1 213 1 1501,	
constancia 1 213 1 1499,	
deje 1 213 1 1498,	
administre 1 213 1 1494,	
les 1 213 1 1493,	
vez 4 213 4 1490,1635,1918,3169,	
viales 2 213 2 2880,3034,	
beneficio 1 213 1 1478,	
adversas"" 1 213 1 1476,	
adecuadas 1 213 1 1470,	
laboratorio 2 213 2 1469,2372,	
tratados 2 213 2 1447,1627,	
100 1 213 1 1440,	
desarrollarse 1 213 1 1435,	
Raramente 1 213 1 1433,	
primeros 2 213 2 1428,1439,	
alto 1 213 1 1426,	
antihemofílico 1 213 1 1421,	
correlaciona 1 213 1 1414,	
Nijmegen 1 213 1 1407,	
modificado 1 213 1 1406,	
(UB) 1 213 1 1398,	
Bethesda 1 213 1 1397,	
cuantifica 1 213 1 1394,	
Esta 2 213 2 1391,2210,	
procoagulante 1 213 1 1387,	
Interacciones 1 213 1 1511,	
dirigidas 1 213 1 1383,	
IgG 1 213 1 1382,	
inmunoglobulinas 1 213 1 1381,	
son 1 213 1 1379,	
(inhibidores) 2 213 2 1365,1714,	
neutralizantes 2 213 2 1364,1709,	
formación 1 213 1 1361,	
hemolítica) 1 213 1 1359,	
anemia 1 213 1 1358,	
ej 1 213 1 1356,	
(p 1 213 1 1355,	
Una 1 213 1 3168,	
aumentada 1 213 1 1352,	
inmunodeficiencia 1 213 1 1347,	
sujetos 1 213 1 1345,	
fetal) 1 213 1 1342,	
embarazada 1 213 1 1340,	
mujer 1 213 1 1339,	
infección 1 213 1 1330,	
reciban 1 213 1 1324,	
B) 1 213 1 1319,	
(hepatitis 1 213 1 1316,	
apropiada 1 213 1 1315,	
vacunación 1 213 1 1314,	
B19 2 213 2 1310,1333,	
parvovirus 2 213 2 1309,1332,	
envueltos 1 213 1 1305,	
limitado 1 213 1 1301,	
VHB 1 213 1 1292,	
efectivos 1 213 1 1286,	
consideran 1 213 1 1285,	
Estos 2 213 2 1282,1377,	
modelos 1 213 1 1281,	
virus 2 213 2 1280,1303,	
validados 1 213 1 1278,	
producción 2 213 2 1274,1351,	
movimientos 1 213 1 3040,	
proceso 1 213 1 1272,	
incluidos 2 213 2 1269,2231,	
inactivación/eliminación 2 213 2 1268,1296,	
procedimientos 3 213 3 1266,1283,1294,	
génomico 1 213 1 1256,	
mezclas 2 213 2 1248,1261,	
individuales 2 213 2 1244,2283,	
donaciones 1 213 1 1243,	
VHC 3 213 3 1240,1258,1289,	
VIH 2 213 2 1238,1288,	
frente 1 213 1 1236,	
anticuerpos 4 213 4 1235,1363,1708,2354,	
AgHBs 1 213 1 1233,	
donantes 1 213 1 1224,	
selección 1 213 1 1222,	
reduce 1 213 1 1218,	
embargo 1 213 1 1209,	
Sin 1 213 1 1208,	
sido 4 213 4 1277,2463,2505,3174,	
desconocida 1 213 1 1207,	
naturaleza 1 213 1 1206,	
patógenos 1 213 1 1204,	
asépticas 1 213 1 2866,	
refiere 1 213 1 1198,	
Esto 1 213 1 1195,	
infecciosos 2 213 2 1194,1216,	
agentes 2 213 2 1193,1215,	
transmisión 3 213 3 1191,1202,1213,	
debidas 1 213 1 1188,	
enfermedades 1 213 1 1187,	
aparición 1 213 1 1185,	
totalmente 1 213 1 1183,	
excluirse 1 213 1 1182,	
apósito 3 213 3 2748,2796,2843,	
humanos 1 213 1 1179,	
derivados 1 213 1 1173,	
medicamentos 5 213 5 1172,1515,1533,2453,3321,	
disco 3 213 3 2617,2657,2695,	
administran 1 213 1 1171,	
vigentes 1 213 1 1163,	
recomendaciones 1 213 1 1162,	
seguirán 1 213 1 1160,	
shock 1 213 1 1158,	
contactar 2 213 2 1150,1729,	
interrumpir 1 213 1 1144,	
producen 2 213 2 1137,2335,	
conducir 2 213 2 1599,1617,	
anafilaxia 2 213 2 1134,1690,	
hipotensión 2 213 2 1132,1670,	
respirar 1 213 1 1131,	
MINISTERIO 2 213 2 1129,2868,	
dificultad 2 213 2 1128,1679,	
torácica 2 213 2 1127,1676,	
opresión 2 213 2 1126,1675,	
biológica 3 213 3 2218,2272,2286,	
generalizada 2 213 2 1125,1668,	
urticaria 2 213 2 1124,1667,	
llegar 2 213 2 1122,1665,	
mujeres 1 213 1 1560,	
cutáneas 2 213 2 1119,1662,	
erupciones 2 213 2 1118,1661,	
incluyen 1 213 1 1117,	
precoces 1 213 1 1111,	
signos 1 213 1 1110,	
informados 1 213 1 1106,	
Los 3 213 3 1102,1265,1293,	
además 2 213 2 1098,1832,	
humanas 1 213 1 1097,	
generalmente 1 213 1 1380,	
proteínas 2 213 2 1096,2360,	
mano 1 213 1 3065,	
trazas 1 213 1 1093,	
contiene 7 213 7 1092,2528,2905,2916,2944,2969,3069,	
alérgico 1 213 1 1089,	
tipo 2 213 2 1088,1141,	
reacciones 5 213 5 1084,1113,1138,1639,1686,	
produzcan 1 213 1 1083,	
posible 5 213 5 1080,1201,1459,1488,2543,	
proteico 1 213 1 1075,	
igual 1 213 1 1070,	
Al 1 213 1 1069,	
Advertencias 1 213 1 1063,	
componentes 1 213 1 1058,	
conocida 2 213 2 1055,1368,	
alergia 1 213 1 1054,	
precaución 1 213 1 1050,	
extremar 1 213 1 1048,	
material 1 213 1 1255,	
Contraindicaciones 1 213 1 1045,	
llena 1 213 1 1042,	
jeringa 13 213 13 1041,2732,2779,2826,2861,3100,3114,3137,3149,3159,3178,3185,3203,	
sangre 2 213 2 1038,1176,	
asegurándose 1 213 1 1033,	
idóneo 1 213 1 1030,	
producto 12 213 12 1026,1074,1091,2097,2991,3017,3026,3046,3071,3108,3118,3129,	
adjunta 1 213 1 1023,	
convierte 1 213 1 1919,	
daños 1 213 1 1854,	
venopunción 4 213 4 1020,2743,2790,2837,	
equipo 5 213 5 1018,1029,2741,2788,2835,	
utilizando 3 213 3 1016,1279,1403,	
ml/min) 1 213 1 1015,	
(máximo 2 213 2 1013,2516,	
lenta 3 213 3 1012,2185,3211,	
intravenosa 3 213 3 1011,1078,3210,	
inmediatamente 4 213 4 1006,1151,2538,3207,	
Administrar 1 213 1 1005,	
punto 2 213 2 1002,2521,	
describe 1 213 1 999,	
preparado 3 213 3 995,1060,1148,	
Reconstituir 1 213 1 993,	
Forma 1 213 1 990,	
Ver 2 213 2 986,1471,	
experiencia 3 213 3 979,1564,2393,	
médico 3 213 3 977,1154,1228,	
supervisión 1 213 1 974,	
deberán 2 213 2 970,2458,	
terapias 1 213 1 969,	
Dichas 1 213 1 968,	
terapéuticas 1 213 1 967,	
opciones 1 213 1 966,	
considerarse 1 213 1 964,	
hematíes 1 213 1 1354,	
deban 1 213 1 963,	
efectiva 1 213 1 961,	
sea 2 213 2 960,1487,	
inhibidor 1 213 1 950,	
elevados 1 213 1 947,	
determinar 1 213 1 936,	
ensayos 1 213 1 934,	
realizarse 4 213 4 933,971,2339,2863,	
controla 1 213 1 927,	
esperados 1 213 1 920,	
habitual 1 213 1 2266,	
Si 2 213 2 908,1135,	
inhibidores 6 213 6 904,940,1378,1412,1436,1462,	
desarrollo 2 213 2 902,1460,	
elevadas 2 213 2 894,2334,	
necesario 2 213 2 884,2415,	
jóvenes 1 213 1 881,	
especialmente 2 213 2 878,2419,	
casos 4 213 4 877,1684,1726,2282,	
intervalos 2 213 2 869,887,	
VIII/kg 1 213 1 864,	
administrarse 1 213 1 855,	
deben 4 213 4 854,932,1104,2862,	
grave 3 213 3 853,1336,1691,	
A 8 213 8 852,1317,1376,1558,1705,1933,2230,3318,	
cápsula 3 213 3 2621,2661,2699,	
hemofilia 8 213 8 851,985,1375,1557,1704,1735,1932,2229,	
hemorragias 3 213 3 847,1958,2009,	
impedir 1 213 1 846,	
plazo 1 213 1 844,	
profilaxis 1 213 1 841,	
semivida 6 213 6 838,2170,2196,2217,2271,2285,	
vivo 1 213 1 835,	
in 1 213 1 834,	
recuperación 2 213 2 833,2220,	
diferentes 3 213 3 830,1826,2064,	
alcanzándose 1 213 1 829,	
plaquetaria 1 213 1 1861,	
variar 2 213 2 828,2288,	
pacientes 19 213 19 820,849,880,897,945,1052,1103,1322,1373,1446,1481,1626,1702,2020,2030,2034,2062,2226,2269,	
Manteniendo 3 213 3 2987,3104,3144,	
- 3 213 3 1220,1251,1264,	
individual 1 213 1 817,	
respuesta 2 213 2 816,1719,	
VIII) 2 213 2 814,2194,	
hipersensibilidad 3 213 3 1086,1115,1643,	
(actividad 1 213 1 810,	
medio 3 213 3 804,2206,2251,	
precisa 1 213 1 797,	
monitorización 1 213 1 796,	
manteniendo 1 213 1 3186,	
deficiencia 1 213 1 1999,	
imprescindible 1 213 1 794,	
mayor 1 213 1 792,	
Particularmente 1 213 1 786,	
perfusiones 1 213 1 783,	
calcular 1 213 1 775,	
plasmáticos 1 213 1 764,	
niveles 4 213 4 763,831,913,948,	
adecuada 2 213 2 760,931,	
determinación 1 213 1 759,	
recomienda 6 213 6 757,1047,1143,1312,1483,1728,	
Se 3 213 3 756,1046,1311,	
Mayor 1 213 1 755,	
dentales 1 213 1 754,	
extracciones 1 213 1 753,	
incluyendo 1 213 1 752,	
Menor 1 213 1 751,	
Cirugía 1 213 1 750,	
24 1 213 1 744,	
vida 3 213 3 743,2046,2058,	
8- 1 213 1 742,	
reposición 1 213 1 1984,	
60-100% 1 213 1 737,	
LA 4 213 4 3248,3253,3293,3310,	
peligro 1 213 1 734,	
Hemorragias 1 213 1 732,	
3-4 1 213 1 731,	
12-24 1 213 1 728,	
moderado 1 213 1 727,	
acortar 1 213 1 885,	
hematoma 1 213 1 726,	
perfusión 5 213 5 722,740,1010,1658,2489,	
Repetir 2 213 2 720,738,	
30-60% 1 213 1 719,	
menores 1 213 1 715,	
oral 1 213 1 714,	
u 2 213 2 713,1964,	
muscular 2 213 2 712,724,	
Hemartrosis 2 213 2 709,716,	
Hemorragia 1 213 1 708,	
Duración 1 213 1 705,	
(horas)/ 1 213 1 704,	
exposición 3 213 3 1417,1432,1443,	
(infección 1 213 1 1341,	
requerido 1 213 1 700,	
Frecuencia 1 213 1 696,	
hemorragia/Tipo 1 213 1 690,	
Grado 1 213 1 687,	
cirugía 3 213 3 686,699,791,	
dosificación 2 213 2 681,698,	
original 1 213 1 2576,	
guía 1 213 1 679,	
tabla 1 213 1 677,	
Puede 1 213 1 673,	
correspondiente 1 213 1 672,	
período 1 213 1 671,	
durante 4 213 4 730,768,1577,2090,	
UI/dL) 1 213 1 668,	
% 1 213 1 663,	
establecido 1 213 1 661,	
plasmático 2 213 2 658,1988,	
inferior 3 213 3 655,2566,3192,	
continuación 2 213 2 646,3198,	
detallados 1 213 1 644,	
C 3 213 3 1792,1954,2569,	
hemorrágicos 2 213 2 641,684,	
episodios 2 213 2 640,683,	
observada 1 213 1 632,	
clínica 4 213 4 631,1465,1720,2394,	
despistaje 1 213 1 1231,	
eficacia 1 213 1 630,	
establecerán 1 213 1 624,	
frecuencia 2 213 2 619,780,	
0 1 213 1 613,	
(UI/dL) 2 213 2 611,703,	
(%) 2 213 2 610,701,	
FVIII 2 213 2 609,2224,	
deseado 1 213 1 607,	
nivel 4 213 4 657,1950,1987,2114,	
(kg) 1 213 1 604,	
= 1 213 1 601,	
necesarias 1 213 1 600,	
Dosis 1 213 1 597,	
siguiente 2 213 2 596,676,	
fórmula 1 213 1 595,	
Incompatibilidades 1 213 1 2444,	
2% 1 213 1 587,	
eleva 1 213 1 572,	
empírica 1 213 1 559,	
Nivel 1 213 1 692,	
observación 2 213 2 558,1464,	
(fluidos 1 213 1 2166,	
reconocimiento 1 213 1 1227,	
basa 1 213 1 555,	
necesaria 2 213 2 550,590,	
cálculo 1 213 1 546,	
contenido 2 213 2 537,2581,	
equivalente 1 213 1 530,	
unidad 1 213 1 524,	
plasma) 1 213 1 519,	
permanecen 1 213 1 2098,	
internacional 2 213 2 514,525,	
( 1 213 1 508,	
normal) 1 213 1 503,	
plasma 12 213 12 501,542,665,1178,1250,1263,1402,2087,2123,2174,2311,2410,	
interés 1 213 1 2322,	
han 5 213 5 1276,1541,1637,1687,2364,	
(en 2 213 2 497,662,	
envase 7 213 7 2583,2903,2914,2941,2967,2978,3232,	
porcentaje 1 213 1 496,	
plasmática 6 213 6 488,575,811,916,2135,2142,	
concentrados 2 213 2 482,1325,	
vigente 1 213 1 480,	
emplearse 1 213 1 674,	
(OMS) 1 213 1 479,	
Salud 1 213 1 478,	
Mundial 1 213 1 475,	
Organización 1 213 1 474,	
estándar 2 213 2 471,513,	
relación 4 213 4 468,498,510,2262,	
Internacionales 2 213 2 465,507,	
Unidades 4 213 4 464,506,599,1396,	
desarrollar 2 213 2 1411,1707,	
expresa 2 213 2 462,493,	
administradas 1 213 1 460,	
""Reacciones 1 213 1 1475,	
unidades 1 213 1 456,	
número 2 213 2 454,1505,	
El 12 213 12 453,545,1090,1252,1408,1805,1827,1884,1905,2113,2295,3018,	
paciente 4 213 4 452,1867,1883,2089,	
localización 1 213 1 441,	
hemostática 1 213 1 438,	
función 3 213 3 437,627,1835,	
presencia 1 213 1 938,	
alteración 1 213 1 434,	
gravedad 2 213 2 431,443,	
dependen 1 213 1 428,	
tratamiento 7 213 7 427,771,982,1166,1371,1723,2473,	
duración 1 213 1 425,	
Deficiencia 1 213 1 418,	
pruebas 4 213 4 415,1467,2324,2342,	
mediante 5 213 5 414,593,1225,1463,3039,	
Por 1 213 1 1575,	
sustitución 3 213 3 413,802,2074,	
terapia 5 213 5 411,800,823,955,1982,	
esencial 1 213 1 408,	
mayores 1 213 1 406,	
quirúrgicas 1 213 1 405,	
intervenciones 2 213 2 404,789,	
Especialmente 1 213 1 402,	
inicial 3 213 3 401,598,2155,	
caso 4 213 4 397,635,638,1156,	
ejemplo 1 213 1 394,	
calculadas 1 213 1 392,	
superiores 1 213 1 389,	
necesitarse 1 213 1 387,	
herméticamente 3 213 3 2712,2759,2807,	
circunstancias 1 213 1 385,	
En 18 213 18 383,636,839,875,895,944,1155,1444,1477,1625,1682,1694,1724,1786,2014,2152,2180,2281,	
obtenido 1 213 1 382,	
individualmente 1 213 1 377,	
administrar 2 213 2 374,785,	
cantidad 1 213 1 372,	
normal 5 213 5 370,544,666,2084,2309,	
5% 3 213 3 367,584,2238,	
aumento 2 213 2 356,606,	
produzca 1 213 1 354,	
esperar 1 213 1 340,	
transparente 1 213 1 3010,	
Cabe 1 213 1 339,	
parto 1 213 1 338,	
o 18 213 18 336,504,667,702,725,890,921,1009,1027,1177,1348,1618,1641,1971,1977,2402,3205,3212,	
intervención 1 213 1 335,	
después 2 213 2 332,3223,	
días 4 213 4 331,874,1430,1441,	
prolongarse 1 213 1 326,	
puerperal 1 213 1 324,	
C) 1 213 1 2518,	
y/o 1 213 1 323,	
postoperatorio 1 213 1 322,	
sangrado 3 213 3 321,711,924,	
riesgo 5 213 5 319,749,1211,1409,1424,	
picor 1 213 1 1652,	
cuenta 1 213 1 316,	
tenerse 1 213 1 314,	
Debe 1 213 1 313,	
horas 11 213 11 312,729,745,2051,2092,2179,2202,2209,2280,2512,2549,	
12 3 213 3 311,330,2208,	
8 9 213 9 309,1474,1622,2049,2199,2548,3165,3167,3250,	
da 1 213 1 308,	
ca 1 213 1 307,	
corporal) 1 213 1 306,	
separa 1 213 1 2976,	
RCo 3 213 3 301,348,362,	
FVW 3 213 3 300,347,361,	
96 1 213 1 297,	
48- 1 213 1 296,	
corresponde 2 213 2 294,2189,	
análisis 2 213 2 806,1253,	
(que 2 213 2 293,1644,	
Fecha 2 213 2 3295,3300,	
corporal 7 213 7 292,353,571,603,867,2247,2389,	
peso 8 213 8 291,305,352,570,602,866,2246,2388,	
kg 4 213 4 289,303,350,568,	
40 2 213 2 283,860,	
20 5 213 5 281,858,1429,2201,2828,	
administrarán 1 213 1 279,	
norma 1 213 1 277,	
Como 1 213 1 276,	
hemorragia 3 213 3 275,446,718,	
origen 1 213 1 272,	
extensión 1 213 1 270,	
según 6 213 6 268,378,2147,2603,2643,2677,	
ajustarse 2 213 2 267,376,	
debe 9 213 9 266,375,653,899,1456,2124,2448,2536,3237,	
afectos 1 213 1 2227,	
dosis 15 213 15 265,400,423,549,589,616,777,856,892,930,2328,2333,2346,2376,2382,	
Enfermedad 1 213 1 260,	
x 2 213 2 605,612,	
efecto 1 213 1 380,	
administración 9 213 9 258,343,622,889,992,1077,1146,2240,3139,	
forma 3 213 3 256,1796,1969,	
Posología 2 213 2 254,259,	
	" 1 213 1 251,	
CLÍNICOS 1 213 1 250,	
DATOS 2 213 2 249,2425,	
4 20 213 20 248,252,988,989,1014,1043,1061,1062,1473,1509,1534,1592,1621,1743,1744,1745,2554,2984,2986,3216,	
FARMACÉUTICA 1 213 1 240,	
FORMA 1 213 1 239,	
3 10 213 10 238,873,1044,2176,2276,2290,2491,2495,2961,2963,	
Apartado 2 213 2 235,3215,	
véase 1 213 1 234,	
excipientes 2 213 2 233,2431,	
Para 3 213 3 230,1736,2454,	
proteína 2 213 2 229,1837,	
VIII/mg 1 213 1 227,	
2-6 1 213 1 224,	
específica 1 213 1 217,	
ahora 2 213 2 1522,1749,	
actividad 15 213 15 216,359,487,521,533,574,648,660,915,1386,1392,2116,2134,2141,2254,	
Europea 4 213 4 214,2605,2645,2679,	
cantidades 1 213 1 388,	
Farmacopea 4 213 4 213,2604,2644,2678,	
cromogénico 1 213 1 210,	
método 2 213 2 209,1405,	
accidente 1 213 1 1976,	
determina 2 213 2 206,592,	
(UI) 2 213 2 204,466,	
potencia 1 213 1 203,	
náuseas 1 213 1 1672,	
La 19 213 19 202,215,264,371,422,486,520,588,615,815,1221,1329,1360,1931,2140,2219,2239,2270,2850,	
6 15 213 15 194,236,1003,1004,1535,2178,2424,2442,2490,2553,2577,2845,2846,3059,3061,	
66 1 213 1 193,	
160 1 213 1 185,	
humano/mL 3 213 3 158,179,201,	
50 2 213 2 151,172,	
acerca 2 213 2 1107,1565,	
120 2 213 2 143,164,	
aproximadamente 5 213 5 137,223,364,580,2108,	
contienen 2 213 2 136,1631,	
inyección 8 213 8 135,1008,1032,2095,2596,2636,2670,3213,	
Agua 5 213 5 133,2438,2722,2769,2817,	
mL 8 213 8 131,1400,2720,2735,2767,2782,2815,2829,	
15 3 213 3 130,2275,2814,	
5 13 213 13 127,614,1510,1760,2010,2278,2279,2289,2578,2719,2734,3028,3030,	
disolventes 1 213 1 126,	
respectivos 1 213 1 125,	
reconstituyen 1 213 1 110,	
Cuando 3 213 3 108,1169,1862,	
humano 6 213 6 105,502,543,1452,2312,2411,	
coagulación 11 213 11 104,157,178,200,417,809,1454,1776,1940,2300,2408,	
VIII 50 213 50 101,155,176,198,287,421,459,485,491,517,528,536,553,566,578,651,695,767,826,907,919,943,958,1101,1328,1390,1420,1451,1550,1570,1586,1633,1713,1773,1791,1817,1841,1871,1886,1953,1991,2111,2119,2139,2145,2257,2297,2318,2406,2480,	
1000 1 213 1 97,	
ó 2 213 2 96,329,	
VHA 1 213 1 1290,	
250 1 213 1 94,	
Willebrand 12 213 12 92,149,170,191,263,1782,1804,1810,1831,1878,2026,2070,	
controlar 3 213 3 409,900,1457,	
von 13 213 13 91,148,169,190,262,1781,1803,1809,1821,1830,1877,2025,2069,	
factor 68 213 68 89,100,146,154,167,175,188,197,226,286,420,458,484,490,516,527,535,552,565,577,650,694,766,813,825,863,906,918,942,957,1100,1327,1389,1419,1450,1549,1569,1585,1632,1712,1772,1779,1790,1801,1807,1819,1828,1840,1870,1875,1885,1892,1899,1902,1906,1952,1990,2002,2110,2118,2138,2144,2193,2256,2296,2317,2405,2479,	
nominalmente 1 213 1 82,	
especiales 2 213 2 1066,2556,	
conteniendo 1 213 1 81,	
liofilizado 2 213 2 77,3053,	
polvo 5 213 5 76,2589,2711,2758,2806,	
presenta 2 213 2 74,1794,	
CUANTITATIVA 1 213 1 69,	
obtienen 1 213 1 911,	
Y 2 213 2 68,3242,	
CUALITATIVA 1 213 1 67,	
COMPOSICIÓN 1 213 1 66,	
2 15 213 15 65,253,871,2011,2038,2259,2443,2744,2791,2838,2923,2925,3033,3090,3217,	
UI/1000 5 213 5 56,121,183,2801,3281,	
2400 7 213 7 55,86,120,182,2630,2800,3280,	
UI/500 6 213 6 44,117,162,2627,2753,3271,	
1200 7 213 7 43,84,116,161,2626,2752,3270,	
precauciones 1 213 1 1065,	
inyectable 5 213 5 40,52,64,80,247,	
solución 10 213 10 38,50,62,79,246,2534,2857,2891,3133,3234,	
disolvente 11 213 11 36,48,60,244,2667,2871,2930,2959,3001,3019,3087,	
Polvo 4 213 4 34,46,58,242,	
UI/250 5 213 5 32,114,141,2706,3261,	
600 6 213 6 31,83,113,140,2705,3260,	
HAEMATE® 7 213 7 29,41,53,2559,3258,3268,3278,	
	 5 213 5 28,70,241,3249,3257,	
MEDICAMENTO 2 213 2 27,1765,	
DEL 2 213 2 26,3245,	
NOMBRE 2 213 2 25,3241,	
TÉCNICA 2 213 2 23,3312,	
FICHA 2 213 2 22,3311,	
Behring 2 213 2 21,3316,	
X 3 213 3 1900,1903,1907,	
CSL 2 213 2 20,3315,	
ocasiones 1 213 1 1696,	
información 3 213 3 17,231,1737,	
Toda 1 213 1 15,	
medicamento 3 213 3 14,19,1503,	
Basica 1 213 1 12,	
	Información 1 213 1 11,	
ml 2 213 2 10,540,	
10 6 213 6 9,128,328,2766,2781,3305,	
ampolla 1 213 1 8,	
+ 1 213 1 6,	
clínico 4 213 4 381,450,2017,2235,	
vial 21 213 21 5,107,2709,2717,2756,2764,2804,2812,2928,2956,2989,2999,3015,3024,3044,3057,3067,3085,3106,3116,3127,	
1 32 213 32 4,7,24,237,345,366,539,562,583,2050,2242,2428,2708,2716,2726,2731,2740,2747,2755,2763,2773,2778,2787,2795,2803,2811,2820,2825,2834,2842,2909,2911,	
UI 34 213 34 3,33,45,57,87,98,115,118,122,142,144,152,163,165,173,184,186,195,225,284,298,346,563,861,2243,2593,2628,2633,2707,2754,2802,3262,3272,3282,	
500 2 213 2 2,95,	
P 22 213 22 1,30,42,54,72,112,139,160,181,220,1496,1529,1611,1758,1788,2077,2446,2526,2560,3259,3269,3279,	
HAEMATE 15 213 15 0,71,111,138,159,180,219,1495,1528,1610,1757,1787,2076,2445,2525,	
