	Prospectos 1 665 1 5951,	
aprobado 1 665 1 5948,	
2546799 1 665 1 5943,	
+370 1 665 1 5941,	
Lietuva"" 1 665 1 5939,	
UAB 1 665 1 5937,	
Lietuva 1 665 1 5936,	
366000 1 665 1 5935,	
+44 1 665 1 5932,	
SIA 1 665 1 5922,	
Kingdom 1 665 1 5919,	
Latvija 2 665 2 5917,5921,	
726 1 665 1 5915,	
+46 1 665 1 5912,	
76 2 665 2 5908,5910,	
+357 1 665 1 5905,	
AB 1 665 1 5904,	
& 1 665 1 5902,	
554 1 665 1 5898,	
+358 1 665 1 5895,	
Puh/Tel 1 665 1 5894,	
2471 1 665 1 5893,	
+39 1 665 1 5890,	
Oy 1 665 1 5888,	
Suomi/Finland 1 665 1 5882,	
8000 1 665 1 5880,	
540 1 665 1 5879,	
+354 1 665 1 5878,	
52638201 1 665 1 5876,	
+421 1 665 1 5873,	
hf 1 665 1 5871,	
Icepharma 1 665 1 5870,	
c/o 1 665 1 5869,	
Slovensko 1 665 1 5865,	
Slovenská 1 665 1 5860,	
360 1 665 1 5856,	
0700 1 665 1 5851,	
469 1 665 1 5850,	
(Ireland) 1 665 1 5838,	
01 1 665 1 5833,	
47 1 665 1 5832,	
206 1 665 1 5831,	
+40 1 665 1 5829,	
50 1 665 1 5826,	
40 1 665 1 5825,	
46 1 665 1 5824,	
+33 1 665 1 5821,	
L 1 665 1 5819,	
R 1 665 1 5818,	
România 2 665 2 5813,5816,	
France 1 665 1 5812,	
70 1 665 1 5810,	
+351 1 665 1 5806,	
324 1 665 1 5802,	
Lda 1 665 1 5797,	
Química 1 665 1 5796,	
Farmacêutica 1 665 1 5795,	
Farma 1 665 1 5791,	
España 1 665 1 5788,	
88 1 665 1 5787,	
345 1 665 1 5785,	
+48 1 665 1 5782,	
61 1 665 1 5778,	
+30 1 665 1 5776,	
z 1 665 1 5773,	
Sp 1 665 1 5772,	
(Hellas) 1 665 1 5767,	
Polska 2 665 2 5765,5771,	
+43 1 665 1 5761,	
372 1 665 1 5755,	
+ 1 665 1 5754,	
GmbH 1 665 1 5752,	
Austria 1 665 1 5751,	
OÜ 1 665 1 5749,	
Österreich 1 665 1 5746,	
00 5 665 5 5744,5804,5811,5827,5858,	
90 1 665 1 5743,	
78 1 665 1 5742,	
+47 1 665 1 5739,	
140 1 665 1 5737,	
7624 1 665 1 5736,	
+49 1 665 1 5734,	
AS 1 665 1 5732,	
Norge 2 665 2 5726,5731,	
Deutschland 1 665 1 5725,	
348 1 665 1 5723,	
+31 1 665 1 5721,	
39 1 665 1 5717,	
36 1 665 1 5716,	
Tlf 2 665 2 5713,5738,	
a/s 2 665 2 5708,5863,	
Nederland 2 665 2 5706,5710,	
Danmark 1 665 1 5705,	
Kingdom) 1 665 1 5699,	
United 2 665 2 5698,5918,	
s 2 665 2 5694,5866,	
Malta 1 665 1 5692,	
republika 2 665 2 5691,5861,	
Ceská 1 665 1 5690,	
23 1 665 1 5687,	
+36 1 665 1 5685,	
+386 1 665 1 5853,	
Tel 18 665 18 5684,5700,5720,5733,5753,5760,5781,5798,5805,5828,5846,5852,5872,5889,5911,5926,5931,5940,	
44 2 665 2 5682,5683,	
+359 1 665 1 5679,	
Magyarország 1 665 1 5678,	
82 1 665 1 5676,	
(0) 9 665 9 5673,5722,5735,5762,5822,5848,5896,5913,5933,	
+32 1 665 1 5672,	
Tél/Tel 1 665 1 5671,	
Belgique/Belgien) 1 665 1 5670,	
(Voir/siehe 1 665 1 5669,	
S 4 665 4 5667,5792,5817,5884,	
V 2 665 2 5665,5712,	
N 1 665 1 5664,	
Luxembourg/Luxemburg 1 665 1 5663,	
België/Belgique/Belgien 1 665 1 5662,	
titular 1 665 1 5656,	
dirigiéndose 1 665 1 5651,	
Ísland 1 665 1 5859,	
respecto 1 665 1 5647,	
solicitar 1 665 1 5644,	
Hertfordshire 1 665 1 5627,	
fabricación 2 665 2 5615,5635,	
Titular 1 665 1 5605,	
frascos 1 665 1 5587,	
blister 1 665 1 5585,	
suministran 1 665 1 5582,	
Aspecto 1 665 1 5561,	
dióxido 1 665 1 5554,	
índigo 1 665 1 5551,	
gelatina 1 665 1 5550,	
compuesta 1 665 1 5548,	
talco 1 665 1 5541,	
lauril 1 665 1 5537,	
povidona 1 665 1 5535,	
celulosa 1 665 1 5528,	
	"Composición 1 665 1 5507,	
ADICIONAL 1 665 1 5506,	
ambiente 1 665 1 5503,	
medio 1 665 1 5502,	
proteger 1 665 1 5500,	
deshacerse 1 665 1 5484,	
Pregunte 1 665 1 5479,	
desagües 1 665 1 5474,	
tirar 1 665 1 5471,	
cristal 1 665 1 5433,	
r 2 665 2 5695,5867,	
use 2 665 2 5400,5435,	
(ampollas) 1 665 1 5350,	
bullosa 1 665 1 5349,	
páncreas) 1 665 1 5347,	
pancreatitis 1 665 1 5344,	
(inflamación 2 665 2 5341,5345,	
hepatitis 1 665 1 5340,	
biliares 1 665 1 5339,	
cálculos 1 665 1 5338,	
hígado 1 665 1 5331,	
basura 1 665 1 5478,	
22 4 665 4 5324,5741,5784,5907,	
detectarse 1 665 1 5322,	
Pueden 2 665 2 5321,5643,	
Sangrado 1 665 1 5319,	
malestar 1 665 1 5318,	
vómitos 1 665 1 5316,	
respirar 1 665 1 5314,	
dificultad 1 665 1 5312,	
gran 1 665 1 5311,	
alrededor) 1 665 1 5310,	
enrojecidas 1 665 1 5305,	
están 1 665 1 5301,	
pican 1 665 1 5298,	
elevadas 1 665 1 5296,	
ligeramente 1 665 1 5295,	
zonas 1 665 1 5292,	
ronchas 1 665 1 5290,	
cutánea 1 665 1 5289,	
picor 1 665 1 5287,	
alérgicas 1 665 1 5282,	
partir 1 665 1 5276,	
estimar 1 665 1 5272,	
comunicado 1 665 1 5263,	
También 1 665 1 5260,	
fatiga 1 665 1 5259,	
menstrual 1 665 1 5258,	
ciclo 1 665 1 5257,	
irregularidad 1 665 1 5255,	
dientes 1 665 1 5251,	
(fecal) 1 665 1 5238,	
blandas 1 665 1 5236,	
100 2 665 2 5229,5780,	
(experimentado 2 665 2 5210,5240,	
sangre 2 665 2 5209,5336,	
azúcar 1 665 1 5207,	
líquidas 1 665 1 5203,	
aceitosa 1 665 1 5197,	
incontinencia 3 665 3 5193,5195,5237,	
(gases) 1 665 1 5191,	
flatulencia 1 665 1 5190,	
defecar 1 665 1 5189,	
urgencia 1 665 1 5182,	
abdominales 1 665 1 5181,	
dolor 1 665 1 5178,	
Cefalea 1 665 1 5177,	
pacientes) 2 665 2 5176,5230,	
desaparecen 1 665 1 5153,	
altos 1 665 1 5146,	
presentan 1 665 1 5138,	
comienzo 1 665 1 5133,	
moderados 1 665 1 5130,	
erupción 2 665 2 5288,5348,	
local 2 665 2 5121,5654,	
posible 1 665 1 5102,	
+34 1 665 1 5799,	
coménteselo 1 665 1 5094,	
encuentra 1 665 1 5088,	
producir 1 665 1 5075,	
ADVERSOS 1 665 1 5066,	
POSIBLES 1 665 1 5064,	
pregunte 1 665 1 5057,	
prescrita 1 665 1 5038,	
siga 1 665 1 5024,	
doble 1 665 1 5009,	
habituales 1 665 1 5004,	
intervalos 1 665 1 5003,	
tomándolo 1 665 1 5000,	
continúe 1 665 1 4999,	
continuación 1 665 1 4998,	
ingerir 1 665 1 4993,	
acuerde 1 665 1 4982,	
tómelo 1 665 1 4977,	
momento 1 665 1 4976,	
olvida 1 665 1 4970,	
precisar 1 665 1 4962,	
contacte 1 665 1 4952,	
accidentalmente 1 665 1 4951,	
persona 1 665 1 4947,	
interrumpirá 1 665 1 4886,	
necesidad 2 665 2 4881,5187,	
cambiar 1 665 1 4877,	
eficaz 1 665 1 4871,	
éste 2 665 2 4867,5028,	
pensar 1 665 1 4865,	
dígaselo 1 665 1 4855,	
medicina 1 665 1 4848,	
necesita 2 665 2 4822,5494,	
actúa 1 665 1 4808,	
salados 1 665 1 4806,	
chocolate 1 665 1 4803,	
galletas 1 665 1 4802,	
contengan 1 665 1 4795,	
alimentos 1 665 1 4793,	
evite 1 665 1 4789,	
lograr 1 665 1 4786,	
cena 1 665 1 4784,	
desayuno 1 665 1 4775,	
tomará 1 665 1 4770,	
habitualmente 1 665 1 4769,	
decir 1 665 1 4767,	
quiere 1 665 1 4766,	
hidratos 1 665 1 4754,	
ingerida 1 665 1 4713,	
tomada 1 665 1 4684,	
dudas 1 665 1 4671,	
indicadas 1 665 1 4659,	
instrucciones 1 665 1 4654,	
exactamente 2 665 2 4652,4849,	
	Siga 1 665 1 4651,	
CÓMO 1 665 1 4648,	
conocido 1 665 1 4638,	
ningún 1 665 1 4636,	
Conducción 1 665 1 4628,	
cambie 1 665 1 5032,	
hijo 1 665 1 4611,	
amamantar 1 665 1 4608,	
recomiende 1 665 1 4591,	
fruta 1 665 1 4583,	
consejo 2 665 2 4572,5026,	
vitamina 1 665 1 4564,	
especialmente 1 665 1 4560,	
solubles 1 665 1 4557,	
reduce 1 665 1 4549,	
Consulte 2 665 2 4544,4663,	
Su 3 665 3 4526,4749,4884,	
Ciclosporina 1 665 1 4517,	
sanguínea 1 665 1 4515,	
warfarina) 1 665 1 4505,	
modificar 1 665 1 4497,	
Portugal 1 665 1 5789,	
disminuir 1 665 1 4492,	
Esto 2 665 2 4475,4765,	
receta 1 665 1 4474,	
recientemente 1 665 1 4466,	
tomado 3 665 3 4465,4719,4846,	
pronto 1 665 1 4979,	
Informe 1 665 1 4454,	
Niños 1 665 1 4439,	
Uso 2 665 2 4437,4449,	
haber 1 665 1 4418,	
den 1 665 1 4409,	
incrementar 1 665 1 4403,	
continúa 1 665 1 5155,	
alta 1 665 1 4398,	
equitativamente 1 665 1 4382,	
distribuida 2 665 2 4381,4761,	
ocurra 1 665 1 4360,	
digerir 1 665 1 4354,	
debido 1 665 1 4343,	
aceitosas 2 665 2 4342,5199,	
presencia 2 665 2 4337,4811,	
intestinal 1 665 1 4331,	
evacuación 1 665 1 4330,	
hábitos 1 665 1 4328,	
perjudicial 1 665 1 4325,	
causar 1 665 1 4321,	
excesivo 1 665 1 4304,	
consumo 1 665 1 4303,	
ocurre 1 665 1 4293,	
Como 1 665 1 4292,	
recomendado 1 665 1 4288,	
programa 2 665 2 4285,4297,	
máximo 1 665 1 4278,	
necesite 1 665 1 4266,	
significar 1 665 1 4263,	
Asegúrese 1 665 1 4244,	
diabetes) 1 665 1 4243,	
alto 1 665 1 4241,	
colesterol 1 665 1 4240,	
situaciones 1 665 1 4237,	
afectar 1 665 1 4226,	
hígado) 2 665 2 4207,5343,	
(trastorno 1 665 1 4205,	
colestasis 1 665 1 4204,	
digestivo) 1 665 1 4200,	
tracto 1 665 1 4199,	
través 1 665 1 4197,	
nutrientes 2 665 2 4195,4556,	
insuficiente 1 665 1 4193,	
(absorción 1 665 1 4192,	
crónica 1 665 1 4191,	
síndrome 1 665 1 4188,	
componentes 2 665 2 4182,5526,	
(hipersensible) 1 665 1 4173,	
alérgico 1 665 1 4172,	
tome 3 665 3 4167,4234,5006,	
ANTES 1 665 1 4162,	
dietacon 1 665 1 4156,	
elimina 1 665 1 4143,	
absorberse 1 665 1 4138,	
ingerido 1 665 1 4128,	
hidrolicen 1 665 1 4121,	
(lipasas) 1 665 1 4118,	
enzimas 2 665 2 4113,5329,	
ingiere 2 665 2 4108,4948,	
contenida 1 665 1 4103,	
tercio 1 665 1 4099,	
alrededor 1 665 1 4096,	
digiera 1 665 1 4095,	
evitando 2 665 2 4092,4119,	
digestivo 3 665 3 4091,4117,5125,	
análisis 1 665 1 5334,	
tratar 1 665 1 4084,	
utilizado 1 665 1 4082,	
SE 1 665 1 4076,	
QUÉ 2 665 2 4070,4075,	
Conservación 1 665 1 4063,	
Posibles 1 665 1 4059,	
Cómo 1 665 1 4055,	
Antes 1 665 1 4050,	
utiliza 1 665 1 4048,	
Estos 1 665 1 5126,	
Qué 1 665 1 4041,	
p 1 665 1 5885,	
Contenido 1 665 1 4037,	
informe 3 665 3 4031,5019,5377,	
adverso 2 665 2 4025,5371,	
sufre 2 665 2 4017,5363,	
tengan 1 665 1 3999,	
personas 2 665 2 3997,5082,	
dárselo 1 665 1 3994,	
le 4 665 4 3986,4590,4938,5029,	
farmacéutico 9 665 9 3981,4036,4459,4668,4956,5062,5099,5382,5482,	
425 1 665 1 5809,	
consulte 1 665 1 3976,	
duda 2 665 2 3975,5050,	
leerlo 1 665 1 3970,	
volver 1 665 1 3968,	
empezar 1 665 1 3954,	
representante 1 665 1 5653,	
detenidamente 1 665 1 3951,	
Lea 1 665 1 3947,	
EU/1/98/071/005 1 665 1 3909,	
EU/1/98/071/004 1 665 1 3906,	
Administración 1 665 1 3786,	
ACONDICIONAMIENTO 1 665 1 3734,	
	INFORMACIÓN 1 665 1 3723,	
OTROS 1 665 1 3722,	
	Lot 1 665 1 3720,	
FABRICANTE 1 665 1 3719,	
	EXP 1 665 1 3713,	
Ltd 3 665 3 3708,5839,5925,	
LÁMINA 1 665 1 3684,	
TIRAS 1 665 1 3683,	
BLISTERS 1 665 1 3681,	
INCLUIR 1 665 1 3679,	
obtener 1 665 1 4276,	
MÍNIMA 1 665 1 3677,	
xenical 2 665 2 3675,3938,	
BRAILLE 2 665 2 3674,3937,	
16 2 665 2 3671,3934,	
INSTRUCCIONES 2 665 2 3668,3931,	
GENERALES 2 665 2 3659,3922,	
Lote 2 665 2 3656,3919,	
LOTE 3 665 3 3655,3717,3918,	
NÚMERO 3 665 3 3653,3715,3916,	
EU/1/98/071/002 1 665 1 3646,	
CORRESPONDA) 2 665 2 3610,3873,	
1200 1 665 1 5916,	
(CUANDO 2 665 2 3609,3872,	
DIRECTO 2 665 2 3605,3868,	
CONTACTO 2 665 2 3604,3867,	
MATERIALES 2 665 2 3600,3863,	
NO 2 665 2 3595,3858,	
ELIMINACIÓN 2 665 2 3592,3855,	
PRECAUCIONES 2 665 2 3589,3852,	
	No 3 665 3 3570,3833,4166,	
	CAD 2 665 2 3564,3827,	
CADUCIDAD 3 665 3 3563,3712,3826,	
NECESARIO 2 665 2 3559,3822,	
ES 3 665 3 3558,3821,4071,	
SI 2 665 2 3557,3820,	
ESPECIALES 6 665 6 3556,3567,3590,3819,3830,3853,	
alcance 3 665 3 3545,3808,5390,	
fuera 3 665 3 3543,3806,5388,	
MANTENERSE 2 665 2 3541,3804,	
Tenga 1 665 1 4215,	
ESPECIAL 2 665 2 3535,3798,	
prospecto 8 665 8 3527,3790,3950,3962,4030,4039,5376,5945,	
Vía 1 665 1 3523,	
ADMINISTRACIÓN 2 665 2 3522,3785,	
VÍA(S) 2 665 2 3520,3783,	
	21 2 665 2 3508,3771,	
ENVASE 2 665 2 3507,3770,	
	 2 665 2 3500,3763,	
EXCIPIENTES 2 665 2 3499,3762,	
ACTIVO(S) 2 665 2 3488,3751,	
BLISTER 2 665 2 3475,3686,	
PARA 2 665 2 3473,4074,	
CARTONAJE 2 665 2 3472,3736,	
caducidad 2 665 2 5407,5442,	
EXTERIOR 2 665 2 3471,3730,	
EMBALAJE 2 665 2 3470,3729,	
QUE 6 665 6 3465,3537,3601,3724,3800,3864,	
13 3 665 3 3463,3652,3915,	
PROSPECTO 2 665 2 3459,3940,	
EFICAZ 1 665 1 3450,	
UTILIZACIÓN 1 665 1 3447,	
CON 3 665 3 3445,3606,3869,	
pálidas 1 665 1 5303,	
RELACIÓN 1 665 1 3444,	
médica 4 665 4 3438,3666,3929,4964,	
prescripción 3 665 3 3437,3665,3928,	
cubierta 1 665 1 5543,	
sujeto 3 665 3 3435,3663,3926,	
debiera 1 665 1 4930,	
Medicamento 3 665 3 3434,3662,3925,	
AL 1 665 1 3427,	
IMPUESTAS 1 665 1 3426,	
USO 3 665 3 3425,3670,3933,	
DISPENSACIÓN 3 665 3 3423,3661,3924,	
RESTRICCIONES 2 665 2 3421,3442,	
O 5 665 5 3420,3441,3597,3682,3860,	
Germany 2 665 2 3410,5642,	
AG 3 665 3 3406,5638,5729,	
Pharma 3 665 3 3405,5637,5728,	
Roche 28 665 28 3404,3622,3885,5616,5636,5666,5693,5707,5709,5727,5730,5747,5750,5766,5770,5790,5794,5814,5815,5836,5840,5862,5864,5883,5887,5903,5920,5923,	
lotes 1 665 1 3403,	
Tél 1 665 1 5820,	
responsable 2 665 2 3397,5612,	
fabricante 1 665 1 3396,	
dirección 1 665 1 3394,	
Nombre 1 665 1 3392,	
CONDICIONES 8 665 8 3372,3412,3419,3440,3566,3658,3829,3921,	
B 4 665 4 3371,3411,3939,5711,	
LOTES 2 665 2 3370,3391,	
LOS 5 665 5 3369,3390,3474,3599,3862,	
LIBERACIÓN 2 665 2 3367,3388,	
TEXTO 1 665 1 3355,	
revalidación 1 665 1 3348,	
tinta 1 665 1 5559,	
última 1 665 1 3347,	
29 1 665 1 3339,	
autorización 3 665 3 3338,5608,5659,	
AUTORIZACIÓN/RENOVACIÓN 1 665 1 3330,	
PRIMERA 1 665 1 3329,	
EU/1/98/071/001-006 1 665 1 3324,	
NÚMERO(S) 3 665 3 3319,3638,3901,	
1TW 4 665 4 3315,3634,3897,5629,	
AL7 4 665 4 3314,3633,3896,5628,	
City 4 665 4 3313,3632,3895,5626,	
Welwyn 4 665 4 3311,3630,3893,5624,	
Park 4 665 4 3310,3629,3892,5623,	
Shire 4 665 4 3309,3628,3891,5622,	
Way 4 665 4 3308,3627,3890,5621,	
Falcon 4 665 4 3307,3626,3889,5620,	
Limited 4 665 4 3305,3624,3887,5618,	
	Roche 2 665 2 3303,3706,	
COMERCIALIZACIÓN 10 665 10 3302,3323,3377,3417,3433,3621,3642,3705,3884,3905,	
carbono 1 665 1 4756,	
AUTORIZACIÓN 13 665 13 3300,3321,3333,3361,3375,3382,3415,3431,3619,3640,3703,3882,3903,	
LA 15 665 15 3299,3328,3332,3352,3360,3366,3374,3381,3387,3414,3430,3446,3618,3702,3881,	
tamaños 2 665 2 3285,5602,	
comercializados 2 665 2 3283,5600,	
estén 2 665 2 3282,5599,	
Puede 3 665 3 3279,4586,5596,	
desecante 1 665 1 3271,	
vidrio 2 665 2 3269,5589,	
Italia 1 665 1 5881,	
PVC/PE/PVDC 1 665 1 3259,	
Naturaleza 1 665 1 3252,	
cerrado 3 665 3 3244,3845,5460,	
perfectamente 3 665 3 3243,3844,5459,	
Mantener 3 665 3 3240,3841,5456,	
1998 1 665 1 3343,	
ºC 4 665 4 3239,3840,5420,5455,	
humedad 6 665 6 3230,3249,3587,3850,5430,5465,	
protegerlo 6 665 6 3227,3246,3584,3847,5427,5462,	
original 3 665 3 3225,3582,5425,	
embalaje 3 665 3 3224,3581,5424,	
Conservar 3 665 3 3221,3578,5421,	
25 3 665 3 3219,3576,5419,	
temperatura 6 665 6 3216,3235,3573,3836,5416,5451,	
Blister 2 665 2 3212,3257,	
conservación 1 665 1 3211,	
Precauciones 2 665 2 3208,3290,	
validez 1 665 1 3203,	
14 2 665 2 3657,3920,	
Periodo 1 665 1 3201,	
laca) 1 665 1 3193,	
525 1 665 1 5675,	
potasio 1 665 1 3192,	
amonio 1 665 1 3189,	
hidróxido 2 665 2 3187,3190,	
negro 1 665 1 3186,	
EFECTOS 1 665 1 5065,	
hierro 1 665 1 3185,	
(óxido 1 665 1 3183,	
comestible 2 665 2 3182,5560,	
Tinta 1 665 1 3181,	
(E171) 2 665 2 3180,5557,	
titanio 2 665 2 3179,5556,	
Dióxido 1 665 1 3177,	
(E132) 2 665 2 3176,5553,	
039831 1 665 1 5930,	
carmín 2 665 2 3175,5552,	
Indigo 1 665 1 3174,	
Gelatina 1 665 1 3173,	
Cuerpo 1 665 1 3169,	
Talco 1 665 1 3168,	
sulfato 2 665 2 3166,5538,	
Lauril 1 665 1 3165,	
(E1201) 2 665 2 3164,5536,	
Povidona 1 665 1 3163,	
almidón 2 665 2 3162,5534,	
sódico 4 665 4 3160,3167,5532,5539,	
Glicolato 1 665 1 3159,	
460) 1 665 1 3158,	
(E 1 665 1 3157,	
microcristalina 2 665 2 3156,5529,	
Lista 1 665 1 3148,	
	6 1 665 1 3146,	
FARMACÉUTICOS 1 665 1 3145,	
especies 1 665 1 3142,	
diseñados 1 665 1 3139,	
realizado 1 665 1 3136,	
malformaciones 1 665 1 3124,	
responsables 1 665 1 3122,	
activas 1 665 1 3121,	
sustancias 1 665 1 3120,	
fecha 3 665 3 3118,5405,5440,	
Hasta 1 665 1 3116,	
III 1 665 1 3456,	
malformativo 1 665 1 3113,	
produzca 1 665 1 3110,	
esperar 1 665 1 3107,	
teratogénico 1 665 1 3101,	
producido 1 665 1 3098,	
Dado 1 665 1 3093,	
81 1 665 1 5803,	
teratogénicos 1 665 1 3086,	
informar 1 665 1 4246,	
reproducción 2 665 2 3080,3090,	
carcinogénico 1 665 1 3076,	
potencial 1 665 1 3075,	
aperitivos 1 665 1 4805,	
genotoxicidad 1 665 1 3074,	
repetidas 1 665 1 3073,	
toxicidad 2 665 2 3070,3077,	
CONSERVACIÓN 3 665 3 3569,3832,5384,	
farmacología 1 665 1 3067,	
convencionales 1 665 1 3065,	
condición 1 665 1 4984,	
seres 1 665 1 3060,	
riesgos 1 665 1 3056,	
seguridad 2 665 2 3047,3069,	
preclínicos 1 665 1 3045,	
Datos 1 665 1 3044,	
biliar 1 665 1 3041,	
excretan 1 665 1 3038,	
Tanto 1 665 1 3029,	
parece 1 665 1 3017,	
urinaria) 1 665 1 3006,	
(fecal 1 665 1 3004,	
< 1 665 1 2992,	
envases 4 665 4 3287,5487,5584,5604,	
relacionados 2 665 2 2988,5110,	
compuestos 1 665 1 2987,	
renal 1 665 1 2982,	
inalterado 1 665 1 2979,	
heces 6 665 6 2970,4339,4349,5198,5202,5235,	
excreta 1 665 1 2967,	
97 1 665 1 2960,	
Aproximadamente 1 665 1 2958,	
eliminación 3 665 3 2957,3293,4346,	
vía 2 665 2 2954,3040,	
absorbido 1 665 1 2951,	
excreción 3 665 3 2946,2981,3002,	
cabo 1 665 1 2933,	
llevados 1 665 1 2931,	
Eliminación 1 665 1 2928,	
farmacológica 1 665 1 2927,	
carecen 1 665 1 2924,	
26 2 665 2 2913,5857,	
(media 1 665 1 2911,	
disponibles 1 665 1 5280,	
bajos 2 665 2 2905,5204,	
inhibitoria 1 665 1 2901,	
vista 4 665 4 2896,3549,3812,5394,	
500 2 665 2 2887,5899,	
baja 2 665 2 2882,2899,	
lipasa 1 665 1 2880,	
inhibidora 1 665 1 2878,	
poseen 1 665 1 2875,	
(E460) 1 665 1 5530,	
abierto 1 665 1 2873,	
beta-lactona 1 665 1 2872,	
concentración 1 665 1 2862,	
42 8 665 8 2858,3262,3274,3511,3647,3774,3910,5592,	
representan 1 665 1 2855,	
eliminado) 1 665 1 2854,	
818 1 665 1 5681,	
leucina 1 665 1 2853,	
farmacevtska 1 665 1 5841,	
N-formil 1 665 1 2852,	
radical 1 665 1 2851,	
(M1 1 665 1 2848,	
posición 1 665 1 2844,	
177 1 665 1 5758,	
lactona 1 665 1 2841,	
380 1 665 1 5759,	
anillo 2 665 2 2839,2870,	
(hidrolización 1 665 1 2837,	
M1 3 665 3 2836,2865,3034,	
sistémicamente 1 665 1 2832,	
fracción 1 665 1 2826,	
+353 1 665 1 5847,	
pared 1 665 1 2816,	
probable 1 665 1 2807,	
acuerdo 1 665 1 2799,	
Metabolismo 1 665 1 2797,	
eritrocitos 1 665 1 2794,	
presente 1 665 1 2791,	
albúmina 1 665 1 2780,	
99 3 665 3 2770,5718,5719,	
éstos 1 665 1 4253,	
une 2 665 2 2767,4111,	
vitro 1 665 1 2763,	
definida 1 665 1 2761,	
sistémica 1 665 1 2760,	
farmacocinética 1 665 1 2759,	
tolerado 1 665 1 4874,	
absorbida 2 665 2 2751,2831,	
no-clínicos 1 665 1 3053,	
cantidad 3 665 3 2750,2788,2977,	
puesto 1 665 1 2747,	
determinarse 1 665 1 2746,	
podido 1 665 1 2745,	
volumen 1 665 1 2740,	
Distribución 1 665 1 2738,	
mínima 4 665 4 2737,2755,2796,2827,	
consecuencia 1 665 1 2733,	
signos 1 665 1 2730,	
mol) 1 665 1 2728,	
02 1 665 1 2727,	
ó 1 665 1 2725,	
+371 1 665 1 5927,	
bajas 1 665 1 2722,	
extremadamente 2 665 2 2721,2881,	
plasma 1 665 1 2716,	
esporádicamente 1 665 1 2711,	
detectaba 1 665 1 2710,	
sólo 1 665 1 2708,	
	Mantener 3 665 3 3542,3805,5387,	
oral 3 665 3 2700,3524,3787,	
ng/ml) 1 665 1 2692,	
(<5 1 665 1 2691,	
intacto 2 665 2 2687,2713,	
mínimo 1 665 1 2681,	
grado 1 665 1 2675,	
respectivamente) 3 665 3 2656,2894,2918,	
(6 1 665 1 2643,	
hueso 1 665 1 2642,	
superior 6 665 6 3217,3236,3574,3837,5417,5452,	
inexplicable 1 665 1 2635,	
incremento 1 665 1 2634,	
observados 1 665 1 2627,	
inicial 1 665 1 2617,	
(<10 1 665 1 2723,	
19 2 665 2 2612,3941,	
representando 1 665 1 2610,	
resultado 2 665 2 2589,5117,	
conducida 1 665 1 2586,	
orlistat) 1 665 1 2539,	
favor 2 665 2 2537,5018,	
86 1 665 1 2534,	
IMC 1 665 1 2531,	
(diferencia 1 665 1 2528,	
resultados 1 665 1 2519,	
final 1 665 1 2515,	
iniciales 1 665 1 2513,	
Cada 3 665 3 3489,3752,5516,	
cambio 2 665 2 2502,4323,	
objetivo 1 665 1 2498,	
multivitamínicos 1 665 1 2496,	
suplementos 2 665 2 2495,4553,	
poblaciones 1 665 1 2493,	
52 1 665 1 2490,	
ejercicio 1 665 1 2488,	
adyuvante 1 665 1 2482,	
(n=182) 1 665 1 2476,	
(n=357) 1 665 1 2473,	
recibir 1 665 1 2468,	
Garden 4 665 4 3312,3631,3894,5625,	
adolescentes 1 665 1 2465,	
539 1 665 1 2463,	
randomizaron 1 665 1 2462,	
doble-ciego 1 665 1 2456,	
paralelos 1 665 1 2455,	
Canadá) 1 665 1 2452,	
(US 1 665 1 2451,	
multicéntrico 1 665 1 2450,	
independiente 1 665 1 2441,	
55 1 665 1 2428,	
0 4 665 4 2423,2427,2533,2726,	
HbA1c 2 665 2 2421,2439,	
reducción 2 665 2 2418,2444,	
06 1 665 1 2407,	
Kg 2 665 2 2404,2408,	
83 2 665 2 2403,2973,	
metabolice 1 665 1 2812,	
comparada 2 665 2 2398,2413,	
ADVERTENCIAS 2 665 2 3555,3818,	
11 4 665 4 2373,3611,3874,5677,	
corporal) 1 665 1 2370,	
respondedores 1 665 1 2363,	
antidiabéticos 1 665 1 2346,	
fármacos 1 665 1 2345,	
controlados 1 665 1 2343,	
Actúa 1 665 1 4087,	
insuficientemente 1 665 1 2342,	
plazo 1 665 1 2334,	
necesitar 2 665 2 4511,4529,	
traducen 1 665 1 2328,	
d 1 665 1 5843,	
randomizados 1 665 1 2321,	
representa 1 665 1 2314,	
basal 1 665 1 2311,	
nivel 1 665 1 2310,	
alterada 1 665 1 2308,	
°C 1 665 1 3220,	
glucosa 1 665 1 2307,	
tolerancia 1 665 1 2304,	
subgrupo 1 665 1 2300,	
procedían 1 665 1 2298,	
parte 2 665 2 2292,4122,	
Celulosa 1 665 1 3155,	
placebo) 1 665 1 2289,	
acumulados 1 665 1 2269,	
detectables 1 665 1 2690,	
(incidencia 1 665 1 2264,	
EL 7 665 7 3469,3538,3607,3728,3733,3801,3870,	
retrasaba 1 665 1 2254,	
alcanzada 1 665 1 2251,	
sugirieron 1 665 1 2245,	
iniciar 1 665 1 2230,	
introducción 1 665 1 2213,	
motivo 2 665 2 2191,4843,	
039 1 665 1 5892,	
Ireland 1 665 1 5834,	
diga 1 665 1 5044,	
comparación 1 665 1 2180,	
Blisters 1 665 1 5398,	
hay 1 665 1 2152,	
grupos 4 665 4 2099,2454,2582,2651,	
TITULAR 7 665 7 3297,3358,3379,3428,3616,3700,3879,	
tuvieron 2 665 2 2079,2112,	
21 10 665 10 2071,2122,2316,3261,3273,3644,3907,5591,5808,5830,	
41 1 665 1 2060,	
Después 2 665 2 2053,2100,	
4% 1 665 1 2035,	
438050 1 665 1 5724,	
CONTENIDO 2 665 2 3505,3768,	
únicamente 1 665 1 2025,	
52% 1 665 1 1985,	
62% 1 665 1 1977,	
demostraron 2 665 2 1959,2010,	
35% 1 665 1 1953,	
M3 3 665 3 2847,2867,3036,	
60% 1 665 1 1944,	
+420 1 665 1 5701,	
XENDOS 2 665 2 1935,2151,	
kg 5 665 5 1927,2095,2147,2227,2578,	
comparado 2 665 2 1920,2278,	
fármaco 1 665 1 1919,	
pérdida 12 665 12 1914,1961,2012,2081,2114,2248,2367,2395,2599,4221,4259,4315,	
diferencia 8 665 8 1911,2090,2142,2194,2392,2411,2573,2584,	
62 1 665 1 5909,	
20 2 665 2 1897,4352,	
10 11 665 11 1887,2086,2132,2365,2562,3349,3588,3851,5175,5226,5897,	
envase 7 665 7 3242,3256,3843,5412,5447,5458,5567,	
porcentaje 3 665 3 1880,2108,2361,	
Incompatibilidades 1 665 1 3196,	
2% 1 665 1 1853,	
perder 1 665 1 1830,	
Registration 5 665 5 3304,3623,3707,3886,5617,	
pudieron 1 665 1 1829,	
10% 6 665 6 1811,1862,1994,2044,2119,2175,	
perdiendo 4 665 4 1809,1860,1992,2042,	
continuaron 4 665 4 1808,1859,1991,2041,	
40% 1 665 1 1802,	
Slovenija 1 665 1 5835,	
49% 1 665 1 1794,	
De 5 665 5 1790,1974,2798,4859,5495,	
5% 7 665 7 1786,1832,1845,1963,2014,2027,2166,	
perdieron 4 665 4 1782,2162,2221,2561,	
19% 1 665 1 1776,	
frente 6 665 6 1774,1800,1951,1983,2068,2130,	
37% 1 665 1 1767,	
procedentes 1 665 1 1744,	
almacenados 1 665 1 1743,	
tratado 5 665 5 1732,1738,2127,2137,2287,	
asociación 1 665 1 1724,	
monoglicéridos 1 665 1 1705,	
absorbibles 1 665 1 1703,	
libres 1 665 1 1702,	
grasos 1 665 1 1701,	
mencionado 2 665 2 4027,5373,	
ácidos 1 665 1 1700,	
hidrolizar 1 665 1 1689,	
inactivada 1 665 1 1684,	
enzima 1 665 1 1683,	
pancreática 1 665 1 1681,	
gástrica 1 665 1 1679,	
serina 1 665 1 1675,	
sitio 1 665 1 1671,	
covalente 1 665 1 1668,	
enlace 1 665 1 1667,	
formación 1 665 1 1664,	
FIGURAR 2 665 2 3467,3726,	
mediante 1 665 1 1662,	
delgado 1 665 1 1661,	
PRIMARIO 1 665 1 3735,	
intestino 1 665 1 1660,	
dé 1 665 1 5030,	
estómago 1 665 1 1657,	
lumen 1 665 1 1655,	
terapéutica 1 665 1 1652,	
INFORMACIÓN 5 665 5 3464,3672,3676,3935,5505,	
actividad 3 665 3 1651,2877,2900,	
Ejerce 1 665 1 1649,	
considera 3 665 3 2920,4009,5355,	
larga 1 665 1 1643,	
específico 1 665 1 1640,	
potente 1 665 1 1639,	
inhibidor 1 665 1 1638,	
A08AB01 1 665 1 1634,	
ATC 1 665 1 1633,	
Código 1 665 1 1632,	
tomando 3 665 3 4252,4462,5092,	
digerida 1 665 1 4135,	
periférica 1 665 1 1631,	
acción 4 665 4 1630,1644,4499,5120,	
obesidad 3 665 3 1628,4086,4152,	
Productos 1 665 1 1625,	
farmacoterapéutico 1 665 1 1624,	
Grupo 1 665 1 1623,	
farmacodinámicas 1 665 1 1622,	
conservar 6 665 6 3214,3233,3571,3834,5414,5449,	
Propiedades 2 665 2 1621,2659,	
	5 1 665 1 1619,	
ESTE 1 665 1 1617,	
(See 1 665 1 5697,	
FARMACOLÓGICAS 1 665 1 1615,	
PROPIEDADES 1 665 1 1614,	
reversible 1 665 1 1612,	
Sverige 1 665 1 5901,	
rápidamente 1 665 1 1611,	
lipasas 3 665 3 1608,1647,1678,	
inhibir 1 665 1 1606,	
atribuible 1 665 1 1599,	
sistémico 1 665 1 1598,	
(las 1 665 1 2776,	
humanos 4 665 4 1593,3061,3115,3126,	
lipoproteínas 1 665 1 2777,	
realizados 1 665 1 1591,	
Según 2 665 2 1588,2818,	
24 1 665 1 1586,	
observar 1 665 1 1582,	
importante 2 665 2 1577,4477,	
similares 2 665 2 1565,2624,	
observadas 1 665 1 1563,	
hubo 2 665 2 1558,2632,	
contenga 2 665 2 4736,4838,	
comercialización 3 665 3 1556,5610,5661,	
notificados 1 665 1 1553,	
sobredosis 2 665 2 1550,1576,	
meses 1 665 1 1539,	
Unido 4 665 4 3317,3636,3899,5631,	
240 1 665 1 1531,	
Además 2 665 2 1525,4373,	
significativos 1 665 1 1524,	
hallazgos 2 665 2 1522,2326,	
hubiera 1 665 1 1521,	
días 2 665 2 1518,3012,	
15 3 665 3 1517,3667,3930,	
66 1 665 1 5779,	
400 1 665 1 1510,	
múltiples 1 665 1 1507,	
800 2 665 2 1504,5689,	
normal 5 665 5 1498,2668,2938,3025,4674,	
individuos 2 665 2 1495,2935,	
Sobredosis 1 665 1 1490,	
Normalmente 1 665 1 5150,	
9 6 665 6 1489,2541,3325,3356,3565,3828,	
EU/1/98/071/001 1 665 1 3643,	
hepatobiliares 1 665 1 1487,	
inmunológico 1 665 1 1484,	
subcutáneo 1 665 1 1479,	
tejido 1 665 1 1478,	
teratogénicas 1 665 1 3130,	
piel 3 665 3 1475,5294,5308,	
REVISIÓN 1 665 1 3353,	
complementarias 1 665 1 1459,	
Exploraciones 1 665 1 1458,	
Reacción 2 665 2 1456,1466,	
acumulación 1 665 1 2732,	
espontáneos 1 665 1 1439,	
descendiendo 1 665 1 1418,	
total 2 665 2 1406,2864,	
obtenido 1 665 1 1392,	
similar 2 665 2 1390,3019,	
descritas 1 665 1 1568,	
general 2 665 2 1382,2703,	
patrón 1 665 1 1381,	
cuidado 1 665 1 4217,	
ensayo 3 665 3 1373,1933,2237,	
Únicamente 1 665 1 1346,	
significativamente 1 665 1 2521,	
psiquiátricos 1 665 1 1344,	
mama 1 665 1 1341,	
reproductor 1 665 1 1337,	
aparato 1 665 1 1336,	
alteraciones 2 665 2 1327,5248,	
generales 1 665 1 1325,	
Infestaciones 1 665 1 1322,	
e 1 665 1 1321,	
Infecciones 1 665 1 1320,	
metabolismo 1 665 1 1314,	
urinarios 1 665 1 1310,	
FABRICACIÓN 2 665 2 3363,3384,	
rectales 2 665 2 1305,5234,	
molestias 3 665 3 1304,5180,5233,	
glicolato 1 665 1 5531,	
administrado 2 665 2 1528,2704,	
Dolor 2 665 2 1302,5231,	
ocurren 1 665 1 5131,	
Frecuentes 1 665 1 1301,	
mediastínicos 1 665 1 1290,	
torácicos 1 665 1 1288,	
perjudicarles 1 665 1 4006,	
nervioso 1 665 1 1284,	
Trastornos 12 665 12 1281,1286,1292,1307,1312,1324,1334,1343,1469,1472,1481,1486,	
· 18 665 18 1280,1285,1291,1306,1311,1319,1323,1333,1342,1468,1471,1480,1485,3418,3439,4501,4516,4542,	
Adversa 4 665 4 1279,1300,1457,1467,	
Acontecimiento/Reacción 2 665 2 1278,1299,	
placebo 22 665 22 1262,1363,1740,1781,1807,1858,1909,1922,1958,1990,2040,2078,2139,2160,2215,2384,2400,2415,2458,2475,2560,2655,	
Emil-Barrell-Str 2 665 2 3407,5639,	
>2 2 665 2 1253,1354,	
ocurrieron 2 665 2 1249,1350,	
basada 2 665 2 1243,1436,	
tratamiento) 1 665 1 1241,	
año 13 665 13 1239,1417,1419,1421,1820,1870,1876,2002,2052,2056,2178,2355,2570,	
primer 2 665 2 1238,1416,	
(durante 1 665 1 1236,	
446 1 665 1 5688,	
tabla 2 665 2 1232,1431,	
siguiente 2 665 2 1231,1430,	
frecuencia 5 665 5 1229,1252,1353,1450,4538,	
gravedad 1 665 1 1223,	
decreciente 1 665 1 1221,	
orden 1 665 1 1220,	
aisladas 1 665 1 1213,	
notificaciones 2 665 2 1212,1438,	
incluidas 1 665 1 1210,	
DEBE 4 665 4 3466,3540,3725,3803,	
<1/10 1 665 1 1208,	
000) 2 665 2 1204,1209,	
<1/1 1 665 1 1203,	
respiratorios 1 665 1 1287,	
(1/10 1 665 1 1201,	
UTILIZADO 2 665 2 3596,3859,	
<1/100) 1 665 1 1199,	
(1/1 1 665 1 1197,	
UTILIZA 1 665 1 4077,	
<1/10) 1 665 1 1194,	
(1/100 1 665 1 1193,	
(1/10) 1 665 1 1191,	
frecuente 3 665 3 1190,1192,1196,	
definen 1 665 1 1187,	
órganos 5 665 5 1180,1277,1298,1455,1465,	
clasificación 5 665 5 1178,1275,1296,1453,1463,	
sistema 6 665 6 1176,1283,1483,4090,4116,5124,	
según 3 665 3 1174,1182,3062,	
abajo 1 665 1 1173,	
enumeran 2 665 2 1171,1218,	
prolongado 1 665 1 1164,	
redujo 1 665 1 1160,	
incidencia 5 665 5 1155,1258,1359,1405,2638,	
naturaleza 1 665 1 1152,	
sigue 1 665 1 5160,	
principalmente 2 665 2 1150,2813,	
son 7 665 7 1149,2781,5116,5128,5286,5527,5569,	
Reacciones 2 665 2 1142,5281,	
8 8 665 8 1141,1906,2647,2695,3318,3560,3823,5914,	
nula 1 665 1 1139,	
influencia 1 665 1 1127,	
máquinas 3 665 3 1125,1137,4632,	
utilizar 6 665 6 1124,1136,3530,3793,4481,4645,	
conducir 3 665 3 1122,1134,4643,	
Relleno 1 665 1 3151,	
capacidad 4 665 4 1120,1132,1602,4641,	
Efectos 3 665 3 1117,5164,5218,	
DIRECCIÓN 2 665 2 3614,3877,	
7 7 665 7 1116,2146,2701,3296,3553,3816,5929,	
materna 2 665 2 1114,4627,	
leche 2 665 2 1113,4626,	
pasa 2 665 2 1110,4623,	
periodo 5 665 5 1102,1424,1442,2211,4212,	
contraindicado 1 665 1 1099,	
Orlistat 5 665 5 1097,1635,3485,3696,3748,	
Sími 1 665 1 5877,	
prescriba 1 665 1 1092,	
precaución 1 665 1 1089,	
contrario 3 665 3 1823,2005,4861,	
tenerse 1 665 1 1088,	
27739 1 665 1 5764,	
maquinas 1 665 1 4646,	
Debe 1 665 1 1087,	
) 1 665 1 1086,	
postnatal 1 665 1 1081,	
parto 1 665 1 1078,	
embrional/fetal 1 665 1 1077,	
desarrollo 3 665 3 1076,1080,2256,	
embarazo 2 665 2 1075,4605,	
disponible 1 665 1 1687,	
indirectos 1 665 1 1072,	
directos 1 665 1 1070,	
dañinos 1 665 1 1069,	
108 1 665 1 2916,	
efectos 11 665 11 1068,1157,2620,3085,4014,4060,4410,5076,5107,5266,5360,	
+45 1 665 1 5714,	
muestran 4 665 4 1067,1758,2358,3055,	
obtenidos 2 665 2 1931,2803,	
animales 6 665 6 1065,1595,2805,3092,3103,3132,	
Los 13 665 13 1062,1167,1741,1929,2233,2518,2618,2662,2929,3048,5283,5466,5524,	
embarazadas 2 665 2 1061,1096,	
mujeres 2 665 2 1060,1095,	
Leer 2 665 2 3525,3788,	
Ninguna 1 665 1 3294,	
datos 8 665 8 1052,1742,1930,2234,2348,2802,3049,5279,	
dispone 1 665 1 1050,	
raro 2 665 2 1200,1207,	
lactancia 4 665 4 1047,1104,4214,4597,	
Embarazo 2 665 2 1045,4595,	
dejado 1 665 1 5012,	
caso 3 665 3 1029,1574,4413,	
puntuales 1 665 1 1027,	
imprevistos 1 665 1 1023,	
embarazos 1 665 1 1022,	
disponibilidad 2 665 2 1013,3014,	
reducir 2 665 2 1010,4310,	
embargo 2 665 2 1006,2631,	
Sin 2 665 2 1005,2630,	
fármaco-fármaco 1 665 1 991,	
específicos 2 665 2 982,988,	
(afectan 2 665 2 5168,5221,	
alcohol 1 665 1 972,	
sibutramina 1 665 1 970,	
liberación 2 665 2 969,3400,	
lenta 1 665 1 968,	
incrementos 1 665 1 5323,	
Reino 4 665 4 3316,3635,3898,5630,	
(STGI) 1 665 1 965,	
Gastrointestinal 1 665 1 964,	
Terapéutico 1 665 1 963,	
Sistema 5 665 5 962,1273,1294,1451,1461,	
nifedipino 2 665 2 961,966,	
pravastatina 1 665 1 960,	
fentermina 1 665 1 959,	
fenitoína 1 665 1 958,	
losartan 1 665 1 957,	
fluoxetina 1 665 1 956,	
fibratos 1 665 1 955,	
digoxina 1 665 1 954,	
biguanidas 1 665 1 953,	
atorvastatina 1 665 1 952,	
amitriptilina 1 665 1 951,	
Ausencia 1 665 1 942,	
electrocardiográfica 1 665 1 941,	
monitorización 1 665 1 940,	
olvidó 1 665 1 4966,	
vigilancia 1 665 1 936,	
acentuar 1 665 1 934,	
clínica 2 665 2 913,937,	
importancia 2 665 2 912,2926,	
In 1 665 1 2762,	
desconoce 5 665 5 910,1108,1448,2323,4620,	
simultáneamente 1 665 1 908,	
unión) 1 665 1 2786,	
recibido 1 665 1 905,	
sanos 1 665 1 902,	
voluntarios 3 665 3 901,2665,3022,	
limitado 1 665 1 899,	
20382111 1 665 1 5704,	
número 1 665 1 898,	
plasmáticos 3 665 3 895,2907,4533,	
pequeño 1 665 1 890,	
únicas 2 665 2 885,1502,	
amiodarona 3 665 3 882,922,931,	
Amiodarona 2 665 2 877,4543,	
acostarse 1 665 1 876,	
tomarse 1 665 1 859,	
distribución 2 665 2 1385,2742,	
dicho 2 665 2 856,3099,	
polivitamínico 2 665 2 852,4594,	
óptimos 1 665 1 4788,	
suplemento 3 665 3 851,857,4593,	
administrar 1 665 1 849,	
conveniencia 1 665 1 847,	
tomen 1 665 1 835,	
control 4 665 4 831,2460,4299,4724,	
sometidos 1 665 1 828,	
adecuada 1 665 1 821,	
Información 1 665 1 4067,	
nutrición 3 665 3 820,1318,4287,	
garantizar 1 665 1 818,	
Con 1 665 1 814,	
adultos 1 665 1 2629,	
normales 1 665 1 813,	
permanecieron 1 665 1 808,	
K 2 665 2 805,5900,	
A 9 665 9 801,3357,3378,3461,3678,5668,5768,5793,5886,	
aparece 2 665 2 5409,5444,	
años 15 665 15 788,1270,1377,1400,1428,1711,1717,1750,1938,2104,2187,2202,2241,3205,4921,	
cuatro 2 665 2 787,1427,	
recibieron 2 665 2 785,2494,	
mayoría 3 665 3 780,1545,5104,	
inmensa 1 665 1 779,	
K) 1 665 1 776,	
E 4 665 4 775,803,4565,5769,	
D 2 665 2 774,802,	
(A 1 665 1 773,	
vitaminas 2 665 2 771,800,	
Frascos 3 665 3 3231,3267,5431,	
absorción 4 665 4 769,2677,2736,4551,	
potencialmente 1 665 1 767,	
alterar 1 665 1 766,	
liposolubles 2 665 2 760,772,	
Vitaminas 1 665 1 759,	
metabolitos 2 665 2 2834,2923,	
(INR) 1 665 1 754,	
normalizado 1 665 1 753,	
internacional 1 665 1 752,	
valores 3 665 3 749,812,2512,	
monitorizarse 1 665 1 747,	
deberán 1 665 1 746,	
u 3 665 3 741,4254,4957,	
warfarina 1 665 1 740,	
EU/1/98/071/006 1 665 1 3912,	
Cuando 1 665 1 737,	
Anticoagulantes 2 665 2 735,4502,	
acarbosa 1 665 1 734,	
concomitante 1 665 1 730,	
utilizó 1 665 1 1719,	
evitarse 1 665 1 727,	
farmacocinéticas 2 665 2 725,2660,	
estudios 16 665 16 722,981,987,1063,1395,1590,1708,1747,2184,2199,2663,2930,3052,3064,3088,3137,	
ausencia 3 665 3 720,974,996,	
Ante 1 665 1 718,	
FECHA 5 665 5 3326,3350,3561,3710,3824,	
Acarbosa 1 665 1 717,	
clínico 3 665 3 1374,1934,2238,	
estabilicen 1 665 1 716,	
vigilarse 1 665 1 712,	
retire 1 665 1 703,	
agregue 1 665 1 696,	
controles 1 665 1 690,	
realizarse 1 665 1 689,	
ajuste 1 665 1 4268,	
combinado 1 665 1 679,	
obstante 2 665 2 675,924,	
4) 4 665 4 673,758,1042,2845,	
combinación 1 665 1 669,	
Por 5 665 5 663,1821,2003,4566,4818,	
adquiridos 1 665 1 4472,	
inmunodepresora 1 665 1 659,	
eficacia 1 665 1 658,	
lugar 3 665 3 652,1020,1330,	
dar 2 665 2 651,1019,	
Este 4 665 4 648,3983,4318,5944,	
simultánea 1 665 1 645,	
sido 3 665 3 637,4913,5947,	
plasmáticas 4 665 4 629,708,2684,2775,	
concentraciones 4 665 4 628,707,2683,2719,	
descenso 4 665 4 625,649,891,916,	
observado 4 665 4 623,888,948,3084,	
farmacológicas 2 665 2 620,985,	
interacciones 8 665 8 619,724,944,949,976,984,998,5351,	
estudio 6 665 6 617,2150,2263,2449,2517,2820,	
Ciclosporinas 1 665 1 614,	
ADVERTENCIA 2 665 2 3534,3797,	
ocurridas 1 665 1 1413,	
ciclosporinas 2 665 2 662,687,	
interacción 2 665 2 613,990,	
formas 1 665 1 611,	
versus 2 665 2 2550,2645,	
medicamentos 10 665 10 608,4232,4257,4274,4453,4469,5072,5467,5491,5953,	
Interacción 1 665 1 604,	
suma 1 665 1 1872,	
coagulación 2 665 2 594,4514,	
parámetros 1 665 1 592,	
monitorizar 3 665 3 590,4512,4530,	
deben 4 665 4 589,688,711,5470,	
anticoagulantes 3 665 3 586,743,5353,	
especial 2 665 2 3295,4216,	
concomitantemente 2 665 2 584,929,	
habían 1 665 1 904,	
tratados 22 665 22 583,685,920,928,1771,1779,1797,1805,1848,1856,1948,1956,1980,1988,2030,2038,2065,2076,2155,2388,2547,2558,	
media 8 665 8 1912,2091,2143,2223,2393,2412,2574,4738,	
adversos 13 665 13 1158,1169,1247,1348,1523,2621,4015,4061,5077,5165,5219,5267,5361,	
anticonceptivo 3 665 3 575,1037,4435,	
método 3 665 3 574,1036,4434,	
utilización 1 665 1 570,	
primera 1 665 1 3337,	
grave 5 665 5 566,1032,4019,4416,5365,	
diarrea 3 665 3 565,1031,4415,	
Conserve 1 665 1 3960,	
ocurrir 1 665 1 561,	
podría 3 665 3 560,1009,4417,	
inevitable 1 665 1 681,	
orales 6 665 6 558,587,736,1002,1017,4424,	
anticonceptivos 4 665 4 557,1001,1016,4423,	
fallos 1 665 1 554,	
(1 1 665 1 2883,	
gastrointestinal 3 665 3 1153,1412,2817,	
posibles 2 665 2 553,2619,	
prevenir 1 665 1 552,	
exhaustivo 1 665 1 550,	
examen 1 665 1 548,	
deberá 3 665 3 545,858,4569,	
médico 22 665 22 544,3979,4034,4249,4291,4457,4509,4527,4547,4575,4589,4662,4666,4858,4863,4885,4942,4955,5022,5046,5097,5380,	
persistentes 1 665 1 542,	
graves 1 665 1 540,	
acontecimientos 3 665 3 1168,1246,1347,	
síntomas 5 665 5 539,4002,5127,5152,5284,	
rectal 2 665 2 533,5320,	
sangrado 1 665 1 532,	
casos 8 665 8 530,537,563,641,1026,1548,2266,2295,	
notificado 2 665 2 529,638,	
triglicéridos 1 665 1 1698,	
8) 2 665 2 495,601,	
""Roche 1 665 1 5938,	
gastrointestinales 6 665 6 491,526,1293,1470,1648,4411,	
adversas 10 665 10 490,525,1143,1146,1216,1235,1388,1409,1434,1560,	
reacciones 9 665 9 489,524,1145,1215,1234,1387,1408,1433,1559,	
sufrir 1 665 1 488,	
posibilidad 4 665 4 486,522,4356,4405,	
druzba 1 665 1 5842,	
aumentar 4 665 4 484,520,4362,4490,	
plasmática 1 665 1 2863,	
grasa) 1 665 1 482,	
encías 1 665 1 5254,	
g 1 665 1 480,	
Products 2 665 2 5837,5924,	
67 1 665 1 479,	
ESTÉN 2 665 2 3602,3865,	
> 2 665 2 478,2769,	
equivale 1 665 1 476,	
fallo 1 665 1 4420,	
>30 1 665 1 468,	
kcal/día 1 665 1 467,	
000 4 665 4 466,1198,1202,2884,	
ej 3 665 3 460,4239,4504,	
(p 3 665 3 459,4238,4503,	
2) 3 665 3 448,5217,5247,	
( 2 665 2 2364,5291,	
dadas 1 665 1 444,	
sean 1 665 1 443,	
les 1 665 1 442,	
dietéticas 1 665 1 440,	
recomendaciones 1 665 1 439,	
sigan 1 665 1 437,	
aconsejar 2 665 2 432,824,	
5) 2 665 2 429,579,	
apartado 9 665 9 427,446,493,577,596,671,756,1040,1083,	
(ver 9 665 9 426,445,492,576,595,670,755,1039,1082,	
acumulada 1 665 1 2983,	
ciclosporina 5 665 5 425,632,710,4525,4535,	
	Al 1 665 1 5067,	
conjunta 2 665 2 421,4523,	
administre 2 665 2 414,739,	
monitorizado 1 665 1 411,	
estrechamente 1 665 1 410,	
antidiabético 1 665 1 407,	
diabéticos 1 665 1 404,	
II 1 665 1 399,	
tipo 7 665 7 398,1369,1411,2259,2340,5216,5246,	
diabetes 8 665 8 397,1368,2258,2268,2297,2339,5215,5245,	
menor 2 665 2 393,2889,	
población 1 665 1 2616,	
producida 1 665 1 386,	
disminución 2 665 2 383,655,	
clínicos 7 665 7 381,795,1053,1265,2331,2352,4917,	
ensayos 5 665 5 380,794,1264,2351,4916,	
En 19 665 19 379,536,580,615,777,986,1028,1371,1543,1573,1706,1871,2148,2335,2385,2447,2702,2895,4412,	
precauciones 1 665 1 375,	
Advertencias 1 665 1 373,	
ETIQUETADO 3 665 3 3457,3462,3738,	
Lactancia 1 665 1 370,	
Colestasis 1 665 1 368,	
crónica- 1 665 1 367,	
malabsorción 2 665 2 366,4190,	
Síndrome 1 665 1 364,	
activo 3 665 3 356,1672,5513,	
principio 2 665 2 355,5512,	
Hipersensibilidad 1 665 1 353,	
beneficios 2 665 2 2330,4787,	
- 26 665 26 352,363,369,3959,3971,3982,4007,4169,4185,4201,4208,5510,5523,5686,5702,5715,5740,5756,5783,5800,5807,5854,5874,5891,5906,5928,	
adecuadas 1 665 1 343,	
OTRAS 2 665 2 3554,3817,	
indicaciones 1 665 1 342,	
ancianos 1 665 1 339,	
niños 6 665 6 337,348,3552,3815,4448,5397,	
Ambas 1 665 1 2492,	
renales 2 665 2 336,1308,	
y/o 2 665 2 335,541,	
hepáticos 1 665 1 334,	
trastornos 1 665 1 333,	
estudiado 3 665 3 325,1493,4914,	
No 22 665 22 322,340,416,674,923,945,1048,2430,3081,3197,3213,3232,3453,4518,4598,4606,5005,5031,5399,5413,5434,5448,	
conteniendo 1 665 1 5590,	
especiales 5 665 5 321,376,3057,3209,3291,	
Poblaciones 1 665 1 320,	
D-79639-Grenzach-Wyhlen 2 665 2 3409,5641,	
72 1 665 1 318,	
1707 1 665 1 5934,	
48 1 665 1 316,	
intervalo 2 665 2 314,1227,	
producto 2 665 2 5056,5563,	
anteriores 1 665 1 309,	
niveles 8 665 8 308,797,894,2906,4532,5147,5205,5327,	
Eesti 2 665 2 5745,5748,	
retorna 1 665 1 304,	
contenido 4 665 4 300,3254,4158,5565,	
terapia 1 665 1 298,	
discontinuación 1 665 1 295,	
beta-caroteno 2 665 2 807,4562,	
Tras 2 665 2 293,878,	
horas 5 665 5 289,319,864,1587,2696,	
TOMAR 2 665 2 4164,4649,	
24-48 1 665 1 288,	
aprecia 3 665 3 284,4022,5368,	
fecal 5 665 5 281,303,2947,5194,5196,	
diverticulitis 1 665 1 5337,	
frecuencias 3 665 3 1183,1185,5274,	
aumento 2 665 2 277,5184,	
traduce 1 665 1 274,	
adicional 5 665 5 268,571,1038,4068,4436,	
beneficio 2 665 2 267,4279,	
demostrado 7 665 7 265,979,994,2433,2672,2943,3128,	
prescrito 1 665 1 4854,	
día 5 665 5 262,1515,1536,2480,4694,	
veces 5 665 5 260,1513,1534,2478,2888,	
superiores 2 665 2 255,2522,	
Las 6 665 6 251,706,1144,1184,1214,2682,	
210 1 665 1 5777,	
principales 7 665 7 250,507,2783,2835,4386,4692,5285,	
tres 9 665 9 248,259,505,1512,1533,2477,4385,4690,4763,	
incluían 1 665 1 2203,	
distribuirse 2 665 2 245,502,	
generalmente 3 665 3 305,2623,5129,	
proteínas 4 665 4 243,2774,2784,4758,	
carbohidratos 1 665 1 241,	
diaria 4 665 4 238,498,4376,4751,	
ingesta 5 665 5 237,497,4375,4750,4791,	
verduras 4 665 4 235,842,4585,4733,	
frutas 3 665 3 233,840,4731,	
EN 9 665 9 3443,3468,3603,3673,3680,3727,3732,3866,3936,	
frecuentes 3 665 3 692,5167,5220,	
rica 7 665 7 231,456,516,838,4370,4581,4729,	
* 1 665 1 1345,	
sea 3 665 3 230,2440,4987,	
recomienda 11 665 11 226,418,568,667,855,933,1034,1581,4429,4520,4600,	
julio 1 665 1 3341,	
Se 7 665 7 225,430,527,909,1491,2322,4695,	
grasas 9 665 9 224,458,475,518,4125,4340,4753,4814,5201,	
provenientes 3 665 3 221,473,4745,	
calorías 6 665 6 220,472,4160,4308,4726,4744,	
aproximadamente 2 665 2 214,2856,	
duración 9 665 9 1272,1379,1402,1752,1940,2189,2243,2357,4923,	
moderadamente 1 665 1 211,	
equilibrada 3 665 3 210,4580,4728,	
nutricionalmente 1 665 1 209,	
seguir 3 665 3 206,4283,4570,	
paciente 2 665 2 204,1584,	
omitirse 1 665 1 198,	
grasa 18 665 18 196,240,280,302,500,1691,4102,4133,4306,4351,4372,4378,4400,4559,4748,4796,4839,5149,	
toma 9 665 9 192,452,511,4366,4393,4827,4833,4925,4932,	
habitual 1 665 1 4541,	
Si 19 665 19 187,449,508,853,3972,4008,4170,4186,4202,4209,4840,4924,4931,4965,4969,5010,5047,5085,5354,	
principal 4 665 4 186,2499,2955,4830,	
comidas 7 665 7 249,506,4387,4691,4764,4799,5143,	
comida 11 665 11 185,189,514,4106,4131,4396,4708,4779,4829,4835,4995,	
hora 4 665 4 181,874,4704,4990,	
hospital 1 665 1 4958,	
durante 14 665 14 177,1100,1422,1440,1516,1537,1585,2216,2261,2489,4129,4603,4612,4700,	
inmediatamente 2 665 2 175,4698,	
agua 2 665 2 174,4715,	
administrada 3 665 3 172,2965,2998,	
indirectamente 1 665 1 1011,	
recomendada 3 665 3 162,1572,5163,	
dosis 19 665 19 161,200,252,884,1501,1529,1571,2706,2830,2909,2964,2997,3072,4229,4271,4673,5008,5016,5037,	
Adultos 1 665 1 159,	
efecto 11 665 11 270,327,1597,2436,3100,3112,4024,4312,4494,4637,5370,	
administración 11 665 11 158,292,420,644,729,868,880,1332,2699,4522,4656,	
forma 3 665 3 156,1696,5497,	
Posología 1 665 1 154,	
fracturas 1 665 1 2640,	
inicio 2 665 2 149,4908,	
determinado 1 665 1 147,	
peso 31 665 31 145,385,833,1497,1788,1816,1835,1867,1893,1916,1966,1999,2017,2049,2083,2116,2168,2250,2369,2397,2446,2565,2601,2667,2937,3024,4223,4261,4301,4317,4906,	
deseados 1 665 1 5109,	
% 37 665 37 143,217,469,1254,1260,1355,1361,1888,1898,1907,2061,2072,2087,2123,2133,2272,2283,2317,2366,2375,2382,2425,2429,2543,2554,2563,2597,2613,2644,2648,2771,2859,2961,2974,2994,4741,4903,	
5 24 665 24 142,598,603,1084,1460,1613,1746,2183,2198,2281,2381,2542,2596,2657,3011,3042,3251,3517,3721,3780,4062,4902,5383,5942,	
perdido 3 665 3 138,1885,4898,	
han 14 665 14 137,264,528,947,1492,1527,1884,2671,2942,3083,3127,3135,4853,5262,	
semanas 10 665 10 132,1763,1840,1971,2022,2172,2208,2491,2605,4895,	
12 11 665 11 131,1762,1839,1970,2021,2171,2604,3460,3637,3900,4894,	
considerará 1 665 1 845,	
después 16 665 16 129,182,865,1760,1837,1873,1968,2019,2567,2602,4705,4892,4991,5141,5402,5437,	
debe 17 665 17 127,197,205,244,408,431,501,726,823,1609,3993,4282,4379,4607,4711,4717,4759,	
recetado 1 665 1 3988,	
El 11 665 11 123,203,269,405,761,2190,2497,2540,2739,2999,5511,	
asociados 1 665 1 122,	
postcomercialización 1 665 1 1443,	
riesgo 1 665 1 121,	
factores 1 665 1 119,	
Contraindicaciones 1 665 1 351,	
kg/m2) 1 665 1 117,	
28 1 665 1 116,	
(IMC 1 665 1 115,	
sobrepeso 1 665 1 114,	
PRINCIPIO(S) 2 665 2 3487,3750,	
kg/m2 2 665 2 110,2535,	
30 6 665 6 109,216,3238,3839,4740,5454,	
igual 2 665 2 107,5068,	
o 49 665 49 106,111,178,193,357,871,1071,1079,1303,1561,1812,1863,1889,1995,2045,2158,2173,2474,3980,4020,4035,4176,4242,4341,4458,4463,4491,4644,4667,4701,4804,4831,4872,4943,5061,5098,5179,5183,5200,5232,5304,5366,5381,5696,5774,5775,5844,5845,5868,	
ayudará 1 665 1 5498,	
mayor 3 665 3 105,2291,4537,	
EU/1/98/071/003 1 665 1 3649,	
(IMC) 2 665 2 104,2509,	
Fecha 2 665 2 3334,3344,	
corporal 13 665 13 103,146,1789,1817,1836,1894,1967,2018,2084,2117,2169,2508,2566,	
masa 2 665 2 102,2507,	
índice 3 665 3 100,751,2505,	
obesos 10 665 10 97,1366,1500,1542,2337,2466,2670,2823,2941,3028,	
pacientes 37 665 37 96,112,135,331,395,402,435,582,684,783,827,919,927,1365,1541,1770,1792,1826,1882,1947,2007,2064,2075,2110,2154,2220,2302,2320,2336,2387,2464,2546,2557,2594,2822,5213,5243,	
tratamiento 26 665 26 94,124,151,311,389,406,699,762,790,1727,1765,1842,1878,1973,2024,2058,2106,2232,2607,4149,4614,4879,4888,4910,5135,5158,	
hinchazón 1 665 1 5239,	
moderada 1 665 1 91,	
ng/ml 3 665 3 2724,2914,2917,	
hipocalórica 5 665 5 90,212,1722,1757,2486,	
dieta 16 665 16 89,208,229,455,463,837,1694,1721,1756,2205,2485,4369,4579,4722,4817,5162,	
indicado 4 665 4 85,4146,4443,4940,	
está 12 665 12 84,1098,1242,1435,1686,4145,4210,4251,4442,4461,5091,5547,	
siguientes 1 665 1 5265,	
Xenical 35 665 35 83,535,1093,1129,4043,4053,4057,4065,4109,4144,4184,4281,4364,4391,4440,4495,4548,4602,4616,4622,4633,4658,4676,4716,4807,4824,4890,4911,5073,5093,5115,5401,5436,5509,5568,	
terapéuticas 3 665 3 82,2707,2910,	
Indicaciones 1 665 1 81,	
	4 1 665 1 79,	
CLÍNICOS 1 665 1 78,	
DATOS 2 665 2 77,3144,	
4 38 665 38 76,152,349,371,372,428,447,494,578,597,600,602,672,757,1041,1043,1115,1140,1376,1488,1716,1937,2093,2094,2103,2207,2240,2271,2282,2350,2380,3207,3501,3714,3764,4058,4920,5063,	
" 2 665 2 75,5950,	
Absorción 1 665 1 2661,	
120"" 2 665 2 74,5579,	
""ROCHE 2 665 2 72,5577,	
inscripción 2 665 2 71,5576,	
turquesa 2 665 2 68,5573,	
color 2 665 2 67,5572,	
tapa 1 665 1 65,	
procede 2 665 2 3198,3454,	
cuerpo 2 665 2 63,4141,	
náuseas 1 665 1 5315,	
La 24 665 24 60,160,236,496,973,1126,1154,1230,1429,1682,1910,2290,2583,2787,2980,3013,4132,4220,4258,4355,4672,4709,5103,5542,	
	"Cápsula 1 665 1 58,	
FARMACÉUTICA 3 665 3 57,3503,3766,	
FORMA 5 665 5 56,3502,3518,3765,3781,	
3 19 665 19 55,350,907,1085,1925,2270,2374,2406,2552,2553,3009,3043,3200,3204,3496,3709,3759,4054,4647,	
6 22 665 22 53,1044,1538,1928,2226,2577,3143,3194,3199,3206,3250,3288,3289,3306,3533,3625,3796,3888,4066,5504,5619,5757,	
sección 1 665 1 52,	
mostraron 1 665 1 1941,	
ver 1 665 1 51,	
excipientes 3 665 3 50,362,3150,	
completa 2 665 2 48,3003,	
medico 1 665 1 5060,	
lista 1 665 1 47,	
consultar 1 665 1 45,	
Para 4 665 4 44,551,4275,4785,	
orlistat 65 665 65 43,126,164,202,254,272,329,391,415,423,450,509,647,697,732,745,764,792,870,906,1004,1008,1058,1148,1166,1552,1579,1604,1734,1754,1773,1799,1850,1903,1950,1982,2032,2067,2129,2157,2253,2277,2377,2390,2472,2527,2549,2609,2653,2679,2686,2712,2765,2790,2810,2893,2978,2990,3016,3031,3495,3758,4175,5515,5522,	
contiene 5 665 5 39,195,3491,3754,5518,	
dura 2 665 2 38,59,	
cápsula 12 665 12 37,61,168,3154,3172,3490,3753,4680,4710,4772,5517,5546,	
	Cada 1 665 1 36,	
CUANTITATIVA 1 665 1 35,	
Y 13 665 13 34,3424,3449,3458,3504,3519,3613,3731,3737,3767,3782,3876,4073,	
CUALITATIVA 1 665 1 33,	
COMPOSICIÓN 1 665 1 32,	
2 27 665 27 31,153,465,1269,1370,1399,1710,1926,2145,2225,2260,2341,2576,2646,2658,2886,2993,3195,3486,3697,3749,4049,4161,5674,5680,5703,5875,	
º 2 665 2 30,3577,	
Responsable 1 665 1 5632,	
duras 13 665 13 29,3266,3278,3484,3510,3513,3516,3695,3747,3773,3776,3779,3946,	
cápsulas 22 665 22 28,3265,3277,3483,3509,3512,3515,3645,3648,3651,3694,3746,3772,3775,3778,3908,3911,3914,3945,4934,5570,5595,	
mg 17 665 17 27,41,171,258,1505,1511,1532,1901,2470,3482,3493,3693,3745,3756,3944,4683,5520,	
120 14 665 14 26,40,170,257,1900,2469,3481,3492,3692,3744,3755,3943,4682,5519,	
	Xenical 5 665 5 25,3480,3691,3743,4078,	
MEDICAMENTO 8 665 8 24,1618,3452,3479,3539,3690,3742,3802,	
interrumpirse 1 665 1 128,	
NOMBRE 7 665 7 22,3477,3612,3688,3698,3740,3875,	
atención 1 665 1 4963,	
1 24 665 24 21,54,80,1259,1267,1360,1397,1620,2402,2569,3147,3408,3476,3687,3739,4040,4069,5172,5224,5640,5763,5823,5849,5855,	
LISTA 2 665 2 3497,3760,	
SEGURA 1 665 1 3448,	
PRODUCTO 5 665 5 20,3594,3608,3857,3871,	
DEL 16 665 16 19,23,3354,3451,3478,3506,3593,3615,3685,3689,3699,3718,3741,3769,3856,3878,	
grupo 7 665 7 1731,2126,2136,2275,2286,2525,2592,	
CARACTERÍSTICAS 1 665 1 18,	
LAS 1 665 1 17,	
DE 58 665 58 16,1616,3298,3301,3320,3322,3327,3331,3351,3359,3362,3365,3368,3373,3376,3380,3383,3386,3389,3413,3416,3422,3429,3432,3498,3521,3536,3562,3568,3591,3598,3617,3620,3639,3641,3654,3660,3669,3701,3704,3711,3716,3761,3784,3799,3825,3831,3854,3861,3880,3883,3902,3904,3917,3923,3932,4163,5385,	
RESUMEN 1 665 1 15,	
I 1 665 1 14,	
ANEXO 2 665 2 13,3455,	
información 2 665 2 10,5646,	
Toda 1 665 1 8,	
91 1 665 1 5801,	
medicamento 15 665 15 7,12,2753,2949,3532,3795,3958,3984,4081,4319,4485,4868,4950,4973,5650,	
sufran 1 665 1 5084,	
Basica 1 665 1 5,	
RESPONSABLE 2 665 2 3364,3385,	
	Información 1 665 1 4,	
CAPSULAS 1 665 1 3,	
84 8 665 8 2,3264,3276,3514,3650,3777,3913,5594,	
18 2 665 2 2424,5786,	
120MG 1 665 1 1,	
XENICAL 12 665 12 0,73,3942,4072,4165,4168,4219,4650,4927,4968,5386,5578,	
