	Prospectos 1 191 1 4745,	
2007 1 191 1 4744,	
Junio 1 191 1 4743,	
TEXTO 1 191 1 4742,	
2004 1 191 1 4735,	
919 1 191 1 4723,	
918 1 191 1 4713,	
Reg 2 191 2 4711,4721,	
Nº 2 191 2 4710,4720,	
NUMERO(s) 1 191 1 4698,	
	8 1 191 1 4697,	
COMERCIALIZACION 2 191 2 4696,4703,	
AUTORIZACION 3 191 3 4694,4701,4732,	
TITULAR 1 191 1 4691,	
Envase 2 191 2 4661,4677,	
estuche 2 191 2 4655,4671,	
PVC/Aluminio 1 191 1 4649,	
Blister 1 191 1 4647,	
contenido 1 191 1 4644,	
Naturaleza 1 191 1 4642,	
25ºC 1 191 1 4639,	
temperatura 1 191 1 4636,	
conservación 1 191 1 4632,	
Precauciones 2 191 2 4629,4684,	
Tres 1 191 1 4625,	
validez 1 191 1 4624,	
aplicable 2 191 2 4619,4689,	
Incompatibilidades 1 191 1 4617,	
talco 1 191 1 4614,	
almidón 1 191 1 4610,	
Relación 1 191 1 4602,	
	6 1 191 1 4600,	
FARMACÉUTICOS 1 191 1 4599,	
1/4 1 191 1 4581,	
administraron 1 191 1 4565,	
implantación 1 191 1 4561,	
pérdida 1 191 1 4558,	
hubo 1 191 1 4551,	
asociados 1 191 1 4515,	
postnatal 1 191 1 4503,	
perinatal 1 191 1 4501,	
teratología 2 191 2 4490,4548,	
1500 2 191 2 4484,4571,	
hidronefrosis 1 191 1 4467,	
ningún 1 191 1 4434,	
gestación 1 191 1 4410,	
apareamiento 1 191 1 4403,	
organogénesis 2 191 2 4388,4575,	
gestantes 2 191 2 4385,4438,	
3000 1 191 1 4381,	
administran 1 191 1 4376,	
fetal 2 191 2 4370,4559,	
indicativos 1 191 1 4363,	
roedores 1 191 1 4362,	
inferiores 1 191 1 4360,	
extremidades 1 191 1 4357,	
cráneo 1 191 1 4355,	
mg/m2) 2 191 2 4347,4456,	
pauta 5 191 5 4345,4428,4454,4541,4594,	
ocho 1 191 1 4335,	
(cuatro 1 191 1 4332,	
respectivamente 2 191 2 4323,4337,	
30 1 191 1 4319,	
conejos 2 191 2 4313,4550,	
control 1 191 1 4305,	
aumentó 1 191 1 4296,	
Teratogénesis 1 191 1 4293,	
corporal) 1 191 1 4292,	
superficie 1 191 1 4291,	
mg/m2 4 191 4 4289,4430,4543,4596,	
considerando 1 191 1 4288,	
reproducción 2 191 2 4269,4481,	
médula 1 191 1 4251,	
formación 1 191 1 4246,	
mamífero 1 191 1 4235,	
aberraciones 1 191 1 4230,	
bacterias 1 191 1 4225,	
mamíferos 1 191 1 4223,	
cinco 1 191 1 4333,	
utilizando 1 191 1 4220,	
estándar 1 191 1 4219,	
mutagénico 1 191 1 4214,	
genotóxico 1 191 1 4211,	
carcinogénico 1 191 1 4202,	
concurrentes 1 191 1 4181,	
controles 1 191 1 4180,	
adyacentes 1 191 1 4171,	
invadieron 1 191 1 4168,	
metastatizaron 1 191 1 4166,	
supervivencia 1 191 1 4161,	
afectaron 1 191 1 4158,	
grado 1 191 1 4156,	
macho 3 191 3 4107,4151,4196,	
pancreáticas 3 191 3 4102,4148,4192,	
células 5 191 5 4100,4146,4190,4221,4233,	
tumores 4 191 4 4097,4144,4153,4188,	
1000 4 191 4 4083,4379,4393,4494,	
250 1 191 1 4082,	
mg/kg/día 9 191 9 4075,4086,4126,4382,4443,4474,4485,4497,4572,	
dieta 1 191 1 4065,	
Durante 1 191 1 4057,	
preclínicos 1 191 1 4053,	
Datos 1 191 1 4052,	
única 1 191 1 4049,	
lineal 1 191 1 4032,	
T1/2) 1 191 1 4026,	
CLr 1 191 1 4024,	
Estos 1 191 1 4371,	
F 1 191 1 4022,	
CL/F 1 191 1 4011,	
osificación 1 191 1 4353,	
incluye 1 191 1 4002,	
no-linealidad 1 191 1 3993,	
confiere 1 191 1 3992,	
disminuye 1 191 1 3985,	
absorbida) 1 191 1 3982,	
Linealidad/No-linealidad 1 191 1 3976,	
mg/kg 3 191 3 3974,4277,4396,	
(aproximadamente 2 191 2 4278,4444,	
posología 1 191 1 3973,	
les 3 191 3 3965,4139,4564,	
Estas 3 191 3 4411,4522,4576,	
similares 2 191 2 3957,4174,	
mes 1 191 1 3936,	
determinó 1 191 1 3926,	
plasma 1 191 1 3893,	
proporcionales 1 191 1 3884,	
directamente 1 191 1 3883,	
velocidad 1 191 1 3870,	
constante 1 191 1 3868,	
plasmático 2 191 2 3864,3877,	
independiente 1 191 1 3833,	
semivida 1 191 1 3827,	
únicamente 1 191 1 3822,	
elimina 2 191 2 3820,3891,	
Eliminación 1 191 1 3817,	
responsables 1 191 1 3811,	
mixta 1 191 1 3810,	
oxidativas 1 191 1 3807,	
hepáticas 1 191 1 3806,	
induce 1 191 1 3803,	
hombre 1 191 1 3800,	
hay 1 191 1 3792,	
Metabolismo 1 191 1 3790,	
20% 1 191 1 3770,	
(LCR) 1 191 1 3765,	
cefalorraquídeo 1 191 1 3764,	
litros 1 191 1 3753,	
distribución 1 191 1 3749,	
volumen 1 191 1 3747,	
Distribución 1 191 1 3736,	
disponible 1 191 1 3735,	
post- 2 191 2 3730,4560,	
inalterada 2 191 2 3721,3821,	
Porcentaje 1 191 1 3717,	
post 1 191 1 3713,	
curva 1 191 1 3695,	
) 1 191 1 3918,	
Área 1 191 1 3692,	
Semivida 1 191 1 3686,	
1/2 2 191 2 3684,4445,	
Tiempo 1 191 1 3678,	
plasmática 1 191 1 3670,	
Concentración 1 191 1 3669,	
(37) 1 191 1 3666,	
(25) 1 191 1 3663,	
47 1 191 1 3661,	
(%) 1 191 1 3658,	
Ae% 3 191 3 3657,3715,4010,	
µg 1 191 1 3655,	
(27) 1 191 1 3654,	
51 1 191 1 3652,	
(34) 1 191 1 3651,	
34 2 191 2 3649,3664,	
(0-8) 2 191 2 3645,3690,	
(41) 1 191 1 3643,	
(89) 1 191 1 3640,	
(12) 1 191 1 3637,	
1/2(hr) 1 191 1 3634,	
T 2 191 2 3633,3683,	
(76) 1 191 1 3632,	
(54) 1 191 1 3629,	
(18) 1 191 1 3626,	
(hr) 1 191 1 3623,	
tmax 2 191 2 3622,3676,	
(29) 1 191 1 3621,	
71 1 191 1 3620,	
74 1 191 1 3617,	
(24) 2 191 2 3615,3648,	
(µg/ml) 1 191 1 3612,	
Cmax 3 191 3 3611,3667,3682,	
14) 2 191 2 3607,3610,	
7) 1 191 1 3604,	
= 9 191 9 3603,3606,3609,3668,3677,3685,3691,3716,3733,	
(N 3 191 3 3602,3605,3608,	
farmacocinético 1 191 1 3601,	
Parámetro 1 191 1 3594,	
(%CV) 1 191 1 3587,	
medios 1 191 1 3586,	
Resumen 1 191 1 3581,	
parámetros 3 191 3 3579,3584,3996,	
facilitan 1 191 1 3577,	
predictivas 1 191 1 3566,	
20 1 191 1 3556,	
µg/ml 2 191 2 3554,3557,	
repetida 1 191 1 3543,	
afectada 1 191 1 3539,	
grasas 1 191 1 3520,	
régimen 1 191 1 3517,	
60% 1 191 1 3512,	
aproximadamente 4 191 4 3510,3768,4526,4579,	
incrementa 1 191 1 3496,	
disminuir 1 191 1 3493,	
tiende 1 191 1 3491,	
absorbidas) 1 191 1 3488,	
observaron 2 191 2 3478,4261,	
máximas 2 191 2 3474,4117,	
Tras 1 191 1 3467,	
Absorción 1 191 1 3466,	
fases 1 191 1 3458,	
momento 1 191 1 3453,	
28 1 191 1 3448,	
evaluación 1 191 1 3446,	
disponibles 1 191 1 3443,	
diarias 1 191 1 3442,	
tenían 1 191 1 3439,	
además 1 191 1 3438,	
aleatorizados 1 191 1 3430,	
intención 1 191 1 3421,	
modificada 1 191 1 3419,	
5144 1 191 1 3415,	
8%) 1 191 1 3413,	
(20 1 191 1 3412,	
20/96 1 191 1 3411,	
2%) 1 191 1 3410,	
(17 1 191 1 3409,	
17/99 1 191 1 3408,	
7362 1 191 1 3403,	
0 4 191 4 3402,3414,3709,3726,	
5%) 1 191 1 3401,	
(23 1 191 1 3400,	
4/17 1 191 1 3399,	
0%) 1 191 1 3398,	
(19 1 191 1 3397,	
4/21 1 191 1 3396,	
P 1 191 1 3392,	
Valor 1 191 1 3390,	
Placebo 1 191 1 3388,	
AUTORIZACION/RENOVACIÓN 1 191 1 4729,	
Categoría 1 191 1 3385,	
MITT* 1 191 1 3380,	
población 2 191 2 3379,3418,	
50%) 1 191 1 3376,	
(Mejoría 1 191 1 3375,	
Respuesta 1 191 1 3374,	
tabla 1 191 1 3373,	
resumen 1 191 1 3369,	
procedentes 1 191 1 3362,	
6-12 1 191 1 3358,	
3-5 1 191 1 3355,	
FECHA 2 191 2 4725,4737,	
(grupos 1 191 1 3351,	
dicotómica 1 191 1 3350,	
continua 1 191 1 3348,	
responda 1 191 1 3344,	
revelaron 1 191 1 3333,	
tasas 1 191 1 3327,	
post-hoc 2 191 2 3324,3367,	
adicionales 2 191 2 3323,3366,	
Análisis 1 191 1 3322,	
placebo 1 191 1 3321,	
comparación 2 191 2 3319,4302,	
favor 1 191 1 3313,	
respondedores 2 191 2 3311,3329,	
50% 1 191 1 3307,	
significativa 1 191 1 3304,	
estadísticamente 3 191 3 3303,3339,4091,	
numérica 1 191 1 3300,	
demostró 1 191 1 3297,	
comprendidas 2 191 2 3289,3933,	
edades 3 191 3 3288,3353,3932,	
llevado 1 191 1 3282,	
Un 1 191 1 3270,	
síntesis 1 191 1 3261,	
químicos 1 191 1 3255,	
convulsivantes 1 191 1 3254,	
electroshock 1 191 1 3250,	
impide 1 191 1 3246,	
accede 1 191 1 3241,	
diversas 1 191 1 3227,	
importancia 2 191 2 3224,4508,	
cerebro 2 191 2 3218,3244,	
sódico 1 191 1 3212,	
áreas 1 191 1 3205,	
recambio 1 191 1 3200,	
aumenta 2 191 2 3198,3987,	
monoamino 1 191 1 3188,	
ligeramente 1 191 1 3183,	
alcanzan 1 191 1 3178,	
µM 1 191 1 3174,	
ensayo 1 191 1 3164,	
sistemas 1 191 1 3162,	
agonista 1 191 1 3155,	
parcialmente 1 191 1 3151,	
difiere 1 191 1 3143,	
consecuencia 1 191 1 3142,	
sodio 1 191 1 3137,	
interacciona 1 191 1 3132,	
N-metil-d-aspartato 1 191 1 3129,	
glicina 1 191 1 3127,	
GABAB 1 191 1 3124,	
A 1 191 1 3123,	
neurotransmisores 2 191 2 3116,3189,	
habituales 1 191 1 3109,	
receptores 3 191 3 3105,3113,3120,	
une 2 191 2 3102,3740,	
sitio 1 191 1 3091,	
identificada 1 191 1 3088,	
hidrouréter 1 191 1 4465,	
voltaje 1 191 1 3085,	
dependientes 1 191 1 3083,	
calcio 1 191 1 3082,	
canales 2 191 2 3080,3135,	
alfa2-delta 1 191 1 3077,	
subunidad 1 191 1 3076,	
derivados 1 191 1 3073,	
analgésica 1 191 1 3068,	
anticonvulsivante 1 191 1 3066,	
actividad 1 191 1 3065,	
hipocampo 1 191 1 3058,	
rata 1 191 1 3052,	
cerebrales 3 191 3 3050,3117,3206,	
Carcinogénesis 1 191 1 4056,	
tejidos 2 191 2 3049,4170,	
péptidos 1 191 1 3046,	
unión 2 191 2 3044,3093,	
nuevo 1 191 1 3041,	
caracterizado 1 191 1 3039,	
radiomarcada 1 191 1 3037,	
vitro 6 191 6 3033,3139,3166,3191,4216,4238,	
in 8 191 8 3032,3138,3165,3179,3190,4215,4237,4240,	
profármacos 1 191 1 3027,	
micronúcleos 1 191 1 4248,	
agonistas 1 191 1 3023,	
recaptación 1 191 1 3020,	
transaminasa 1 191 1 3016,	
inhibidores 3 191 3 3012,3017,3258,	
barbituratos 1 191 1 3010,	
valproato 2 191 2 3009,3211,	
sinapsis 1 191 1 3004,	
interaccionan 1 191 1 3001,	
activos 1 191 1 2999,	
principios 1 191 1 2998,	
aminobutírico) 1 191 1 2987,	
gamma- 1 191 1 2986,	
(ácido 1 191 1 2985,	
GABA 9 191 9 2984,3006,3015,3022,3025,3029,3122,3202,3263,	
neurotransmisor 1 191 1 2983,	
relacionada 1 191 1 2980,	
estructuralmente 1 191 1 2979,	
conoce 2 191 2 2976,4506,	
vértebras 1 191 1 4356,	
exacto 1 191 1 2971,	
acción 2 191 2 2970,2992,	
mecanismo 2 191 2 2968,2990,	
N03AX12 1 191 1 2966,	
ATC 1 191 1 2965,	
Código 1 191 1 2964,	
Otros 1 191 1 2962,	
farmacoterapéutico 1 191 1 2961,	
Grupo 1 191 1 2960,	
farmacodinámicas 1 191 1 2959,	
conservar 1 191 1 4634,	
Propiedades 2 191 2 2958,3464,	
ESTE 1 191 1 2954,	
FARMACOLÓGICAS 1 191 1 2952,	
PROPIEDADES 1 191 1 2951,	
hipoactividad 1 191 1 2947,	
respirar 1 191 1 2945,	
mg/Kg 1 191 1 2933,	
8000 1 191 1 2932,	
recibieron 1 191 1 2928,	
ratones 5 191 5 2924,4067,4310,4384,4437,	
letal 1 191 1 2920,	
identificado 1 191 1 2916,	
grave 1 191 1 2903,	
obstante 1 191 1 2898,	
benzodiazepinas 2 191 2 3011,3125,	
previa 1 191 1 2891,	
experiencia 1 191 1 2890,	
acuerdo 2 191 2 2887,3970,	
minimizar 1 191 1 2875,	
sobredosificación 1 191 1 2871,	
fármaco 2 191 2 2867,4119,	
limitar 1 191 1 2863,	
soporte 1 191 1 2852,	
totalmente 1 191 1 2848,	
recuperaron 1 191 1 2847,	
Todos 1 191 1 2843,	
letargia 1 191 1 2839,	
hablar 1 191 1 2837,	
dificultad 2 191 2 2835,2943,	
visión 1 191 1 2833,	
incluyen 3 191 3 2831,2941,4021,	
vida 1 191 1 2826,	
pudiera 1 191 1 2821,	
g 1 191 1 2812,	
49 1 191 1 2811,	
sobredosis 3 191 3 2806,2830,2879,	
Con 1 191 1 2805,	
Sobredosis 1 191 1 2804,	
9 2 191 2 2803,4724,	
agresivo 1 191 1 2799,	
comportamiento 1 191 1 2798,	
estructurales 1 191 1 3074,	
sólo 2 191 2 2778,4103,	
respiratorio 1 191 1 2772,	
4) 1 191 1 2768,	
clara 1 191 1 2764,	
500 5 191 5 4392,4442,4493,4664,4680,	
eliminada 1 191 1 3720,	
causalidad 1 191 1 2759,	
casos 1 191 1 2747,	
abrasión 1 191 1 2743,	
fractura 1 191 1 2742,	
accidentales 1 191 1 2741,	
traumáticas 1 191 1 2736,	
Lesiones 2 191 2 2735,2740,	
hepática 1 191 1 2734,	
valores 1 191 1 2728,	
diabetes 1 191 1 2724,	
glucemia 1 191 1 2720,	
leucocitario 1 191 1 2712,	
recuento 1 191 1 2711,	
Disminución 1 191 1 2709,	
REVISIÓN 1 191 1 4740,	
complementarias 1 191 1 2707,	
Exploraciones 1 191 1 2706,	
causal 1 191 1 2700,	
establecido 2 191 2 2697,3222,	
inesperadas 1 191 1 2690,	
notificado 4 191 4 2688,2746,2781,2796,	
dolores 1 191 1 2681,	
(principalmente 1 191 1 2677,	
síndrome 2 191 2 2669,2674,	
malestar 1 191 1 2668,	
marcha 1 191 1 2664,	
02 1 191 1 3614,	
generalizado 1 191 1 2663,	
ó 3 191 3 2662,4380,4394,	
N-metil-D-aspartato 1 191 1 3158,	
fiebre 1 191 1 2658,	
Fatiga 1 191 1 2657,	
frecuente 1 191 1 2656,	
lugar 2 191 2 2652,3042,	
generales 1 191 1 2647,	
Impotencia 1 191 1 2645,	
mama 1 191 1 2643,	
reproductor 1 191 1 2639,	
aparato 1 191 1 2638,	
agudo 1 191 1 2635,	
Fallo 1 191 1 2633,	
Incontinencia 1 191 1 2631,	
incidencia 4 191 4 4095,4298,4463,4556,	
Poco 1 191 1 2629,	
urinarios 1 191 1 2628,	
renales 1 191 1 2626,	
espasmos 1 191 1 2624,	
espalda 1 191 1 2623,	
Artralgia 1 191 1 2619,	
musculoesqueléticos 1 191 1 2613,	
alopecia 1 191 1 2611,	
uniforme 1 191 1 2610,	
eritema 1 191 1 2609,	
Stevens-Johnson 1 191 1 2607,	
Síndrome 1 191 1 2605,	
enzimas 1 191 1 3805,	
prurito 1 191 1 2602,	
erupción 1 191 1 2601,	
físico 1 191 1 2600,	
traumatismo 1 191 1 2599,	
resultantes 1 191 1 2596,	
contusiones 1 191 1 2595,	
menudo 1 191 1 2593,	
descrita 2 191 2 2590,4029,	
facial 1 191 1 2588,	
Edema 2 191 2 2587,2660,	
subcutáneo 1 191 1 2585,	
tejido 2 191 2 2584,2616,	
piel 1 191 1 2581,	
Hepatitis 1 191 1 2576,	
hepatobiliares 1 191 1 2574,	
flatulencia 1 191 1 2570,	
vivo 2 191 2 3180,4241,	
garganta 1 191 1 2569,	
modelos 1 191 1 3266,	
dispepsia 1 191 1 2562,	
abdominal 1 191 1 2561,	
gingivitis 1 191 1 2558,	
dentales 1 191 1 2557,	
nauseas 2 191 2 2555,2680,	
Vómitos 1 191 1 2554,	
gastrointestinales 1 191 1 2552,	
(fracción 2 191 2 3485,3979,	
rinitis 1 191 1 2550,	
tos 1 191 1 2549,	
faringitis 1 191 1 2548,	
bronquitis 2 191 2 2547,2777,	
Disnea 1 191 1 2546,	
torácicos 1 191 1 2542,	
vasodilatación 1 191 1 2539,	
Hipertensión 1 191 1 2538,	
vasculares 1 191 1 2536,	
Tinitus 1 191 1 2530,	
Vértigo 1 191 1 2528,	
angioedema 1 191 1 2608,	
oído 1 191 1 2523,	
diplopía 1 191 1 2520,	
ambliopía 1 191 1 2519,	
visuales 1 191 1 2516,	
Alteraciones 2 191 2 2515,4255,	
oculares 1 191 1 2513,	
distonía) 1 191 1 2511,	
discinesia 1 191 1 2510,	
coreoatetosis 1 191 1 2509,	
movimiento 1 191 1 2506,	
reflejos 1 191 1 2502,	
(F) 1 191 1 4007,	
ausencia 1 191 1 2500,	
descenso 1 191 1 2498,	
eliminarse 1 191 1 2883,	
coordinación 1 191 1 2494,	
hipoestesia 1 191 1 2493,	
parestesias 1 191 1 2492,	
sensaciones 1 191 1 2490,	
cabeza 1 191 1 2489,	
parámetro 1 191 1 4004,	
insomnio 2 191 2 2486,2679,	
temblor 1 191 1 2485,	
amnesia 1 191 1 2484,	
disartria 1 191 1 2483,	
variable 1 191 1 3347,	
hipercinesia 2 191 2 2482,2801,	
Convulsiones 1 191 1 2481,	
ataxia 2 191 2 2479,2942,	
mareos 1 191 1 2478,	
Somnolencia 1 191 1 2477,	
Alucinaciones 1 191 1 2470,	
glutamato 2 191 2 3126,3157,	
anormal 3 191 3 2468,2495,2665,	
pensamiento 1 191 1 2467,	
nerviosismo 1 191 1 2466,	
ansiedad 2 191 2 2465,2678,	
presente 1 191 1 3781,	
emocional 1 191 1 2463,	
observados 1 191 1 4177,	
2000 7 191 7 4074,4085,4125,4276,4395,4473,4496,	
inestabilidad 1 191 1 2462,	
confusión 1 191 1 2460,	
Hostilidad 1 191 1 2459,	
psiquiátricos 1 191 1 2457,	
medicación 1 191 1 3434,	
apetito 1 191 1 2455,	
Anorexia 1 191 1 2452,	
relación 3 191 3 2699,2757,3232,	
nutrición 1 191 1 2450,	
metabolismo 3 191 3 2446,3795,3813,	
urticaria) 1 191 1 2443,	
alérgicas 1 191 1 2440,	
inmunológico 1 191 1 2437,	
Trombocitopenia 1 191 1 2433,	
Raras 12 191 12 2432,2438,2469,2503,2529,2533,2571,2575,2604,2632,2671,2716,	
Leucopenia 1 191 1 2431,	
linfático 1 191 1 2429,	
sangre 1 191 1 2425,	
Trastornos 18 191 18 2422,2434,2444,2456,2471,2504,2512,2521,2531,2535,2540,2551,2573,2578,2612,2625,2636,2646,	
otitis 2 191 2 2420,2773,	
urinario 1 191 1 2418,	
respiratoria 1 191 1 2414,	
infección 3 191 3 2413,2415,2419,	
Neumonía 1 191 1 2412,	
Frecuentes 16 191 16 2411,2430,2451,2458,2480,2514,2527,2537,2545,2553,2586,2618,2644,2659,2708,2739,	
viral 1 191 1 2410,	
Infección 1 191 1 2409,	
Muy 3 191 3 2407,2475,2655,	
e 6 191 6 2405,2461,2737,2800,3245,4359,	
Infecciones 2 191 2 2404,2769,	
decreciente 1 191 1 2397,	
orden 1 191 1 2396,	
presentan 2 191 2 2394,3522,	
alta 3 191 3 2389,2861,4113,	
asignó 1 191 1 2385,	
le 1 191 1 2384,	
distintas 2 191 2 2382,3215,	
observó 4 191 4 2379,4088,4433,4458,	
adversa 1 191 1 2377,	
estreñimiento 1 191 1 2563,	
000) 1 191 1 2369,	
1/1 1 191 1 2368,	
24 1 191 1 3646,	
000; 1 191 1 2367,	
respiratorios 1 191 1 2541,	
(1/10 1 191 1 2366,	
raras 1 191 1 2365,	
1/100) 1 191 1 2363,	
000 1 191 1 2362,	
(1/1 1 191 1 2361,	
<1/10) 1 191 1 2358,	
(1/100 1 191 1 2357,	
(1/10) 1 191 1 2355,	
(muy 1 191 1 2353,	
blister 2 191 2 4657,4673,	
ordenadas 1 191 1 2348,	
siguiente 2 191 2 2347,3372,	
adjuntan 1 191 1 2343,	
monoterapia) 1 191 1 2338,	
llevados 1 191 1 2329,	
observadas 1 191 1 2324,	
Reacciones 3 191 3 2319,2439,2672,	
8 7 191 7 2318,3619,3639,3647,3711,3728,4583,	
aumentar 1 191 1 2314,	
comienzo 1 191 1 2308,	
especialmente 1 191 1 2306,	
Esto 1 191 1 2304,	
maquinaria 1 191 1 2303,	
manejen 1 191 1 2302,	
conduzcan 1 191 1 2300,	
cabo 2 191 2 2331,3284,	
peligrosas 1 191 1 2295,	
potencialmente 1 191 1 2294,	
moderadas 1 191 1 2288,	
leves 1 191 1 2286,	
crecimiento 1 191 1 4369,	
síntomas 2 191 2 2282,2828,	
u 2 191 2 2280,4334,	
mareo 2 191 2 2279,2832,	
causar 1 191 1 2277,	
central 1 191 1 2274,	
nervioso 2 191 2 2273,2474,	
sistema 5 191 5 2272,2350,2428,2436,2473,	
actúa 1 191 1 2269,	
reducida 2 191 2 2265,2854,	
influencia 1 191 1 2255,	
máquinas 2 191 2 2253,2262,	
conducir 2 191 2 2250,2259,	
capacidad 1 191 1 2248,	
Efectos 1 191 1 2245,	
superan 1 191 1 2239,	
utilizara 1 191 1 2232,	
administre 1 191 1 2224,	
prestarse 1 191 1 2220,	
lactantes 4 191 4 2218,2228,2235,3789,	
desconocer 1 191 1 2212,	
leche 2 191 2 2209,3784,	
excreta 1 191 1 2206,	
notificaron 1 191 1 2203,	
asociada 1 191 1 2168,	
concluir 1 191 1 2164,	
feto 1 191 1 2159,	
potencial 2 191 2 2156,4210,	
superior 2 191 2 2153,4637,	
claramente 2 191 2 2152,2240,	
beneficio 1 191 1 2147,	
excepto 1 191 1 2144,	
embarazo 2 191 2 2143,2182,	
debería 1 191 1 2139,	
humanos 10 191 10 2136,4136,4205,4287,4328,4342,4422,4451,4535,4588,	
seres 2 191 2 2135,4204,	
desconoce 2 191 2 2131,4183,	
utilizarse 1 191 1 2140,	
3) 1 191 1 2129,	
reproductiva 1 191 1 2125,	
toxicidad 4 191 4 2124,2818,2877,2937,	
mostrado 1 191 1 2123,	
animales 4 191 4 2121,2940,3239,4164,	
utilización 1 191 1 2112,	
suficientes 1 191 1 2109,	
datos 3 191 3 2108,3361,4046,	
existen 1 191 1 2107,	
materna 3 191 3 2097,2210,3785,	
sociales 1 191 1 2093,	
genéticos 2 191 2 2092,3267,	
causado 1 191 1 2089,	
embarazos 1 191 1 2200,	
diferenciar 1 191 1 2080,	
retraso 5 191 5 2067,2083,4350,4366,4518,	
Raramente 1 191 1 2063,	
hijo 1 191 1 2062,	
madre 2 191 2 2058,2150,	
consecuencias 1 191 1 2054,	
graves 1 191 1 2053,	
llevar 1 191 1 2045,	
repentinamente 1 191 1 2037,	
embarazada 1 191 1 2032,	
quedarse 1 191 1 2031,	
planea 1 191 1 2030,	
mujer 1 191 1 2029,	
revisar 1 191 1 2021,	
fértil 1 191 1 2019,	
embarazadas 2 191 2 2015,2117,	
probablemente 1 191 1 2014,	
estén 1 191 1 2013,	
mujeres 2 191 2 2011,2116,	
específico 1 191 1 2008,	
consejo 1 191 1 2007,	
dar 1 191 1 2006,	
posible 3 191 3 2002,2079,2214,	
* 1 191 1 3416,	
sea 1 191 1 2001,	
Marzo 1 191 1 4733,	
trate 1 191 1 1996,	
importante 2 191 2 1993,2049,	
(38) 1 191 1 3618,	
mayor 1 191 1 1982,	
asociarse 1 191 1 1979,	
múltiple 1 191 1 1974,	
Una 1 191 1 1972,	
fácilmente 1 191 1 3242,	
tubo 1 191 1 1970,	
anomalías 2 191 2 1968,2556,	
gripal 1 191 1 2670,	
cardiovasculares 1 191 1 1966,	
malformaciones 4 191 4 1965,1985,2175,4300,	
leporino 1 191 1 1964,	
labio 1 191 1 1963,	
eliminación 5 191 5 3688,3829,3872,4016,4687,	
frecuentemente 2 191 2 1960,2797,	
tratadas 3 191 3 1952,4108,4123,	
madres 5 191 5 1951,2074,2227,2234,3788,	
aumentado 1 191 1 1943,	
ósea 1 191 1 4252,	
ve 2 191 2 1942,3538,	
defectos 1 191 1 1937,	
padecer 1 191 1 1936,	
riesgo 6 191 6 1934,1983,2133,2155,2173,4201,	
asociado 2 191 2 1922,2103,	
factores 1 191 1 2091,	
Riesgo 2 191 2 1921,2102,	
lactancia 1 191 1 1920,	
Embarazo 1 191 1 1918,	
relevancia 2 191 2 1914,4185,	
espera 1 191 1 1911,	
hecho 1 191 1 1906,	
cimetidina 1 191 1 1905,	
aparecen 2 191 2 1961,4373,	
administra 4 191 4 1903,2179,3966,4140,	
clínicamente 1 191 1 3525,	
ligera 1 191 1 1893,	
probenecid 1 191 1 1888,	
altera 1 191 1 1883,	
excreción 3 191 3 1877,1897,3824,	
24% 1 191 1 1863,	
aluminio 1 191 1 1853,	
componentes 1 191 1 1844,	
estadio 2 191 2 1840,4038,	
moderada 1 191 1 2267,	
influye 1 191 1 1835,	
etinil 1 191 1 1832,	
noretindrona 1 191 1 1830,	
contengan 2 191 2 1829,1852,	
orales 1 191 1 1827,	
anticonceptivos 1 191 1 1826,	
coadministración 2 191 2 1822,1846,	
mueve 1 191 1 3839,	
observada 1 191 1 1812,	
sujetos 3 191 3 1808,3286,3929,	
similar 2 191 2 1806,3209,	
estacionario 7 191 7 1804,1841,3591,3675,3703,3778,4039,	
farmacocinética 7 191 7 1799,1838,3529,3533,3920,4014,4031,	
reduce 4 191 4 1856,3150,3182,3861,	
carbamazepina 2 191 2 1797,3147,	
valproico 1 191 1 1795,	
ácido 1 191 1 1794,	
fenitoína 2 191 2 1793,3145,	
fenobarbital 1 191 1 1792,	
reducirse 1 191 1 1776,	
SNC 1 191 1 1772,	
signos 2 191 2 1768,2935,	
detectar 1 191 1 1767,	
controlados 1 191 1 1765,	
cuidadosamente 1 191 1 1764,	
comparada 1 191 1 1750,	
AUC 3 191 3 1747,3644,3689,	
adversos 1 191 1 4263,	
media 3 191 3 1745,2421,2774,	
44% 1 191 1 1742,	
mediastínicos 1 191 1 2544,	
observándose 1 191 1 1737,	
Mutagénesis 1 191 1 4206,	
600 2 191 2 1733,4072,	
controlada 1 191 1 1724,	
liberación 2 191 2 1723,3185,	
laberinto 1 191 1 2526,	
60 2 191 2 1720,4568,	
Fluctuaciones 1 191 1 2717,	
morfina 3 191 3 1718,1757,1783,	
administró 2 191 2 1714,4061,	
sanos 3 191 3 1711,1809,3930,	
voluntarios 1 191 1 1710,	
interacción 2 191 2 1705,1788,	
formas 1 191 1 1703,	
Interacción 1 191 1 1696,	
glucosa-galactosa 1 191 1 1687,	
absorción 3 191 3 1685,2855,2865,	
mala 1 191 1 1684,	
problemas 1 191 1 1682,	
poner 1 191 1 2822,	
Lapp 1 191 1 1680,	
lactasa 1 191 1 1678,	
galactosa 1 191 1 1675,	
tracto 2 191 2 2417,2771,	
intolerancia 1 191 1 1672,	
alternativos 1 191 1 1665,	
colorantes 1 191 1 1659,	
-administración 1 191 1 3714,	
fijación 1 191 1 1657,	
(NMDA) 1 191 1 3159,	
turbidimétrico 1 191 1 1652,	
Biuret 1 191 1 1651,	
boca 1 191 1 2566,	
método 1 191 1 1650,	
analítico 1 191 1 1645,	
basados 1 191 1 1641,	
métodos 3 191 3 1640,1655,1664,	
positivo 1 191 1 1635,	
resultado 1 191 1 1634,	
verificar 1 191 1 1632,	
reactivas 1 191 1 1626,	
tiras 2 191 2 1625,1638,	
tratar 1 191 1 3423,	
análisis 3 191 3 1623,2731,3365,	
orina 2 191 2 1620,3723,	
totales 1 191 1 1618,	
generalmente 1 191 1 3551,	
magnesio 1 191 1 1855,	
proteínas 2 191 2 1617,3742,	
semi-cuantitativa 1 191 1 1614,	
pecho 1 191 1 2685,	
determinación 1 191 1 1613,	
positivos 1 191 1 1610,	
falsos 1 191 1 1609,	
lecturas 1 191 1 1607,	
obtener 1 191 1 1606,	
laboratorio 1 191 1 1603,	
Pruebas 1 191 1 1601,	
potenciales 1 191 1 1597,	
riesgos 2 191 2 1596,2242,	
frente 2 191 2 1593,3704,	
ratas 11 191 11 2926,3197,4078,4106,4122,4150,4195,4271,4311,4398,4469,	
sopesarse 1 191 1 1592,	
prolongada 1 191 1 1590,	
adecuadamente 2 191 2 1581,1777,	
desarrollo 4 191 4 1572,2070,2086,4521,	
inteligencia 1 191 1 1569,	
aprendizaje 1 191 1 1567,	
semanas) 1 191 1 1564,	
neocortex 1 191 1 3055,	
36 1 191 1 1563,	
(más 1 191 1 1561,	
efectos 4 191 4 1552,3235,4262,4372,	
observado 5 191 5 1545,1787,1891,2066,2816,	
diferente 3 191 3 1543,1646,2994,	
adversas 5 191 5 1542,2291,2320,2323,2392,	
leve 1 191 1 2842,	
reacciones 4 191 4 1541,2290,2322,2391,	
perfil 1 191 1 1539,	
haya 1 191 1 1537,	
grupo 3 191 3 1531,3315,3432,	
clínicas 1 191 1 1528,	
investigaciones 1 191 1 1527,	
hallazgos 2 191 2 1525,4511,	
Aparte 1 191 1 1522,	
jóvenes 2 191 2 1521,1550,	
dad 1 191 1 1516,	
partir 2 191 2 1511,4043,	
alto 2 191 2 1507,3518,	
envase 1 191 1 4646,	
porcentaje 1 191 1 1504,	
apareció 1 191 1 1496,	
ciego 2 191 2 1490,3461,	
sistemáticos 1 191 1 1474,	
realizado 1 191 1 1472,	
doble 3 191 3 1489,2834,3460,	
incluyendo 6 191 6 1467,3007,3053,3118,3256,3515,	
mixtas 1 191 1 1466,	
precaución 1 191 1 1461,	
usarse 1 191 1 1459,	
tipo 1 191 1 1448,	
agravar 1 191 1 1446,	
pudiendo 1 191 1 1445,	
primarias 1 191 1 1440,	
PRIMERA 1 191 1 4728,	
generalizadas 1 191 1 1439,	
considera 1 191 1 1431,	
éxito 1 191 1 1426,	
índice 2 191 2 1424,3309,	
antiepiléptico 5 191 5 1415,1956,2026,2040,2101,	
refractarios 1 191 1 1408,	
concomitantes 2 191 2 1405,2197,	
retirar 1 191 1 1401,	
intentos 1 191 1 1399,	
mialgia 1 191 1 2620,	
ocurre 2 191 2 1394,2305,	
tipos 1 191 1 1388,	
nuevos 1 191 1 1387,	
aparición 1 191 1 1385,	
acinares 3 191 3 4101,4147,4191,	
frecuencia 4 191 4 1379,2352,2387,2403,	
frecuencias 1 191 1 2381,	
aumento 10 191 10 1376,1739,2171,2453,2497,2713,2725,4090,4460,4553,	
experimentar 1 191 1 1374,	
medicamentos 7 191 7 1366,1403,1700,1929,1976,2195,4747,	
igual 2 191 2 1361,1392,	
Al 3 191 3 1360,1391,2211,	
epiléptico 1 191 1 1355,	
estatus 1 191 1 1354,	
precipitar 1 191 1 1352,	
anticonvulsivantes 2 191 2 1347,3236,	
fármacos 4 191 4 1346,1819,3108,3816,	
brusca 1 191 1 1343,	
rebote 1 191 1 1338,	
fertilidad 3 191 3 4258,4266,4479,	
evidencia 2 191 2 1334,3793,	
existe 1 191 1 1333,	
Aunque 3 191 3 1331,2880,3544,	
8) 1 191 1 1330,	
interrupción 1 191 1 1324,	
considerarse 1 191 1 1322,	
estuvieron 1 191 1 3550,	
aguda 4 191 4 1320,2750,2819,2938,	
pancreatitis 2 191 2 1319,2749,	
desarrolla 1 191 1 1318,	
tratado 1 191 1 1315,	
Si 1 191 1 1312,	
conteniendo 2 191 2 4658,4674,	
especiales 3 191 3 1309,4630,4685,	
precauciones 1 191 1 1308,	
Advertencias 1 191 1 1306,	
activo 1 191 1 1297,	
principio 2 191 2 1296,1644,	
Hipersensibilidad 1 191 1 1294,	
Contraindicaciones 1 191 1 1293,	
Adicionalmente 1 191 1 1269,	
dadas 1 191 1 1264,	
basarse 1 191 1 1258,	
mantenimiento 2 191 2 1254,1274,	
MINISTERIO 4 191 4 1238,1693,2160,3975,	
sudoración) 1 191 1 2682,	
tratarse 1 191 1 1235,	
dializa 1 191 1 1232,	
después 4 191 4 1219,1284,1870,2312,	
200 3 191 3 1215,1280,4071,	
seguida 1 191 1 1209,	
carga 1 191 1 1203,	
definió 1 191 1 3425,	
tratados 2 191 2 1195,1370,	
infestaciones 1 191 1 2406,	
anuria 1 191 1 1187,	
nistagmo 1 191 1 2496,	
reciben 2 191 2 1168,1818,	
mitad 1 191 1 1163,	
recibir 1 191 1 1161,	
deben 4 191 4 1160,1591,1689,1762,	
7 6 191 6 1157,2244,3625,3752,3846,4690,	
proporción 1 191 1 1143,	
reducir 1 191 1 1138,	
ml/min 2 191 2 1134,1159,	
(parámetros 1 191 1 4017,	
depresión 2 191 2 1770,2464,	
< 2 191 2 1132,3393,	
diferencia 1 191 1 3299,	
aclaramiento 8 191 8 1129,1145,1153,1173,3863,3876,3880,3886,	
c 1 191 1 1124,	
administrase 1 191 1 1118,	
Deben 1 191 1 1117,	
ml/min) 2 191 2 1115,1176,	
diarrea 2 191 2 2559,2841,	
<79 1 191 1 1114,	
(aclaramiento 1 191 1 1111,	
cardíacos 1 191 1 2532,	
presencia 1 191 1 2193,	
alteración 3 191 3 1109,2902,3855,	
son 11 191 11 1105,1962,3565,3766,3882,3956,4040,4127,4413,4524,4578,	
reducidas 1 191 1 1104,	
administrarse 1 191 1 1095,	
150b-300 1 191 1 1088,	
<15c 1 191 1 1087,	
15-29 1 191 1 1086,	
300-900 1 191 1 1085,	
30-49 1 191 1 1084,	
600-1800 1 191 1 1083,	
50-79 1 191 1 1082,	
900-3600 1 191 1 1081,	
80 1 191 1 1080,	
(ml/min) 1 191 1 1079,	
Creatinina 1 191 1 1078,	
57 1 191 1 3751,	
Aclaramiento 1 191 1 1076,	
RENAL 1 191 1 1075,	
peligro 1 191 1 2824,	
LA 6 191 6 1073,4693,4700,4727,4731,4739,	
Vd/F 1 191 1 4012,	
SEGÚN 1 191 1 1072,	
ADULTOS 1 191 1 1071,	
insuficiencia 2 191 2 1063,1676,	
indicadas 1 191 1 1059,	
recomendaciones 2 191 2 1056,1261,	
siguiendo 1 191 1 1054,	
utilizar 4 191 4 1053,1662,2252,2261,	
100 2 191 2 1047,3173,	
sometidos 5 191 5 1041,1180,1188,1248,3911,	
y/o 3 191 3 1038,1831,4466,	
deteriorada 1 191 1 1028,	
alterada 2 191 2 1013,3909,	
Pacientes 1 191 1 1008,	
EN 1 191 1 1070,	
frecuentes 7 191 7 1004,2354,2356,2360,2408,2476,2630,	
edema 2 191 2 996,1498,	
somnolencia 5 191 5 994,1497,1774,2278,2838,	
2) 2 191 2 992,1359,	
edad 9 191 9 989,1483,1533,2018,3331,3338,3384,3387,3955,	
superiores 3 191 3 3171,4130,4358,	
deterioro 2 191 2 982,1243,	
debido 2 191 2 980,2183,	
ajuste 3 191 3 976,1018,3899,	
necesitar 1 191 1 974,	
Los 11 191 11 970,1551,1669,1957,2118,2827,2934,3030,3360,3513,4143,	
años) 2 191 2 969,3359,	
astenia 3 191 3 1000,1501,2666,	
65 5 191 5 968,1480,1513,4712,4722,	
(mayores 1 191 1 966,	
ancianos 4 191 4 965,972,1007,3850,	
sequedad 1 191 1 2564,	
Uso 2 191 2 962,1177,	
incrementos 1 191 1 959,	
intervalos 1 191 1 956,	
mayores 1 191 1 955,	
lentamente 1 191 1 945,	
titular 1 191 1 943,	
órgano 1 191 1 936,	
trasplante 1 191 1 934,	
corporal 1 191 1 931,	
débil 1 191 1 925,	
salud 1 191 1 924,	
general 4 191 4 922,1932,3941,4482,	
Instrucciones 1 191 1 912,	
adicional 1 191 1 911,	
necesidad 2 191 2 907,2023,	
crías 1 191 1 4308,	
determinar 1 191 1 905,	
clínica 2 191 2 901,1915,	
situación 1 191 1 900,	
evaluar 1 191 1 898,	
durante 10 191 10 890,2141,2180,2325,2751,3447,3456,4386,4401,4573,	
caso 2 191 2 879,2869,	
duración 1 191 1 877,	
meses 2 191 2 875,894,	
seguridad 3 191 3 852,3569,4055,	
estudiado 2 191 2 847,1580,	
iguales 1 191 1 756,	
tomas 2 191 2 755,1099,	
repartida 2 191 2 752,1096,	
alternativa 1 191 1 744,	
De 1 191 1 742,	
muestra 1 191 1 738,	
significativo 3 191 3 3340,3526,4092,	
iniciar 1 191 1 729,	
púrpura 1 191 1 2589,	
Dolor 1 191 1 721,	
peso 2 191 2 930,2715,	
antiepilépticos 9 191 9 720,1367,1397,1404,1820,1930,1977,2196,2963,	
séricas 1 191 1 717,	
alteraciones 2 191 2 706,2649,	
antiácidos 2 191 2 1850,1875,	
produzcan 1 191 1 705,	
epilépticos 2 191 2 701,1350,	
muertes 1 191 1 2689,	
combinación 2 191 2 698,2335,	
farmacocinéticas 1 191 1 3465,	
usada 1 191 1 696,	
Además 2 191 2 692,2787,	
optimizar 1 191 1 687,	
plasmáticas 11 191 11 683,710,3473,3547,3699,3743,3774,3944,4035,4116,4134,	
Aún 1 191 1 2284,	
concentraciones 15 191 15 682,709,716,3098,3170,3472,3546,3563,3698,3759,3773,3943,4034,4115,4133,	
predecibles 1 191 1 4041,	
monitorizar 1 191 1 680,	
necesario 2 191 2 679,2896,	
No 20 191 20 677,844,1469,1784,2033,2077,2106,2161,2897,2913,3219,3734,3791,4212,4259,4431,4504,4618,4633,4688,	
Pancreatitis 1 191 1 2572,	
dividirse 1 191 1 659,	
clínico 4 191 4 650,3272,4662,4678,	
estudio 9 191 9 649,1488,1708,3271,3436,4477,4488,4500,4546,	
ictericia 1 191 1 2577,	
endina 1 191 1 639,	
35 1 191 1 635,	
25 2 191 2 633,4321,	
aproximado 1 191 1 614,	
período 1 191 1 613,	
incremento 1 191 1 604,	
alcanza 1 191 1 601,	
efectiva 2 191 2 599,620,	
mg/Kg/día 3 191 3 595,636,642,	
15 3 191 3 594,1133,1175,	
10 5 191 5 592,3638,3641,4128,4736,	
inicial 3 191 3 588,747,3454,	
Niños 1 191 1 580,	
convulsiones 4 191 4 579,2775,3248,3269,	
prevenir 1 191 1 577,	
creatinina 5 191 5 1113,1131,1147,1155,3888,	
máximo 3 191 3 571,672,3251,	
intervalo 2 191 2 570,671,	
horas 10 191 10 568,669,1223,1288,1726,1869,3482,3712,3729,3847,	
exceder 2 191 2 565,666,	
debiendo 3 191 3 564,665,1775,	
unitarias 2 191 2 562,663,	
dividir 1 191 1 558,	
diaria 9 191 9 554,656,1092,1141,1166,4284,4326,4340,4449,	
abiertos 1 191 1 548,	
estudios 7 191 7 546,1473,2119,2327,2372,3031,3560,	
farmacocinéticos 4 191 4 3580,3585,3997,4018,	
toleradas 2 191 2 544,646,	
cromosómicas 1 191 1 4231,	
neural 1 191 1 1971,	
sido 5 191 5 542,644,1194,3087,4514,	
(en 1 191 1 2334,	
han 13 191 13 541,643,1193,1471,1579,2122,2687,2696,2745,2780,2795,3038,4513,	
4800 1 191 1 539,	
retirada 2 191 2 1342,2676,	
Dosis 2 191 2 534,637,	
semanas 4 191 4 520,533,830,843,	
total 7 191 7 517,530,555,657,827,840,1093,	
hereditaria 1 191 1 1673,	
2400 2 191 2 512,822,	
1800 2 191 2 504,814,	
lenta 2 191 2 490,800,	
realizar 3 191 3 486,796,1016,	
adecuado 2 191 2 485,795,	
resultar 2 191 2 484,794,	
pacientes 37 191 37 482,792,918,964,971,1006,1023,1040,1061,1107,1126,1150,1170,1179,1185,1241,1349,1369,1407,1453,1463,1478,1492,1509,1519,1548,1670,1761,1814,2298,2722,2845,2900,3429,3755,3849,3904,	
máxima 4 191 4 476,786,3671,4283,	
días 5 191 5 471,617,1122,1228,3449,	
2-3 4 191 4 470,781,1945,3481,	
posteriormente 3 191 3 465,776,1210,	
incrementándose 2 191 2 464,775,	
paciente 5 191 5 459,770,883,903,1314,	
tolerabilidad 2 191 2 456,767,	
respuesta 3 191 3 454,765,3153,	
basándose 2 191 2 451,762,	
Por 6 191 6 448,759,1454,1582,1627,1758,	
(TVD) 1 191 1 443,	
mediante 7 191 7 433,602,730,947,1639,2849,4030,	
800 1 191 1 3599,	
describe 2 191 2 427,1033,	
titulando 1 191 1 420,	
NA 3 191 3 3659,3660,3732,	
iniciarse 1 191 1 419,	
hr/ml 1 191 1 3656,	
mg/día 14 191 14 415,468,479,505,513,526,540,751,779,789,815,823,836,4142,	
Se 12 191 12 1014,1604,1864,1889,2003,2130,2686,2744,3896,4087,4182,4457,	
3600 10 191 10 414,478,525,788,835,4141,4330,4424,4537,4590,	
900 2 191 2 412,750,	
eficaz 2 191 2 409,1432,	
rango 2 191 2 406,3842,	
clínicos 8 191 8 404,547,870,2328,2373,2784,2791,3561,	
ensayos 5 191 5 403,869,2783,2790,4218,	
Adultos 2 191 2 398,724,	
mínimo 3 191 3 397,498,808,	
semana 3 191 3 395,509,819,	
gradual 1 191 1 389,	
manera 1 191 1 388,	
alternativo 1 191 1 383,	
sustituirlo 1 191 1 379,	
interrumpir 2 191 2 375,2036,	
hemodiálisis 10 191 10 1043,1182,1190,1225,1250,1290,2885,2912,3895,3913,	
reducción 2 191 2 371,1894,	
absoluta 1 191 1 3501,	
necesite 2 191 2 369,884,	
juicio 1 191 1 365,	
Cuando 1 191 1 363,	
beneficios 2 191 2 1586,2238,	
individual 3 191 3 362,457,768,	
ausencias 2 191 2 1444,1468,	
eficacia 3 191 3 361,849,3571,	
tolerancia 1 191 1 359,	
función 10 191 10 356,985,1011,1026,1246,2733,2906,3809,3858,3907,	
dosis 73 191 73 354,374,408,422,461,475,493,502,553,561,575,587,598,619,655,662,676,734,746,772,785,803,812,939,951,961,979,1021,1058,1091,1103,1140,1165,1201,1213,1252,1263,1272,1278,1779,2316,2859,2918,2929,3487,3498,3719,3836,3902,3968,3981,3989,4048,4069,4080,4111,4273,4282,4315,4325,4339,4377,4390,4412,4420,4440,4448,4471,4523,4533,4566,4577,4586,	
determinará 1 191 1 352,	
médico 3 191 3 351,367,896,	
El 6 191 6 350,416,496,806,1933,2967,	
plazo 4 191 4 349,551,653,1560,	
requiere 1 191 1 344,	
normalmente 2 191 2 343,2895,	
epilepsia 8 191 8 342,1816,1925,2076,2096,2186,2333,3757,	
La 27 191 27 341,552,586,618,654,725,993,1090,1798,1821,1845,1876,2254,2756,2853,3075,3148,3192,3417,3483,3499,3532,3826,3867,3919,3977,4013,	
b 1 191 1 1116,	
tres 5 191 5 336,439,661,754,1098,	
veces 11 191 11 331,337,440,1946,4129,4280,4322,4336,4418,4531,4584,	
día 6 191 6 327,333,339,442,758,1101,	
vez 1 191 1 325,	
Día 4 191 4 316,318,320,446,	
gravedad 1 191 1 2399,	
INICIAL 1 191 1 315,	
TITULACIÓN 1 191 1 314,	
­ 1 191 1 313,	
DOSIS 2 191 2 312,1067,	
acciones 1 191 1 3228,	
DE 10 191 10 311,1068,2953,4692,4695,4699,4702,4726,4730,4738,	
DIAGRAMA 1 191 1 310,	
diferenciado 1 191 1 302,	
regiones 1 191 1 3216,	
epígrafe 1 191 1 301,	
reacción 1 191 1 2376,	
recogidas 1 191 1 298,	
encuentran 1 191 1 297,	
indican 1 191 1 1535,	
menores 2 191 2 292,952,	
dosificación 1 191 1 289,	
pautas 1 191 1 287,	
indujo 3 191 3 4228,4244,4349,	
Las 7 191 7 286,1044,1102,2321,2390,4033,4114,	
recomienda 7 191 7 275,1015,1199,1276,1631,1865,3897,	
indicaciones 2 191 2 272,916,	
inicio 2 191 2 265,1668,	
titulación 5 191 5 262,488,607,731,798,	
esquema 1 191 1 260,	
adjunta 1 191 1 258,	
alternos 1 191 1 1123,	
Tabla 9 191 9 255,308,430,740,991,1036,1065,1267,3574,	
En 17 191 17 253,401,480,790,878,917,1125,1226,1486,1706,2370,3237,3572,3754,3848,3940,4544,	
nacimiento 1 191 1 1940,	
agua) 1 191 1 252,	
tenga 1 191 1 1913,	
vaso 1 191 1 250,	
ejemplo 5 191 5 248,927,1149,2442,2508,	
(por 4 191 4 247,1148,2441,2507,	
líquido 2 191 2 246,3763,	
suficiente 1 191 1 244,	
ingesta 1 191 1 243,	
entero 1 191 1 240,	
tragarse 1 191 1 239,	
debe 14 191 14 238,385,418,557,589,658,897,1094,1234,1257,1321,1458,2035,2219,	
Período 1 191 1 4622,	
alcanzar 9 191 9 473,500,511,523,783,810,821,833,3680,	
alimentos 2 191 2 236,3514,	
hámsters 1 191 1 4254,	
administrar 2 191 2 232,1729,	
conjuntivo 1 191 1 2617,	
oral 3 191 3 228,2919,3470,	
Vía 1 191 1 227,	
efecto 4 191 4 2215,3335,3524,4435,	
administración 9 191 9 226,435,1873,1886,2654,3193,3469,3542,3731,	
forma 3 191 3 224,743,3208,	
Posología 1 191 1 222,	
post-herpética 2 191 2 217,867,	
Palpitaciones 1 191 1 2534,	
administrada 2 191 2 1755,4285,	
neuralgia 2 191 2 216,866,	
dolorosa 1 191 1 213,	
diabética 2 191 2 212,863,	
neuropatía 2 191 2 211,862,	
periférico 8 191 8 197,207,723,858,889,997,1499,2661,	
neuropático 7 191 7 196,206,722,857,888,1495,2341,	
dolor 11 191 11 195,205,856,887,1494,2340,2487,2560,2621,2667,2683,	
Tratamiento 1 191 1 193,	
12 8 191 8 189,282,294,567,668,3295,3406,3938,	
adolescentes 4 191 4 186,279,400,1576,	
monoterapia 4 191 4 171,1419,1989,1998,	
1) 1 191 1 166,	
5 19 191 19 165,874,893,1158,1695,2128,2950,2956,3462,3616,3635,3650,3844,3952,4050,4279,4417,4530,4641,	
apartado 6 191 6 164,1328,1357,2127,2766,3915,	
(ver 7 191 7 163,990,1327,1356,2126,2765,3914,	
adelante 7 191 7 162,192,285,304,585,630,1485,	
años 15 191 15 160,190,283,295,583,628,1481,1514,3296,3395,3407,3939,3953,4059,4626,	
niños 10 191 10 156,291,624,1574,1949,2072,2786,2793,3924,3948,	
adultos 5 191 5 154,184,219,277,3962,	
secundaria 2 191 2 152,182,	
generalización 2 191 2 151,181,	
o 31 191 31 149,179,234,378,432,713,953,1298,1383,1653,1660,1681,1782,1796,1854,2016,2098,2266,2287,2301,2336,2499,2567,2948,3128,3349,3570,3910,4224,4267,4312,	
parciales 3 191 3 147,177,3281,	
crisis 11 191 11 146,176,1336,1382,1390,1438,1450,1465,2048,3280,3441,	
tratamiento 18 191 18 144,174,203,377,417,854,885,1410,1435,2025,2039,2100,2310,2703,2753,2850,3278,3382,	
excitación 1 191 1 2949,	
combinada 2 191 2 141,3275,	
biodisponibilidad 5 191 5 1858,3484,3500,3978,4006,	
terapia 10 191 10 140,268,346,689,726,910,1555,1589,1973,3274,	
indicada 4 191 4 138,169,200,2910,	
está 8 191 8 137,168,199,2167,2763,2978,3780,4027,	
Gabapentina 23 191 23 136,167,198,229,1428,2137,2204,2229,2268,2977,3096,3130,3181,3389,3737,3779,3801,3818,3889,4207,4226,4294,4348,	
Epilepsia 2 191 2 135,340,	
terapéuticas 2 191 2 134,3099,	
Indicaciones 1 191 1 133,	
	4 1 191 1 131,	
CLÍNICOS 1 191 1 130,	
DATOS 2 191 2 129,4598,	
4 20 191 20 128,220,1222,1287,1291,1304,1305,1329,1358,1694,1916,2243,2317,2767,2802,3613,3653,3665,3916,4628,	
naranja 1 191 1 127,	
amarillo 1 191 1 115,	
color 2 191 2 114,126,	
gelatina 2 191 2 111,123,	
Cápsulas 4 191 4 104,109,116,121,	
	Cápsulas 1 191 1 102,	
FARMACÉUTICA 1 191 1 101,	
FORMA 1 191 1 100,	
3 11 191 11 99,321,532,560,616,842,1292,3292,3575,4051,4621,	
6 16 191 16 97,159,582,627,1917,3394,3404,3631,3642,4597,4615,4620,4627,4640,4682,4683,	
sección 2 191 2 96,307,	
ver 1 191 1 95,	
excipientes 3 191 3 94,1303,4604,	
completa 1 191 1 92,	
lista 2 191 2 91,2346,	
Para 3 191 3 90,1183,1239,	
00 1 191 1 84,	
monohidrato) 2 191 2 75,89,	
(como 2 191 2 74,88,	
FUNCIÓN 1 191 1 1074,	
renal 14 191 14 986,1012,1027,1064,1110,1247,1878,1898,2634,2907,3825,3859,3881,3908,	
lactosa 3 191 3 73,87,4609,	
maíz 1 191 1 4612,	
congénitas 2 191 2 1986,2176,	
50 4 191 4 70,641,3928,4318,	
67 1 191 1 69,	
Excipientes 1 191 1 61,	
Cada 4 191 4 50,62,76,4605,	
gabapentina 68 191 68 49,60,495,622,685,691,693,712,805,1050,1197,1237,1256,1317,1326,1340,1372,1421,1457,1476,1557,1736,1749,1754,1781,1790,1801,1824,1848,1860,1867,1880,1900,2105,2114,2166,2225,2257,2705,2755,2761,2808,2857,2881,2922,2973,3036,3070,3095,3149,3195,3230,3240,3317,3476,3490,3531,3535,3549,3761,3797,3831,3866,3874,3922,3946,3984,4062,	
contiene 5 191 5 45,56,68,82,4608,	
dura 7 191 7 41,52,64,78,112,124,4607,	
cápsula 7 191 7 40,51,63,77,1716,1731,4606,	
	Cada 1 191 1 39,	
CUANTITATIVA 1 191 1 38,	
Y 1 191 1 37,	
CUALITATIVA 1 191 1 36,	
intoxicaciones 1 191 1 2738,	
COMPOSICION 1 191 1 35,	
2 18 191 18 34,221,319,519,829,1037,1066,1268,1725,3463,3553,3624,3627,3636,3662,3917,4058,4616,	
EFG 4 191 4 26,33,4709,4719,	
duras 5 191 5 25,32,103,105,117,	
300 20 191 20 22,43,46,66,107,322,328,334,437,467,778,1119,1205,1217,1282,3506,3595,4569,4652,4706,	
acné 1 191 1 2603,	
STADA 6 191 6 21,28,4651,4667,4705,4715,	
	GABAPENTINA 1 191 1 20,	
MEDICAMENTO 2 191 2 19,2955,	
DEL 2 191 2 18,4741,	
NOMBRE 1 191 1 17,	
atención 1 191 1 2221,	
1 16 191 16 16,98,132,256,309,317,431,447,741,2957,3628,3630,3935,4415,4528,4601,	
información 1 191 1 13,	
Toda 1 191 1 11,	
(N=12) 1 191 1 1712,	
medicamento 5 191 5 10,15,382,1692,1955,	
Basica 1 191 1 8,	
ptosis 1 191 1 2946,	
	Información 1 191 1 7,	
90 4 191 4 5,83,4659,4675,	
cápsulas 14 191 14 4,6,24,31,1045,3504,4654,4660,4665,4670,4676,4681,4708,4718,	
mg 36 191 36 3,23,30,44,47,55,58,67,71,81,85,108,120,323,329,335,438,1048,1120,1208,1218,1283,1721,1734,3507,3596,3598,3600,4331,4425,4538,4591,4653,4669,4707,4717,	
400 10 191 10 2,29,54,57,80,119,1207,3597,4668,4716,	
estradiol 1 191 1 1833,	
BAYVIT 1 191 1 1,	
relacionados 2 191 2 2283,3062,	
GABAPENTINA 7 191 7 0,27,1069,4650,4666,4704,4714,	
