	Prospectos 1 504 1 5755,	
TEXTO 1 504 1 5754,	
REVISIÓN 1 504 1 5752,	
2005 1 504 1 5748,	
Septiembre 1 504 1 5747,	
AUTORIZACIÓN/REVALIDACIÓN 1 504 1 5743,	
PRIMERA 1 504 1 5742,	
FECHA 2 504 2 5739,5750,	
	9 1 504 1 5738,	
NÚMERO 1 504 1 5733,	
COMERCIALIZACIÓN 2 504 2 5730,5737,	
AUTORIZACIÓN 3 504 3 5728,5735,5746,	
LA 3 504 3 5727,5741,5745,	
TITULAR 1 504 1 5725,	
procede 1 504 1 5723,	
manipulación 1 504 1 5721,	
uso/ 1 504 1 5720,	
Instrucciones 1 504 1 5718,	
Strip 1 504 1 5697,	
recipiente 1 504 1 5696,	
contenido 1 504 1 5694,	
Naturaleza 1 504 1 5692,	
original 1 504 1 5689,	
envase 1 504 1 5688,	
Conservar 1 504 1 5685,	
25ºC 1 504 1 5684,	
conservación 1 504 1 5677,	
Precauciones 1 504 1 5674,	
validez 1 504 1 5669,	
Período 1 504 1 5667,	
172) 1 504 1 5652,	
(E- 1 504 1 5651,	
rojo 1 504 1 5650,	
Alter 4 504 4 5642,5655,5702,5710,	
(E-172) 1 504 1 5639,	
amarillo 1 504 1 5638,	
hierro 2 504 2 5637,5649,	
Óxido 1 504 1 5635,	
dibehenato 1 504 1 5633,	
Hidrocloruro 1 504 1 5628,	
silicio 1 504 1 5626,	
Dióxido 1 504 1 5624,	
maiz 1 504 1 5621,	
Almidón 1 504 1 5619,	
microcristalina 1 504 1 5617,	
Celulosa 1 504 1 5616,	
Relación 1 504 1 5612,	
	6 1 504 1 5610,	
FARMACEUTICOS 1 504 1 5609,	
pre-neoplásica 1 504 1 5605,	
neoplásica 1 504 1 5603,	
morfológicos 1 504 1 5598,	
funcionales 1 504 1 5594,	
consideran 1 504 1 5588,	
oxifílica 1 504 1 5586,	
hiperplasia 1 504 1 5584,	
oxifílicas 1 504 1 5580,	
células 1 504 1 5579,	
túbulos 2 504 2 5576,5582,	
tumorígenos 1 504 1 5570,	
plazo 1 504 1 5558,	
neoplásico 1 504 1 5553,	
Potencial 1 504 1 5552,	
genotóxicas 1 504 1 5551,	
posea 1 504 1 5547,	
concluir 1 504 1 5544,	
permiten 1 504 1 5543,	
comprobación 1 504 1 5541,	
distintos 1 504 1 5539,	
sistemas 1 504 1 5538,	
mutagenicidad 1 504 1 5535,	
Mutagenicidad 1 504 1 5530,	
inmunotóxico 1 504 1 5527,	
ningún 1 504 1 5525,	
toxicología 1 504 1 5521,	
ensayos 2 504 2 5519,5533,	
Inmunotoxicología 1 504 1 5516,	
fenómenos 1 504 1 5504,	
asegurar 1 504 1 5501,	
Botal 1 504 1 5496,	
persistencia 1 504 1 5492,	
retraso 1 504 1 5487,	
reversible 1 504 1 5476,	
anuria 1 504 1 5473,	
fetales 1 504 1 5471,	
contracturas 1 504 1 5467,	
pulmonar 1 504 1 5466,	
hipoplasia 1 504 1 5465,	
craneofacial 1 504 1 5464,	
deformidad 1 504 1 5463,	
nacido 1 504 1 5460,	
perjudiciales 1 504 1 5453,	
(supuestamente 1 504 1 5443,	
conjunción 1 504 1 5440,	
notificado 1 504 1 5435,	
tercer 1 504 1 5428,	
administrados 1 504 1 5421,	
partir 1 504 1 5404,	
descendencia 1 504 1 5402,	
(dilatación 1 504 1 5395,	
irreversible 2 504 2 5394,5478,	
daño 1 504 1 5392,	
fetal 1 504 1 5387,	
períodos 1 504 1 5386,	
hembra 2 504 2 5376,5383,	
macho 1 504 1 5372,	
fertilidad 1 504 1 5366,	
teratogénicas 1 504 1 5364,	
propiedades 2 504 2 5363,5548,	
revelaron 1 504 1 5362,	
conejo 1 504 1 5358,	
Toxicología 1 504 1 5346,	
toleraron 1 504 1 5332,	
desviación 1 504 1 5317,	
signos 1 504 1 5315,	
encontrado 1 504 1 5314,	
250 1 504 1 5304,	
yuxtaglomerular 1 504 1 5293,	
aparato 1 504 1 5292,	
detectó 1 504 1 5287,	
renina 1 504 1 5275,	
producción 1 504 1 5273,	
(prueba 1 504 1 5266,	
farmacodinámica 1 504 1 5263,	
expresión 1 504 1 5259,	
atrofia 1 504 1 5245,	
tóxicos 1 504 1 5243,	
toleradas 1 504 1 5236,	
característicos 1 504 1 5225,	
prematuridad 1 504 1 5486,	
farmacodinámicos 1 504 1 5222,	
términos 1 504 1 5221,	
explicados 1 504 1 5219,	
distal) 1 504 1 5212,	
tubular 2 504 2 5211,5246,	
(atrofia 1 504 1 5210,	
morfología 1 504 1 5208,	
evidencias 1 504 1 5203,	
aparecieron 1 504 1 5201,	
defecto 1 504 1 5526,	
desviaciones 1 504 1 5184,	
produjeron 2 504 2 5183,5391,	
40 1 504 1 5181,	
orden 1 504 1 5179,	
diarias 4 504 4 5177,5231,5302,5334,	
Beagle 1 504 1 5159,	
perro 6 504 6 5158,5170,5254,5295,5309,5328,	
c 2 504 2 5155,5412,	
1000 1 504 1 5152,	
rata 8 504 8 5148,5169,5175,5239,5250,5357,5562,5574,	
ratón 2 504 2 5145,5560,	
mg/kg 9 504 9 5142,5153,5182,5198,5234,5305,5338,5341,5410,	
DL50 1 504 1 5137,	
toxicidad 1 504 1 5133,	
Toxicidad 2 504 2 5121,5160,	
seguridad 1 504 1 5120,	
preclínicos 1 504 1 5118,	
toxicológicos 1 504 1 5352,	
Datos 1 504 1 5117,	
destacable 1 504 1 5099,	
acumulación 1 504 1 5098,	
observó 2 504 2 5096,5483,	
sujetos 1 504 1 5083,	
sucede 1 504 1 5081,	
igual 1 504 1 5079,	
resultando 1 504 1 5059,	
activación 1 504 1 5054,	
retarda 1 504 1 5052,	
mg) 1 504 1 5045,	
óxido 1 504 1 5647,	
(10 1 504 1 5044,	
normal 1 504 1 5036,	
personas 1 504 1 5032,	
lentamente 1 504 1 5028,	
diminuyen 1 504 1 5026,	
altas 2 504 2 5020,5041,	
da 1 504 1 5016,	
proporcional 1 504 1 5010,	
jóvenes 1 504 1 4991,	
obtenidas 1 504 1 4987,	
son 2 504 2 4983,5224,	
cinética 1 504 1 4977,	
76 1 504 1 4974,	
65 1 504 1 4972,	
sanos 3 504 3 4970,4990,5084,	
probandos 2 504 2 4969,4989,	
73% 1 504 1 4964,	
respectivamente 2 504 2 4962,5342,	
500 1 504 1 4949,	
litros 2 504 2 4936,4950,	
90 1 504 1 4935,	
sistémico 2 504 2 4930,4943,	
múltiple 1 504 1 4921,	
17 1 504 1 4915,	
13 1 504 1 4913,	
efectivo 1 504 1 4906,	
plasma 1 504 1 4895,	
estable 1 504 1 4891,	
larga 1 504 1 4872,	
pesar 1 504 1 4869,	
unión 2 504 2 4864,4953,	
saturable 1 504 1 4863,	
estrecha 1 504 1 4858,	
disociación 1 504 1 4853,	
lenta 1 504 1 4852,	
terminal 3 504 3 4825,4847,4874,	
mutagénicas 1 504 1 5549,	
horas) 1 504 1 4820,	
15 1 504 1 4819,	
aproximada 2 504 2 4817,4839,	
intermedia 1 504 1 4812,	
Seguida 1 504 1 4808,	
aproximado 1 504 1 4804,	
distribución 3 504 3 4792,4929,4942,	
polifásica 1 504 1 4790,	
disminuyen 1 504 1 4787,	
anemia 1 504 1 5190,	
plasmáticas 3 504 3 4784,4828,5022,	
media 5 504 5 4752,4803,4816,4838,4905,	
hora 2 504 2 4742,4761,	
alrededor 1 504 1 4739,	
plasmática 1 504 1 4734,	
concentración 2 504 2 4733,4766,	
picos 2 504 2 4731,4763,	
simultánea 1 504 1 4716,	
56% 2 504 2 4713,4966,	
absorción 2 504 2 4705,4729,	
distintas 1 504 1 4700,	
representa 1 504 1 4695,	
detección 1 504 1 4689,	
medirse 1 504 1 4684,	
Tal 1 504 1 4681,	
rápidamente 1 504 1 4676,	
absorbe 1 504 1 4675,	
nocivos 1 504 1 5345,	
pasa 1 504 1 4668,	
mamíferos 1 504 1 4663,	
estudios 4 504 4 4661,5164,5351,5555,	
Incompatibilidades 1 504 1 5660,	
2% 1 504 1 4658,	
ascendía 1 504 1 4656,	
metabolizado 1 504 1 4655,	
representan 1 504 1 4636,	
dicetopiperacina 1 504 1 4635,	
ramipril- 1 504 1 4634,	
glucurónido 1 504 1 4630,	
identificado 1 504 1 4622,	
90% 1 504 1 4612,	
80 1 504 1 4610,	
lentificación 1 504 1 5071,	
bilis 2 504 2 4602,4619,	
excretó 1 504 1 4595,	
cantidad 2 504 2 4587,4645,	
biliares 1 504 1 4583,	
drenaje 1 504 1 4580,	
30% 1 504 1 4567,	
indicando 1 504 1 4557,	
metabolitos 4 504 4 4551,4593,4615,4626,	
70% 1 504 1 4545,	
vías 3 504 3 4534,4582,4701,	
eliminaron 1 504 1 4531,	
metabolitos); 1 504 1 4526,	
(como 1 504 1 4523,	
sido 2 504 2 4518,5420,	
50% 2 504 2 4511,4529,	
intravenosa 3 504 3 4506,4540,4925,	
60% 2 504 2 4499,4513,	
heces 1 504 1 4495,	
excreta 1 504 1 4492,	
radiactividad 2 504 2 4489,4691,	
40% 1 504 1 4486,	
radiactivamente 1 504 1 4483,	
Tras 5 504 5 4473,4503,4537,4568,4922,	
vía 1 504 1 4469,	
20% 2 504 2 4464,4642,	
aproximadamente 15 504 15 4462,4484,4497,4509,4527,4543,4565,4584,4637,4659,4759,4900,4937,4948,4967,	
activación/metabolización 1 504 1 4459,	
resultado 3 504 3 4456,5018,5445,	
(ácido) 1 504 1 4454,	
ramiprilato-dicetopiperacina 1 504 1 4453,	
(éster) 1 504 1 4444,	
ramipril-dicetopiperacina 1 504 1 4443,	
transformado 2 504 2 4441,4451,	
glucuronizado 2 504 2 4439,4449,	
activado 1 504 1 4433,	
hígado) 1 504 1 4429,	
principalmente 1 504 1 4426,	
efectúa 1 504 1 4425,	
(hidrólisis 1 504 1 4422,	
""primer 1 504 1 4408,	
sufre 1 504 1 4400,	
profármaco 2 504 2 4398,4461,	
farmacocinéticas 1 504 1 4396,	
alteró 1 504 1 5369,	
observaron 1 504 1 4385,	
8% 1 504 1 4378,	
10% 1 504 1 4368,	
significativamente 1 504 1 4358,	
exposición 1 504 1 5509,	
global 1 504 1 4350,	
población 2 504 2 4349,4374,	
desarrollo 1 504 1 4335,	
congestiva 2 504 2 4329,5093,	
retrasa 1 504 1 4320,	
15% 1 504 1 4318,	
16% 1 504 1 4309,	
metabolización 1 504 1 4405,	
mortalidad 1 504 1 4305,	
incidencia 1 504 1 4292,	
22% 1 504 1 4287,	
preventiva 1 504 1 4278,	
9200 1 504 1 4274,	
estándar 1 504 1 4271,	
recién 1 504 1 5459,	
terapia 1 504 1 4270,	
habitual) 1 504 1 4257,	
fumador 1 504 1 4256,	
HDL 1 504 1 4255,	
bajos 1 504 1 4252,	
elevados 1 504 1 4247,	
(microalbuminuria 1 504 1 4244,	
factor 1 504 1 4240,	
periférica) 1 504 1 4230,	
55 1 504 1 4202,	
realizado 1 504 1 4197,	
(rebote) 1 504 1 4186,	
exacerbado 1 504 1 4184,	
rápido 1 504 1 4182,	
brusca 1 504 1 4174,	
aparece 1 504 1 5247,	
años 4 504 4 4169,4203,4975,5671,	
demostrado 3 504 3 4153,4665,5129,	
3-4 1 504 1 4149,	
gradualmente 1 504 1 4146,	
continuado 1 504 1 4141,	
24 2 504 2 4132,4606,	
habitualmente 1 504 1 4130,	
general 1 504 1 4110,	
horas 7 504 7 4094,4115,4133,4607,4775,4807,4916,	
1-2 1 504 1 4093,	
transcurridas 1 504 1 4092,	
mayoría 1 504 1 4076,	
compensatoria 1 504 1 4069,	
elevación 1 504 1 4068,	
supina 1 504 1 4066,	
ortostática 1 504 1 4064,	
posición 1 504 1 4063,	
filtrado 1 504 1 4047,	
significativos 1 504 1 4039,	
producen 1 504 1 4037,	
Generalmente 1 504 1 4034,	
resistencia 1 504 1 4031,	
marcada 1 504 1 4027,	
Características 1 504 1 4019,	
alta 1 504 1 4010,	
meses 1 504 1 3994,	
glomerular 2 504 2 3987,4048,	
filtración 1 504 1 3986,	
tasa 1 504 1 3981,	
mostró 1 504 1 3976,	
completaron 1 504 1 3972,	
97 1 504 1 3969,	
persistente 1 504 1 3967,	
ml/min) 1 504 1 3964,	
20-70 1 504 1 3963,	
(aclaramiento 1 504 1 3960,	
manifiesta 3 504 3 3959,4145,4339,	
diabéticos 3 504 3 3956,4354,4381,	
mayoria 1 504 1 3953,	
166 1 504 1 3949,	
27 1 504 1 3946,	
mg/día 2 504 2 3944,4266,	
administró 2 504 2 3932,4259,	
placebo 5 504 5 3930,3990,4196,4345,4365,	
controlado 2 504 2 3928,4194,	
ciego 1 504 1 3927,	
doble 1 504 1 3926,	
aleatorizado 1 504 1 3925,	
estudio 4 504 4 3924,3974,4193,4280,	
reduce 5 504 5 3919,4284,4303,4331,4356,	
necesidad 2 504 2 3906,4313,	
disminuye 1 504 1 3895,	
garganta) 1 504 1 3888,	
cosquilleo 1 504 1 3885,	
indeseables 1 504 1 3878,	
responsable 1 504 1 3874,	
acción 1 504 1 3871,	
medida 1 504 1 3869,	
determinarse 1 504 1 3866,	
podido 1 504 1 3865,	
animal 1 504 1 3861,	
experimentación 1 504 1 3860,	
endotelioprotectores 1 504 1 3856,	
cardioprotectores 1 504 1 3854,	
contribuye 1 504 1 3850,	
probablemente 1 504 1 3849,	
actividad 2 504 2 3845,5262,	
causa 1 504 1 3833,	
liberación 1 504 1 3828,	
estimula 1 504 1 3826,	
produce 4 504 4 3818,4025,4056,4180,	
plasmático 2 504 2 3798,4043,	
vasodilatador 1 504 1 3794,	
bradicinina 3 504 3 3793,3817,3848,	
escisión 2 504 2 3790,3814,	
mayores 2 504 2 4018,4200,	
activa 1 504 1 3784,	
vasconstrictora 1 504 1 3783,	
sustancia 3 504 3 3782,4548,5229,	
cataliza 1 504 1 3773,	
II) 2 504 2 3770,5285,	
cininasa 1 504 1 3769,	
revascularizaciones 1 504 1 4315,	
angiotensina; 1 504 1 3768,	
convertidora 1 504 1 3765,	
I 2 504 2 3762,3779,	
dipeptidilcarboxipeptidasa 1 504 1 3761,	
enzima 3 504 3 3760,3764,3772,	
activo 3 504 3 3754,3795,4419,	
exhaustivos 1 504 1 5532,	
C09AA 1 504 1 3747,	
ATC 1 504 1 3746,	
Código 1 504 1 3745,	
respecto 2 504 2 4343,4363,	
solos 1 504 1 3744,	
farmacoterapéutico 1 504 1 3739,	
Grupo 1 504 1 3738,	
farmacodinámicas 2 504 2 3737,4020,	
conservar 1 504 1 5679,	
Propiedades 2 504 2 3736,4395,	
	"5 1 504 1 3734,	
ESTE 1 504 1 3732,	
DE 8 504 8 3731,5726,5729,5734,5736,5740,5744,5751,	
(tales 1 504 1 4213,	
FARMACOLÓGICAS 1 504 1 3730,	
PROPIEDADES 1 504 1 3729,	
" 2 504 2 3727,5606,	
""Contraindicaciones"" 1 504 1 3726,	
ramiprilato 23 504 23 3709,3749,3832,4421,4435,4446,4542,4563,4624,4628,4768,4830,4855,4893,4946,4960,4982,4996,5008,5024,5058,5077,5101,	
proceso 3 504 3 3703,4403,5073,	
aceleración 1 504 1 3701,	
fetal) 1 504 1 5450,	
pH 1 504 1 3694,	
encontraron 1 504 1 4553,	
variación 1 504 1 3692,	
forzada 1 504 1 3691,	
eficacia 1 504 1 3687,	
relativa 1 504 1 3684,	
catecolaminas 1 504 1 3674,	
electrolitos 3 504 3 3668,5187,5320,	
Además 2 504 2 3661,4301,	
intensiva 1 504 1 3660,	
vigilancia 1 504 1 3659,	
preservarse 1 504 1 3655,	
dado 2 504 2 3652,5565,	
controlarse 1 504 1 3650,	
orgánicas 1 504 1 3648,	
vitales 1 504 1 3646,	
funciones 1 504 1 3645,	
Las 2 504 2 3644,4782,	
minutos) 1 504 1 3643,	
30 1 504 1 3642,	
primeros 1 504 1 3641,	
través 1 504 1 4686,	
sódico; 1 504 1 3635,	
adsorbentes 1 504 1 3633,	
lavado 1 504 1 3628,	
absorbido 1 504 1 3625,	
haya 1 504 1 3624,	
Glicerol 1 504 1 5632,	
todavía 1 504 1 3621,	
eliminar 1 504 1 3617,	
necesarias 1 504 1 3615,	
tomarán 1 504 1 3612,	
dependerá 1 504 1 3594,	
aplicar 1 504 1 3593,	
electrolíticos 1 504 1 3586,	
sobredosificación 1 504 1 3577,	
Sobredosis 1 504 1 3573,	
9 1 504 1 3572,	
antinucleares 1 504 1 3570,	
anticuerpos 1 504 1 3569,	
eosinofilia 1 504 1 3554,	
fiebre 1 504 1 3552,	
artralgia 1 504 1 3551,	
vasculitis 1 504 1 3549,	
líbido 1 504 1 3545,	
musculares 1 504 1 3539,	
calambres 1 504 1 3538,	
metálico) 1 504 1 3531,	
sabor 1 504 1 3530,	
gusto 1 504 1 3527,	
sentido 1 504 1 3525,	
parestesias 1 504 1 3522,	
confusión 1 504 1 3516,	
sueño 1 504 1 3515,	
temblor 1 504 1 3512,	
inquietud 1 504 1 3511,	
nerviosismo 1 504 1 3510,	
Trastornos 1 504 1 3506,	
Otras 1 504 1 3503,	
interacción"" 1 504 1 3496,	
""Interacción 1 504 1 3487,	
esclerodermia) 1 504 1 3471,	
eritematoso 1 504 1 3469,	
lupus 1 504 1 3468,	
colágeno 1 504 1 3465,	
enfermedades 1 504 1 3462,	
frecuencia 2 504 2 3454,4072,	
presentan 1 504 1 3451,	
Estos 2 504 2 3444,4382,	
pancitopenia 1 504 1 3443,	
ósea 1 504 1 3441,	
médula 1 504 1 3440,	
depresión 2 504 2 3437,3520,	
neutropenia) 1 504 1 3426,	
(registrándose 1 504 1 3424,	
leucocitos 1 504 1 3423,	
plaquetas 1 504 1 3420,	
hematíes 1 504 1 3412,	
número 2 504 2 3410,3418,	
moderada 1 504 1 3406,	
motivado 1 504 1 5276,	
cambios 5 504 5 3403,3445,4038,5205,5597,	
hepatitis 1 504 1 3393,	
trastorno 1 504 1 3384,	
colestática 1 504 1 3380,	
ictericia 1 504 1 3379,	
sérica 1 504 1 3378,	
bilirrubina 1 504 1 3377,	
y/o 1 504 1 3375,	
hepáticas 1 504 1 3374,	
pancreatitis 1 504 1 3370,	
pancreáticas) 1 504 1 3369,	
superior 5 504 5 3362,3988,5138,5150,5682,	
abdominal 1 504 1 3361,	
gastritis 1 504 1 3356,	
causado 1 504 1 3353,	
similar 1 504 1 3351,	
estreñimiento 1 504 1 3343,	
digestivos 1 504 1 3342,	
mucosa 1 504 1 3339,	
inflamación 1 504 1 3336,	
irritación 1 504 1 3334,	
sequedad 1 504 1 3331,	
tracto 1 504 1 3327,	
desarrollarse 1 504 1 3323,	
Bajo 1 504 1 3318,	
digestivo 2 504 2 3317,3328,	
inmediatamente 1 504 1 3313,	
disnea 1 504 1 3308,	
empeore 1 504 1 3306,	
desarrolle 1 504 1 3304,	
broncoespasmo 1 504 1 3298,	
bronquitis 1 504 1 3290,	
sinusitis 1 504 1 3289,	
rinitis 1 504 1 3288,	
obliga 1 504 1 3266,	
variaciones 1 504 1 5323,	
éxito 1 504 1 3260,	
inhibidor 1 504 1 3254,	
cambio 1 504 1 3251,	
fumadores 1 504 1 3246,	
eliminación 6 504 6 3705,4559,4703,4754,4797,5075,	
frecuentemente 1 504 1 3240,	
mialgia 1 504 1 3550,	
ocurre 1 504 1 3238,	
Esta 3 504 3 3225,3771,4845,	
irritativa 2 504 2 3219,3297,	
seca 1 504 1 3218,	
tos 4 504 4 3217,3264,3296,3881,	
aparición 3 504 3 3215,4360,5572,	
Cuadro 1 504 1 3397,	
Debido 1 504 1 3204,	
respiratorio 1 504 1 3203,	
oligohidramnios 1 504 1 5442,	
oral 10 504 10 3340,4098,4120,4470,4476,4571,4680,4747,5105,5125,	
Aparato 2 504 2 3202,3316,	
realice 1 504 1 3199,	
cuenta 1 504 1 3196,	
influencia 1 504 1 3184,	
reproducción 2 504 2 5349,5355,	
informar 2 504 2 3165,3312,	
onicolisis 1 504 1 3155,	
luz 1 504 1 3153,	
cutánea 1 504 1 3150,	
pengifoide 1 504 1 3146,	
psoriasiforme 1 504 1 3144,	
Con 3 504 3 3133,3427,3555,	
fenómeno 1 504 1 3130,	
conversión 1 504 1 3775,	
alopecia 1 504 1 3124,	
multiforme; 1 504 1 3123,	
liquenoide; 1 504 1 3121,	
máculopapular 1 504 1 3119,	
enantema 2 504 2 3118,3148,	
exantema 2 504 2 3116,3143,	
urticaria 2 504 2 3115,3161,	
enzimas 2 504 2 3368,3373,	
prurito 2 504 2 3110,3159,	
conjuntivitis 1 504 1 3109,	
crónica 2 504 2 5161,5167,	
sensación 2 504 2 3106,3883,	
acompañado 1 504 1 3104,	
zonas 1 504 1 3102,	
enrojecimiento 1 504 1 3100,	
mucosas 1 504 1 3099,	
mujeres 2 504 2 3242,5423,	
cutáneas 2 504 2 3097,3103,	
además 2 504 2 3093,3142,	
presentarse 1 504 1 3092,	
Pueden 2 504 2 3091,3399,	
maleolar 1 504 1 3090,	
p 3 504 3 3086,5154,5411,	
vital 2 504 2 3072,3396,	
situación 1 504 1 3069,	
laringe 1 504 1 3064,	
garganta 1 504 1 3062,	
alternativo 1 504 1 3056,	
diuresis 1 504 1 3690,	
inmediata 1 504 1 3041,	
requieren 1 504 1 3038,	
Son 1 504 1 3029,	
edemas 1 504 1 3027,	
aparecido 1 504 1 3026,	
calor 1 504 1 3108,	
anafilácticas 2 504 2 3014,3177,	
sanguíneos 1 504 1 3012,	
agujero 1 504 1 5494,	
vasos 1 504 1 3011,	
cardíaco 1 504 1 3009,	
rendimiento 1 504 1 3008,	
mejora 1 504 1 3006,	
atribuirse 1 504 1 3003,	
principio 1 504 1 2989,	
Al 2 504 2 2988,5078,	
están 1 504 1 2980,	
fármaco 2 504 2 3602,3756,	
diabética) 1 504 1 2977,	
último 1 504 1 2964,	
plasmáticos 5 504 5 2961,4764,5066,5188,5321,	
dar 1 504 1 2948,	
aldosterona 3 504 3 2946,3830,3840,	
secreción 2 504 2 2944,3838,	
II 5 504 5 2941,3678,3786,3808,3824,	
suele 1 504 1 3226,	
angiotensina 7 504 7 2940,3677,3778,3785,3807,3823,5284,	
formación 4 504 4 2938,3805,4415,5282,	
disminuir 1 504 1 2933,	
preexistente 1 504 1 2920,	
proteinuria 2 504 2 2919,3966,	
administran 2 504 2 2910,5039,	
urea 1 504 1 2903,	
obtenerse 1 504 1 2993,	
manifestación 2 504 2 2892,3126,	
Como 4 504 4 2891,3821,4455,5258,	
sanguínea 2 504 2 2890,3449,	
asociación 1 504 1 2882,	
significativa) 1 504 1 2869,	
vida 6 504 6 2850,4751,4802,4815,4837,4904,	
aguda 3 504 3 2845,5122,5134,	
Durante 1 504 1 2825,	
electrolítico 1 504 1 2824,	
Riñón 1 504 1 2821,	
normalizada 1 504 1 2817,	
subsiguiente) 1 504 1 2797,	
accidente 1 504 1 2794,	
suspender 1 504 1 3268,	
isquémico 1 504 1 2791,	
ataque 1 504 1 2790,	
subsiguientes) 1 504 1 2785,	
pecho 1 504 1 2780,	
angina 1 504 1 2778,	
(con 2 504 2 2777,2789,	
isquemia 2 504 2 2775,2787,	
cerebrales 1 504 1 2770,	
arterias 1 504 1 2769,	
Principalmente 1 504 1 2756,	
exacerbados 1 504 1 2750,	
verse 1 504 1 2749,	
vasculares 2 504 2 2747,3463,	
circulatorios 1 504 1 2743,	
adecuada 1 504 1 2730,	
vómitos 2 504 2 2723,3347,	
insuficiente 1 504 1 2719,	
Depleción 1 504 1 2709,	
previo 1 504 1 2705,	
trata 1 504 1 2696,	
gravedad 3 504 3 2692,3174,3607,	
colesterol 2 504 2 4249,4254,	
reviste 1 504 1 2691,	
maligna 1 504 1 2684,	
severa 2 504 2 2682,3408,	
Hipertensión 1 504 1 2681,	
probable 1 504 1 2676,	
marcado 2 504 2 2664,4482,	
Un 1 504 1 2662,	
(período 1 504 1 4813,	
simultáneamente 1 504 1 2661,	
administrado 3 504 3 2660,3600,4467,	
exagerado 1 504 1 2628,	
causadas 1 504 1 2614,	
ejemplo 1 504 1 2612,	
aislados 2 504 2 2603,3392,	
conocimiento 1 504 1 2600,	
pérdida 3 504 3 2598,3517,3535,	
pudiendo 1 504 1 2596,	
somnolencia 1 504 1 2595,	
segundo 1 504 1 5426,	
entorpecimiento 1 504 1 2593,	
renal) 1 504 1 5399,	
ansiedad 2 504 2 2592,3521,	
visuales 1 504 1 2590,	
auditivos 1 504 1 2588,	
acúfenos 1 504 1 2586,	
sudoración 2 504 2 2585,2725,	
inhibe 1 504 1 3758,	
cardíacas 2 504 2 2583,2608,	
arritmias 2 504 2 2582,2607,	
ortostatismo 1 504 1 2581,	
Aparte 1 504 1 4430,	
adaptación 1 504 1 2579,	
trastornos 7 504 7 2576,2587,2589,2742,3341,3513,3585,	
palpitaciones 1 504 1 2575,	
observados 1 504 1 3857,	
inestabilidad 1 504 1 2562,	
debilidad 1 504 1 2560,	
fatiga 1 504 1 2559,	
concentrarse) 1 504 1 2552,	
dificultades 1 504 1 2550,	
acompañados 1 504 1 2548,	
(a 2 504 2 2546,3363,	
mareos 1 504 1 2545,	
crecimiento 1 504 1 5489,	
síntomas 3 504 3 2543,3581,3610,	
aparecer 8 504 8 2542,2573,2774,3080,3287,3400,3548,3579,	
deseado 1 504 1 2540,	
infiere 2 504 2 4650,5524,	
consecuencia 5 504 5 2530,2715,2799,3279,5506,	
comienzo 2 504 2 2524,4322,	
reactivo 1 504 1 5270,	
Sobre 1 504 1 2521,	
Presión 1 504 1 2519,	
adversas 2 504 2 2518,3505,	
Reacciones 1 504 1 2517,	
8 3 504 3 2516,5340,5732,	
ingesta 2 504 2 2512,2718,	
inicio 2 504 2 2506,4081,	
ocurrir 2 504 2 2503,2597,	
manejo 1 504 1 2498,	
conducción 1 504 1 2494,	
influir 1 504 1 2491,	
reaccionar 1 504 1 2486,	
disminución 2 504 2 2471,2553,	
maquinaria 2 504 2 2469,2500,	
utilizar 1 504 1 2468,	
vehículos 2 504 2 2466,2496,	
conducir 1 504 1 2465,	
capacidad 3 504 3 2463,2479,2556,	
Efectos 1 504 1 2460,	
7 2 504 2 2459,5724,	
producto 1 504 1 2457,	
cantidades 1 504 1 2455,	
pequeñas 1 504 1 2454,	
ingerir 1 504 1 2453,	
éste 1 504 1 2451,	
evitar 1 504 1 2449,	
materna 2 504 2 2447,4671,	
leche 2 504 2 2446,4670,	
hijo 1 504 1 2444,	
alimentar 1 504 1 2441,	
mostrar 1 504 1 5241,	
ésta 2 504 2 2437,3998,	
feto 2 504 2 2420,5456,	
daños 1 504 1 2417,	
existe 1 504 1 2412,	
tenerse 1 504 1 3194,	
contrario 1 504 1 2411,	
De 2 504 2 2409,5517,	
trimestre 2 504 2 2393,5429,	
primer 1 504 1 2392,	
realizarse 1 504 1 2382,	
apetito 1 504 1 3519,	
medicación 1 504 1 2378,	
quedase 1 504 1 2367,	
reemplazarse 1 504 1 2358,	
embarazada 2 504 2 2347,2368,	
quedarse 1 504 1 2346,	
intención 1 504 1 2344,	
tuviera 1 504 1 2342,	
indispensable 2 504 2 2338,2428,	
sea 2 504 2 2337,2406,	
gestación 3 504 3 2323,2396,5432,	
excluirse 1 504 1 2314,	
embarazo 2 504 2 2307,2312,	
6 9 504 9 2297,4114,5607,5658,5665,5672,5690,5716,5717,	
antihipertensivo 2 504 2 2293,2702,	
dieta 1 504 1 2288,	
biodisponible 1 504 1 4472,	
sal 1 504 1 2285,	
toma 1 504 1 2283,	
Sal 1 504 1 2278,	
alcohol 2 504 2 2276,2514,	
potenciar 1 504 1 2272,	
Alcohol 1 504 1 2269,	
""Contraindicaciones"") 1 504 1 2267,	
detectado 3 504 3 2252,4091,4519,	
condiciones 2 504 2 3657,4918,	
progresan 1 504 1 2222,	
temperatura 1 504 1 5681,	
anafilactoide 1 504 1 2218,	
Membranas 1 504 1 2203,	
atenuación 1 504 1 2197,	
000 1 504 1 5141,	
presumiblemente 1 504 1 2191,	
indometacina) 1 504 1 2173,	
acetilsalicílico 1 504 1 2171,	
(ácido 1 504 1 2170,	
realizaron 1 504 1 5163,	
estiroideos 1 504 1 2169,	
Antiinflamatorios 1 504 1 2167,	
neurotóxicos 1 504 1 2163,	
cardiotóxicos 1 504 1 2161,	
taquicardia 1 504 1 2574,	
efectos 9 504 9 2160,3853,3877,4383,5216,5242,5344,5452,5569,	
aumentar 2 504 2 2156,2898,	
séricos 1 504 1 2152,	
niveles 5 504 5 2151,4015,4246,4251,5065,	
empeorar 2 504 2 2917,3227,	
incremento 4 504 4 2148,2280,3842,4185,	
producir 2 504 2 2146,2416,	
Esto 2 504 2 2144,5015,	
excreción 3 504 3 2139,2929,4993,	
reducen 1 504 1 2137,	
posiblemente 2 504 2 2135,3205,	
MINISTERIO 3 504 3 2121,4951,5700,	
(ver 1 504 1 2115,	
No 5 504 5 2103,3679,5661,5678,5722,	
séricas 2 504 2 2100,2904,	
aparentemente 1 504 1 4532,	
concentraciones 4 504 4 2099,4783,4827,5021,	
heparina 1 504 1 2092,	
Sales 2 504 2 2085,2123,	
glicina 1 504 1 5630,	
administración"") 1 504 1 2083,	
""Posología 1 504 1 2079,	
miocárdica 1 504 1 2776,	
empleo"" 1 504 1 2075,	
""Advertencias 3 504 3 2070,2116,3498,	
apartados 1 504 1 2069,	
consultar 2 504 2 2067,3723,	
relativo 2 504 2 2064,4944,	
prever 1 504 1 2056,	
hay 1 504 1 2054,	
anestésicos) 1 504 1 2053,	
tricíclicos 1 504 1 2052,	
humanos 1 504 1 5485,	
antidepresivos 1 504 1 2051,	
nitratos 1 504 1 2050,	
potencial 2 504 2 2046,2701,	
Antihipertensores 1 504 1 2038,	
tisular 2 504 2 2033,3800,	
sensibilidad 1 504 1 2032,	
sospecha 1 504 1 2023,	
glucemia 1 504 1 2021,	
intensificación 2 504 2 2015,3128,	
sulfonilurea) 1 504 1 2011,	
derivados 1 504 1 2008,	
insulina 2 504 2 2006,2036,	
pelvis 1 504 1 5398,	
Aproximadamente 1 504 1 4608,	
Antidiabéticos 1 504 1 2003,	
hemograma 1 504 1 2001,	
alteraciones 2 504 2 1998,5593,	
hemático 4 504 4 1992,3398,3485,5326,	
cuadro 3 504 3 1991,3484,5325,	
litio 4 504 4 2125,2143,2154,2165,	
alterar 1 504 1 1989,	
citostáticos 1 504 1 1983,	
corticosteroides 1 504 1 1981,	
inmunosupresores 1 504 1 1980,	
Alopurinol 1 504 1 1979,	
esté 1 504 1 1975,	
sustancias 4 504 4 1971,1986,2044,2181,	
interacciones 1 504 1 1968,	
Deberán 1 504 1 1964,	
interacción 1 504 1 1963,	
formas 4 504 4 1961,2361,3382,3494,	
medicamentos 4 504 4 1958,3479,3491,5757,	
Interacción 1 504 1 1954,	
diarrea 2 504 2 1951,3344,	
estómago 3 504 3 1949,3350,3630,	
molestias 2 504 2 1947,3357,	
cabeza 1 504 1 1946,	
dolor 2 504 2 1944,3348,	
provocar 1 504 1 1943,	
Puede 2 504 2 1942,2623,	
elevadas 1 504 1 1941,	
perjudicial 1 504 1 1938,	
excipiente 1 504 1 1935,	
glicerol 1 504 1 1933,	
contener 1 504 1 1932,	
adversas"" 2 504 2 1928,2077,	
""Reacciones 2 504 2 1927,2076,	
hemoglobina 1 504 1 3416,	
apartado 2 504 2 1926,3725,	
fase 6 504 6 1913,4795,4811,4824,4846,4873,	
leucopenia 1 504 1 1905,	
detectar 1 504 1 1902,	
leucocitaria 1 504 1 1898,	
fórmula 2 504 2 1897,3448,	
sodio 2 504 2 1891,2954,	
nivel 4 504 4 1889,2539,3567,3797,	
espironolactona) 1 504 1 1870,	
procainamida 1 504 1 1982,	
ahorradores 3 504 3 1865,2089,2985,	
frecuente 4 504 4 1851,1910,2966,3213,	
sérico 1 504 1 1847,	
potasio 9 504 9 1846,1867,1875,2087,2091,2102,2114,2960,2987,	
periódicamente 3 504 3 1844,1887,1895,	
trasplante 3 504 3 1839,2873,3910,	
previa 1 504 1 1834,	
eritema 1 504 1 3122,	
irrelevante 1 504 1 1819,	
especialmente 5 504 5 1805,2504,2683,3292,5299,	
primeras 2 504 2 1801,4605,	
líquidos 3 504 3 1788,2711,2732,	
reposición 3 504 3 1786,2729,3664,	
piernas 1 504 1 1782,	
decúbito 2 504 2 1779,3236,	
Raynaud 1 504 1 3132,	
colocación 1 504 1 1775,	
podrá 1 504 1 1768,	
excesivo 2 504 2 1763,2618,	
importante 1 504 1 1752,	
posibilidad 3 504 3 1746,2012,3718,	
descartarse 1 504 1 1744,	
aumente 1 504 1 1734,	
aumento 13 504 13 1720,1993,2096,2642,2654,2958,2995,3366,3371,3565,5062,5269,5290,	
regularmente 1 504 1 1708,	
sales 4 504 4 1873,2112,2141,2713,	
controlará 1 504 1 1707,	
correspondientes 1 504 1 1705,	
correctoras 1 504 1 1704,	
agudo 2 504 2 1692,1751,	
magnitud 1 504 1 1688,	
valorar 1 504 1 1686,	
extenso 1 504 1 4402,	
A 3 504 3 1683,4868,5191,	
agranulocitosis 1 504 1 3436,	
relevante) 2 504 2 1682,1828,	
pronunciado 3 504 3 1668,2886,5289,	
descenso 10 504 10 1667,1691,1750,1762,2617,2627,2663,2885,2952,3983,	
particular 1 504 1 1663,	
supongan 1 504 1 1661,	
necesario 4 504 4 1652,1700,1770,1885,	
También 5 504 5 1650,3078,3276,3546,5481,	
intensidad 1 504 1 3084,	
desarrollar 1 504 1 1634,	
puedan 1 504 1 1633,	
presenten 1 504 1 1631,	
potencialmente 1 504 1 1621,	
fármacos 2 504 2 1620,2699,	
tratada 1 504 1 1617,	
maligno 1 504 1 1604,	
particularmente 4 504 4 1601,1610,1798,2851,	
sostenido 1 504 1 4166,	
orina 7 504 7 3000,4502,4522,4556,4598,4617,4693,	
subsiguiente 1 504 1 1590,	
pronunciada 1 504 1 1583,	
afectar 2 504 2 2477,3482,	
probabilidad 3 504 3 1579,1996,3172,	
mayor 3 504 3 1578,3453,3999,	
dada 1 504 1 1576,	
controlados 1 504 1 1567,	
deben 1 504 1 1565,	
grupos 2 504 2 1562,1920,	
siguientes 6 504 6 1561,1967,2855,3095,3402,3582,	
superiores 2 504 2 5200,5307,	
mantiene 1 504 1 4159,	
potencian 1 504 1 2030,	
deterioro 3 504 3 1555,1591,2834,	
arterial 18 504 18 1551,1587,1672,1696,1711,1756,1767,2475,2520,2537,2569,2622,2632,2668,2807,2820,4032,4190,	
presión 18 504 18 1550,1586,1671,1695,1710,1755,1766,2474,2536,2568,2621,2631,2667,2806,2819,2889,4061,4189,	
excesiva 4 504 4 1547,2571,2726,2803,	
demostró 1 504 1 4281,	
caída 3 504 3 1546,1582,2802,	
impedir 1 504 1 1544,	
adecuadas 1 504 1 1542,	
toman 1 504 1 1539,	
balance 1 504 1 2823,	
continuará 1 504 1 1535,	
comenzará 1 504 1 1533,	
relevantes 1 504 1 1526,	
clínicamente 1 504 1 1525,	
cuadros 1 504 1 1523,	
volumen) 1 504 1 1520,	
angiotensina-convertasa 1 504 1 3743,	
sobrecarga 1 504 1 1518,	
frente 1 504 1 1514,	
cuidadosamente 1 504 1 1513,	
ratas 3 504 3 5371,5375,5382,	
sopesarse 1 504 1 1512,	
medidas 6 504 6 1510,1541,1703,1773,3075,3614,	
impotencia 1 504 1 3540,	
(Sin 1 504 1 1502,	
hipovolemia 1 504 1 1492,	
deshidratación 1 504 1 1490,	
corregir 1 504 1 1488,	
regular 1 504 1 1485,	
médica 1 504 1 1484,	
supervisión 1 504 1 1483,	
requiere 2 504 2 1482,3074,	
diarreas 1 504 1 2722,	
especiales 3 504 3 1475,2073,5675,	
recomendable 1 504 1 2105,	
precauciones 4 504 4 1474,2072,2118,3500,	
Advertencias 1 504 1 1472,	
tratados 5 504 5 1464,1878,2982,3475,4005,	
utlilizarse 1 504 1 1461,	
boca 1 504 1 3333,	
método 1 504 1 1455,	
dextrano 3 504 3 1453,2211,2265,	
sulfato 4 504 4 1451,2209,2263,3634,	
densidad 2 504 2 1449,2261,	
lipoproteínica 2 504 2 1446,2258,	
aféresis 2 504 2 1445,2257,	
similares 3 504 3 1442,2254,4984,	
observado 5 504 5 1440,2606,3141,3435,3563,	
urinario 1 504 1 3695,	
incluya 1 504 1 1433,	
alcanza 2 504 2 4107,4886,	
cambiando 1 504 1 1427,	
utilizando 3 504 3 1421,1976,5536,	
hemofiltración) 1 504 1 1420,	
urgencia 2 504 2 1418,3077,	
membrana 2 504 2 1413,1425,	
tipo 5 504 5 1411,1423,1603,3605,5227,	
concomitante 4 504 4 1403,1862,2108,2178,	
evitarse 2 504 2 1400,2321,	
Deberá 2 504 2 1399,2320,	
raras 1 504 1 3018,	
fabricante) 1 504 1 1398,	
instrucciones 1 504 1 1396,	
(Ver 3 504 3 1394,2266,3486,	
ECA 23 504 23 1393,1437,1469,2029,2130,2186,2248,2336,2356,2404,3036,3053,3138,3190,3211,3257,3275,3285,3432,3560,4867,5418,5515,	
inhibidores 19 504 19 1390,1434,1466,2026,2127,2183,2245,2333,2353,2401,3050,3135,3187,3272,3429,3557,3740,5415,5512,	
angioneuróticos 1 504 1 3028,	
poliacrilonitrilo) 2 504 2 1385,2240,	
alto 3 504 3 1382,2208,2236,	
flujo 4 504 4 1381,2207,2235,4042,	
alcanzan 2 504 2 4738,4770,	
membranas 2 504 2 1379,2233,	
determinadas 1 504 1 1378,	
diálisis 7 504 7 1376,1416,2205,2230,3698,3720,3908,	
transcurso 3 504 3 1373,2227,2371,	
shock 4 504 4 1370,2224,2673,3584,	
vasodilatación 1 504 1 3820,	
evolucionar 4 504 4 1368,2671,2841,3066,	
incluían 1 504 1 5462,	
hipersensibilidad 3 504 3 1365,2217,3149,	
reducidas 1 504 1 4832,	
anafilactoides 3 504 3 1363,3016,3179,	
leve 1 504 1 3085,	
reacciones 10 504 10 1362,1441,2215,2253,3013,3096,3112,3176,3324,3504,	
descrito 3 504 3 1361,2214,5664,	
(en 1 504 1 2062,	
han 15 504 15 1360,1439,2213,2251,2605,3025,3140,3434,4621,4664,5313,5419,5434,5564,5663,	
lactancia 4 504 4 1358,2300,2433,5390,	
Embarazo 2 504 2 1356,2298,	
inestables 1 504 1 1354,	
hipotensos 1 504 1 1351,	
Pacientes 1 504 1 1350,	
aórtica 1 504 1 1346,	
mitral 1 504 1 1344,	
único 2 504 2 1341,4417,	
riñón 2 504 2 1340,2875,	
potenciación 1 504 1 2058,	
unilateral 2 504 2 1336,1826,	
bilateral 1 504 1 1334,	
significativa 6 504 6 1333,1348,1649,2740,2766,4290,	
celular 1 504 1 5585,	
hemodinámicamente 10 504 10 1332,1347,1353,1648,1681,1818,1827,2739,2765,2868,	
extremidades 1 504 1 5470,	
controlar 5 504 5 1653,1794,1843,1886,1894,	
arteria 6 504 6 1330,1646,1816,1824,2737,2866,	
Estenosis 3 504 3 1327,1343,2734,	
angioneurótico 3 504 3 1325,3059,3082,	
edema 3 504 3 1324,3058,3081,	
Antecedentes 1 504 1 1322,	
excipientes 2 504 2 1317,5614,	
Hipersensibilidad 1 504 1 1309,	
Contraindicaciones 1 504 1 1307,	
comida 1 504 1 4721,	
comidas 1 504 1 1304,	
líquido 1 504 1 1298,	
abundante 1 504 1 1297,	
masticar 1 504 1 1295,	
empleo"") 2 504 2 2120,3502,	
ingerirse 1 504 1 1293,	
deberán 3 504 3 1292,1511,3649,	
comprimidos 5 504 5 1289,5706,5708,5713,5715,	
Los 9 504 9 1288,1560,2741,4660,4730,4762,5350,5531,5554,	
Forma 1 504 1 1285,	
tolere 1 504 1 1170,	
dependiendo 1 504 1 1165,	
debe 8 504 8 1163,1457,1842,1908,2194,2303,3311,4849,	
diabética 4 504 4 1150,2927,3893,3917,	
precaución 1 504 1 986,	
Ello 1 504 1 2501,	
luego 1 504 1 983,	
día) 1 504 1 980,	
(1 1 504 1 972,	
inhibición 4 504 4 3033,3208,3282,3811,	
posible 7 504 7 971,1554,1904,2385,3170,3278,3638,	
baja 3 504 3 970,1448,2260,	
significativo 2 504 2 4726,4907,	
iniciar 1 504 1 962,	
indicados 1 504 1 1923,	
tratar 1 504 1 956,	
mono 6 504 6 5172,5257,5298,5311,5330,5360,	
decisión 1 504 1 954,	
tomada 1 504 1 952,	
embargo 6 504 6 949,1503,2922,3262,3711,5214,	
Sin 5 504 5 948,2921,3261,3710,5213,	
atenuar 1 504 1 2290,	
(NYHA/IV) 1 504 1 942,	
experiencia 2 504 2 932,3683,	
suficiente 1 504 1 931,	
dispone 2 504 2 929,3681,	
Todavía 2 504 2 926,3862,	
única 4 504 4 917,4088,4105,4127,	
administrarse 2 504 2 914,2304,	
dividida 1 504 1 911,	
total 7 504 7 909,2998,4250,4306,4371,4490,4646,	
Posteriormente 1 504 1 906,	
deba 2 504 2 894,1177,	
Después 1 504 1 878,	
veces 5 504 5 872,2221,2547,3364,5438,	
administrar 2 504 2 867,3048,	
recomienda 7 504 7 866,897,961,1180,1487,1793,1893,	
tolera 1 504 1 861,	
noche 2 504 2 856,3230,	
únicas 1 504 1 843,	
divididos 1 504 1 839,	
diarios 3 504 3 702,836,5109,	
antagonista 1 504 1 591,	
adicional 3 504 3 584,1740,4243,	
lugar 4 504 4 566,2625,2832,2949,	
usual 1 504 1 539,	
intervalos 3 504 3 531,900,1183,	
consiste 1 504 1 527,	
médico 6 504 6 473,802,1126,1269,3167,3315,	
control 5 504 5 472,801,1125,1268,1907,	
estricto 4 504 4 471,800,1124,1267,	
iniciarse 4 504 4 468,798,1121,1264,	
pregelatinizado 1 504 1 5622,	
sólo 7 504 7 466,796,1119,1262,1531,4696,5248,	
metabolito 2 504 2 3753,4418,	
sustitución 1 504 1 2375,	
Por 5 504 5 458,788,1111,1254,2308,	
reducirse 4 504 4 457,787,1110,1253,	
hepática 7 504 7 447,777,1100,1243,3388,4406,5051,	
reducción 16 504 16 420,750,1233,2018,2533,2565,2935,3404,3532,3542,3802,3835,3978,4028,4058,5279,	
transitorio 1 504 1 2792,	
acción) 3 504 3 416,746,1229,	
paso"" 1 504 1 4409,	
duración 4 504 4 413,743,1226,4171,	
(sinónimos 1 504 1 3763,	
(dependiendo 3 504 3 410,740,1223,	
período 8 504 8 407,737,1220,2431,4749,4800,4835,4902,	
días 7 504 7 403,733,877,905,1216,4844,4899,	
ó 4 504 4 401,731,1214,3942,	
durante 25 504 25 399,405,729,735,875,1212,1218,1299,1386,1443,1571,1799,2241,2305,2390,2429,2751,3020,3220,3639,3945,4131,4603,5112,5384,	
mínimo 4 504 4 398,728,1211,4710,	
interrupción 5 504 5 391,721,1204,3040,4173,	
comenzar 3 504 3 383,713,1499,	
reducida 4 504 4 368,697,1089,4998,	
considerarse 9 504 9 361,389,581,690,719,1082,1202,1965,3716,	
24% 1 504 1 4342,	
deberá 17 504 17 360,388,467,689,718,797,1081,1120,1201,1263,2093,2313,2348,2381,2438,3164,3193,	
ulterior 1 504 1 1749,	
diurético 17 504 17 359,380,396,425,435,587,688,710,726,755,765,1080,1200,1209,1238,1739,2659,	
pretratados 9 504 9 356,377,432,685,707,762,1077,1197,1625,	
así 6 504 6 352,681,1073,2645,3787,4310,	
importante) 3 504 3 351,680,1072,	
cerebral 6 504 6 350,679,1071,1680,2788,2796,	
estenosis 10 504 10 347,676,1068,1643,1677,1813,1821,2746,2764,2863,	
e 24 504 24 345,675,1066,1384,1415,1674,1812,1869,2005,2040,2049,2238,2527,2561,2862,2973,3087,3467,3529,3533,3587,3627,3880,5477,	
continuarse 1 504 1 2813,	
(p 18 504 18 344,674,1065,1383,1414,1673,1811,1868,2004,2039,2048,2237,2861,2972,3466,3528,3626,3879,	
concomitantemente 3 504 3 1537,1977,2908,	
especial 8 504 8 342,672,985,1063,1569,1655,2689,2906,	
alteración 2 504 2 3523,5047,	
constituir 3 504 3 340,670,1061,	
intrauterino 1 504 1 5490,	
pueda 5 504 5 339,669,1060,1743,2452,	
hipotensión 5 504 5 338,668,1059,3583,5472,	
reacción 4 504 4 336,666,1057,2558,	
hemofiltración 2 504 2 3696,3722,	
primera 4 504 4 1715,1729,2635,2649,	
grave 6 504 6 328,658,941,1049,1600,1613,	
casos 9 504 9 325,655,1046,2326,2602,2854,3249,3391,5436,	
debiéndose 1 504 1 3047,	
debido 3 504 3 2974,4209,4232,	
corregida 3 504 3 323,653,1044,	
está 5 504 5 321,651,1042,3234,4997,	
salina 5 504 5 319,649,1040,1496,1639,	
prolonga 1 504 1 4129,	
volumen 9 504 9 317,647,1038,1637,1791,2997,3666,4927,4940,	
depleción 5 504 5 315,645,1036,1495,1635,	
Cuando 8 504 8 313,643,891,1034,1174,1521,5037,5413,	
caso 18 504 18 306,481,809,1027,1134,1277,1338,1699,1759,1853,1859,2175,2389,3157,3300,3575,3654,3714,	
máxima 10 504 10 302,477,555,632,805,920,1023,1130,1191,1273,	
25 12 504 12 295,371,439,623,700,769,869,973,1016,1092,1155,3939,	
proteínas 2 504 2 2931,4955,	
generalmente 4 504 4 292,1013,2814,3265,	
diaria 17 504 17 289,301,428,476,556,631,758,910,919,968,1010,1022,1129,1190,1272,4877,5194,	
corporal 3 504 3 286,615,1007,	
superficie 3 504 3 285,614,1006,	
m2 3 504 3 283,612,1004,	
73 3 504 3 282,611,1003,	
ml/min 3 504 3 279,608,1000,	
20 3 504 3 278,607,999,	
50 4 504 4 276,605,997,5409,	
máximo 2 504 2 4101,4137,	
creatinina 7 504 7 274,603,995,2900,3962,4017,5014,	
aclaramiento 5 504 5 272,601,993,5006,5012,	
renal 31 504 31 270,599,991,1331,1559,1595,1647,1797,1817,1825,1833,1840,1856,2738,2838,2844,2867,2896,2971,3459,3589,3911,4044,4561,4994,5003,5035,5209,5393,5449,5475,	
insuficiencia 24 504 24 269,446,598,776,824,939,990,1099,1242,1507,1608,1832,1855,2843,2879,2895,2970,3458,3588,4327,5002,5091,5448,5474,	
En 30 504 30 266,375,443,565,595,705,773,987,1096,1195,1239,1757,1876,2174,2601,3017,3156,3247,3299,3574,3889,3912,3922,3968,4074,4191,4968,5173,5308,5327,	
mantenimiento 2 504 2 259,541,	
Si 5 504 5 857,2339,2364,2421,2563,	
habitual 1 504 1 257,	
Dosis 6 504 6 256,831,918,1151,1189,5230,	
10 9 504 9 254,260,560,922,4265,4478,4640,5140,5749,	
aumentarla 2 504 2 252,982,	
semanas 7 504 7 250,536,1188,1802,3947,4150,5114,	
tres 1 504 1 249,	
mañana 1 504 1 851,	
semana 1 504 1 242,	
considerará 1 504 1 3670,	
después 6 504 6 239,246,1301,4116,4743,4776,	
completamente 3 504 3 322,652,1043,	
doblarla 4 504 4 238,529,898,1181,	
incrementar 3 504 3 234,524,568,	
recomendado 2 504 2 232,522,	
procedimiento 2 504 2 231,521,	
El 19 504 19 230,520,1478,2279,2808,2912,3057,3590,3748,3841,4099,4121,4134,4397,4445,4629,4672,4748,4901,	
paciente 13 504 13 229,519,859,890,1169,1777,2341,2366,2436,2481,3163,3233,3310,	
respuesta 9 504 9 227,449,517,779,887,1102,1245,5590,5602,	
según 2 504 2 225,515,	
gradual 1 504 1 224,	
incrementarse 11 504 11 221,455,514,785,880,895,1108,1164,1178,1251,3181,	
día 8 504 8 217,265,510,552,579,628,874,1160,	
vez 7 504 7 215,508,951,978,1158,2816,4862,	
ramipril 102 504 102 213,263,298,312,374,387,442,453,488,506,550,563,572,626,642,704,717,772,783,816,838,925,976,1019,1033,1095,1106,1141,1249,1284,1291,1311,1405,1481,1530,1575,1724,1973,2110,2136,2193,2201,2295,2319,2380,2408,2425,2638,2755,2811,2829,2915,3024,3045,3224,3321,3619,3707,3757,3894,3918,3933,3975,4012,4024,4052,4143,4178,4260,4283,4302,4399,4437,4466,4481,4508,4524,4576,4589,4632,4653,4667,4673,4707,4718,4736,4756,4781,4786,4885,4932,4957,4979,5043,5056,5068,5111,5127,5265,5380,5529,5546,	
mg 37 504 37 211,255,261,296,310,372,440,486,504,548,561,577,624,640,701,770,814,835,847,870,923,974,1017,1031,1093,1139,1156,1194,1282,4479,4574,4883,5108,5645,5657,5705,5712,	
recomendada 5 504 5 206,499,619,833,1153,	
inicial 16 504 16 205,290,367,429,498,618,696,759,832,864,1011,1088,1152,1173,1914,4793,	
desensibilización 1 504 1 3201,	
dosis 62 504 62 204,219,236,288,300,366,423,427,475,497,512,526,538,554,570,617,630,695,753,757,804,842,863,882,893,908,916,967,1009,1021,1087,1128,1162,1172,1176,1236,1271,1716,1722,1730,1736,1940,2636,2644,2650,2656,3936,4008,4087,4104,4126,4263,4516,4876,4910,4920,5040,5176,5193,5301,5333,5407,	
prevención 1 504 1 202,	
indicación 2 504 2 199,5567,	
- 43 504 43 195,489,564,594,817,1142,1308,1321,1326,1342,1349,1355,1596,1605,1623,1628,1640,1712,1726,1978,2002,2037,2084,2122,2166,2202,2249,2268,2277,2680,2685,2703,2708,2733,2856,2870,2876,5615,5618,5623,5627,5631,5634,	
individual 2 504 2 194,888,	
tolerancia 1 504 1 193,	
buscado 1 504 1 189,	
antihipertensor 7 504 7 188,2047,2061,4084,4123,4136,4157,	
función 9 504 9 185,884,1558,1594,1796,2837,3387,5034,5050,	
establecerá 1 504 1 183,	
posología 1 504 1 181,	
náuseas 2 504 2 2584,3345,	
permitida 10 504 10 303,478,557,633,806,921,1024,1131,1192,1274,	
La 32 504 32 180,203,218,299,426,474,511,537,553,629,756,803,1020,1127,1161,1270,2470,2934,3171,3801,4021,4049,4172,4714,4791,4952,4992,5123,5244,5365,5377,5571,	
efecto 11 504 11 187,2060,2199,2274,2292,4083,4100,4122,4135,4156,4725,	
administración 31 504 31 179,363,394,583,692,724,1084,1207,1287,1402,2107,2177,3631,3672,4022,4050,4097,4119,4475,4505,4539,4570,4679,4715,4746,4779,4924,5104,5124,5166,5378,	
forma 7 504 7 177,223,1850,2081,4277,4289,4789,	
Posología 5 504 5 175,196,490,818,1143,	
manifiesta) 1 504 1 166,	
Se 12 504 12 1359,1438,1486,1792,1841,1892,2022,2212,2250,3611,4151,5162,	
macroalbuminuria 1 504 1 164,	
renovascular 2 504 2 1810,2860,	
incipiente) 1 504 1 161,	
(nefropatía 2 504 2 160,165,	
progresión 2 504 2 157,4324,	
periférica 2 504 2 152,4033,	
vascular 4 504 4 151,2795,4212,4229,	
miocardio) 1 504 1 143,	
clínica 4 504 4 139,145,4221,4226,	
historia 4 504 4 138,144,4220,4225,	
( 1 504 1 134,	
coronaria 7 504 7 133,348,677,1069,1678,2761,4219,	
preverse 2 504 2 2094,2195,	
cardiaca 1 504 1 132,	
enfermedad 8 504 8 131,150,1809,2760,2859,4211,4217,4228,	
riesgo 16 504 16 127,171,343,673,1064,1516,1664,1922,2158,2414,2847,3071,3395,4206,4242,4333,	
muerte 3 504 3 120,4299,5480,	
ictus 4 504 4 118,147,4223,4297,	
Prevención 2 504 2 113,154,	
primario 1 504 1 111,	
hiperaldosteronismo 1 504 1 110,	
cefalea 2 504 2 2591,3509,	
debida 1 504 1 108,	
tratamiento 52 504 52 104,244,385,451,462,492,715,781,792,821,935,964,1104,1115,1146,1247,1258,1388,1430,1479,1501,1528,1573,1804,1861,1916,2243,2317,2331,2351,2363,2373,2399,2423,2508,2526,2753,2809,2827,2913,2991,3022,3043,3055,3222,3270,3319,3591,3996,4140,4165,4176,	
adecuado 1 504 1 101,	
Ramipril 9 504 9 98,2270,2301,4330,4355,5641,5654,5701,5709,	
microalbuminuria 4 504 4 96,159,3921,4362,	
Aluminio/Aluminio 1 504 1 5699,	
caracterizados 1 504 1 94,	
incipiente 2 504 2 88,3916,	
hipertensos 5 504 5 83,93,4055,4389,5087,	
normotensos 2 504 2 81,4392,	
inicialmente 1 504 1 912,	
sean 3 504 3 80,1524,5505,	
insulin-dependientes 2 504 2 78,92,	
pacientes 67 504 67 77,90,123,168,267,331,355,376,431,444,465,596,636,661,684,706,761,774,795,937,959,988,1052,1076,1097,1118,1196,1240,1261,1463,1505,1564,1597,1606,1624,1629,1641,1659,1675,1807,1830,1837,1877,2678,2758,2857,2871,2877,2924,2968,3294,3456,3474,3890,3913,3950,3954,3970,4002,4054,4079,4199,4275,4388,4578,5000,5089,	
mellitus 3 504 3 75,3901,4235,	
diabetes 3 504 3 74,3900,4234,	
nefropatía 8 504 8 87,1149,2926,2976,3892,3915,3958,4338,	
renales 3 504 3 71,4536,5577,	
complicaciones 2 504 2 70,3897,	
miocardio 6 504 6 65,117,830,947,2784,4296,	
caulquiera 1 504 1 1314,	
infarto 7 504 7 63,115,141,828,945,2782,4294,	
posterior 3 504 3 61,826,943,	
cardíaca 11 504 11 60,825,940,1508,1609,2687,2880,4073,4218,4328,5092,	
Insuficiencia 2 504 2 59,2686,	
calcio 2 504 2 57,593,	
antagonistas 1 504 1 55,	
diuréticos 10 504 10 53,1627,1864,1883,2041,2066,2088,2707,2911,2984,	
antihipertensores 2 504 2 51,1622,	
combinación 1 504 1 48,	
equilibrio 2 504 2 3508,4890,	
o 77 504 77 46,54,82,119,136,148,318,329,349,404,417,456,588,648,659,678,734,747,786,1039,1050,1070,1109,1217,1230,1252,1300,1312,1335,1345,1352,1419,1426,1493,1534,1614,1632,1638,1679,1789,1820,1835,1857,1871,2172,2405,2651,2693,2712,2720,2724,2762,2781,2786,2793,2978,3063,3120,3127,3145,3305,3335,3460,3470,3472,3697,3708,3721,3909,4224,4231,4298,4625,4881,5199,5306,5604,	
monoterapia 1 504 1 45,	
esencial 2 504 2 43,4412,	
hipertensión 8 504 8 42,107,327,495,657,1048,1599,4245,	
Este 4 504 4 1454,1906,1929,4279,	
Tratamiento 3 504 3 39,67,2704,	
elevado 3 504 3 126,170,4208,	
· 6 504 6 38,58,66,97,112,153,	
terapéuticas 1 504 1 37,	
Indicaciones 1 504 1 36,	
	"4 1 504 1 34,	
CLINICOS 1 504 1 33,	
DATOS 2 504 2 32,5608,	
4 14 504 14 31,173,1305,1470,1471,1952,2296,2458,2515,3571,4774,4841,4898,5673,	
FARMACEUTICA 1 504 1 29,	
FORMA 1 504 1 28,	
afectación 1 504 1 3089,	
debidos 2 504 2 2744,3030,	
3 14 504 14 27,402,535,732,904,1187,1215,1306,3993,4112,4806,5116,5196,5666,	
lengua 1 504 1 3061,	
levantadas 1 504 1 1783,	
CUANTITATIVA 1 504 1 25,	
Y 1 504 1 24,	
CUALITATIVA 1 504 1 23,	
antecedentes 1 504 1 4215,	
COMPOSICION 1 504 1 22,	
región 1 504 1 3360,	
2 29 504 29 21,174,209,400,484,502,533,544,730,812,841,845,1137,1185,1213,1280,3940,4168,4394,4772,4879,5113,5197,5233,5336,5643,5659,5670,5703,	
	 4 504 4 20,26,30,5731,	
MEDICAMENTO 2 504 2 19,3733,	
exenta 1 504 1 5131,	
DEL 2 504 2 18,5753,	
Piel 1 504 1 3010,	
interrumpirse 1 504 1 2349,	
NOMBRE 1 504 1 17,	
atención 2 504 2 1570,1656,	
1 21 504 21 16,35,281,294,370,438,610,622,699,768,868,902,1002,1015,1091,1154,3735,3938,4741,4760,5611,	
ocasiones 1 504 1 3019,	
información 1 504 1 13,	
Toda 1 504 1 11,	
cardiovascular 5 504 5 121,128,172,4207,4300,	
medicamento 4 504 4 10,15,1320,1930,	
Basica 1 504 1 8,	
	Información 1 504 1 7,	
28 3 504 3 5,5707,5714,	
Comprimidos 2 504 2 4,6,	
MG 1 504 1 3,	
5 32 504 32 2,210,309,485,503,545,547,576,639,813,834,846,1030,1138,1193,1281,1953,3728,3941,3943,4393,4573,4843,4880,5107,5115,5337,5644,5656,5691,5704,5711,	
ALTER 1 504 1 1,	
concentrarse 1 504 1 2483,	
RAMIPRIL 1 504 1 0,	
