	Prospectos 1 505 1 5754,	
TEXTO 1 505 1 5753,	
REVISIÓN 1 505 1 5751,	
2006 1 505 1 5747,	
Octubre 1 505 1 5746,	
AUTORIZACIÓN/RENOVACIÓN 1 505 1 5742,	
PRIMERA 1 505 1 5741,	
FECHA 2 505 2 5738,5749,	
Barcelona 1 505 1 5729,	
Osi 1 505 1 5726,	
C 1 505 1 5725,	
L 1 505 1 5724,	
S 1 505 1 5723,	
	Lab 1 505 1 5721,	
COMERCIALIZACIÓN 2 505 2 5720,5735,	
AUTORIZACIÓN 3 505 3 5718,5733,5745,	
TITULAR 1 505 1 5715,	
aluminio/aluminio 1 505 1 5705,	
blister 1 505 1 5704,	
presentados 1 505 1 5702,	
Envase 1 505 1 5692,	
recipiente 1 505 1 5691,	
contenido 1 505 1 5689,	
Naturaleza 1 505 1 5687,	
precisan 1 505 1 5680,	
conservación 2 505 2 5677,5684,	
Precauciones 2 505 2 5674,5708,	
validez 1 505 1 5669,	
Hidroxipropilmetilcelulosa 1 505 1 5657,	
Estearilfumarato 1 505 1 5655,	
microcristalina 1 505 1 5654,	
Celulosa 1 505 1 5653,	
sódico 2 505 2 5652,5656,	
Bicarbonato 1 505 1 5651,	
Almidón 1 505 1 5645,	
Lista 1 505 1 5642,	
	6 1 505 1 5640,	
FARMACÉUTICOS 1 505 1 5639,	
pre-neoplásica 1 505 1 5635,	
neoplásica 1 505 1 5633,	
morfológicos 1 505 1 5628,	
funcionales 1 505 1 5624,	
consideran 1 505 1 5618,	
oxifílica 1 505 1 5616,	
hiperplasia 1 505 1 5614,	
oxifílicas 1 505 1 5610,	
células 1 505 1 5609,	
túbulos 2 505 2 5606,5612,	
tumorígenos 1 505 1 5600,	
plazo 1 505 1 5588,	
neoplásico 1 505 1 5583,	
Potencial 1 505 1 5582,	
genotóxicas 1 505 1 5581,	
posea 1 505 1 5577,	
concluir 1 505 1 5574,	
permiten 1 505 1 5573,	
comprobación 1 505 1 5571,	
distintos 1 505 1 5569,	
mutagenicidad 1 505 1 5565,	
exhaustivos 1 505 1 5562,	
Mutagenicidad 1 505 1 5560,	
inmunotóxico 1 505 1 5557,	
ningún 1 505 1 5555,	
toxicología 1 505 1 5551,	
ensayos 2 505 2 5549,5563,	
Inmunotoxicología 1 505 1 5546,	
fenómenos 1 505 1 5537,	
asegurar 1 505 1 5534,	
Botal 1 505 1 5529,	
agujero 1 505 1 5527,	
persistencia 1 505 1 5525,	
retraso 1 505 1 5520,	
reversible 1 505 1 5509,	
anuria 1 505 1 5506,	
fetales 1 505 1 5504,	
contracturas 1 505 1 5500,	
pulmonar 1 505 1 5499,	
hipoplasia 1 505 1 5498,	
craneofacial 1 505 1 5497,	
deformidad 1 505 1 5496,	
nacido 1 505 1 5493,	
(supuestamente 1 505 1 5476,	
conjunción 1 505 1 5473,	
notificado 1 505 1 5468,	
tercer 1 505 1 5461,	
segundo 1 505 1 5459,	
mujeres 1 505 1 5456,	
administrados 1 505 1 5454,	
partir 1 505 1 5440,	
(dilatación 1 505 1 5431,	
fetal 1 505 1 5423,	
períodos 1 505 1 5422,	
hembra 2 505 2 5412,5419,	
macho 1 505 1 5408,	
fertilidad 1 505 1 5402,	
propiedades 2 505 2 5399,5578,	
revelaron 1 505 1 5398,	
conejo 1 505 1 5394,	
reproducción 2 505 2 5385,5391,	
Toxicología 1 505 1 5382,	
nocivos 1 505 1 5381,	
toleraron 1 505 1 5368,	
variaciones 1 505 1 5359,	
desviación 1 505 1 5353,	
signos 1 505 1 5351,	
encontrado 1 505 1 5350,	
250 1 505 1 5340,	
yuxtaglomerular 1 505 1 5329,	
aparato 1 505 1 5328,	
detectó 1 505 1 5323,	
producción 1 505 1 5309,	
(prueba 1 505 1 5302,	
farmacodinámica 1 505 1 5299,	
expresión 1 505 1 5295,	
atrofia 1 505 1 5281,	
tóxicos 1 505 1 5279,	
toleradas 1 505 1 5272,	
característicos 1 505 1 5261,	
prematuridad 1 505 1 5519,	
farmacodinámicos 1 505 1 5258,	
términos 1 505 1 5257,	
explicados 1 505 1 5255,	
distal) 1 505 1 5248,	
tubular 2 505 2 5247,5282,	
(atrofia 1 505 1 5246,	
morfología 1 505 1 5244,	
evidencias 1 505 1 5239,	
aparecieron 1 505 1 5237,	
defecto 1 505 1 5556,	
desviaciones 1 505 1 5220,	
produjeron 2 505 2 5219,5427,	
40 1 505 1 5217,	
orden 1 505 1 5215,	
diarias 4 505 4 5213,5267,5338,5370,	
realizaron 1 505 1 5199,	
Beagle 1 505 1 5195,	
perro 6 505 6 5194,5206,5290,5331,5345,5364,	
c 2 505 2 5191,5448,	
p 2 505 2 5190,5447,	
1000 1 505 1 5188,	
rata 8 505 8 5184,5205,5211,5275,5286,5393,5592,5604,	
ratón 2 505 2 5181,5590,	
mg/kg 9 505 9 5178,5189,5218,5234,5270,5341,5374,5377,5446,	
DL50 1 505 1 5173,	
toxicidad 1 505 1 5169,	
Toxicidad 2 505 2 5157,5196,	
seguridad 1 505 1 5156,	
destacable 1 505 1 5135,	
acumulación 1 505 1 5134,	
observó 2 505 2 5132,5516,	
sujetos 1 505 1 5119,	
sucede 1 505 1 5117,	
igual 1 505 1 5115,	
Al 1 505 1 5114,	
resultando 1 505 1 5095,	
retarda 1 505 1 5088,	
mg) 1 505 1 5081,	
administran 1 505 1 5075,	
normal 1 505 1 5072,	
personas 1 505 1 5068,	
lentamente 1 505 1 5064,	
diminuyen 1 505 1 5062,	
da 1 505 1 5052,	
proporcional 1 505 1 5046,	
jóvenes 1 505 1 5027,	
obtenidas 1 505 1 5023,	
76 1 505 1 5010,	
65 1 505 1 5008,	
sanos 3 505 3 5006,5026,5120,	
individuos 2 505 2 5005,5025,	
73% 1 505 1 5000,	
respectivamente 2 505 2 4998,5378,	
500 1 505 1 4986,	
litros 2 505 2 4973,4987,	
90 1 505 1 4972,	
sistémico 2 505 2 4967,4980,	
múltiple 1 505 1 4958,	
17 1 505 1 4952,	
efectivo 1 505 1 4943,	
plasma 1 505 1 4932,	
estacionario 1 505 1 4928,	
larga 1 505 1 4911,	
pesar 1 505 1 4908,	
unión 2 505 2 4903,4989,	
saturable 1 505 1 4902,	
estrecha 1 505 1 4897,	
disociación 1 505 1 4892,	
lenta 1 505 1 4891,	
media 2 505 2 4877,4942,	
terminal 3 505 3 4864,4886,4913,	
mutagénicas 1 505 1 5579,	
horas) 1 505 1 4859,	
15 1 505 1 4858,	
aproximada 2 505 2 4856,4878,	
(semivida 1 505 1 4855,	
intermedia 1 505 1 4854,	
Seguida 1 505 1 4850,	
aproximado 1 505 1 4846,	
distribución 3 505 3 4837,4966,4979,	
polifásica 1 505 1 4835,	
disminuyen 1 505 1 4832,	
plasmáticos 4 505 4 4809,5102,5224,5357,	
semivida 2 505 2 4797,4845,	
hora 2 505 2 4790,4806,	
alrededor 1 505 1 4787,	
plasmática 1 505 1 4782,	
concentración 2 505 2 4781,4811,	
simultánea 1 505 1 4764,	
56% 2 505 2 4761,5002,	
distintas 1 505 1 4748,	
representa 1 505 1 4743,	
detección 1 505 1 4737,	
medirse 1 505 1 4732,	
Tal 1 505 1 4729,	
rápidamente 1 505 1 4724,	
absorbe 1 505 1 4723,	
mamíferos 1 505 1 4710,	
estudios 4 505 4 4708,5200,5387,5585,	
Incompatibilidades 1 505 1 5660,	
2% 1 505 1 4705,	
ascendía 1 505 1 4703,	
metabolizado 1 505 1 4702,	
representan 1 505 1 4683,	
ramipril-dicetopiperacina 1 505 1 4682,	
glucurónido 1 505 1 4678,	
identificado 1 505 1 4670,	
90% 1 505 1 4660,	
80 1 505 1 4658,	
lentificación 1 505 1 5107,	
bilis 2 505 2 4650,4667,	
excretó 1 505 1 4643,	
cantidad 2 505 2 4635,4692,	
biliares 1 505 1 4631,	
drenaje 1 505 1 4628,	
30% 1 505 1 4615,	
indicando 1 505 1 4605,	
metabolitos 4 505 4 4599,4641,4663,4674,	
vías 3 505 3 4582,4630,4749,	
eliminaron 1 505 1 4579,	
metabolitos); 1 505 1 4574,	
sido 2 505 2 4566,5453,	
50% 2 505 2 4559,4577,	
60% 2 505 2 4547,4561,	
heces 1 505 1 4543,	
excreta 2 505 2 4540,4716,	
radiactividad 2 505 2 4537,4739,	
40% 1 505 1 4534,	
radiactivamente 1 505 1 4531,	
marcado 1 505 1 4530,	
Tras 5 505 5 4521,4551,4585,4616,4959,	
vía 1 505 1 4517,	
20% 2 505 2 4512,4689,	
aproximadamente 15 505 15 4510,4532,4545,4557,4575,4591,4613,4632,4684,4706,4804,4937,4974,4985,5003,	
activación/metabolización 1 505 1 4507,	
ramiprilato- 1 505 1 4500,	
(éster) 1 505 1 4491,	
dicetopiperacina 2 505 2 4490,4501,	
ramipril- 1 505 1 4489,	
transformado 2 505 2 4487,4498,	
glucuronizado 2 505 2 4485,4496,	
activado 1 505 1 4479,	
Aparte 1 505 1 4476,	
hígado) 1 505 1 4475,	
principalmente 1 505 1 4472,	
efectúa 1 505 1 4471,	
(hidrólisis 1 505 1 4468,	
A 2 505 2 4907,5227,	
extenso 1 505 1 4448,	
sufre 1 505 1 4446,	
farmacocinéticas 1 505 1 4442,	
alteró 1 505 1 5405,	
observaron 1 505 1 4431,	
8% 1 505 1 4424,	
10% 1 505 1 4414,	
exposición 1 505 1 5542,	
global 1 505 1 4396,	
población 2 505 2 4395,4420,	
respecto 2 505 2 4389,4409,	
desarrollo 1 505 1 4381,	
congestiva 2 505 2 4375,5129,	
comienzo 1 505 1 4368,	
retrasa 1 505 1 4366,	
15% 1 505 1 4364,	
16% 1 505 1 4355,	
metabolización 1 505 1 4451,	
mortalidad 1 505 1 4351,	
22% 1 505 1 4333,	
preventiva 1 505 1 4324,	
9200 1 505 1 4320,	
estándar 1 505 1 4317,	
habitual) 1 505 1 4303,	
fumador 1 505 1 4302,	
HDL 1 505 1 4301,	
bajos 1 505 1 4298,	
colesterol 2 505 2 4295,4300,	
(microalbuminuria 1 505 1 4290,	
factor 1 505 1 4286,	
periférica) 1 505 1 4276,	
55 1 505 1 4248,	
realizado 1 505 1 4243,	
(rebote) 1 505 1 4232,	
exacerbado 1 505 1 4230,	
rápido 1 505 1 4228,	
brusca 1 505 1 4220,	
aparece 1 505 1 5283,	
años 4 505 4 4215,4249,5011,5671,	
orina 6 505 6 4550,4570,4604,4646,4665,4741,	
sostenido 1 505 1 4212,	
demostrado 3 505 3 4199,4712,5165,	
3-4 1 505 1 4195,	
gradualmente 1 505 1 4192,	
continuado 1 505 1 4187,	
habitualmente 1 505 1 4176,	
general 1 505 1 4156,	
oligohidramnios 1 505 1 5475,	
oral 9 505 9 4144,4166,4518,4524,4619,4728,4795,5141,5161,	
transcurridas 1 505 1 4138,	
compensatoria 1 505 1 4115,	
elevación 1 505 1 4114,	
supina 1 505 1 4112,	
ortostática 1 505 1 4110,	
posición 1 505 1 4109,	
filtrado 1 505 1 4093,	
significativos 1 505 1 4085,	
producen 1 505 1 4083,	
resistencia 1 505 1 4077,	
marcada 1 505 1 4073,	
Características 1 505 1 4065,	
meses 1 505 1 4040,	
superior 3 505 3 4034,5174,5186,	
glomerular 2 505 2 4033,4094,	
filtración 1 505 1 4032,	
tasa 1 505 1 4027,	
mostró 1 505 1 4022,	
completaron 1 505 1 4018,	
97 1 505 1 4015,	
persistente 1 505 1 4013,	
ml/min) 1 505 1 4010,	
20-70 1 505 1 4009,	
(aclaramiento 1 505 1 4006,	
manifiesta 3 505 3 4005,4191,4385,	
diabéticos 3 505 3 4002,4400,4427,	
mayoría 2 505 2 3999,4122,	
166 1 505 1 3995,	
27 1 505 1 3992,	
mg/día 2 505 2 3990,4312,	
administró 2 505 2 3978,4305,	
placebo 5 505 5 3976,4036,4242,4391,4411,	
controlado 2 505 2 3974,4240,	
ciego 1 505 1 3973,	
doble 1 505 1 3972,	
aleatorizado 1 505 1 3971,	
estudio 4 505 4 3970,4020,4239,4326,	
reduce 5 505 5 3965,4330,4349,4377,4402,	
necesidad 2 505 2 3952,4359,	
disminuye 1 505 1 3941,	
garganta) 1 505 1 3934,	
cosquilleo 1 505 1 3931,	
crónica 2 505 2 5197,5203,	
sensación 1 505 1 3929,	
tos 1 505 1 3927,	
responsable 1 505 1 3920,	
acción 1 505 1 3917,	
medida 1 505 1 3915,	
determinarse 1 505 1 3912,	
podido 1 505 1 3911,	
animal 1 505 1 3907,	
experimentación 1 505 1 3906,	
observados 1 505 1 3903,	
endotelioprotectores 1 505 1 3902,	
cardioprotectores 1 505 1 3900,	
contribuye 1 505 1 3896,	
probablemente 1 505 1 3895,	
actividad 2 505 2 3891,5298,	
secreción 1 505 1 3884,	
aldosterona 2 505 2 3876,3886,	
liberación 1 505 1 3874,	
estimula 1 505 1 3872,	
Como 3 505 3 3867,4503,5294,	
produce 4 505 4 3864,4071,4102,4226,	
formación 3 505 3 3851,4461,5318,	
plasmático 2 505 2 3844,4089,	
vasodilatador 1 505 1 3840,	
bradicinina 3 505 3 3839,3863,3894,	
escisión 2 505 2 3836,3860,	
mayores 2 505 2 4064,4246,	
activa 1 505 1 3830,	
vasconstrictora 1 505 1 3829,	
sustancia 3 505 3 3828,4596,5265,	
cataliza 1 505 1 3819,	
Esta 2 505 2 3817,4884,	
revascularizaciones 1 505 1 4361,	
angiotensina; 1 505 1 3814,	
convertidora 1 505 1 3811,	
I 2 505 2 3808,3825,	
inhibe 1 505 1 3804,	
A05 1 505 1 3793,	
C09 1 505 1 3792,	
ATC 1 505 1 3791,	
Código 1 505 1 3790,	
Inhibidores 1 505 1 3785,	
farmacoterapéutico 1 505 1 3784,	
Grupo 1 505 1 3783,	
farmacodinámicas 2 505 2 3782,4066,	
	"5 1 505 1 3779,	
ESTE 1 505 1 3777,	
(tales 1 505 1 4259,	
FARMACOLÓGICAS 1 505 1 3775,	
PROPIEDADES 1 505 1 3774,	
eliminación 7 505 7 3749,4607,4751,4799,4842,5111,5711,	
proceso 3 505 3 3747,4449,5109,	
aceleración 1 505 1 3745,	
fetal) 1 505 1 5483,	
pH 1 505 1 3738,	
encontraron 1 505 1 4601,	
variación 1 505 1 3736,	
forzada 1 505 1 3735,	
eficacia 1 505 1 3731,	
relativa 1 505 1 3728,	
II 4 505 4 3722,3832,3854,3870,	
catecolaminas 1 505 1 3718,	
electrolitos 3 505 3 3712,5223,5356,	
vigilancia 1 505 1 3703,	
preservarse 1 505 1 3699,	
dado 2 505 2 3696,5595,	
orgánicas 1 505 1 3692,	
vitales 1 505 1 3690,	
funciones 1 505 1 3689,	
minutos) 1 505 1 3687,	
30 1 505 1 3686,	
primeros 1 505 1 3685,	
través 1 505 1 4734,	
sódico; 1 505 1 3679,	
adsorbentes 1 505 1 3677,	
estómago 1 505 1 3674,	
lavado 1 505 1 3672,	
absorbido 1 505 1 3669,	
haya 1 505 1 3668,	
todavía 1 505 1 3665,	
eliminar 1 505 1 3661,	
necesarias 1 505 1 3659,	
tomarán 1 505 1 3656,	
fármaco 2 505 2 3646,3802,	
administrado 2 505 2 3644,4515,	
cuándo 1 505 1 3642,	
dependerá 1 505 1 3638,	
aplicar 1 505 1 3637,	
electrolíticos 1 505 1 3630,	
trastornos 1 505 1 3629,	
bradicardia 1 505 1 3627,	
aparecer 1 505 1 3622,	
sobredosis 1 505 1 3620,	
Sobredosis 1 505 1 3616,	
9 2 505 2 3615,5737,	
esclerodermia) 1 505 1 3590,	
vasculares 1 505 1 3582,	
mayor 2 505 2 3572,4045,	
presentan 1 505 1 3570,	
sanguínea 1 505 1 3568,	
médula 1 505 1 3561,	
depresión 1 505 1 3558,	
pancitopenia 1 505 1 3556,	
hemolítica 1 505 1 3554,	
plasmáticas 3 505 3 4829,4867,5058,	
anemia 2 505 2 3553,5226,	
producido 1 505 1 3552,	
neutropenia) 1 505 1 3546,	
(registrándose 1 505 1 3544,	
leucocitos 1 505 1 3543,	
hematíes 1 505 1 3532,	
número 2 505 2 3530,3538,	
moderada 1 505 1 3526,	
laboratorio 1 505 1 3523,	
Valores 1 505 1 3521,	
aguda) 1 505 1 3520,	
hepático 1 505 1 3516,	
daño 2 505 2 3515,5428,	
pancreatitis 1 505 1 3513,	
onicolisis 1 505 1 3506,	
tóxica 1 505 1 3503,	
epidérmica 1 505 1 3502,	
conversión 1 505 1 3821,	
alopecia 1 505 1 3504,	
necrólisis 1 505 1 3501,	
Johnson 1 505 1 3500,	
Steven 1 505 1 3499,	
Síndrome 1 505 1 3497,	
multiforme 1 505 1 3496,	
eritema 1 505 1 3495,	
enantema 1 505 1 3494,	
liquenoide 1 505 1 3493,	
penfigoide 1 505 1 3491,	
exantema 1 505 1 3490,	
psoriasis 1 505 1 3485,	
exacerbación 1 505 1 3482,	
plaquetas 1 505 1 3540,	
maculopapular 1 505 1 3480,	
grados 1 505 1 3467,	
dermatológicas 1 505 1 3464,	
fotosensibilidad 1 505 1 3460,	
teratogénicas 1 505 1 5400,	
piel 2 505 2 3459,3479,	
eosinofilia 1 505 1 3455,	
antinucleares 1 505 1 3454,	
anticuerpos 1 505 1 3453,	
títulos 1 505 1 3451,	
artralgia/artritis 1 505 1 3447,	
vasculitis 1 505 1 3445,	
Fiebre 1 505 1 3444,	
cardíaco) 1 505 1 3443,	
mejora 1 505 1 3440,	
conexión 1 505 1 3437,	
proteinuria) 1 505 1 3430,	
(aunque 1 505 1 3424,	
proteinuria 2 505 2 3422,4012,	
Descenso 1 505 1 3411,	
parestesias 1 505 1 3410,	
fenómeno 1 505 1 3406,	
perfusión 1 505 1 3399,	
empeoramiento 2 505 2 3396,3404,	
miocárdica 1 505 1 3385,	
isquemia 2 505 2 3384,3387,	
NÚMERO(S) 1 505 1 5731,	
Hipotensión 1 505 1 3382,	
sequedad 1 505 1 3371,	
sabores 1 505 1 3370,	
Cambios 1 505 1 3367,	
Raras 1 505 1 3364,	
funcionamiento 1 505 1 3442,	
Nausea 1 505 1 3363,	
gastrointestinales 2 505 2 3362,3366,	
Ésta 1 505 1 3358,	
irritativa 1 505 1 3357,	
seca 1 505 1 3356,	
Tos 1 505 1 3355,	
mediastínicos 1 505 1 3354,	
perjudiciales 1 505 1 5486,	
torácicos 1 505 1 3352,	
respiratorios 1 505 1 3351,	
Trastornos 3 505 3 3350,3361,3365,	
Frecuentes 1 505 1 3349,	
sistemas 2 505 2 3348,5568,	
intensiva 1 505 1 3704,	
órganos 1 505 1 3346,	
clasificación 1 505 1 3344,	
(<1/10 1 505 1 3339,	
000) 2 505 2 3335,3340,	
<1/1 1 505 1 3334,	
(>1/10 1 505 1 3332,	
<1/100); 1 505 1 3330,	
(>1/1 1 505 1 3328,	
<1/10); 1 505 1 3325,	
(>1/100 1 505 1 3324,	
(>1/10); 1 505 1 3322,	
frecuentes 4 505 4 3321,3323,3327,3360,	
frecuencia 3 505 3 3318,3573,4118,	
agrupadas 1 505 1 3315,	
Éstas 1 505 1 3310,	
reactivo 1 505 1 5306,	
mucosa) 1 505 1 3309,	
inflamatorias 1 505 1 3305,	
electrolítico 1 505 1 3299,	
causa 2 505 2 3288,3879,	
farmacológicas 1 505 1 3280,	
DE 8 505 8 3776,5716,5719,5732,5734,5739,5743,5750,	
acciones 1 505 1 3279,	
u 1 505 1 3277,	
orgánica 1 505 1 3271,	
(ácido) 1 505 1 4502,	
hipoperfusión 1 505 1 3270,	
adrenérgica 1 505 1 3268,	
compensación 1 505 1 3267,	
indeseables 1 505 1 3924,	
lleva 1 505 1 3264,	
hipotensor 1 505 1 3262,	
secundarias 1 505 1 3258,	
Debido 1 505 1 3244,	
adversas 3 505 3 3243,3256,3293,	
manejo 1 505 1 3223,	
vehículos 1 505 1 3221,	
conducción 1 505 1 3219,	
influir 1 505 1 3216,	
reaccionar 1 505 1 3211,	
disminución 1 505 1 3196,	
máquinas 2 505 2 3194,3225,	
utilizar 1 505 1 3193,	
conducir 1 505 1 3191,	
capacidad 2 505 2 3189,3204,	
Efectos 1 505 1 3186,	
7 3 505 3 3185,5714,5727,	
cantidades 1 505 1 3181,	
pequeñas 1 505 1 3180,	
ingerir 1 505 1 3179,	
éste 1 505 1 3177,	
evitar 1 505 1 3175,	
materna 2 505 2 3173,4719,	
leche 2 505 2 3172,4718,	
hijo 1 505 1 3170,	
alimentar 1 505 1 3167,	
mostrar 1 505 1 5277,	
ésta 2 505 2 3163,4044,	
Lactancia 1 505 1 3146,	
preclínicos 2 505 2 3143,5154,	
toxicológicos 1 505 1 5388,	
Datos 2 505 2 3142,5153,	
feto 2 505 2 3137,5489,	
daños 1 505 1 3134,	
existe 1 505 1 3129,	
contrario 1 505 1 3128,	
De 2 505 2 3126,5547,	
trimestre 2 505 2 3113,5462,	
primer 1 505 1 3112,	
realizarse 1 505 1 3102,	
medicación 1 505 1 3098,	
quedase 1 505 1 3087,	
reemplazarse 1 505 1 3078,	
interrumpirse 1 505 1 3072,	
embarazada 2 505 2 3070,3088,	
quedarse 1 505 1 3069,	
intención 1 505 1 3067,	
tuviera 1 505 1 3065,	
MINISTERIO 2 505 2 3061,5736,	
indispensable 2 505 2 3060,3154,	
gestación 3 505 3 3048,3116,5465,	
embarazo 2 505 2 3032,3037,	
6 9 505 9 3021,4160,5637,5658,5665,5672,5685,5706,5707,	
alergenos 1 505 1 3019,	
relación 1 505 1 3016,	
ocurrir 2 505 2 3013,3228,	
insecto 1 505 1 2998,	
veneno 1 505 1 2996,	
anafilácticas 1 505 1 2992,	
gravedad 3 505 3 2988,3469,3651,	
Terapia 1 505 1 2982,	
antihipertensivo 2 505 2 2978,3251,	
dieta 1 505 1 2973,	
toma 1 505 1 2968,	
Sal 1 505 1 2963,	
alcohol 2 505 2 2961,3239,	
potenciar 1 505 1 2957,	
Alcohol 1 505 1 2954,	
Posible 1 505 1 2945,	
Heparina 1 505 1 2944,	
Además 3 505 3 2939,3705,4347,	
atenuación 1 505 1 2934,	
000 3 505 3 3329,3333,5177,	
presumiblemente 1 505 1 2928,	
accidente 1 505 1 3392,	
salicílico) 1 505 1 2913,	
acetil 1 505 1 2912,	
acido 1 505 1 2911,	
indometacina 1 505 1 2909,	
esteroideos 1 505 1 2906,	
Antiinflamatorios 1 505 1 2904,	
cuenta 1 505 1 2902,	
coadministración 1 505 1 2896,	
sangre 1 505 1 2890,	
glucosa 1 505 1 2888,	
cuidado 1 505 1 2884,	
hipoglucémicas 1 505 1 2878,	
provocar 2 505 2 2876,3417,	
aislados 4 505 4 2872,3378,3511,3549,	
tisular 2 505 2 2866,3846,	
sensibilidad 1 505 1 2865,	
sospecha 1 505 1 2859,	
glucemia 1 505 1 2857,	
intensificación 1 505 1 2851,	
elevados 1 505 1 4293,	
Posibilidad 1 505 1 2848,	
sulfonilurea) 1 505 1 2847,	
derivados 1 505 1 2844,	
insulina 2 505 2 2842,2869,	
pelvis 1 505 1 5434,	
Aproximadamente 1 505 1 4656,	
Antidiabéticos 1 505 1 2839,	
Deben 1 505 1 2830,	
neurotóxicos 1 505 1 2827,	
cardiotóxicos 1 505 1 2825,	
efectos 10 505 10 2824,3295,3899,3923,4429,5252,5278,5380,5485,5599,	
aumentar 1 505 1 2820,	
séricos 1 505 1 2816,	
niveles 8 505 8 2815,2835,2886,2949,4061,4292,4297,5101,	
producir 2 505 2 2810,3133,	
excreción 2 505 2 2803,5029,	
reducen 2 505 2 2801,3428,	
posiblemente 1 505 1 2799,	
Otros 1 505 1 2793,	
empleo) 2 505 2 2788,3613,	
hemograma 1 505 1 2779,	
alteraciones 2 505 2 2776,5623,	
afectar 2 505 2 3202,3601,	
probabilidad 2 505 2 2774,2986,	
hemático 3 505 3 2770,3604,5362,	
litio 3 505 3 2807,2818,2829,	
alterar 1 505 1 2767,	
citostáticos 1 505 1 2761,	
corticosteroides 1 505 1 2759,	
inmunosupresores 1 505 1 2758,	
Alopurinol 1 505 1 2757,	
simpaticomiméticos 1 505 1 2737,	
Vasopresores 1 505 1 2736,	
apartados 1 505 1 2699,	
consultar 2 505 2 2697,3767,	
relativo 2 505 2 2694,4981,	
prever 1 505 1 2686,	
hay 1 505 1 2684,	
anestésicos) 1 505 1 2683,	
tricíclicos 1 505 1 2682,	
humanos 1 505 1 5518,	
antidepresivos 1 505 1 2681,	
nitratos 1 505 1 2680,	
potencial 1 505 1 2676,	
diuréticos) 1 505 1 2671,	
Antihipertensores 1 505 1 2668,	
j 2 505 2 2649,3586,	
Propiedades 2 505 2 3781,4441,	
(e 2 505 2 2648,3585,	
séricas 1 505 1 2635,	
aparentemente 1 505 1 4580,	
concentraciones 4 505 4 2634,4828,4866,5057,	
Sales 2 505 2 2621,2790,	
procede 1 505 1 5713,	
recomiendan 1 505 1 2619,	
incidencia 1 505 1 4338,	
Poco 1 505 1 3359,	
Contraindicaciones) 1 505 1 2613,	
detectado 3 505 3 2596,4137,4567,	
condiciones 3 505 3 3701,4955,5681,	
progresan 1 505 1 2568,	
anafilactoide 1 505 1 2564,	
Membranas 1 505 1 2549,	
contraindicadas 1 505 1 2547,	
Combinaciones 4 505 4 2546,2615,2664,2898,	
esté 1 505 1 2542,	
sustancias 4 505 4 2538,2674,2764,2921,	
interacciones 1 505 1 2535,	
Deberán 1 505 1 2531,	
interacción 1 505 1 2530,	
formas 2 505 2 2528,3081,	
Interacción 1 505 1 2521,	
excluirse 1 505 1 3039,	
m2) 1 505 1 2513,	
área 1 505 1 2508,	
debajo 1 505 1 2502,	
08034 1 505 1 5728,	
(aclaración 1 505 1 2498,	
niños 1 505 1 2491,	
obtenido 1 505 1 2482,	
No 5 505 5 2479,3723,5661,5678,5712,	
Ver 1 505 1 2474,	
crecimiento 1 505 1 5522,	
síntomas 3 505 3 2473,3624,3654,	
completa 1 505 1 2469,	
resolución 1 505 1 2468,	
alta 2 505 2 2465,4056,	
asume 1 505 1 3008,	
horas 8 505 8 2462,4140,4161,4179,4655,4820,4849,4953,	
24 3 505 3 2461,4178,4654,	
12 1 505 1 2459,	
observación 1 505 1 2455,	
aconseja 1 505 1 2449,	
ECG 1 505 1 2442,	
lenta) 1 505 1 2436,	
intravenosa 4 505 4 2435,4554,4588,4962,	
subcutánea 1 505 1 2433,	
(inyección 1 505 1 2432,	
irreversible 2 505 2 5430,5511,	
epinefrina 1 505 1 2431,	
supone 1 505 1 2426,	
vida 3 505 3 2425,4876,4941,	
LA 3 505 3 5717,5740,5744,	
peligro 1 505 1 2423,	
pone 1 505 1 2421,	
emergencia 1 505 1 2416,	
laringe 1 505 1 2412,	
glotis 1 505 1 2409,	
incluir 1 505 1 2405,	
diuresis 2 505 2 3435,3734,	
inmediata 2 505 2 2398,2429,	
necesita 2 505 2 2395,2656,	
aparición 4 505 4 2385,3402,4406,5602,	
adversas) 2 505 2 2380,2719,	
Reacciones 3 505 3 2379,2718,3242,	
8 5 505 5 2378,2717,3241,5376,5730,	
sanguíneo 1 505 1 2374,	
recuento 1 505 1 2373,	
motivado 1 505 1 5312,	
cambios 5 505 5 2370,3564,4084,5241,5627,	
causar 1 505 1 2369,	
medicamentos 5 505 5 2366,2525,3285,3598,5756,	
escleroderma 1 505 1 2362,	
eritematoso 2 505 2 2360,3588,	
lupus 2 505 2 2359,3587,	
colágeno 2 505 2 2357,3584,	
concomitantes 1 505 1 2355,	
leucopenia 1 505 1 2336,	
detectar 1 505 1 2333,	
leucocitaria 1 505 1 2329,	
fórmula 2 505 2 2328,3567,	
hematológico 1 505 1 2322,	
sodio 2 505 2 2319,3413,	
nivel 2 505 2 2317,3843,	
espironolactona) 2 505 2 2298,2650,	
procainamida 1 505 1 2760,	
ahorradores 3 505 3 2293,2625,2645,	
frecuente 2 505 2 2279,2341,	
sérico 5 505 5 2275,2662,2727,2952,3414,	
potasio 11 505 11 2274,2295,2303,2623,2627,2637,2647,2655,2661,2726,2951,	
periódicamente 3 505 3 2272,2315,2326,	
Hiperkalemia 1 505 1 2268,	
trasplante 2 505 2 2265,3956,	
renal) 2 505 2 2255,5435,	
pérdida 1 505 1 2250,	
indicativo 1 505 1 2247,	
sérica 1 505 1 2244,	
incremento 7 505 7 2240,2812,2946,2965,3432,3888,4231,	
respuestas 1 505 1 3463,	
pequeño 1 505 1 2239,	
grupo 1 505 1 2234,	
último 1 505 1 2233,	
relevante 1 505 1 2230,	
1-2 1 505 1 4139,	
(incluyendo 2 505 2 2222,3517,	
inicio 3 505 3 2188,3231,4127,	
sensibles 1 505 1 2175,	
Algunos 1 505 1 2169,	
fase 8 505 8 2158,2344,2893,4840,4853,4863,4885,4912,	
agranulocitosis 1 505 1 3555,	
relevante) 1 505 1 2156,	
pronunciado 2 505 2 2142,5325,	
supongan 1 505 1 2135,	
También 2 505 2 2124,5514,	
particular 3 505 3 2117,2137,2883,	
y/o 1 505 1 2089,	
hígado 1 505 1 2086,	
cirrosis 1 505 1 2083,	
además 1 505 1 2074,	
descendencia 1 505 1 5438,	
producirá 1 505 1 2073,	
aumentada 2 505 2 2069,3001,	
alterada 1 505 1 2060,	
hepáticas 1 505 1 2053,	
enfermedades 3 505 3 2052,2354,3581,	
impedir 1 505 1 2033,	
psoriático 1 505 1 3489,	
adecuadas 2 505 2 2031,2097,	
balance 1 505 1 3298,	
continuará 1 505 1 2024,	
comenzará 1 505 1 2022,	
relevantes 1 505 1 2015,	
clínicamente 1 505 1 2014,	
cuadros 1 505 1 2012,	
monodrogas 1 505 1 3789,	
volumen) 1 505 1 2009,	
comunicado 1 505 1 3472,	
sobrecarga 1 505 1 2007,	
frente 1 505 1 2003,	
cuidadosamente 1 505 1 2002,	
ratas 3 505 3 5407,5411,5418,	
sopesarse 1 505 1 2001,	
(sin 1 505 1 1991,	
hipovolemia 1 505 1 1981,	
deshidratación 1 505 1 1979,	
corregir 1 505 1 1977,	
Generalmente 2 505 2 1974,4080,	
inadecuada) 1 505 1 1973,	
sales 4 505 4 1971,2301,2653,2805,	
excesiva 2 505 2 1960,2036,	
sudoración 1 505 1 1959,	
vómitos 1 505 1 1957,	
diarrea 1 505 1 1956,	
ejemplo 1 505 1 1953,	
resultado 4 505 4 1951,4504,5054,5478,	
biodisponible 1 505 1 4520,	
sal 2 505 2 1946,2970,	
insuficiente 1 505 1 1944,	
ingesta 2 505 2 1943,3237,	
infiere 2 505 2 4697,5554,	
consecuencia 2 505 2 1940,5539,	
(como 2 505 2 1939,4571,	
desarrollar 1 505 1 1933,	
puedan 2 505 2 1932,2368,	
presenten 1 505 1 1930,	
sea 4 505 4 1925,1972,3059,3123,	
reducir 2 505 2 1921,2740,	
) 1 505 1 1908,	
adelante 1 505 1 1907,	
(Ver 2 505 2 1899,3138,	
diurética 2 505 2 1898,2733,	
recién 1 505 1 5492,	
terapia 3 505 3 1897,2732,4316,	
detener 2 505 2 1895,1915,	
Puede 1 505 1 1892,	
mitral) 1 505 1 1881,	
aortica 1 505 1 1879,	
válvula 1 505 1 1878,	
cuadro 3 505 3 2769,3603,5361,	
(ej 2 505 2 1874,3294,	
izquierda 1 505 1 1873,	
ventricular 1 505 1 1872,	
""primer 1 505 1 4454,	
salida 1 505 1 1871,	
entrada 1 505 1 1869,	
impedimento 1 505 1 1864,	
potencialmente 1 505 1 1859,	
fármacos 1 505 1 1858,	
tratada 1 505 1 1855,	
maligno 1 505 1 1842,	
particularmente 3 505 3 1839,1848,2185,	
renina 2 505 2 1831,5311,	
activación 3 505 3 1827,2076,5090,	
fases 1 505 1 1822,	
primeras 3 505 3 1821,2205,4653,	
requieren 1 505 1 1812,	
siguientes 4 505 4 1808,2534,3381,3625,	
líquidos 1 505 1 1803,	
reposición 3 505 3 1801,1967,3708,	
piernas 1 505 1 1797,	
decúbito 1 505 1 1794,	
Raynaud 1 505 1 3408,	
colocación 1 505 1 1790,	
medidas 4 505 4 1788,1999,2030,3658,	
necesario 4 505 4 1785,1894,2126,2313,	
enumeran 1 505 1 3312,	
podrá 1 505 1 1783,	
presión 5 505 5 1781,2039,3199,4107,4235,	
excesivo 1 505 1 1778,	
descenso 4 505 4 1777,2119,2141,4029,	
posibilidad 2 505 2 1761,3762,	
descartarse 1 505 1 1759,	
momento 1 505 1 1755,	
acompañarse 1 505 1 1741,	
deben 2 505 2 1740,2093,	
altas 3 505 3 1739,5056,5077,	
iniciales 2 505 2 1734,1738,	
Las 3 505 3 1732,3688,4827,	
aumento 7 505 7 1728,2631,2771,3448,5098,5305,5326,	
administra 1 505 1 1714,	
especialmente 5 505 5 1711,2174,2212,3229,5335,	
mialgia 1 505 1 3446,	
ocurre 1 505 1 1710,	
Esto 3 505 3 1709,2808,5051,	
superiores 2 505 2 5236,5343,	
mantiene 1 505 1 4205,	
potencian 1 505 1 2863,	
deterioro 3 505 3 1697,2044,3419,	
arterial 12 505 12 1693,1752,1771,1782,2040,2123,2146,2447,2755,3200,4078,4236,	
tensión 7 505 7 1692,1751,1770,2122,2145,2446,2754,	
pronunciada 1 505 1 1689,	
aguda 4 505 4 1687,1767,5158,5170,	
demostró 1 505 1 4327,	
caída 2 505 2 1686,2035,	
Estos 4 505 4 1679,2738,3563,4428,	
administración) 2 505 2 1678,2111,	
hemoglobina 1 505 1 3536,	
apartado 5 505 5 1671,2376,2475,3139,3769,	
estimulado 1 505 1 1669,	
hiper 1 505 1 1668,	
picos 2 505 2 4779,4808,	
renina- 1 505 1 1666,	
controlarse 3 505 3 1655,2831,3694,	
Debe 1 505 1 1654,	
hiper-estimulado 1 505 1 1653,	
sistema 4 505 4 1651,1665,1830,2078,	
regular 3 505 3 1646,1748,2724,	
médica 2 505 2 1645,2164,	
supervisión 1 505 1 1644,	
requiere 2 505 2 1643,2162,	
especiales 7 505 7 1636,2712,2786,3611,5675,5682,5709,	
precauciones 5 505 5 1635,2096,2711,2785,3610,	
tratados 4 505 4 1628,2306,3594,4051,	
utilizarse 1 505 1 1625,	
boca 1 505 1 3373,	
método 1 505 1 1619,	
dextrano 3 505 3 1617,2557,2609,	
sulfato 4 505 4 1615,2555,2607,3678,	
densidad 2 505 2 1613,2605,	
lipoproteínica 2 505 2 1610,2602,	
aféresis 2 505 2 1609,2601,	
similares 3 505 3 1606,2598,5020,	
observado 3 505 3 1604,3376,3509,	
urinario 1 505 1 3739,	
incluya 1 505 1 1600,	
alcanza 2 505 2 4153,4925,	
cambiando 1 505 1 1594,	
utilizando 3 505 3 1588,2543,5566,	
hemofiltración) 1 505 1 1587,	
urgencia 1 505 1 1585,	
membrana 3 505 3 1580,1592,3308,	
tipo 7 505 7 1578,1590,1841,3283,3488,3649,5263,	
concomitante 7 505 7 1570,1720,2290,2640,2734,2918,2942,	
evitarse 2 505 2 1567,3046,	
Deberá 2 505 2 1566,3045,	
raras 2 505 2 3331,3338,	
fabricante) 1 505 1 1565,	
instrucciones 1 505 1 1563,	
(ver 7 505 7 1561,1670,2104,2375,2610,2780,3605,	
poliacrilonitrilo) 2 505 2 1555,2586,	
alto 3 505 3 1552,2554,2582,	
flujo 4 505 4 1551,2553,2581,4088,	
alcanzan 2 505 2 4786,4815,	
membranas 2 505 2 1549,2579,	
determinadas 1 505 1 1548,	
diálisis 8 505 8 1546,1583,2518,2551,2576,3742,3764,3954,	
transcurso 3 505 3 1543,2573,3091,	
shock 3 505 3 1540,2570,3628,	
vasodilatación 1 505 1 3866,	
evolucionar 1 505 1 1538,	
incluían 1 505 1 5495,	
hipersensibilidad 2 505 2 1535,2563,	
reducidas 1 505 1 4871,	
anafilactoides 3 505 3 1533,2994,3302,	
reacciones 13 505 13 1532,1605,2561,2597,2877,2991,3255,3292,3301,3304,3456,3476,3487,	
descrito 3 505 3 1531,2560,5664,	
(en 2 505 2 2692,3436,	
han 15 505 15 1530,1603,2559,2595,3375,3471,3508,3551,4669,4711,5349,5452,5467,5594,5663,	
lactancia 4 505 4 1528,3024,3159,5426,	
Embarazo 3 505 3 1526,3022,3025,	
inestables 1 505 1 1524,	
hipotensos 1 505 1 1521,	
Pacientes 6 505 6 1520,1648,1883,2050,2113,2167,	
aórtica 1 505 1 1516,	
mitral 1 505 1 1514,	
riñón 1 505 1 1510,	
potenciación 1 505 1 2688,	
unilateral 3 505 3 1506,2228,2251,	
bilateral 1 505 1 1504,	
significativa 5 505 5 1503,1518,1828,1891,4336,	
celular 1 505 1 5615,	
hemodinámicamente 7 505 7 1502,1517,1523,1865,1890,2155,2229,	
extremidades 1 505 1 5503,	
controlar 7 505 7 2127,2181,2199,2271,2314,2325,2881,	
arteria 3 505 3 1500,1888,2226,	
Estenosis 2 505 2 1497,1513,	
angioneurótico 5 505 5 1495,2383,2388,2403,2419,	
edema 5 505 5 1494,2088,2387,2402,2418,	
Antecedentes 1 505 1 1492,	
(IECA) 1 505 1 1490,	
ECA 6 505 6 1489,1708,3006,3276,3788,4906,	
preparado 1 505 1 1481,	
composición 1 505 1 1479,	
incluidos 1 505 1 1476,	
excipientes 2 505 2 1475,5644,	
Hipersensibilidad 1 505 1 1467,	
Contraindicaciones 3 505 3 1465,2478,3772,	
tomarse 2 505 2 1456,2094,	
comidas 1 505 1 1462,	
comida 2 505 2 1451,4769,	
afectada 1 505 1 1448,	
significativamente 2 505 2 1447,4404,	
ósea 1 505 1 3562,	
ve 2 505 2 1446,3000,	
pre-existente 1 505 1 3423,	
absorción 3 505 3 1441,4753,4777,	
vaso) 1 505 1 1439,	
medio 1 505 1 1438,	
líquido 1 505 1 1436,	
abundante 1 505 1 1435,	
masticar 1 505 1 1433,	
ingerirse 1 505 1 1431,	
deberán 3 505 3 1430,2000,3693,	
Los 8 505 8 1426,1807,4707,4778,4807,5386,5561,5584,	
Forma 1 505 1 1423,	
tolere 1 505 1 1308,	
dependiendo 1 505 1 1303,	
debe 8 505 8 1301,1621,2270,2339,2880,2931,3028,4888,	
diabética 3 505 3 1288,3939,3963,	
precaución 2 505 2 1120,2666,	
Ello 1 505 1 3226,	
luego 1 505 1 1117,	
día) 1 505 1 1114,	
inhibición 4 505 4 1705,3003,3273,3857,	
posible 6 505 6 1105,1926,2043,2335,3105,3682,	
baja 3 505 3 1104,1612,2604,	
significativo 3 505 3 1866,4774,4944,	
iniciar 1 505 1 1096,	
tratar 1 505 1 1090,	
mono 6 505 6 5208,5293,5334,5347,5366,5396,	
decisión 1 505 1 1088,	
tomada 1 505 1 1086,	
embargo 4 505 4 1083,1992,3755,5250,	
hospitalización 1 505 1 2451,	
Sin 3 505 3 1082,3754,5249,	
atenuar 1 505 1 2975,	
(NYHA/IV) 1 505 1 1076,	
experiencia 3 505 3 1066,2483,3727,	
suficiente 2 505 2 1065,2484,	
dispone 2 505 2 1063,3725,	
Todavía 2 505 2 1060,3908,	
única 4 505 4 1051,4134,4151,4173,	
administrarse 2 505 2 1048,3029,	
dividida 1 505 1 1045,	
total 6 505 6 1043,4296,4352,4417,4538,4693,	
renina-angiotensina 2 505 2 1652,2079,	
Posteriormente 1 505 1 1040,	
deba 2 505 2 1028,1315,	
Después 1 505 1 1012,	
veces 3 505 3 1006,2567,5471,	
administrar 1 505 1 1001,	
recomienda 10 505 10 1000,1031,1095,1318,1976,2180,2198,2324,2721,2748,	
tolera 1 505 1 995,	
noche 1 505 1 990,	
únicas 1 505 1 977,	
divididos 1 505 1 973,	
diarios 3 505 3 836,970,5145,	
ancianos 4 505 4 822,1218,2168,2171,	
antagonista 1 505 1 729,	
adicional 2 505 2 722,4289,	
lugar 1 505 1 704,	
usual 1 505 1 677,	
intervalos 3 505 3 669,1034,1321,	
consiste 1 505 1 665,	
médico 5 505 5 614,936,1264,1407,1816,	
control 11 505 11 613,935,1263,1406,1747,1815,2338,2440,2658,2723,2750,	
estricto 4 505 4 612,934,1262,1405,	
iniciarse 4 505 4 609,932,1259,1402,	
pregelatinizado 1 505 1 5646,	
sólo 7 505 7 607,930,1257,1400,2020,4744,5284,	
reducirse 4 505 4 598,921,1248,1391,	
hepática 8 505 8 588,911,1238,1381,2059,3519,4452,5087,	
reducción 13 505 13 561,884,1371,1765,2854,2874,3524,3848,3881,4024,4074,4104,5315,	
transitorio 1 505 1 3394,	
acción) 3 505 3 557,880,1367,	
paso"" 1 505 1 4455,	
duración 4 505 4 554,877,1364,4217,	
período 6 505 6 548,871,1358,3157,4874,4939,	
días 7 505 7 544,867,1011,1039,1354,4883,4936,	
ó 4 505 4 542,865,1352,3988,	
durante 23 505 23 540,546,863,869,1009,1350,1356,1457,1556,1607,2186,2203,2389,2587,3030,3110,3155,3683,3991,4177,4651,5148,5420,	
mínimo 4 505 4 539,862,1349,4758,	
interrupción 5 505 5 532,855,1342,2397,4219,	
comenzar 3 505 3 524,847,1988,	
reducida 5 505 5 509,831,1227,2071,5034,	
considerarse 9 505 9 502,530,719,824,853,1220,1340,2532,3760,	
24% 1 505 1 4388,	
deberá 15 505 15 501,529,608,823,852,931,1219,1258,1339,1401,2628,3038,3071,3101,3164,	
diurético 16 505 16 500,521,537,566,576,725,844,860,889,899,1214,1338,1347,1376,1719,1919,	
pretratados 8 505 8 497,518,573,841,896,1211,1335,1911,	
así 4 505 4 493,1207,3833,4356,	
importante) 3 505 3 492,818,1206,	
cerebral 5 505 5 491,817,1205,2154,3388,	
estenosis 8 505 8 488,814,1202,1875,1885,2151,2223,3401,	
e 16 505 16 486,813,1200,1554,1582,2148,2297,2584,2670,2679,2841,2908,3631,3671,3926,5510,	
(p 14 505 14 485,812,1199,1553,1581,2147,2296,2583,2669,2678,2840,2907,3670,3925,	
concomitantemente 2 505 2 2026,2544,	
especial 9 505 9 483,810,1119,1197,1657,1814,2129,2165,2751,	
alteración 1 505 1 5083,	
constituir 3 505 3 481,808,1195,	
intrauterino 1 505 1 5523,	
pueda 5 505 5 480,807,1194,1758,3178,	
hipotensión 5 505 5 479,806,1193,3626,5505,	
reacción 3 505 3 477,804,1191,	
hemofiltración 2 505 2 3740,3766,	
primera 1 505 1 1723,	
grave 10 505 10 469,796,1075,1183,1837,1851,2084,2497,3383,3528,	
casos 11 505 11 466,793,1180,1963,2871,3051,3377,3474,3510,3548,5469,	
debido 4 505 4 1702,1825,4255,4278,	
corregida 3 505 3 464,791,1178,	
está 4 505 4 462,789,1176,5033,	
salina 5 505 5 460,787,1174,1938,1985,	
prolonga 1 505 1 4175,	
volumen 8 505 8 458,785,1172,1806,1936,3710,4964,4977,	
Cuando 8 505 8 454,781,1025,1168,1312,2010,5073,5449,	
caso 15 505 15 447,622,943,1161,1272,1415,1508,1774,2281,2287,2915,3109,3618,3698,3758,	
máxima 10 505 10 443,618,693,770,939,1054,1157,1268,1329,1411,	
25 12 505 12 436,512,580,761,834,903,1003,1107,1150,1230,1293,3985,	
proteínas 1 505 1 4991,	
generalmente 3 505 3 433,1147,3427,	
diaria 17 505 17 430,442,569,617,694,769,892,1044,1053,1102,1144,1156,1267,1328,1410,4916,5230,	
corporal 4 505 4 427,753,1141,2509,	
superficie 3 505 3 426,752,1140,	
cinéticas 1 505 1 5013,	
m2 3 505 3 424,750,1138,	
73 4 505 4 423,749,1137,2512,	
ml/min 4 505 4 420,746,1134,2505,	
20 4 505 4 419,745,1133,2504,	
maíz 1 505 1 5648,	
50 4 505 4 417,743,1131,5445,	
máximo 2 505 2 4147,4183,	
creatinina 8 505 8 415,741,1129,2243,2500,4008,4063,5050,	
aclaramiento 5 505 5 413,739,1127,5042,5048,	
renal 29 505 29 411,737,1125,1501,1701,1889,1905,2048,2184,2196,2202,2227,2260,2266,2284,2353,2496,3578,3633,3957,4090,4609,5030,5039,5071,5245,5429,5482,5508,	
insuficiencia 24 505 24 410,587,736,910,958,1073,1124,1237,1380,1846,1996,2216,2259,2283,2352,2495,3518,3577,3632,4373,5038,5127,5481,5507,	
En 30 505 30 407,516,584,703,733,839,907,1121,1234,1333,1377,1772,2054,2231,2256,2304,2870,2914,3547,3617,3935,3958,3968,4014,4120,4237,5004,5209,5344,5363,	
mantenimiento 2 505 2 399,679,	
Si 4 505 4 991,3062,3084,3147,	
habitual 1 505 1 397,	
Dosis 7 505 7 396,637,965,1052,1289,1327,5266,	
10 9 505 9 394,400,698,1056,4311,4526,4687,5176,5748,	
aumentarla 2 505 2 392,1116,	
semanas 7 505 7 390,674,1326,2206,3993,4196,5150,	
tres 1 505 1 389,	
mañana 1 505 1 985,	
semana 1 505 1 382,	
considerará 1 505 1 3714,	
después 6 505 6 379,386,1459,4162,4791,4821,	
completamente 3 505 3 463,790,1177,	
doblarla 4 505 4 378,667,1032,1319,	
incrementar 3 505 3 374,662,706,	
recomendado 2 505 2 372,660,	
procedimiento 2 505 2 371,659,	
paciente 11 505 11 369,657,993,1024,1307,1792,2453,3064,3086,3162,3206,	
respuesta 10 505 10 367,590,655,913,1021,1240,1383,2062,5620,5632,	
según 4 505 4 365,653,3316,3342,	
gradual 1 505 1 364,	
incrementarse 10 505 10 361,596,652,919,1014,1029,1246,1302,1316,1389,	
día 8 505 8 357,406,648,690,717,766,1008,1298,	
vez 7 505 7 355,646,1085,1112,1296,1744,4901,	
recomendada 5 505 5 347,639,757,967,1291,	
inicial 18 505 18 346,431,508,570,638,756,830,893,966,998,1145,1226,1290,1311,2159,2345,2894,4838,	
desensibilización 1 505 1 2984,	
dosis 56 505 56 345,359,376,429,441,507,564,568,616,650,664,676,692,708,755,768,829,887,891,938,976,997,1016,1027,1042,1050,1101,1143,1155,1225,1266,1300,1310,1314,1374,1409,1724,1731,1733,1737,3982,4054,4133,4150,4172,4309,4564,4915,4947,4957,5076,5212,5229,5337,5369,5443,	
prevención 1 505 1 343,	
indicación 2 505 2 340,5597,	
especialidades 1 505 1 335,	
Período 1 505 1 5667,	
alcanzar 1 505 1 331,	
(1 1 505 1 1106,	
posibles 1 505 1 329,	
son 5 505 5 328,3257,3286,5019,5260,	
Litio 2 505 2 2792,2837,	
continuación 2 505 2 326,3314,	
relacionan 1 505 1 324,	
posológicas 1 505 1 321,	
pautas 1 505 1 320,	
gluten 1 505 1 5650,	
cerebrovascular 1 505 1 3393,	
Algunas 1 505 1 317,	
tolerancia 1 505 1 315,	
buscado 1 505 1 311,	
antihipertensor 8 505 8 310,2677,2691,2743,4130,4169,4182,4203,	
función 12 505 12 307,1018,1700,1904,2047,2058,2183,2195,2201,2254,5070,5086,	
establecerá 1 505 1 305,	
(aproximadamente 1 505 1 1437,	
posología 1 505 1 303,	
permitida 10 505 10 444,619,695,771,940,1055,1158,1269,1330,1412,	
La 36 505 36 302,344,358,440,567,615,649,675,691,767,890,937,1154,1265,1299,1408,1440,2157,2384,2638,3195,3272,3847,4067,4095,4218,4762,4796,4836,4988,5028,5159,5280,5401,5413,5601,	
efecto 14 505 14 309,2690,2742,2936,2959,2977,3011,3261,4129,4146,4168,4181,4202,4773,	
administración 34 505 34 301,504,535,721,826,858,1222,1345,1425,1569,1917,2428,2639,2706,2917,3675,3716,4068,4096,4143,4165,4523,4553,4587,4618,4727,4763,4794,4824,4961,5140,5160,5202,5414,	
forma 9 505 9 299,363,1676,2109,2278,2704,4323,4335,4834,	
Posología 8 505 8 297,337,631,952,1281,1674,2107,2702,	
manifiesta) 1 505 1 288,	
Se 21 505 21 1529,1602,2072,2179,2197,2269,2323,2448,2558,2594,2720,2747,2858,2879,3007,3374,3470,3507,3655,4197,5198,	
macroalbuminuria 1 505 1 286,	
renovascular 1 505 1 2221,	
incipiente) 1 505 1 283,	
(nefropatía 2 505 2 282,287,	
progresión 2 505 2 279,4370,	
periférica 2 505 2 274,4079,	
vascular 3 505 3 273,4258,4275,	
miocardio) 1 505 1 265,	
clínica 4 505 4 261,267,4267,4272,	
historia 4 505 4 260,266,4266,4271,	
(con 1 505 1 257,	
coronaria 6 505 6 256,489,815,1203,2152,4265,	
preverse 2 505 2 2629,2932,	
cardiaca 2 505 2 255,4119,	
enfermedad 6 505 6 254,272,2220,4257,4263,4274,	
riesgo 14 505 14 250,293,484,811,1198,1683,2005,2116,2138,2822,3131,4252,4288,4379,	
muerte 3 505 3 243,4345,5513,	
ictus 5 505 5 241,269,3395,4269,4343,	
Prevención 2 505 2 236,276,	
primario 1 505 1 234,	
hiperaldosteronismo 1 505 1 233,	
debida 1 505 1 231,	
tratamiento 50 505 50 227,384,526,592,603,633,849,915,926,955,1069,1098,1242,1253,1284,1385,1396,1558,1597,1640,1660,1824,1990,2017,2064,2100,2161,2190,2208,2289,2347,2364,2391,2400,2414,2589,2941,3042,3056,3074,3083,3093,3119,3149,3233,3635,4042,4186,4211,4222,	
adecuado 1 505 1 224,	
microalbuminuria 4 505 4 219,281,3967,4408,	
caracterizados 1 505 1 217,	
(10 1 505 1 5080,	
insulino-dependientes 1 505 1 215,	
incipiente 2 505 2 211,3962,	
hipertensos 5 505 5 206,216,4101,4435,5123,	
minucioso 1 505 1 2659,	
IECA 17 505 17 1560,1601,1630,1716,2178,2211,2394,2592,2794,2862,2923,3058,3076,3121,3426,5451,5545,	
normotensos 2 505 2 204,4438,	
inicialmente 1 505 1 1046,	
sean 3 505 3 203,2013,5538,	
dependientes 1 505 1 201,	
13 1 505 1 4950,	
insulino- 1 505 1 200,	
pacientes 70 505 70 199,213,246,290,408,472,496,517,572,585,606,734,774,799,840,895,908,929,1071,1093,1122,1186,1210,1235,1256,1334,1378,1399,1627,1662,1680,1811,1834,1844,1862,1910,1928,1994,2055,2081,2103,2133,2149,2170,2214,2218,2236,2257,2263,2305,2350,2493,2516,2729,3575,3593,3936,3959,3996,4000,4016,4048,4100,4125,4245,4321,4434,4626,5036,5125,	
mellitus 3 505 3 197,3947,4281,	
diabetes 3 505 3 196,3946,4280,	
nefropatía 6 505 6 210,1287,3938,3961,4004,4384,	
renales 3 505 3 193,4584,5607,	
complicaciones 2 505 2 192,3943,	
miocardio 6 505 6 187,240,964,1081,3391,4342,	
infarto 7 505 7 185,238,263,962,1079,3389,4340,	
posterior 4 505 4 183,960,1077,1764,	
Edema 1 505 1 2382,	
cardíaca 9 505 9 182,959,1074,1847,1997,2217,4264,4374,5128,	
Insuficiencia 1 505 1 181,	
calcio 2 505 2 179,731,	
antagonistas 1 505 1 177,	
diuréticos 7 505 7 175,1913,2292,2311,2624,2644,2696,	
antihipertensores 2 505 2 173,1860,	
combinación 1 505 1 170,	
o 81 505 81 168,176,205,242,258,270,459,470,490,545,558,597,726,786,797,816,868,881,920,1173,1184,1204,1247,1355,1368,1390,1458,1470,1482,1505,1515,1522,1586,1593,1717,1725,1735,1804,1852,1870,1880,1920,1931,1937,1947,1949,1958,1982,2023,2070,2153,2285,2299,2361,2363,2434,2651,3122,3269,3386,3403,3409,3431,3492,3514,3557,3579,3589,3591,3741,3752,3765,3955,4270,4277,4344,4673,4920,5235,5342,5634,	
monoterapia 1 505 1 167,	
esencial 2 505 2 165,4458,	
hipertensión 8 505 8 164,230,468,636,795,1182,1836,4291,	
Este 3 505 3 1618,2337,4325,	
Tratamiento 2 505 2 161,189,	
elevado 3 505 3 249,292,4254,	
· 18 505 18 160,180,188,220,235,275,1647,2049,2112,2166,2191,2267,2320,2381,2545,2614,2663,2897,	
terapéuticas 1 505 1 159,	
numerosas 1 505 1 3291,	
Indicaciones 1 505 1 158,	
	4 1 505 1 156,	
CLINICOS 1 505 1 155,	
DATOS 2 505 2 154,5638,	
fluidos 2 505 2 1948,1969,	
4 28 505 28 153,295,1463,1631,1632,1672,2105,2377,2476,2519,2611,2700,2707,2708,2716,2781,2782,3020,3184,3240,3606,3607,3614,3770,4819,4880,4935,5673,	
" 2 505 2 152,5636,	
5"" 2 505 2 128,151,	
""R 2 505 2 126,150,	
grupos 1 505 1 1809,	
caras 2 505 2 124,148,	
marcados 2 505 2 119,143,	
ranurados 2 505 2 117,141,	
biplanos 2 505 2 116,140,	
Advertencias 4 505 4 1633,2709,2783,3608,	
oblongos 2 505 2 115,139,	
70% 1 505 1 4593,	
blanco 2 505 2 114,138,	
depleción 5 505 5 456,783,1170,1934,1984,	
color 2 505 2 113,137,	
Comprimidos 2 505 2 111,135,	
	"Comprimidos 1 505 1 103,	
FARMACEUTICA 1 505 1 102,	
FORMA 1 505 1 101,	
3 18 505 18 100,543,673,866,1038,1325,1353,1464,2477,2612,3141,3771,4039,4158,4848,5152,5232,5666,	
II) 3 505 3 99,3816,5321,	
cininasa 2 505 2 98,3815,	
toman 1 505 1 2028,	
(ECA) 1 505 1 97,	
Control 3 505 3 1901,2192,2321,	
angiotensina 9 505 9 96,1667,1832,3721,3824,3831,3853,3869,5320,	
conversora 1 505 1 93,	
(dependiendo 3 505 3 551,874,1361,	
(sinónimos 2 505 2 91,3809,	
dipeptidilcarboxipeptidasa 2 505 2 90,3807,	
seguridad) 1 505 1 3145,	
enzima 5 505 5 89,92,3806,3810,3818,	
inhibidor 2 505 2 86,1486,	
sustitución 1 505 1 3095,	
Por 5 505 5 599,922,1249,1392,3033,	
metabolito 3 505 3 80,3799,4464,	
ramiprilato 24 505 24 79,3753,3795,3878,4467,4481,4493,4590,4611,4672,4676,4813,4869,4894,4930,4983,4996,5018,5032,5044,5060,5094,5113,5137,	
profármaco 3 505 3 76,4444,4509,	
pénfigo 1 505 1 3481,	
activo 5 505 5 73,81,3800,3841,4465,	
farmacológicamente 1 505 1 72,	
componente 1 505 1 71,	
único 3 505 3 70,1511,4463,	
El 19 505 19 69,78,370,658,1639,2401,2413,2964,3634,3794,3887,4145,4167,4180,4443,4492,4677,4720,4938,	
individual 2 505 2 316,1022,	
- 32 505 32 55,336,630,702,732,951,1280,1466,1491,1496,1512,1519,1525,1833,1843,1861,1882,1909,1927,2548,2593,2620,2667,2735,2756,2789,2838,2903,2943,2953,2962,2981,	
(DOE) 2 505 2 54,68,	
ramipril 95 505 95 53,67,77,83,439,453,515,528,583,594,629,644,688,701,710,764,780,838,851,906,917,950,972,1059,1110,1153,1167,1233,1244,1279,1387,1422,1429,1443,1469,1572,1642,2019,2066,2540,2642,2800,2930,2938,2980,3044,3100,3125,3151,3663,3751,3803,3940,3964,3979,4021,4058,4070,4098,4189,4224,4306,4329,4348,4445,4483,4514,4529,4556,4572,4624,4637,4680,4700,4714,4721,4755,4766,4784,4801,4826,4831,4924,4969,4993,5015,5079,5092,5104,5147,5163,5301,5416,5559,5576,	
contiene 2 505 2 48,63,	
comprimido 2 505 2 41,57,	
ascitis 1 505 1 2090,	
Cada 2 505 2 40,56,	
	- 1 505 1 39,	
lengua 1 505 1 2407,	
levantadas 1 505 1 1798,	
CUANTITATIVA 1 505 1 38,	
Y 1 505 1 37,	
CUALITATIVA 1 505 1 36,	
antecedentes 1 505 1 4261,	
COMPOSICION 1 505 1 35,	
Ramipril 16 505 16 28,43,59,104,129,221,352,403,1452,2488,2745,2955,3026,3247,4376,4401,	
EFG 4 505 4 27,33,110,134,	
	Ramipril 1 505 1 21,	
MEDICAMENTO 2 505 2 20,3778,	
exenta 1 505 1 5167,	
DEL 2 505 2 19,5752,	
DENOMINACION 1 505 1 18,	
atención 3 505 3 1658,2130,2163,	
1 22 505 22 17,157,422,435,511,579,748,760,833,902,1002,1036,1136,1149,1229,1292,2511,3780,3984,4789,4805,5641,	
información 1 505 1 14,	
Toda 1 505 1 12,	
cardiovascular 5 505 5 244,251,294,4253,4346,	
medicamento 3 505 3 11,16,3183,	
Basica 1 505 1 9,	
	Información 1 505 1 8,	
28 2 505 2 6,5694,	
comprimidos 8 505 8 5,7,26,32,109,133,1427,5695,	
mg 43 505 43 4,25,31,47,51,62,65,108,132,350,395,401,437,451,513,581,627,642,686,699,715,762,778,835,904,948,969,981,1004,1057,1108,1151,1165,1231,1277,1294,1332,1420,4527,4622,4922,5144,5701,	
5 39 505 39 3,24,30,46,50,61,64,107,131,349,450,626,641,683,685,714,777,947,968,980,1164,1276,1331,1419,2520,3140,3773,3987,3989,4439,4621,4882,4919,5143,5151,5373,5686,5698,5700,	
2 37 505 37 2,23,34,45,49,106,127,296,348,541,625,640,671,682,864,946,975,979,1275,1323,1351,1418,1673,2106,2701,3986,4214,4440,4817,4918,5149,5233,5269,5372,5659,5670,5697,	
ANGENERICO 13 505 13 1,22,29,44,60,105,130,353,404,2489,2746,3248,5722,	
concentrarse 1 505 1 3208,	
RAMIPRIL 1 505 1 0,	
