	Prospectos 1 326 1 9045,	
19 1 326 1 8800,	
18 1 326 1 8176,	
2776 1 326 1 6736,	
eu/ 1 326 1 6665,	
europa 1 326 1 6664,	
emea 1 326 1 6663,	
//www 1 326 1 6662,	
http 1 326 1 6661,	
(EMEA) 1 326 1 6660,	
Medicamento 1 326 1 6659,	
Agencia 1 326 1 6656,	
web 1 326 1 6653,	
página 1 326 1 6652,	
detallada 1 326 1 6644,	
TEXTO 1 326 1 6641,	
2003 1 326 1 6634,	
renovación 1 326 1 6631,	
última 1 326 1 6630,	
1998 1 326 1 6626,	
Octubre 2 326 2 6625,6633,	
16 3 326 3 6624,6632,7032,	
autorización 1 326 1 6623,	
AUTORIZACIÓN/RENOVACIÓN 1 326 1 6615,	
PRIMERA 1 326 1 6614,	
FECHA 2 326 2 6611,6636,	
EU/1/98/085/009 1 326 1 6609,	
	EU/1/98/085/001-003 1 326 1 6607,	
NÚMEROS 1 326 1 6602,	
Unido 1 326 1 6600,	
1DH 1 326 1 6597,	
UB8 1 326 1 6596,	
Road 1 326 1 6594,	
Sanderson 1 326 1 6593,	
Uxbridge 2 326 2 6590,6595,	
PHARMA 1 326 1 6588,	
SQUIBB 1 326 1 6587,	
	BRISTOL-MYERS 1 326 1 6586,	
COMERCIALIZACIÓN 2 326 2 6585,6606,	
AUTORIZACIÓN 3 326 3 6583,6604,6618,	
LA 4 326 4 6582,6613,6617,6638,	
TITULAR 1 326 1 6580,	
normativas 1 326 1 6577,	
acuerdo 1 326 1 6574,	
realizará 1 326 1 6572,	
contacto 1 326 1 6568,	
materiales 1 326 1 6563,	
utilizado 1 326 1 6558,	
manipulaciones 1 326 1 6552,	
tamaños 1 326 1 6541,	
comercializados 1 326 1 6539,	
unidosis 1 326 1 6532,	
precortado 1 326 1 6531,	
56 2 326 2 6482,6515,	
blisters 3 326 3 6475,6491,6507,	
láminas 4 326 4 6469,6485,6501,6520,	
PVC/PVDC/Aluminio 5 326 5 6461,6477,6493,6509,6534,	
blister 7 326 7 6454,6459,6470,6486,6502,6521,6530,	
lámina 1 326 1 6453,	
comprimidos; 5 326 5 6451,6467,6483,6499,6518,	
cartón 5 326 5 6448,6464,6480,6496,6513,	
Envases 5 326 5 6446,6462,6478,6494,6511,	
envase 1 326 1 6445,	
contenido 1 326 1 6443,	
Naturaleza 1 326 1 6441,	
humedad 1 326 1 6438,	
protegerlo 1 326 1 6435,	
embalaje 1 326 1 6432,	
Conservar 1 326 1 6429,	
temperatura 1 326 1 6425,	
conservación 1 326 1 6421,	
Precauciones 2 326 2 6418,6546,	
validez 1 326 1 6413,	
hierro 1 326 1 6400,	
maíz 1 326 1 6396,	
Almidón 1 326 1 6394,	
hidratada 1 326 1 6393,	
coloidal 1 326 1 6392,	
Sílice 1 326 1 6391,	
Estearato 1 326 1 6388,	
sódica 1 326 1 6385,	
Croscarmelosa 1 326 1 6384,	
Celulosa 1 326 1 6382,	
	6 1 326 1 6377,	
neoplasias 1 326 1 6373,	
disponible 2 326 2 6358,6649,	
genotóxico 1 326 1 6352,	
rojo 1 326 1 6401,	
equívocas 1 326 1 6348,	
evidencias 1 326 1 6347,	
experimentales 1 326 1 6343,	
conejo 1 326 1 6337,	
significativa 1 326 1 6325,	
resorción 1 326 1 6317,	
resolvieron 1 326 1 6306,	
subcutáneo) 1 326 1 6299,	
hidrouréter 1 326 1 6296,	
pélvica 1 326 1 6294,	
(aumento 1 326 1 6290,	
transitorios 1 326 1 6289,	
tóxicos 1 326 1 6288,	
mostrado 1 326 1 6286,	
carcinogenicidad 1 326 1 6277,	
parece 1 326 1 6266,	
consideraron 1 326 1 6243,	
Todos 1 326 1 6239,	
yuxtaglomerulares 2 326 2 6228,6264,	
originan 1 326 1 6214,	
hipotensores 1 326 1 6210,	
considerados 1 326 1 6204,	
creatinina) 1 326 1 6203,	
túbulos 1 326 1 6195,	
tubular 1 326 1 6194,	
(como 1 326 1 6190,	
macaco 1 326 1 6182,	
rata 3 326 3 6179,6303,6335,	
hematocrito) 1 326 1 6169,	
hematológicos 1 326 1 6166,	
causaron 1 326 1 6160,	
250 1 326 1 6151,	
órganos 1 326 1 6134,	
sistémica 1 326 1 6130,	
carcinogénico 2 326 2 6117,6354,	
clastogenicidad 2 326 2 6101,6275,	
mutagenicidad 2 326 2 6099,6274,	
bajas 1 326 1 6081,	
vieron 1 326 1 6062,	
hombre 1 326 1 6046,	
animales 4 326 4 6029,6042,6112,6282,	
materna 2 326 2 6012,6324,	
fetos 1 326 1 6301,	
producen 2 326 2 6010,6322,	
Estos 2 326 2 5975,6073,	
renina) 1 326 1 5961,	
productoras 1 326 1 5959,	
células 3 326 3 5958,6227,6262,	
estimulación 1 326 1 5955,	
liberación 1 326 1 5951,	
(bloqueo 1 326 1 5941,	
farmacológica 2 326 2 5938,6248,	
mayoría 1 326 1 5927,	
evitado 1 326 1 5916,	
parcialmente 1 326 1 5915,	
macacos; 1 326 1 5905,	
lesiones 1 326 1 5900,	
distensión 1 326 1 6193,	
administraron 2 326 2 5885,6090,	
Lista 1 326 1 6379,	
mucosa 1 326 1 5863,	
focal 1 326 1 5860,	
necrosis 1 326 1 5859,	
úlceras 1 326 1 5857,	
estómago 1 326 1 5856,	
(eritrocitos 2 326 2 5851,6167,	
descensos 2 326 2 5846,5906,	
renina-angiotensina; 1 326 1 5844,	
yuxtaglomerular 1 326 1 5830,	
hiperplasia/hipertrofia 3 326 3 5827,6224,6259,	
ligeros 2 326 2 5816,5845,	
caracterizados 1 326 1 5814,	
significativas) 1 326 1 5811,	
toxicológicas 1 326 1 5810,	
interaciones 1 326 1 5809,	
secundarios 2 326 2 5798,6206,	
mg/kg/día 7 326 7 5777,5887,5891,5896,6152,6157,6233,	
90/90 1 326 1 5776,	
10/10 2 326 2 5774,5895,	
observados 2 326 2 5765,5866,	
humanos 4 326 4 5761,5990,6257,6360,	
terapéutico 1 326 1 5759,	
relevancia 3 326 3 5755,5980,6269,	
hallazgos 4 326 4 5752,5976,6074,6241,	
meses 2 326 2 5748,5877,	
macacos 3 326 3 5745,5769,6235,	
ratas 6 326 6 5743,5767,5874,5998,6154,6230,	
potencial 2 326 2 5733,6116,	
preclínicos 1 326 1 5725,	
20 1 326 1 5676,	
farmacocinéticos 2 326 2 5645,5696,	
leche 1 326 1 5640,	
hematoencefálica 1 326 1 5634,	
placenta 1 326 1 5629,	
atraviesa 1 326 1 5627,	
61% 1 326 1 5614,	
500 1 326 1 6175,	
eliminada 1 326 1 5607,	
excreta 2 326 2 5593,5637,	
heces 1 326 1 5585,	
orina 2 326 2 5580,5595,	
recupera 1 326 1 5578,	
20% 1 326 1 5573,	
IV 1 326 1 5565,	
eliminan 1 326 1 5553,	
CYP3A4 1 326 1 5543,	
eritrocitarios 1 326 1 5850,	
isoenzima 1 326 1 5542,	
CYP2C9; 1 326 1 5540,	
P450 1 326 1 5539,	
citocromo 1 326 1 5538,	
oxida 1 326 1 5531,	
vitro 1 326 1 5526,	
in 1 326 1 5525,	
6%) 1 326 1 5522,	
(aproximadamente 1 326 1 5520,	
glucurónido 1 326 1 5519,	
oxidación 1 326 1 5511,	
glucurónida 1 326 1 5509,	
conjugación 1 326 1 5508,	
hígado 1 326 1 5502,	
inalterado 2 326 2 5496,5598,	
atribuye 1 326 1 5493,	
circulante 2 326 2 5491,5515,	
radioactividad 2 326 2 5489,5576,	
80-85% 1 326 1 5486,	
14C 2 326 2 5484,5570,	
30ºC 1 326 1 6428,	
marcado 2 326 2 5482,5568,	
intravenosa 1 326 1 5479,	
5-15 1 326 1 5472,	
oscila 1 326 1 5470,	
(18-40 1 326 1 5440,	
jóvenes 1 326 1 5439,	
años) 2 326 2 5434,5441,	
elevados 1 326 1 5428,	
Cmax 1 326 1 5421,	
AUC 1 326 1 5419,	
vida 1 326 1 5397,	
hipertensas 1 326 1 5388,	
ligeramente 1 326 1 5381,	
estudio 2 326 2 5376,5869,	
20%) 1 326 1 5373,	
(< 1 326 1 5372,	
limitada 1 326 1 5369,	
acumulación 2 326 2 5367,5402,	
observa 1 326 1 5365,	
repetidas 1 326 1 5363,	
diarias 1 326 1 5362,	
únicas 1 326 1 5361,	
Después 2 326 2 5355,5559,	
pauta 1 326 1 5348,	
días 1 326 1 5344,	
alcanzan 1 326 1 5340,	
estacionario 1 326 1 5338,	
terminal 1 326 1 5326,	
semivida 4 326 4 5323,5445,5465,5683,	
157-176 1 326 1 5315,	
Fecha 2 326 2 6619,6627,	
corporal 1 326 1 5308,	
Menos 1 326 1 5586,	
desconoce 1 326 1 5302,	
esperado; 1 326 1 5300,	
proporcional 1 326 1 5293,	
A 3 326 3 5283,6170,6251,	
600 2 326 2 5281,5287,	
presenta 1 326 1 5266,	
l/kg 1 326 1 5264,	
Periodo 1 326 1 6411,	
14 7 326 7 5263,6450,6456,6472,6488,6504,6510,	
83-1 1 326 1 5262,	
aparente 1 326 1 5257,	
litros 1 326 1 5242,	
distribución 2 326 2 5236,5259,	
sanguíneos 1 326 1 5232,	
celulares 1 326 1 5231,	
despreciable 2 326 2 5227,5547,	
96% 1 326 1 5224,	
unión 2 326 2 5214,5244,	
5-2 1 326 1 5196,	
50-80% 1 326 1 5174,	
60-80% 1 326 1 5171,	
absoluta 1 326 1 5168,	
Tras 2 326 2 5159,5474,	
ejercer 1 326 1 5156,	
biotransformación 1 326 1 5154,	
requieren 1 326 1 5153,	
adversa 1 326 1 5108,	
reacción 1 326 1 5107,	
1% 1 326 1 5100,	
8% 1 326 1 5096,	
0% 1 326 1 5088,	
periodo 1 326 1 5064,	
tipos 1 326 1 5034,	
0001) 1 326 1 5032,	
1/19 1 326 1 5021,	
21 2 326 2 5020,5690,	
8/24 1 326 1 5016,	
cinco 1 326 1 5011,	
PASSe/PADSe 1 326 1 5008,	
172/113 1 326 1 4997,	
basal 1 326 1 4992,	
Park 1 326 1 6592,	
= 1 326 1 4986,	
(p 2 326 2 4985,5029,	
comparado 1 326 1 4974,	
alcanzaron 1 326 1 4967,	
2%) 1 326 1 4959,	
(47 1 326 1 4958,	
siete 1 326 1 4955,	
90 5 326 5 4944,4972,5886,5890,6232,	
(PADSe 1 326 1 4942,	
controlada 1 326 1 4941,	
proporción 1 326 1 4935,	
principal 2 326 2 4928,5513,	
objetivo 1 326 1 4927,	
estable 1 326 1 4925,	
pecho 1 326 1 4924,	
angina 1 326 1 4922,	
5% 1 326 1 4915,	
hiperlipidemia 1 326 1 4905,	
parecen 2 326 2 5933,5977,	
34% 1 326 1 4903,	
(12%) 1 326 1 4896,	
doce 1 326 1 4893,	
Incompatibilidades 1 326 1 6406,	
2% 3 326 3 4882,4978,5588,	
pregelatinizado 1 326 1 6397,	
sólo 1 326 1 4880,	
superior 3 326 3 4875,4888,6426,	
tenía 2 326 2 4870,4883,	
original 1 326 1 6433,	
13% 1 326 1 4869,	
52 1 326 1 4865,	
varones 1 326 1 4856,	
perfusión 1 326 1 6219,	
58% 1 326 1 4847,	
semana 2 326 2 4833,4948,	
baja) 1 326 1 4830,	
evaluar 2 326 2 4823,6114,	
(antes 1 326 1 4821,	
sistemático 1 326 1 4820,	
escalado 1 326 1 4819,	
razón 1 326 1 4804,	
randomizados 1 326 1 4802,	
total 2 326 2 4797,5309,	
Un 1 326 1 4796,	
comparador 1 326 1 4789,	
ciego 1 326 1 4785,	
randomizado 1 326 1 4783,	
ensayo 3 326 3 4781,4854,4931,	
evaluada 1 326 1 4778,	
mmHg) 2 326 2 4776,4945,	
110 1 326 1 4775,	
PADSe 3 326 3 4774,4939,4970,	
(definida 1 326 1 4772,	
severa 1 326 1 4771,	
inicio 1 326 1 4768,	
eficacia 1 326 1 4760,	
razas 1 326 1 4758,	
obtenida 1 326 1 4753,	
aproxima 1 326 1 4750,	
evaluados 1 326 1 6025,	
antihipertensiva 1 326 1 4743,	
baja 1 326 1 4732,	
administra 2 326 2 4727,6049,	
inferior 2 326 2 4723,5298,	
notablemente 1 326 1 4722,	
negra 2 326 2 4720,4748,	
resto 1 326 1 5583,	
respuesta 4 326 4 4687,4710,4742,4825,	
mortalidad 3 326 3 4660,4678,6327,	
morbilidad 2 326 2 4657,4680,	
rebote 1 326 1 4636,	
específicamente 1 326 1 4627,	
estudiado 2 326 2 4626,4646,	
año 1 326 1 4621,	
mantuvo 1 326 1 4616,	
seguimiento 1 326 1 4607,	
6-8 1 326 1 4601,	
hematocrito); 1 326 1 5853,	
transcurridas 2 326 2 4600,5194,	
semanas 5 326 5 4595,4602,4793,5012,5067,	
sustancialmente 1 326 1 4592,	
evidente 1 326 1 4581,	
reductor 1 326 1 4569,	
1/7 1 326 1 4558,	
11 2 326 2 4557,4845,	
intervalo 1 326 1 4526,	
efectividad 1 326 1 4516,	
consistente 1 326 1 4511,	
detectarse 1 326 1 4497,	
respectivamente 6 326 6 4488,4844,5028,5119,5179,5321,	
76% 1 326 1 4475,	
consulta 1 326 1 4470,	
manguito 1 326 1 4467,	
medido 1 326 1 4465,	
100% 1 326 1 4461,	
pico-valle 2 326 2 4452,4464,	
0 6 326 6 4437,4987,5017,5031,5084,5261,	
8/10 1 326 1 4436,	
15 1 326 1 4435,	
medias 1 326 1 4424,	
24 4 326 4 4419,4432,4492,5623,	
período 1 326 1 4417,	
100 1 326 1 6156,	
esperada 1 326 1 4410,	
diana 1 326 1 6135,	
3-6 1 326 1 4378,	
alcanza 2 326 2 4375,5193,	
9/6 1 326 1 4359,	
ajustada 1 326 1 4346,	
proporcionó 1 326 1 4337,	
respectivamente) 1 326 1 4321,	
(13 1 326 1 4314,	
sistólica 1 326 1 4311,	
observó 3 326 3 4300,4495,5290,	
les 2 326 2 4288,5884,	
responder 1 326 1 4285,	
pacientes) 1 326 1 4269,	
22 1 326 1 4268,	
(7 1 326 1 4265,	
limitados 1 326 1 4264,	
disponen 1 326 1 4260,	
13 2 326 2 4254,6149,	
sustracción 3 326 3 4249,4428,4564,	
nacimiento 1 326 1 6309,	
sistólica/diastólica 4 326 4 4246,4345,4425,4555,	
globales 1 326 1 4245,	
Hg 6 326 6 4226,4258,4320,4362,4439,4561,	
mm 6 326 6 4225,4257,4319,4361,4438,4560,	
post-dosificación) 2 326 2 4221,4356,	
valle 2 326 2 4218,4353,	
diastólica 2 326 2 4208,4313,	
dio 1 326 1 4200,	
diaria 4 326 4 4199,4325,4533,5354,	
única 4 326 4 4198,4324,4532,5353,	
dosis-dependientes 1 326 1 4166,	
reducciones 5 326 5 4164,4203,4244,4339,4423,	
da 3 326 3 4161,4240,4405,	
rangos 1 326 1 4157,	
máximos 1 326 1 4133,	
alcanzándose 2 326 2 4131,4596,	
horas 15 326 15 4125,4138,4148,4220,4355,4379,4420,4433,4493,5197,5208,5332,5473,5624,5691,	
revertir 1 326 1 4110,	
tiende 1 326 1 4108,	
conjunta 1 326 1 4105,	
renina-angiotensina- 1 326 1 4101,	
través 1 326 1 4096,	
Probablemente 1 326 1 4094,	
bicarbonato 1 326 1 4087,	
secreción 1 326 1 4073,	
plasmático 1 326 1 4063,	
reduce 2 326 2 4060,4674,	
diurética 1 326 1 4056,	
acción 2 326 2 4055,6247,	
equivalentes 1 326 1 4053,	
aproximadamente 5 326 5 4052,4134,4996,5222,5571,	
cantidades 1 326 1 4051,	
directa 2 326 2 4043,5835,	
incrementando 1 326 1 4040,	
túbulo 1 326 1 4038,	
reabsorción 1 326 1 4033,	
ejercen 1 326 1 4023,	
mecanismo 3 326 3 4016,4031,5305,	
totalmente 1 326 1 4013,	
inactivos 1 326 1 3997,	
metabolitos 2 326 2 3996,5551,	
bradiquinina 1 326 1 3994,	
genera 1 326 1 3987,	
(kininasa-II) 1 326 1 3983,	
recomendadas 1 326 1 3966,	
plasmática 6 326 6 3945,4070,5191,5368,5467,5490,	
aldosterona 3 326 3 3944,4075,4102,	
concentración 2 326 2 3942,5189,	
disminución 4 326 4 3939,4089,6162,6216,	
renina 3 326 3 3933,4069,5953,	
(AT1) 1 326 1 3925,	
antagonismo 1 326 1 3917,	
síntesis 1 326 1 3912,	
AT1 1 326 1 3903,	
mediadas 1 326 1 3899,	
bloquear 1 326 1 3892,	
Parece 1 326 1 3891,	
vía 5 326 5 3889,3910,5149,5505,5555,	
activo 3 326 3 3887,4005,4790,	
AT1) 1 326 1 3886,	
(subtipo 1 326 1 3885,	
selectivo 2 326 2 3879,3918,	
potente 1 326 1 3877,	
separado 1 326 1 3873,	
diurético 2 326 2 3847,4009,	
receptor 3 326 3 3841,3881,3902,	
antagonista 2 326 2 3839,3878,	
asociación 7 326 7 3836,3851,6004,6020,6104,6123,6365,	
ATC 1 326 1 3831,	
Código 1 326 1 3830,	
farmacoterapéutico 1 326 1 3824,	
Grupo 1 326 1 3823,	
conservar 1 326 1 6423,	
Propiedades 2 326 2 3821,5122,	
	5 1 326 1 3819,	
ESTE 1 326 1 3817,	
FARMACOLÓGICAS 1 326 1 3815,	
PROPIEDADES 1 326 1 3814,	
grado 1 326 1 3806,	
establecido 2 326 2 3804,4014,	
elimina 3 326 3 3798,5620,5665,	
antiarrítmicos 1 326 1 3794,	
asociadas 1 326 1 3782,	
acentuar 1 326 1 3778,	
somnolencia 1 326 1 3768,	
comunes 1 326 1 3762,	
excesiva 2 326 2 3756,4500,	
consecuencia 2 326 2 3752,5834,	
deshidratación 1 326 1 3750,	
hiponatremia) 1 326 1 3748,	
hipocloremia 1 326 1 3747,	
relacionada 1 326 1 3742,	
bradicardia 1 326 1 3736,	
taquicardia; 1 326 1 3732,	
líquidos 1 326 1 3718,	
supina 1 326 1 3712,	
posición 1 326 1 3711,	
colocado 1 326 1 3709,	
años 4 326 4 4867,4878,4891,6415,	
aparece 1 326 1 3703,	
activado 1 326 1 3681,	
vegetal 1 326 1 3680,	
carbón 1 326 1 3679,	
lavado 1 326 1 3676,	
emesis 1 326 1 3674,	
inducción 1 326 1 3671,	
medidas 1 326 1 3668,	
síntomas 2 326 2 3666,3760,	
ingestión 1 326 1 3659,	
depende 1 326 1 3653,	
manejo 1 326 1 3650,	
sintomático 1 326 1 3645,	
monitorizado 1 326 1 3639,	
sobredosis 5 326 5 3632,3690,3726,3738,3764,	
específica 1 326 1 3626,	
dispone 1 326 1 3623,	
6% 1 326 1 5085,	
Sobredosis 1 326 1 3620,	
9 3 326 3 3619,4360,6610,	
electrolíticas) 1 326 1 3611,	
(especialmente 1 326 1 3608,	
dependiente 1 326 1 3605,	
triglicéridos 1 326 1 3600,	
hiperglicemia 1 326 1 3592,	
glucosuria 1 326 1 3591,	
C09DA04 1 326 1 3832,	
fiebre 1 326 1 3577,	
0005) 1 326 1 4988,	
nefritis 2 326 2 3561,6191,	
espasmos 2 326 2 3555,3775,	
musculoesquelético 1 326 1 3549,	
fotosensibilidad 1 326 1 3544,	
cutáneo 1 326 1 3541,	
mujeres 2 326 2 5387,5415,	
cutáneas 1 326 1 3532,	
vasculitis 1 326 1 3529,	
(vasculitis 1 326 1 3528,	
necrotizante 1 326 1 3527,	
angeitis 1 326 1 3526,	
tóxica 1 326 1 3525,	
epidérmica 1 326 1 3524,	
comparar 1 326 1 4933,	
necrolisis 1 326 1 3523,	
Europea 1 326 1 6657,	
anafilácticas 1 326 1 3522,	
electrolítica 1 326 1 3745,	
subcutáneo 1 326 1 3520,	
piel 1 326 1 3516,	
posee 1 326 1 3855,	
intrahepática) 1 326 1 3512,	
colestática 1 326 1 3511,	
apetito 1 326 1 3506,	
gástrica 2 326 2 3502,5864,	
irritación 1 326 1 3501,	
anorexia 1 326 1 3498,	
pancreatitis 1 326 1 3497,	
pulmonar) 1 326 1 3494,	
origen 1 326 1 3907,	
respiratoria 1 326 1 3489,	
inhibe 1 326 1 3980,	
cardíacas 2 326 2 3478,3781,	
xantopsia 1 326 1 3474,	
borrosa 1 326 1 3472,	
agitación 1 326 1 3468,	
parestesia 1 326 1 3466,	
sueño 1 326 1 3460,	
trastornos 2 326 2 3458,3563,	
significativamente 4 326 4 3962,5451,5651,5702,	
psiquiátricos 1 326 1 3456,	
leucopenia 1 326 1 3453,	
neutropenia/agranulocitosis 1 326 1 3450,	
ósea 1 326 1 3449,	
médula 1 326 1 3448,	
plasmáticas 5 326 5 5218,5248,5335,5380,6198,	
anemia 2 326 2 3443,3451,	
linfático 1 326 1 3442,	
(independientemente 1 326 1 3419,	
abdominal 1 326 1 3414,	
dolor 1 326 1 3413,	
incluyen 3 326 3 3401,3434,3670,	
comunicadas 3 326 3 3394,3426,5041,	
potenciales 1 326 1 3384,	
anteriormente 2 326 2 3364,5931,	
además 1 326 1 3358,	
aislados 1 326 1 3338,	
ocurre 2 326 2 4699,5964,	
mialgia 1 326 1 3327,	
artralgia 1 326 1 3326,	
hepatitis 1 326 1 3312,	
hepatobiliares 2 326 2 3309,3508,	
disgeusia 1 326 1 3307,	
modelos 1 326 1 6342,	
dispepsia 1 326 1 3306,	
tos 1 326 1 3301,	
mediastínicos 2 326 2 3298,3487,	
torácicos 2 326 2 3296,3485,	
respiratorios 2 326 2 3295,3484,	
oido 1 326 1 3287,	
urticaria 2 326 2 3267,3547,	
postural 1 326 1 3482,	
cutánea 2 326 2 3265,3546,	
angioedema 1 326 1 3263,	
Raros 1 326 1 3255,	
inmunológico 1 326 1 3254,	
comercialización 1 326 1 3240,	
consiguiente 1 326 1 4078,	
sodio 2 326 2 3234,4047,	
creatina-cinasa 1 326 1 3225,	
BUN 1 326 1 3222,	
significativos 1 326 1 3218,	
clínicamente 2 326 2 3217,6138,	
parámetros 6 326 6 3209,5644,5695,5849,6058,6165,	
6/11 1 326 1 4255,	
cambios 4 326 4 3206,5764,5812,6185,	
presentaron 3 326 3 3205,5091,5104,	
REVISIÓN 1 326 1 6639,	
complementarias 2 326 2 3199,3579,	
Exploraciones 2 326 2 3198,3578,	
generales 3 326 3 3188,3403,3569,	
líbido 1 326 1 3186,	
sexual 1 326 1 3182,	
disfunción 1 326 1 3181,	
mama 1 326 1 3178,	
reproductor 1 326 1 3174,	
aparato 1 326 1 3173,	
envases 1 326 1 6543,	
relacionados 1 326 1 6244,	
micción 1 326 1 3170,	
anomalías 2 326 2 3167,3313,	
urinarios 3 326 3 3165,3331,3560,	
renales 5 326 5 3163,3329,3558,5813,6263,	
inflamación 1 326 1 3158,	
tejido 4 326 4 3154,3322,3519,3552,	
musculoesqueléticos 2 326 2 3151,3319,	
náuseas/vómitos 1 326 1 3146,	
rubor 1 326 1 3141,	
vasculares 2 326 2 3138,3480,	
edema 3 326 3 3136,3493,6298,	
síncope 2 326 2 3133,5075,	
ortostático 1 326 1 3128,	
mencionados 1 326 1 5932,	
mareo 4 326 4 3124,3127,3467,5105,	
Frecuentes 5 326 5 3123,3145,3166,3196,3219,	
aditivas 1 326 1 4165,	
nervioso 3 326 3 3122,3281,3464,	
Trastornos 31 326 31 3119,3129,3137,3143,3150,3162,3171,3187,3251,3268,3278,3285,3294,3302,3308,3318,3328,3402,3435,3455,3461,3469,3475,3479,3483,3495,3507,3513,3548,3557,3568,	
comunicaron 2 326 2 3114,5072,	
irbesartan/ 1 326 1 3111,	
adición 2 326 2 4184,4547,	
25 2 326 2 3104,4540,	
(rando 1 326 1 3097,	
898 1 326 1 3091,	
mmHg 4 326 4 4973,4998,5018,5023,	
recomendado 1 326 1 3081,	
rango 2 326 2 3078,5274,	
raza 3 326 3 3072,4719,4747,	
edad 5 326 5 3070,4694,4858,4872,4885,	
sexo 2 326 2 3068,4697,	
relacionó 1 326 1 3065,	
recibieron 3 326 3 3056,3094,5771,	
tratados 7 326 7 3049,3202,4963,4982,5045,5059,5112,	
frecuente 2 326 2 3045,4911,	
laboratorio 2 326 2 3042,3211,	
cefalea 1 326 1 3284,	
debida 1 326 1 3035,	
alteran 1 326 1 4029,	
discontinuación 1 326 1 3034,	
grupos 3 326 3 3031,5080,5111,	
irbesartan/hidroclorotiazida 14 326 14 3028,3051,3204,3242,4614,4808,4835,5025,5737,5781,5898,5988,6021,6105,	
rápidamente 2 326 2 3720,5606,	
diferente 1 326 1 3024,	
realizados 2 326 2 3012,6280,	
placebo 9 326 9 3011,3032,3057,3087,4214,4251,4349,4430,4566,	
37 1 326 1 3101,	
frente 3 326 3 3009,3085,4347,	
controlados 5 326 5 3008,3084,4175,4276,4537,	
ensayos 2 326 2 3006,3083,	
Irbesartan/hidroclorotiazida 2 326 2 3004,5728,	
gravedad 2 326 2 3003,3663,	
decreciente 1 326 1 3001,	
orden 1 326 1 3000,	
estreñimiento 1 326 1 3500,	
000) 1 326 1 2988,	
hubo 3 326 3 6096,6126,6271,	
raras(< 1 326 1 2986,	
000); 1 326 1 2984,	
1/10 2 326 2 2980,2987,	
1/100); 1 326 1 2977,	
000 2 326 2 2975,2981,	
1/1 2 326 2 2974,2983,	
1/100 1 326 1 2968,	
1/10); 2 326 2 2965,2970,	
( 7 326 7 2964,2967,2973,2979,5432,6150,6174,	
frecuentes 11 326 11 2963,2966,2972,3126,3132,3140,3148,3157,3180,3227,3412,	
según 1 326 1 2958,	
agrupadas 1 326 1 2957,	
encuentran 1 326 1 2956,	
mencionadas 2 326 2 2952,3363,	
adversas 11 326 11 2948,2951,2996,3118,3250,3362,3386,3393,3418,5040,5055,	
Reacciones 1 326 1 2947,	
8 8 326 8 2946,3389,4317,4792,5066,6523,6601,6696,	
mareos 1 326 1 2942,	
ocasionalmente 1 326 1 2933,	
cuenta 1 326 1 2931,	
aditivo 1 326 1 3859,	
maquinaria 1 326 1 2927,	
plazo 2 326 2 4610,4671,	
altere 1 326 1 2920,	
improbable 1 326 1 2917,	
propiedades 1 326 1 2914,	
Atendiendo 1 326 1 2911,	
ciento 2 326 2 4895,4957,	
realizado 3 326 3 2901,5714,6109,	
máquinas 2 326 2 2897,2910,	
conducir 3 326 3 2894,2907,2924,	
capacidad 3 326 3 2892,2905,2922,	
7 5 326 5 2888,3142,6500,6519,6579,	
intención 1 326 1 2876,	
tengan 1 326 1 2875,	
alternativa 1 326 1 2869,	
cambiarse 1 326 1 2865,	
Debido 1 326 1 2845,	
materno 1 326 1 2842,	
fetal 1 326 1 2836,	
ictericia 2 326 2 2835,3509,	
trombocitopenia 2 326 2 2832,3454,	
comunicado 3 326 3 2829,3246,3370,	
adultos 1 326 1 2826,	
observadas 1 326 1 2824,	
posiblemente 1 326 1 2821,	
electrolíticos 1 326 1 2819,	
persufión 1 326 1 2816,	
lineal 1 326 1 5269,	
umbilical 1 326 1 2809,	
53-93 1 326 1 5241,	
sangre 2 326 2 2806,3438,	
detectan 1 326 1 2804,	
placentaria 2 326 2 2801,2817,	
barrera 2 326 2 2800,5633,	
atraviesan 1 326 1 2798,	
monitorizados 1 326 1 2783,	
cuidadosamente 1 326 1 2782,	
tratadas 1 326 1 2777,	
hayan 2 326 2 2775,6565,	
madres 1 326 1 2774,	
cuyas 1 326 1 2773,	
lactantes 1 326 1 2772,	
reduciendo 1 326 1 3860,	
cráneo 1 326 1 2770,	
toxicológicos 1 326 1 5753,	
Datos 1 326 1 5724,	
ultrasonidos 1 326 1 2763,	
detectaron 1 326 1 5393,	
partir 1 326 1 2751,	
produce 4 326 4 2745,2787,3926,4550,	
hiperpotasemia) 1 326 1 2738,	
eliminación 6 326 6 3808,5325,5447,5685,6549,6554,	
neonatal 3 326 3 2734,2833,2838,	
dosis-dependiente 1 326 1 5271,	
craneal) 1 326 1 2731,	
asociaciones 1 326 1 3829,	
osificación 1 326 1 2730,	
retraso 1 326 1 2727,	
(disminución 1 326 1 2721,	
humana 1 326 1 2720,	
fetotoxicidad 1 326 1 2719,	
induce 1 326 1 2718,	
10 3 326 3 5278,6237,6635,	
ARA 1 326 1 2655,	
riesgos 1 326 1 2639,	
existir 1 326 1 2638,	
oculares 1 326 1 3470,	
(ARAII) 1 326 1 2632,	
soporte 1 326 1 3648,	
específicos 1 326 1 2616,	
epidemiológicos 2 326 2 2615,4663,	
datos 2 326 2 2614,4262,	
pequeño 1 326 1 2607,	
excluir 1 326 1 2605,	
concluyente; 1 326 1 2599,	
global 1 326 1 3018,	
exposición 3 326 3 2584,2708,2747,	
urea 2 326 2 5822,6201,	
teratogenicidad 1 326 1 2581,	
epidemiológica 1 326 1 2576,	
contraindicado 2 326 2 2553,2883,	
Está 1 326 1 2552,	
primer 3 326 3 2544,2592,2858,	
lactancia 2 326 2 2532,2886,	
hemolítica 1 326 1 3452,	
mielosupresor 1 326 1 2527,	
metotrexato) 1 326 1 2522,	
ciclofosfamida 1 326 1 2521,	
aborto 1 326 1 6315,	
citotóxicos 1 326 1 2519,	
amantadina 1 326 1 2508,	
independencia 1 326 1 3905,	
causados 1 326 1 2505,	
gástrico 2 326 2 2495,3677,	
neumonitis 1 326 1 3491,	
vaciamiento 1 326 1 2494,	
frecuencia 5 326 5 2492,2960,2993,3017,3701,	
gastrointestinal 1 326 1 2489,	
motilidad 1 326 1 2488,	
(fallo 1 326 1 2735,	
disminuyendo 1 326 1 2486,	
tiazida 1 326 1 2485,	
tipo 3 326 3 2484,2643,3534,	
atropina 1 326 1 2475,	
anticolinérgicos 1 326 1 2473,	
diazóxido 1 326 1 2470,	
beta-bloqueantes 1 326 1 2467,	
hiperglucémico 1 326 1 2464,	
aumentar 2 326 2 2461,3615,	
Otras 1 326 1 2456,	
D) 1 326 1 2455,	
vitamina 1 326 1 2454,	
prescriben 1 326 1 2439,	
Óxidos 1 326 1 6398,	
ajustar 1 326 1 2429,	
monitorizarse 2 326 2 2422,3699,	
Deben 1 326 1 2421,	
hemodiálisis 4 326 4 3800,3812,5661,5667,	
reducción 7 326 7 2417,4409,4499,4519,4552,5006,5801,	
Sales 2 326 2 2401,9040,	
alopurinol; 2 326 2 2400,9039,	
Poco 8 326 8 3125,3131,3139,3147,3156,3179,3226,3411,	
incidencia 4 326 4 2394,3059,5036,9033,	
probenecid 2 326 2 2382,9021,	
nivel 2 326 2 2368,9007,	
elevar 2 326 2 2366,9005,	
antigotosos 4 326 4 2349,2360,8988,8999,	
relajantes 2 326 2 2342,8981,	
tubocurarina) 2 326 2 2333,8972,	
esquelético 2 326 2 2331,8970,	
músculo 4 326 4 2330,2346,8969,8985,	
despolarizantes 4 326 4 2328,2344,8967,8983,	
Relajantes 2 326 2 2326,8965,	
utilizadas; 2 326 2 2325,8964,	
suficiente 2 326 2 2320,8959,	
aminas 2 326 2 2315,8954,	
noradrenalina) 2 326 2 2307,8946,	
presoras 4 326 4 2305,2316,8944,8955,	
Aminas 2 326 2 2304,8943,	
tiazídicos; 2 326 2 2303,8942,	
natriuréticos 2 326 2 2297,8936,	
esteroideo 2 326 2 2291,8930,	
antiinflamatorio 2 326 2 2289,8928,	
inducidas 2 326 2 2271,8910,	
cardiacas 2 326 2 2270,8909,	
arritmias 4 326 4 2269,3477,3780,8908,	
aparición 2 326 2 2267,8906,	
favorece 2 326 2 2265,8904,	
Glucósidos 2 326 2 2255,8894,	
hipopotasemia; 2 326 2 2254,8893,	
duración 3 326 3 4142,4795,5879,	
Corticosteroides 2 326 2 2243,8882,	
aniónico; 2 326 2 2242,8881,	
intercambio 2 326 2 2241,8880,	
resinas 2 326 2 2239,8878,	
modificada 2 326 2 2235,8874,	
Colestiramina 2 326 2 2226,8865,	
4); 2 326 2 2225,8864,	
orales 2 326 2 2209,8848,	
Business 1 326 1 6591,	
valores 4 326 4 3692,4968,5417,5820,	
(fármacos 2 326 2 2208,8847,	
antidiabéticos 4 326 4 2207,2221,8846,8860,	
potenciar 5 326 5 2202,2337,2524,8841,8976,	
Alcohol 2 326 2 2200,8839,	
conjuntamente 3 326 3 2199,4728,8838,	
interaccionar 2 326 2 2191,8830,	
siguientes 5 326 5 2188,3116,3248,5763,8827,	
coadministración 2 326 2 2177,8816,	
modificó 3 326 3 2174,5450,8813,	
rifampicina 2 326 2 2162,8801,	
inductores 2 326 2 2157,8796,	
evaluado 2 326 2 2152,8791,	
metabolizado 2 326 2 2146,8785,	
warfarina 2 326 2 2143,8782,	
administró 3 326 3 2139,5921,8778,	
significativas 3 326 3 2136,6139,8775,	
farmacodinámicas 4 326 4 2135,2915,3822,8774,	
farmacocinéticas 3 326 3 2133,5123,8772,	
observaron 8 326 8 2131,5378,5751,5784,5808,5903,6077,8770,	
glucuronización 2 326 2 2128,8767,	
(ictericia 1 326 1 3510,	
medida 3 326 3 2126,3866,8765,	
menor 2 326 2 2125,8764,	
CYP2C9 6 326 6 2122,2148,2159,8761,8787,8798,	
metaboliza 4 326 4 2118,5499,5603,8757,	
farmacocinética 8 326 8 2113,2165,2169,5136,5268,8752,8804,8808,	
modifica 2 326 2 2111,8750,	
clínicos 5 326 5 2107,3007,3039,4263,8746,	
estudios 11 326 11 2106,2902,4605,4662,5524,5715,6027,6110,6141,6279,8745,	
interacciones 7 326 7 2102,2132,2184,2457,8741,8771,8823,	
adicional 6 326 6 2099,2181,3351,4553,8738,8820,	
relación 2 326 2 3422,4691,	
nutrición 1 326 1 3274,	
Información 5 326 5 2098,2180,3350,8737,8819,	
periodicamente 2 326 2 2096,8735,	
comienzo 2 326 2 2090,8729,	
después 4 326 4 2088,2097,8727,8736,	
considerarse 2 326 2 2081,8720,	
hidratados 2 326 2 2078,8717,	
Los 15 326 15 2073,2471,2771,3601,3691,3757,4661,5033,5180,5416,5523,5762,6013,6278,8712,	
administrada 2 326 2 2067,8706,	
previa 2 326 2 2062,8701,	
empeoramiento 2 326 2 2037,8676,	
incremento 8 326 8 2033,2377,3220,3593,4302,5292,8672,9016,	
ECA 4 326 4 2017,2589,3982,8656,	
atenuación 2 326 2 2007,8646,	
ocurrir 2 326 2 2005,8644,	
selectivos) 2 326 2 2003,8642,	
AINEs 4 326 4 2001,2029,8640,8668,	
g/dia) 2 326 2 1999,8638,	
(> 2 326 2 1997,8636,	
salicilico 2 326 2 1996,8635,	
acetil 2 326 2 1995,8634,	
COX- 2 326 2 1992,8631,	
ejemplo 2 326 2 1990,8629,	
(por 2 326 2 1989,8628,	
antiinflamatorios 2 326 2 1986,8625,	
simultáneamente 2 326 2 1983,8622,	
administran 4 326 4 1978,2198,8617,8837,	
esteroideos 6 326 6 1975,1988,2280,8614,8627,8919,	
Antiinflamatorios 4 326 4 1973,2278,8612,8917,	
periódica 2 326 2 1969,8608,	
1-2 2 326 2 4594,5206,	
(incluyendo 2 326 2 3490,3582,	
antiarrítmicos) 2 326 2 1964,8603,	
digitálicos 5 326 5 1963,2256,3789,8602,8895,	
glucósidos 3 326 3 1962,3788,8601,	
verse 4 326 4 1954,2234,8593,8873,	
manifestaciones 1 326 1 3722,	
puedan 2 326 2 1953,8592,	
administre 2 326 2 1948,8587,	
afectados 5 326 5 1940,1955,6063,8579,8594,	
adecuada 4 326 4 1927,2432,2870,8566,	
monitorización 8 326 8 1926,1968,2083,4382,4448,8565,8607,8722,	
elevaciones 2 326 2 1919,8558,	
heparina 2 326 2 1915,8554,	
u 2 326 2 1902,8541,	
renina-angiotensina 3 326 3 1883,4708,8522,	
bloquean 2 326 2 1880,8519,	
aumenta 4 326 4 4064,4071,4289,5688,	
dada 2 326 2 1869,8508,	
sódica) 4 326 4 1865,1916,8504,8555,	
G 2 326 2 1864,8503,	
penicilina 2 326 2 1863,8502,	
carbenoxolona 2 326 2 1862,8501,	
midió 1 326 1 4442,	
visión 1 326 1 3471,	
anfotericina 2 326 2 1861,8500,	
laxantes 2 326 2 1860,8499,	
kaliuréticos 2 326 2 1859,8498,	
pérdida 5 326 5 1850,3504,4082,4112,8489,	
asociados 2 326 2 1847,8486,	
potencie 2 326 2 1842,8481,	
ahorrador 2 326 2 1822,8461,	
cuarenta 1 326 1 4953,	
atenuado 2 326 2 1818,8457,	
deplecionante 2 326 2 1811,8450,	
697 1 326 1 4799,	
modifican 6 326 6 1806,3961,5183,5650,5701,8445,	
Medicamentos 8 326 8 1804,1939,2206,2348,8443,8578,8845,8987,	
máxima 1 326 1 5190,	
fuera 2 326 2 1794,8433,	
Si 4 326 4 1791,2743,3702,8430,	
recomendada 2 326 2 1786,8425,	
podría 7 326 7 1768,2004,2030,3734,8407,8643,8669,	
reducen 2 326 2 1758,8397,	
Además 4 326 4 1755,3237,6221,8394,	
raramente 2 326 2 1747,8386,	
Muy 10 326 10 1746,3275,3282,3291,3299,3304,3310,3324,3332,8385,	
toxicidad 11 326 11 1745,1774,2733,5732,5871,6011,6129,6132,6323,8384,8413,	
séricas 2 326 2 1739,8378,	
concentraciones 5 326 5 1738,5334,5379,6197,8377,	
reversibles 2 326 2 1735,8374,	
detectado 2 326 2 1733,8372,	
previamente 3 326 3 1703,3371,8342,	
elevadas 5 326 5 1687,5383,6146,6199,8326,	
previo 2 326 2 1684,8323,	
Al 4 326 4 1671,2923,5611,8310,	
beta-adrenérgicos 2 326 2 1670,8309,	
bloqueantes 2 326 2 1669,8308,	
necesaria 2 326 2 1795,8434,	
calcio-antagonistas 2 326 2 1667,8306,	
segura 2 326 2 1661,8300,	
administrados 4 326 4 1658,3719,6070,8297,	
(con 2 326 2 1645,8284,	
Irbesartan 15 326 15 1642,2116,3390,3795,3874,3978,3998,5142,5265,5497,5548,5662,6124,8281,8755,	
incrementarse 5 326 5 1633,2246,3613,8272,8885,	
Otros 2 326 2 1624,8263,	
interacción 3 326 3 1623,5838,8262,	
formas 2 326 2 1621,8260,	
Interacción 2 326 2 1614,8253,	
glucosa-galactosa 2 326 2 1611,8250,	
malabsorción 2 326 2 1609,8248,	
sugieren 1 326 1 4271,	
Lapp 2 326 2 1607,8246,	
lactasa 2 326 2 1606,8245,	
galactosa 2 326 2 1603,8242,	
intolerancia 2 326 2 1600,8239,	
raros 11 326 11 1598,3257,3276,3283,3292,3300,3305,3311,3325,3333,8237,	
microcristalina 1 326 1 6383,	
hereditarios 2 326 2 1597,8236,	
EU/1/98/085/007 1 326 1 6608,	
problemas 2 326 2 1596,8235,	
producto 2 326 2 1585,8224,	
Lactosa 3 326 3 1583,6386,8222,	
procede 4 326 4 1571,2699,6408,8210,	
inmediatamente 3 326 3 1563,2691,8202,	
diagnostique 3 326 3 1558,2686,8197,	
conocido 3 326 3 1549,2677,8188,	
seguridad 7 326 7 1548,2676,4514,4762,5727,6144,8187,	
perfil 4 326 4 1546,2674,5052,8185,	
tenga 3 326 3 1544,2672,8183,	
alternativo 6 326 6 1542,1575,2670,2703,8181,8214,	
cambiar 3 326 3 1536,2665,8175,	
embarazadas 4 326 4 1534,2663,2879,8173,	
quedarse 4 326 4 1533,2662,2878,8172,	
planeando 3 326 3 1532,2661,8171,	
estén 4 326 4 1531,2660,6538,8170,	
ARAII 10 326 10 1527,1568,2541,2558,2696,2710,2749,2779,8166,8207,	
continuar 3 326 3 1522,2651,8161,	
Salvo 3 326 3 1517,2646,8156,	
durante 20 326 20 1514,1553,1715,2542,2559,2590,2634,2681,2711,2839,2856,2884,2934,4431,4524,4617,5746,8153,8192,8354,	
II) 2 326 2 1513,8152,	
(ARA 2 326 2 1512,8151,	
II 8 326 8 1511,1982,2027,2631,2656,8150,8621,8666,	
deficiencia 2 326 2 1604,8243,	
Angiotensina 3 326 3 1510,2630,8149,	
incluidos 2 326 2 4851,4919,	
Receptores 3 326 3 1507,2628,8146,	
Antagonistas 3 326 3 1504,2625,8143,	
ningún 2 326 2 1501,8140,	
Embarazo 4 326 4 1496,2530,2533,8135,	
sistémico 2 326 2 1495,8134,	
eritematoso 4 326 4 1494,3536,3540,8133,	
lupus 4 326 4 1493,3535,3539,8132,	
activación 3 326 3 1491,4001,8130,	
exacerbación 2 326 2 1489,8128,	
casos 6 326 6 1487,2830,3256,3337,5073,8126,	
FARMACÉUTICOS 1 326 1 6376,	
probables 3 326 3 1472,3724,8111,	
son 6 326 6 1470,3729,3765,5145,5313,8109,	
bronquial 2 326 2 1468,8107,	
asma 2 326 2 1467,8106,	
alergia 2 326 2 1465,8104,	
antecedentes 4 326 4 1463,1477,8102,8116,	
hipersensibilidad 5 326 5 1455,2398,3261,8094,9037,	
Pueden 3 326 3 1451,2810,8090,	
cerebrovascular 2 326 2 1450,8089,	
accidente 2 326 2 1449,8088,	
diuréti 1 326 1 9044,	
miocardio 2 326 2 1446,8085,	
infarto 2 326 2 1444,8083,	
provocar 5 326 5 1442,2031,2811,8081,8670,	
isquémica 4 326 4 1436,1440,8075,8079,	
cardiopatía 2 326 2 1435,8074,	
excesivo 2 326 2 1427,8066,	
descenso 5 326 5 1426,2813,3228,4305,8065,	
Como 5 326 5 1419,2011,4698,8058,8650,	
aguda 6 326 6 1408,1418,2047,8047,8057,8686,	
afectan 3 326 3 1399,4705,8038,	
renal) 2 326 2 1376,8015,	
comienza 1 326 1 4121,	
subyacente 2 326 2 1370,8009,	
congestiva 2 326 2 1365,8004,	
cavitación 1 326 1 6293,	
diferencias 1 326 1 5394,	
cardíaca 2 326 2 1364,8003,	
(ej 16 326 16 1360,1856,1914,1961,2306,2332,2451,2474,2520,4735,7999,8495,8553,8600,8945,8971,	
evaluó 1 326 1 5730,	
renina-angiotensina-aldosterona 2 326 2 1359,7998,	
actividad 5 326 5 1356,4066,5158,5937,7995,	
principalmente 5 326 5 1353,2119,5533,7992,8758,	
dependen 2 326 2 1352,7991,	
vascular 2 326 2 1348,7987,	
tono 2 326 2 1347,7986,	
Generales 2 326 2 1343,7982,	
control 2 326 2 1340,7979,	
positivos 2 326 2 1337,7976,	
falsos 2 326 2 1336,7975,	
resultados 2 326 2 1335,7974,	
ocasionar 2 326 2 1334,7973,	
no-clínicos 1 326 1 6142,	
cantidad 2 326 2 1326,7965,	
dopaje 4 326 4 1324,1342,7963,7981,	
litio 12 326 12 1315,1720,1741,1763,1781,1803,7954,8359,8380,8402,8420,8442,	
continuación 1 326 1 2954,	
Litio 4 326 4 1308,1714,7947,8353,	
hipomagnesemia 4 326 4 1307,2261,7946,8900,	
digital 2 326 2 2273,8912,	
dar 3 326 3 1304,3772,7943,	
incrementar 11 326 11 1295,1769,1908,2392,2408,2478,2499,7934,8408,8547,9031,	
demostrado 4 326 4 1294,4665,6363,7933,	
paratiroidea 2 326 2 1284,7923,	
pruebas 2 326 2 1281,7920,	
Antes 2 326 2 1277,7916,	
subclínico 2 326 2 1276,7915,	
hiperparatiroidismo 2 326 2 1275,7914,	
indicativa 2 326 2 1273,7912,	
marcada 2 326 2 1269,7908,	
Una 3 326 3 1268,4322,7907,	
metabolismo 3 326 3 1265,3270,7904,	
conocidos 2 326 2 1263,7902,	
fijación 1 326 1 5226,	
desequilibrios 3 326 3 1262,2818,7901,	
ausencia 2 326 2 1260,7899,	
sérico 21 326 21 1258,1837,1922,1930,1945,1960,1972,2053,2372,2427,4093,5909,7897,8476,8561,8569,8584,8599,8611,8692,9011,	
segundo 3 326 3 2561,2713,2753,	
transitoria 3 326 3 1255,3473,7894,	
elevación 2 326 2 1252,7891,	
calcio 13 326 13 1248,1257,1267,2403,2413,2426,2436,2442,2450,7887,7896,7906,9042,	
urinaria 5 326 5 1246,1298,4083,7885,7937,	
excreción 7 326 7 1245,1297,2420,2514,4045,7884,7936,	
disminuir 4 326 4 1243,2310,7882,8949,	
requiere 3 326 3 1238,4000,7877,	
habitualmente 2 326 2 1236,7875,	
cloruros 3 326 3 1232,4049,7871,	
déficit 2 326 2 1230,7869,	
general 2 326 2 1228,7867,	
prevenga 2 326 2 1221,7860,	
fertilidad 3 326 3 6017,6040,6060,	
evidencia 7 326 7 1215,2575,6034,6097,6127,6272,7854,	
contengan 4 326 4 1207,1900,7846,8539,	
sustitutos 4 326 4 1202,1895,7841,8534,	
beperideno) 1 326 1 2476,	
suplementos 5 326 5 1198,1892,2440,7837,8531,	
ahorradores 4 326 4 1195,1889,7834,8528,	
Debe 2 326 2 1184,7823,	
plasmáticos 3 326 3 1181,3931,7820,	
controlado 1 326 1 4787,	
monitorizar 4 326 4 1178,1798,7817,8437,	
98 1 326 1 6498,	
cardiaco 2 326 2 1168,7807,	
fallo 3 326 3 1167,3340,7806,	
especialmente 8 326 8 1160,2054,2070,2251,7799,8693,8709,8890,	
hiperpotasemia 3 326 3 1159,3277,7798,	
aparecer 6 326 6 1158,1452,2941,3735,7797,8091,	
tenerse 1 326 1 2929,	
contrario 4 326 4 1150,1868,7789,8507,	
ACTH 4 326 4 1147,2244,7786,8883,	
corticosteroides 2 326 2 1145,7784,	
cordón 1 326 1 2808,	
inadecuada 2 326 2 1135,7774,	
conjuntivo 3 326 3 3155,3323,3553,	
oligohidramnios 1 326 1 2726,	
oral 12 326 12 1134,3890,5150,5162,5167,5201,5297,5477,5563,5618,5741,7773,	
ingesta 2 326 2 1133,7772,	
reciben 2 326 2 1131,7770,	
teratogénicos 2 326 2 5996,6333,	
diuresis 4 326 4 1127,3755,4120,7766,	
aumento 7 326 7 1124,2050,2608,4079,6371,7763,8689,	
El 18 326 18 1110,2862,3635,3649,3678,3916,4371,4462,4567,4846,4892,4926,4952,5083,5233,5306,5512,7749,	
inducida 7 326 7 1107,1224,2262,5945,7746,7863,8901,	
reducir 5 326 5 1104,2293,2512,7743,8932,	
concomitante 20 326 20 1100,1143,1190,1637,1718,1886,2020,2094,2387,3786,5126,7739,7782,7829,8276,8357,8525,8659,8733,9026,	
hipopotasemia 12 326 12 1097,1106,1113,1855,2258,3583,3770,7736,7745,7752,8494,8897,	
La 30 326 30 2063,2168,2385,2574,3033,3058,3737,3769,3850,4054,4119,4149,4227,4759,4857,4989,5124,5188,5213,5243,5322,5464,5599,5625,5926,6553,6642,8702,8807,9024,	
náuseas 3 326 3 1088,3766,7727,	
gastrointestinales 5 326 5 1086,3144,3303,3496,7725,	
oliguria 4 326 4 1082,1410,7721,8049,	
muscular 2 326 2 1080,7719,	
fatiga 4 326 4 1079,2944,3197,7718,	
calambres 2 326 2 1078,7717,	
musculares 4 326 4 1076,3556,3776,7715,	
dolores 2 326 2 1075,7714,	
inquietud 2 326 2 1074,7713,	
adormecimiento 2 326 2 1073,7712,	
letargo 2 326 2 1072,7711,	
debilidad 3 326 3 1071,3554,7710,	
sed 2 326 2 1070,7709,	
boca 2 326 2 1069,7708,	
degenerativos 1 326 1 6186,	
sequedad 2 326 2 1067,7706,	
indican 3 326 3 1063,5527,7702,	
signos 3 326 3 1061,3758,7700,	
Son 2 326 2 1060,7699,	
hipoclorémica) 2 326 2 1059,7698,	
alcalosis 2 326 2 1058,7697,	
hiponatremia 5 326 5 1056,1223,3585,7695,7862,	
(hipopotasemia 3 326 3 1055,3746,7694,	
hídrico 2 326 2 1052,7691,	
desequilibrio 6 326 6 1051,1065,3580,3952,7690,7704,	
producir 10 326 10 1050,1096,1250,1691,1918,7689,7735,7889,8330,8557,	
doble 1 326 1 4784,	
incluyendo 10 326 10 1047,1371,1666,2042,3336,6326,7686,8010,8305,8681,	
conejos 1 326 1 6311,	
adecuados 2 326 2 1044,7683,	
intervalos 2 326 2 1043,7682,	
macacos) 1 326 1 6159,	
electrolitos 8 326 8 1039,1137,2250,3694,4035,7678,7776,8889,	
realizarse 4 326 4 1035,1185,7674,7824,	
paciente 5 326 5 1029,3636,3652,3706,7668,	
igual 4 326 4 1024,4873,4886,7663,	
colestipol 2 326 2 2228,8867,	
electrolítico 6 326 6 1022,1054,3581,3953,7661,7693,	
Desequilibrio 2 326 2 1021,7660,	
amarillo 1 326 1 6403,	
gota 2 326 2 1020,7659,	
ataque 2 326 2 1018,7657,	
precipitarse 2 326 2 1016,7655,	
hiperuricemia 3 326 3 1014,3590,7653,	
deberán 3 326 3 1535,2780,8174,	
mínimos 2 326 2 1004,7643,	
amplia 1 326 1 6356,	
sido 7 326 7 1003,1657,2598,2776,6024,7642,8296,	
observado 9 326 9 1000,1486,4633,5680,5994,6331,6346,7639,8125,	
(en 1 326 1 6229,	
han 28 326 28 999,1002,1293,1485,1656,1732,1749,2151,2828,2900,3245,3369,4664,5713,5993,6023,6108,6285,6330,6345,7638,7641,7932,8124,8295,8371,8388,8790,	
contenida 2 326 2 992,7631,	
triglicéridos; 2 326 2 980,7619,	
colesterol 3 326 3 978,3598,7617,	
Reino 1 326 1 6599,	
incrementos 6 326 6 973,1734,3927,5817,7612,8373,	
asociado 4 326 4 966,1405,7605,8044,	
latente 2 326 2 963,7602,	
mellitus 4 326 4 962,1171,7601,7810,	
diabetes 4 326 4 961,1170,7600,7809,	
manifestarse 2 326 2 959,7598,	
11-15 1 326 1 5331,	
biodisponibilidad 3 326 3 2480,5166,5185,	
terapia 9 326 9 955,1099,1674,2093,2868,7594,7738,8313,8732,	
Durante 5 326 5 953,1478,5062,7592,8117,	
hipoglucemiantes 2 326 2 952,7591,	
agentes 10 326 10 951,1625,1640,1664,2472,5146,7590,8264,8279,8303,	
insulina 2 326 2 948,7587,	
dosificación 6 326 6 946,2380,2434,5350,7585,9019,	
ajustes 6 326 6 943,2215,2353,7582,8854,8992,	
necesarios 6 326 6 942,2214,2352,7581,8853,8991,	
diabéticos 3 326 3 939,4901,7578,	
determinaciones 2 326 2 1036,7675,	
glucosa 2 326 2 936,7575,	
tolerancia 2 326 2 933,7572,	
modificar 2 326 2 931,7570,	
endocrinos 2 326 2 925,7564,	
metabólicos 2 326 2 923,7562,	
Efectos 3 326 3 922,2889,7561,	
metabolito 1 326 1 5514,	
Por 8 326 8 913,1148,1775,1866,7552,7787,8414,8505,	
renina- 2 326 2 911,7550,	
sistema 17 326 17 910,1358,1402,1882,3121,3253,3280,3441,3463,4100,4707,5829,5843,7549,7997,8041,8521,	
posible 4 326 4 1839,2044,8478,8683,	
inhibición 3 326 3 908,5944,7547,	
actúan 2 326 2 906,7545,	
antihipertensivos 12 326 12 904,1424,1626,1641,1665,2299,7543,8063,8265,8280,8304,8938,	
medicamentos 25 326 25 903,1618,1846,1878,1905,1951,1985,2189,2359,2444,2518,2645,3793,4703,5793,7542,8257,8485,8517,8544,8590,8624,8828,8998,9047,	
responden 2 326 2 899,7538,	
proteínas 2 326 2 5217,5247,	
magnesio 3 326 3 1300,6390,7939,	
generalmente 2 326 2 897,7536,	
aldosteronismo 2 326 2 895,7534,	
primario 4 326 4 891,896,7530,7535,	
Aldosteronismo 2 326 2 890,7529,	
reduzca 2 326 2 1219,7858,	
especial 2 326 2 876,7515,	
inalterada 1 326 1 5621,	
vasodilatadores 2 326 2 873,7512,	
determinados 1 326 1 3792,	
sucede 6 326 6 870,1026,1420,7509,7665,8059,	
obstructiva 4 326 4 868,889,7507,7528,	
hipertrófica 4 326 4 867,888,7506,7527,	
cardiomiopatía 4 326 4 866,887,7505,7526,	
mitral 4 326 4 865,884,7504,7523,	
aórtica 4 326 4 863,882,7502,7521,	
valvular 2 326 2 862,7501,	
clínica 2 326 2 853,7492,	
hepático 2 326 2 849,7488,	
coma 2 326 2 848,7487,	
aportes 1 326 1 3714,	
precipitar 2 326 2 846,7485,	
podrían 2 326 2 845,7484,	
hidroelectrolítico 4 326 4 844,1066,7483,7705,	
alteraciones 13 326 13 841,1085,1942,1957,3183,3190,3405,3571,3610,7480,7724,8581,8596,	
progresiva 2 326 2 837,7476,	
enfermedad 6 326 6 835,1368,1438,7474,8007,8077,	
deberá 7 326 7 814,1561,2689,2864,3707,7453,8200,	
basofílicos 1 326 1 6196,	
laberinto 1 326 1 3290,	
60 2 326 2 806,7445,	
embargo 10 326 10 789,982,1828,2601,5390,5443,6056,7428,7621,8467,	
Sin 7 326 7 788,1827,5389,5442,6055,7427,8466,	
asociada 3 326 3 762,4115,7401,	
uremia 4 326 4 761,1409,7400,8048,	
producirse 6 326 6 760,1013,2253,7399,7652,8892,	
sometidos 2 326 2 727,7366,	
recientemente 2 326 2 726,7365,	
úrico 4 326 4 715,2371,7354,9010,	
digoxina 2 326 2 2171,8810,	
ácido 6 326 6 714,1994,2370,7353,8633,9009,	
potasio 46 326 46 711,1183,1197,1200,1208,1808,1813,1824,1836,1852,1891,1894,1901,1913,1921,1929,1944,1959,1971,2052,3236,3958,4085,4092,4114,5908,7350,7822,7836,7839,7847,8447,8452,8463,8475,8491,8530,8533,8540,8552,8560,8568,8583,8598,8610,8691,	
séricos 13 326 13 709,1040,1801,1911,2411,3232,3697,3956,5825,7348,7679,8440,8550,	
niveles 16 326 16 708,976,1180,1800,1910,2410,2424,3231,3596,3930,3955,7347,7615,7819,8439,8549,	
periódicos 2 326 2 705,7344,	
controles 2 326 2 704,7343,	
medicamento) 1 326 1 3425,	
utiliza 2 326 2 694,7333,	
trasplante 4 326 4 690,729,7329,7368,	
similar 2 326 2 686,7325,	
preverse 2 326 2 683,7322,	
descrito 5 326 5 679,1750,6314,7318,8389,	
Aunque 6 326 6 674,1091,2611,4622,7313,7730,	
intersticial 2 326 2 3562,6192,	
angiotensina-II 15 326 15 673,1397,3828,3843,3884,3898,3915,3924,3936,3988,5948,6069,6087,7312,8036,	
receptores 5 326 5 670,1394,3921,7309,8033,	
antagonistas 11 326 11 667,1391,1979,2023,3825,6066,6084,7306,8030,8618,8662,	
Control 2 326 2 1322,7961,	
angiotensina 13 326 13 664,912,1388,1730,1981,2026,5974,7303,7551,8027,8369,8620,8665,	
conversión 7 326 7 661,1385,1727,5972,7300,8024,8366,	
enzima 9 326 9 659,1383,1725,3985,5536,5970,7298,8022,8364,	
reactivación 1 326 1 3537,	
inhibidores 12 326 12 656,1380,1722,1991,2014,2586,5967,7295,8019,8361,8630,8653,	
tratan 2 326 2 654,7293,	
funcionante 2 326 2 652,7291,	
único 2 326 2 651,7290,	
ligeras 2 326 2 840,7479,	
riñón 4 326 4 650,5610,6189,7289,	
multicéntrico 1 326 1 4782,	
bilateral 2 326 2 638,7277,	
estenosis 8 326 8 637,644,881,1372,7276,7283,7520,8011,	
metabólica 1 326 1 4002,	
presentan 3 326 3 636,2998,7275,	
mayor 5 326 5 624,1115,3865,7263,7754,	
existe 7 326 7 622,717,851,4683,7261,7356,7490,	
renovascular 2 326 2 621,7260,	
Hipertensión 2 326 2 620,7259,	
33 1 326 1 4977,	
extremidades 1 326 1 3161,	
arteria 8 326 8 617,641,647,1375,7256,7280,7286,8014,	
Estenosis 4 326 4 614,861,7253,7500,	
situaciones 2 326 2 604,7243,	
similares 4 326 4 1752,2640,5050,8391,	
Estas 3 326 3 603,5899,7242,	
vómitos 4 326 4 602,1090,7241,7729,	
diarrea 4 326 4 600,3149,3499,7239,	
restrictivas 2 326 2 597,7236,	
dietas 2 326 2 596,7235,	
prolongados 2 326 2 593,7232,	
útil 1 326 1 3684,	
tratamientos 2 326 2 592,7231,	
75 1 326 1 4890,	
tinnitus 1 326 1 3293,	
observarse 2 326 2 580,7219,	
riesgo 23 326 23 575,625,1111,1175,1696,1771,1934,2035,2501,2579,2610,2619,3345,3950,4676,7214,7264,7750,7814,8335,8410,8573,8674,	
factores 2 326 2 573,7212,	
hipertensos 4 326 4 570,3015,3093,7209,	
sintomática 4 326 4 567,582,7206,7221,	
hipotensión 23 326 23 566,578,581,627,1081,1407,1698,2204,2737,2788,3134,3481,3704,3730,5092,7205,7217,7220,7266,7720,8046,8337,8843,	
media 6 326 6 4344,4554,4859,4993,5398,5466,	
mg/6 1 326 1 3103,	
prueba 1 326 1 2761,	
adversos 6 326 6 2504,3021,3038,3062,3603,6037,	
relacionado 2 326 2 563,7202,	
raras 6 326 6 559,1413,2978,3214,7198,8052,	
- 5 326 5 552,619,6598,7191,7258,	
Hipotensión 2 326 2 551,7190,	
(24 2 326 2 4219,4354,	
especiales 4 326 4 548,6419,6547,7187,	
transcurrido 1 326 1 3656,	
Advertencias 2 326 2 545,7184,	
colestasis 2 326 2 542,7181,	
cirrosis 5 326 5 539,1119,5706,7178,7758,	
hipercalcemia 4 326 4 535,1270,7174,7909,	
sulfinpirazona 2 326 2 2384,9023,	
refractaria 2 326 2 534,7173,	
Hipopotasemia 2 326 2 533,7172,	
Lactancia 3 326 3 519,2880,7158,	
6) 6 326 6 518,523,1582,7157,7162,8221,	
embarazo 16 326 16 511,1516,1555,1560,2547,2566,2595,2636,2683,2688,2756,2861,7150,8155,8194,8199,	
trimestre 8 326 8 509,2545,2564,2593,2717,2754,2859,7148,	
tercer 4 326 4 508,2563,2716,7147,	
día) 1 326 1 4740,	
Segundo 2 326 2 506,7145,	
degrada 1 326 1 3992,	
sulfonamida) 2 326 2 505,7144,	
derivado 2 326 2 502,7141,	
EEIG 1 326 1 6589,	
fármaco 4 326 4 501,2288,7140,8927,	
(la 2 326 2 497,7136,	
biliar 3 326 3 540,5556,7179,	
sulfonamida 2 326 2 496,7135,	
derivados 2 326 2 493,7132,	
fármacos 2 326 2 492,7131,	
activos 3 326 3 478,5147,7117,	
principios 2 326 2 477,7116,	
68% 2 326 2 4473,5253,	
Hipersensibilidad 2 326 2 474,7113,	
Contraindicaciones 2 326 2 473,7112,	
bloqueo 1 326 1 4098,	
niños 2 326 2 468,7107,	
experiencia 9 326 9 466,718,852,1871,6357,7105,7357,7491,8510,	
hay 6 326 6 465,1214,2613,6033,7104,7853,	
adolescentes 4 326 4 463,470,7102,7109,	
Niños 2 326 2 461,7100,	
facilitadores 1 326 1 2445,	
ancianos 8 326 8 447,460,2072,5431,5463,7086,7099,8711,	
Pacientes 4 326 4 446,553,7085,7192,	
moderada 6 326 6 441,798,4370,5710,7080,7437,	
reacciones 19 326 19 1453,2396,2823,2950,2995,3117,3249,3259,3361,3385,3392,3417,3521,3531,3542,5039,5054,8092,9035,	
leve 10 326 10 439,796,1234,1253,4368,5708,7078,7435,7873,7892,	
cardíacos 2 326 2 3130,3476,	
presencia 4 326 4 1162,2237,7801,8876,	
alteración 6 326 6 415,433,4908,5655,7054,7072,	
precaución 12 326 12 411,817,825,877,1187,2069,7050,7456,7464,7516,7826,8708,	
3) 5 326 5 445,750,2742,7084,7389,	
utilizarse 6 326 6 409,734,823,7048,7373,7462,	
deben 14 326 14 408,605,822,1034,1589,2075,2664,3698,7047,7244,7461,7673,8228,8714,	
tiazidas 28 326 28 407,821,929,957,1011,1046,1241,1290,1292,1757,2264,2459,2497,2510,2797,2844,4028,7046,7460,7568,7596,7650,7685,7880,7929,7931,8396,8903,	
indujo 2 326 2 6184,6223,	
presentaban 1 326 1 4904,	
Las 18 326 18 406,1045,1240,1291,2496,2509,2796,2949,3391,3416,3667,3721,4027,5333,7045,7684,7879,7930,	
indicado 2 326 2 399,7038,	
hepática 23 326 23 395,404,419,437,537,819,833,836,860,1120,3317,5693,5720,7034,7043,7058,7076,7176,7458,7472,7475,7499,7759,	
y/o 9 326 9 391,589,1166,3675,3777,5796,7030,7228,7805,	
sal 11 326 11 390,588,599,1205,1898,3716,7029,7227,7238,7844,8537,	
corrija 2 326 2 1705,8344,	
depleción 13 326 13 388,555,586,1692,1707,2248,3744,7027,7194,7225,8331,8346,8887,	
esquelético; 2 326 2 2347,8986,	
corregirse 4 326 4 386,606,7025,7245,	
debe 15 326 15 385,733,1285,1499,2065,2080,2928,3637,3641,7024,7372,7924,8138,8704,8719,	
tratamiento 53 326 53 382,611,901,927,968,1009,1031,1142,1239,1288,1378,1480,1502,1524,1540,1565,1574,1683,2452,2653,2668,2693,2702,2841,2863,2936,3629,3644,3687,4668,4766,4951,5003,5069,5082,7021,7250,7540,7566,7607,7648,7670,7781,7878,7927,8017,8119,8141,8163,8179,8204,8213,8322,	
Hidroclorotiazida 3 326 3 3415,4006,6338,	
iniciar 12 326 12 380,609,1500,1572,1672,2700,5346,7019,7248,8139,8211,8311,	
intravascular 2 326 2 377,7016,	
volumen 15 326 15 376,392,557,590,1694,1709,4062,5234,5256,7015,7031,7196,7229,8333,8348,	
utilización 9 326 9 765,1874,1885,3429,3785,6368,7404,8513,8524,	
Depleción 2 326 2 374,7013,	
cutánea) 1 326 1 3530,	
4) 15 326 15 373,1713,1790,1938,2277,2551,2573,2795,3349,3589,7012,8352,8429,8577,8916,	
secciones 9 326 9 368,513,1577,2568,2790,3972,7007,7152,8216,	
ml/min 8 326 8 366,787,803,5320,5677,7005,7426,7442,	
diferencia 1 326 1 4684,	
aclaramiento 8 326 8 361,782,1760,5307,5672,7000,7421,8399,	
cuyo 6 326 6 360,781,1346,6999,7420,7985,	
insuficiencia 27 326 27 358,403,630,699,738,779,793,859,1164,1363,1416,2045,3334,3488,5719,6997,7042,7269,7338,7377,7418,7432,7498,7803,8002,8055,8684,	
realizar 15 326 15 349,423,451,703,772,1279,2759,5408,5455,6988,7062,7090,7342,7411,7918,	
tiazídico 2 326 2 3848,4010,	
preciso 2 326 2 348,6987,	
tiazídicos 18 326 18 345,768,971,1094,1483,1681,2195,2390,2406,4022,6984,7407,7610,7733,8122,8320,8834,9029,	
lugar 12 326 12 342,1305,3193,3408,3574,3773,4162,4201,4241,4406,6981,7944,	
aplásica 1 326 1 3444,	
asa 2 326 2 340,6979,	
diuréticos 42 326 42 338,344,595,767,970,1033,1093,1109,1194,1226,1482,1680,1689,1858,1888,2194,2296,2302,2389,2405,2483,4021,4118,6977,6983,7234,7406,7609,7672,7732,7748,7833,7865,8121,8319,8328,8497,8527,8833,8935,8941,9028,	
taquicardia 3 326 3 1083,3135,7722,	
efectos 21 326 21 996,1751,2154,2295,2503,3020,3037,3061,3602,5133,5930,5995,6014,6036,6209,6287,6332,7635,8390,8793,8934,	
preferible 2 326 2 336,6975,	
mg/kg/día) 2 326 2 6176,6238,	
población 2 326 2 332,6971,	
En 25 326 25 330,751,937,1005,1172,1227,2989,3005,3082,3946,4171,4296,4380,4534,4603,5374,5668,6140,6310,6969,7390,7576,7644,7811,7866,	
componente 4 326 4 328,1153,6967,7792,	
debido 5 326 5 326,1151,2414,6965,7790,	
ortostática; 2 326 2 2205,8844,	
utilizar 5 326 5 324,2896,2909,2926,6963,	
locales 1 326 1 6578,	
ml/min) 8 326 8 320,532,746,807,6959,7171,7385,7446,	
30 13 326 13 319,365,531,745,786,802,5015,6958,7004,7170,7384,7425,7441,	
depresión 2 326 2 3445,3457,	
< 15 326 15 318,530,744,805,2969,2976,2982,4943,4971,5030,5675,6957,7169,7383,7444,	
máximo 1 326 1 4599,	
creatinina 18 326 18 317,363,529,712,743,784,801,3223,3696,5674,5824,6956,7002,7168,7351,7382,7423,7440,	
(aclaramiento 8 326 8 315,527,741,799,6954,7166,7380,7438,	
función 24 326 24 313,418,436,757,832,1283,1350,2040,2060,2086,2724,2766,3316,3566,6952,7057,7075,7396,7471,7922,7989,8679,8699,8725,	
primera 2 326 2 4587,6622,	
grave 15 326 15 310,405,526,538,628,740,1366,5721,6949,7044,7165,7177,7267,7379,8005,	
Insuficiencia 14 326 14 304,394,524,536,687,818,5641,5692,6943,7033,7163,7175,7326,7457,	
5) 7 326 7 303,1212,1321,3977,6942,7851,7960,	
antihipertensivo 11 326 11 299,1541,1629,2010,2669,3858,4026,6938,8180,8268,8649,	
necesario 12 326 12 291,422,450,771,2375,5407,5454,6930,7061,7089,7410,9014,	
sea 6 326 6 290,364,785,6929,7003,7424,	
Cuando 9 326 9 289,1556,1946,2684,4440,4724,6928,8195,8585,	
irbesartan/25 4 326 4 281,1652,6920,8291,	
decoloración 1 326 1 5854,	
mantiene 1 326 1 4591,	
deterioro 6 326 6 309,754,829,6948,7393,7468,	
superiores 5 326 5 276,4209,5285,6173,6915,	
administrar 6 326 6 274,337,815,6913,6976,7454,	
corregidas 1 326 1 4212,	
recomienda 23 326 23 273,323,702,875,917,1177,1311,1797,1924,1966,2536,2758,2853,6912,6962,7341,7514,7556,7816,7950,8436,8563,8605,	
No 40 326 40 271,346,420,716,769,850,1213,1497,1588,2129,2149,2534,2898,3621,3801,4011,4643,4682,5405,5452,5711,5749,5991,6095,6106,6270,6328,6407,6422,6910,6985,7059,7355,7408,7489,7852,8136,8227,8768,8788,	
(no 1 326 1 5806,	
mg/25 5 326 5 252,3108,4294,4837,6891,	
300 23 326 23 224,241,251,267,278,1649,3107,4177,4192,4230,4280,4293,4484,4836,4842,6671,6684,6863,6880,6890,6906,6917,8288,	
controle 2 326 2 213,6852,	
apropiado 2 326 2 198,6837,	
considere 5 326 5 197,1520,2649,6836,8159,	
clínico 2 326 2 195,6834,	
vista 2 326 2 194,6833,	
punto 5 326 5 192,4217,4352,4507,6831,	
fijas 2 326 2 188,6827,	
combinaciones 2 326 2 187,6826,	
directo 2 326 2 181,6820,	
cambio 2 326 2 180,6819,	
considerar 2 326 2 178,6817,	
sialadenitis 1 326 1 3503,	
Se 9 326 9 176,964,1923,2704,2827,4259,6815,7603,8562,	
hidroclorotiazida) 5 326 5 175,1655,3112,6814,8294,	
e 19 326 19 174,629,1643,2210,3584,4153,4653,5026,5035,5129,5143,5177,5826,6007,6120,6813,7268,8282,8849,	
(irbesartan 2 326 2 173,6812,	
individuales 3 326 3 172,3379,6811,	
componentes 7 326 7 171,3357,3378,3854,5141,5230,6810,	
mediante 3 326 3 166,4446,6805,	
ajuste 12 326 12 163,351,425,453,773,5410,5457,6802,6990,7064,7092,7412,	
precauciones 2 326 2 547,7186,	
recomendable 2 326 2 161,6800,	
Puede 7 326 7 159,579,2373,6535,6798,7218,9012,	
alimentos 3 326 3 158,5181,6797,	
día 5 326 5 154,288,4404,6793,6927,	
vez 5 326 5 152,286,4402,6791,6925,	
administrarse 11 326 11 150,205,229,255,294,3642,6789,6844,6868,6894,6933,	
Karvezide 70 326 70 148,199,223,245,250,266,292,325,384,396,429,457,564,613,681,695,723,731,855,921,994,1155,1192,1317,1631,1767,1783,1949,2848,2881,2919,3388,3634,3833,4454,4477,4483,4629,4689,4764,5164,5187,6787,6838,6862,6884,6889,6905,6931,6964,7023,7035,7068,7096,7203,7252,7320,7334,7362,7370,7494,7560,7633,7794,7831,7956,8270,8406,8422,8588,	
x 2 326 2 6516,6524,	
efecto 30 326 30 685,1628,1810,1821,1830,2009,2312,2339,2463,2526,3857,4025,4372,4451,4463,4490,4568,4598,4612,4648,5546,6351,7324,8267,8449,8460,8469,8648,8951,8978,	
administración 31 326 31 147,721,1189,1717,2019,2285,2386,2623,2855,3195,3410,3576,4104,4128,4531,4584,5125,5161,5200,5358,5476,5562,5740,5787,6786,7360,7828,8356,8658,8924,9025,	
Posología 2 326 2 143,6782,	
1) 4 326 4 140,488,6779,7127,	
hemoglobina 2 326 2 5852,6168,	
apartado 29 326 29 138,301,443,486,521,748,1210,1319,1711,1788,1936,2223,2275,2549,2740,3347,6777,6940,7082,7125,7160,7387,7849,7958,8350,8427,8575,8862,8914,	
(ver 38 326 38 137,300,367,442,485,512,520,747,1209,1318,1576,1710,1787,1935,2222,2274,2548,2567,2739,2789,3346,3971,6776,6939,7006,7081,7124,7151,7159,7386,7848,7957,8215,8349,8426,8574,8861,8913,	
monoterapia 17 326 17 136,184,222,3400,3433,3970,4182,4545,4714,5061,5118,5795,6054,6072,6775,6823,6861,	
adecuadamente 12 326 12 130,214,238,264,2077,4174,4538,6769,6853,6877,6903,8716,	
controla 6 326 6 129,237,263,6768,6876,6902,	
arterial 23 326 23 126,210,234,260,1431,3863,4170,4207,4309,4343,4387,4414,4445,4504,4523,4573,4991,5805,6765,6849,6873,6899,8070,	
presión 23 326 23 125,209,233,259,1430,3862,4169,4206,4308,4342,4386,4413,4444,4503,4522,4572,4990,5804,6764,6848,6872,6898,8069,	
cuya 9 326 9 124,208,232,258,4938,6763,6847,6871,6897,	
pacientes 119 326 119 123,207,231,257,307,334,356,401,413,431,459,569,584,634,697,725,736,752,777,791,827,857,879,893,938,1007,1117,1122,1129,1140,1173,1345,1361,1433,1459,1474,1529,1594,1932,2056,2074,2283,2658,2873,3014,3048,3092,3201,3343,3948,4172,4274,4298,4364,4535,4717,4745,4755,4800,4850,4862,4899,4918,4937,4962,4981,5044,5058,5090,5103,5430,5462,5653,5659,5669,5704,5717,6762,6846,6870,6896,6946,6973,6995,7040,7052,7070,7098,7208,7223,7273,7336,7364,7375,7391,7416,7430,7466,7496,7518,7532,7577,7646,7756,7761,7768,7779,7812,7984,8000,8072,8098,8113,8168,8233,8571,8695,8713,8922,	
indicada 2 326 2 121,6760,	
está 10 326 10 120,398,1785,2882,3741,4012,6648,6759,7037,8424,	
fija 4 326 4 119,812,6758,7451,	
dosis 57 326 57 118,165,275,353,427,455,775,811,985,1646,1686,2218,2356,3075,3080,3096,3099,3604,3965,4159,4197,4291,4323,4528,4588,4731,4828,5276,5284,5352,5360,5413,5460,5591,5617,5772,5985,6001,6079,6137,6145,6171,6252,6320,6757,6804,6914,6992,7066,7094,7414,7450,7624,8285,8325,8857,8995,	
0-3 1 326 1 5318,	
combinación 26 326 26 116,809,1313,1779,1793,2064,3367,4150,4228,4279,4389,4577,4651,4966,5048,5115,5736,5780,5923,6092,6755,7448,7952,8418,8432,8703,	
Esta 2 326 2 115,6754,	
esencial 5 326 5 114,1521,2650,6753,8160,	
hipertensión 6 326 6 113,2939,4366,4634,4770,6752,	
Este 1 326 1 4489,	
pobre 2 326 2 2059,8698,	
Tratamiento 2 326 2 110,6749,	
terapéuticas 5 326 5 109,4160,5986,6253,6748,	
Indicaciones 2 326 2 108,6747,	
	4 2 326 2 106,6745,	
vértigo 1 326 1 3465,	
CLÍNICOS 2 326 2 105,6744,	
DATOS 3 326 3 104,6375,6743,	
4 66 326 66 103,141,302,369,372,444,471,514,515,517,522,543,544,749,1211,1320,1537,1578,1581,1612,1712,1789,1937,2224,2276,2528,2550,2569,2572,2791,2794,2887,2945,3348,3588,3618,3973,3974,3976,4137,6417,6484,6742,6780,6941,7008,7011,7083,7110,7153,7154,7156,7161,7182,7183,7388,7850,7959,8217,8220,8251,8351,8428,8576,8863,8915,	
conlleva 1 326 1 2621,	
grabado 2 326 2 98,6737,	
2775 1 326 1 97,	
número 2 326 2 96,6735,	
periódicas 2 326 2 1037,7676,	
cara 4 326 4 93,102,6732,6741,	
troquelado 2 326 2 90,6729,	
pico 2 326 2 4373,4508,	
susceptibles 2 326 2 1906,8545,	
corazón 2 326 2 89,6728,	
ovalada 2 326 2 86,6725,	
forma 8 326 8 85,145,1660,2431,4042,6724,6784,8299,	
biconvexo 2 326 2 82,6721,	
blanquecino 2 326 2 81,6720,	
equilibrio 2 326 2 843,7482,	
o 95 326 95 80,133,156,217,243,479,489,601,643,665,834,883,885,949,1001,1015,1053,1077,1089,1146,1201,1220,1367,1389,1411,1437,1447,1461,1466,1490,1608,1678,2134,2259,2383,2443,2834,2837,2925,2943,3040,3073,3790,3908,4695,4813,4839,4874,4887,5478,5564,5657,6043,6051,6100,6276,6297,6316,6336,6353,6719,6772,6795,6856,6882,7118,7128,7240,7282,7304,7473,7522,7524,7588,7640,7654,7692,7716,7728,7785,7840,7859,8006,8028,8050,8076,8086,8100,8105,8129,8247,8317,8773,8898,9022,	
Blanco 2 326 2 79,6718,	
	Comprimido 2 326 2 78,6717,	
FARMACÉUTICA 2 326 2 77,6716,	
FORMA 2 326 2 76,6715,	
debidos 2 326 2 5910,5934,	
3 22 326 22 75,370,472,1579,1998,2570,2792,4315,4318,4914,5022,5099,5317,5343,5723,6410,6414,6714,7009,7111,8218,8637,	
6 17 326 17 73,487,2529,2633,4145,4223,5747,5876,6374,6404,6409,6416,6439,6544,6545,6712,7126,	
sección 3 326 3 72,3587,6711,	
ver 3 326 3 71,3586,6710,	
excipientes 5 326 5 70,484,6381,6709,7123,	
completa 2 326 2 68,6707,	
lista 2 326 2 67,6706,	
consultar 2 326 2 65,6704,	
sugeridas 1 326 1 3669,	
Para 2 326 2 64,6703,	
monohidrato 3 326 3 61,6387,6700,	
renal 64 326 64 305,314,359,525,618,631,642,648,688,691,700,730,739,758,780,794,1165,1351,1369,1417,1761,2041,2046,2061,2087,2515,2725,2736,2767,3335,3341,3567,4039,5312,5558,5642,5656,6220,6295,6944,6953,6998,7164,7257,7270,7281,7287,7327,7330,7339,7369,7378,7397,7419,7433,7804,7990,8008,8056,8400,8680,8685,8700,8726,	
lactosa 4 326 4 60,1587,6699,8226,	
65 4 326 4 57,4877,5433,6695,	
26 1 326 1 56,	
Excipiente 2 326 2 55,6694,	
hidroclorotiazida 72 326 72 54,134,216,284,329,498,991,1048,1328,1457,1644,1816,1833,2109,2186,2232,2335,2364,2850,3431,3607,3617,3740,3810,3849,4059,4130,4152,4190,4239,4336,4400,4543,4579,4642,4654,4673,4734,5128,5144,5178,5212,5250,5469,5600,5626,5687,5893,5913,5919,6008,6052,6094,6121,6693,6773,6855,6923,6968,7137,7630,7687,7967,8096,8283,8455,8472,8748,8825,8871,8974,9003,	
12 12 326 12 50,987,4147,4186,4235,4332,4358,4396,4736,5532,6689,7626,	
ambulatoria 2 326 2 4383,4449,	
erupción 2 326 2 3264,3545,	
irbesartan 82 326 82 48,132,218,240,1102,1156,1218,1676,1754,1826,2104,2115,2140,2167,2179,3398,3728,3844,3968,4107,4154,4180,4195,4233,4330,4394,4549,4575,4639,4652,4712,4725,4815,4841,4984,5027,5130,5176,5203,5220,5238,5328,5371,5385,5404,5423,5481,5495,5518,5529,5567,5597,5647,5698,5840,5889,5925,5940,6006,6050,6119,6148,6183,6222,6250,6255,6284,6687,6771,6857,6879,7741,7795,7857,8315,8393,8465,8743,8754,8779,8806,8818,	
contiene 7 326 7 44,1330,1586,2849,6683,7969,8225,	
comprimido 4 326 4 43,63,6682,6702,	
	Cada 2 326 2 42,6681,	
CUANTITATIVA 2 326 2 41,6680,	
Y 2 326 2 40,6679,	
CUALITATIVA 2 326 2 39,6678,	
COMPOSICIÓN 2 326 2 38,6677,	
temprana 1 326 1 6318,	
2 14 326 14 37,142,393,1993,4124,4559,4805,5095,5121,6405,6468,6676,6781,8632,	
comprimidos 7 326 7 36,6457,6473,6489,6505,6526,6675,	
mg 57 326 57 35,46,52,58,203,220,227,242,249,253,270,279,282,989,1650,1653,3105,3109,4178,4188,4193,4231,4237,4283,4295,4328,4334,4392,4398,4458,4481,4487,4541,4738,4812,4817,4838,4843,5279,5282,5288,6674,6685,6691,6697,6842,6859,6866,6881,6888,6892,6909,6918,6921,7628,8289,8292,	
5 40 326 40 34,51,139,202,226,248,269,988,1613,2161,2741,3102,3813,4187,4236,4256,4282,4333,4397,4457,4480,4486,4737,4811,4866,4949,5120,5207,5319,5722,6440,6673,6690,6778,6841,6865,6887,6908,7627,8252,	
150 14 326 14 32,45,200,219,246,4327,4391,4455,4478,4809,4816,6839,6858,6885,	
	Karvezide 2 326 2 31,6670,	
paralelo 1 326 1 4786,	
MEDICAMENTO 3 326 3 30,3818,6669,	
interrumpirse 5 326 5 1286,1562,2690,7925,8201,	
NOMBRE 2 326 2 28,6667,	
1 15 326 15 26,27,74,107,3820,4224,4806,5195,6378,6452,6517,6525,6666,6713,6746,	
PRODUCTO 1 326 1 25,	
DEL 4 326 4 24,29,6640,6668,	
grupo 3 326 3 2991,3027,5001,	
CARACTERÍSTICAS 1 326 1 23,	
LAS 1 326 1 22,	
acciones 1 326 1 3895,	
DE 9 326 9 21,3816,6581,6584,6603,6605,6612,6616,6637,	
RESUMEN 1 326 1 20,	
O 1 326 1 19,	
absorción 4 326 4 2230,2448,5296,8869,	
TÉCNICA 1 326 1 18,	
FICHA 1 326 1 17,	
insulina) 2 326 2 2211,8850,	
ocasiones 5 326 5 560,1414,3215,7199,8053,	
información 3 326 3 14,3625,6643,	
Toda 1 326 1 12,	
cardiovascular 4 326 4 1439,4681,4909,8078,	
medicamento 13 326 13 11,16,298,1332,1592,2145,6212,6556,6647,6937,7971,8231,8784,	
mg/12 15 326 15 33,201,225,247,268,4281,4456,4479,4485,4810,6672,6840,6864,6886,6907,	
Basica 1 326 1 9,	
	Información 1 326 1 8,	
PELÍCULA 1 326 1 7,	
CON 1 326 1 6,	
RECUB 1 326 1 5,	
COMP 1 326 1 4,	
28 2 326 2 3,6466,	
5MG 1 326 1 2,	
150MG/12 1 326 1 1,	
KARVEZIDE 1 326 1 0,	
