	Prospectos 1 675 1 9888,	
16 1 675 1 6063,	
TEXTO 1 675 1 5737,	
septiembre 1 675 1 5728,	
17 1 675 1 5726,	
AUTORIZACIÓN/RENOVACIÓN 1 675 1 5722,	
PRIMERA 1 675 1 5721,	
FECHA 2 675 2 5718,5732,	
EU/1/07/417/001 1 675 1 5715,	
NÚMERO(S) 1 675 1 5710,	
España 1 675 1 5708,	
(Madrid) 1 675 1 5707,	
Viejo 1 675 1 5706,	
28770 1 675 1 5704,	
Industrial 1 675 1 5701,	
Polígono 1 675 1 5700,	
Reyes 1 675 1 5698,	
Avda 1 675 1 5695,	
A 1 675 1 5694,	
S 1 675 1 5693,	
Mar 1 675 1 5692,	
COMERCIALIZACIÓN 2 675 2 5690,5714,	
AUTORIZACIÓN 3 675 3 5688,5712,5725,	
LA 4 675 4 5687,5720,5724,5734,	
TITULAR 1 675 1 5685,	
titanio 1 675 1 5683,	
implantables 1 675 1 5681,	
vascular 1 675 1 5680,	
acceso 1 675 1 5679,	
(PE) 1 675 1 5673,	
polietileno 1 675 1 5672,	
(PVC) 1 675 1 5670,	
vinilo 1 675 1 5669,	
tubos 1 675 1 5665,	
bolsas 1 675 1 5662,	
incompatibilidades 1 675 1 5657,	
normativas 1 675 1 5648,	
hayan 1 675 1 5636,	
materiales 1 675 1 5634,	
tratarse 1 675 1 5618,	
mucosas 1 675 1 5616,	
membranas 1 675 1 5615,	
ojos 1 675 1 5612,	
accidental 1 675 1 5607,	
contacto 2 675 2 5606,5639,	
estén 1 675 1 5597,	
plantilla 1 675 1 5595,	
guantes 1 675 1 5590,	
gafas 1 675 1 5587,	
protectora 1 675 1 5584,	
ropa 1 675 1 5583,	
llevar 1 675 1 5582,	
correctas 1 675 1 5565,	
formación 1 675 1 5561,	
recibido 1 675 1 5560,	
haber 1 675 1 5559,	
personal 1 675 1 5557,	
procedimientos 1 675 1 5545,	
seguirse 1 675 1 5543,	
manipularse 1 675 1 5539,	
compuestos 1 675 1 5535,	
citotóxico 1 675 1 5531,	
manipulación 2 675 2 5523,5549,	
preparada 1 675 1 5516,	
presencia 1 675 1 5509,	
detectar 1 675 1 5506,	
parenterales 1 675 1 5504,	
soluciones 1 675 1 5503,	
inspección 1 675 1 5499,	
realizará 2 675 2 5497,5643,	
añadirse 1 675 1 5456,	
recurrir 1 675 1 5446,	
perfusión) 2 675 2 5419,5491,	
(solución 2 675 2 5397,5469,	
diluyente 2 675 2 5396,5468,	
bolsa 2 675 2 5388,5459,	
añadirla 1 675 1 5385,	
adecuada 2 675 2 5383,5548,	
cantidad 1 675 1 5380,	
extraer 1 675 1 5376,	
(mg/m2) 1 675 1 5369,	
(m2) 1 675 1 5365,	
SC 2 675 2 5364,5370,	
(ml) 1 675 1 5362,	
Volumen 1 675 1 5361,	
calcula 1 675 1 5357,	
(5 3 675 3 5349,5416,5488,	
sódico 3 675 3 5331,5400,5472,	
cloruro 3 675 3 5330,5399,5471,	
indicada 1 675 1 5312,	
diluciones 1 675 1 5308,	
Requiere 1 675 1 5307,	
visibles 1 675 1 5297,	
partículas 2 675 2 5296,5511,	
amarillenta 1 675 1 5294,	
ligeramente 1 675 1 5293,	
incolora 1 675 1 5291,	
disuelva 1 675 1 5284,	
Agitar 1 675 1 5276,	
inyectar 1 675 1 5264,	
jeringa 1 675 1 5262,	
Instrucciones 3 675 3 5255,5317,5521,	
mg/ml 8 675 8 5248,5304,5334,5348,5403,5415,5475,5487,	
concentración 1 675 1 5244,	
inyectables 2 675 2 5238,5272,	
preparaciones 2 675 2 5237,5271,	
estéril 2 675 2 5235,5269,	
agua 3 675 3 5234,5268,5621,	
reconstituye 1 675 1 5229,	
adecuadas 1 675 1 5210,	
técnicas 2 675 2 5207,5564,	
Preparación 1 675 1 5200,	
manipulaciones 1 675 1 5199,	
flip-off 1 675 1 5177,	
aluminio 1 675 1 5174,	
cápsula 1 675 1 5172,	
cierre 1 675 1 5164,	
tipo 2 675 2 5160,5176,	
incoloro 1 675 1 5158,	
vidrio 1 675 1 5157,	
suministra 1 675 1 5152,	
envase 2 675 2 5149,5187,	
contenido 1 675 1 5147,	
	Pharma 1 675 1 5691,	
Naturaleza 1 675 1 5145,	
diluido 1 675 1 5138,	
°C) 1 675 1 5128,	
­ 1 675 1 5126,	
(2 1 675 1 5124,	
Conservar 1 675 1 5121,	
Precauciones 2 675 2 5117,5193,	
controladas 1 675 1 5098,	
asepsia 2 675 2 5095,5209,	
deberían 1 675 1 5073,	
habitualmente 1 675 1 5071,	
usuario 1 675 1 5069,	
responsabilidad 1 675 1 5067,	
reconstituido 2 675 2 5065,5136,	
producto 2 675 2 5064,5135,	
condiciones 3 675 3 5057,5093,5131,	
diluye 1 675 1 5050,	
usarse 1 675 1 5045,	
diluirse 3 675 3 5043,5215,5325,	
microbiológico 1 675 1 5038,	
vista 1 675 1 5037,	
glucosa 3 675 3 5345,5412,5484,	
°C 5 675 5 5032,5080,5083,5114,5125,	
física 2 675 2 5026,5108,	
química 2 675 2 5024,5106,	
estabilidad 2 675 2 5023,5105,	
nevera 1 675 1 5123,	
36 1 675 1 5013,	
abrir 1 675 1 5012,	
Viales 1 675 1 5010,	
validez 1 675 1 5009,	
14 1 675 1 5716,	
Periodo 1 675 1 5007,	
mencionados 1 675 1 4999,	
excepción 1 675 1 4996,	
fármacos 1 675 1 4994,	
diluir 1 675 1 4991,	
mezclar 1 675 1 4989,	
Incompatibilidades 1 675 1 4984,	
Hidróxido 1 675 1 4975,	
pH) 2 675 2 4974,4981,	
(para 2 675 2 4971,4978,	
fosfórico 1 675 1 4970,	
Ácido 1 675 1 4969,	
Dihidrogenofosfato 1 675 1 4966,	
Sacarosa 1 675 1 4965,	
Lista 1 675 1 4962,	
FARMACÉUTICOS 1 675 1 4959,	
afecte 1 675 1 4950,	
(citotóxico 1 675 1 4944,	
Dada 1 675 1 4939,	
gónadas 1 675 1 4938,	
histopatológicos 1 675 1 4935,	
cambios 1 675 1 4934,	
embargo 1 675 1 4918,	
carcinogenicidad 1 675 1 4904,	
genotóxica 1 675 1 4891,	
excluir 1 675 1 4881,	
interpretar 1 675 1 4873,	
prudente 1 675 1 4868,	
hay 2 675 2 4865,5444,	
trabectedina; 1 675 1 4862,	
atribuir 1 675 1 4856,	
local 1 675 1 4843,	
secundarias 1 675 1 4839,	
observaciones 1 675 1 4837,	
realizados 1 675 1 4833,	
renales 2 675 2 4825,4876,	
intestinal 1 675 1 4811,	
epitelio 1 675 1 4810,	
necrosis 1 675 1 4808,	
degeneración 1 675 1 4806,	
así 1 675 1 4797,	
Desde 1 675 1 5033,	
ósea) 1 675 1 4796,	
linfoide 1 675 1 4792,	
depleción 1 675 1 4791,	
(leucopenia 1 675 1 4787,	
incluyeron 1 675 1 4784,	
hallazgos 3 675 3 4782,4823,4875,	
detectados 1 675 1 4778,	
tóxicos 2 675 2 4777,5537,	
ng/ml) 2 675 2 4741,4767,	
(Cmáx 2 675 2 4734,4760,	
g/m2 1 675 1 4730,	
500 2 675 2 4729,5393,	
superiores 2 675 2 4716,5075,	
fertilidad 1 675 1 4914,	
± 3 675 3 4712,4738,4764,	
alcanzados 2 675 2 4708,4746,	
plasmáticos 1 675 1 4705,	
práctica 1 675 1 4701,	
observados 2 675 2 4698,4783,	
Cmáx) 1 675 1 4693,	
hora 2 675 2 4684,4871,	
seleccionó 1 675 1 4677,	
Cynomolgus 1 675 1 4674,	
monos 2 675 2 4673,4835,	
investigado 1 675 1 4667,	
AUC 1 675 1 4653,	
términos 1 675 1 4651,	
debajo 1 675 1 4645,	
exposiciones 1 675 1 4643,	
respiratorio 1 675 1 4638,	
sistemas 2 675 2 4636,5677,	
limitado 2 675 2 4633,4932,	
toxicológicos 1 675 1 4824,	
Datos 1 675 1 4619,	
garantizarse 1 675 1 4610,	
suero 1 675 1 4586,	
poblacionales 1 675 1 4575,	
mielosupresión 1 675 1 4769,	
Aunque 1 675 1 4572,	
metabolitos 1 675 1 4569,	
afecta 1 675 1 4560,	
14C 1 675 1 4554,	
única 1 675 1 4549,	
radiactividad 1 675 1 4541,	
estudiados) 1 675 1 4538,	
(< 1 675 1 4531,	
relevante 1 675 1 4504,	
tuviese 1 675 1 4501,	
34 2 675 2 4498,4525,	
medida 1 675 1 4486,	
etnia 1 675 1 4459,	
raza 1 675 1 4456,	
sexo 1 675 1 4440,	
años) 1 675 1 4437,	
Un 1 675 1 4426,	
28 1 675 1 4422,	
intra- 1 675 1 4418,	
51 1 675 1 4413,	
inter-individual 1 675 1 4401,	
moderado 1 675 1 4398,	
índice 1 675 1 4389,	
sanguíneo 1 675 1 4383,	
flujo 1 675 1 4382,	
mitad 1 675 1 4377,	
35 1 675 1 4369,	
(0 4 675 4 4357,5335,5404,5476,	
sangre/plasma 1 675 1 4356,	
proporción 1 675 1 4355,	
l/h) 1 675 1 4352,	
estimación 2 675 2 4342,4404,	
Basándose 1 675 1 4339,	
73 1 675 1 4337,	
(17 1 675 1 4320,	
esdel 1 675 1 4317,	
(SD) 2 675 2 4316,4330,	
heces 1 675 1 4315,	
radiactivamente 1 675 1 4300,	
h) 1 675 1 4290,	
anestesiados) 1 675 1 4675,	
(valor 1 675 1 4279,	
larga 1 675 1 4278,	
terminal 2 675 2 4276,4288,	
semivida 1 675 1 4275,	
(menos 1 675 1 4270,	
baja 2 675 2 4269,4529,	
inalterada 1 675 1 4265,	
inhibe 1 675 1 4252,	
induce 1 675 1 4250,	
mayoritariamente 1 675 1 4228,	
responsable 1 675 1 4227,	
citocromo 2 675 2 4225,4257,	
3A4 1 675 1 4223,	
P450 4 675 4 4222,4226,4242,4258,	
l 1 675 1 4219,	
000 2 675 2 4218,5465,	
policloruro 1 675 1 5667,	
supera 1 675 1 4213,	
humanos 2 675 2 4212,4267,	
proteínas) 1 675 1 4201,	
unida 1 675 1 4199,	
plasma 2 675 2 4197,4690,	
radioactividad 1 675 1 4312,	
94 1 675 1 4189,	
(el 1 675 1 4188,	
tisulares 1 675 1 4187,	
elevada 1 675 1 4182,	
elevado 2 675 2 4177,9885,	
aparente 2 675 2 4174,9882,	
posee 4 675 4 4171,4630,5242,9879,	
Tras 4 675 4 4161,4291,5099,9869,	
multicompartimental 2 675 2 4160,9868,	
modelo 2 675 2 4157,9865,	
acorde 4 675 4 4154,4178,9862,9886,	
farmacocinético 2 675 2 4149,9857,	
incluida 2 675 2 4146,9854,	
administrada 2 675 2 4135,9843,	
proporcional 2 675 2 4131,9839,	
constante 2 675 2 4126,9834,	
velocidad 3 675 3 4125,4380,9833,	
(RCP) 2 675 2 4103,9811,	
Características 2 675 2 4100,9808,	
Resumen 2 675 2 4097,9805,	
Técnica 2 675 2 4095,9803,	
Ficha 2 675 2 4094,9802,	
disponible 2 675 2 4091,9799,	
nueva 2 675 2 4085,9793,	
revisará 2 675 2 4081,9789,	
(EMEA) 2 675 2 4080,9788,	
Medicamento 2 675 2 4079,9787,	
Europea 2 675 2 4077,9785,	
Agencia 2 675 2 4076,9784,	
obtener 2 675 2 4069,9777,	
sido 2 675 2 4067,9775,	
protectoras 1 675 1 5588,	
significa 2 675 2 4056,9764,	
aprobación 2 675 2 4055,9763,	
modalidad 2 675 2 4053,9761,	
excepcionales"" 2 675 2 4051,9759,	
""Circunstancias 2 675 2 4050,9758,	
autorizado 2 675 2 4048,9756,	
83 2 675 2 4037,9745,	
lipo 2 675 2 4033,9741,	
total 5 675 5 4028,4313,4365,4542,9736,	
evaluaron 2 675 2 4026,9734,	
tratadas 2 675 2 4017,9725,	
Estas 1 675 1 4836,	
similares 3 675 3 4016,4743,9724,	
poblaciones 2 675 2 4015,9723,	
único) 2 675 2 4013,9721,	
brazo 2 675 2 4012,9720,	
(de 2 675 2 4011,9719,	
controlados 2 675 2 4010,9718,	
II 2 675 2 4008,9716,	
fase 3 675 3 4007,4285,9715,	
procedentes 2 675 2 4002,9710,	
%-68 2 675 2 3991,9700,	
52 2 675 2 3989,9698,	
año 2 675 2 3987,9696,	
estaban 2 675 2 3984,9693,	
60 2 675 2 3978,9687,	
5-18 2 675 2 3974,9683,	
13 2 675 2 3969,9678,	
OS 2 675 2 3957,9666,	
mediana 2 675 2 3955,9664,	
(OS) 2 675 2 3953,9662,	
supervivencia 2 675 2 3951,9660,	
significativas 2 675 2 3948,9657,	
detectaron 3 675 3 3946,4822,9655,	
0302) 2 675 2 3943,9652,	
tratado 2 675 2 3933,9642,	
recibió 2 675 2 3913,9622,	
m) 4 675 4 3908,3929,9617,9638,	
1-5 2 675 2 3906,9615,	
TTP 2 675 2 3899,9608,	
medianas 2 675 2 3897,9606,	
974) 2 675 2 3895,9604,	
554 2 675 2 3892,9601,	
734 2 675 2 3889,9598,	
= 6 675 6 3887,3941,5363,5371,9596,9650,	
(HR 2 675 2 3886,9595,	
relativo 2 675 2 3869,9578,	
(TTP) 2 675 2 3859,9568,	
tumoral 2 675 2 3858,9567,	
progresión 4 675 4 3857,3871,9566,9580,	
protocolo 2 675 2 3851,9560,	
especificado 2 675 2 3848,9557,	
58 3 675 3 3825,4318,9534,	
alternativamente 2 675 2 3816,9525,	
administró 4 675 4 3791,3819,9500,9528,	
recidivado 2 675 2 3777,9486,	
progresado 2 675 2 3775,9484,	
enfermedad 4 675 4 3773,4064,9482,9772,	
metastásico 2 675 2 3765,9474,	
aleatorizado 2 675 2 3757,9466,	
ensayo 4 675 4 3756,3789,9465,9498,	
clínica 3 675 3 3744,4702,9453,	
Eficacia 2 675 2 3743,9452,	
microcítico 2 675 2 3737,9446,	
pulmonar 3 675 3 3735,4805,9444,	
malignas 2 675 2 3727,9436,	
neoplasias 2 675 2 3726,9435,	
incluidas 2 675 2 3725,9434,	
experimentales 2 675 2 3724,9433,	
tumores 2 675 2 3723,9432,	
humanas 2 675 2 3721,9430,	
tumorales 2 675 2 3720,9429,	
células 2 675 2 3719,9428,	
estirpes 2 675 2 3717,9426,	
rango 5 675 5 3715,4138,4494,9424,9846,	
amplio 2 675 2 3714,9423,	
vitro 3 675 3 3708,4894,9417,	
antiproliferativa 2 675 2 3706,9415,	
ejerce 2 675 2 3704,9413,	
celular 2 675 2 3697,9406,	
ciclo 4 675 4 3696,3842,9405,9551,	
perturbación 2 675 2 3694,9403,	
reparación 2 675 2 3687,9396,	
vías 2 675 2 3685,9394,	
factores 2 675 2 3676,9385,	
afectan 3 675 3 3673,4441,9382,	
cascada 2 675 2 3669,9378,	
desencadena 2 675 2 3667,9376,	
unión 5 675 5 3664,3681,4181,9373,9390,	
Esta 5 675 5 3663,4052,5298,9372,9760,	
incluyendo 1 675 1 5585,	
doble 2 675 2 3658,9367,	
hélice 2 675 2 3656,9365,	
haciendo 2 675 2 3653,9362,	
ADN 8 675 8 3652,3666,3683,3689,9361,9375,9392,9398,	
surco 4 675 4 3649,3661,9358,9370,	
une 2 675 2 3647,9356,	
Mecanismo 2 675 2 3641,9350,	
L01CX01 2 675 2 3640,9349,	
actualizará 2 675 2 4105,9813,	
ATC 2 675 2 3639,9348,	
código 2 675 2 3638,9347,	
Antineoplásicos 2 675 2 3637,9346,	
farmacoterapéutico 2 675 2 3636,9345,	
Grupo 2 675 2 3635,9344,	
farmacodinámicas 2 675 2 3634,9343,	
semanal 4 675 4 3822,3939,9531,9648,	
Propiedades 4 675 4 3633,4111,9342,9819,	
	"5 2 675 2 3631,9340,	
ESTE 2 675 2 3629,9338,	
FARMACOLÓGICAS 2 675 2 3627,9336,	
PROPIEDADES 2 675 2 3626,9335,	
" 4 675 4 3624,4956,9333,9887,	
sintomatológico 2 675 2 3620,9329,	
específico 2 675 2 3600,9309,	
antídoto 2 675 2 3599,9308,	
ósea 2 675 2 3588,9297,	
médula 3 675 3 3587,4795,9296,	
naturaleza 3 675 3 3583,4941,9292,	
son 3 675 3 3581,5066,9290,	
previstas 2 675 2 3580,9289,	
principales 4 675 4 3578,4254,4775,9287,	
sobredosis 4 675 4 3574,3607,9283,9316,	
Sobredosis 2 675 2 3563,9272,	
parte 2 675 2 3552,9261,	
mayor 4 675 4 3551,3662,9260,9371,	
pacientes; 2 675 2 3548,9257,	
alrededor 3 675 3 3541,4374,9250,	
Colmenar 1 675 1 5705,	
alopecia 4 675 4 3539,3556,9248,9265,	
relacionada 3 675 3 3530,4884,9239,	
obtenida 1 675 1 5241,	
disnea 2 675 2 3526,9235,	
Elevaciones 2 675 2 3454,9163,	
Cansancio/astenia 2 675 2 3420,9129,	
influencia 1 675 1 4503,	
mucositis 2 675 2 3416,9125,	
Estomatitis 2 675 2 3405,9114,	
notificó 8 675 8 3398,3415,3449,3538,9107,9124,9158,9247,	
63 2 675 2 3357,9066,	
diarrea 4 675 4 3345,3399,9054,9108,	
Otras 3 675 3 3340,4239,9049,	
lesión 2 675 2 3328,9037,	
mortalidad 2 675 2 3326,9035,	
hepático 3 675 3 3324,4384,9033,	
hepatomegalia 2 675 2 3321,9030,	
ictericia 2 675 2 3320,9029,	
signos 2 675 2 3311,9020,	
inferior 3 675 3 3305,4523,9014,	
incidencia 2 675 2 3304,9013,	
lesiones 2 675 2 3296,9005,	
clínicas 2 675 2 3294,9003,	
manifestaciones 2 675 2 3293,9002,	
resuelven 2 675 2 3283,8992,	
hiperbilirrubinemia 2 675 2 3263,8972,	
23 3 675 3 3237,8946,9147,	
acusadas 2 675 2 3230,8939,	
tendencia 2 675 2 3226,8935,	
acumulativo 2 675 2 3221,8930,	
infusión 2 675 2 4681,4726,	
siguieron 2 675 2 3218,8927,	
superaron 2 675 2 3207,8916,	
recuperación 5 675 5 3205,4309,4327,4530,8914,	
tiempos 3 675 3 3203,5055,8912,	
15 2 675 2 3190,8899,	
plazo 3 675 3 3187,4907,8896,	
pre-tratamiento 2 675 2 3184,8893,	
mejoraron 2 675 2 3175,8884,	
12 4 675 4 3134,3973,8843,9682,	
produjeron 4 675 4 3131,3154,8840,8863,	
resuelto 2 675 2 3116,8825,	
disminuido 2 675 2 3108,8817,	
14-15 2 675 2 3099,8808,	
máximos 5 675 5 3083,3269,4688,8792,8978,	
alcanzar 3 675 3 3080,4686,8789,	
medio 2 675 2 3078,8787,	
enzimas 5 675 5 3066,4240,4255,4583,8775,	
44 2 675 2 3052,8761,	
bromobutilo 1 675 1 5168,	
notificaron 8 675 8 3029,3349,3381,3506,8738,9058,9090,9215,	
Incrementos 2 675 2 3022,8731,	
basal 2 675 2 2971,8680,	
46 2 675 2 2960,8669,	
Anemia 2 675 2 2947,8656,	
asociadas 2 675 2 2944,8653,	
hemorrágicas 2 675 2 2943,8652,	
aparecieron 2 675 2 2941,8650,	
11 2 675 2 2887,8596,	
observó 3 675 3 2878,4478,8587,	
rara 2 675 2 2875,8584,	
reversibilidad 2 675 2 2873,8582,	
rápido 2 675 2 2871,8580,	
predecible 2 675 2 2868,8577,	
patrón 4 675 4 2867,3220,8576,8929,	
19 2 675 2 2838,8547,	
grados 8 675 8 2829,2915,2987,3001,8538,8624,8696,8710,	
mostró 8 675 8 2824,2910,2996,3860,8533,8619,8705,9569,	
respectivamente 22 675 22 2819,2846,2905,2933,2991,3019,3075,3143,3166,3367,3388,8528,8555,8614,8642,8700,8728,8784,8852,8875,9076,9097,	
produjo 26 675 26 2797,2811,2834,2848,2897,2920,2956,2984,3006,3262,3331,3433,3525,8506,8520,8543,8557,8606,8629,8665,8693,8715,8971,9040,9142,9234,	
77 2 675 2 2791,8500,	
supresión 2 675 2 3585,9294,	
psiquiátricos 2 675 2 2776,8485,	
Hiperbilirrubinemia 4 675 4 2767,3234,8476,8943,	
hepatobiliares 4 675 4 2766,3021,8475,8730,	
periférico 2 675 2 2756,8465,	
edema 4 675 4 2754,2755,8463,8464,	
Pirexia 2 675 2 2753,8462,	
Cansancio 2 675 2 2747,8456,	
alteraciones 2 675 2 2744,8453,	
generales 2 675 2 2740,8449,	
vasculares 2 675 2 2737,8446,	
infestaciones 2 675 2 2734,8443,	
Infecciones 2 675 2 2731,8440,	
relación 1 675 1 4578,	
nutrición 2 675 2 2729,8438,	
Anorexia 4 675 4 2728,3439,8437,9148,	
conjuntivo 2 675 2 2719,8428,	
espalda 2 675 2 2715,8424,	
dolor 4 675 4 2713,3323,8422,9032,	
artralgia 2 675 2 2712,8421,	
Mialgia 2 675 2 2711,8420,	
musculoesqueléticos 2 675 2 2710,8419,	
subcutáneo 2 675 2 2707,8416,	
Alopecia 4 675 4 2706,3536,8415,9245,	
tejido 4 675 4 2705,2718,8414,8427,	
piel 3 675 3 2701,5610,8410,	
estreñimiento 6 675 6 2697,3347,3401,8406,9056,9110,	
Vómitos 2 675 2 2695,8404,	
gastrointestinales 2 675 2 2694,8403,	
mediastínicos 2 675 2 2690,8399,	
torácicos 2 675 2 2688,8397,	
tos 2 675 2 2687,8396,	
Disnea 4 675 4 2686,3516,8395,9225,	
respiratorios 2 675 2 2685,8394,	
cabeza 2 675 2 2682,8391,	
nervioso 3 675 3 2679,4640,8388,	
Frecuentes 18 675 18 2673,2684,2702,2709,2730,2733,2738,2751,2775,8382,8393,8411,8418,8439,8442,8447,8460,8484,	
linfático 4 675 4 2672,2787,8381,8496,	
plasmáticas 1 675 1 4185,	
anemia 9 675 9 2670,2957,2985,2999,4789,8379,8666,8694,8708,	
Trastornos 26 675 26 2659,2674,2683,2691,2698,2708,2720,2736,2739,2763,2774,2782,3020,8368,8383,8392,8400,8407,8417,8429,8445,8448,8472,8483,8491,8729,	
incremento 6 675 6 2654,2768,2772,8363,8477,8481,	
sangre 5 675 5 2653,2664,4364,8362,8373,	
REVISIÓN 1 675 1 5735,	
complementarias 2 675 2 2646,8355,	
Muy 14 675 14 2644,2662,2676,2692,2722,2741,2764,8353,8371,8385,8401,8431,8450,8473,	
Exploraciones 2 675 2 2643,8352,	
c/3 6 675 6 2641,3918,3965,8350,9627,9674,	
h 11 675 11 2640,3882,3917,3938,3964,4733,8349,9591,9626,9647,9673,	
notificadas 2 675 2 2624,8333,	
Sistema 2 675 2 2620,8329,	
decreciente 2 675 2 2611,8320,	
orden 3 675 3 2610,4695,8319,	
presentan 2 675 2 2608,8317,	
laboratorio 2 675 2 2603,8312,	
frecuencias 2 675 2 2591,8300,	
MEdDRA 2 675 2 2588,8297,	
órganos 4 675 4 2587,2637,8296,8346,	
clasificación 4 675 4 2585,2635,8294,8344,	
sistema 8 675 8 2583,2667,2678,2786,8292,8376,8387,8495,	
acuerdo 3 675 3 2580,5645,8289,	
comunicadas 2 675 2 2572,8281,	
tabla 2 675 2 2567,8276,	
siguiente 3 675 3 2566,5359,8275,	
instaurarán 2 675 2 3616,9325,	
1/1000 2 675 2 2561,8270,	
1/100 2 675 2 2553,8262,	
indicó 1 675 1 4431,	
actividad 2 675 2 3705,9414,	
1/10) 4 675 4 2550,2556,8259,8265,	
( 7 675 7 2549,2552,2560,4497,8258,8261,8269,	
clasifican 2 675 2 2545,8254,	
indican 3 675 3 2541,4626,8250,	
sepsis 2 675 2 2527,8236,	
febril 4 675 4 2522,2850,8231,8559,	
pancitopenia 2 675 2 2520,8229,	
incluyen 4 675 4 2519,3319,8228,9028,	
resultado 2 675 2 2508,8217,	
Con 2 675 2 2501,8210,	
	6 1 675 1 4960,	
mortales 4 675 4 2492,2505,8201,8214,	
producido 2 675 2 2489,8198,	
Insomnio 2 675 2 2777,8486,	
anorexia 4 675 4 2478,3450,8187,9159,	
fatiga 2 675 2 2476,8185,	
frecuentes 26 675 26 2468,2548,2551,2559,2645,2663,2677,2693,2723,2742,2765,2781,3301,8177,8257,8260,8268,8354,8372,8386,8402,8432,8451,8474,8490,9010,	
presentaban 2 675 2 2967,8676,	
Las 13 675 13 2464,2536,3144,3292,3577,3896,5591,8173,8245,8853,9001,9286,9605,	
intensidad 4 675 4 2458,2473,8167,8182,	
40 2 675 2 2448,8157,	
presente 4 675 4 2437,2453,8146,8162,	
aproximadamente 15 675 15 2430,2446,2836,2922,3008,3273,3285,4368,8139,8155,8545,8631,8717,8982,8994,	
esperar 4 675 4 2428,2444,8137,8153,	
transparente 1 675 1 5290,	
Cabe 4 675 4 2427,2443,8136,8152,	
carcinoma 2 675 2 2425,8134,	
localmente 2 675 2 3767,9476,	
melanoma 4 675 4 2423,3742,8132,9451,	
visual 1 675 1 5500,	
GIST 2 675 2 2422,8131,	
ovario 4 675 4 2421,3740,8130,9449,	
osteosarcoma 2 675 2 2418,8127,	
mama 4 675 4 2417,3733,8126,9442,	
cáncer 13 675 13 2408,2415,2419,3731,3734,3738,4304,8117,8124,8128,9440,9443,9447,	
tipos 4 675 4 2406,4041,8115,9749,	
oxidativo 1 675 1 4231,	
posológica 2 675 2 2399,8108,	
2007 3 675 3 2395,5730,8104,	
abril 2 675 2 2393,8102,	
evaluación 2 675 2 2378,8087,	
basado 2 675 2 2375,8084,	
continuación 4 675 4 2373,2543,8082,8252,	
mostrado 2 675 2 2371,8080,	
indique 2 675 2 2362,8071,	
Salvo 2 675 2 2359,8068,	
8 13 675 13 2356,2841,4144,4334,4737,4763,5082,5127,5709,5779,8065,8550,9852,	
experimenten 2 675 2 2341,8050,	
cansancio 2 675 2 2329,8038,	
aparición 4 675 4 2327,3291,8036,9000,	
máquinas 6 675 6 2304,2320,2354,8013,8029,8063,	
conducir 6 675 6 2301,2317,2351,8010,8026,8060,	
capacidad 5 675 5 2299,2315,4953,8008,8024,	
Efectos 2 675 2 2296,8005,	
7 8 675 8 2295,3073,3902,4766,5684,8004,8782,9611,	
finalización 2 675 2 2287,7996,	
obtenidos 3 675 3 2382,4719,8091,	
animales 2 675 2 2271,7980,	
excreción 2 675 2 2263,7972,	
estudiado 3 675 3 2261,4451,7970,	
humana 2 675 2 2257,7966,	
leche 4 675 4 2256,2269,7965,7978,	
excreta 2 675 2 2253,7962,	
desconoce 2 675 2 2248,7957,	
creatina 2 675 2 2650,8359,	
gravedad 2 675 2 2613,8322,	
hijos 2 675 2 2242,7951,	
deseen 2 675 2 2240,7949,	
recomendado 2 675 2 2235,7944,	
genético 4 675 4 2229,2232,7938,7941,	
esperma 2 675 2 2213,7922,	
conservación 5 675 5 2211,5059,5120,5133,7920,	
MedDra 2 675 2 2638,8347,	
asesoramiento 6 675 6 2205,2228,2231,7914,7937,7940,	
irreversible 2 675 2 2198,7907,	
infertilidad 2 675 2 2197,7906,	
(31 1 675 1 4350,	
existe 2 675 2 2187,7896,	
Puesto 2 675 2 2185,7894,	
genotóxicos 2 675 2 2184,7893,	
Tanto 2 675 2 2109,7818,	
Fertilidad 2 675 2 2108,7817,	
neonatos 2 675 2 2107,7816,	
adversas 26 675 26 2104,2358,2439,2455,2466,2491,2535,2538,2571,2598,2623,2779,3342,7813,8067,8148,8164,8175,8200,8244,8247,8280,8307,8332,8488,9051,	
(1 1 675 1 4336,	
gastrointestinal 2 675 2 3584,9293,	
posibles 2 675 2 2102,7811,	
cuidadosamente 2 675 2 2100,7809,	
final 2 675 2 2095,7804,	
monitorizará 4 675 4 2088,3609,7797,9318,	
feto 2 675 2 2081,7790,	
validadas 1 675 1 5096,	
informará 2 675 2 2073,7782,	
utiliza 3 675 3 2068,5052,7777,	
claramente 2 675 2 2064,7773,	
humano 1 675 1 4385,	
salvo 2 675 2 2061,7770,	
defectos 2 675 2 2044,7753,	
acción 4 675 4 2039,3643,7748,9352,	
mecanismo 2 675 2 2037,7746,	
dado 2 675 2 2035,7744,	
suficientes 2 675 2 2024,7733,	
lactancia 4 675 4 2016,2273,7725,7982,	
Embarazo 4 675 4 2014,2017,7723,7726,	
tomarse 2 675 2 2008,7717,	
situaciones 2 675 2 2006,7715,	
SNC 2 675 2 2003,7712,	
relevancia 2 675 2 1990,7699,	
Todavía 2 675 2 1984,7693,	
eliminación 9 675 9 1983,4260,4287,4564,5196,5525,5551,5625,7692,	
alterar 2 675 2 1975,7684,	
(Cmáx) 1 675 1 4715,	
verapamilo 2 675 2 1973,7682,	
ciclosporina 2 675 2 1971,7680,	
ejemplo 4 675 4 1970,1995,7679,7704,	
Pgp 2 675 2 1968,7677,	
P-gp 2 675 2 1960,7669,	
sustrato 2 675 2 1957,7666,	
demostrado 8 675 8 1951,3700,4167,5021,5104,7660,9409,9875,	
Durante 2 675 2 1926,7635,	
Juan) 2 675 2 1917,7626,	
San 2 675 2 1916,7625,	
hierba 2 675 2 1914,7623,	
poblacional 3 675 3 4343,4405,4430,	
hipérico 2 675 2 1912,7621,	
fenobarbital 2 675 2 1911,7620,	
rifampicina 2 675 2 1910,7619,	
inductores 2 675 2 1903,7612,	
estrecho 2 675 2 1891,7600,	
control 2 675 2 1890,7599,	
requeriría 2 675 2 1888,7597,	
farmacocinética 3 675 3 4429,4462,4507,	
fueran 2 675 2 1885,7594,	
combinaciones 2 675 2 1884,7593,	
concentraciones 4 675 4 1875,4236,4581,7584,	
rareza 2 675 2 4061,9769,	
metabolismo 6 675 6 1871,2724,4230,4246,7580,8433,	
disminuir 4 675 4 1869,1919,7578,7628,	
claritromicina 2 675 2 1867,7576,	
ritonavir 2 675 2 1865,7574,	
ketoconazol 2 675 2 1863,7572,	
isoenzima 3 675 3 1860,4221,7569,	
Después 1 675 1 5015,	
inhiben 2 675 2 1858,7567,	
coadministración 4 675 4 1854,1901,7563,7610,	
principalmente 2 675 2 1845,7554,	
metaboliza 2 675 2 1844,7553,	
vivo 6 675 6 1840,3711,4671,4897,7549,9420,	
in 10 675 10 1839,3707,3710,4670,4893,4896,5295,7548,9416,9419,	
interacciones 2 675 2 1838,7547,	
estudios 9 675 9 1836,2309,4669,4827,4902,4912,4921,7545,8018,	
sustancias 4 675 4 1828,1856,7537,7565,	
leucopenia 2 675 2 2671,8380,	
Efecto 2 675 2 1825,7534,	
interacción 4 675 4 1824,1993,7533,7702,	
Producto 2 675 2 4102,9810,	
formas 2 675 2 1822,7531,	
Interacción 2 675 2 1815,7524,	
potasio"" 2 675 2 1811,7521,	
""exento 2 675 2 1809,7519,	
esencialmente 2 675 2 1808,7518,	
vial; 2 675 2 1805,7515,	
fatiga/astenia 2 675 2 3434,9143,	
transitorios 2 675 2 3031,8740,	
mg) 2 675 2 1801,7511,	
(39 2 675 2 1800,7510,	
mmol 2 675 2 1799,7509,	
reproducción 1 675 1 4955,	
informar 4 675 4 1784,2170,7494,7879,	
embarazo 16 675 16 1781,2032,2052,2060,2071,2097,2167,2221,7491,7741,7761,7769,7780,7806,7876,7930,	
prolongar 4 675 4 1767,2149,7477,7858,	
finalizar 4 675 4 1759,2141,7469,7850,	
después 21 675 21 1757,1773,2139,2155,2243,2284,3276,3288,3778,4545,4723,4747,7467,7483,7848,7864,7952,7993,8985,8997,9487,	
meses 17 675 17 1756,1772,2138,2154,2283,3903,3924,3971,5014,7466,7482,7847,7863,7992,9612,9633,9680,	
mantener 4 675 4 1750,2132,7460,7841,	
Además 4 675 4 1746,2128,7456,7837,	
anticonceptivas 8 675 8 1741,1753,2121,2135,7451,7463,7830,7844,	
fértil 4 675 4 1737,2117,7447,7826,	
mujeres 9 675 9 1734,1748,2114,2130,5592,7444,7458,7823,7839,	
varones 8 675 8 1731,1765,2111,2147,7441,7475,7820,7856,	
alcohol 4 675 4 1725,1936,7435,7645,	
secciones 2 675 2 1711,7421,	
26 6 675 6 2801,3461,3864,8510,9170,9573,	
contraindicada 4 675 4 1697,2275,7407,7984,	
específicamente 2 675 2 1696,7406,	
Está 2 675 2 1695,7405,	
atenuados 2 675 2 1694,7404,	
vivos 4 675 4 1693,3985,7403,9694,	
microorganismos 2 675 2 1692,7402,	
contengan 2 675 2 1691,7401,	
vacunas 2 675 2 1689,7399,	
0-3 2 675 2 3927,9636,	
combinación 4 675 4 1681,2511,7391,8220,	
convulsiones 2 675 2 1676,7386,	
exacerbación 2 675 2 1673,7383,	
producir 4 675 4 1671,2043,7381,7752,	
última 2 675 2 1669,7379,	
absorción 2 675 2 1666,7376,	
fenitoína 4 675 4 1662,1686,7372,7396,	
reducir 4 675 4 1623,1664,7333,7374,	
180 1 675 1 4289,	
posibilidad 6 675 6 1621,2189,2225,7331,7898,7934,	
transcripción 2 675 2 3678,9387,	
requiere 2 675 2 1610,7320,	
posible 7 675 7 1608,2077,4068,5508,7318,7786,9776,	
5) 6 675 6 1603,1716,1729,7313,7426,7439,	
AST/ALT 4 675 4 2486,3027,8195,8736,	
CYP3A4 4 675 4 1599,1849,7309,7558,	
enzima 4 675 4 1598,1907,7308,7616,	
potentes 4 675 4 1595,1904,7305,7613,	
inhibidores 4 675 4 1594,1965,7304,7674,	
evitarse 6 675 6 1587,1718,1932,7297,7428,7641,	
Debe 5 675 5 1586,1717,5259,7296,7427,	
Otros 2 675 2 1585,7295,	
lugar 8 675 8 1582,2749,2760,4818,4847,7292,8458,8469,	
potencialmente 3 675 3 1578,5536,7288,	
reacción 5 675 5 1577,2757,4842,7287,8466,	
presentar 2 675 2 1575,7285,	
periférica 3 675 3 1571,5451,7281,	
aparecen 2 675 2 3272,8981,	
administra 6 675 6 1562,2049,2092,7272,7758,7801,	
realice 2 675 2 1548,7258,	
punto 3 675 3 1538,5035,7248,	
Reacciones 10 675 10 1535,2357,2534,2622,2778,7245,8066,8243,8331,8487,	
reducción 4 675 4 1527,3862,7237,9571,	
ALT 10 675 10 1518,3095,3129,3152,3214,7228,8804,8838,8861,8923,	
AST 10 675 10 1517,3091,3127,3150,3216,7227,8800,8836,8859,8925,	
goma 1 675 1 5166,	
alanina 6 675 6 1495,2770,3043,7205,8479,8752,	
reversibles 2 675 2 1486,7196,	
agudos 2 675 2 1485,7195,	
incrementos 19 675 19 1484,1512,2481,3030,3122,3212,3244,3486,3507,4799,7194,7222,8190,8739,8831,8921,8953,9195,9216,	
mayoría 6 675 6 1477,3103,3168,7187,8812,8877,	
(PFH) 2 675 2 1474,7184,	
pruebas 3 675 3 1469,4802,7179,	
Anomalías 2 675 2 1466,7176,	
incrementar 6 675 6 1461,1651,1873,7171,7361,7582,	
estatinas) 2 675 2 1457,7167,	
ej 4 675 4 1456,1909,7166,7618,	
(p 6 675 6 1455,1908,3940,7165,7617,9649,	
medicamentos 9 675 9 1451,1638,1819,5554,5651,7161,7348,7528,9890,	
concomitante 12 675 12 1445,1590,1644,1658,1721,1963,7155,7300,7354,7368,7431,7672,	
administran 4 675 4 1442,1637,7152,7347,	
precaución 7 675 7 1439,1634,2011,5541,7149,7344,7720,	
completo 2 675 2 1433,7143,	
recupere 2 675 2 1431,7141,	
Asimismo 10 675 10 1419,1776,1899,2162,3057,7129,7486,7608,7871,8766,	
diálisis 2 675 2 1418,7128,	
orina 4 675 4 1416,4329,4544,7126,	
parenteral 2 675 2 1412,7122,	
hidratación 2 675 2 1411,7121,	
apoyo 4 675 4 1409,3619,7119,9328,	
medidas 22 675 22 1407,1437,1632,1740,1752,1769,2009,2120,2134,2151,3617,7117,7147,7342,7450,7462,7479,7718,7829,7843,7860,9326,	
establecer 2 675 2 1404,7114,	
presentara 2 675 2 1400,7110,	
Como 2 675 2 1393,7103,	
extracción 1 675 1 4391,	
estrechamente 6 675 6 1388,2089,3610,7098,7798,9319,	
monitorizar 2 675 2 1387,7097,	
experimentar 2 675 2 1380,7090,	
pueda 4 675 4 1379,4089,7089,9797,	
media 2 675 2 4306,4324,	
adversos 4 675 4 2514,2606,8223,8315,	
prueba 2 675 2 1367,7077,	
anomalías 2 675 2 1363,7073,	
transaminasas 2 675 2 3174,8883,	
mielotoxicidad 2 675 2 1362,7072,	
asociaron 2 675 2 1360,7070,	
proteínas 3 675 3 3679,4184,9388,	
generalmente 2 675 2 1358,7068,	
rabdomiolisis 14 675 14 1356,1401,1454,1465,2533,3458,3515,7066,7111,7164,7175,8242,9167,9224,	
Raramente 2 675 2 1350,7060,	
variabilidad 2 675 2 4400,4417,	
LSN) 2 675 2 1332,7042,	
10 8 675 8 1330,2974,3994,4710,4762,5731,7040,8683,	
(> 2 675 2 1329,7039,	
graves 9 675 9 1325,1364,2046,3298,4815,7035,7074,7755,9007,	
elevaciones 12 675 12 1324,3060,3145,3171,3228,3468,7034,8769,8854,8880,8937,9177,	
Rabdomiolisis 2 675 2 1322,7032,	
antiemético 2 675 2 1315,7025,	
incluidos 5 675 5 2386,2409,4471,8095,8118,	
profiláctico 2 675 2 1314,7024,	
Todos 2 675 2 1308,7018,	
activo 2 675 2 1304,7014,	
IC 2 675 2 3890,9599,	
inmediatamente 5 675 5 1299,5046,5053,5619,7009,	
iniciará 2 675 2 1298,7008,	
inmediato 9 675 9 1293,1406,1788,2174,5520,7003,7116,7498,7883,	
presenten 2 675 2 1286,6996,	
posteriormente 2 675 2 1272,6982,	
fluconazol 2 675 2 1864,7573,	
basal) 2 675 2 1261,6971,	
(momento 2 675 2 1260,6970,	
recuento 2 675 2 1252,6962,	
leucocitaria 2 675 2 1250,6960,	
fórmula 2 675 2 1249,6959,	
incluyan 2 675 2 1248,6958,	
completos 2 675 2 1246,6956,	
hemogramas 2 675 2 1245,6955,	
asociados 8 675 8 1237,1452,1639,3513,6947,7162,7349,9222,	
abundancia 1 675 1 5623,	
neutropenia 16 675 16 1229,2479,2521,2798,2812,2827,2849,2864,6939,8188,8230,8507,8521,8536,8558,8573,	
casos 10 675 10 1227,1354,2525,3106,3350,6937,7064,8234,8815,9059,	
frecuencia 6 675 6 1226,2502,2619,6936,8211,8328,	
notificado 8 675 8 1224,1353,1483,2325,6934,7063,7193,8034,	
Se 23 675 23 1222,1242,1434,1629,2247,2487,2847,3564,3698,3995,4676,4821,5374,6932,6952,7144,7339,7956,8196,8556,9273,9407,9703,	
utilizar 15 675 15 1203,1336,1739,2119,2303,2319,2353,5438,6913,7046,7449,7828,8012,8028,8062,	
monitorizarse 4 675 4 1194,2099,6904,7808,	
estrecha 5 675 5 1159,1613,4613,6869,7323,	
monitorización 5 675 5 1158,1612,4612,6868,7322,	
someterse 2 675 2 1155,6865,	
activa 2 675 2 1153,6863,	
crónica 2 675 2 1152,6862,	
hepatitis 2 675 2 1151,6861,	
clínicamente 3 675 3 1148,4237,6858,	
hepatopatías 2 675 2 1147,6857,	
razón 2 675 2 1143,6853,	
consecuentemente 2 675 2 1136,6846,	
aumente 2 675 2 1126,6836,	
debido 6 675 6 1121,1937,4058,6831,7646,9766,	
iniciar 6 675 6 1113,1257,3278,6823,6967,8987,	
respecto 2 675 2 1103,6813,	
Insuficiencia 6 675 6 1094,1187,4466,4570,6804,6897,	
Advertencias 2 675 2 1088,6798,	
amarilla 4 675 4 1081,1709,6791,7419,	
vacuna 4 675 4 1077,1705,6787,7415,	
ajuste 2 675 2 1166,6876,	
combinado 2 675 2 1074,6784,	
Lactancia 4 675 4 1067,2246,6777,7955,	
controlada 2 675 2 1065,6775,	
concurrente 2 675 2 1061,6771,	
Infección 4 675 4 1060,2735,6770,8444,	
Hipersensibilidad 2 675 2 1049,6759,	
Contraindicaciones 2 675 2 1047,6757,	
dilución 6 675 6 1033,5101,5320,5569,5578,6743,	
reconstitución 7 675 7 1031,5018,5088,5258,5567,5575,6741,	
instrucciones 2 675 2 1028,6738,	
Ver 2 675 2 1026,6736,	
moderada 2 675 2 1025,6735,	
reacciones 25 675 25 2103,2345,2438,2454,2465,2490,2504,2537,2570,2597,2942,3341,4813,7812,8054,8147,8163,8174,8199,8213,8246,8279,8306,8651,9050,	
leve 2 675 2 1023,6733,	
1/100) 2 675 2 2564,8273,	
ajustes 2 675 2 1015,6725,	
2) 16 675 16 1010,1186,1218,1282,1321,1349,1534,1559,6720,6896,6928,6992,7031,7059,7244,7269,	
farmacocinéticas 4 675 4 1003,4112,6713,9820,	
características 2 675 2 1002,6712,	
Considerando 2 675 2 1000,6710,	
locales 2 675 2 4814,5649,	
ml/min) 3 675 3 983,4500,6693,	
(aclaramiento 2 675 2 978,6688,	
grave 8 675 8 977,1062,1579,4788,4844,6687,6772,7289,	
renal 18 675 18 966,976,1022,1188,1373,2426,2531,4261,4467,4482,4559,6676,6686,6732,6898,7083,8135,8240,	
4) 14 675 14 962,999,1085,1898,1946,2161,3120,6672,6709,6795,7607,7655,7870,8829,	
elevados 6 675 6 950,1174,1506,6660,6884,7216,	
Los 28 675 28 946,1096,1170,1283,1509,1730,1947,2338,2604,3121,3211,3267,4623,4654,4703,4781,6656,6806,6880,6993,7219,7440,7656,8047,8313,8830,8920,8976,	
hepatotoxicidad 11 675 11 945,1140,1641,1655,1940,4772,6655,6850,7351,7365,7649,	
riesgo 12 675 12 943,1138,1463,1653,2078,3868,6653,6848,7173,7363,7787,9577,	
aumentar 3 675 3 941,4599,6651,	
sistémica 9 675 9 937,1129,1922,4115,4602,6647,6839,7631,9823,	
marcada 2 675 2 4299,4552,	
incremente 4 675 4 934,1135,6644,6845,	
probable 5 675 5 931,1119,4948,6641,6829,	
sea 6 675 6 920,3622,4107,6630,9331,9815,	
adoptar 2 675 2 914,6624,	
aconseja 2 675 2 913,6623,	
obstante 7 675 7 911,2034,2322,4864,6621,7743,8031,	
menor 4 675 4 904,3650,6614,9359,	
inicio 4 675 4 903,2870,6613,8579,	
recomendar 2 675 2 899,6609,	
dispone 11 675 11 895,2020,3565,3596,3996,4513,6605,7729,9274,9305,9704,	
disfunción 2 675 2 889,6599,	
propuesto 2 675 2 885,6595,	
hepática 24 675 24 876,890,909,1095,1110,1125,1370,1473,2529,3329,3590,4571,4597,6586,6600,6619,6805,6820,6835,7080,7183,8238,9038,9299,	
insuficiencia 18 675 18 875,908,965,975,1021,1124,1372,2530,4558,4596,6585,6618,6675,6685,6731,6834,7082,8239,	
rutinaria 2 675 2 872,6582,	
únicamente 2 675 2 865,6575,	
función 11 675 11 864,1109,1369,1472,4481,4661,4804,6574,6819,7079,7182,	
ajustar 6 675 6 860,922,4972,4979,6570,6632,	
afectados 2 675 2 850,6561,	
necesitar 2 675 2 1525,7235,	
vean 2 675 2 849,6560,	
distribución 9 675 9 844,1977,4159,4176,4205,6555,7686,9867,9884,	
volumen 6 675 6 842,4173,4203,5354,6553,9881,	
plasmático 6 675 6 839,4346,4408,4444,4590,6550,	
aclaramiento 13 675 13 838,1190,1209,4345,4360,4407,4443,4489,4520,4589,6549,6900,6919,	
perfil 6 675 6 830,2366,4148,6541,8075,9856,	
diferencias 4 675 4 826,3947,6537,9656,	
observaron 12 675 12 825,3059,3202,3243,3467,3485,6536,8768,8911,8952,9176,9194,	
población 5 675 5 820,993,4282,6531,6703,	
edad 11 675 11 817,853,869,1736,2116,4435,6528,6564,6579,7446,7825,	
años 2 675 2 815,6526,	
astenia 4 675 4 2331,2748,8040,8457,	
65 2 675 2 814,6525,	
repetidas 1 675 1 4926,	
tenían 2 675 2 811,6522,	
integrado 2 675 2 810,6521,	
análisis 12 675 12 807,2821,2907,2993,3847,4427,4574,6518,8530,8616,8702,9556,	
89) 1 675 1 4358,	
93 2 675 2 2950,8659,	
164 2 675 2 804,6515,	
% 112 675 112 800,2433,2449,2497,2575,2627,2792,2802,2806,2839,2842,2854,2859,2888,2892,2925,2929,2937,2951,2961,2975,2979,3011,3015,3049,3053,3070,3074,3135,3139,3158,3162,3197,3238,3257,3308,3336,3358,3363,3371,3376,3393,3410,3424,3428,3444,3462,3480,3501,3520,3544,3866,3980,4192,4319,4335,4414,4423,4533,6511,8142,8158,8206,8284,8336,8501,8511,8515,8548,8551,8563,8568,8597,8601,8634,8638,8646,8660,8670,8684,8688,8720,8724,8758,8762,8779,8783,8844,8848,8867,8871,8906,8947,8966,9017,9045,9067,9072,9080,9085,9102,9119,9133,9137,9153,9171,9189,9210,9229,9253,9575,9689,	
general 2 675 2 797,6508,	
soporte 2 675 2 1303,7013,	
específicos 4 675 4 792,1102,6503,6812,	
realizado 15 675 15 790,880,970,1835,2308,3758,4901,4911,5091,6501,6590,6680,7544,8017,9467,	
ancianos 4 675 4 786,795,6497,6506,	
disponga 2 675 2 781,6492,	
adolescentes 2 675 2 777,6488,	
3) 6 675 6 2085,2178,2293,7794,7887,8002,	
utilizarse 10 675 10 773,990,1501,2057,5205,5260,6484,6700,7211,7766,	
Por 11 675 11 767,855,891,1141,1374,4386,6478,6565,6601,6851,7084,	
todavía 2 675 2 766,6477,	
establecido 4 675 4 765,1988,6476,7697,	
utilización 2 675 2 756,6467,	
seguridad 12 675 12 751,809,832,2368,3748,4622,4858,6462,6520,6543,8077,9457,	
pediátricos 4 675 4 749,761,6460,6472,	
Pacientes 8 675 8 748,785,873,963,6459,6496,6583,6673,	
(24 2 675 2 2639,8348,	
especiales 9 675 9 747,916,1091,4425,5118,5194,6458,6626,6801,	
múltiples 3 675 3 742,4831,6453,	
observado 4 675 4 731,4929,5656,6442,	
(en 1 675 1 4672,	
han 29 675 29 730,789,879,969,1223,1352,1482,1834,1950,2307,2488,2593,4450,4666,4900,4910,5655,6441,6500,6589,6679,6933,7062,7192,7543,7659,8016,8197,8302,	
No 37 675 37 728,787,833,877,910,967,1200,1333,1677,1832,2018,2033,2258,2305,2321,3944,4448,4511,4898,4908,5653,6439,6498,6544,6587,6620,6677,6910,7043,7387,7541,7727,7742,7967,8014,8030,9653,	
38 6 675 6 726,3048,3361,6437,8757,9070,	
utilizado 5 675 5 724,2594,5629,6435,8303,	
régimen 7 675 7 721,884,3960,4679,6432,6594,9669,	
Tratamiento 2 675 2 1073,6783,	
Este 7 675 7 720,1793,4044,4371,6431,7503,9752,	
propuestas 2 675 2 719,6430,	
pauta 6 675 6 718,2398,4021,6429,8107,9729,	
habían 4 675 4 3107,3115,8816,8824,	
tratados 10 675 10 712,956,1180,2391,3874,6423,6666,6890,8100,9583,	
%) 13 675 13 710,3993,4273,4321,4338,5337,5350,5406,5417,5478,5489,6421,9702,	
(29 2 675 2 708,6419,	
c/ 2 675 2 3883,9592,	
569 4 675 4 707,2384,6418,8093,	
siguió 2 675 2 2865,8574,	
168 2 675 2 705,6416,	
Dolor 2 675 2 2680,8389,	
administrado 2 675 2 698,6409,	
continuó 2 675 2 688,6399,	
El 24 675 24 686,1189,1656,2230,2820,2906,2992,3076,3846,4147,4202,5353,5556,5605,6397,6899,7366,7939,8529,8615,8701,8785,9555,9855,	
número 3 675 3 682,4931,6393,	
predefinidos 2 675 2 678,6389,	
hubo 2 675 2 676,6387,	
clínicos 9 675 9 674,2023,2389,2634,4475,6385,7732,8098,8343,	
ensayos 17 675 17 673,791,881,971,2388,2633,4005,4024,4474,6384,6502,6591,6681,8097,8342,9713,9732,	
Duración 2 675 2 668,6379,	
contribuir 1 675 1 4244,	
suspensión 2 675 2 665,6376,	
considerarse 6 675 6 663,1619,2223,6374,7329,7932,	
reduciendo 2 675 2 659,6370,	
seguir 2 675 2 658,6369,	
podría 6 675 6 647,940,1868,6358,6650,7577,	
beneficio 4 675 4 643,692,6354,6403,	
muestre 2 675 2 641,6352,	
reaparece 2 675 2 632,6343,	
relevantes 5 675 5 827,1149,4238,6538,6859,	
toxicidades 12 675 12 631,732,1384,1616,1894,3579,6342,6443,7094,7326,7603,9288,	
Poblaciones 3 675 3 744,4424,6455,	
escalado 2 675 2 620,6331,	
realizar 9 675 9 618,1014,1164,1244,5426,6329,6724,6874,6954,	
indica 1 675 1 4555,	
recomienda 8 675 8 617,859,1013,1679,6328,6569,6723,7389,	
reducido 2 675 2 612,6323,	
Cuando 4 675 4 607,1560,6318,7270,	
proporcionar 6 675 6 2204,2227,2590,7913,7936,8299,	
cansancio) 2 675 2 606,6317,	
vómitos 12 675 12 605,1307,2477,3344,3354,3384,6316,7017,8186,9053,9063,9093,	
(como 2 675 2 603,6314,	
adverso 2 675 2 597,6308,	
Cualquier 2 675 2 594,6305,	
21 2 675 2 592,6303,	
día 2 675 2 591,6302,	
recuperado 2 675 2 588,6299,	
ALT) 2 675 2 578,6289,	
dichas 2 675 2 3065,8774,	
(AST 2 675 2 576,6287,	
aminotransferasas 2 675 2 575,6286,	
niveles 28 675 28 573,949,1173,1390,1489,1505,1515,2484,3025,3183,3471,3489,3510,4687,4704,6284,6659,6883,7100,7199,7215,7225,8193,8734,8892,9180,9198,9219,	
y/o 6 675 6 561,1371,1981,6272,7081,7690,	
> 8 675 8 559,564,579,1342,6270,6275,6290,7052,	
valores 9 675 9 556,2601,3082,3268,4496,6267,8310,8791,8977,	
Incremento 6 675 6 553,570,2647,6264,6281,8356,	
Trombocitopenia 4 675 4 547,2884,6258,8593,	
infección 4 675 4 545,2883,6256,8592,	
fiebre 10 675 10 543,1080,1287,1708,2881,6254,6790,6997,7418,8590,	
asociada 4 675 4 541,2879,6252,8588,	
hepatocelular 1 675 1 4807,	
días 10 675 10 539,3087,3098,3191,3210,6250,8796,8807,8900,8919,	
duración 6 675 6 535,3811,3836,6246,9520,9545,	
semanas)] 2 675 2 2642,8351,	
< 18 675 18 532,548,981,1212,2555,2563,2857,2927,2935,6243,6259,6691,6922,8264,8272,8566,8636,8644,	
Neutropenia 8 675 8 531,1219,2668,2788,6242,6929,8377,8497,	
reducirse 4 675 4 522,648,6233,6359,	
deberá 8 675 8 521,1618,2222,5042,5517,6232,7328,7931,	
momento 4 675 4 515,2970,6226,8679,	
síntomas 2 675 2 3313,9022,	
acontecimientos 4 675 4 512,3671,6223,9380,	
produzca 4 675 4 507,2196,6218,7905,	
anteriormente 4 675 4 501,1397,6212,7107,	
definidos 2 675 2 500,6211,	
basales 2 675 2 499,6210,	
preclínicos 4 675 4 1949,4620,4625,7658,	
cumplir 4 675 4 496,1099,6207,6809,	
repetición 2 675 2 478,6189,	
acumuladas 2 675 2 733,6444,	
cumpla 2 675 2 474,6185,	
paciente 10 675 10 473,639,1378,1429,2075,6184,6350,7088,7139,7784,	
3-4 14 675 14 469,3387,3404,3419,3437,3453,3529,6180,9096,9113,9128,9146,9162,9238,	
grado 56 675 56 468,599,1233,2442,2460,2471,2814,2817,2900,2903,3033,3062,3111,3124,3147,3178,3249,3252,3265,3386,3403,3418,3436,3452,3476,3493,3528,3559,6179,6310,6943,8151,8169,8180,8523,8526,8609,8612,8742,8771,8820,8833,8856,8887,8958,8961,8974,9095,9112,9127,9145,9161,9185,9202,9237,9268,	
toxicidad 11 675 11 466,614,2000,4616,4785,4829,4883,4923,6177,6325,7709,	
observe 2 675 2 465,6176,	
50 3 675 3 5347,5414,5486,	
administrará 2 675 2 457,6168,	
tratamientos 2 675 2 451,6162,	
vez 6 675 6 449,1276,2876,6160,6986,8585,	
controlarse 2 675 2 445,6156,	
deberán 8 675 8 444,1311,2007,2098,6155,7021,7716,7807,	
posteriores 5 675 5 443,636,5309,6154,6347,	
primeros 4 675 4 435,1267,6146,6977,	
semana 6 675 6 431,1263,3275,6142,6973,8984,	
CPK 16 675 16 429,1328,1341,1392,3456,3473,3491,3512,6140,7038,7051,7102,9165,9182,9200,9221,	
fosfatasa 6 675 6 425,562,1520,6136,6273,7230,	
embarazadas 1 675 1 5598,	
bilirrubina 14 675 14 424,558,952,1176,1508,3247,3271,6135,6269,6662,6886,7218,8956,8980,	
hematológicos 4 675 4 423,2783,6134,8492,	
anualmente 2 675 2 4082,9790,	
parámetros 4 675 4 422,1106,6133,6816,	
adicionales 4 675 4 419,3999,6130,9707,	
compuesto 1 675 1 4943,	
controles 2 675 2 418,6129,	
realizarse 2 675 2 417,6128,	
Deben 4 675 4 416,5204,5542,6127,	
Náuseas 4 675 4 1305,3343,7015,9052,	
retrasarse 2 675 2 402,6113,	
contrario 4 675 4 398,2364,6109,8073,	
caso 14 675 14 397,503,653,1162,1296,1880,3605,6108,6214,6364,6872,7006,7589,9314,	
En 51 675 51 396,452,502,652,671,796,818,1294,1475,1878,2004,2789,2799,2934,2972,3096,3254,3368,3389,3477,3497,3591,3604,3787,4022,4468,6107,6163,6213,6363,6382,6507,6529,7004,7185,7587,7713,8498,8508,8643,8681,8805,8963,9077,9098,9186,9206,9300,9313,9496,9730,	
Ajuste 2 675 2 481,6192,	
cumplirse 2 675 2 392,6103,	
repetir 4 675 4 388,490,6099,6201,	
Antes 5 675 5 386,488,5492,6097,6199,	
g/dl 2 675 2 384,6095,	
9 19 675 19 383,2496,3423,3438,3562,3970,4532,5333,5336,5402,5405,5474,5477,5717,6094,8205,9132,9271,9679,	
Hemoglobina 2 675 2 382,6093,	
(CPK) 2 675 2 377,6088,	
Creatina 2 675 2 375,6086,	
ml/min 5 675 5 373,1214,4527,6084,6924,	
máximo 4 675 4 406,3188,6117,8897,	
creatinina 12 675 12 371,980,1192,1211,2657,4491,4522,6082,6690,6902,6921,8366,	
Aclaramiento 2 675 2 369,6080,	
(AST) 6 675 6 363,1493,3039,6074,7203,8748,	
aspartato 6 675 6 361,1491,3037,6072,7201,8746,	
(ALT) 6 675 6 359,1497,3045,6070,7207,8754,	
aminotransferasa 16 675 16 358,362,427,1492,1496,2771,3038,3044,6069,6073,6138,7202,7206,8480,8747,8753,	
Alanina 2 675 2 357,6068,	
g/l 2 675 2 355,6066,	
Albúmina 2 675 2 353,6064,	
GGT) 2 675 2 351,6062,	
mascarilla 1 675 1 5586,	
5-nucleotidasa 2 675 2 349,6060,	
hepáticas 5 675 5 348,3297,4584,6059,9006,	
isoenzimas 2 675 2 347,6058,	
%- 1 675 1 4190,	
considerar 3 675 3 344,4397,6055,	
deben 41 675 41 343,391,495,954,1098,1154,1178,1243,1288,1386,1403,1435,1630,1738,1749,1766,2118,2131,2148,2350,5600,6054,6102,6206,6664,6808,6864,6888,6953,6998,7096,7113,7145,7340,7448,7459,7476,7827,7840,7857,8059,	
óseo 2 675 2 341,6052,	
respiratoria 1 675 1 4664,	
origen 2 675 2 340,6051,	
pudiera 2 675 2 337,6048,	
elevación 2 675 2 336,6047,	
(si 2 675 2 334,6045,	
LSN 14 675 14 333,367,380,560,568,583,1345,6044,6078,6091,6271,6279,6294,7055,	
alcalina 8 675 8 330,426,563,1521,6041,6137,6274,7231,	
Fosfatasa 2 675 2 329,6040,	
(LSN) 2 675 2 327,6038,	
superior 4 675 4 323,536,6034,6247,	
límite 2 675 2 322,6033,	
Bilirrubina 2 675 2 321,6032,	
000/mm3 4 675 4 319,550,6030,6261,	
100 4 675 4 318,4030,6029,9738,	
plaquetas 4 675 4 317,1254,6028,6964,	
individual 2 675 2 4419,5368,	
- 39 675 39 314,320,328,346,356,368,374,381,385,546,551,552,569,593,1048,1059,1066,1072,3893,5081,6025,6031,6039,6057,6067,6079,6085,6092,6096,6257,6262,6263,6280,6304,6758,6769,6776,6782,9602,	
terapéutico 1 675 1 4649,	
500/mm3 4 675 4 313,533,6024,6244,	
(RAN) 2 675 2 311,6022,	
neutrófilos 2 675 2 310,6021,	
absoluto 2 675 2 308,6019,	
Recuento 4 675 4 307,315,6018,6026,	
criterios 14 675 14 306,395,415,476,498,867,1101,6017,6106,6126,6187,6209,6577,6811,	
siguientes 8 675 8 305,511,530,626,6016,6222,6241,6337,	
ó 8 675 8 601,1235,2462,3495,6312,6945,8171,9204,	
cumplan 4 675 4 303,413,6014,6124,	
mutagénico) 1 675 1 4946,	
trombocitopenia 12 675 12 1221,1231,2669,2898,2913,2946,6931,6941,8378,8607,8622,8655,	
permitir 2 675 2 294,6005,	
contenga 2 675 2 5392,5463,	
hematopoyética 1 675 1 4786,	
antieméticos 2 675 2 292,6003,	
además 2 675 2 290,6001,	
necesario 17 675 17 286,300,657,921,1163,2065,3623,4108,5355,5997,6011,6368,6631,6873,7774,9332,9816,	
fuera 6 675 6 285,656,2063,5996,6367,7772,	
Si 14 675 14 284,627,1604,2066,2090,2214,5047,5434,5995,6338,7314,7775,7799,7923,	
global 2 675 2 3952,9661,	
exposición 11 675 11 936,1128,1921,2026,4114,4601,6646,6838,7630,7735,9822,	
normalidad 2 675 2 326,6037,	
hepatoprotectores 2 675 2 283,5994,	
efectos 15 675 15 282,2183,2312,2513,2605,3571,4453,4655,4776,5993,7892,8021,8222,8314,9280,	
produce 10 675 10 281,1779,2165,2219,3692,5992,7489,7874,7928,9401,	
parece 4 675 4 279,834,5990,6545,	
antiemética 2 675 2 275,5986,	
profilaxis 2 675 2 274,5985,	
sólo 2 675 2 272,5983,	
dexametasona 4 675 4 267,1317,5978,7027,	
20 6 675 6 264,799,3138,5975,6510,8847,	
administrar 4 675 4 259,289,5970,6000,	
les 6 675 6 257,740,3818,5968,6451,9527,	
minutos 2 675 2 251,5962,	
30 10 675 10 250,372,982,1213,5028,5110,5961,6083,6692,6923,	
muestra 2 675 2 2568,8277,	
consumo 2 675 2 1934,7643,	
6) 8 675 8 249,1071,1792,3975,5960,6781,7502,9684,	
apartado 44 675 44 247,960,997,1008,1069,1083,1184,1216,1280,1319,1347,1532,1557,1601,1727,1790,1896,1944,2083,2159,2176,2291,5958,6670,6707,6718,6779,6793,6894,6926,6990,7029,7057,7242,7267,7311,7437,7500,7605,7653,7792,7868,7885,8000,	
(ver 46 675 46 246,959,996,1007,1068,1082,1183,1215,1279,1318,1346,1531,1556,1600,1710,1726,1789,1895,1943,2082,2158,2175,2290,5957,6669,6706,6717,6778,6792,6893,6925,6989,7028,7056,7241,7266,7310,7420,7436,7499,7604,7652,7791,7867,7884,7999,	
central 7 675 7 245,1555,4641,5433,5442,5956,7265,	
venosa 9 675 9 244,1554,1570,5432,5441,5450,5955,7264,7280,	
vía 11 675 11 243,269,1553,1569,5431,5440,5449,5954,5980,7263,7279,	
través 9 675 9 240,1550,1566,1847,5428,5951,7260,7276,7556,	
fármaco 6 675 6 238,4566,4605,5282,5580,5949,	
precauciones 4 675 4 915,1090,6625,6800,	
recomendable 4 675 4 233,1543,5944,7253,	
Es 6 675 6 231,1118,1541,5942,6828,7251,	
ciclos 51 675 51 230,436,442,455,518,529,625,635,684,703,727,743,1268,1278,1523,2823,2845,2862,2909,2932,2995,3018,3142,3165,3200,4832,5941,6147,6153,6166,6229,6240,6336,6346,6395,6414,6438,6454,6978,6988,7233,8532,8554,8571,8618,8641,8704,8727,8851,8874,8909,	
semanas 18 675 18 228,409,3287,3814,3839,3845,3885,3919,3966,5939,6120,8996,9523,9548,9554,9594,9628,9675,	
tres 2 675 2 227,5938,	
intervalo 3 675 3 225,4647,5936,	
horas 12 675 12 222,3809,3834,4129,4759,5029,5078,5111,5933,9518,9543,9837,	
24 16 675 16 221,2805,3808,3881,3916,3963,4128,4732,5077,5932,8514,9517,9590,9625,9672,9836,	
periodo 4 675 4 219,405,5930,6116,	
durante 45 675 45 217,403,432,485,699,1197,1264,1743,2030,2050,2058,2069,2123,2215,2276,2280,2346,3837,3880,3936,4127,4731,5109,5573,5928,6114,6143,6196,6410,6907,6974,7453,7739,7759,7767,7778,7832,7924,7985,7989,8055,9546,9589,9645,9835,	
eficaces 4 675 4 1742,2122,7452,7831,	
intravenosa 13 675 13 216,270,3806,3831,4123,4164,5203,5927,5981,9515,9540,9831,9872,	
mediante 7 675 7 214,3803,4487,4668,4755,5925,9512,	
administrados 4 675 4 213,685,5924,6396,	
corporal 3 675 3 212,5373,5923,	
superficie 3 675 3 211,5372,5922,	
98 1 675 1 4191,	
mg/m2 12 675 12 209,526,651,3800,3826,4145,5920,6237,6362,9509,9535,9853,	
5 55 675 55 208,332,365,379,538,566,581,709,1009,1344,1771,1812,1814,2084,2153,2177,3086,3362,3375,3625,3799,3928,3992,4109,4217,4333,4351,4617,4713,5144,5231,5265,5919,6043,6076,6090,6249,6277,6292,6420,6719,7054,7481,7523,7793,7862,7886,8795,9071,9084,9334,9508,9637,9701,9817,	
recomendada 4 675 4 204,2400,5915,8109,	
dosis 45 675 45 203,460,484,520,609,622,646,661,715,862,901,924,1017,1169,1530,1626,3796,3821,4134,4140,4296,4548,4754,4925,5367,5914,6171,6195,6231,6320,6333,6357,6372,6426,6572,6611,6634,6727,6879,7240,7336,9505,9530,9842,9848,	
citotóxicos 4 675 4 201,5555,5652,5912,	
agentes 2 675 2 200,5911,	
actualidad 2 675 2 3593,9302,	
especializados 2 675 2 195,5906,	
individuales 2 675 2 3314,9023,	
congénitos 2 675 2 2045,7754,	
sanitarios 2 675 2 194,5905,	
profesionales 2 675 2 193,5904,	
cualificados 2 675 2 189,5900,	
oncólogos 2 675 2 188,5899,	
limitarse 2 675 2 186,5897,	
Su 2 675 2 183,5894,	
niños 2 675 2 775,6486,	
quimioterapia 2 675 2 182,5893,	
experiencia 2 675 2 177,5888,	
médico 8 675 8 175,1291,1786,2172,5886,7001,7496,7881,	
supervisión 2 675 2 172,5883,	
administrarse 3 675 3 169,5518,5880,	
debe 44 675 44 168,185,258,401,662,772,989,1193,1202,1335,1420,1500,1783,1931,2056,2169,2203,4609,4988,5212,5324,5375,5455,5538,5558,5581,5617,5879,5896,5969,6112,6373,6483,6699,6903,6912,7045,7130,7210,7493,7640,7765,7878,7912,	
Mina 1 675 1 5703,	
efecto 3 675 3 596,4632,6307,	
x 9 675 9 366,567,582,1331,5366,6077,6278,6293,7041,	
administración 27 675 27 166,198,235,1039,1546,1589,1699,1962,2752,4118,4163,4293,4750,4849,5422,5495,5877,5909,5946,6749,7256,7299,7409,7671,8461,9826,9871,	
forma 12 675 12 164,871,1444,1643,3828,4120,5875,6581,7154,7353,9537,9828,	
reconstituirse 1 675 1 5213,	
Posología 2 675 2 162,5873,	
leiomiosarcoma 6 675 6 159,3764,4035,5870,9473,9743,	
liposarcoma 4 675 4 157,3762,5868,9471,	
datos 18 675 18 153,784,897,1948,2022,2381,3568,3998,4515,4624,5864,6495,6607,7657,7731,8090,9277,9706,	
fundamentalmente 2 675 2 151,5862,	
basa 4 675 4 150,3753,5861,9462,	
eficacia 8 675 8 148,753,3746,4001,5859,6464,9455,9709,	
náuseas 10 675 10 604,2475,2696,3352,3382,6315,8184,8405,9061,9091,	
La 50 675 50 147,202,694,750,1841,1961,2053,2179,2272,2565,2863,3167,3325,3644,3745,3954,4075,4113,4220,4247,4259,4274,4399,4528,4768,4888,5239,5286,5321,5512,5624,5702,5858,5913,6405,6461,7550,7670,7762,7888,7981,8274,8572,8876,9034,9353,9454,9663,9783,9821,	
productos 2 675 2 146,5857,	
dichos 2 675 2 145,5856,	
antineoplásico 1 675 1 5530,	
recibir 6 675 6 144,254,1312,5855,5965,7022,	
candidatos 2 675 2 142,5853,	
sean 2 675 2 141,5852,	
ifosfamida 4 675 4 136,3786,5847,9495,	
e 12 675 12 135,1872,2480,2732,3709,3785,5846,7581,8189,8441,9418,9494,	
antraciclinas 4 675 4 134,3784,5845,9493,	
fracasado 2 675 2 130,5841,	
haya 7 675 7 129,587,611,5090,5840,6298,6322,	
avanzado 4 675 4 125,3768,5836,9477,	
estadio 2 675 2 124,5835,	
blandos 4 675 4 122,2414,5833,8123,	
tejidos 4 675 4 121,2413,5832,8122,	
inyección 7 675 7 1540,1584,2762,4820,7250,7294,8471,	
sarcoma 8 675 8 119,2410,3730,4043,5830,8119,9439,9751,	
pacientes 141 675 141 117,155,263,494,711,735,746,760,794,805,822,887,906,927,947,973,995,1019,1097,1145,1171,1206,1284,1310,1339,1480,1503,1510,1573,2208,2238,2333,2339,2385,2436,2452,2500,2578,2630,2795,2809,2895,2940,2954,2964,2982,3056,3241,3260,3339,3366,3379,3396,3413,3431,3447,3465,3483,3504,3523,3613,3760,3794,3873,3983,4031,4038,4302,4470,4485,4517,4537,4594,4722,5828,5866,5974,6205,6422,6446,6457,6471,6505,6516,6533,6597,6616,6637,6657,6683,6705,6729,6807,6855,6881,6916,6994,7020,7049,7190,7213,7220,7283,7917,7947,8042,8048,8094,8145,8161,8209,8287,8339,8504,8518,8604,8649,8663,8673,8691,8765,8950,8969,9048,9075,9088,9105,9122,9140,9156,9174,9192,9213,9232,9322,9469,9503,9582,9692,9739,9746,	
tratamiento 77 675 77 115,132,296,390,400,438,480,487,492,667,670,687,1115,1199,1239,1259,1270,1301,1313,1423,1745,1761,1775,1928,2125,2143,2157,2193,2201,2217,2245,2278,2335,2348,2403,3101,3280,3780,4887,5826,5843,6007,6101,6111,6149,6191,6198,6203,6378,6381,6398,6825,6909,6949,6969,6980,7011,7023,7133,7455,7471,7485,7637,7834,7852,7866,7902,7910,7926,7954,7987,8044,8057,8112,8810,8989,9489,	
indicado 4 675 4 112,1396,5823,7106,	
sellado 1 675 1 5169,	
está 8 675 8 111,2234,2274,4198,5250,5822,7943,7983,	
(valores 1 675 1 4691,	
Yondelis 31 675 31 110,167,255,298,958,987,1117,1425,1498,1592,2127,2195,2370,4985,5150,5211,5526,5659,5821,5878,5966,6009,6668,6697,6827,7135,7208,7302,7836,7904,8079,	
terapéuticas 2 675 2 109,5820,	
Indicaciones 2 675 2 108,5819,	
	"4 2 675 2 106,5817,	
CLÍNICOS 2 675 2 105,5816,	
DATOS 3 675 3 104,4958,5815,	
4 97 675 97 103,160,602,961,998,1045,1070,1084,1086,1087,1185,1217,1236,1281,1320,1348,1533,1558,1602,1712,1715,1728,1791,1813,1897,1945,2012,2160,2292,2294,2355,2463,2818,2832,2904,2918,2990,3004,3063,3119,3148,3479,3496,3561,3844,3907,4499,4526,4714,5116,5785,5814,5871,6313,6671,6708,6755,6780,6794,6796,6797,6895,6927,6946,6991,7030,7058,7243,7268,7312,7422,7425,7438,7501,7522,7606,7654,7721,7869,8001,8003,8064,8172,8527,8541,8613,8627,8699,8713,8772,8828,8857,9188,9205,9270,9553,9616,	
blanquecino 2 675 2 102,5813,	
equilibrio 1 675 1 4207,	
o 50 675 50 101,137,158,350,540,544,577,701,1024,1053,1063,1866,1913,2882,3113,3180,3322,3763,3766,3776,3815,4096,4567,5292,5340,5409,5481,5613,5812,5848,5869,6061,6251,6255,6288,6412,6734,6763,6773,7575,7622,8591,8822,8889,9031,9472,9475,9485,9524,9804,	
blanco 2 675 2 100,5811,	
Polvo 2 675 2 99,5810,	
	Polvo 2 675 2 92,5803,	
FARMACÉUTICA 2 675 2 91,5802,	
FORMA 2 675 2 90,5801,	
afectación 2 675 2 2528,8237,	
3 72 675 72 89,408,600,854,1046,1234,1713,1755,2137,2282,2461,2815,2830,2901,2916,2924,2978,2988,3002,3010,3034,3069,3125,3266,3494,3543,3813,3833,3838,3884,3901,3923,3937,4004,4618,4758,4765,5006,5142,5800,6119,6311,6756,6944,7423,7465,7846,7991,8170,8524,8539,8610,8625,8633,8687,8697,8711,8719,8743,8778,8834,8975,9203,9252,9522,9542,9547,9593,9610,9632,9646,9712,	
6 29 675 29 87,248,700,1043,1044,2013,3370,3374,3865,4711,4957,4982,5003,5004,5005,5115,5141,5143,5191,5192,5798,5959,6411,6753,6754,7722,9079,9083,9574,	
sección 8 675 8 86,1042,3118,5002,5140,5797,6752,8827,	
mostraron 3 675 3 3224,4577,8933,	
ver 5 675 5 85,3117,5139,5796,8826,	
fosfoquinasa 4 675 4 376,2651,6087,8360,	
excipientes 5 675 5 84,1058,4964,5795,6768,	
destinada 1 675 1 5251,	
completa 4 675 4 82,4071,5793,9779,	
lista 2 675 2 81,5792,	
consultar 4 675 4 79,1289,5790,6999,	
Para 7 675 7 78,293,2589,5129,5789,6004,8298,	
necesarias 2 675 2 1886,7595,	
sacarosa 2 675 2 77,5788,	
límites 2 675 2 677,6388,	
g 2 675 2 75,5786,	
potasio 6 675 6 71,1803,4968,4977,5782,7513,	
Cada 5 675 5 65,5178,5186,5220,5776,	
Excipientes 2 675 2 64,5775,	
05 4 675 4 60,5247,5303,5771,	
alcalinización 2 675 2 1413,7123,	
reconstituida 7 675 7 57,5041,5288,5300,5323,5454,5768,	
ml 6 675 6 54,5232,5266,5394,5466,5765,	
trabectedina 110 675 110 52,63,695,758,847,1006,1052,1132,1182,1204,1241,1337,1446,1564,1628,1646,1660,1683,1701,1723,1831,1842,1877,1925,1930,1954,1980,2041,2054,2093,2180,2251,2266,2337,3535,3576,3603,3645,3703,3751,3802,4152,4170,4195,4210,4234,4248,4264,4298,4349,4362,4394,4410,4447,4465,4510,4551,4592,4629,4658,4707,4780,4889,4916,5185,5227,5306,5763,5774,6406,6469,6558,6716,6762,6842,6892,6914,6951,7047,7156,7274,7338,7356,7370,7393,7411,7433,7540,7551,7586,7634,7639,7663,7689,7750,7763,7802,7889,7960,7975,8046,9244,9285,9312,9354,9412,9460,9511,9860,9878,	
contiene 11 675 11 47,58,67,1795,5180,5188,5301,5759,5769,5778,7505,	
clínico 5 675 5 644,693,4648,6355,6404,	
vial 11 675 11 46,66,5155,5179,5190,5221,5275,5278,5378,5758,5777,	
completamente 1 675 1 5285,	
	Cada 2 675 2 45,5757,	
CUANTITATIVA 2 675 2 44,5756,	
Y 2 675 2 43,5755,	
(19-83 1 675 1 4436,	
CUALITATIVA 2 675 2 42,5754,	
COMPOSICIÓN 2 675 2 41,5753,	
2 44 675 44 40,68,161,331,352,364,378,525,565,580,1343,2853,2891,3161,3196,3253,3519,3905,3922,3926,3979,4110,4983,5079,5752,5872,6042,6075,6089,6236,6276,6291,7053,8562,8600,8870,8905,8962,9228,9614,9631,9635,9688,9818,	
l/h 1 675 1 4370,	
perfusión 30 675 30 39,98,215,3805,3830,3879,3915,3935,3962,4122,4756,5202,5219,5339,5352,5390,5408,5461,5480,5515,5751,5809,5926,9514,9539,9588,9624,9644,9671,9830,	
(IC 8 675 8 3904,3925,3972,3988,9613,9634,9681,9697,	
solución 18 675 18 37,56,96,5040,5240,5287,5299,5322,5328,5343,5382,5410,5453,5482,5513,5749,5767,5807,	
administraron 2 675 2 741,6452,	
concentrado 4 675 4 35,94,5747,5805,	
polvo 2 675 2 33,5745,	
mg 12 675 12 32,50,61,69,265,5183,5225,5744,5761,5772,5780,5976,	
25 12 675 12 31,49,354,549,3209,5031,5113,5182,5224,6065,6260,8918,	
	Yondelis 2 675 2 29,5742,	
MEDICAMENTO 4 675 4 28,3630,5741,9339,	
interrumpirse 2 675 2 1421,7131,	
NOMBRE 2 675 2 26,5739,	
PRODUCTO 1 675 1 24,	
DEL 4 675 4 23,27,5736,5740,	
grupo 8 675 8 2617,3877,3911,3932,8326,9586,9620,9641,	
CARACTERÍSTICAS 1 675 1 22,	
LAS 1 675 1 21,	
DE 10 675 10 20,3628,5686,5689,5711,5713,5719,5723,5733,9337,	
RESUMEN 1 675 1 19,	
I 2 675 2 18,5161,	
ANEXO 1 675 1 17,	
información 5 675 5 14,4070,4084,9778,9792,	
Toda 1 675 1 12,	
cardiovascular 2 675 2 4637,4662,	
91 2 675 2 2432,8141,	
medicamento 22 675 22 11,16,770,1035,1794,1942,2029,4045,4074,4087,5529,5571,5604,5627,6481,6745,7504,7651,7738,9753,9782,9795,	
Basica 1 675 1 9,	
	Información 1 675 1 8,	
persistió 2 675 2 690,6401,	
PERFUSION 1 675 1 7,	
SOL 1 675 1 6,	
POLVO 1 675 1 5,	
VIAL 1 675 1 4,	
1 79 675 79 3,25,53,74,88,107,207,312,524,650,803,1798,2495,2574,2626,2858,2928,2936,3014,3112,3157,3179,3250,3256,3307,3335,3392,3409,3427,3443,3500,3560,3632,3798,4143,4272,4683,4728,4736,4739,4740,4961,5464,5699,5738,5743,5760,5764,5799,5818,5918,6023,6235,6361,6514,7508,8204,8283,8335,8567,8637,8645,8723,8821,8866,8888,8959,8965,9016,9044,9101,9118,9136,9152,9209,9269,9341,9507,9851,	
25MG 1 675 1 2,	
0 23 675 23 1,30,48,59,73,3824,3888,3891,3894,3942,3990,5181,5223,5246,5302,5770,5784,9533,9597,9600,9603,9651,9699,	
YONDELIS 1 675 1 0,	
