	Prospectos 1 341 1 4843,	
sector 1 341 1 4737,	
profesionales 1 341 1 4735,	
médicos 1 341 1 4733,	
Esta 1 341 1 4727,	
--------------------------------------------------------------------------------------------------------------------------- 1 341 1 4726,	
Medicamentos 1 341 1 4719,	
2008 1 341 1 4700,	
Febrero 1 341 1 4699,	
aprobado 1 341 1 4697,	
6600 1 341 1 4691,	
6983 1 341 1 4690,	
filialas 1 341 1 4686,	
Vilniaus 1 341 1 4685,	
Lietuva 1 341 1 4681,	
371 1 341 1 4674,	
filile 1 341 1 4669,	
Rgas 1 341 1 4668,	
Latvija 1 341 1 4662,	
6951100 1 341 1 4661,	
+46 1 341 1 4659,	
46 1 341 1 4657,	
99 1 341 1 4656,	
+357 1 341 1 4653,	
Ltd 1 341 1 4650,	
K 1 341 1 4645,	
Finland 1 341 1 4644,	
i 1 341 1 4643,	
6241121 1 341 1 4642,	
02 1 341 1 4641,	
+39 1 341 1 4640,	
Suomessa/Amgen 1 341 1 4636,	
sivuliike 1 341 1 4635,	
Suomi/Finland 1 341 1 4627,	
Italia 1 341 1 4626,	
25939 1 341 1 4624,	
+42 1 341 1 4622,	
535 1 341 1 4619,	
+354 1 341 1 4618,	
Sími 1 341 1 4617,	
hf 1 341 1 4612,	
Vistor 1 341 1 4611,	
Slovenská 1 341 1 4609,	
+44 2 341 2 4605,4678,	
1767 1 341 1 4603,	
585 1 341 1 4602,	
Kingdom 2 341 2 4598,4664,	
United 2 341 2 4597,4663,	
d 1 341 1 4594,	
(0)8 1 341 1 4660,	
zdravila 1 341 1 4593,	
Limited 2 341 2 4591,4671,	
Slovenija 1 341 1 4589,	
74 2 341 2 4586,4587,	
301 1 341 1 4585,	
+4021 1 341 1 4584,	
88 1 341 1 4580,	
(0)1 1 341 1 4578,	
+33 1 341 1 4577,	
Tél 1 341 1 4576,	
Exim 1 341 1 4574,	
Mediplus 1 341 1 4573,	
France 1 341 1 4568,	
România 1 341 1 4567,	
+351 1 341 1 4564,	
00 2 341 2 4562,4582,	
600 1 341 1 4560,	
+34 1 341 1 4558,	
Lda 1 341 1 4556,	
Biofarmacêutica 1 341 1 4555,	
Portugal 1 341 1 4550,	
España 1 341 1 4549,	
3000 1 341 1 4548,	
22 2 341 2 4546,4654,	
+48 1 341 1 4545,	
210 1 341 1 4542,	
+30 1 341 1 4541,	
z 1 341 1 4538,	
Sp 1 341 1 4537,	
S 5 341 5 4534,4552,4570,4572,4630,	
Pharma 2 341 2 4533,4648,	
Genesis 2 341 2 4532,4647,	
Polska 1 341 1 4531,	
217 1 341 1 4530,	
50 1 341 1 4529,	
+43 1 341 1 4526,	
501 1 341 1 4524,	
5125 1 341 1 4523,	
372 1 341 1 4522,	
filiaal 1 341 1 4517,	
AG 4 341 4 4515,4615,4667,4684,	
Switzerland 4 341 4 4514,4614,4666,4683,	
Österreich 1 341 1 4512,	
23308000 1 341 1 4510,	
+47 1 341 1 4509,	
1490960 1 341 1 4507,	
(0)89 1 341 1 4506,	
+49 1 341 1 4505,	
GmbH 2 341 2 4501,4519,	
AMGEN 3 341 3 4500,4554,4592,	
Norge 1 341 1 4499,	
Deutschland 1 341 1 4498,	
76 2 341 2 4496,4655,	
(0) 2 341 2 4495,4527,	
+31 1 341 1 4494,	
39617500 1 341 1 4492,	
+45 1 341 1 4491,	
Tlf 1 341 1 4490,	
Sverige 2 341 2 4486,4646,	
AB 5 341 5 4485,4503,4634,4637,4652,	
af 1 341 1 4483,	
filial 2 341 2 4482,4638,	
Nederland 1 341 1 4480,	
Danmark 1 341 1 4479,	
Netherlands 1 341 1 4478,	
The 1 341 1 4477,	
773 1 341 1 4475,	
21 3 341 3 4474,4565,4701,	
+420 1 341 1 4472,	
+386 1 341 1 4600,	
Tel 18 341 18 4471,4493,4504,4508,4520,4525,4544,4557,4563,4583,4599,4604,4621,4639,4658,4672,4677,4687,	
Malta 1 341 1 4463,	
republika 2 341 2 4462,4610,	
Ceská 1 341 1 4461,	
8080711 1 341 1 4460,	
359(2) 1 341 1 4459,	
+ 4 341 4 4458,4521,4673,4688,	
Magyarország 1 341 1 4457,	
Belgique/Belgien 1 341 1 4456,	
(0)2 1 341 1 4454,	
7752711 1 341 1 4455,	
+32 1 341 1 4453,	
Tel/Tél 1 341 1 4452,	
v 1 341 1 4448,	
s 3 341 3 4444,4449,4465,	
Luxembourg/Luxemburg 1 341 1 4443,	
België/Belgique/Belgien 1 341 1 4442,	
Holder 1 341 1 4441,	
Marketing 1 341 1 4439,	
Comercialización 1 341 1 4438,	
Autorización 1 341 1 4436,	
dirigiéndose 1 341 1 4428,	
Ísland 1 341 1 4608,	
respecto 1 341 1 4424,	
solicitar 1 341 1 4421,	
Puede 1 341 1 4420,	
fabricante 1 341 1 4409,	
autorización 1 341 1 4405,	
presenta 1 341 1 4389,	
l-histidina 1 341 1 4373,	
	Composición 1 341 1 4349,	
ADICIONAL 1 341 1 4348,	
­ 1 341 1 4332,	
indica 1 341 1 4327,	
mes 1 341 1 4324,	
último 1 341 1 4321,	
CAD 1 341 1 4314,	
etiqueta 1 341 1 4309,	
r 1 341 1 4466,	
use 1 341 1 4293,	
interrumpir 1 341 1 4244,	
normalizarse 1 341 1 4241,	
suele 1 341 1 4240,	
digestivas) 1 341 1 4234,	
(enzimas 1 341 1 4233,	
sanguíneos 1 341 1 4228,	
presentado 1 341 1 4222,	
Algunos 1 341 1 4219,	
19 2 341 2 4218,4561,	
alérgicas 1 341 1 4217,	
(hiperpigmentación); 1 341 1 4213,	
zona 1 341 1 4209,	
oscurecimiento 1 341 1 4206,	
boca; 1 341 1 4204,	
(edema) 1 341 1 4199,	
Otros 1 341 1 4184,	
articular 1 341 1 4177,	
generalizada 1 341 1 4169,	
engrosamiento 1 341 1 4149,	
eritema); 1 341 1 4147,	
(prurito 1 341 1 4145,	
picor 1 341 1 4142,	
cutánea 1 341 1 4141,	
son 3 341 3 4138,4188,4370,	
pacientes) 1 341 1 4137,	
(más 1 341 1 4131,	
comunes 1 341 1 4130,	
igual 1 341 1 4109,	
EFECTOS 1 341 1 4106,	
POSIBLES 1 341 1 4105,	
agitarse 1 341 1 4103,	
seguidos 2 341 2 4037,4048,	
vena) 1 341 1 4033,	
kilogramo 1 341 1 4018,	
microgramos 1 341 1 4014,	
vena 1 341 1 4008,	
	Al 2 341 2 3992,4108,	
USAR 1 341 1 3990,	
CÓMO 1 341 1 3989,	
Conducción 1 341 1 3969,	
Consulte 1 341 1 3958,	
encuentra 1 341 1 3953,	
utilice 1 341 1 3949,	
presente 1 341 1 3943,	
cara 1 341 1 4202,	
embarazada 1 341 1 3937,	
quedarse 1 341 1 3936,	
piensa 1 341 1 3935,	
cree 1 341 1 3928,	
embarazada; 2 341 2 3926,3932,	
informar 1 341 1 3919,	
importante 1 341 1 3918,	
Es 1 341 1 3917,	
recientemente 1 341 1 3896,	
tomado 1 341 1 3895,	
Informe 1 341 1 3884,	
componentes 2 341 2 3869,4367,	
(hipersensible) 1 341 1 3861,	
alérgico 1 341 1 3860,	
tome 1 341 1 3854,	
	No 1 341 1 3853,	
UTILIZAR 1 341 1 3851,	
27 1 341 1 4581,	
ANTES 1 341 1 3849,	
propio 1 341 1 3842,	
(células 1 341 1 3839,	
autólogo 1 341 1 3834,	
precisan 1 341 1 3832,	
tipos 1 341 1 3826,	
determinados 1 341 1 3825,	
sangre) 2 341 2 3822,3847,	
(cánceres 1 341 1 3819,	
asociados 1 341 1 3810,	
boca) 1 341 1 3805,	
inflamación 4 341 4 3802,4168,4193,4198,	
Uso 1 341 1 3879,	
sequedad 1 341 1 3800,	
(dolor 1 341 1 3799,	
reducir 1 341 1 3789,	
además 1 341 1 3778,	
digestivo 1 341 1 3777,	
tracto 1 341 1 3776,	
recubre 1 341 1 3772,	
forman 1 341 1 3768,	
estimular 1 341 1 3758,	
actúa 1 341 1 3749,	
pequeñas 1 341 1 3747,	
cantidades 1 341 1 3746,	
organismo 2 341 2 3744,3843,	
sintetizado 1 341 1 3738,	
llamada 2 341 2 3721,3730,	
bacteria 1 341 1 3720,	
biotecnología 1 341 1 3717,	
activo 2 341 2 3709,4354,	
principio 2 341 2 3708,4353,	
18 2 341 2 3703,3905,	
mayores 1 341 1 3701,	
adultos 1 341 1 3700,	
UTILIZA 1 341 1 3694,	
SE 1 341 1 3693,	
PARA 1 341 1 3691,	
QUÉ 2 341 2 3687,3692,	
adicional 1 341 1 3685,	
Información 1 341 1 3684,	
Conservación 1 341 1 3680,	
Posibles 1 341 1 3676,	
Cómo 1 341 1 3672,	
p 1 341 1 4631,	
Contenido 1 341 1 3654,	
SRL 1 341 1 4575,	
informe 2 341 2 3648,4271,	
mencionado 2 341 2 3644,4267,	
aprecia 2 341 2 3639,4262,	
sufre 2 341 2 3634,4257,	
considera 2 341 2 3627,4250,	
tengan 1 341 1 3618,	
personas 2 341 2 3616,4123,	
dárselo 1 341 1 3613,	
le 1 341 1 3605,	
Este 2 341 2 3602,4692,	
farmacéutico 5 341 5 3601,3653,3889,3963,4276,	
consulte 1 341 1 3596,	
duda 1 341 1 3595,	
leerlo 1 341 1 3591,	
volver 1 341 1 3589,	
Conserve 1 341 1 3581,	
empezar 1 341 1 3576,	
Lea 1 341 1 3569,	
17 1 341 1 3560,	
específicas 1 341 1 3763,	
OTROS 1 341 1 3553,	
Titular 2 341 2 4402,4433,	
UNIDADES 1 341 1 3548,	
VOLUMEN 1 341 1 3545,	
PESO 1 341 1 3544,	
	Lot 1 341 1 3540,	
	 1 341 1 3530,	
IV 1 341 1 3525,	
VIAL 1 341 1 3512,	
ETIQUETA 1 341 1 3511,	
PRIMARIOS 1 341 1 3510,	
ACONDICIONAMIENTOS 1 341 1 3509,	
PEQUEÑOS 1 341 1 3508,	
INCLUIRSE 1 341 1 3506,	
MÍNIMA 1 341 1 3503,	
BRAILLE 1 341 1 3501,	
15 1 341 1 3494,	
GENERALES 1 341 1 3486,	
Lote 1 341 1 3483,	
NÚMERO 2 341 2 3480,3537,	
CORRESPONDA) 1 341 1 3450,	
(CUANDO 1 341 1 3449,	
SU 1 341 1 3447,	
DERIVADOS 1 341 1 3445,	
MATERIALES 1 341 1 3444,	
UTILIZADO 1 341 1 3441,	
ELIMINACIÓN 1 341 1 3437,	
PRECAUCIONES 1 341 1 3434,	
original 2 341 2 3413,4340,	
	Conservar 1 341 1 3404,	
CONSERVACIÓN 2 341 2 3403,4278,	
	CAD 2 341 2 3398,3535,	
CADUCIDAD 2 341 2 3397,3534,	
NECESARIO 1 341 1 3393,	
ES 2 341 2 3392,3688,	
SI 1 341 1 3391,	
ESPECIALES 3 341 3 3390,3401,3435,	
OTRAS 1 341 1 3388,	
vista 2 341 2 3383,4288,	
fuera 2 341 2 3377,4282,	
MANTENERSE 1 341 1 3375,	
prospecto 7 341 7 3361,3572,3583,3647,3656,4270,4693,	
ADMINISTRACIÓN 2 341 2 3351,3529,	
VÍA(S) 1 341 1 3349,	
	6 1 341 1 3339,	
ENVASE 1 341 1 3338,	
ácido 2 341 2 3329,4377,	
polisorbato 2 341 2 3326,4374,	
sacarosa 2 341 2 3325,4372,	
manitol 2 341 2 3324,4371,	
	L-Histidina 1 341 1 3323,	
EXCIPIENTES 1 341 1 3322,	
cambio 1 341 1 4158,	
Cada 3 341 3 3311,4357,4397,	
ACTIVO(S) 1 341 1 3310,	
PRINCIPIO(S) 1 341 1 3309,	
CARTONAJE 1 341 1 3293,	
caducidad 2 341 2 4300,4318,	
EXTERIOR 2 341 2 3292,3294,	
EMBALAJE 1 341 1 3291,	
EL 2 341 2 3290,3372,	
DEBE 3 341 3 3287,3374,3505,	
QUE 3 341 3 3286,3371,3504,	
13 2 341 2 3284,3479,	
PROSPECTO 2 341 2 3280,3559,	
ETIQUETADO 2 341 2 3278,3283,	
III 1 341 1 3277,	
procede 1 341 1 3275,	
LISTA 1 341 1 3320,	
SEGURA 1 341 1 3269,	
UTILIZACIÓN 1 341 1 3268,	
RELACIÓN 1 341 1 3265,	
Características 1 341 1 3254,	
Resumen 1 341 1 3251,	
Técnica 1 341 1 3249,	
LOTE 2 341 2 3482,3539,	
Ficha 1 341 1 3248,	
anexo 1 341 1 3246,	
(Ver 1 341 1 3245,	
restringida 1 341 1 3244,	
médica 2 341 2 3243,3493,	
prescripción 2 341 2 3242,3492,	
sujeto 2 341 2 3240,3490,	
AL 1 341 1 3232,	
IMPUESTAS 1 341 1 3231,	
USO 3 341 3 3230,3448,3497,	
DISPENSACIÓN 2 341 2 3228,3488,	
RESTRICCIONES 2 341 2 3226,3263,	
O 3 341 3 3225,3262,3546,	
lotes 1 341 1 3205,	
liberación 1 341 1 3202,	
responsables 1 341 1 3199,	
80503 1 341 1 3191,	
Road 1 341 1 3188,	
Nelson 1 341 1 3187,	
4000 1 341 1 3186,	
USA 2 341 2 3183,3192,	
80301 1 341 1 3182,	
Colorado 2 341 2 3181,3190,	
Boulder 1 341 1 3180,	
Boulevard 1 341 1 3179,	
Airport 1 341 1 3178,	
5550 1 341 1 3177,	
Inc 2 341 2 3176,3185,	
Amgen 26 341 26 3175,3184,3206,3462,4410,4446,4451,4464,4468,4481,4484,4487,4502,4513,4518,4536,4551,4569,4590,4613,4628,4633,4651,4665,4670,4682,	
biológico(s) 1 341 1 3174,	
activo(s) 1 341 1 3173,	
principio(s) 1 341 1 3172,	
fabricante(s) 2 341 2 3169,3198,	
los) 3 341 3 3168,3171,3197,	
dirección 2 341 2 3165,3195,	
Nombre 2 341 2 3163,3193,	
AUTORIZACIÓN(ES) 1 341 1 3153,	
CONDICIONES 6 341 6 3136,3217,3224,3261,3400,3485,	
LOTES 2 341 2 3134,3162,	
LOS 3 341 3 3133,3161,3443,	
LIBERACIÓN 2 341 2 3131,3159,	
n 1 341 1 4447,	
FABRICACIÓN 2 341 2 3127,3155,	
AUTORIZACIÓN(CIONES) 1 341 1 3125,	
TITULAR(ES) 2 341 2 3122,3150,	
BIOLÓGICA(S) 2 341 2 3120,3148,	
ACTIVA(S) 2 341 2 3119,3147,	
SUBSTANCIA(S) 2 341 2 3118,3146,	
LA(S) 4 341 4 3117,3124,3145,3152,	
FABRICANTE(S) 2 341 2 3115,3143,	
eu/ 2 341 2 3113,4725,	
europa 2 341 2 3112,4724,	
emea 2 341 2 3111,4723,	
//www 2 341 2 3110,4722,	
http 2 341 2 3109,4721,	
Europea 2 341 2 3105,4717,	
Agencia 2 341 2 3104,4716,	
web 2 341 2 3101,4713,	
página 2 341 2 3100,4712,	
disponible 2 341 2 3097,4709,	
detallada 2 341 2 3092,4704,	
TEXTO 1 341 1 3089,	
REVISIÓN 1 341 1 3087,	
10 3 341 3 3084,3433,4136,	
25/10/2005 1 341 1 3083,	
PRIMERA 1 341 1 3078,	
FECHA 4 341 4 3075,3085,3395,3532,	
EU/1/05/314/001 2 341 2 3073,3478,	
NÚMERO(S) 2 341 2 3067,3473,	
Holanda 4 341 4 3065,3215,3471,4419,	
4817 4 341 4 3062,3212,3468,4416,	
7061 4 341 4 3061,3211,3467,4415,	
Minervum 4 341 4 3060,3210,3466,4414,	
V 7 341 7 3059,3209,3465,3557,4413,4470,4489,	
B 10 341 10 3058,3135,3208,3216,3464,3556,3558,4412,4469,4488,	
Europe 5 341 5 3057,3207,3463,3555,4411,	
	Amgen 2 341 2 3056,3554,	
COMERCIALIZACIÓN 7 341 7 3055,3072,3141,3222,3238,3461,3477,	
AUTORIZACIÓN 8 341 8 3053,3070,3082,3139,3220,3236,3459,3475,	
LA 11 341 11 3052,3069,3077,3081,3130,3138,3158,3219,3235,3267,3458,	
TITULAR 3 341 3 3050,3233,3456,	
" 1 341 1 3048,	
EFICAZ 1 341 1 3271,	
normativa 1 341 1 3046,	
acuerdo 1 341 1 3043,	
realizará 1 341 1 3041,	
contacto 1 341 1 3037,	
hayan 1 341 1 3034,	
materiales 1 341 1 3032,	
utilizado 1 341 1 3027,	
caja 2 341 2 4305,4398,	
EN 6 341 6 3264,3289,3500,3507,3543,3547,	
desecharse 3 341 3 3021,4099,4842,	
dejado 3 341 3 3011,4089,4832,	
alcance 5 341 5 2996,3379,4072,4284,4817,	
observa 2 341 2 2985,4806,	
minutos 2 341 2 2960,4781,	
disuelve 2 341 2 2955,4776,	
Generalmente 2 341 2 2952,4773,	
vigorosamente 2 341 2 2949,4770,	
agitar 2 341 2 2948,4769,	
disolución 2 341 2 2946,4767,	
suavemente 2 341 2 2943,4764,	
removerse 2 341 2 2942,4763,	
lentamente 2 341 2 2933,4754,	
inyectarse 3 341 3 2932,4005,4753,	
diluyente 2 341 2 2930,4751,	
inyectables 3 341 3 2928,4002,4749,	
preparaciones 1 341 1 2927,	
agua 3 341 3 2925,4000,4747,	
ml 2 341 2 2923,4745,	
conservantes 1 341 1 2912,	
estéril 1 341 1 2910,	
producto 2 341 2 2909,4382,	
viales 4 341 4 2899,3340,4396,4401,	
plástico 1 341 1 2893,	
cápsula 1 341 1 2891,	
aluminio 1 341 1 2889,	
precinto 1 341 1 2887,	
5732500 1 341 1 4497,	
goma 1 341 1 2886,	
I) 1 341 1 2882,	
Tipo 1 341 1 2881,	
(vidrio 1 341 1 2880,	
envase 2 341 2 2871,4386,	
contenido 3 341 3 2869,2940,4761,	
Naturaleza 1 341 1 2867,	
protegerlo 3 341 3 2861,3415,4342,	
exterior 1 341 1 2859,	
embalaje 3 341 3 2858,3412,4339,	
congelar 3 341 3 2854,3408,4335,	
8°C) 2 341 2 2852,4333,	
(entre 1 341 1 2849,	
nevera 4 341 4 2848,3406,3424,4330,	
Conservar 5 341 5 2846,2855,3409,4328,4336,	
conservación 1 341 1 2845,	
Precauciones 2 341 2 2842,2902,	
protegido 3 341 3 2836,3006,4827,	
2°C 2 341 2 2833,2850,	
reconstitución 1 341 1 2829,	
aparece 1 341 1 4302,	
años 2 341 2 2825,3704,	
vitro 1 341 1 2818,	
in 1 341 1 2817,	
demostrado 1 341 1 2809,	
mezclarse 2 341 2 2773,3998,	
compatibilidad 1 341 1 2768,	
Incompatibilidades 1 341 1 2762,	
diluido 3 341 3 2759,3331,4379,	
clorhídrico 3 341 3 2758,3330,4378,	
Ácido 1 341 1 2757,	
Polisorbato 1 341 1 2755,	
29284 1 341 1 4675,	
Sacarosa 1 341 1 2754,	
Manitol 1 341 1 2753,	
L-Histidina 1 341 1 2752,	
	"6 1 341 1 2747,	
FARMACÉUTICOS 1 341 1 2746,	
neoplásicas 1 341 1 2739,	
rasH2 1 341 1 2729,	
transgénicos 1 341 1 2728,	
ratones 1 341 1 2727,	
carcinogénico 1 341 1 2725,	
evaluaba 1 341 1 2722,	
ligandos 1 341 1 2710,	
estimulados 1 341 1 2708,	
expresar 1 341 1 2701,	
secundarios 1 341 1 2695,	
tumores 1 341 1 2694,	
superior 1 341 1 2691,	
radioterapia 4 341 4 2687,3830,4043,4054,	
embargo 1 341 1 2680,	
Sin 1 341 1 2679,	
receptor 2 341 2 2667,2676,	
través 1 341 1 2665,	
postnatal 1 341 1 2651,	
peri- 1 341 1 2649,	
estudiado 2 341 2 2646,3913,	
AUC) 1 341 1 2628,	
(basadas 1 341 1 2625,	
NOAEL 1 341 1 2619,	
especies 1 341 1 2595,	
del(de 2 341 2 3170,3196,	
ausencia 2 341 2 2583,2764,	
alimento) 1 341 1 2578,	
sanitario 1 341 1 4738,	
corporal/consumo 1 341 1 2576,	
maternos 1 341 1 2568,	
respectivamente 3 341 3 2557,2616,2636,	
150 1 341 1 2555,	
500 2 341 2 2553,4476,	
fetal) 1 341 1 2549,	
reducción 2 341 2 2539,2546,	
postimplantación 1 341 1 2538,	
pérdidas 1 341 1 2537,	
(aumento 1 341 1 2534,	
embriofetal 1 341 1 2518,	
prevista 2 341 2 2511,2642,	
exposiciones 2 341 2 2500,2623,	
asociaron 2 341 2 2498,2621,	
(NOAEL) 1 341 1 2496,	
adverso 3 341 3 2494,3642,4265,	
nivel 1 341 1 2491,	
100 1 341 1 2486,	
300 2 341 2 2470,2612,	
hembra 1 341 1 2467,	
macho 1 341 1 2465,	
A 7 341 7 3114,3142,3282,4535,4553,4571,4632,	
reproducción/fertilidad 2 341 2 2461,2481,	
parámetros 2 341 2 2459,2479,	
420305 2 341 2 4607,4680,	
corporal) 1 341 1 2453,	
sistémica 1 341 1 2445,	
general/fertilidad 1 341 1 2433,	
tejidos 2 341 2 2426,3781,	
concretamente 1 341 1 2422,	
INFORMACIÓN 4 341 4 3285,3499,3502,4347,	
actividad 1 341 1 2418,	
atribuibles 1 341 1 2415,	
representante 1 341 1 4430,	
detenidamente 1 341 1 3573,	
monos 1 341 1 2412,	
ratas 4 341 4 2410,2436,2521,2605,	
destacados 1 341 1 2403,	
hallazgos 1 341 1 2401,	
tamaño 2 341 2 2541,4384,	
toxicológicos 1 341 1 2407,	
Datos 1 341 1 2396,	
ESPECIAL 1 341 1 3369,	
años) 1 341 1 2387,	
>70 1 341 1 2386,	
sistémicas 2 341 2 2501,2624,	
(edad 1 341 1 2385,	
geriátricas 1 341 1 2384,	
pediátricas 1 341 1 2382,	
poblaciones 1 341 1 2381,	
perfil 1 341 1 2378,	
valorado 1 341 1 2376,	
(n=6) 1 341 1 2372,	
10% 1 341 1 2371,	
diálisis) 1 341 1 2364,	
(requiriendo 1 341 1 2363,	
crónica 1 341 1 2361,	
(n=5) 1 341 1 2355,	
Aspecto 1 341 1 4380,	
22% 1 341 1 2354,	
30 1 341 1 2348,	
ml/min) 2 341 2 2337,2349,	
30-80 1 341 1 2336,	
máximo 3 341 3 3002,4078,4823,	
creatinina 2 341 2 2335,2346,	
(aclaramiento 2 341 2 2333,2344,	
influenciada 1 341 1 2325,	
género 1 341 1 2313,	
60% 1 341 1 2305,	
y/o 7 341 7 2448,2545,2571,2686,3829,4042,4053,	
CL 1 341 1 2303,	
807 1 341 1 4676,	
50% 1 341 1 2301,	
CV% 1 341 1 2297,	
ó 1 341 1 2283,	
acumulación 1 341 1 2267,	
produjo 1 341 1 2266,	
lineal 1 341 1 2245,	
aproximadamente 2 341 2 2236,2244,	
terminal 2 341 2 2233,2362,	
semivida 1 341 1 2232,	
(artralgia); 1 341 1 4178,	
AUTORIZACIÓN/RENOVACIÓN 1 341 1 3079,	
ml/hora/kg 1 341 1 2229,	
RESPONSABLE(S) 2 341 2 3128,3156,	
alrededor 1 341 1 2226,	
l/kg 1 341 1 2221,	
medio 2 341 2 2217,2225,	
Vss 2 341 2 2216,2307,	
rápida 1 341 1 2209,	
extravascular 1 341 1 2208,	
presentó 1 341 1 2205,	
oncológicos) 2 341 2 2203,2288,	
(pacientes 2 341 2 2202,2287,	
20 5 341 5 2193,2277,2756,3327,4375,	
Tras 1 341 1 2188,	
farmacocinética 4 341 4 2177,2243,2316,2320,	
estudió 1 341 1 2175,	
farmacocinéticas 1 341 1 2173,	
realizada 1 341 1 2160,	
graduación 1 341 1 2155,	
correlacionaron 1 341 1 2151,	
referidos 1 341 1 2146,	
hablar 1 341 1 2143,	
receta 1 341 1 3904,	
comer 1 341 1 2141,	
beber 1 341 1 2140,	
tragar 1 341 1 2139,	
impacto 1 341 1 2134,	
paciente 1 341 1 2131,	
garganta 1 341 1 2127,	
boca 4 341 4 2125,3774,4152,4163,	
frecuencia 2 341 2 2121,3791,	
significativos 1 341 1 2118,	
demostraron 1 341 1 2116,	
fase 1 341 1 2109,	
posible 1 341 1 2103,	
alimentación 1 341 1 2101,	
líquidos; 1 341 1 2097,	
sólo 2 341 2 2094,3696,	
sólidos; 1 341 1 2089,	
Período 1 341 1 2821,	
alimentos 1 341 1 2088,	
Breda 4 341 4 3064,3214,3470,4418,	
dolor/eritema; 1 341 1 2080,	
Oral 1 341 1 2073,	
Escala 1 341 1 2070,	
estratificado 1 341 1 2066,	
(CMH) 1 341 1 2065,	
Cochran-Mantel-Haenszel 1 341 1 2064,	
test 1 341 1 2062,	
Utilizando 1 341 1 2060,	
75% 1 341 1 2055,	
92% 1 341 1 2054,	
Febril 1 341 1 2053,	
Neutropenia 1 341 1 2052,	
tapón 1 341 1 2884,	
31% 1 341 1 2046,	
55% 1 341 1 2045,	
Total 1 341 1 2044,	
Parenteral 1 341 1 2043,	
Nutrición 1 341 1 2042,	
selectiva 1 341 1 2587,	
morfina) 1 341 1 2039,	
únicamente 1 341 1 4731,	
CONTENIDO 2 341 2 3336,3542,	
(equivalentes 1 341 1 2035,	
Acumulativa 1 341 1 2034,	
(signos 2 341 2 2446,2569,	
Dosis 1 341 1 2033,	
(1 1 341 1 2024,	
(8 1 341 1 2021,	
ADVERTENCIAS 1 341 1 3389,	
11 2 341 2 2020,3451,	
Días 1 341 1 2019,	
1300 1 341 1 2228,	
Analgesia 1 341 1 2010,	
2/3/4 1 341 1 2006,	
(EMEA) 2 341 2 3108,4720,	
12) 1 341 1 1999,	
(4 1 341 1 1998,	
19) 1 341 1 1996,	
(11 1 341 1 1995,	
14 2 341 2 1994,3484,	
20% 1 341 1 1981,	
62% 1 341 1 1980,	
afectados 1 341 1 1972,	
67) 1 341 1 1970,	
104) 1 341 1 1967,	
8) 1 341 1 1956,	
98% 1 341 1 1936,	
Incidencia 4 341 4 1930,1973,2040,2050,	
** 2 341 2 1929,2069,	
OMS 7 341 7 1928,1943,1963,1986,2009,2076,2169,	
93 1 341 1 4559,	
Grado 9 341 9 1924,1934,1959,1977,2005,2077,2081,2090,2098,	
0 7 341 7 1920,1939,1983,2001,2027,2048,2057,	
6) 1 341 1 1918,	
(0 1 341 1 1917,	
13) 2 341 2 1915,1953,	
(6 2 341 2 1914,1952,	
75) 5 341 5 1909,1947,1990,2018,2032,	
(percentil 5 341 5 1907,1945,1988,2016,2030,	
Mediana 5 341 5 1906,1944,1987,2015,2029,	
p* 1 341 1 1905,	
Valor 1 341 1 1904,	
Hematopoyéticas 1 341 1 1903,	
Madre 1 341 1 1902,	
trasplante 1 341 1 1899,	
Ensayo 1 341 1 1897,	
beneficios 1 341 1 2117,	
- 2 341 2 1896,2834,	
relacionadas 2 341 2 1895,2740,	
clínicas 1 341 1 1894,	
secuelas 1 341 1 1893,	
Mucositis 2 341 2 1890,2072,	
presentan 2 341 2 1883,2688,	
resultados 2 341 2 1878,2145,	
comparado 1 341 1 1870,	
fiebre; 1 341 1 4174,	
demora 1 341 1 1856,	
evidencia 1 341 1 1853,	
hubo 1 341 1 1852,	
(0)1223 2 341 2 4606,4679,	
necesidad 1 341 1 1847,	
incluyeron 1 341 1 1835,	
estudiadas 1 341 1 1834,	
variables 1 341 1 1833,	
Otras 1 341 1 1832,	
NO 1 341 1 3440,	
(OMS)) 1 341 1 1831,	
Salud 1 341 1 1830,	
Mundial 1 341 1 1827,	
Organización 1 341 1 1826,	
3/4 4 341 4 1820,1925,1935,1960,	
(grado 1 341 1 1819,	
severa 2 341 2 1818,2343,	
< 8 341 8 1919,1938,1982,2000,2026,2047,2056,2347,	
experimentaron 1 341 1 1815,	
número 1 341 1 1807,	
valoración 1 341 1 1801,	
principal 1 341 1 1799,	
variable 1 341 1 1798,	
iniciar 1 341 1 1778,	
diaria 1 341 1 1768,	
administró 1 341 1 1762,	
recibir 1 341 1 1756,	
manera 1 341 1 1752,	
asignados 1 341 1 1750,	
212 1 341 1 1747,	
múltiple) 1 341 1 1743,	
mieloma 1 341 1 1742,	
(LLC) 1 341 1 1740,	
(LMC) 1 341 1 1736,	
Crónica 2 341 2 1735,1739,	
(LLA) 1 341 1 1732,	
Linfática 2 341 2 1730,1738,	
(LMA) 1 341 1 1728,	
6456 1 341 1 4625,	
Aguda 2 341 2 1727,1731,	
Mieloide 2 341 2 1726,1734,	
Leucemia 4 341 4 1725,1729,1733,1737,	
(LNH) 1 341 1 1721,	
Hodgkiniano 1 341 1 1720,	
ZK 4 341 4 3063,3213,3469,4417,	
(Linfoma 1 341 1 1718,	
Medicamento 3 341 3 3107,3239,3489,	
seguida 1 341 1 1707,	
(100 1 341 1 1705,	
ciclofosfamida 1 341 1 1701,	
color 1 341 1 4160,	
mg/kg) 2 341 2 1699,1706,	
utilizando 1 341 1 2164,	
(60 1 341 1 1698,	
alta 3 341 3 1697,1704,2294,	
etopósido 1 341 1 1694,	
Gy) 1 341 1 1693,	
12 3 341 3 1692,3281,3472,	
(dosis 1 341 1 1690,	
fraccionada 1 341 1 1689,	
ICT 1 341 1 1688,	
consistente 1 341 1 1686,	
altas 1 341 1 1684,	
controlado 1 341 1 1672,	
ciego 1 341 1 1671,	
camada 1 341 1 2544,	
doble 1 341 1 1670,	
Caja 1 341 1 2896,	
establecieron 1 341 1 1656,	
reclutados 1 341 1 1639,	
incluyó 1 341 1 1632,	
precisa 2 341 2 1626,4237,	
mielotóxico 1 341 1 1624,	
programa 1 341 1 1615,	
Ensayos 1 341 1 1612,	
120 1 341 1 1608,	
únicas 2 341 2 1606,2191,	
intravenosas 2 341 2 1605,2190,	
dependiente 1 341 1 1592,	
medirse 1 341 1 1574,	
40 3 341 3 1565,2279,4579,	
8771500 1 341 1 4543,	
obtenidas 1 341 1 1554,	
bucales 1 341 1 1553,	
veces 3 341 3 1541,2505,2635,	
inmunohistoquímica 1 341 1 1532,	
tinción 2 341 2 1531,1546,	
sujetos 4 341 4 1523,1556,1600,2292,	
valoró 1 341 1 1521,	
Farmacología 1 341 1 1519,	
epitelial 1 341 1 1518,	
lesiones 2 341 2 1515,2738,	
respuesta 1 341 1 1513,	
natural 3 341 3 1509,3741,3756,	
preclínicos 1 341 1 2397,	
regula 1 341 1 1506,	
mesenquimales 1 341 1 1503,	
específico 1 341 1 1494,	
inducción 1 341 1 1482,	
ej 1 341 1 1481,	
(p 1 341 1 1480,	
citoprotectores 1 341 1 1479,	
mecanismos 1 341 1 1478,	
alza 2 341 2 1476,1511,	
regulación 1 341 1 1474,	
diferenciación 1 341 1 1472,	
estimulando 1 341 1 1469,	
superficie 1 341 1 1464,	
adquiridos 1 341 1 3902,	
estabilidad 1 341 1 1444,	
N-terminal 1 341 1 1440,	
8°C 1 341 1 2835,	
extremo 1 341 1 1439,	
23 1 341 1 1435,	
endógeno 2 341 2 1429,1488,	
aclaramiento 3 341 3 2224,2351,2366,	
diferencia 1 341 1 1425,	
kD 1 341 1 1423,	
16 2 341 2 1421,3498,	
aminoácidos 2 341 2 1415,1437,	
140 1 341 1 1414,	
proteína 5 341 5 1412,1447,1455,3714,3729,	
V03AF08 1 341 1 1408,	
ATC 1 341 1 1407,	
código 1 341 1 1406,	
antineoplásicos 1 341 1 1405,	
tratamientos 1 341 1 1404,	
detoxificantes 1 341 1 1402,	
farmacoterapéutico 1 341 1 1400,	
Grupo 1 341 1 1399,	
farmacodinámicas 1 341 1 1398,	
conservar 1 341 1 3422,	
Propiedades 2 341 2 1397,2172,	
	5 1 341 1 1395,	
ESTE 1 341 1 1393,	
DE 44 341 44 1392,3051,3054,3068,3071,3076,3080,3086,3116,3123,3126,3129,3132,3137,3140,3144,3151,3154,3157,3160,3218,3221,3227,3234,3237,3321,3350,3370,3396,3402,3436,3446,3457,3460,3474,3476,3481,3487,3496,3528,3533,3538,3850,4279,	
FARMACOLÓGICAS 1 341 1 1391,	
PROPIEDADES 1 341 1 1390,	
graves 1 341 1 1388,	
severas 1 341 1 1386,	
observar 1 341 1 1383,	
sanos 6 341 6 1381,1524,1557,1601,2182,2251,	
voluntarios 3 341 3 1380,2181,2250,	
microgramos/kg 8 341 8 1377,1611,1771,2196,2201,2263,2280,2286,	
250 4 341 4 1376,1610,2195,2262,	
única 2 341 2 1374,2259,	
administrado 1 341 1 1368,	
existe 1 341 1 1318,	
Sobredosis 1 341 1 1316,	
9 6 341 6 1315,1913,1951,2630,3074,3399,	
anafilácticas/alérgicas 1 341 1 1313,	
piel; 1 341 1 1310,	
hiperpigmentación 1 341 1 1307,	
bucal; 1 341 1 1306,	
facial 1 341 1 1303,	
edema 2 341 2 1302,1305,	
edema); 1 341 1 1301,	
bultos 2 341 2 1300,4191,	
enrojecimiento 3 341 3 1299,4144,4190,	
ejemplo 1 341 1 1298,	
(por 1 341 1 1297,	
trastornos 1 341 1 1293,	
siguientes 2 341 2 1290,3432,	
identificado 1 341 1 1288,	
ADVERSOS 1 341 1 4107,	
post-comercialización 1 341 1 1283,	
Durante 1 341 1 1280,	
gravedad 1 341 1 1279,	
YDE 1 341 1 3442,	
mayor 1 341 1 1278,	
Células 1 341 1 1901,	
observados 2 341 2 1269,4187,	
· 18 341 18 3223,3260,3856,3924,3927,3934,4139,4148,4156,4167,4171,4173,4175,4180,4189,4197,4205,4215,	
concordaban 1 341 1 1266,	
Mecanismo 1 341 1 1448,	
episodios 1 341 1 1265,	
Qué 1 341 1 3658,	
Estos 2 341 2 1264,2144,	
mieloablativo) 2 341 2 1263,1352,	
(3 3 341 3 1254,1343,1955,	
semanas 2 341 2 1253,1342,	
administrados 2 341 2 1241,1328,	
80 2 341 2 1239,1326,	
14) 2 341 2 1230,2022,	
(5 1 341 1 1228,	
36% 1 341 1 1227,	
observó 5 341 5 1219,1536,1583,2241,2732,	
salival 1 341 1 1217,	
origen 1 341 1 1216,	
predominantemente 1 341 1 1214,	
incremento 2 341 2 1212,1538,	
distribución 1 341 1 2207,	
reveló 1 341 1 1209,	
procedencia 1 341 1 1208,	
según 1 341 1 1206,	
aumentados 1 341 1 1203,	
fraccionamiento 1 341 1 1199,	
producida 1 341 1 3715,	
población 1 341 1 1195,	
pancreatitis 1 341 1 1192,	
manifiestos 1 341 1 1190,	
casos 1 341 1 1189,	
comunicado 1 341 1 1188,	
estrechamente 1 341 1 2152,	
54%) 1 341 1 1184,	
(62% 1 341 1 1182,	
primeros 1 341 1 1436,	
23%) 1 341 1 1179,	
producen 1 341 1 3845,	
(28% 1 341 1 1177,	
presentadas 1 341 1 1169,	
cambios 3 341 3 1168,2449,2572,	
370 1 341 1 4689,	
incidencias 1 341 1 1165,	
espalda 1 341 1 1163,	
(de 1 341 1 3167,	
abdominal 1 341 1 1160,	
amilasa 4 341 4 1150,1181,1205,4232,	
lipasa 3 341 3 1148,1176,4230,	
niveles 3 341 3 1146,1202,4227,	
provocar 1 341 1 1142,	
enfermedad 2 341 2 1136,1722,	
observaron 4 341 4 1129,2310,2474,2598,	
similar 2 341 2 1114,3726,	
CPSP 2 341 2 1112,1711,	
comercialización 1 341 1 4407,	
hematopoyética 2 341 2 1106,1863,	
recuperación 2 341 2 1105,1862,	
lugar 1 341 1 1101,	
fiebre 1 341 1 1100,	
diferencias 2 341 2 1130,2311,	
Edema 1 341 1 1097,	
alteraciones 2 341 2 1094,4181,	
generales 1 341 1 1092,	
Artralgia 1 341 1 1089,	
musculoesqueléticos 1 341 1 1085,	
eritema 2 341 2 1083,2084,	
enzimas 1 341 1 1484,	
prurito 1 341 1 1081,	
Erupción 1 341 1 1080,	
001 7 341 7 1921,1940,1984,2002,2028,2049,2058,	
subcutáneo 1 341 1 1079,	
581 1 341 1 4547,	
tejido 4 341 4 1078,1088,1517,3770,	
boca/lengua 1 341 1 1071,	
Gastrointestinales 1 341 1 1065,	
gusto 2 341 2 1063,4183,	
Alteración 1 341 1 1061,	
perjudicarles 1 341 1 3625,	
nervioso 1 341 1 1060,	
sistema 1 341 1 1059,	
Trastornos 5 341 5 1057,1064,1072,1084,1091,	
adversa 1 341 1 1056,	
Reacción 1 341 1 1055,	
(SOC) 1 341 1 1054,	
Sistema 1 341 1 1052,	
frente 2 341 2 1049,1172,	
Engrosamiento 1 341 1 1066,	
5% 1 341 1 1046,	
Ireland 1 341 1 4588,	
comparación 1 341 1 1029,	
recibida 1 341 1 1024,	
opioide 3 341 3 1023,1850,2011,	
analgesia 2 341 2 1022,1849,	
menor 1 341 1 1021,	
correspondieron 1 341 1 1018,	
artralgia 1 341 1 1011,	
dolor 5 341 5 1009,1098,1159,2123,4176,	
adversos 7 341 7 2456,2476,2600,3678,4118,4128,4186,	
media 2 341 2 1001,2234,	
consecutivas 2 341 2 995,2275,	
diarias 2 341 2 994,2274,	
partir 1 341 1 987,	
(voluntarios 2 341 2 2197,2281,	
63% 1 341 1 1937,	
contados 1 341 1 985,	
comienzo 1 341 1 977,	
mediana 1 341 1 972,	
reversibles 1 341 1 970,	
moderada 2 341 2 968,2332,	
desarrollar 1 341 1 2693,	
cerca 1 341 1 2299,	
intensidad 1 341 1 965,	
teóricamente 1 341 1 2706,	
actividades 1 341 1 2137,	
principalmente 2 341 2 963,2660,	
Estas 3 341 3 960,2488,2617,	
1) 1 341 1 959,	
Tabla 5 341 5 958,1037,1039,1886,1888,	
bucal 1 341 1 956,	
epitelio 1 341 1 955,	
piel 4 341 4 952,1075,3784,4212,	
farmacológica 2 341 2 947,2419,	
acción 2 341 2 946,1450,	
compatibles 1 341 1 943,	
leve 2 341 2 966,2330,	
reacciones 8 341 8 940,961,980,1006,1291,1312,1384,4216,	
(CPSP) 1 341 1 938,	
tomando 1 341 1 3892,	
periférica 2 341 2 937,1796,	
sangre 2 341 2 936,1795,	
progenitoras 2 341 2 934,1793,	
específicos 1 341 1 1461,	
soporte 4 341 4 931,1627,1709,3833,	
(ICT) 1 341 1 929,	
corporal 3 341 3 927,1053,4021,	
vs 2 341 2 1178,1183,	
irradiación 1 341 1 926,	
mielotóxica 1 341 1 922,	
241) 1 341 1 910,	
409) 1 341 1 905,	
= 8 341 8 904,909,1966,1969,2079,2083,2092,2100,	
(n 4 341 4 903,908,1965,1968,	
recibieron 6 341 6 901,1124,1235,1559,1603,1680,	
farmacocinético 3 341 3 898,1654,2379,	
estudio 3 341 3 897,1653,2717,	
placebo 10 341 10 893,907,1035,1051,1125,1174,1650,1674,1759,1876,	
llamadas 1 341 1 3764,	
controlados 2 341 2 891,1648,	
CON 1 341 1 3266,	
aleatoria 4 341 4 890,1646,1669,1753,	
asignación 3 341 3 889,1645,1668,	
incluidos 1 341 1 883,	
650 2 341 2 878,1634,	
basan 1 341 1 876,	
adversas 6 341 6 870,941,1007,1042,1292,1385,	
Reacciones 2 341 2 869,1041,	
8 6 341 6 868,1365,1379,1997,3066,3394,	
máquinas 4 341 4 848,866,3973,3987,	
utilizar 6 341 6 847,865,3364,3426,3669,3673,	
conducir 3 341 3 845,863,3984,	
capacidad 3 341 3 843,861,3982,	
Efectos 1 341 1 840,	
DIRECCIÓN 1 341 1 3454,	
7 5 341 5 839,2023,2631,3049,3387,	
período 4 341 4 835,1250,1339,3955,	
Por 1 341 1 825,	
humana 2 341 2 824,3947,	
leche 2 341 2 823,3946,	
excreta 1 341 1 820,	
claramente 1 341 1 813,	
* 1 341 1 2059,	
Ki67 2 341 2 1534,1547,	
sea 1 341 1 812,	
embarazo 1 341 1 807,	
feto 1 341 1 799,	
embrión 1 341 1 797,	
potencial 2 341 2 794,2724,	
desconoce 4 341 4 791,816,3939,3975,	
desarrollo 6 341 6 785,2517,2533,2589,2603,2648,	
INSTRUCCIONES 1 341 1 3495,	
reproductiva 2 341 2 782,2432,	
toxicidad 8 341 8 781,1220,1357,2431,2444,2515,2531,2586,	
evidenciado 1 341 1 780,	
animales 2 341 2 778,2464,	
realizados 4 341 4 776,2408,2434,2519,	
Estudios 1 341 1 775,	
dolor; 1 341 1 4172,	
embarazadas 2 341 2 774,3916,	
mujeres 3 341 3 773,833,3915,	
utilización 1 341 1 769,	
conejos 2 341 2 2523,2607,	
adecuados 1 341 1 766,	
""flip-off"" 1 341 1 2895,	
dispone 1 341 1 763,	
lactancia 4 341 4 760,837,3908,3957,	
Embarazo 2 341 2 758,3906,	
clínica 3 341 3 751,2510,2641,	
relevancia 1 341 1 750,	
clara 1 341 1 748,	
concomitantemente 1 341 1 745,	
administra 2 341 2 743,4025,	
les 1 341 1 742,	
fraccionadas 1 341 1 729,	
molecular 2 341 2 724,1419,	
peso 6 341 6 723,1418,2452,2548,2575,4020,	
referido 1 341 1 2128,	
une 3 341 3 717,1458,2813,	
sugieren 1 341 1 713,	
in-vivo 1 341 1 712,	
e 2 341 2 711,3801,	
in-vitro 1 341 1 710,	
Los 7 341 7 708,871,899,1877,2400,4126,4365,	
riesgo 3 341 3 697,793,2690,	
proteica 1 341 1 695,	
base 1 341 1 694,	
terapéutico 1 341 1 692,	
agente 1 341 1 691,	
Al 1 341 1 688,	
estudios 6 341 6 683,855,2406,2429,2513,2766,	
cabo 2 341 2 682,854,	
llevado 2 341 2 680,852,	
ADVERTENCIA 1 341 1 3368,	
interacción 4 341 4 676,685,699,754,	
Producto 1 341 1 3256,	
formas 1 341 1 674,	
medicamentos 7 341 7 671,705,2777,3883,3899,4113,4845,	
Interacción 1 341 1 667,	
establecidas 1 341 1 653,	
epiteliales 8 341 8 637,1468,1498,1529,1598,2427,2663,3766,	
validez 1 341 1 2823,	
proliferación 5 341 5 634,1471,1526,1591,2424,	
estimula 2 341 2 632,2659,	
sanos) 2 341 2 2198,2282,	
secundarias 1 341 1 624,	
progresión 2 341 2 621,1133,	
libre 1 341 1 619,	
exposición 2 341 2 2509,2640,	
global 1 341 1 617,	
supervivencia 3 341 3 616,618,1139,	
refiere 1 341 1 613,	
plenamente 1 341 1 608,	
evaluada 1 341 1 607,	
mejorar 2 341 2 1442,3807,	
sido 4 341 4 606,652,3912,4696,	
plazo 2 341 2 596,601,	
efectos 12 341 12 593,858,2455,2475,2567,2599,3632,3677,4117,4127,4185,4255,	
desconocen 1 341 1 591,	
clínicos 6 341 6 589,887,1613,1643,2447,2570,	
ensayos 3 341 3 588,886,1642,	
marco 2 341 2 586,1621,	
tratados 8 341 8 581,1014,1033,1118,1867,1874,2113,2683,	
opacidad 1 341 1 576,	
indicios 1 341 1 570,	
observado 2 341 2 569,2495,	
úlceras 2 341 2 2085,2093,	
fecha 3 341 3 565,4298,4316,	
Hasta 1 341 1 563,	
cristalino 2 341 2 561,578,	
expresan 4 341 4 558,639,661,2674,	
KGF 11 341 11 556,642,664,1427,1452,1487,2669,2678,2704,2714,3755,	
receptores 6 341 6 554,640,662,1460,2702,2712,	
Se 16 341 16 550,590,790,815,1218,1366,1424,1520,1535,1582,1655,2174,2240,3938,3974,4024,	
aclarar 2 341 2 535,2794,	
cloruro 2 341 2 532,2791,	
permeabilidad 1 341 1 523,	
mantener 2 341 2 521,2783,	
heparina 3 341 3 519,2781,2816,	
utiliza 4 341 4 518,2780,3665,3787,	
habitual 1 341 1 4011,	
Si 5 341 5 516,2778,3592,3626,4249,	
aumento 4 341 4 506,573,2733,4224,	
asoció 4 341 4 503,2442,2529,2565,	
previas 1 341 1 498,	
cuidado 1 341 1 735,	
ensayo 4 341 4 487,1666,1746,2106,	
En 10 341 10 485,1744,2104,2210,2338,2356,2428,2512,2715,2763,	
heparinas 2 341 2 720,727,	
citotóxica 3 341 3 484,1682,1781,	
conteniendo 1 341 1 3341,	
especiales 3 341 3 457,2843,2903,	
Advertencias 1 341 1 454,	
derivadas 2 341 2 448,3875,	
generalmente 2 341 2 1275,2413,	
proteínas 2 341 2 447,3874,	
o 42 341 42 445,471,798,906,911,914,924,1067,1137,1155,1161,1387,1542,1741,1758,2388,2970,2987,3250,3600,3637,3652,3872,3888,3893,3933,3962,3985,4153,4164,4192,4203,4260,4275,4467,4539,4540,4595,4596,4734,4791,4808,	
Hipersensibilidad 1 341 1 437,	
Contraindicaciones 1 341 1 436,	
ancianos 1 341 1 429,	
Ancianos 1 341 1 418,	
evaluado 2 341 2 404,422,	
hepática 3 341 3 400,413,2393,	
2) 5 341 5 398,417,433,1038,3259,	
apartado 4 341 4 396,415,431,787,	
insuficiencia 6 341 6 393,412,2327,2341,2359,2392,	
Agentes 1 341 1 1401,	
ajustes 1 341 1 386,	
realizar 1 341 1 385,	
necesario 2 341 2 384,814,	
Dompé 1 341 1 4629,	
renal 5 341 5 381,394,2328,2342,2360,	
Insuficiencia 2 341 2 380,399,	
Leer 1 341 1 3359,	
datos 4 341 4 379,709,765,872,	
disponer 1 341 1 376,	
Hodgkin 1 341 1 1724,	
3) 1 341 1 789,	
utilizarse 5 341 5 370,529,733,2788,3698,	
quimioterapia 7 341 7 483,501,921,2685,3828,4041,4052,	
niños 4 341 4 361,372,3386,4291,	
eficacia 7 341 7 357,408,426,647,1658,1804,1881,	
seguridad 8 341 8 354,406,424,598,644,874,1661,2399,	
establecido 1 341 1 352,	
(en 1 341 1 4031,	
sugiere 1 341 1 2581,	
10) 1 341 1 2025,	
han 9 341 9 351,568,651,679,779,851,1187,1287,4221,	
No 26 341 26 349,382,401,419,677,746,761,849,1185,1317,1719,1851,2264,2308,2373,2472,2596,2643,2853,2947,3274,3407,3948,4292,4334,4768,	
adolescentes 3 341 3 348,363,374,	
Niños 1 341 1 346,	
Ver 1 341 1 342,	
7000 1 341 1 4620,	
cuatro 1 341 1 339,	
anterior 1 341 1 333,	
distanciada 1 341 1 330,	
día 3 341 3 328,4023,4322,	
infusión 4 341 4 320,480,1110,1790,	
sódico 2 341 2 533,2792,	
últimas 1 341 1 302,	
Después 2 341 2 296,2826,	
horas 9 341 9 291,468,476,497,1576,1585,2239,2831,3431,	
48 2 341 2 290,1584,	
24 7 341 7 288,467,475,496,1575,2830,3430,	
tercera 2 341 2 285,1580,	
administrando 1 341 1 283,	
deben 3 341 3 277,304,732,	
primeras 1 341 1 275,	
Las 6 341 6 273,300,939,1005,1164,2670,	
partículas 5 341 5 264,2974,2988,4795,4809,	
presencia 3 341 3 262,2972,4793,	
inyectarlo 2 341 2 2991,4812,	
superiores 3 341 3 1324,2506,2637,	
decoloración 6 341 6 259,1068,2969,2986,4790,4807,	
descartar 3 341 3 257,2967,4788,	
visualmente 3 341 3 255,2965,4786,	
inspeccionarse 3 341 3 254,2964,4785,	
Antes 6 341 6 247,269,2989,3667,4063,4810,	
luz 8 341 8 246,2839,2864,3009,3418,4087,4345,4830,	
protegerse 2 341 2 243,4084,	
hora 7 341 7 240,3005,3019,4081,4097,4826,4840,	
ambiente 7 341 7 235,2999,3014,4075,4092,4820,4835,	
temperatura 7 341 7 234,2998,3013,4074,4091,4819,4834,	
ocular 1 341 1 562,	
dejarse 3 341 3 232,2993,4814,	
vez 2 341 2 227,3420,	
Una 2 341 2 226,3419,	
erupción 1 341 1 4140,	
disminuyó 2 341 2 2352,2369,	
local 3 341 3 225,3047,4431,	
tolerabilidad 1 341 1 224,	
baja 1 341 1 223,	
debido 1 341 1 220,	
Eesti 2 341 2 4511,4516,	
centro 1 341 1 2068,	
subcutánea 1 341 1 219,	
vía 9 341 9 218,526,537,1243,1330,1370,1568,2785,2796,	
administrarse 9 341 9 216,278,305,316,463,804,831,2982,4803,	
Authorisation 1 341 1 4440,	
abajo) 1 341 1 212,	
(ver 7 341 7 211,395,414,430,786,957,1036,	
seis 2 341 2 209,4061,	
total 4 341 4 207,928,1691,4059,	
da 2 341 2 205,4057,	
después 19 341 19 199,306,317,477,540,918,1107,1260,1349,1577,1586,1787,2252,2270,2799,4049,4242,4295,4312,	
variabilidad 1 341 1 2290,	
consecutivos 4 341 4 193,198,1775,1786,	
aumentos 1 341 1 1143,	
días 14 341 14 192,197,340,984,1004,1572,1774,1785,1809,1911,1949,1992,4036,4047,	
tres 7 341 7 191,196,274,301,1258,4035,4046,	
durante 19 341 19 190,236,325,470,805,1570,1772,1783,1810,2944,3000,3015,4034,4045,4076,4093,4765,4821,4836,	
bolus 1 341 1 189,	
tipo 2 341 2 188,2894,	
intravenosa 10 341 10 187,527,1244,1331,1371,1569,1767,2786,3354,4030,	
inyección 6 341 6 186,1103,1766,3523,4029,4066,	
administrada 1 341 1 182,	
microgramos/kg/día 8 341 8 181,1240,1327,1566,2471,2487,2556,2615,	
60 6 341 6 180,1770,2200,2285,2614,4013,	
recomendada 2 341 2 175,1273,	
4220550 1 341 1 4566,	
dosis 39 341 39 174,210,276,286,303,314,334,389,993,1224,1237,1255,1259,1272,1321,1344,1348,1361,1373,1563,1581,1595,1604,1685,1696,1703,2189,2248,2258,2273,2469,2483,2489,2551,2562,2609,2618,4010,4062,	
La 16 341 16 173,310,597,643,971,1104,1797,2289,2319,2961,3022,3090,4009,4315,4702,4782,	
Adultos 1 341 1 172,	
(2°C 1 341 1 4331,	
anticancerosa 1 341 1 171,	
terapia 3 341 3 170,1681,1780,	
experiencia 3 341 3 165,1282,1319,	
médico 8 341 8 163,2163,3599,3651,3887,3922,3961,4274,	
supervisado 1 341 1 160,	
Slovakia 1 341 1 4616,	
debe 31 341 31 158,215,231,242,253,315,369,462,528,803,830,2772,2787,2918,2931,2941,2963,2981,3020,3612,3697,3997,4083,4098,4102,4740,4752,4762,4784,4802,4841,	
recetado 1 341 1 3607,	
El 11 341 11 154,1198,1451,1486,1614,2558,2929,2939,4352,4750,4760,	
efecto 4 341 4 2493,3641,3977,4264,	
administración 10 341 10 153,250,490,543,1589,2255,2802,2978,3353,4799,	
forma 7 341 7 151,184,1508,1764,3740,4027,4391,	
reconstituirse 2 341 2 2919,4741,	
Posología 1 341 1 149,	
limitante 2 341 2 1221,1358,	
hematopoyéticas 4 341 4 146,324,1631,3838,	
autólogas 1 341 1 145,	
madre 4 341 4 144,323,1630,3837,	
células 15 341 15 143,322,636,933,1467,1497,1502,1528,1597,1629,1792,2662,3762,3765,3836,	
precisen 1 341 1 140,	
primera 2 341 2 311,990,	
grave 3 341 3 138,3636,4259,	
elevada 1 341 1 135,	
asociado 1 341 1 131,	
mieloablativo 7 341 7 130,202,272,282,295,299,309,	
tratamiento 19 341 19 129,141,155,201,271,281,294,298,308,1262,1351,1623,1714,2438,2525,2559,2743,4238,4246,	
sometidos 2 341 2 127,3823,	
hematológicas 9 341 9 126,659,882,1638,1717,2187,2214,2672,3818,	
neoplasias 10 341 10 125,623,657,881,1637,1716,2186,2213,2671,3817,	
pacientes 34 341 34 123,391,410,428,580,655,737,879,900,1013,1027,1032,1117,1153,1197,1233,1333,1635,1679,1748,1814,1866,1873,1971,2112,2149,2184,2211,2339,2357,2390,2682,3815,4220,	
	Mantener 2 341 2 3376,4281,	
conjuntivo 1 341 1 1090,	
oral 13 341 13 121,515,1817,1844,1891,1923,1933,1958,1976,2004,2014,2159,3798,	
(edema); 1 341 1 4170,	
mucositis 13 341 13 120,137,514,1816,1843,1922,1932,1957,1975,2003,2013,2158,3797,	
severidad 4 341 4 117,509,1840,3794,	
duración 5 341 5 115,511,1000,1838,3792,	
incidencia 5 341 5 114,134,1045,1837,2736,	
disminución 1 341 1 111,	
indicado 1 341 1 108,	
está 8 341 8 107,747,3096,3891,3925,3942,4708,4729,	
terapéuticas 1 341 1 105,	
Indicaciones 1 341 1 104,	
	4 1 341 1 102,	
CLÍNICOS 1 341 1 101,	
DATOS 2 341 2 100,2745,	
4 23 341 23 99,147,344,345,434,452,453,665,756,838,867,1314,1364,1978,2099,2237,2824,2841,3258,3332,3536,3675,4104,	
liofilizado 1 341 1 98,	
blanco 2 341 2 97,4394,	
Polvo 1 341 1 96,	
inyectable) 1 341 1 95,	
(polvo 1 341 1 93,	
	Polvo 1 341 1 89,	
lengua; 3 341 3 4155,4166,4196,	
FARMACÉUTICA 2 341 2 88,3334,	
FORMA 4 341 4 87,3333,3347,3527,	
3 23 341 23 86,435,755,885,992,1347,1422,1540,1549,1571,1641,1773,1784,1916,2091,2110,2272,2395,2820,3319,3531,3671,3988,	
sección 6 341 6 83,266,343,547,1363,3257,	
ver 4 341 4 82,265,546,1362,	
destinada 1 341 1 4730,	
completa 1 341 1 79,	
lista 1 341 1 78,	
consultar 1 341 1 76,	
Para 4 341 4 75,1353,3352,3355,	
excipientes 4 341 4 74,81,444,2751,	
escala 2 341 2 1823,2166,	
Lista 2 341 2 72,2749,	
mg/ml 1 341 1 69,	
5 21 341 21 68,397,416,432,666,788,1003,1389,1755,2170,2220,2238,2394,2504,2866,2959,3346,3541,3679,4277,4780,	
reconstituido 3 341 3 66,228,3421,	
eliminación 3 341 3 1432,2905,3023,	
Kepivance 70 341 70 65,106,157,177,213,229,336,359,367,460,492,545,583,603,625,649,687,701,771,801,818,828,902,949,997,1016,1048,1120,1140,1171,1285,1323,2804,2906,2917,2938,2953,2979,2995,3010,3561,3660,3670,3674,3682,3705,3785,3855,3871,3909,3941,3950,3979,3994,4016,4071,4088,4100,4114,4248,4294,4351,4369,4387,4739,4759,4774,4800,4816,4831,	
coli 4 341 4 64,451,3723,3878,	
Escherichia 4 341 4 63,450,3722,3877,	
recombinante 1 341 1 61,	
ADN 1 341 1 60,	
tecnología 1 341 1 58,	
FIGURAR 1 341 1 3288,	
mediante 3 341 3 57,1530,3716,	
antioxidantes) 1 341 1 1485,	
producido 2 341 2 56,1499,	
biopsias 1 341 1 1552,	
humano 3 341 3 55,800,1428,	
(KGF) 2 341 2 54,3735,	
queratinocítico 2 341 2 53,3734,	
síntomas 3 341 3 1157,3621,3809,	
crecimiento 6 341 6 52,630,1493,2657,3733,3760,	
factor 5 341 5 50,628,1491,2655,3731,	
Palifermina 8 341 8 47,1409,1760,2652,3307,3524,3724,3748,	
palifermina 27 341 27 46,71,439,715,744,1560,1618,1663,1757,1869,2115,2179,2204,2269,2318,2322,2368,2421,2440,2527,2591,2811,3318,3710,3863,4356,4364,	
contiene 6 341 6 41,67,3313,3706,4359,4399,	
clínico 3 341 3 488,1616,2107,	
vial 9 341 9 40,2879,2936,2951,3312,4311,4358,4757,4772,	
	Cada 1 341 1 39,	
lengua 1 341 1 1296,	
CUANTITATIVA 1 341 1 38,	
Y 10 341 10 37,3121,3149,3229,3270,3279,3335,3348,3453,3690,	
CUALITATIVA 1 341 1 36,	
COMPOSICIÓN 1 341 1 35,	
2 20 341 20 34,148,341,549,1252,1341,1887,1889,2082,2171,2503,2633,2761,2922,3308,3526,3666,3848,4473,4744,	
precauciones 1 341 1 456,	
inyectable 5 341 5 33,92,3306,3345,3568,	
solución 10 341 10 32,91,252,530,2789,2962,3305,3344,3567,4783,	
polvo 8 341 8 30,2876,3303,3342,3521,3565,3996,4393,	
mg 10 341 10 29,44,2037,2874,3302,3316,3520,3551,3564,4362,	
25 14 341 14 28,43,1908,1946,1989,2017,2031,2873,3301,3315,3519,3550,3563,4361,	
	Kepivance 4 341 4 26,3299,3517,3695,	
MEDICAMENTO 7 341 7 25,1394,3273,3298,3373,3439,3516,	
DEL 8 341 8 24,3088,3272,3297,3337,3438,3455,3515,	
Longmont 1 341 1 3189,	
NOMBRE 4 341 4 23,3296,3452,3514,	
1 25 341 25 21,22,85,103,1040,1396,2078,2634,2748,2921,3004,3018,3295,3513,3657,3686,4080,4096,4133,4528,4601,4623,4743,4825,4839,	
TÉCNICA 1 341 1 20,	
FICHA 1 341 1 19,	
I 2 341 2 18,3247,	
ANEXO 2 341 2 17,3276,	
información 6 341 6 14,1354,3091,4423,4703,4728,	
Toda 1 341 1 12,	
medicamento 11 341 11 11,16,2770,3025,3095,3366,3580,3603,3968,4427,4707,	
sufran 1 341 1 4125,	
Basica 1 341 1 9,	
	Información 1 341 1 8,	
(Cyprus) 1 341 1 4649,	
INYECT 1 341 1 7,	
SOL 1 341 1 6,	
POL 1 341 1 5,	
VIALES 1 341 1 4,	
ingerir 2 341 2 2087,2096,	
25MG 1 341 1 2,	
6 34 341 34 1,3,27,42,84,267,268,548,757,983,1236,1551,1954,2284,2744,2760,2819,2840,2865,2872,2898,2900,2901,3300,3314,3367,3518,3549,3552,3562,3683,4346,4360,4400,	
KEPIVANCE 5 341 5 0,3689,3852,3991,4280,	
