	Prospectos 1 211 1 3318,	
S 1 211 1 3316,	
2008 1 211 1 3313,	
Junio 1 211 1 3312,	
2010 1 211 1 3303,	
Octubre 1 211 1 3302,	
revalidación 1 211 1 3301,	
1986 1 211 1 3298,	
Enero 1 211 1 3297,	
autorización 1 211 1 3296,	
APROBACIÓN/REVISIÓN 2 211 2 3290,3307,	
FECHA 2 211 2 3288,3305,	
868 1 211 1 3286,	
867 1 211 1 3276,	
56 3 211 3 3265,3275,3285,	
registro 3 211 3 3264,3274,3284,	
Nº 3 211 3 3262,3272,3282,	
COMERCIALIZACIÓN 1 211 1 3255,	
AUTORIZACIÓN 2 211 2 3253,3293,	
NÚMERO 1 211 1 3250,	
TITULAR 1 211 1 3245,	
PERMANENTE 1 211 1 3243,	
apropiadamente 1 211 1 3238,	
desecharse 1 211 1 3237,	
utilizada 1 211 1 3235,	
Cualquier 1 211 1 3232,	
indicada 1 211 1 3228,	
caducidad 1 211 1 3227,	
fecha 1 211 1 3225,	
administración) 1 211 1 3219,	
(Ver 1 211 1 3213,	
vía 1 211 1 3208,	
inyectar 1 211 1 3205,	
Perfundir 1 211 1 3203,	
desenroscar 1 211 1 3195,	
parte 1 211 1 3190,	
cuerpo 1 211 1 3181,	
transferido 1 211 1 3174,	
despacio 1 211 1 3160,	
tirando 1 211 1 3159,	
concentrado 2 211 2 3155,3171,	
aspirar 1 211 1 3153,	
sistema 2 211 2 3152,3193,	
presionado 1 211 1 3149,	
émbolo 3 211 3 3145,3162,3187,	
Trasvase 1 211 1 3129,	
Inyectar 1 211 1 3121,	
conectar 1 211 1 3111,	
vertical 1 211 1 3110,	
posición 1 211 1 3109,	
estéril 1 211 1 3102,	
vacía 1 211 1 3100,	
aire 2 211 2 3097,3123,	
Llenar 1 211 1 3095,	
transferencia 1 211 1 3094,	
dispositivo 1 211 1 3092,	
piezas 1 211 1 3090,	
Desenroscar 1 211 1 3087,	
acoplada 1 211 1 3082,	
lado 1 211 1 3077,	
manoel 1 211 1 3075,	
Sujetar 1 211 1 3061,	
total 1 211 1 3050,	
disolución 1 211 1 3049,	
garantizar 1 211 1 3047,	
rotación 1 211 1 3041,	
suavemente 1 211 1 3037,	
agitar 2 211 2 3036,3054,	
Con 1 211 1 3030,	
automáticamente 1 211 1 3021,	
transferirá 1 211 1 3020,	
acoplado 2 211 2 3004,3118,	
adaptador 2 211 2 3003,3008,	
invertir 2 211 2 2996,3150,	
apoyado 1 211 1 2992,	
asegurando 1 211 1 2971,	
cuidadosamente 1 211 1 2964,	
azul 1 211 1 2950,	
terminal 1 211 1 2949,	
encajar 2 211 2 2947,3006,	
Coger 1 211 1 2938,	
firmemente 3 211 3 2937,2991,3179,	
limpia 1 211 1 2935,	
plana 1 211 1 2933,	
Colocar 1 211 1 2925,	
precinto 1 211 1 2920,	
desgarrando 1 211 1 2918,	
Abrir 1 211 1 2911,	
TEXTO 8 211 8 2909,2923,2961,2984,3028,3059,3141,3165,	
FIGURA 8 211 8 2907,2921,2959,2982,3026,3057,3139,3163,	
Mix2Vial 8 211 8 2906,2917,2945,2970,2981,3079,3120,3199,	
abrir 1 211 1 2900,	
proceder 1 211 1 2898,	
secar 1 211 1 2893,	
Dejar 1 211 1 2892,	
antiséptica 1 211 1 2891,	
tapones 2 211 2 2885,2895,	
desinfectar 1 211 1 2880,	
cápsulas 1 211 1 2876,	
Retirar 2 211 2 2874,2963,	
Atemperar 1 211 1 2868,	
Reconstitución 1 211 1 2866,	
condiciones 1 211 1 2864,	
trasvase 1 211 1 2853,	
uso/manipulación 1 211 1 2848,	
Instrucciones 1 211 1 2846,	
gasas 2 211 2 2791,2838,	
adhesivo 3 211 3 2748,2796,2843,	
alcohol 3 211 3 2745,2793,2840,	
gasascon 1 211 1 2744,	
20/20 3 211 3 2729,2774,2821,	
filtro 3 211 3 2728,2776,2823,	
trasvasador 3 211 3 2726,2773,2820,	
cerrado 3 211 3 2712,2759,2807,	
tratada 1 211 1 2682,	
moldeado 1 211 1 2638,	
000 1 211 1 2631,	
UI/1 1 211 1 2630,	
aluminio 3 211 3 2622,2662,2700,	
plástico 3 211 3 2618,2658,2696,	
látex) 3 211 3 2615,2655,2693,	
abierto 1 211 1 2941,	
(libres 3 211 3 2613,2653,2691,	
goma 4 211 4 2612,2652,2690,2887,	
Presentaciones 1 211 1 2701,	
tapón 5 211 5 2610,2650,2688,2953,3012,	
provisto 3 211 3 2608,2648,2686,	
vacío 6 211 6 2607,2647,2685,2714,2761,2809,	
cerrados 3 211 3 2605,2645,2683,	
incoloro 3 211 3 2599,2639,2673,	
tubular 2 211 2 2598,2672,	
vidrio 3 211 3 2597,2637,2671,	
Vial 3 211 3 2593,2633,2667,	
600UI/250 1 211 1 2591,	
--Presentación 2 211 2 2589,2623,	
primario 1 211 1 2584,	
Envase 4 211 4 2583,2702,2749,2797,	
Naturaleza 1 211 1 2578,	
cartonaje 1 211 1 2574,	
Mantener 1 211 1 2571,	
congelar 1 211 1 2570,	
almacenarse 1 211 1 2561,	
deberá 1 211 1 2560,	
conservación 1 211 1 2557,	
Precauciones 1 211 1 2554,	
almacenar 1 211 1 2544,	
Sí 1 211 1 2538,	
usarse 1 211 1 2536,	
reconstituida 3 211 3 2534,2857,3133,	
conservantes 1 211 1 2528,	
vista 1 211 1 2522,	
Desde 1 211 1 2518,	
25º 2 211 2 2516,2567,	
ambiente 4 211 4 2514,2551,2564,2873,	
temperatura 4 211 4 2513,2550,2563,2872,	
48 1 211 1 2510,	
microbiológico 1 211 1 2523,	
demostrada 1 211 1 2505,	
físico-química 1 211 1 2502,	
estabilidad 1 211 1 2501,	
reconstitución 2 211 2 2499,2850,	
años 1 211 1 2495,	
validez 1 211 1 2493,	
Período 1 211 1 2491,	
interna 2 211 2 2483,2681,	
superficie 5 211 5 2482,2680,2882,2932,2995,	
adsorción 1 211 1 2476,	
fallo 1 211 1 2469,	
producirse 1 211 1 2467,	
autorizados 1 211 1 2463,	
hayan 1 211 1 2461,	
equipos 2 211 2 2459,2486,	
sólo 2 211 2 2456,2973,	
inyección/perfusión 1 211 1 2455,	
mezclarse 1 211 1 2448,	
inyectables 4 211 4 2440,2724,2771,2818,	
preparaciones 3 211 3 2439,2723,2770,	
sódico 1 211 1 2435,	
cloruro 1 211 1 2434,	
glicina 1 211 1 2433,	
Albúmina 1 211 1 2431,	
Método 1 211 1 3217,	
Lista 1 211 1 2428,	
	6 1 211 1 2426,	
FARMACÉUTICOS 1 211 1 2425,	
especies 1 211 1 2420,	
experimentales 1 211 1 2417,	
considera 1 211 1 2413,	
mutagénicos 1 211 1 2402,	
carcinogénicos 1 211 1 2400,	
proporciona 1 211 1 2395,	
Dado 1 211 1 2389,	
kilogramo 1 211 1 2385,	
recomendada 1 211 1 2383,	
veces 1 211 1 2379,	
suponen 1 211 1 2377,	
siquiera 1 211 1 2373,	
tóxicos 1 211 1 2366,	
forman 1 211 1 2356,	
interferencia 1 211 1 2350,	
repetidas 1 211 1 2346,	
únicas 1 211 1 2328,	
toxicidad 2 211 2 2325,2343,	
realizar 2 211 2 2322,2415,	
Carece 1 211 1 2319,	
endógeno 1 211 1 2318,	
componente 1 211 1 2307,	
concentrado) 1 211 1 2304,	
activo 1 211 1 2302,	
(principio 1 211 1 2301,	
humana 3 211 3 2300,2382,2432,	
preclínicos 1 211 1 2291,	
Datos 1 211 1 2290,	
± 1 211 1 2276,	
3% 1 211 1 2259,	
incremento 1 211 1 2249,	
produjo 1 211 1 2247,	
FVIII/kg 1 211 1 2243,	
101 1 211 1 2236,	
resultó 2 211 2 2235,2272,	
vivo"" 1 211 1 2221,	
""in 1 211 1 2220,	
corresponder 1 211 1 2212,	
parece 1 211 1 2211,	
cifra 1 211 1 2210,	
varía 1 211 1 2196,	
-Viales 2 211 2 2585,2663,	
consumo 1 211 1 2190,	
probablemente 1 211 1 2187,	
(y 1 211 1 2185,	
posterior 1 211 1 2182,	
eliminación 1 211 1 2171,	
corporales) 1 211 1 2166,	
intravascular 1 211 1 2162,	
compartimentos 1 211 1 2161,	
realiza 1 211 1 2156,	
fase 2 211 2 2153,2181,	
bifásica 1 211 1 2150,	
exponencial 1 211 1 2149,	
degradación 1 211 1 2148,	
disminuye 1 211 1 2145,	
prevista 1 211 1 2135,	
120% 1 211 1 2130,	
80% 1 211 1 2127,	
alcanzado 1 211 1 2119,	
cuartos 1 211 1 2106,	
heterólogas 2 211 2 2360,2421,	
tres 1 211 1 2105,	
tercios 1 211 1 2103,	
Tras 1 211 1 2092,	
completamente 1 211 1 2082,	
multimérica 1 211 1 2081,	
estructura 1 211 1 2080,	
observa 1 211 1 2078,	
Después 2 211 2 2070,2496,	
tipos 1 211 1 2064,	
diferencia 1 211 1 2054,	
media 2 211 2 2046,2058,	
mediana 1 211 1 2042,	
determinó 1 211 1 2040,	
pacientes) 1 211 1 2038,	
III 1 211 1 2036,	
II 2 211 2 2031,2641,	
Tipo 5 211 5 2030,2035,2600,2640,2674,	
18 1 211 1 2028,	
I 3 211 3 2027,2601,2675,	
(Tipo 1 211 1 2026,	
enfermedad 2 211 2 2022,2066,	
27 1 211 1 2018,	
ensayo 2 211 2 2015,2233,	
acoplados 1 211 1 3035,	
farmacocinéticas 1 211 1 2012,	
Propiedades 1 211 1 2011,	
previenen 1 211 1 2006,	
controlan 1 211 1 2004,	
distribución 1 211 1 2158,	
dicho 1 211 1 2000,	
temporalmente 1 211 1 1996,	
corrige 1 211 1 1995,	
aumenta 1 211 1 1984,	
Mediante 1 211 1 1979,	
quirúrgico 1 211 1 1978,	
trauma 1 211 1 1977,	
consecuencia 2 211 2 1972,2474,	
espontánea 1 211 1 1969,	
internos 1 211 1 1965,	
órganos 1 211 1 1964,	
músculos 1 211 1 1962,	
articulaciones 1 211 1 1961,	
graves 1 211 1 1958,	
produce 1 211 1 1956,	
disminución 1 211 1 1947,	
debido 2 211 2 1944,2347,	
sexo 1 211 1 1943,	
ligado 1 211 1 1941,	
hereditario 1 211 1 1936,	
trastorno 1 211 1 1935,	
coágulo 1 211 1 1929,	
formarse 1 211 1 1927,	
manera 1 211 1 1924,	
fibrinógeno 1 211 1 1920,	
trombina 1 211 1 1912,	
protrombina 1 211 1 1910,	
transforma 1 211 1 1908,	
conversión 1 211 1 1896,	
acelerando 1 211 1 1894,	
IX 1 211 1 1892,	
cofactor 1 211 1 1889,	
actúa 2 211 2 1887,2313,	
activado 4 211 4 1886,1893,1903,1907,	
circulación 2 211 2 1880,2100,	
liga 1 211 1 1872,	
hemofílico 1 211 1 1867,	
perfunde 1 211 1 1863,	
agregación 1 211 1 1859,	
interviene 1 211 1 1856,	
e 1 211 1 1855,	
vasculares 1 211 1 1854,	
lugares 1 211 1 1851,	
plaquetas 1 211 1 1848,	
adhesión 1 211 1 1846,	
mediador 1 211 1 1843,	
protectora 1 211 1 1837,	
fisiológicas 1 211 1 1824,	
funciones 1 211 1 1823,	
Willebrand) 1 211 1 1821,	
(factor 1 211 1 1815,	
moléculas 1 211 1 1814,	
compuesto 1 211 1 1811,	
VIII/factor 1 211 1 1807,	
complejo 2 211 2 1797,1805,	
B02BD02 1 211 1 1784,	
sujetándolo 1 211 1 2936,	
ATC 1 211 1 1783,	
Código 1 211 1 1782,	
sanguínea 2 211 2 1776,1940,	
antihemorrágico 1 211 1 1770,	
farmacoterapéutico 1 211 1 1769,	
Grupo 1 211 1 1768,	
farmacodinámicas 1 211 1 1767,	
1Propiedades 1 211 1 1766,	
	"5 1 211 1 1765,	
ESTE 1 211 1 1763,	
DE 8 211 8 1762,3246,3251,3254,3289,3291,3306,3308,	
FARMACOLÓGICAS 1 211 1 1761,	
PROPIEDADES 1 211 1 1760,	
" 2 211 2 1758,2422,	
sobredosificación 2 211 2 1754,2335,	
síntomas 1 211 1 1752,	
Sobredosificación 1 211 1 1746,	
9 2 211 2 1745,3287,	
encontrarse 1 211 1 2124,	
ver 1 211 1 1741,	
viral 1 211 1 1740,	
seguridad 2 211 2 1739,2293,	
especializado 1 211 1 1732,	
centro 1 211 1 1731,	
insuficiente 1 211 1 1720,	
ocasiona 1 211 1 1716,	
Algunos 1 211 1 1700,	
fiebre 1 211 1 1699,	
raras 1 211 1 1694,	
866 1 211 1 3266,	
shock) 1 211 1 1692,	
(incluyendo 1 211 1 1691,	
progresado 1 211 1 1687,	
respirar) 1 211 1 1680,	
vómitos 1 211 1 1677,	
hormigueo 1 211 1 1676,	
efectos 2 211 2 2365,2399,	
taquicardia 1 211 1 1673,	
inquietud 1 211 1 1672,	
somnolencia 1 211 1 1670,	
cefalea 1 211 1 1668,	
enrojecimiento 1 211 1 1659,	
escalofríos 1 211 1 1658,	
lugar 1 211 1 1654,	
ardor 1 211 1 1649,	
sensación 1 211 1 1647,	
angioedema 1 211 1 1646,	
incluir 1 211 1 1645,	
alérgicas 1 211 1 1639,	
observado 3 211 3 1637,1698,2364,	
rara 1 211 1 1633,	
productos 1 211 1 1628,	
adversas 1 211 1 1623,	
Reacciones 1 211 1 1622,	
afectar 1 211 1 1612,	
aún 1 211 1 3034,	
pueda 1 211 1 1611,	
apreció 1 211 1 2053,	
indicio 2 211 2 1606,2397,	
ningún 2 211 2 1605,2396,	
existe 1 211 1 1604,	
maquinaria 2 211 2 1602,1619,	
fibrina 1 211 1 1922,	
utilizar 3 211 3 1601,1618,3221,	
vehículos 1 211 1 1599,	
capacidad 2 211 2 1596,1614,	
Efectos 1 211 1 1593,	
DIRECCIÓN 1 211 1 3242,	
7 5 211 5 1592,2032,3140,3142,3239,	
asir 2 211 2 3071,3178,	
indicado 1 211 1 1590,	
claramente 1 211 1 1589,	
está 3 211 3 1588,1810,3081,	
únicamente 1 211 1 1586,	
utilizarse 2 211 2 1583,2458,	
embarazo 2 211 2 1571,1578,	
carece 1 211 1 1561,	
incidencia 1 211 1 1554,	
baja 1 211 1 1553,	
Debido 1 211 1 1550,	
animales 3 211 3 1546,2340,2369,	
reproducción 1 211 1 1544,	
estudios 2 211 2 1542,2416,	
realizado 1 211 1 1541,	
No 8 211 8 1538,1603,2051,2336,2361,2569,3053,3220,	
lactancia 3 211 3 1537,1573,1581,	
Embarazo 1 211 1 1535,	
interacciones 1 211 1 1525,	
conocen 2 211 2 1524,1751,	
Hasta 2 211 2 1520,1747,	
interacción 1 211 1 1519,	
formas 1 211 1 1517,	
administrado 2 211 2 1507,2111,	
lote 1 211 1 1506,	
nombre 1 211 1 1500,	
constancia 1 211 1 1498,	
deje 1 211 1 1497,	
administre 1 211 1 1493,	
les 1 211 1 1492,	
vez 4 211 4 1489,1634,1917,3168,	
viales 2 211 2 2879,3033,	
beneficio 1 211 1 1477,	
adversas"" 1 211 1 1475,	
adecuadas 1 211 1 1469,	
laboratorio 2 211 2 1468,2371,	
tratados 2 211 2 1446,1626,	
100 1 211 1 1439,	
desarrollarse 1 211 1 1434,	
Raramente 1 211 1 1432,	
primeros 2 211 2 1427,1438,	
alto 1 211 1 1425,	
antihemofílico 1 211 1 1420,	
correlaciona 1 211 1 1413,	
Nijmegen 1 211 1 1406,	
modificado 1 211 1 1405,	
(UB) 1 211 1 1397,	
Bethesda 1 211 1 1396,	
cuantifica 1 211 1 1393,	
Esta 2 211 2 1390,2209,	
procoagulante 1 211 1 1386,	
Interacciones 1 211 1 1510,	
dirigidas 1 211 1 1382,	
IgG 1 211 1 1381,	
inmunoglobulinas 1 211 1 1380,	
son 1 211 1 1378,	
(inhibidores) 2 211 2 1364,1713,	
neutralizantes 2 211 2 1363,1708,	
formación 1 211 1 1360,	
hemolítica) 1 211 1 1358,	
anemia 1 211 1 1357,	
ej 1 211 1 1355,	
(p 1 211 1 1354,	
Una 1 211 1 3167,	
aumentada 1 211 1 1351,	
inmunodeficiencia 1 211 1 1346,	
sujetos 1 211 1 1344,	
fetal) 1 211 1 1341,	
embarazada 1 211 1 1339,	
mujer 1 211 1 1338,	
infección 1 211 1 1329,	
reciban 1 211 1 1323,	
B) 1 211 1 1318,	
(hepatitis 1 211 1 1315,	
apropiada 1 211 1 1314,	
vacunación 1 211 1 1313,	
B19 2 211 2 1309,1332,	
parvovirus 2 211 2 1308,1331,	
envueltos 1 211 1 1304,	
limitado 1 211 1 1300,	
VHB 1 211 1 1291,	
efectivos 1 211 1 1285,	
consideran 1 211 1 1284,	
Estos 2 211 2 1281,1376,	
modelos 1 211 1 1280,	
virus 2 211 2 1279,1302,	
validados 1 211 1 1277,	
producción 2 211 2 1273,1350,	
movimientos 1 211 1 3039,	
proceso 1 211 1 1271,	
incluidos 2 211 2 1268,2230,	
inactivación/eliminación 2 211 2 1267,1295,	
procedimientos 3 211 3 1265,1282,1293,	
génomico 1 211 1 1255,	
mezclas 2 211 2 1247,1260,	
individuales 2 211 2 1243,2282,	
donaciones 1 211 1 1242,	
VHC 3 211 3 1239,1257,1288,	
VIH 2 211 2 1237,1287,	
frente 1 211 1 1235,	
anticuerpos 4 211 4 1234,1362,1707,2353,	
AgHBs 1 211 1 1232,	
donantes 1 211 1 1223,	
selección 1 211 1 1221,	
reduce 1 211 1 1217,	
embargo 1 211 1 1208,	
Sin 1 211 1 1207,	
sido 4 211 4 1276,2462,2504,3173,	
desconocida 1 211 1 1206,	
naturaleza 1 211 1 1205,	
patógenos 1 211 1 1203,	
asépticas 1 211 1 2865,	
refiere 1 211 1 1197,	
Esto 1 211 1 1194,	
infecciosos 2 211 2 1193,1215,	
agentes 2 211 2 1192,1214,	
transmisión 3 211 3 1190,1201,1212,	
debidas 1 211 1 1187,	
enfermedades 1 211 1 1186,	
aparición 1 211 1 1184,	
totalmente 1 211 1 1182,	
excluirse 1 211 1 1181,	
apósito 3 211 3 2747,2795,2842,	
humanos 1 211 1 1178,	
derivados 1 211 1 1172,	
medicamentos 5 211 5 1171,1514,1532,2452,3320,	
disco 3 211 3 2616,2656,2694,	
administran 1 211 1 1170,	
vigentes 1 211 1 1162,	
recomendaciones 1 211 1 1161,	
seguirán 1 211 1 1159,	
shock 1 211 1 1157,	
contactar 2 211 2 1149,1728,	
interrumpir 1 211 1 1143,	
producen 2 211 2 1136,2334,	
conducir 2 211 2 1598,1616,	
anafilaxia 2 211 2 1133,1689,	
hipotensión 2 211 2 1131,1669,	
respirar 1 211 1 1130,	
MINISTERIO 2 211 2 1128,2867,	
dificultad 2 211 2 1127,1678,	
torácica 2 211 2 1126,1675,	
opresión 2 211 2 1125,1674,	
biológica 3 211 3 2217,2271,2285,	
generalizada 2 211 2 1124,1667,	
urticaria 2 211 2 1123,1666,	
llegar 2 211 2 1121,1664,	
mujeres 1 211 1 1559,	
cutáneas 2 211 2 1118,1661,	
erupciones 2 211 2 1117,1660,	
incluyen 1 211 1 1116,	
precoces 1 211 1 1110,	
signos 1 211 1 1109,	
informados 1 211 1 1105,	
Los 3 211 3 1101,1264,1292,	
además 2 211 2 1097,1831,	
humanas 1 211 1 1096,	
generalmente 1 211 1 1379,	
proteínas 2 211 2 1095,2359,	
mano 1 211 1 3064,	
trazas 1 211 1 1092,	
contiene 7 211 7 1091,2527,2904,2915,2943,2968,3068,	
alérgico 1 211 1 1088,	
tipo 2 211 2 1087,1140,	
reacciones 5 211 5 1083,1112,1137,1638,1685,	
produzcan 1 211 1 1082,	
posible 5 211 5 1079,1200,1458,1487,2542,	
proteico 1 211 1 1074,	
igual 1 211 1 1069,	
Al 1 211 1 1068,	
Advertencias 1 211 1 1062,	
componentes 1 211 1 1057,	
conocida 2 211 2 1054,1367,	
alergia 1 211 1 1053,	
precaución 1 211 1 1049,	
extremar 1 211 1 1047,	
material 1 211 1 1254,	
Contraindicaciones 1 211 1 1044,	
llena 1 211 1 1041,	
jeringa 13 211 13 1040,2731,2778,2825,2860,3099,3113,3136,3148,3158,3177,3184,3202,	
sangre 2 211 2 1037,1175,	
asegurándose 1 211 1 1032,	
idóneo 1 211 1 1029,	
producto 12 211 12 1025,1073,1090,2096,2990,3016,3025,3045,3070,3107,3117,3128,	
adjunta 1 211 1 1022,	
convierte 1 211 1 1918,	
daños 1 211 1 1853,	
venopunción 4 211 4 1019,2742,2789,2836,	
equipo 5 211 5 1017,1028,2740,2787,2834,	
utilizando 3 211 3 1015,1278,1402,	
ml/min) 1 211 1 1014,	
(máximo 2 211 2 1012,2515,	
lenta 3 211 3 1011,2184,3210,	
intravenosa 3 211 3 1010,1077,3209,	
inmediatamente 4 211 4 1005,1150,2537,3206,	
Administrar 1 211 1 1004,	
punto 2 211 2 1001,2520,	
describe 1 211 1 998,	
preparado 3 211 3 994,1059,1147,	
Reconstituir 1 211 1 992,	
Forma 1 211 1 989,	
Ver 2 211 2 985,1470,	
experiencia 3 211 3 978,1563,2392,	
médico 3 211 3 976,1153,1227,	
supervisión 1 211 1 973,	
deberán 2 211 2 969,2457,	
terapias 1 211 1 968,	
Dichas 1 211 1 967,	
terapéuticas 1 211 1 966,	
opciones 1 211 1 965,	
considerarse 1 211 1 963,	
hematíes 1 211 1 1353,	
deban 1 211 1 962,	
efectiva 1 211 1 960,	
sea 2 211 2 959,1486,	
inhibidor 1 211 1 949,	
elevados 1 211 1 946,	
determinar 1 211 1 935,	
ensayos 1 211 1 933,	
realizarse 4 211 4 932,970,2338,2862,	
controla 1 211 1 926,	
esperados 1 211 1 919,	
habitual 1 211 1 2265,	
Si 2 211 2 907,1134,	
inhibidores 6 211 6 903,939,1377,1411,1435,1461,	
desarrollo 2 211 2 901,1459,	
elevadas 2 211 2 893,2333,	
necesario 2 211 2 883,2414,	
jóvenes 1 211 1 880,	
especialmente 2 211 2 877,2418,	
casos 4 211 4 876,1683,1725,2281,	
intervalos 2 211 2 868,886,	
VIII/kg 1 211 1 863,	
administrarse 1 211 1 854,	
deben 4 211 4 853,931,1103,2861,	
grave 3 211 3 852,1335,1690,	
A 8 211 8 851,1316,1375,1557,1704,1932,2229,3317,	
cápsula 3 211 3 2620,2660,2698,	
hemofilia 8 211 8 850,984,1374,1556,1703,1734,1931,2228,	
hemorragias 3 211 3 846,1957,2008,	
impedir 1 211 1 845,	
plazo 1 211 1 843,	
profilaxis 1 211 1 840,	
semivida 6 211 6 837,2169,2195,2216,2270,2284,	
vivo 1 211 1 834,	
in 1 211 1 833,	
recuperación 2 211 2 832,2219,	
diferentes 3 211 3 829,1825,2063,	
alcanzándose 1 211 1 828,	
plaquetaria 1 211 1 1860,	
variar 2 211 2 827,2287,	
pacientes 19 211 19 819,848,879,896,944,1051,1102,1321,1372,1445,1480,1625,1701,2019,2029,2033,2061,2225,2268,	
Manteniendo 3 211 3 2986,3103,3143,	
- 3 211 3 1219,1250,1263,	
individual 1 211 1 816,	
respuesta 2 211 2 815,1718,	
VIII) 2 211 2 813,2193,	
hipersensibilidad 3 211 3 1085,1114,1642,	
(actividad 1 211 1 809,	
medio 3 211 3 803,2205,2250,	
precisa 1 211 1 796,	
monitorización 1 211 1 795,	
manteniendo 1 211 1 3185,	
deficiencia 1 211 1 1998,	
imprescindible 1 211 1 793,	
mayor 1 211 1 791,	
Particularmente 1 211 1 785,	
perfusiones 1 211 1 782,	
calcular 1 211 1 774,	
plasmáticos 1 211 1 763,	
niveles 4 211 4 762,830,912,947,	
adecuada 2 211 2 759,930,	
determinación 1 211 1 758,	
recomienda 6 211 6 756,1046,1142,1311,1482,1727,	
Se 3 211 3 755,1045,1310,	
Mayor 1 211 1 754,	
dentales 1 211 1 753,	
extracciones 1 211 1 752,	
incluyendo 1 211 1 751,	
Menor 1 211 1 750,	
Cirugía 1 211 1 749,	
24 1 211 1 743,	
vida 3 211 3 742,2045,2057,	
8- 1 211 1 741,	
reposición 1 211 1 1983,	
60-100% 1 211 1 736,	
LA 4 211 4 3247,3252,3292,3309,	
peligro 1 211 1 733,	
Hemorragias 1 211 1 731,	
3-4 1 211 1 730,	
12-24 1 211 1 727,	
moderado 1 211 1 726,	
acortar 1 211 1 884,	
hematoma 1 211 1 725,	
perfusión 5 211 5 721,739,1009,1657,2488,	
Repetir 2 211 2 719,737,	
30-60% 1 211 1 718,	
menores 1 211 1 714,	
oral 1 211 1 713,	
u 2 211 2 712,1963,	
muscular 2 211 2 711,723,	
Hemartrosis 2 211 2 708,715,	
Hemorragia 1 211 1 707,	
Duración 1 211 1 704,	
(horas)/ 1 211 1 703,	
exposición 3 211 3 1416,1431,1442,	
(infección 1 211 1 1340,	
requerido 1 211 1 699,	
Frecuencia 1 211 1 695,	
hemorragia/Tipo 1 211 1 689,	
Grado 1 211 1 686,	
cirugía 3 211 3 685,698,790,	
dosificación 2 211 2 680,697,	
original 1 211 1 2575,	
guía 1 211 1 678,	
tabla 1 211 1 676,	
Puede 1 211 1 672,	
correspondiente 1 211 1 671,	
período 1 211 1 670,	
durante 4 211 4 729,767,1576,2089,	
UI/dL) 1 211 1 667,	
% 1 211 1 662,	
establecido 1 211 1 660,	
plasmático 2 211 2 657,1987,	
inferior 3 211 3 654,2565,3191,	
continuación 2 211 2 645,3197,	
detallados 1 211 1 643,	
C 3 211 3 1791,1953,2568,	
hemorrágicos 2 211 2 640,683,	
episodios 2 211 2 639,682,	
observada 1 211 1 631,	
clínica 4 211 4 630,1464,1719,2393,	
despistaje 1 211 1 1230,	
eficacia 1 211 1 629,	
establecerán 1 211 1 623,	
frecuencia 2 211 2 618,779,	
0 1 211 1 612,	
(UI/dL) 2 211 2 610,702,	
(%) 2 211 2 609,700,	
FVIII 2 211 2 608,2223,	
deseado 1 211 1 606,	
nivel 4 211 4 656,1949,1986,2113,	
(kg) 1 211 1 603,	
= 1 211 1 600,	
necesarias 1 211 1 599,	
Dosis 1 211 1 596,	
siguiente 2 211 2 595,675,	
fórmula 1 211 1 594,	
Incompatibilidades 1 211 1 2443,	
2% 1 211 1 586,	
eleva 1 211 1 571,	
empírica 1 211 1 558,	
Nivel 1 211 1 691,	
observación 2 211 2 557,1463,	
(fluidos 1 211 1 2165,	
reconocimiento 1 211 1 1226,	
basa 1 211 1 554,	
necesaria 2 211 2 549,589,	
cálculo 1 211 1 545,	
contenido 2 211 2 536,2580,	
equivalente 1 211 1 529,	
unidad 1 211 1 523,	
plasma) 1 211 1 518,	
permanecen 1 211 1 2097,	
internacional 2 211 2 513,524,	
( 1 211 1 507,	
normal) 1 211 1 502,	
plasma 12 211 12 500,541,664,1177,1249,1262,1401,2086,2122,2173,2310,2409,	
interés 1 211 1 2321,	
han 5 211 5 1275,1540,1636,1686,2363,	
(en 2 211 2 496,661,	
envase 7 211 7 2582,2902,2913,2940,2966,2977,3231,	
porcentaje 1 211 1 495,	
plasmática 6 211 6 487,574,810,915,2134,2141,	
concentrados 2 211 2 481,1324,	
vigente 1 211 1 479,	
emplearse 1 211 1 673,	
(OMS) 1 211 1 478,	
Salud 1 211 1 477,	
Mundial 1 211 1 474,	
Organización 1 211 1 473,	
estándar 2 211 2 470,512,	
relación 4 211 4 467,497,509,2261,	
Internacionales 2 211 2 464,506,	
Unidades 4 211 4 463,505,598,1395,	
desarrollar 2 211 2 1410,1706,	
expresa 2 211 2 461,492,	
administradas 1 211 1 459,	
""Reacciones 1 211 1 1474,	
unidades 1 211 1 455,	
número 2 211 2 453,1504,	
El 12 211 12 452,544,1089,1251,1407,1804,1826,1883,1904,2112,2294,3017,	
paciente 4 211 4 451,1866,1882,2088,	
localización 1 211 1 440,	
hemostática 1 211 1 437,	
función 3 211 3 436,626,1834,	
presencia 1 211 1 937,	
alteración 1 211 1 433,	
gravedad 2 211 2 430,442,	
dependen 1 211 1 427,	
tratamiento 7 211 7 426,770,981,1165,1370,1722,2472,	
duración 1 211 1 424,	
Deficiencia 1 211 1 417,	
pruebas 4 211 4 414,1466,2323,2341,	
mediante 5 211 5 413,592,1224,1462,3038,	
Por 1 211 1 1574,	
sustitución 3 211 3 412,801,2073,	
terapia 5 211 5 410,799,822,954,1981,	
esencial 1 211 1 407,	
mayores 1 211 1 405,	
quirúrgicas 1 211 1 404,	
intervenciones 2 211 2 403,788,	
Especialmente 1 211 1 401,	
inicial 3 211 3 400,597,2154,	
caso 4 211 4 396,634,637,1155,	
ejemplo 1 211 1 393,	
calculadas 1 211 1 391,	
superiores 1 211 1 388,	
necesitarse 1 211 1 386,	
herméticamente 3 211 3 2711,2758,2806,	
circunstancias 1 211 1 384,	
En 18 211 18 382,635,838,874,894,943,1154,1443,1476,1624,1681,1693,1723,1785,2013,2151,2179,2280,	
obtenido 1 211 1 381,	
individualmente 1 211 1 376,	
administrar 2 211 2 373,784,	
cantidad 1 211 1 371,	
normal 5 211 5 369,543,665,2083,2308,	
5% 3 211 3 366,583,2237,	
aumento 2 211 2 355,605,	
produzca 1 211 1 353,	
esperar 1 211 1 339,	
transparente 1 211 1 3009,	
Cabe 1 211 1 338,	
parto 1 211 1 337,	
o 18 211 18 335,503,666,701,724,889,920,1008,1026,1176,1347,1617,1640,1970,1976,2401,3204,3211,	
intervención 1 211 1 334,	
después 2 211 2 331,3222,	
días 4 211 4 330,873,1429,1440,	
prolongarse 1 211 1 325,	
puerperal 1 211 1 323,	
C) 1 211 1 2517,	
y/o 1 211 1 322,	
postoperatorio 1 211 1 321,	
sangrado 3 211 3 320,710,923,	
riesgo 5 211 5 318,748,1210,1408,1423,	
picor 1 211 1 1651,	
cuenta 1 211 1 315,	
tenerse 1 211 1 313,	
Debe 1 211 1 312,	
horas 11 211 11 311,728,744,2050,2091,2178,2201,2208,2279,2511,2548,	
12 3 211 3 310,329,2207,	
8 9 211 9 308,1473,1621,2048,2198,2547,3164,3166,3249,	
da 1 211 1 307,	
ca 1 211 1 306,	
corporal) 1 211 1 305,	
separa 1 211 1 2975,	
RCo 3 211 3 300,347,361,	
FVW 3 211 3 299,346,360,	
96 1 211 1 296,	
48- 1 211 1 295,	
corresponde 2 211 2 293,2188,	
análisis 2 211 2 805,1252,	
(que 2 211 2 292,1643,	
Fecha 2 211 2 3294,3299,	
corporal 7 211 7 291,352,570,602,866,2246,2388,	
peso 8 211 8 290,304,351,569,601,865,2245,2387,	
kg 4 211 4 288,302,349,567,	
40 2 211 2 282,859,	
20 5 211 5 280,857,1428,2200,2827,	
administrarán 1 211 1 278,	
norma 1 211 1 276,	
Como 1 211 1 275,	
hemorragia 3 211 3 274,445,717,	
origen 1 211 1 271,	
extensión 1 211 1 269,	
según 6 211 6 267,377,2146,2602,2642,2676,	
ajustarse 2 211 2 266,375,	
debe 9 211 9 265,374,652,898,1455,2123,2447,2535,3236,	
afectos 1 211 1 2226,	
dosis 15 211 15 264,399,422,548,588,615,776,855,891,929,2327,2332,2345,2375,2381,	
Enfermedad 1 211 1 259,	
x 2 211 2 604,611,	
efecto 1 211 1 379,	
administración 9 211 9 257,342,621,888,991,1076,1145,2239,3138,	
forma 3 211 3 255,1795,1968,	
Posología 2 211 2 253,258,	
	" 1 211 1 250,	
CLÍNICOS 1 211 1 249,	
DATOS 2 211 2 248,2424,	
4 20 211 20 247,251,987,988,1013,1042,1060,1061,1472,1508,1533,1591,1620,1742,1743,1744,2553,2983,2985,3215,	
FARMACÉUTICA 1 211 1 239,	
FORMA 1 211 1 238,	
3 10 211 10 237,872,1043,2175,2275,2289,2490,2494,2960,2962,	
Apartado 2 211 2 234,3214,	
véase 1 211 1 233,	
excipientes 2 211 2 232,2430,	
Para 3 211 3 229,1735,2453,	
proteína 2 211 2 228,1836,	
VIII/mg 1 211 1 226,	
2-6 1 211 1 223,	
específica 1 211 1 216,	
ahora 2 211 2 1521,1748,	
actividad 15 211 15 215,358,486,520,532,573,647,659,914,1385,1391,2115,2133,2140,2253,	
Europea 4 211 4 213,2604,2644,2678,	
cantidades 1 211 1 387,	
Farmacopea 4 211 4 212,2603,2643,2677,	
cromogénico 1 211 1 209,	
método 2 211 2 208,1404,	
accidente 1 211 1 1975,	
determina 2 211 2 205,591,	
(UI) 2 211 2 203,465,	
potencia 1 211 1 202,	
náuseas 1 211 1 1671,	
La 19 211 19 201,214,263,370,421,485,519,587,614,814,1220,1328,1359,1930,2139,2218,2238,2269,2849,	
6 15 211 15 193,235,1002,1003,1534,2177,2423,2441,2489,2552,2576,2844,2845,3058,3060,	
66 1 211 1 192,	
160 1 211 1 184,	
humano/mL 3 211 3 157,178,200,	
50 2 211 2 150,171,	
acerca 2 211 2 1106,1564,	
120 2 211 2 142,163,	
aproximadamente 5 211 5 136,222,363,579,2107,	
contienen 2 211 2 135,1630,	
inyección 8 211 8 134,1007,1031,2094,2595,2635,2669,3212,	
Agua 5 211 5 132,2437,2721,2768,2816,	
mL 8 211 8 130,1399,2719,2734,2766,2781,2814,2828,	
10 5 211 5 127,327,2765,2780,3304,	
5 13 211 13 126,613,1509,1759,2009,2277,2278,2288,2577,2718,2733,3027,3029,	
disolventes 1 211 1 125,	
respectivos 1 211 1 124,	
reconstituyen 1 211 1 109,	
Cuando 3 211 3 107,1168,1861,	
humano 6 211 6 104,501,542,1451,2311,2410,	
coagulación 11 211 11 103,156,177,199,416,808,1453,1775,1939,2299,2407,	
VIII 50 211 50 100,154,175,197,286,420,458,484,490,516,527,535,552,565,577,650,694,766,825,906,918,942,957,1100,1327,1389,1419,1450,1549,1569,1585,1632,1712,1772,1790,1816,1840,1870,1885,1952,1990,2110,2118,2138,2144,2256,2296,2317,2405,2479,	
1000 1 211 1 96,	
ó 2 211 2 95,328,	
500 1 211 1 94,	
VHA 1 211 1 1289,	
250 1 211 1 93,	
Willebrand 12 211 12 91,148,169,190,262,1781,1803,1809,1830,1877,2025,2069,	
controlar 3 211 3 408,899,1456,	
von 13 211 13 90,147,168,189,261,1780,1802,1808,1820,1829,1876,2024,2068,	
factor 68 211 68 88,99,145,153,166,174,187,196,225,285,419,457,483,489,515,526,534,551,564,576,649,693,765,812,824,862,905,917,941,956,1099,1326,1388,1418,1449,1548,1568,1584,1631,1711,1771,1778,1789,1800,1806,1818,1827,1839,1869,1874,1884,1891,1898,1901,1905,1951,1989,2001,2109,2117,2137,2143,2192,2255,2295,2316,2404,2478,	
nominalmente 1 211 1 81,	
especiales 2 211 2 1065,2555,	
conteniendo 1 211 1 80,	
liofilizado 2 211 2 76,3052,	
polvo 5 211 5 75,2588,2710,2757,2805,	
presenta 2 211 2 73,1793,	
HAEMATE 14 211 14 70,110,137,158,179,218,1494,1527,1609,1756,1786,2075,2444,2524,	
CUANTITATIVA 1 211 1 68,	
obtienen 1 211 1 910,	
Y 2 211 2 67,3241,	
CUALITATIVA 1 211 1 66,	
COMPOSICIÓN 1 211 1 65,	
2 15 211 15 64,252,870,2010,2037,2258,2442,2743,2790,2837,2922,2924,3032,3089,3216,	
UI/1000 5 211 5 55,120,182,2800,3280,	
2400 7 211 7 54,85,119,181,2629,2799,3279,	
UI/500 6 211 6 43,116,161,2626,2752,3270,	
1200 7 211 7 42,83,115,160,2625,2751,3269,	
precauciones 1 211 1 1064,	
inyectable 5 211 5 39,51,63,79,246,	
solución 10 211 10 37,49,61,78,245,2533,2856,2890,3132,3233,	
disolvente 11 211 11 35,47,59,243,2666,2870,2929,2958,3000,3018,3086,	
Polvo 4 211 4 33,45,57,241,	
UI 33 211 33 32,44,56,86,97,114,117,121,141,143,151,162,164,172,183,185,194,224,283,297,345,562,860,2242,2592,2627,2632,2706,2753,2801,3261,3271,3281,	
UI/250 5 211 5 31,113,140,2705,3260,	
600 6 211 6 30,82,112,139,2704,3259,	
P 21 211 21 29,41,53,71,111,138,159,180,219,1495,1528,1610,1757,1787,2076,2445,2525,2559,3258,3268,3278,	
HAEMATE® 7 211 7 28,40,52,2558,3257,3267,3277,	
	 5 211 5 27,69,240,3248,3256,	
MEDICAMENTO 2 211 2 26,1764,	
DEL 2 211 2 25,3244,	
NOMBRE 2 211 2 24,3240,	
TÉCNICA 2 211 2 22,3311,	
FICHA 2 211 2 21,3310,	
Behring 2 211 2 20,3315,	
X 3 211 3 1899,1902,1906,	
CSL 2 211 2 19,3314,	
ocasiones 1 211 1 1695,	
información 3 211 3 16,230,1736,	
Toda 1 211 1 14,	
medicamento 3 211 3 13,18,1502,	
Basica 1 211 1 11,	
	Información 1 211 1 10,	
ml 2 211 2 9,539,	
15 4 211 4 8,129,2274,2813,	
ampolla 1 211 1 6,	
+ 1 211 1 4,	
clínico 4 211 4 380,449,2016,2234,	
vial 21 211 21 3,106,2708,2716,2755,2763,2803,2811,2927,2955,2988,2998,3014,3023,3043,3056,3066,3084,3105,3115,3126,	
1 32 211 32 2,5,23,236,344,365,538,561,582,2049,2241,2427,2707,2715,2725,2730,2739,2746,2754,2762,2772,2777,2786,2794,2802,2810,2819,2824,2833,2841,2908,2910,	
1000UI 1 211 1 1,	
HAEMATE-P 1 211 1 0,	
