	Prospectos 1 712 1 6200,	
" 1 712 1 6199,	
eu 1 712 1 6197,	
emea 1 712 1 6196,	
//www 1 712 1 6195,	
http 1 712 1 6194,	
(EMEA) 1 712 1 6193,	
Medicamentos 1 712 1 6192,	
página 1 712 1 6185,	
detallada 1 712 1 6177,	
2546799 1 712 1 6168,	
+370 1 712 1 6166,	
Lietuva"" 1 712 1 6164,	
UAB 1 712 1 6162,	
Lietuva 1 712 1 6161,	
366000 1 712 1 6160,	
1707 1 712 1 6159,	
+44 1 712 1 6157,	
039831 1 712 1 6155,	
+371 1 712 1 6152,	
SIA 1 712 1 6147,	
Latvija 2 712 2 6142,6146,	
+46 1 712 1 6137,	
76 2 712 2 6133,6135,	
+357 1 712 1 6130,	
AB 1 712 1 6129,	
& 1 712 1 6127,	
µ 1 712 1 6126,	
K 1 712 1 6124,	
331 1 712 1 6123,	
Puh/Tel 1 712 1 6118,	
2471 1 712 1 6117,	
+39 1 712 1 6114,	
p 1 712 1 6109,	
Italia 1 712 1 6105,	
8000 1 712 1 6104,	
540 1 712 1 6103,	
+354 1 712 1 6102,	
52638201 1 712 1 6100,	
+421 1 712 1 6097,	
hf 1 712 1 6095,	
Icepharma 1 712 1 6094,	
c/o 1 712 1 6093,	
Slovensko 1 712 1 6089,	
Slovenská 1 712 1 6084,	
360 1 712 1 6080,	
0700 1 712 1 6075,	
469 1 712 1 6074,	
+353 1 712 1 6071,	
d 1 712 1 6067,	
farmacevtska 1 712 1 6065,	
Ltd 2 712 2 6063,6150,	
(Ireland) 1 712 1 6062,	
Products 2 712 2 6061,6149,	
Slovenija 1 712 1 6059,	
01 1 712 1 6057,	
47 1 712 1 6056,	
206 1 712 1 6055,	
+40 1 712 1 6053,	
46 1 712 1 6048,	
+33 1 712 1 6045,	
L 1 712 1 6043,	
R 1 712 1 6042,	
România 2 712 2 6037,6040,	
France 1 712 1 6036,	
70 1 712 1 6034,	
21 2 712 2 6032,6054,	
+351 1 712 1 6030,	
+34 1 712 1 6023,	
Lda 1 712 1 6021,	
Química 1 712 1 6020,	
Farma 1 712 1 6015,	
España 1 712 1 6012,	
345 1 712 1 6009,	
100 1 712 1 6004,	
66 1 712 1 6003,	
210 1 712 1 6001,	
+30 1 712 1 6000,	
z 1 712 1 5997,	
Sp 1 712 1 5996,	
Polska 1 712 1 5995,	
E 1 712 1 5993,	
+43 1 712 1 5986,	
112 1 712 1 5983,	
372 1 712 1 5980,	
GmbH 1 712 1 5977,	
Austria 1 712 1 5976,	
OÜ 1 712 1 5974,	
Österreich 1 712 1 5971,	
00 5 712 5 5969,6028,6035,6051,6082,	
78 1 712 1 5967,	
+47 1 712 1 5964,	
140 1 712 1 5962,	
+49 1 712 1 5959,	
AS 1 712 1 5957,	
Norge 2 712 2 5951,5956,	
Deutschland 1 712 1 5950,	
348 1 712 1 5948,	
+31 1 712 1 5946,	
99 2 712 2 5943,5944,	
Tlf 2 712 2 5938,5963,	
a/s 2 712 2 5933,6087,	
Nederland 2 712 2 5931,5935,	
Danmark 1 712 1 5930,	
+420 1 712 1 5926,	
Kingdom) 1 712 1 5924,	
United 2 712 2 5923,6143,	
s 2 712 2 5919,6090,	
Malta 1 712 1 5917,	
Ceská 1 712 1 5915,	
800 1 712 1 5914,	
446 1 712 1 5913,	
401 1 712 1 5984,	
+36 1 712 1 5910,	
+386 1 712 1 6077,	
Tel 19 712 19 5909,5925,5945,5958,5978,5985,6005,6022,6029,6052,6070,6076,6096,6101,6113,6136,6151,6156,6165,	
818 1 712 1 5906,	
+359 1 712 1 5904,	
Magyarország 1 712 1 5903,	
82 1 712 1 5901,	
525 2 712 2 5900,6122,	
(0) 9 712 9 5898,5947,5960,5987,6046,6072,6120,6138,6158,	
+32 1 712 1 5897,	
Tél/Tel 1 712 1 5896,	
Belgique/Belgien) 1 712 1 5895,	
(Voir/siehe 1 712 1 5894,	
S 4 712 4 5892,6016,6041,6108,	
V 2 712 2 5890,5937,	
N 1 712 1 5889,	
Luxembourg/Luxemburg 1 712 1 5888,	
België/Belgique/Belgien 1 712 1 5887,	
titular 1 712 1 5881,	
Ísland 1 712 1 6083,	
respecto 1 712 1 5872,	
Alemania 1 712 1 5867,	
Emil-Barell-Strasse 1 712 1 5863,	
Fabricante 1 712 1 5859,	
comercialización 4 712 4 5823,5835,5843,5886,	
Posible 1 712 1 5822,	
disponible 2 712 2 5812,6182,	
contienen 1 712 1 5789,	
Aspecto 1 712 1 5759,	
polisorbato 1 712 1 5740,	
23 2 712 2 5734,5912,	
Zenapax? 1 712 1 5727,	
	"¿Qué 1 712 1 5725,	
ADICIONAL 1 712 1 5724,	
mes 1 712 1 5718,	
último 1 712 1 5715,	
CAD 1 712 1 5708,	
abreviatura 1 712 1 5707,	
etiqueta 1 712 1 5701,	
C) 1 712 1 5670,	
8º 1 712 1 5669,	
2º 1 712 1 5666,	
comuníqueselo 1 712 1 5641,	
mencionados 1 712 1 5625,	
nariz 1 712 1 5613,	
Algunos 1 712 1 5583,	
(hipersensibilidad) 1 712 1 5580,	
Raramente 1 712 1 5575,	
quirúrgica 2 712 2 5574,5601,	
intervención 2 712 2 5573,5600,	
reducida 1 712 1 5567,	
(disuria); 1 712 1 5565,	
Kingdom 1 712 1 6144,	
generalizada; 1 712 1 5544,	
debilidad 1 712 1 5543,	
escalofríos; 1 712 1 5542,	
fiebre; 1 712 1 5541,	
inyección; 1 712 1 5540,	
irritación 1 712 1 5531,	
cansancio; 1 712 1 5530,	
pecho; 1 712 1 5527,	
(mialgia); 1 712 1 5524,	
especialmente 1 712 1 5513,	
calambres 1 712 1 5511,	
espalda; 1 712 1 5510,	
(hirsutismo); 1 712 1 5507,	
exagerada 1 712 1 5506,	
vellosidad 1 712 1 5505,	
nocturnos; 1 712 1 5500,	
sudores 1 712 1 5499,	
acné; 1 712 1 5498,	
piel; 1 712 1 5497,	
picazón 2 712 2 5494,5607,	
cutánea; 1 712 1 5493,	
local 1 712 1 5879,	
erupción 1 712 1 5492,	
hemorroides; 1 712 1 5491,	
gases; 1 712 1 5490,	
hinchado; 1 712 1 5484,	
(estertores); 1 712 1 5482,	
crepitantes 1 712 1 5481,	
anormales 1 712 1 5478,	
sonidos 2 712 2 5476,5480,	
7624 1 712 1 5961,	
tos; 1 712 1 5473,	
oxígeno 1 712 1 5467,	
(atelectasis); 1 712 1 5464,	
colapso 1 712 1 5462,	
pleural); 1 712 1 5461,	
(derrame 1 712 1 5460,	
pulmonar); 1 712 1 5456,	
noche 1 712 1 5454,	
(linfocele); 1 712 1 5443,	
linfático 1 712 1 5437,	
(hipotensión); 1 712 1 5433,	
baja 1 712 1 5432,	
(trombosis); 1 712 1 5429,	
sanguíneo 1 712 1 5428,	
coágulo 1 712 1 5427,	
(hemorragia); 1 712 1 5426,	
sangrado 1 712 1 5425,	
corazón 1 712 1 5423,	
latidos 1 712 1 5421,	
aceleración 1 712 1 5418,	
hormigueo; 1 712 1 5415,	
depresión; 1 712 1 5413,	
ansiedad; 1 712 1 5412,	
deshidratación; 1 712 1 5411,	
líquidos; 1 712 1 5410,	
(hiperglucemia); 1 712 1 5407,	
azúcar 1 712 1 5404,	
cantidad 1 712 1 5401,	
mellitus; 1 712 1 5400,	
(rinitis); 1 712 1 5398,	
moqueo 1 712 1 5397,	
(faringitis); 1 712 1 5396,	
garganta 2 712 2 5395,5615,	
inflamación 1 712 1 5393,	
100) 1 712 1 5391,	
problemas 1 712 1 5376,	
periférico); 1 712 1 5374,	
(edema 2 712 2 5373,5455,	
brazos 1 712 1 5370,	
hinchazón 1 712 1 5368,	
líquido 4 712 4 5363,5436,5457,5776,	
estómago 3 712 3 5353,5483,5487,	
ardor 1 712 1 5351,	
vómitos; 1 712 1 5348,	
diarrea; 1 712 1 5347,	
estreñimiento; 1 712 1 5346,	
respirar 1 712 1 5344,	
(hipertensión) 1 712 1 5340,	
sanguínea 3 712 3 5338,5431,5605,	
cabeza 1 712 1 5335,	
(temblor) 1 712 1 5331,	
dificultad 3 712 3 5326,5342,5551,	
urgente 1 712 1 5309,	
necesitar 1 712 1 5306,	
aparecer 2 712 2 5292,5577,	
confusión 1 712 1 5279,	
tumbado 2 712 2 5277,5451,	
falta 3 712 3 5271,5444,5465,	
tos 1 712 1 5269,	
nota 2 712 2 5262,5621,	
igual 1 712 1 5239,	
	Al 1 712 1 5238,	
ADVERSOS 1 712 1 5237,	
EFECTOS 1 712 1 5236,	
POSIBLES 1 712 1 5235,	
pregunte 1 712 1 5228,	
prevista 1 712 1 5216,	
margen 1 712 1 5204,	
semanas 1 712 1 5196,	
durar 1 712 1 5194,	
suele 1 712 1 5193,	
consta 1 712 1 5184,	
recibirá 1 712 1 5183,	
separadas 1 712 1 5174,	
Recibirá 1 712 1 5170,	
corporal) 1 712 1 5146,	
kg 1 712 1 5143,	
(normalmente 1 712 1 5139,	
adecuada 1 712 1 5138,	
proporcionará 1 712 1 5135,	
sanitario 1 712 1 5133,	
profesional 1 712 1 5132,	
paciente 1 712 1 5130,	
CÓMO 1 712 1 5103,	
altere 1 712 1 5093,	
Conducción 1 712 1 5081,	
comenzar 1 712 1 5060,	
aprobado 1 712 1 6172,	
anticonceptivas 1 712 1 5057,	
medidas 1 712 1 5056,	
aconsejarle 1 712 1 5052,	
Su 1 712 1 5049,	
próximo 1 712 1 5048,	
futuro 1 712 1 5047,	
planea 1 712 1 5042,	
lactante 1 712 1 5025,	
feto 1 712 1 5022,	
provocar 1 712 1 5017,	
embarazada 3 712 3 5006,5033,5040,	
consentimiento 1 712 1 4980,	
esté 3 712 3 4964,5276,5450,	
Portugal 1 712 1 6013,	
disminuir 1 712 1 4957,	
potenciar 1 712 1 4955,	
importante 1 712 1 4944,	
recientemente 1 712 1 4932,	
tomado 1 712 1 4931,	
Informe 3 712 3 4920,5026,5256,	
Uso 1 712 1 4915,	
adecuado 1 712 1 4914,	
aplicará 1 712 1 4911,	
presentara 1 712 1 4904,	
presentarse 1 712 1 4879,	
aumenta 1 712 1 4862,	
defensa 2 712 2 4833,4848,	
naturales 2 712 2 4831,4846,	
mecanismos 2 712 2 4830,4845,	
alérgica 2 712 2 4819,4907,	
tenido 1 712 1 4814,	
especial 1 712 1 4806,	
lea 1 712 1 4798,	
favor 1 712 1 4797,	
componentes 2 712 2 4786,5738,	
(hipersensible) 1 712 1 4777,	
alérgico 1 712 1 4776,	
r 2 712 2 5920,6091,	
use 3 712 3 4771,5295,5684,	
	No 1 712 1 4770,	
USAR 2 712 2 4768,5104,	
trasplantados 1 712 1 4749,	
prevenir 1 712 1 4742,	
causaría 1 712 1 4733,	
suprime 1 712 1 4722,	
específicos 1 712 1 4716,	
blancos 1 712 1 4715,	
glóbulos 1 712 1 4714,	
superficie 1 712 1 4712,	
situado 1 712 1 4709,	
antígenos 1 712 1 4701,	
denominadas 1 712 1 4700,	
unen 1 712 1 4693,	
dormir 1 712 1 5328,	
reconocen 1 712 1 4690,	
son 4 712 4 4687,5324,5392,5739,	
monoclonal 1 712 1 4660,	
órgano 1 712 1 4653,	
organismo 6 712 6 4649,4699,4728,4745,4835,4850,	
natural 2 712 2 4647,4726,	
ayudan 3 712 3 4642,4826,4841,	
pertenece 1 712 1 4632,	
	El 1 712 1 4630,	
UTILIZA 1 712 1 4629,	
SE 1 712 1 4628,	
PARA 1 712 1 4626,	
QUÉ 2 712 2 4622,4627,	
adicional 1 712 1 4620,	
Conservación 1 712 1 4615,	
(hipoxia); 1 712 1 5471,	
Cómo 1 712 1 4607,	
Antes 1 712 1 4602,	
utiliza 2 712 2 4600,4740,	
informe 1 712 1 4583,	
descritos 2 712 2 4579,5637,	
sufre 2 712 2 4573,5631,	
mencionado 1 712 1 4567,	
personas 2 712 2 4547,5253,	
pasarlo 1 712 1 4544,	
personalmente 1 712 1 4539,	
Vd 3 712 3 4538,4543,4812,	
le 4 712 4 4534,4903,4910,5134,	
farmacéutico 5 712 5 4529,4588,4925,5233,5646,	
médico 11 712 11 4527,4586,4909,4923,4983,5010,5030,5050,5231,5260,5644,	
duda 2 712 2 4523,5221,	
leerlo 1 712 1 4518,	
volver 1 712 1 4516,	
Conserve 1 712 1 4510,	
Lea 1 712 1 4497,	
	B 1 712 1 4486,	
Titular 2 712 2 5830,5838,	
UNIDADES 1 712 1 4481,	
rechazar 1 712 1 4651,	
VOLUMEN 1 712 1 4478,	
PESO 1 712 1 4477,	
	Lote 1 712 1 4473,	
Consultar 1 712 1 4456,	
	Vía 1 712 1 4451,	
VIAL 1 712 1 4429,	
articulaciones 2 712 2 5357,5519,	
PRIMARIOS 1 712 1 4428,	
ACONDICIONAMIENTOS 1 712 1 4427,	
PEQUEÑOS 1 712 1 4426,	
int/ 1 712 1 6198,	
MÍNIMA 1 712 1 4421,	
2°C 1 712 1 4324,	
empezar 1 712 1 4504,	
	3 1 712 1 4257,	
BRAILLE 2 712 2 4153,4419,	
INSTRUCCIONES 2 712 2 4147,4413,	
GENERALES 2 712 2 4138,4404,	
FABRICANTE 3 712 3 4134,4400,4472,	
LOTE 3 712 3 4132,4398,4470,	
NÚMERO 3 712 3 4130,4396,4468,	
NOMBRE 2 712 2 4097,4363,	
(oliguria); 1 712 1 5570,	
CORRESPONDA) 2 712 2 4095,4361,	
1200 1 712 1 6141,	
(CUANDO 2 712 2 4094,4360,	
DIRECTO 2 712 2 4090,4356,	
CONTACTO 2 712 2 4089,4355,	
ESTÉN 2 712 2 4087,4353,	
MATERIALES 2 712 2 4085,4351,	
UTILIZADO 2 712 2 4081,4347,	
ELIMINACIÓN 2 712 2 4077,4343,	
8°C) 2 712 2 4060,4326,	
(2°C 1 712 1 4058,	
	Conservar 2 712 2 4055,4320,	
CONSERVACIÓN 3 712 3 4054,4319,5648,	
	CAD 3 712 3 4049,4314,4466,	
CADUCIDAD 3 712 3 4048,4313,4465,	
NECESARIO 2 712 2 4044,4309,	
ES 3 712 3 4043,4308,4623,	
SI 2 712 2 4042,4307,	
ESPECIALES 6 712 6 4041,4052,4075,4306,4317,4341,	
niños 4 712 4 4037,4302,5591,5661,	
MANTENERSE 2 712 2 4026,4291,	
prospecto 9 712 9 4014,4279,4458,4500,4512,4570,4591,5628,6170,	
diluir 3 712 3 4011,4276,4455,	
web 1 712 1 6186,	
Vía 2 712 2 4005,4270,	
C 1 712 1 5667,	
ADMINISTRACIÓN 4 712 4 4004,4269,4437,4450,	
VÍA(S) 3 712 3 4002,4267,4435,	
	1 1 712 1 3994,	
ENVASE 2 712 2 3993,4256,	
agua 3 712 3 3984,4247,5756,	
hidróxido 3 712 3 3982,4245,5754,	
	Polisorbato 2 712 2 3968,4231,	
EXCIPIENTES 2 712 2 3967,4230,	
ACTIVO(S) 2 712 2 3915,4178,	
PRINCIPIO(S) 2 712 2 3914,4177,	
CARTONAJE 2 712 2 3899,4162,	
caducidad 2 712 2 5692,5712,	
EXTERIOR 2 712 2 3898,4161,	
EMBALAJE 2 712 2 3897,4160,	
EL 6 712 6 3896,4023,4092,4159,4288,4358,	
DEBE 5 712 5 3893,4025,4156,4290,4423,	
QUE 7 712 7 3892,4022,4086,4155,4287,4352,4422,	
cartón 1 712 1 5697,	
PROSPECTO 2 712 2 3886,4487,	
OTRAS 3 712 3 3880,4039,4304,	
cuerpo 3 712 3 5366,5442,5470,	
procede 1 712 1 3878,	
EFICAZ 1 712 1 3874,	
UTILIZACIÓN 1 712 1 3871,	
RELACIÓN 1 712 1 3868,	
decide 1 712 1 5011,	
2) 1 712 1 3862,	
(Véase 1 712 1 3852,	
restringida 1 712 1 3851,	
médica 4 712 4 3850,4145,4411,5308,	
prescripción 3 712 3 3849,4144,4410,	
sujeto 3 712 3 3847,4142,4408,	
Medicamento 3 712 3 3846,4141,4407,	
AL 1 712 1 3839,	
IMPUESTAS 1 712 1 3838,	
USO 3 712 3 3837,4149,4415,	
DISPENSACIÓN 3 712 3 3835,4140,4406,	
RESTRICCIONES 2 712 2 3833,3866,	
O 5 712 5 3832,3865,4082,4348,4479,	
· 3 712 3 3830,3863,3879,	
ALEMANIA 1 712 1 3822,	
Grenzach-Wyhlen 2 712 2 3821,5866,	
D-79639 2 712 2 3820,5865,	
anexo 1 712 1 3853,	
Emil-Barell-Str 1 712 1 3818,	
AG 3 712 3 3817,5862,5954,	
Pharma 3 712 3 3816,5861,5953,	
lotes 1 712 1 3814,	
liberación 1 712 1 3811,	
USA 1 712 1 3804,	
New 1 712 1 3802,	
druzba 1 712 1 6066,	
aumentar 1 712 1 4852,	
Nutley 1 712 1 3801,	
Street 1 712 1 3800,	
Kingsland 1 712 1 3799,	
340 1 712 1 3798,	
Inc 1 712 1 3797,	
Roche 29 712 29 3796,3815,4107,4373,5844,5860,5891,5918,5932,5934,5952,5955,5972,5975,5990,5994,6014,6018,6038,6039,6060,6064,6086,6088,6107,6111,6128,6145,6148,	
Hoffmann 1 712 1 3794,	
Consulte 2 712 2 4012,4277,	
biológico 1 712 1 3792,	
principio 2 712 2 3791,5730,	
fabricante 3 712 3 3789,3807,5837,	
social 1 712 1 3787,	
razón 1 712 1 3786,	
Nombre 2 712 2 3784,3805,	
CONDICIONES 9 712 9 3757,3824,3831,3864,3881,4051,4137,4316,4403,	
B 3 712 3 3756,3823,5936,	
LOTES 2 712 2 3755,3783,	
LOS 4 712 4 3754,3782,4084,4350,	
RESPONSABLE(S) 2 712 2 3749,3777,	
FABRICACIÓN 2 712 2 3748,3776,	
TITULAR(ES) 2 712 2 3743,3771,	
BIOLÓGICA 2 712 2 3741,3769,	
ACTIVA 2 712 2 3740,3768,	
SUBSTANCIA 2 712 2 3739,3767,	
FABRICANTE(S) 2 712 2 3736,3764,	
A 7 712 7 3735,3763,3888,5893,5992,6017,6110,	
REVISIÓN 1 712 1 3732,	
Abril 1 712 1 3725,	
renovación 1 712 1 3722,	
1999 1 712 1 3719,	
Febrero 1 712 1 3717,	
autorización 4 712 4 3714,5833,5841,5884,	
(artralgia); 1 712 1 5520,	
AUTORIZACIÓN/RENOVACIÓN 1 712 1 3706,	
PRIMERA 1 712 1 3705,	
FECHA 5 712 5 3702,3729,4046,4311,4463,	
viales) 1 712 1 3700,	
Esta 1 712 1 4720,	
EU/1/99/098/002 2 712 2 3696,4394,	
vial) 1 712 1 3695,	
(envase 2 712 2 3692,3697,	
EU/1/99/098/001 2 712 2 3691,4128,	
NÚMERO(S) 3 712 3 3686,4123,4389,	
Unido 4 712 4 3684,4121,4387,5858,	
Reino 4 712 4 3683,4120,4386,5857,	
City 4 712 4 3682,4117,4383,5854,	
Garden 4 712 4 3681,4116,4382,5853,	
Welwyn 4 712 4 3680,4115,4381,5852,	
1TW 4 712 4 3679,4119,4385,5856,	
AL7 4 712 4 3678,4118,4384,5855,	
ruidos 1 712 1 5474,	
Park 4 712 4 3677,4114,4380,5851,	
fosfato 6 712 6 3972,3976,4235,4239,5744,5748,	
Shire 4 712 4 3676,4113,4379,5850,	
Way 4 712 4 3675,4112,4378,5849,	
Falcon 4 712 4 3674,4111,4377,5848,	
Limited 4 712 4 3672,4109,4375,5846,	
Registration 4 712 4 3671,4108,4374,5845,	
generalizado; 1 712 1 5529,	
COMERCIALIZACIÓN 9 712 9 3669,3690,3762,3829,3845,4106,4127,4372,4393,	
AUTORIZACIÓN 12 712 12 3667,3688,3709,3746,3760,3774,3827,3843,4104,4125,4370,4391,	
LA 16 712 16 3666,3704,3708,3731,3738,3745,3751,3759,3766,3773,3779,3826,3842,3870,4103,4369,	
perfundir 1 712 1 3646,	
diluye 1 712 1 3612,	
Una 1 712 1 3599,	
coloración 1 712 1 3598,	
partículas 1 712 1 3594,	
inspeccionarse 1 712 1 3583,	
parenteral 1 712 1 3581,	
viales 4 712 4 3572,4258,5787,5821,	
suministra 2 712 2 3570,5785,	
incolora 1 712 1 3567,	
sustancias 2 712 2 3561,3651,	
piernas 1 712 1 5372,	
antimicrobianos 1 712 1 3559,	
conservantes 1 712 1 3558,	
puesto 1 712 1 3552,	
esterilidad 1 712 1 3547,	
mantener 1 712 1 3545,	
Procure 1 712 1 3544,	
suavemente 1 712 1 3543,	
bolsa 1 712 1 3542,	
trasplantado 1 712 1 4654,	
invierta 1 712 1 3540,	
Jersey 1 712 1 3803,	
evitar 1 712 1 3533,	
agite 1 712 1 3531,	
mezclar 1 712 1 3526,	
726 1 712 1 6140,	
diluirse 2 712 2 3503,5112,	
27739 1 712 1 5989,	
maquinas 1 712 1 5101,	
Debe 2 712 2 3502,5111,	
directamente 2 712 2 3501,5110,	
inyectarse 2 712 2 3500,5109,	
NO 4 712 4 3498,4080,4346,5107,	
manipulación 1 712 1 3496,	
CON 3 712 3 3869,4091,4357,	
Instrucciones 1 712 1 3492,	
locales 1 712 1 3491,	
exigencias 1 712 1 3490,	
acuerdo 1 712 1 3487,	
establecerá 1 712 1 3485,	
utilizados 1 712 1 3479,	
+358 1 712 1 6119,	
productos 2 712 2 3477,3578,	
comercializados 1 712 1 3466,	
tamaños 3 712 3 3461,5814,5827,	
ó 2 712 2 3455,5318,	
envases 4 712 4 3452,3463,3483,5829,	
Tamaño 1 712 1 3450,	
I) 1 712 1 3449,	
Tipo 1 712 1 3448,	
	Roche 1 712 1 3670,	
(vidrio 1 712 1 3447,	
recipiente 1 712 1 3441,	
contenido 1 712 1 3439,	
Naturaleza 1 712 1 3437,	
luz 4 712 4 3434,4072,4338,5680,	
congelar 4 712 4 3423,4062,4328,5682,	
°C) 1 712 1 3419,	
­y 1 712 1 3417,	
( 3 712 3 3414,4323,5665,	
36 1 712 1 5941,	
nevera 5 712 5 3413,3623,4057,4322,5664,	
Conservar 6 712 6 3411,3425,4063,4329,5662,5671,	
Precauciones 2 712 2 3407,3469,	
conservación 2 712 2 3400,3410,	
Tél 1 712 1 6044,	
responsable 2 712 2 3392,3808,	
+48 1 712 1 6006,	
usuario 1 712 1 3390,	
emplea 1 712 1 3387,	
Si 7 712 7 3384,3610,4520,4561,4901,5217,5620,	
validadas 1 712 1 3383,	
controladas 1 712 1 3381,	
asépticas 2 712 2 3380,3615,	
condiciones 3 712 3 3379,3398,3614,	
haya 1 712 1 3376,	
guardar 1 712 1 3365,	
usarse 2 712 2 3360,4971,	
diluido 1 712 1 3358,	
microbiológico 1 712 1 3355,	
vista 5 712 5 3354,4034,4299,5416,5658,	
punto 1 712 1 3352,	
- 36 712 36 3339,3420,3421,3424,3630,4509,4519,4530,4560,4773,4789,4810,5325,5329,5332,5336,5341,5345,5354,5360,5375,5728,5735,5911,5927,5940,5965,5981,6007,6024,6031,6078,6098,6115,6131,6153,	
ºC 5 712 5 3338,3347,3416,3629,3639,	
preparada 3 712 3 3330,3551,3601,	
física 1 712 1 3326,	
química 1 712 1 3324,	
adquiridos 1 712 1 4938,	
estabilidad 1 712 1 3323,	
demostrado 1 712 1 3321,	
inmediato 1 712 1 3318,	
indica 1 712 1 5721,	
recomienda 1 712 1 3315,	
dilución 2 712 2 3313,3370,	
Después 1 712 1 3310,	
validez 1 712 1 3307,	
equipos 1 712 1 3300,	
polivinilo 1 712 1 3297,	
cloruro 6 712 6 3295,3512,3970,4233,5120,5742,	
incompatibilidad 1 712 1 3288,	
Agua 1 712 1 3277,	
Lote 2 712 2 4135,4401,	
Hidróxido 1 712 1 3275,	
324 1 712 1 6026,	
clorhídrico 4 712 4 3273,3980,4243,5752,	
Ácido 1 712 1 3272,	
disódico 4 712 4 3270,3977,4240,5749,	
anhidro 8 712 8 3268,3271,3975,3978,4238,4241,5747,5750,	
dehidrogenado 4 712 4 3267,3974,4237,5746,	
Fosfato 2 712 2 3265,3269,	
sódico 14 712 14 3264,3266,3276,3513,3971,3973,3983,4234,4236,4246,5121,5743,5745,5755,	
Cloruro 1 712 1 3263,	
80 4 712 4 3262,3969,4232,5741,	
Polisorbato 1 712 1 3261,	
Lista 1 712 1 3258,	
	6 1 712 1 3256,	
FARMACÉUTICOS 1 712 1 3255,	
materna) 1 712 1 3252,	
28% 1 712 1 3248,	
(0 1 712 1 3244,	
materna 1 712 1 3243,	
secretaban 1 712 1 3234,	
normal 2 712 2 3231,5287,	
les 1 712 1 3220,	
siete 1 712 1 3214,	
observó 1 712 1 3209,	
Agencia 1 712 1 6189,	
nalgas 1 712 1 3184,	
parto 1 712 1 3182,	
cesárea 1 712 1 3180,	
mortinatalidad 1 712 1 3179,	
preservarlo 4 712 4 3431,4069,4335,5677,	
20% 1 712 1 3173,	
completo 3 712 3 3168,5181,5192,	
especie 1 712 1 3160,	
control 2 712 2 3156,3190,	
borrosa; 1 712 1 5417,	
considerable 1 712 1 3149,	
inter-animal 1 712 1 3148,	
variabilidad 1 712 1 3147,	
aborto 1 712 1 3134,	
reproducción 2 712 2 3123,3205,	
genotóxico 1 712 1 3109,	
resultado 1 712 1 3108,	
OTROS 1 712 1 4485,	
específicas 1 712 1 3104,	
uniones 1 712 1 3102,	
ausencia 1 712 1 3100,	
56 1 712 1 3095,	
órganos) 1 712 1 3090,	
(de 1 712 1 3088,	
criocongelación 1 712 1 3087,	
humanos 2 712 2 3085,3233,	
vitro 1 712 1 3080,	
in 1 712 1 3079,	
cruzada 1 712 1 3078,	
reactividad 1 712 1 3077,	
presentó 1 712 1 3076,	
anti-daclizumab 1 712 1 3073,	
exceptuando 1 712 1 3063,	
apreciables 1 712 1 3062,	
mantuvieron 1 712 1 3056,	
anafiláctica 1 712 1 3052,	
Uno 1 712 1 3044,	
representante 1 712 1 5878,	
detenidamente 1 712 1 4501,	
monos 3 712 3 3038,3048,3066,	
conejos 1 712 1 3021,	
ratas 1 712 1 3019,	
Eesti 2 712 2 5970,5973,	
subcutánea 1 712 1 3016,	
intravenoso 1 712 1 3011,	
tolerado 1 712 1 3005,	
preclínicos 1 712 1 2999,	
tamaño 1 712 1 5763,	
Datos 1 712 1 2998,	
(CellCept) 1 712 1 2995,	
activo 3 712 3 2991,3793,5731,	
ácido 4 712 4 2988,3979,4242,5751,	
dosificación 1 712 1 2979,	
observada 1 712 1 2969,	
saturada 1 712 1 2945,	
permaneció 1 712 1 2944,	
inmediatamente 6 712 6 2931,3361,3388,3606,5027,5257,	
saturó 1 712 1 2930,	
5ª 1 712 1 2914,	
(16 1 712 1 2894,	
Estándar) 1 712 1 2888,	
Desviación 1 712 1 2887,	
+ 2 712 2 2886,5979,	
(valor 1 712 1 2884,	
suero 1 712 1 2883,	
61 2 712 2 2857,6002,	
evaluaron 1 712 1 2855,	
propiedades 1 712 1 2850,	
edad) 1 712 1 2839,	
(sexo 1 712 1 2835,	
identificadas 1 712 1 2834,	
covariantes 1 712 1 2833,	
basados 1 712 1 2830,	
ajustes 1 712 1 2827,	
realizar 1 712 1 2826,	
demográficas 1 712 1 2822,	
alérgicas 3 712 3 4881,4895,5579,	
características 2 712 2 2821,3858,	
rango 1 712 1 2819,	
30% 1 712 1 2805,	
fármaco 1 712 1 2802,	
dosifique 1 712 1 2794,	
justifica 1 712 1 2790,	
conocido 1 712 1 2782,	
raza 2 712 2 2779,2837,	
proteinuria 2 712 2 2776,2836,	
sexo 1 712 1 2774,	
Fecha 2 712 2 3710,3720,	
corporal 2 712 2 2769,2785,	
peso 3 712 3 2768,2784,5145,	
depende 1 712 1 2766,	
sistémica 2 712 2 2763,2789,	
Oy 1 712 1 6112,	
mareo; 1 712 1 5414,	
poblacional 1 712 1 2758,	
farmacocinético 1 712 1 2757,	
proteína 1 712 1 2754,	
552 1 712 1 2740,	
IgG 1 712 1 2730,	
descrita 1 712 1 2727,	
equivalente 1 712 1 2724,	
480 2 712 2 2711,2744,	
(promedio 2 712 2 2709,2742,	
919 1 712 1 2707,	
270 1 712 1 2705,	
osciló 3 712 3 2703,2734,3171,	
terminal 1 712 1 2700,	
eliminación 8 712 8 2699,2762,2788,3472,3474,5281,5554,5566,	
semivida 1 712 1 2696,	
crítico 1 712 1 2693,	
periodo 5 712 5 2691,2954,4793,4996,5035,	
constituyen 1 712 1 2689,	
Qué 1 712 1 4593,	
Estos 4 712 4 2685,4640,5288,5297,	
posteriores 1 712 1 2682,	
activados 1 712 1 2676,	
suficientes 1 712 1 2659,	
mantendrá 1 712 1 2654,	
recomendado 1 712 1 2651,	
inhibir 1 712 1 2642,	
­ 5 712 5 3224,3246,4059,4325,5668,	
necesitan 1 712 1 2619,	
µg/ml 4 712 4 2612,2628,2640,2922,	
{Mes/año} 1 712 1 6174,	
mínima 2 712 2 2599,2909,	
(32 1 712 1 2592,	
quinta 3 712 3 2590,2616,2900,	
µg/ml) 4 712 4 2587,2595,2897,2905,	
(21 2 712 2 2584,2902,	
envase 6 712 6 3428,4066,4332,5674,5765,5816,	
aumentaron 1 712 1 2580,	
estándar) 1 712 1 2579,	
desviación 2 712 2 2578,2603,	
(media 1 712 1 2576,	
séricas 5 712 5 2575,2621,2637,2658,3059,	
concentraciones 6 712 6 2574,2620,2636,2656,3058,3092,	
Durante 1 712 1 2545,	
farmacocinéticas 3 712 3 2544,2851,2983,	
(PTLD) 1 712 1 2534,	
postrasplante 1 712 1 2533,	
linfoproliferativa 1 712 1 2532,	
enfermedad 1 712 1 2531,	
desarrollo 1 712 1 2529,	
adversa 1 712 1 2526,	
estuvo 1 712 1 2521,	
(hidronefrosis); 1 712 1 5557,	
beneficioso 1 712 1 2504,	
glomerular 1 712 1 2492,	
Suomi/Finland 1 712 1 6106,	
filtración 1 712 1 2491,	
máximo 1 712 1 2885,	
creatinina 1 712 1 2485,	
evaluada 1 712 1 2482,	
función 1 712 1 2480,	
92%) 1 712 1 2475,	
(94% 1 712 1 2473,	
017) 1 712 1 2464,	
p= 1 712 1 2462,	
96%; 1 712 1 2461,	
(88% 1 712 1 2459,	
82%) 1 712 1 2435,	
84%) 1 712 1 2426,	
vs 4 712 4 2425,2434,2460,2474,	
(83% 1 712 1 2424,	
tensión 3 712 3 5337,5430,5604,	
triple 2 712 2 2422,2471,	
345) 1 712 1 2389,	
(n= 2 712 2 2388,2401,	
experimentaron 2 712 2 2378,2394,	
injerto 1 712 1 2366,	
supervivencia 2 712 2 2364,2439,	
saturación 1 712 1 2957,	
cuenta 1 712 1 2358,	
referencia 1 712 1 2810,	
28%) 1 712 1 2354,	
(43% 1 712 1 2351,	
FIGURAR 2 712 2 3894,4157,	
mediante 1 712 1 2341,	
saturar 2 712 2 2630,2661,	
probado 1 712 1 2340,	
conjuntos 1 712 1 2334,	
biopsia 2 712 2 2321,2342,	
confirmado 1 712 1 2319,	
tasa 4 712 4 2315,2362,2437,2489,	
reducción 1 712 1 2312,	
significativa 2 712 2 2306,2406,	
estadísticamente 2 712 2 2305,2344,	
superioridad 1 712 1 2304,	
retención 1 712 1 5408,	
demostraron 2 712 2 2302,3098,	
Ambos 1 712 1 2300,	
metilprednisolona) 1 712 1 2291,	
(prednisona 1 712 1 2289,	
solicitar 1 712 1 5869,	
esteroides 1 712 1 2288,	
mg/kg) 3 712 3 2286,2299,3228,	
estándar 3 712 3 2282,2604,3113,	
régimen 3 712 3 2279,2650,2977,	
añadió 1 712 1 2276,	
III 2 712 2 2274,3883,	
Fase 1 712 1 2273,	
Renal 1 712 1 2268,	
Receptores 1 712 1 2265,	
Combinado 1 712 1 2262,	
Este 2 712 2 4531,6169,	
Tratamiento 1 712 1 2261,	
esperados 1 712 1 2257,	
transitorios 1 712 1 2256,	
descensos 1 712 1 2255,	
parte 2 712 2 2252,5440,	
celulares 1 712 1 2250,	
fenotipos 1 712 1 2249,	
receta 1 712 1 4940,	
estimada 1 712 1 2697,	
circulantes 1 712 1 2245,	
recuento 1 712 1 2241,	
cambios 3 712 3 2238,3596,5549,	
(CCAF) 1 712 1 2233,	
fluorescencia 1 712 1 2232,	
activadas 1 712 1 2230,	
suprimir 3 712 3 4644,4828,4843,	
45% 1 712 1 3175,	
Mediante 1 712 1 2223,	
examinado 1 712 1 2222,	
relevante 1 712 1 2221,	
parámetro 1 712 1 2219,	
INCLUIRSE 1 712 1 4424,	
sérica 5 712 5 2212,2486,2598,2908,3251,	
eficacia 1 712 1 2207,	
probabilidad 1 712 1 5589,	
afectar 1 712 1 2204,	
pareció 1 712 1 2203,	
aprecia 1 712 1 4562,	
desarrollaron 2 712 2 2181,3071,	
posológica 1 712 1 2178,	
pauta 1 712 1 2177,	
satura 1 712 1 2161,	
aloinjerto 1 712 1 2159,	
implicada 1 712 1 2154,	
respuesta 3 712 3 2151,4646,4724,	
mediada 2 712 2 2142,2646,	
espuma 1 712 1 3537,	
activación 1 712 1 2138,	
biológica 2 712 2 2128,2645,	
INFORMACIÓN 6 712 6 3891,4151,4154,4417,4420,5723,	
actividad 3 712 3 2127,2644,4721,	
unión 1 712 1 2124,	
inhibe 2 712 2 2122,2136,	
activadas) 1 712 1 2120,	
T 3 712 3 2119,2675,4719,	
células 3 712 3 2118,2229,2259,	
(expresado 1 712 1 2116,	
sudación; 1 712 1 5504,	
amplio 1 712 1 2818,	
afinidad 1 712 1 2115,	
alta 4 712 4 2114,5339,5402,5606,	
piernas; 1 712 1 5516,	
bajos 1 712 1 3237,	
IL-2 7 712 7 2112,2131,2145,2634,2648,2928,2964,	
receptor 4 712 4 2111,2163,2927,2963,	
complejo 1 712 1 2110,	
alfa 2 712 2 2106,2669,	
subunidad 3 712 3 2105,2924,2960,	
especificidad 1 712 1 2102,	
gran 1 712 1 2101,	
une 2 712 2 2099,4705,	
(IL-2) 1 712 1 2096,	
interleucina 1 712 1 2094,	
antagonista 1 712 1 2088,	
actúa 1 712 1 2086,	
origen 1 712 1 2083,	
Clínica 1 712 1 2073,	
Farmacología 1 712 1 2072,	
A08 1 712 1 2071,	
L04A 1 712 1 2070,	
ATC 1 712 1 2069,	
orina; 1 712 1 5561,	
Código 1 712 1 2068,	
selectivos 1 712 1 2067,	
agentes 1 712 1 2065,	
promedio 1 712 1 2571,	
farmacoterapéutico 1 712 1 2064,	
Grupo 1 712 1 2063,	
Propiedades 2 712 2 2061,2543,	
ESTE 1 712 1 2057,	
(See 1 712 1 5922,	
FARMACOLÓGICAS 1 712 1 2055,	
PROPIEDADES 1 712 1 2054,	
signo 1 712 1 2050,	
forme 1 712 1 3536,	
ratones 2 712 2 2046,3018,	
toxicidad 4 712 4 2041,2052,3120,3202,	
125 2 712 2 2032,3027,	
administró 2 712 2 2028,3221,	
(Hellas) 1 712 1 5991,	
Asimismo 1 712 1 2026,	
asociado 2 712 2 2025,2522,	
observarse 2 712 2 2021,2048,	
ósea 1 712 1 2019,	
médula 1 712 1 2018,	
obstante 1 712 1 2002,	
animales 1 712 1 1997,	
alcanzarse 1 712 1 1994,	
congestión; 1 712 1 5472,	
podido 1 712 1 1993,	
432 1 712 1 2737,	
determinado 1 712 1 1986,	
todavía 1 712 1 1982,	
tolerada 1 712 1 1981,	
fuera 3 712 3 4028,4293,5652,	
máxima 2 712 2 1980,2881,	
(18%) 1 712 1 1974,	
urinarias 1 712 1 1973,	
TEXTO 1 712 1 3734,	
(20%) 1 712 1 1968,	
mantiene 1 712 1 2798,	
superiores 1 712 1 1967,	
vías 2 712 2 1965,1972,	
(21%) 1 712 1 1960,	
(28%) 1 712 1 1958,	
hipertensión 1 712 1 1957,	
vómitos 3 712 3 1955,5278,5603,	
(33%) 2 712 2 1954,1956,	
fiebre 2 712 2 1953,5602,	
vehículos 1 712 1 5098,	
(38%) 1 712 1 1952,	
dolor 13 712 13 1948,5333,5355,5485,5508,5517,5521,5525,5528,5545,5562,5571,5597,	
(41%) 1 712 1 1947,	
diarrea 2 712 2 1946,5596,	
orinar 1 712 1 5564,	
ocurrieron 1 712 1 1939,	
comparable 1 712 1 1928,	
mostrado 1 712 1 1926,	
4) 1 712 1 1910,	
comunicó 1 712 1 1871,	
citomegalovirus 1 712 1 1869,	
grupos 2 712 2 1857,2478,	
comunicadas 1 712 1 1852,	
tipo 1 712 1 1849,	
68% 1 712 1 1841,	
72% 1 712 1 1831,	
neumonía 1 712 1 1828,	
septicemia 1 712 1 1826,	
visualmente 1 712 1 3584,	
bacteremia 1 712 1 1824,	
hongos 1 712 1 1823,	
víricas 1 712 1 1820,	
doble 2 712 2 2431,2450,	
incluyendo 4 712 4 1818,2527,4874,5479,	
episodios 1 712 1 1815,	
mortalidad 1 712 1 1786,	
comunicaron 2 712 2 1763,1814,	
diabetes 2 712 2 1752,5399,	
altas 1 712 1 1743,	
primer 3 712 3 1736,2383,2399,	
bolus 1 712 1 3010,	
mayoría 3 712 3 1725,2171,2664,	
elevados 2 712 2 1716,1729,	
humanización 1 712 1 2751,	
niveles 3 712 3 1715,1728,3235,	
TITULAR 4 712 4 3664,3840,4101,4367,	
añadir 1 712 1 3643,	
tuvieron 1 712 1 1714,	
88 2 712 2 1707,6011,	
(28 1 712 1 1705,	
32% 1 712 1 1704,	
pacientes) 2 712 2 1696,1708,	
(10 2 712 2 1693,3227,	
16% 2 712 2 1692,1874,	
pequeño 1 712 1 1679,	
Esto 2 712 2 2746,4941,	
cuantificó 1 712 1 1676,	
ayunas 3 712 3 1667,1674,1723,	
PRECAUCIONES 2 712 2 4074,4340,	
determinada 3 712 3 1665,1672,1721,	
sangre 5 712 5 1664,1671,1720,5406,5558,	
°C 2 712 2 3341,3632,	
glucosa 3 712 3 1662,1669,1718,	
laboratorio 1 712 1 1644,	
químicos 1 712 1 1642,	
estaban 1 712 1 3151,	
test 1 712 1 1641,	
resultados 1 712 1 1638,	
hematológicas 1 712 1 1635,	
anomalías 1 712 1 1634,	
observaron 2 712 2 1631,2236,	
Hiperglucemia 1 712 1 1628,	
acontecimiento 1 712 1 2023,	
7% 1 712 1 1621,	
presentaron 2 712 2 1605,1731,	
190) 1 712 1 2402,	
farmacodinámicas 2 712 2 2062,2853,	
post-trasplante 5 712 5 1601,1738,1761,2694,2955,	
aumentó 2 712 2 1596,2889,	
comparado 3 712 3 1582,2352,2390,	
8% 1 712 1 1577,	
aparece 1 712 1 5694,	
años 7 712 7 1566,2369,2414,2445,2498,2538,3309,	
determinante 1 712 1 2148,	
tres 8 712 8 1565,2368,2413,2444,2497,2537,2686,2951,	
descartar 1 712 1 3590,	
malignos 3 712 3 1563,1573,4857,	
tumores 3 712 3 1562,1572,4856,	
Incidencia 1 712 1 1560,	
intoxicaciones 1 712 1 1559,	
62 1 712 1 6134,	
20 3 712 3 1555,1557,4488,	
post-traumático 1 712 1 1554,	
traumáticas 1 712 1 1550,	
convulsión 1 712 1 5330,	
Necrosis 1 712 1 1527,	
urinarios 1 712 1 1526,	
Insuficiencia 1 712 1 1520,	
renales 1 712 1 1517,	
10 6 712 6 1514,3225,3728,4073,4339,5387,	
425 1 712 1 6033,	
consulte 1 712 1 4524,	
(sin 1 712 1 1511,	
respiratorias 1 712 1 1966,	
cicatrización 2 712 2 1510,5378,	
Alteración 1 712 1 1507,	
28 3 712 3 1501,3032,3089,	
periférico 1 712 1 1500,	
lugar 2 712 2 1498,5537,	
alteraciones 1 712 1 1495,	
generales 1 712 1 1486,	
Artralgia 1 712 1 1480,	
huesos 1 712 1 1479,	
musculares 2 712 2 1472,5512,	
Espasmos 1 712 1 1471,	
	Mantener 3 712 3 4027,4292,5651,	
conjuntivo 1 712 1 1469,	
espalda 1 712 1 1462,	
musculoesqueléticos 1 712 1 1458,	
musculoesquelético 1 712 1 1453,	
administrado 1 712 1 2005,	
Dolor 3 712 3 1452,1460,1553,	
Acné 1 712 1 1444,	
subcutáneo 1 712 1 1443,	
tejido 2 712 2 1442,1468,	
cutánea 1 712 1 1436,	
Erupción 1 712 1 1435,	
piel 3 712 3 1432,5534,5610,	
16 3 712 3 1427,4150,4416,	
rechace 1 712 1 4746,	
Diarrea 1 712 1 1424,	
""Roche 1 712 1 6163,	
5-10 1 712 1 2639,	
gastrointestinales 1 712 1 1423,	
34 1 712 1 1419,	
Estreñimiento 1 712 1 1418,	
pleural 1 712 1 1410,	
LIBERACIÓN 2 712 2 3752,3780,	
(78% 1 712 1 2433,	
Derrame 1 712 1 1409,	
mediastínicos 1 712 1 1408,	
linfocitos 4 712 4 2141,2244,2674,4718,	
diferencias 1 712 1 1632,	
Edema 3 712 3 1401,1490,1499,	
torácicos 1 712 1 1399,	
9 10 712 10 1395,1422,1446,1976,2627,3662,3701,4050,4315,6121,	
ADVERTENCIAS 2 712 2 4040,4305,	
11 4 712 4 1394,4096,4362,5902,	
Disnea 1 712 1 1393,	
empeoramiento) 1 712 1 1385,	
(incl 1 712 1 1384,	
Hipertensión 1 712 1 1383,	
vasculares 1 712 1 1380,	
borrosa 1 712 1 1366,	
Farmacêutica 1 712 1 6019,	
Vista 1 712 1 1365,	
oculares 1 712 1 1363,	
(aparecen 2 712 2 5315,5383,	
Cefalea 1 712 1 1357,	
perjudicarles 1 712 1 4549,	
nervioso 1 712 1 1356,	
19 1 712 1 1352,	
Temblor 1 712 1 1351,	
13 4 712 4 1329,3887,4129,4395,	
12 8 712 8 1327,1454,1456,1512,1789,2896,4122,4388,	
Insomnio 1 712 1 1326,	
frecuente 7 712 7 1325,1350,1382,1392,1417,1451,1489,	
Muy 7 712 7 1324,1349,1381,1391,1416,1450,1488,	
significativamente 2 712 2 2371,2453,	
psiquiátricos 1 712 1 1323,	
Deshidratación 1 712 1 1317,	
Información 1 712 1 4619,	
nutrición 1 712 1 1316,	
líquidos 1 712 1 1311,	
Retención 1 712 1 1309,	
metabolismo 1 712 1 1305,	
indiquen 1 712 1 5090,	
mellitus 1 712 1 1300,	
Diabetes 1 712 1 1299,	
Trastornos 12 712 12 1296,1322,1346,1362,1371,1379,1390,1415,1429,1449,1485,1516,	
ésta 1 712 1 3374,	
Rinitis 1 712 1 1291,	
(taquicardia); 1 712 1 5424,	
infestaciones 1 712 1 1290,	
Faringitis 1 712 1 1285,	
Frecuente 9 712 9 1284,1298,1364,1373,1400,1434,1459,1519,1552,	
Infecciones 1 712 1 1282,	
malestar; 1 712 1 5489,	
(%) 6 712 6 1280,1281,1344,1345,1547,1548,	
Placebo 3 712 3 1275,1339,1542,	
adverso 5 712 5 1273,1337,1540,2024,4565,	
Acontecimiento 3 712 3 1272,1336,1539,	
Categoría 3 712 3 1270,1334,1537,	
Clasificación 3 712 3 1268,1332,1535,	
hijos 1 712 1 5044,	
gravedad 1 712 1 1263,	
decreciente 1 712 1 1261,	
orden 1 712 1 1260,	
presentan 1 712 1 1258,	
demostró 1 712 1 2759,	
disponibles) 1 712 1 1253,	
estimar 1 712 1 1249,	
(no 1 712 1 1246,	
desconocida 1 712 1 1245,	
000) 1 712 1 1244,	
(<1/10 1 712 1 1243,	
000); 1 712 1 1240,	
<1/1 1 712 1 1239,	
respiratorios 2 712 2 1398,5477,	
(1/10 1 712 1 1236,	
<1/100); 1 712 1 1234,	
000 2 712 2 1232,1237,	
(1/1 1 712 1 1231,	
<1/10); 1 712 1 1228,	
(1/100 1 712 1 1226,	
(1/10); 1 712 1 1224,	
EN 10 712 10 3867,3895,4088,4152,4158,4354,4418,4425,4476,4480,	
frecuentes 5 712 5 1223,1225,1230,5314,5382,	
según 1 712 1 1215,	
sistemas 1 712 1 1209,	
clasificación 2 712 2 1205,2227,	
Dentro 1 712 1 1202,	
adelante 2 712 2 1201,4800,	
resumen 1 712 1 3855,	
enumeran 2 712 2 1199,1214,	
post-transplante 1 712 1 1197,	
primeros 4 712 4 1195,1758,2687,2950,	
Incompatibilidades 1 712 1 3282,	
2% 1 712 1 1188,	
frecuencia 9 712 9 1187,1217,1267,1279,1343,1546,1608,1865,1942,	
observados 1 712 1 1181,	
39 2 712 2 1170,5942,	
4% 4 712 4 1160,1586,1767,1794,	
44 3 712 3 1159,5907,5908,	
tratado 7 712 7 1150,1615,1625,1648,1654,1782,1810,	
96% 1 712 1 1147,	
recibió 3 712 3 1142,1773,1801,	
95% 1 712 1 1136,	
aproximadamente 4 712 4 1134,1145,2166,2187,	
notificaron 2 712 2 1130,1154,	
similares 1 712 1 1113,	
media 2 712 2 2600,2910,	
adversos 15 712 15 1111,1132,1180,1938,4578,4613,5248,5268,5290,5299,5312,5381,5585,5623,5636,	
síntomas 1 712 1 4553,	
acontecimientos 4 712 4 1110,1131,1155,1179,	
tipos 1 712 1 1108,	
incidencia 4 712 4 1106,1570,2512,3177,	
O15301) 1 712 1 1102,	
O14874 1 712 1 1100,	
22 4 712 4 2594,5966,6008,6132,	
O14393 1 712 1 1099,	
dirigiéndose 1 712 1 5876,	
(O14392 1 712 1 1098,	
estudios 2 712 2 1097,2197,	
cuatro 2 712 2 1096,3211,	
enfermos 4 712 4 1067,2013,2551,2715,	
039 1 712 1 6116,	
Ireland 1 712 1 6058,	
comparación 2 712 2 1063,3138,	
investigado 1 712 1 1061,	
IL-2R 1 712 1 2671,	
seguridad 4 712 4 1056,1916,2209,3001,	
perfil 2 712 2 1054,1914,	
adversas 3 712 3 1052,1212,1256,	
Reacciones 1 712 1 1051,	
insignificante 1 712 1 1048,	
nula 1 712 1 1046,	
(edema); 1 712 1 5367,	
influencia 1 712 1 1034,	
máquinas 3 712 3 1032,1044,5085,	
utilizar 4 712 4 1031,1043,5001,5100,	
conducir 3 712 3 1029,1041,5097,	
capacidad 3 712 3 1027,1039,5095,	
Efectos 1 712 1 1024,	
DIRECCIÓN 2 712 2 4099,4365,	
7 18 712 18 1023,1330,1355,1361,1368,1389,1447,1482,1484,1530,1576,2607,2657,2921,3663,4038,4303,6154,	
26 2 712 2 3715,6081,	
contraindicada 1 712 1 1005,	
nacido 1 712 1 1001,	
dañinos 2 712 2 997,5019,	
debido 2 712 2 992,2748,	
humana 2 712 2 989,2731,	
leche 3 712 3 973,988,3242,	
excreta 2 712 2 970,985,	
Daclizumab 9 712 9 968,2097,2160,3002,3074,3105,3912,4175,4446,	
ETIQUETADO 2 712 2 3884,3889,	
Lactancia 1 712 1 967,	
meses 9 712 9 960,1015,1196,1760,1790,2325,2688,2952,5073,	
período 4 712 4 957,1012,3167,5154,	
continuar 1 712 1 952,	
efectivo 1 712 1 945,	
contraceptivo 1 712 1 944,	
deben 2 712 2 940,3582,	
procrear 1 712 1 939,	
edad 2 712 2 937,2772,	
claramente 1 712 1 932,	
Aloinjerto 1 712 1 2267,	
fuese 1 712 1 931,	
excepto 2 712 2 929,5007,	
embarazo 2 712 2 928,3170,	
clínica 2 712 2 921,2525,	
relevancia 1 712 1 920,	
desconoce 2 712 2 918,981,	
utilizarse 1 712 1 925,	
3) 2 712 2 916,979,	
acumulación 2 712 2 5361,5434,	
espontáneos 1 712 1 912,	
histórico 2 712 2 909,3157,	
índice 2 712 2 908,3154,	
30 1 712 1 1503,	
abortos 3 712 3 902,911,3164,	
excepción 2 712 2 894,1659,	
teratógenos 1 712 1 892,	
observado 3 712 3 890,3128,3286,	
corticoesteroides 1 712 1 4877,	
macacos 4 712 4 886,975,3136,3215,	
realizado 2 712 2 884,3377,	
estudio 4 712 4 883,2039,3116,3198,	
embarazadas 1 712 1 880,	
queda 1 712 1 5039,	
mujeres 2 712 2 879,935,	
utilización 2 712 2 875,5054,	
limitados 1 712 1 872,	
dispone 1 712 1 869,	
Embarazo 3 712 3 864,867,4984,	
corticoides 2 712 2 861,1078,	
(OKT3) 1 712 1 859,	
muromonab-CD3 1 712 1 858,	
antitimocítica 1 712 1 857,	
azatioprina 3 712 3 855,1084,2297,	
tacrolimus 1 712 1 854,	
aciclovir 1 712 1 853,	
ganciclovir 1 712 1 852,	
produjeran 1 712 1 847,	
siguientes 6 712 6 839,1220,1936,2326,2415,5266,	
inyecciones 4 712 4 3279,3986,4249,5758,	
clínicos 3 712 3 833,2198,2548,	
ensayos 5 712 5 832,2271,2301,2547,3112,	
fármaco-fármaco 1 712 1 830,	
interacciones 3 712 3 828,848,2982,	
produzcan 1 712 1 827,	
espera 1 712 1 824,	
inmunoglobulina 2 712 2 821,856,	
ADVERTENCIA 2 712 2 4019,4284,	
ocurridas 1 712 1 1755,	
interacción 1 712 1 814,	
formas 1 712 1 812,	
medicamentos 15 712 15 809,840,3649,4637,4641,4757,4823,4839,4872,4919,4935,4962,4977,5243,6202,	
Interacción 1 712 1 805,	
mortal 1 712 1 802,	
conduzca 1 712 1 798,	
factor 1 712 1 796,	
inmunosupresión 6 712 6 785,2281,2423,2432,2451,2472,	
concentración 5 712 5 2211,2597,2880,2907,3250,	
contexto 1 712 1 783,	
concomitante 1 712 1 772,	
únicas 2 712 2 2044,4697,	
4%) 1 712 1 768,	
0%) 1 712 1 752,	
ANTES 1 712 1 4766,	
27 1 712 1 1388,	
(20 1 712 1 751,	
secuela 1 712 1 2524,	
antilinfocítica 2 712 2 749,765,	
40 2 712 2 741,6049,	
embargo 6 712 6 738,991,1934,2200,3142,3349,	
Sin 6 712 6 737,990,1933,2355,3141,3348,	
respectivamente 1 712 1 736,	
17 2 712 2 734,3245,	
5% 3 712 3 732,1611,1806,	
18 5 712 5 731,1493,3047,3069,6010,	
similar 4 712 4 719,1854,2494,2966,	
ATGAM) 1 712 1 717,	
ATG 1 712 1 716,	
(OKT3 1 712 1 715,	
policlonales 1 712 1 714,	
antilinfocíticos 2 712 2 713,780,	
anticuerpos 5 712 5 712,779,2182,3072,4685,	
recién 1 712 1 1000,	
terapia 4 712 4 710,748,764,777,	
general 1 712 1 706,	
muerte 1 712 1 704,	
relacionada 1 712 1 701,	
papel 1 712 1 697,	
tuviera 1 712 1 695,	
improbable 1 712 1 692,	
última 4 712 4 685,963,1018,5077,	
recibir 1 712 1 683,	
90 4 712 4 680,2167,2680,5968,	
transcurrir 1 712 1 679,	
De 2 712 2 669,2331,	
8 21 712 21 667,750,1050,1289,1304,1315,1378,1420,1445,1465,1492,1533,1556,3340,3418,3631,3685,4045,4310,5195,6139,	
3% 1 712 1 666,	
confianza 1 712 1 664,	
intérvalo 1 712 1 662,	
riñones 2 712 2 4748,5547,	
(95% 1 712 1 661,	
Sobredosis 1 712 1 1977,	
6% 2 712 2 660,1779,	
diferencia 3 712 3 657,2336,2405,	
infección 4 712 4 655,700,801,1867,	
murieron 4 712 4 652,676,753,769,	
9%) 1 712 1 647,	
posibles 1 712 1 995,	
(1 1 712 1 646,	
inmunitaria 2 712 2 2152,4725,	
5%) 1 712 1 638,	
(6 1 712 1 637,	
216 1 712 1 635,	
comparables 1 712 1 3186,	
año 4 712 4 630,2348,2384,2400,	
Tras 2 712 2 628,1564,	
recibieron 10 712 10 626,640,650,723,729,744,761,1069,1742,2717,	
relacionadas 1 712 1 618,	
hubo 2 712 2 615,2404,	
día) 1 712 1 611,	
veces 2 712 2 609,3226,	
g 1 712 1 607,	
(Cellcept 1 712 1 604,	
mofetilo 5 712 5 603,790,851,1091,2994,	
monoclonales 1 712 1 4686,	
micofenolato 5 712 5 602,789,850,1090,2993,	
muertes 2 712 2 621,1754,	
combinación 1 712 1 600,	
utilizado 1 712 1 596,	
placebo 22 712 22 595,651,730,762,1065,1122,1143,1166,1581,1617,1650,1685,1701,1774,1802,1837,1863,1880,2309,2408,2456,3140,	
37 2 712 2 758,1421,	
frente 4 712 4 593,2183,2307,3081,	
llamados 2 712 2 4638,4717,	
comparó 1 712 1 591,	
32 1 712 1 1386,	
cardíaco 1 712 1 586,	
receptores 4 712 4 583,2091,2632,2670,	
conservarse 1 712 1 3617,	
(4 1 712 1 2298,	
randomizado 1 712 1 581,	
controlado 1 712 1 580,	
cuidado 1 712 1 4807,	
ensayo 5 712 5 578,2420,2429,2448,2469,	
único 2 712 2 577,3012,	
completos 1 712 1 567,	
subsiguientes 1 712 1 565,	
segundos 1 712 1 563,	
exposición 3 712 3 561,2800,2808,	
tratados 16 712 16 552,1120,1126,1164,1175,1683,1699,1711,1835,1845,1858,1998,2193,2557,2860,2973,	
ELPs 1 712 1 546,	
fecha 4 712 4 543,5213,5690,5710,	
músculos 2 712 2 5359,5523,	
descrito 1 712 1 540,	
Aun 1 712 1 531,	
oportunistas 2 712 2 530,549,	
infecciones 11 712 11 529,548,617,1817,1819,1821,1851,1962,4859,5611,5617,	
e 6 712 6 528,1283,1551,1961,2121,5616,	
(ELPs) 1 712 1 527,	
linfoproliferativas 1 712 1 526,	
enfermedades 1 712 1 525,	
riesgo 4 712 4 523,3132,4854,4864,	
mayor 3 712 3 522,1941,2372,	
+45 1 712 1 5939,	
muestran 2 712 2 521,3145,	
sometidos 4 712 4 514,572,2014,2552,	
Los 8 712 8 512,1092,1178,3577,4684,5310,5379,5736,	
81 1 712 1 6027,	
cortes 1 712 1 3084,	
inmediata 1 712 1 506,	
análisis 2 712 2 2225,2756,	
tratar 1 712 1 503,	
necesaria 1 712 1 501,	
medicación 1 712 1 500,	
dispondrá 1 712 1 497,	
metabolito 1 712 1 2990,	
Por 3 712 3 494,4796,4966,	
prurito 2 712 2 493,1959,	
rash 1 712 1 491,	
asistencia 1 712 1 5307,	
temperatura 2 712 2 490,3626,	
aumento 5 712 5 487,544,897,3130,5501,	
bolsas 1 712 1 3293,	
diaforesis 1 712 1 486,	
sofoco 1 712 1 485,	
bacteriostáticas 1 712 1 3562,	
pulmonar 3 712 3 484,1402,5463,	
reacción 3 712 3 3051,4818,4906,	
laríngeo 1 712 1 482,	
edema 2 712 2 481,483,	
dificultosa 1 712 1 480,	
respiración 3 712 3 479,5273,5446,	
disnea 1 712 1 478,	
Tac 4 712 4 2108,2164,2925,2961,	
hipoxia 1 712 1 477,	
micofenólico 1 712 1 2989,	
efectos 15 712 15 891,996,1937,4577,4612,5018,5247,5267,5289,5298,5311,5380,5584,5622,5635,	
taquicardia 1 712 1 476,	
hipotensión 1 712 1 475,	
incluyen 1 712 1 474,	
clínicas 1 712 1 470,	
manifestaciones 1 712 1 469,	
orina 4 712 4 5284,5556,5569,5619,	
subsiguiente 1 712 1 465,	
inicial 1 712 1 463,	
horas) 3 712 3 458,2712,2745,	
(aparecidas 1 712 1 453,	
agudas 1 712 1 452,	
graves 6 712 6 450,509,1156,1899,4882,5302,	
comunicado 3 712 3 446,1897,4893,	
10) 1 712 1 5323,	
han 5 712 5 445,539,889,1896,4892,	
raras 5 712 5 442,1235,1242,1893,4889,	
En 12 712 12 441,575,705,831,881,1892,2269,2476,3114,3195,4589,4888,	
proteínas 4 712 4 440,4688,4696,4887,	
después 12 712 12 435,677,2499,2932,3030,4274,4453,5074,5210,5598,5687,5704,	
Europea 1 712 1 6190,	
anafilácticas 1 712 1 434,	
reacciones 10 712 10 433,447,473,508,1211,1255,1898,4880,4894,5578,	
producirse 1 712 1 432,	
Pueden 3 712 3 431,4878,5868,	
especiales 3 712 3 416,3408,3470,	
efectuados 1 712 1 2549,	
precauciones 1 712 1 415,	
Advertencias 1 712 1 413,	
6) 1 712 1 410,	
lactancia 8 712 8 406,866,1003,4795,4804,4986,4998,5037,	
1) 1 712 1 400,	
apartado 5 712 5 398,408,914,977,1908,	
(ver 5 712 5 397,407,913,976,1907,	
post-operatorio 1 712 1 1951,	
producto 6 712 6 396,3357,3367,3860,5227,5761,	
excipientes 2 712 2 394,3260,	
conocida 1 712 1 386,	
metabólicas 1 712 1 829,	
hipersensibilidad 4 712 4 385,449,511,1901,	
contraindicado 2 712 2 380,403,	
pulmones 1 712 1 5459,	
Contraindicaciones 1 712 1 377,	
describen 1 712 1 369,	
perfusiones 1 712 1 365,	
preparación 1 712 1 362,	
instrucciones 1 712 1 359,	
antígeno 1 712 1 4708,	
Las 7 712 7 358,468,934,1254,1753,2849,5197,	
relativos 1 712 1 350,	
datos 7 712 7 349,871,1093,1252,2333,3144,5088,	
republika 2 712 2 5916,6085,	
existen 2 712 2 348,2981,	
hepática 2 712 2 345,356,	
posología 2 712 2 333,2829,	
ajustar 1 712 1 331,	
necesario 4 712 4 330,933,2825,5014,	
No 22 712 22 328,347,419,556,1629,2001,2403,2823,2980,3283,3362,3422,3458,3640,3877,4061,4327,4987,4999,5086,5681,5683,	
presencia 1 712 1 3592,	
cardíacos 1 712 1 1372,	
alteración 4 712 4 325,338,344,355,	
jóvenes 1 712 1 322,	
Sverige 1 712 1 6125,	
diferente 3 712 3 316,2345,2454,	
necesiten 1 712 1 313,	
± 8 712 8 2577,2585,2593,2601,2609,2895,2903,2919,	
evidencia 1 712 1 307,	
hay 4 712 4 306,420,557,5087,	
someten 1 712 1 300,	
20382111 1 712 1 5929,	
número 4 712 4 294,900,1598,1680,	
escaso 1 712 1 293,	
dado 1 712 1 291,	
limitada 1 712 1 290,	
Tenga 1 712 1 4805,	
ESPECIAL 2 712 2 4020,4285,	
años) 1 712 1 288,	
65 1 712 1 287,	
Posibles 1 712 1 4611,	
(mayores 1 712 1 285,	
experiencia 3 712 3 279,421,558,	
ancianos 3 712 3 277,284,312,	
Pacientes 6 712 6 276,323,342,1911,2264,2847,	
total 5 712 5 272,1690,2770,2875,3162,	
64 1 712 1 1695,	
completar 2 712 2 270,2567,	
días 8 712 8 268,681,2168,2565,2681,2872,3033,5178,	
Periodo 1 712 1 3305,	
14 13 712 13 267,633,671,1360,2564,2586,2871,2904,3723,3890,4136,4402,5177,	
intervalos 1 712 1 265,	
aplicarán 1 712 1 263,	
sucesivas 3 712 3 261,5173,5199,	
siguiente 2 712 2 255,2385,	
previas 3 712 3 250,3401,5167,	
horas 8 712 8 249,2708,2741,3335,3345,3620,3636,5166,	
24 5 712 5 248,457,3334,3619,5165,	
sean 1 712 1 4554,	
inicialmente 1 712 1 244,	
administrar 1 712 1 243,	
grandes 1 712 1 2237,	
central 1 712 1 239,	
o 46 712 46 238,389,547,564,1047,1085,1636,1732,1747,2107,2290,2293,2427,3013,3298,3342,3480,3595,3633,3785,4528,4571,4587,4780,4858,4924,4929,4956,5023,5041,5099,5209,5232,5280,5350,5475,5488,5550,5629,5645,5921,5998,5999,6068,6069,6092,	
tomando 2 712 2 4928,4965,	
periférica 1 712 1 237,	
vena 1 712 1 236,	
través 2 712 2 233,3656,	
administrarse 2 712 2 231,5201,	
Puede 3 712 3 230,4513,4548,	
minutos 2 712 2 229,5157,	
15 10 712 10 228,1354,1358,1396,1425,1491,3042,4146,4412,5156,	
durante 19 712 19 227,404,926,946,955,1006,1010,1192,1756,2165,2397,2677,2946,3165,3333,3343,3618,5065,5152,	
intravenosa 10 712 10 226,2036,2864,3521,3609,3661,4006,4271,4452,5151,	
vía 6 712 6 225,2035,2147,3015,3608,3660,	
9% 6 712 6 220,735,1171,2189,3516,5124,	
0 17 712 17 219,665,1293,1319,1502,1504,1620,1778,2463,2611,2623,2626,2918,2939,3247,3515,5123,	
estéril 3 712 3 217,3510,5118,	
salina 1 712 1 216,	
administrará 2 712 2 3605,5162,	
50 5 712 5 212,3025,3505,5114,6050,	
daclizumab 23 712 23 388,877,1152,2076,2185,2214,2410,2458,2653,2702,2765,2942,3054,3061,3125,3207,3239,4631,4656,4703,4779,5733,5809,	
añade 1 712 1 210,	
8%) 1 712 1 668,	
apropiada 1 712 1 208,	
volumen 1 712 1 201,	
recetado 1 712 1 4536,	
El 15 712 15 200,770,1053,1848,1913,2502,2649,2755,2780,3161,4655,4702,4836,5179,5729,	
mg/kg 9 712 9 199,2011,2033,2560,2796,2867,2940,3028,3043,	
pediátricos 6 712 6 195,1912,1924,1945,2848,2859,	
adultos 4 712 4 193,1932,2972,5594,	
recomendada 2 712 2 188,2179,	
dosis 31 712 31 187,207,254,275,315,686,964,1019,1744,1979,2007,2030,2043,2569,2591,2617,2863,2878,2893,2901,2915,2936,3023,3040,3230,5078,5137,5160,5172,5187,5198,	
náuseas 1 712 1 5349,	
La 24 712 24 186,253,278,1033,1591,1668,1724,1785,1864,1978,2132,2436,2596,2695,2879,2906,2923,2956,3176,3473,3795,5158,5709,6175,	
intensiva 1 712 1 786,	
órganos 5 712 5 185,1207,1276,1340,1543,	
inmunosupresores 6 712 6 181,2066,4639,4758,4824,4873,	
tratamientos 2 712 2 180,566,	
tubular 1 712 1 1528,	
cualificados 1 712 1 175,	
debidamente 1 712 1 174,	
especialistas 1 712 1 173,	
438050 1 712 1 5949,	
CONTENIDO 3 712 3 3991,4254,4475,	
únicamente 2 712 2 171,1079,	
día 3 712 3 1737,5207,5716,	
prescrito 1 712 1 170,	
debe 12 712 12 168,242,924,3359,3364,3499,3642,4542,4970,5000,5051,5108,	
efecto 4 712 4 2503,2781,4564,4959,	
administración 14 712 14 166,438,461,1506,1904,2133,3008,3036,3404,3520,3588,4885,5128,5215,	
Posología 1 712 1 162,	
corticosteroides 5 712 5 159,614,792,1746,4764,	
ciclosporina 8 712 8 157,612,788,849,1076,2284,4761,4875,	
incluye 1 712 1 156,	
inmunosupresor 4 712 4 154,520,536,1074,	
tratamiento 14 712 14 153,519,948,1008,1073,1568,2360,3194,4837,4913,5062,5067,5180,5191,	
simultánea 3 712 3 150,1072,3654,	
Tac+ 1 712 1 2260,	
forma 8 712 8 149,164,505,1071,3653,4581,5148,5639,	
aparecen 1 712 1 5586,	
Daclizumab* 2 712 2 3916,4179,	
administra 2 712 2 147,223,	
Se 11 712 11 146,868,917,980,1129,1153,1813,2180,2618,3055,3319,	
alogénico 5 712 5 145,2330,2556,2721,2846,	
renal 12 712 12 144,303,326,339,1521,1529,2329,2481,2519,2555,2720,2845,	
trasplante 23 712 23 143,183,252,302,516,574,585,632,843,2016,2328,2350,2387,2417,2501,2518,2540,2554,2684,2719,2844,4737,5169,	
vez 4 712 4 141,3600,4816,4953,	
grave 7 712 7 327,340,346,357,4582,5447,5640,	
primera 6 712 6 140,2583,2892,2935,3713,5159,	
reciben 2 712 2 138,518,	
hiperinmunizados 2 712 2 136,430,	
estén 2 712 2 135,429,	
pacientes 50 712 50 132,192,283,311,321,336,353,383,427,513,551,571,624,636,648,672,721,727,742,759,1119,1140,1163,1174,1191,1682,1741,1750,1771,1799,1834,1844,1877,1887,1923,1931,1944,1989,2174,2192,2375,2441,2667,2815,2842,2858,2971,3524,5320,5388,	
agudo 6 712 6 130,2318,2339,2380,2396,2515,	
rechazo 8 712 8 129,2157,2317,2338,2379,2395,2514,4735,	
profilaxis 2 712 2 127,2507,	
indicado 1 712 1 124,	
está 11 712 11 123,379,905,1004,4791,4927,4994,5005,5032,5811,6181,	
Zenapax 87 712 87 122,167,190,203,240,281,367,378,401,425,467,533,569,592,627,641,674,688,694,724,745,774,818,835,922,950,966,983,1021,1036,1058,1128,1177,1274,1338,1541,1590,1594,1627,1656,1688,1713,1784,1812,1847,1860,1891,1906,1921,2000,2074,2135,2195,2277,2509,2562,2792,2869,2985,3290,3497,3563,4438,4489,4595,4605,4609,4617,4738,4750,4772,4788,4809,4860,4900,4972,5015,5064,5069,5080,5092,5189,5244,5296,5582,5766,5810,	
terapéuticas 1 712 1 121,	
Indicaciones 1 712 1 120,	
/ 1 712 1 3650,	
	4 1 712 1 118,	
CLÍNICOS 1 712 1 117,	
DATOS 2 712 2 116,3254,	
4 46 712 46 115,160,375,409,411,412,643,659,675,803,862,959,1014,1022,1049,1287,1303,1331,1369,1370,1397,1405,1406,1414,1428,1439,1440,1474,1476,1494,1531,1793,1909,1975,2610,3344,3406,3635,3861,3987,4250,4467,4610,5072,5171,5234,	
opalescente 1 712 1 114,	
transparente 2 712 2 111,5777,	
categorías 1 712 1 1221,	
amarillento 2 712 2 109,5782,	
ligeramente 3 712 3 108,113,5781,	
incoloro 2 712 2 106,5779,	
alcance 3 712 3 4030,4295,5654,	
Líquido 1 712 1 104,	
	Concentrado 1 712 1 99,	
FARMACÉUTICA 3 712 3 98,3989,4252,	
FORMA 6 712 6 97,3988,4000,4251,4265,4448,	
6 31 712 31 94,373,374,399,863,1375,1377,1403,1463,1523,1532,1585,1759,2608,3253,3280,3303,3405,3435,3467,3468,3673,4018,4110,4283,4376,4484,4618,5722,5847,5982,	
207 1 712 1 645,	
sección 3 712 3 93,372,4802,	
mostraron 1 712 1 1103,	
ver 1 712 1 92,	
completa 1 712 1 91,	
lista 1 712 1 90,	
Para 2 712 2 88,3525,	
Excipientes 1 712 1 87,	
tecnología 4 712 4 85,3962,4225,4682,	
(GS) 4 712 4 83,3960,4223,4680,	
sintetasa 4 712 4 82,3959,4222,4679,	
método 1 712 1 943,	
glutamina 4 712 4 81,3958,4221,4678,	
ningún 3 712 3 2022,2049,2217,	
GSO) 4 712 4 80,3957,4220,4677,	
2004 1 712 1 3727,	
(NS 4 712 4 79,3956,4219,4676,	
expresión 4 712 4 78,3955,4218,4675,	
sistema 8 712 8 76,1278,1342,1348,1545,3953,4216,4673,	
utilizando 5 712 5 74,1218,3951,4214,4671,	
linfomas 1 712 1 1600,	
murino 4 712 4 73,3950,4213,4670,	
NSO 4 712 4 72,3949,4212,4669,	
mieloma 4 712 4 71,3948,4211,4668,	
celular 5 712 5 69,2153,3946,4209,4666,	
línea 4 712 4 68,3945,4208,4665,	
producido 4 712 4 65,3942,4205,4662,	
recombinante 8 712 8 64,86,2084,3941,3963,4204,4226,4683,	
Lesiones 1 712 1 1549,	
humanizado 5 712 5 63,2081,3940,4203,4661,	
IgG1 4 712 4 62,2080,3939,4202,	
seis 1 712 1 2324,	
Debido 1 712 1 815,	
anti-Tac 4 712 4 61,2079,3938,4201,	
original 4 712 4 3429,4067,4333,5675,	
13% 1 712 1 1884,	
anticuerpo 5 712 5 60,2078,3937,4200,4659,	
*Un 3 712 3 59,3936,4199,	
Taquicardia 1 712 1 1374,	
mg/ml) 3 712 3 58,3935,4198,	
(5 5 712 5 57,767,2285,3934,4197,	
	5 1 712 1 2059,	
daclizumab* 3 712 3 56,3933,4196,	
adición 4 712 4 1082,1088,1592,2295,	
25 6 712 6 53,3346,3638,3930,4193,5806,	
contiene 8 712 8 52,205,2075,3557,3929,4192,5726,5805,	
clínico 4 712 4 579,2220,3118,3200,	
vial 7 712 7 48,3446,3925,3995,4188,5703,5795,	
Un 7 712 7 47,1689,3924,4187,5131,5190,5794,	
ml 15 712 15 44,51,213,3443,3506,3921,3928,3998,4184,4191,4261,4483,5115,5791,5798,	
mg 8 712 8 41,54,3918,3931,4181,4194,5141,5807,	
	Daclizumab* 1 712 1 39,	
CUANTITATIVA 1 712 1 38,	
Y 14 712 14 37,3742,3770,3836,3873,3885,3990,4001,4098,4253,4266,4364,4434,4625,	
CUALITATIVA 1 712 1 36,	
COMPOSICIÓN 1 712 1 35,	
2 32 712 32 34,161,341,766,1286,1367,1411,1426,1448,1466,1473,1481,1483,1513,1515,2095,2542,2920,3065,3281,3337,3415,3628,3913,4176,4447,4601,4765,5899,5905,5928,6099,	
perfusión 17 712 17 33,46,103,3302,3603,3911,3923,4008,4174,4186,4273,4445,4496,4898,5150,5773,5804,	
solución 16 712 16 31,101,215,3329,3509,3528,3550,3566,3909,4172,4443,4494,5117,5771,5793,5802,	
administraron 1 712 1 837,	
concentrado 11 712 11 29,3274,3907,3981,4170,4244,4441,4492,5753,5769,5800,	
mg/ml 7 712 7 28,3096,3906,4169,4440,4491,5768,	
5 47 712 47 27,40,50,274,606,804,915,978,1314,1328,1359,1376,1457,1464,1534,2010,2053,2541,2568,2624,2877,2917,2996,3223,3436,3442,3905,3917,3927,3997,3999,4168,4180,4190,4260,4264,4439,4474,4482,4490,4614,5186,5647,5767,5790,5797,6167,	
	Zenapax 4 712 4 26,3904,4167,5106,	
MEDICAMENTO 8 712 8 25,2058,3876,3903,4024,4166,4289,4433,	
DENOMINACIÓN 4 712 4 23,3901,4164,4431,	
1 41 712 41 22,43,95,119,198,605,629,1295,1321,1387,1412,1413,1475,1558,1610,1805,2009,2060,2559,2866,2938,3257,3454,3694,3819,3900,3920,4163,4183,4430,4592,4621,5140,5317,5385,5818,5864,5988,6047,6073,6079,	
LISTA 2 712 2 3965,4228,	
SEGURA 1 712 1 3872,	
PRODUCTO 5 712 5 21,4079,4093,4345,4359,	
DEL 16 712 16 20,24,3733,3875,3902,3992,4078,4100,4133,4165,4255,4344,4366,4399,4432,4471,	
grupo 19 712 19 1117,1138,1149,1184,1580,1588,1614,1624,1647,1653,1769,1781,1797,1809,1879,1889,2813,3189,4635,	
CARACTERÍSTICAS 1 712 1 19,	
LAS 1 712 1 18,	
DE 60 712 60 17,2056,3665,3668,3687,3689,3703,3707,3730,3737,3744,3747,3750,3753,3758,3761,3765,3772,3775,3778,3781,3825,3828,3834,3841,3844,3966,4003,4021,4047,4053,4076,4083,4102,4105,4124,4126,4131,4139,4148,4229,4268,4286,4312,4318,4342,4349,4368,4371,4390,4392,4397,4405,4414,4436,4449,4464,4469,4767,5649,	
RESUMEN 1 712 1 16,	
I 2 712 2 15,3854,	
ANEXO 2 712 2 14,3882,	
tuvo 1 712 1 3049,	
ocasiones 3 712 3 443,1894,4890,	
información 3 712 3 11,5871,6176,	
Toda 1 712 1 9,	
91 1 712 1 6025,	
medicamento 12 712 12 8,13,535,3555,4508,4532,4950,4992,5003,5686,5875,6180,	
sufran 1 712 1 5255,	
Basica 1 712 1 6,	
	Información 1 712 1 5,	
5ML 1 712 1 4,	
VIALES 1 712 1 3,	
3 33 712 33 2,96,376,1194,1288,1292,1294,1301,1302,1312,1313,1318,1320,1353,1404,1437,1438,1455,1522,1524,1525,1766,2997,3304,3308,3457,3699,3964,4227,4462,4606,5102,5820,	
5MG/ML 1 712 1 1,	
ZENAPAX 5 712 5 0,4624,4769,5105,5650,	
