	Prospectos 1 534 1 9369,	
Me 1 534 1 9367,	
deb 1 534 1 8977,	
21 1 534 1 8036,	
presenan 1 534 1 7997,	
quellos 1 534 1 7818,	
adelante 1 534 1 7503,	
quinta 1 534 1 7500,	
partir 1 534 1 7469,	
20 1 534 1 7455,	
administrar 3 534 3 7449,7472,7489,	
disminuyan 1 534 1 7443,	
así 1 534 1 7442,	
taquifilaxia 1 534 1 7439,	
aparezca 1 534 1 7437,	
lograr 1 534 1 7435,	
calibrado 1 534 1 7240,	
patrón 2 534 2 7233,7243,	
valorado 1 534 1 7223,	
Cada 1 534 1 7205,	
(2 1 534 1 7128,	
RENOVACIÓN 1 534 1 7064,	
AUTORIZACIÓN/ 1 534 1 7063,	
EU/1/98/063/006 1 534 1 7057,	
EU/1/98/063/005 1 534 1 7056,	
17 1 534 1 6680,	
-24 1 534 1 6572,	
s 1 534 1 5848,	
musculoesquelético 1 534 1 5846,	
<1/100) 1 534 1 5776,	
- 1 534 1 5647,	
disminución 2 534 2 5585,9197,	
13 1 534 1 5167,	
13-14 1 534 1 4953,	
inicie 1 534 1 4804,	
determinaciones 1 534 1 4797,	
Estas 1 534 1 4796,	
ligeramente 1 534 1 4725,	
elevación 2 534 2 4538,8183,	
administrase 1 534 1 4158,	
cualse 1 534 1 3982,	
** 2 534 2 3601,7137,	
(12 1 534 1 3564,	
TEXTO 2 534 2 3540,7097,	
10 2 534 2 3534,7091,	
última 2 534 2 3532,7089,	
2003 2 534 2 3528,7085,	
1998 2 534 2 3520,7077,	
Mayo 4 534 4 3518,3527,7075,7084,	
autorización 2 534 2 3515,7072,	
Fecha 6 534 6 3511,3521,3529,7068,7078,7086,	
AUTORIZACIÓN/RENOVACIÓN 1 534 1 3507,	
PRIMERA 2 534 2 3506,7062,	
FECHA 4 534 4 3503,3535,7059,7092,	
EU/1/98/063/003 1 534 1 3501,	
	EU/1/98/063/001 1 534 1 3499,	
NÚMEROS 2 534 2 3494,7050,	
Unido 2 534 2 3491,7048,	
9TP 2 534 2 3489,7046,	
E14 2 534 2 3488,7045,	
Londres 2 534 2 3487,7044,	
Wall 2 534 2 3486,7043,	
56 2 534 2 3484,7041,	
Limited 2 534 2 3483,7040,	
Europe 2 534 2 3482,7039,	
	Serono 2 534 2 3481,7038,	
COMERCIALIZACIÓN 4 534 4 3480,3498,7037,7054,	
AUTORIZACIÓN 6 534 6 3478,3496,3510,7035,7052,7067,	
TITULAR 2 534 2 3475,7032,	
normativa 2 534 2 3472,7029,	
acuerdo 2 534 2 3469,7026,	
realizará 2 534 2 3467,7024,	
contacto 2 534 2 3463,7020,	
materiales 2 534 2 3458,7015,	
utilizado 2 534 2 3453,7010,	
visibles 2 534 2 3445,7002,	
partículas 2 534 2 3441,6998,	
transparentes 2 534 2 3437,6994,	
soluciones 2 534 2 3435,6992,	
Sólo 2 534 2 3432,6989,	
precargadas 2 534 2 3415,6971,	
manipulaciones 2 534 2 3409,6965,	
envases 3 534 3 3400,6941,6956,	
tamaños 2 534 2 3398,6954,	
comercializados 2 534 2 3396,6952,	
estén 2 534 2 3395,6951,	
jeringas 4 534 4 3391,3414,6947,6970,	
inoxidable 2 534 2 3370,6927,	
acero 2 534 2 3369,6926,	
aguja 2 534 2 3367,6924,	
ml 4 534 4 3363,3375,6920,6932,	
tipo 2 534 2 3359,6916,	
vidrio 2 534 2 3358,6915,	
Jeringa 2 534 2 3356,6913,	
contenido 2 534 2 3353,6910,	
Naturaleza 2 534 2 3351,6908,	
luz 2 534 2 3348,6905,	
protegerlo 2 534 2 3345,6902,	
embalaje 2 534 2 3342,6899,	
congelar 2 534 2 3338,6895,	
8ºC) 2 534 2 3336,6893,	
2ºC 2 534 2 3334,6891,	
(entre 2 534 2 3333,6890,	
nevera 2 534 2 3332,6889,	
Conservar 4 534 4 3330,3339,6887,6896,	
conservación 2 534 2 3329,6886,	
Precauciones 4 534 4 3326,3403,6883,6959,	
18 3 534 3 3322,6879,6984,	
validez 2 534 2 3321,6878,	
Período 2 534 2 3319,6876,	
procede 2 534 2 3316,6873,	
Incompatibilidades 2 534 2 3314,6871,	
inyectables 2 534 2 3311,6868,	
preparaciones 2 534 2 3310,6867,	
Agua 2 534 2 3308,6865,	
Hidróxido 2 534 2 3306,6863,	
acético 2 534 2 3305,6862,	
Ácido 2 534 2 3304,6861,	
Acetato 2 534 2 3302,6859,	
Alcohol 2 534 2 3300,6857,	
L-metionina 2 534 2 3299,6856,	
188 2 534 2 3298,6855,	
Poloxámero 2 534 2 3297,6854,	
Manitol 2 534 2 3296,6853,	
	6 2 534 2 3291,6848,	
FARMACÉUTICOS 2 534 2 3290,6847,	
	EU/1/98/063/004 1 534 1 7055,	
descartarse 2 534 2 3266,6823,	
alfa 2 534 2 3260,6818,	
observaciones 2 534 2 3255,6813,	
monos 2 534 2 3243,6801,	
embrio-fetal 2 534 2 3241,6799,	
Un 2 534 2 3237,6795,	
carcinogénesis 2 534 2 3234,6792,	
genotoxicidad 2 534 2 3227,6785,	
repetidas 2 534 2 3225,6783,	
toxicidad 4 534 4 3222,3240,6780,6798,	
farmacología 2 534 2 3219,6777,	
convencionales 2 534 2 3217,6775,	
preclínicos 2 534 2 3196,6754,	
Datos 2 534 2 3195,6753,	
riñones 2 534 2 3192,6750,	
hígado 2 534 2 3189,6747,	
metaboliza 2 534 2 3183,6741,	
tolerancia 2 534 2 3178,6736,	
elevadas 2 534 2 3174,6732,	
biológicas 2 534 2 3172,6730,	
respuestas 2 534 2 3171,6729,	
superponible 2 534 2 3155,6713,	
da 2 534 2 3149,6707,	
días 2 534 2 3143,6701,	
comienzan 2 534 2 3137,6695,	
primeras 3 534 3 3133,6691,7463,	
aumentan 2 534 2 3130,6688,	
neopterina 2 534 2 3129,6687,	
beta-2 2 534 2 3126,6684,	
séricas 2 534 2 3124,6682,	
sintetasa 2 534 2 3120,6677,	
intracelular 2 534 2 3114,6671,	
utilizada 2 534 2 3107,6664,	
independientemente 2 534 2 3103,6660,	
pronunciados 2 534 2 3102,6659,	
farmacodinámicos 2 534 2 3101,6658,	
cambios 2 534 2 3100,6657,	
AUC) 2 534 2 3092,6649,	
acumulación 2 534 2 3084,6641,	
total 5 534 5 3077,3166,6634,6724,7491,	
repetida 4 534 4 3071,3160,6628,6718,	
alcanza 2 534 2 3053,6610,	
UI/ml 2 534 2 3050,6607,	
6-10 2 534 2 3049,6606,	
alrededor 2 534 2 3047,6604,	
determinada 2 534 2 3042,6599,	
máxima 2 534 2 3041,6598,	
concentración 3 534 3 3040,6597,7494,	
60 2 534 2 3037,6594,	
equivalente 2 534 2 3028,6585,	
post-inyección 2 534 2 3017,6574,	
12-24 1 534 1 3015,	
detectables 2 534 2 3013,6569,	
siguen 2 534 2 3011,6567,	
intramuscular 6 534 6 3001,3022,3146,6557,6579,6704,	
Cuando 3 534 3 2994,6550,7424,	
profundo 2 534 2 2993,6549,	
existencia 2 534 2 2989,6545,	
eliminación 6 534 6 2981,3406,3449,6537,6962,7006,	
minutos 2 534 2 2976,6532,	
distribución 2 534 2 2971,6527,	
semivida 4 534 4 2969,2979,6525,6535,	
proporcionales 2 534 2 2964,6520,	
multi-exponencial 2 534 2 2958,6514,	
descenso 2 534 2 2957,6513,	
pronunciado 2 534 2 2956,6512,	
sanos 2 534 2 2950,6506,	
voluntarios 2 534 2 2949,6505,	
intravenosa 2 534 2 2947,6503,	
Tras 10 534 10 2944,3032,3063,3108,3156,6500,6589,6620,6665,6714,	
farmacocinéticas 2 534 2 2943,6499,	
dichos 2 534 2 2938,6494,	
investigado 2 534 2 2924,6480,	
cautela 2 534 2 2919,6475,	
interpretarse 2 534 2 2917,6473,	
posteriori 2 534 2 2915,6471,	
subgrupo 2 534 2 2911,6467,	
resultados 2 534 2 2907,6463,	
combinados 2 534 2 2898,6454,	
57% 2 534 2 2896,6452,	
final 2 534 2 2885,6441,	
tenido 2 534 2 2873,6429,	
aquéllos 2 534 2 2870,6426,	
brotes; 2 534 2 2866,6422,	
observó 2 534 2 2857,6413,	
estudio) 2 534 2 2854,6410,	
entrada 2 534 2 2851,6407,	
presentado 2 534 2 2840,6396,	
hubieran 2 534 2 2839,6395,	
(según 2 534 2 2838,6394,	
subgrupos 2 534 2 2837,6393,	
Al 2 534 2 2829,6385,	
anteriores 2 534 2 2808,6364,	
semanas 4 534 4 2807,6363,7465,7484,	
5) 2 534 2 2790,6346,	
(EDSS 2 534 2 2786,6342,	
estudio 6 534 6 2775,2887,3238,6331,6443,6796,	
ó 4 534 4 2765,3389,6321,6945,	
posteriormente 2 534 2 2761,6317,	
placebo 2 534 2 2756,6312,	
comparación 2 534 2 2748,6304,	
29% 2 534 2 2738,6294,	
22% 2 534 2 2727,6283,	
A 3 534 3 2711,6267,7468,	
microgramos) 4 534 4 2710,2905,6266,6461,	
(Rebif 2 534 2 2708,6264,	
(placebo) 4 534 4 2704,2893,6260,6449,	
39% 2 534 2 2703,6259,	
tarde 2 534 2 2698,6254,	
confirmado 2 534 2 2694,6250,	
definida 2 534 2 2682,6238,	
incapacidad 8 534 8 2681,2819,2861,2883,6237,6375,6417,6439,	
progresión 8 534 8 2678,2794,2816,2880,6234,6350,6372,6436,	
proporción 4 534 4 2674,2876,6230,6432,	
­ 4 534 4 2668,2788,6224,6344,	
(EDSS) 2 534 2 2665,6221,	
Kurtzke 2 534 2 2664,6220,	
ampliada 2 534 2 2662,6218,	
Lista 2 534 2 3293,6850,	
escala 2 534 2 2659,6215,	
Según 2 534 2 3253,6811,	
disminuye 2 534 2 2628,6184,	
22microgramos 1 534 1 2627,	
autorizada 2 534 2 2625,6180,	
administradas 2 534 2 2610,6165,	
UI) 2 534 2 2609,6164,	
(3-12 2 534 2 2606,6161,	
11 2 534 2 2602,6157,	
comprendidas 2 534 2 2600,6155,	
remitente 2 534 2 2597,6152,	
recidivante- 2 534 2 2596,6151,	
investigando 2 534 2 2580,6136,	
acción 2 534 2 2569,6125,	
glicosilado 2 534 2 2561,6117,	
Hámster 2 534 2 2555,6111,	
(Ovario 2 534 2 2553,6109,	
mamífero 2 534 2 2552,6108,	
produce 6 534 6 2548,3025,3082,6104,6582,6639,	
humano 2 534 2 2545,6101,	
original 4 534 4 2539,3343,6095,6900,	
secuencia 2 534 2 2538,6094,	
constituido 2 534 2 2535,6091,	
inmunomoduladoras 2 534 2 2527,6083,	
propiedades 2 534 2 2526,6082,	
dotadas 2 534 2 2524,6080,	
glicoproteínas 2 534 2 2522,6078,	
(IFNs) 2 534 2 2517,6073,	
AB07 2 534 2 2514,6070,	
L03 2 534 2 2513,6069,	
ATC 2 534 2 2512,6068,	
código 2 534 2 2511,6067,	
promedio 2 534 2 3055,6612,	
primaria 2 534 2 2931,6487,	
farmacoterapéutico 2 534 2 2508,6064,	
Grupo 2 534 2 2507,6063,	
farmacodinámicas 2 534 2 2506,6062,	
Propiedades 4 534 4 2505,2942,6061,6498,	
	5 2 534 2 2503,6059,	
ESTE 2 534 2 2501,6057,	
FARMACOLÓGICAS 2 534 2 2499,6055,	
PROPIEDADES 2 534 2 2498,6054,	
" 3 534 3 2496,6052,9368,	
adecuado 4 534 4 2495,3427,6050,6983,	
observación 2 534 2 2488,6043,	
hospitalizar 2 534 2 2483,6038,	
sobredosis 2 534 2 2480,6035,	
Sobredosis 2 534 2 2476,6031,	
9 5 534 5 2475,3492,3502,6030,7058,	
autoanticuerpos 2 534 2 2467,6022,	
realizadas 2 534 2 3256,6814,	
producirse 2 534 2 2460,6015,	
Puede 4 534 4 2459,3392,6014,6948,	
metrorragia 2 534 2 2458,6013,	
menorragia 2 534 2 2456,6011,	
vasodilatación 2 534 2 2453,6008,	
ansiedad 2 534 2 2451,6006,	
anorexia 2 534 2 2449,6004,	
clase 2 534 2 2439,5994,	
aplicables 2 534 2 2436,5991,	
d) 2 534 2 2433,5988,	
4) 2 534 2 2432,5987,	
produjeron 2 534 2 2397,5952,	
individuales 2 534 2 2356,5911,	
Información 2 534 2 2352,5907,	
c) 2 534 2 2351,5906,	
desconocida) 2 534 2 2350,5905,	
(frecuencia 2 534 2 2349,5904,	
comercialización 2 534 2 2348,5903,	
mediante 3 534 3 2343,5898,7224,	
LA 8 534 8 3477,3505,3509,3537,7034,7061,7066,7094,	
*Reacciones 2 534 2 2340,5895,	
asintómatica 2 534 2 2337,5893,	
REVISIÓN 2 534 2 3538,7095,	
complementarias 2 534 2 2336,5892,	
Elevación 2 534 2 2335,5891,	
Exploraciones 2 534 2 2334,5890,	
fatiga 2 534 2 2329,5888,	
masa 2 534 2 2325,5875,	
reacción 2 534 2 2319,5885,	
Necrosis 2 534 2 2303,5860,	
Inflamación 2 534 2 2297,5855,	
generales 2 534 2 2296,5854,	
conjuntivo 2 534 2 2294,5852,	
musculoesqueléticos 1 534 1 2289,	
Mialgias 2 534 2 2288,5845,	
multiforme 2 534 2 2286,5843,	
subcutáneo 2 534 2 2284,5841,	
urticaria 2 534 2 2282,5839,	
tejido 4 534 4 2280,2293,5837,5851,	
Angioedema 2 534 2 2277,5833,	
Prurito 2 534 2 2276,5832,	
vómitos 2 534 2 2271,5828,	
gastrointestinales 2 534 2 2270,5827,	
Diarrea 2 534 2 2269,5826,	
Convulsiones 2 534 2 2265,5822,	
Cefalea 2 534 2 2264,5821,	
insomnio 2 534 2 2261,5818,	
psiquiátricos 2 534 2 2260,5817,	
suicidio 2 534 2 2259,5816,	
Intento 2 534 2 2257,5814,	
Depresión 2 534 2 2256,5813,	
endocrinos 2 534 2 2251,5807,	
Disfunción 2 534 2 2250,5805,	
leucopenia 2 534 2 2248,5803,	
linfático 2 534 2 2247,5802,	
linfopenia 2 534 2 2246,5800,	
sangre 2 534 2 2242,5797,	
Neutropenia 2 534 2 2241,5796,	
Trastornos 16 534 16 2238,2249,2255,2262,2268,2272,2287,2295,5793,5804,5812,5819,5825,5829,5844,5853,	
punto 5 534 5 2233,2322,2690,5787,6246,	
infestaciones 2 534 2 2232,5786,	
Absceso 2 534 2 2226,5780,	
Infecciones 4 534 4 2224,2229,5778,5783,	
(1/1 2 534 2 2221,5774,	
inmunoensayo 2 534 2 3044,6601,	
(1/100 2 534 2 2220,5773,	
(1/10) 2 534 2 2219,5772,	
Sistemas 2 534 2 2218,5771,	
revalidación 4 534 4 3525,3533,7082,7090,	
Órganos 2 534 2 2216,5769,	
Frecuencia 2 534 2 2215,5768,	
Clasificación 2 534 2 2208,5761,	
sistemas 2 534 2 2207,5760,	
órganos 2 534 2 2205,5758,	
MedDRA 2 534 2 2203,5756,	
clasificación 3 534 3 2202,5755,9366,	
placebo) 3 534 3 2187,5740,9351,	
deterioro 2 534 2 3447,7004,	
superiores 3 534 3 2182,5735,9346,	
valores 3 534 3 2181,5734,9345,	
(con 3 534 3 2180,5733,9344,	
muestran 5 534 5 2169,3207,5722,6765,9333,	
compartimento 2 534 2 2992,6548,	
pacientes) 3 534 3 2167,5720,9331,	
discapacidad 2 534 2 2661,6217,	
semana=727 3 534 3 2166,5719,9330,	
398 3 534 3 2158,5711,9322,	
= 3 534 3 2157,5710,9321,	
pacientes; 6 534 6 2149,2159,5702,5712,9313,9323,	
combinar 3 534 3 2138,5691,9302,	
años) 2 534 2 2636,6192,	
obtuvieron 3 534 3 2136,5689,9300,	
identificadas 5 534 5 2127,2342,5680,5897,9291,	
intervalo 3 534 3 2122,5675,9286,	
decreciente 3 534 3 2116,5669,9280,	
enumeran 6 534 6 2113,2192,5666,5745,9277,9356,	
mostró 2 534 2 3245,6803,	
<1/10 3 534 3 2106,5660,9271,	
raras 3 534 3 2105,5659,9270,	
1/ 3 534 3 2101,5655,9266,	
Raras 3 534 3 2096,5650,9261,	
000 14 534 14 2093,2099,2103,2107,2222,5646,5653,5657,5661,5775,9258,9264,9268,9272,	
1/1 3 534 3 2092,5645,9257,	
1/100 6 534 6 2086,2095,5639,5649,9251,9260,	
Frecuentes 5 534 5 2084,2212,5637,5765,9249,	
1/10 9 534 9 2083,2088,2098,5636,5641,5652,9248,9253,9263,	
> 11 534 11 2082,2085,2091,2097,5635,5638,5644,5651,9247,9256,9262,	
Muy 8 534 8 2080,2104,2210,5633,5658,5763,9245,9269,	
siguiente 3 534 3 2078,5631,9243,	
clasifican 3 534 3 2071,5624,9236,	
continuación 6 534 6 2069,2194,5622,5747,9234,9358,	
b) 3 534 3 2058,5611,9223,	
facultativo 3 534 3 2057,5610,9222,	
juicio 3 534 3 2055,5608,9220,	
temporalmente 3 534 3 2053,5606,9218,	
disminuir 3 534 3 2050,5603,9215,	
persistentes 3 534 3 2044,5597,9209,	
media 2 534 2 2722,6278,	
adversos 3 534 3 2041,5594,9206,	
efectos 5 534 5 2040,3280,5593,6837,9205,	
caso 5 534 5 2037,2478,5590,6033,9202,	
disminucion 1 534 1 2032,	
responden 3 534 3 2028,5581,9193,	
reversibles 3 534 3 2026,5579,9191,	
leves 3 534 3 2024,5577,9189,	
suelen 3 534 3 2022,5575,9187,	
séricos 4 534 4 2962,3004,6518,6560,	
IFN-beta-1a 3 534 3 2021,5574,9186,	
observadas 9 534 9 2019,2175,2185,5572,5728,5738,9184,9339,9349,	
mayoría 5 534 5 2014,2388,5567,5943,9179,	
leucocitos 3 534 3 2012,5565,9177,	
descensos 3 534 3 2009,5562,9174,	
analíticos 3 534 3 2003,5556,9168,	
Reino 2 534 2 3490,7047,	
incrementos 3 534 3 1998,5551,9163,	
eritema 5 534 5 1993,2283,5546,5840,9158,	
inflamación 3 534 3 1990,5543,9155,	
principalmente 5 534 5 1989,3186,5542,6744,9154,	
presentarán 3 534 3 1982,5535,9147,	
30% 8 534 8 1977,2633,2707,2827,5530,6189,6383,9142,	
seis 8 534 8 1969,2178,2401,5522,5731,5956,9134,9342,	
primeros 5 534 5 1968,2400,5521,5955,9133,	
típico 3 534 3 1963,5516,9128,	
70% 5 534 5 1953,2892,5506,6448,9118,	
Aproximadamente 6 534 6 1951,1975,5504,5528,9116,9140,	
acusados 3 534 3 1937,5490,9102,	
relacionada 3 534 3 1925,5478,9090,	
terapia 6 534 6 1921,1942,5474,5495,9086,9107,	
descritas 3 534 3 2067,5620,9232,	
general 3 534 3 1910,5463,9075,	
a) 3 534 3 1908,5461,9073,	
Reacciones 11 534 11 1906,2059,2125,2434,5459,5612,5678,5989,9071,9224,9289,	
maquinaria 3 534 3 1899,5452,9064,	
operar 3 534 3 1898,5451,9063,	
podrían 3 534 3 1888,5441,9053,	
ej 3 534 3 1886,5439,9051,	
(p 3 534 3 1885,5438,9050,	
nervioso 5 534 5 1877,2267,5430,5824,9042,	
afectan 3 534 3 1874,5427,9039,	
máquinas 3 534 3 1869,5422,9034,	
conducir 6 534 6 1866,1896,5419,5449,9031,9061,	
capacidadpara 1 534 1 1865,	
Efectos 3 534 3 1862,5414,9026,	
7 6 534 6 1861,2581,3474,5413,7031,9025,	
decidir 3 534 3 1850,5402,9014,	
lactantes 3 534 3 1847,5399,9011,	
humana 3 534 3 1834,5386,8998,	
leche 3 534 3 1833,5385,8997,	
excreta 5 534 5 1830,3185,5382,6743,8994,	
cuenta 3 534 3 1816,5368,8980,	
interrupción 3 534 3 1808,5360,8972,	
brote 3 534 3 1804,5356,8968,	
tasa 7 534 7 1789,2721,2823,5341,6277,6379,8953,	
embarazadas 3 534 3 1784,5336,8948,	
potenciales 3 534 3 1768,5320,8932,	
riesgos 5 534 5 1767,3208,5319,6766,8931,	
planificando 3 534 3 1756,5308,8920,	
embarazada 3 534 3 1752,5304,8916,	
presentados 3 534 3 2134,5687,9298,	
quede 3 534 3 1751,5303,8915,	
anticonceptivas 3 534 3 1741,5293,8905,	
medidas 3 534 3 1740,5292,8904,	
utilizar 6 534 6 1739,1868,5291,5421,8903,9033,	
fértil 3 534 3 1737,5289,8901,	
edad 3 534 3 1736,5288,8900,	
mujeres 3 534 3 1734,5286,8898,	
Las 15 534 15 1733,1870,2064,2109,2188,5285,5423,5617,5662,5741,8897,9035,9229,9273,9352,	
instaurar 2 534 2 2490,6045,	
contraindicado 3 534 3 1724,5276,8888,	
espontáneo 6 534 6 1717,1824,5269,5376,8881,8988,	
aborto 8 534 8 1716,1823,3272,5268,5375,6829,8880,8987,	
incremento 5 534 5 1712,2685,5264,6241,8876,	
haber 3 534 3 1710,5262,8874,	
bajos 2 534 2 3009,6565,	
disponibles 3 534 3 1706,5258,8870,	
Existe 3 534 3 1692,5244,8856,	
lactancia 6 534 6 1691,1854,5242,5406,8854,9018,	
Embarazo 5 534 5 1689,5240,5243,8852,8855,	
ACTH 3 534 3 1683,5234,8846,	
recibir 3 534 3 1678,5229,8841,	
(ACTH) 3 534 3 1666,5217,8829,	
corticotropina 3 534 3 1665,5216,8828,	
adrenocorticotropa 3 534 3 1663,5214,8826,	
hormona 3 534 3 1662,5213,8825,	
corticoides 6 534 6 1659,1681,5210,5232,8822,8844,	
sistemáticamente 3 534 3 1652,5203,8815,	
estudiado 3 534 3 1651,5202,8814,	
clases 3 534 3 1645,5196,8808,	
ejemplo 3 534 3 1640,5191,8803,	
sistema 10 534 10 1634,1876,2245,2266,5185,5429,5801,5823,8797,9041,	
manera 3 534 3 1632,5183,8795,	
gran 3 534 3 1631,5182,8794,	
dependa 3 534 3 1629,5180,8792,	
aclaramiento 3 534 3 1628,5179,8791,	
cuyo 3 534 3 1627,5178,8790,	
terapéutico 3 534 3 1625,5176,8788,	
índice 3 534 3 1624,5175,8787,	
proteína 2 534 2 2564,6120,	
estrecho 3 534 3 1623,5174,8786,	
tenerse 6 534 6 1612,1814,5162,5366,8775,8978,	
obtenidos 2 534 2 2908,6464,	
animales 3 534 3 1610,5160,8773,	
P-450 6 534 6 1604,1638,5154,5189,8767,8801,	
citocromo 6 534 6 1603,1637,5153,5188,8766,8800,	
palpitaciones 2 534 2 2455,6010,	
dependientes 3 534 3 1601,5151,8764,	
antidepresivos 3 534 3 1647,5198,8810,	
humanos 8 534 8 1587,1607,3213,5137,5157,6771,8750,8770,	
beta-1a) 5 534 5 1584,2533,5134,6089,8747,	
(Interferón 5 534 5 1583,2532,5133,6088,8746,	
farmacológica 5 534 5 1580,2440,5130,5995,8743,	
realizado 5 534 5 1576,3231,5126,6789,8739,	
interacción 9 534 9 1572,1579,1654,5122,5129,5205,8735,8742,8817,	
formas 3 534 3 1570,5120,8733,	
medicamentos 7 534 7 1567,1620,5117,5171,8730,8783,9371,	
Interacción 3 534 3 1563,5113,8726,	
sodio"" 3 534 3 1560,5110,8723,	
""exento 3 534 3 1558,5108,8721,	
esencialmente 3 534 3 1557,5107,8720,	
considera 3 534 3 1556,5106,8719,	
antiproliferativas 2 534 2 2530,6086,	
sodio 3 534 3 1549,5099,8712,	
mg) 3 534 3 1547,5097,8710,	
(23 3 534 3 1546,5096,8709,	
mmol 3 534 3 1545,5095,8708,	
Este 3 534 3 1539,5089,8702,	
local 2 534 2 3473,7030,	
erupción 4 534 4 2281,2285,5838,5842,	
ambulatoria 3 534 3 1538,5088,8701,	
escasos 3 534 3 1525,5075,8688,	
productos 3 534 3 1521,5071,8683,	
distintos 3 534 3 1520,5070,8682,	
comparar 3 534 3 1516,5066,8678,	
capacidad 13 534 13 1514,1537,1892,3365,5064,5087,5417,5445,6922,8676,8700,9029,9057,	
esté 3 534 3 1755,5307,8919,	
limitan 3 534 3 1512,5062,8674,	
positivos"" 3 534 3 1511,5061,8673,	
""anticuerpos 3 534 3 1510,5060,8672,	
definiciones 3 534 3 1508,5058,8670,	
diferentes 3 534 3 1507,5057,8669,	
detectar 3 534 3 1500,5050,8662,	
diversos 3 534 3 1497,5047,8659,	
beneficio/riesgo 3 534 3 1488,5038,8650,	
cociente 3 534 3 1487,5037,8649,	
reevaluar 3 534 3 1485,5035,8647,	
escasamente 3 534 3 1473,5023,8635,	
responde 3 534 3 1472,5022,8634,	
magnética 3 534 3 1468,5018,8630,	
resonancia 3 534 3 1467,5017,8629,	
parámetros 6 534 6 1463,2002,5013,5555,8625,9167,	
asocia 5 534 5 1454,3098,5004,6655,8616,	
desarrollo 3 534 3 1449,4999,8611,	
totalmente 5 534 5 1447,3154,4997,6712,8609,	
asociado 5 534 5 1618,2447,5169,6002,8781,	
dilucidado 3 534 3 1446,4996,8608,	
inducción 3 534 3 1440,4990,8602,	
clínico 3 534 3 1437,4987,8599,	
significado 3 534 3 1436,4986,8598,	
neopterina) 3 534 3 1433,4983,8595,	
microglobulina 5 534 5 1431,3127,4981,6685,8593,	
(beta-2 3 534 3 1430,4980,8592,	
farmacodinámica 3 534 3 1426,4976,8588,	
respuesta 5 534 5 1425,3153,4975,6711,8587,	
atenúa 3 534 3 1423,4973,8585,	
presencia 3 534 3 1420,4970,8582,	
persistente 3 534 3 1418,4968,8580,	
aproximadamente 5 534 5 1402,2828,4951,6384,8564,	
48 7 534 7 1394,3073,3162,4943,6630,6720,8556,	
tratatamiento 2 534 2 1397,8559,	
todavía 7 534 7 1381,2577,2925,4930,6133,6481,8543,	
formación 5 534 5 1378,2465,4927,6020,8540,	
exacta 3 534 3 1375,4924,8537,	
Poco 5 534 5 2089,2213,5642,5766,9254,	
incidencia 9 534 9 1374,1912,2630,4719,4923,5465,6186,8536,9077,	
neutralizantes 9 534 9 1368,1452,1481,4917,5002,5031,8530,8614,8643,	
anticuerpos 24 534 24 1367,1380,1409,1422,1442,1451,1480,1502,4916,4929,4959,4972,4992,5001,5030,5052,8529,8542,8571,8584,8604,8613,8642,8664,	
suero 9 534 9 1366,1411,1504,4915,4961,5054,8528,8573,8666,	
aparecer 3 534 3 1363,4912,8525,	
Pueden 3 534 3 1362,4911,8524,	
Aunque 3 534 3 1434,4984,8596,	
mielosupresión 3 534 3 1360,4909,8522,	
graves 11 534 11 1355,1844,2042,2357,4904,5396,5595,5912,8517,9008,9207,	
renal 3 534 3 1352,4901,8514,	
administre 6 534 6 1345,1616,4894,5166,8507,8779,	
monitorización 3 534 3 1342,4891,8504,	
masculina 2 534 2 3287,6844,	
considerar 3 534 3 1339,4888,8501,	
24% 2 534 2 1404,8566,	
deberá 3 534 3 1335,4884,8497,	
signos 7 534 7 1325,3176,3444,4874,6734,7001,8487,	
administra 2 534 2 2996,6552,	
aparecen 3 534 3 1324,4873,8486,	
realizarse 3 534 3 1322,4871,8484,	
sistemática 3 534 3 1319,4868,8481,	
repetirlas 3 534 3 1316,4865,8478,	
necesario 3 534 3 1315,4864,8477,	
basales 3 534 3 1310,4859,8472,	
6-12 3 534 3 1300,4849,8462,	
anormales 3 534 3 1298,4847,8460,	
son 13 534 13 1297,1311,1995,2518,2963,4846,4860,5548,6074,6519,8459,8473,9160,	
basal 3 534 3 1294,4843,8456,	
practicar 3 534 3 1287,4836,8449,	
existentes 3 534 3 1284,4833,8446,	
Chino) 2 534 2 2556,6112,	
diagnóstico 3 534 3 1277,4826,8439,	
tiroidea 11 534 11 1274,1291,1329,2252,4823,4840,4878,5806,8436,8453,8491,	
función 9 534 9 1273,1290,2005,4822,4839,5558,8435,8452,9170,	
ocasionalmente 3 534 3 1269,4818,8431,	
meses) 3 534 3 1258,4792,8420,	
(1 3 534 3 1254,4788,8416,	
EDSS 2 534 2 2693,6249,	
regulares 3 534 3 1253,4787,8415,	
intervalos 3 534 3 1252,4786,8414,	
plaquetas 3 534 3 1250,4784,8412,	
determinación 3 534 3 1248,4782,8410,	
leucocitaria 3 534 3 1246,4780,8408,	
fórmula 3 534 3 1245,4779,8407,	
celular 3 534 3 1244,4778,8406,	
recuento 3 534 3 1243,4777,8405,	
enzimas 6 534 6 1239,1599,4773,5149,8401,8762,	
control 3 534 3 1236,4770,8398,	
realizar 3 534 3 1234,4768,8396,	
controlar 3 534 3 1212,4746,8374,	
normalmente 3 534 3 1210,4744,8372,	
requeridas 3 534 3 1209,4743,8371,	
laboratorio 3 534 3 1208,4742,8370,	
pruebas 9 534 9 1206,1288,1309,4740,4837,4858,8368,8450,8471,	
además 3 534 3 1203,4737,8365,	
Por 6 534 6 1201,1718,4735,5270,8363,8882,	
analíticas 3 534 3 1200,4717,8362,	
alteraciones 8 534 8 1199,1270,2307,4716,4819,5865,8361,8432,	
acompañarse 3 534 3 1197,4714,8359,	
empleode 1 534 1 1194,	
soporte 2 534 2 2494,6049,	
específicos 5 534 5 1192,2412,4708,5967,8353,	
factores 5 534 5 1189,2409,4705,5964,8350,	
identificado 5 534 5 1188,2408,4704,5963,8349,	
conoce 5 534 5 1184,2386,4700,5941,8345,	
sintomática 5 534 5 1181,2383,4697,5938,8342,	
raros 5 534 5 1177,2379,4693,5934,8338,	
casos 7 534 7 1176,2378,2391,4692,5933,5946,8337,	
mecanismo 7 534 7 1173,2375,2567,4689,5930,6123,8334,	
aguda 3 534 3 1171,4687,8332,	
hepático 10 534 10 1162,1635,2372,2394,4678,5186,5927,5949,8323,8798,	
daño 7 534 7 1161,2371,2393,4677,5926,5948,8322,	
causar 5 534 5 1160,2370,4676,5925,8321,	
potencial 5 534 5 1158,2368,4674,5923,8319,	
interferones 17 534 17 1154,1195,1593,2364,2444,2516,3259,4670,4712,5143,5919,5999,6072,6817,8315,8357,8756,	
hepática 19 534 19 1145,1170,1180,1354,2006,2382,2428,4661,4686,4696,4903,5559,5937,5983,8306,8331,8341,8516,9171,	
disfunción 11 534 11 1144,1179,1328,4660,4695,4877,5936,5982,8305,8340,8490,	
u 8 534 8 1139,1897,2422,4655,5450,5977,8300,9062,	
ictericia 5 534 5 1138,2421,4654,5976,8299,	
ULN) 3 534 3 1129,4645,8290,	
(>2 3 534 3 1125,4641,8286,	
Marsh 2 534 2 3485,7042,	
elevada 3 534 3 1124,4640,8285,	
sérica 5 534 5 1123,3116,4639,6673,8284,	
abuso 3 534 3 1118,4634,8279,	
fertilidad 2 534 2 3286,6843,	
evidencia 7 534 7 1113,2792,3247,4629,6348,6805,8274,	
significativa 3 534 3 1112,4628,8273,	
hepatopatía 6 534 6 1111,1116,4627,4632,8272,8277,	
(placebo=824 3 534 3 2148,5701,9312,	
iniciarse 3 534 3 1103,4619,8264,	
enzimáticos 3 534 3 1097,4613,8258,	
normalizado 3 534 3 1094,4610,8255,	
aumentarla 3 534 3 1089,4605,8250,	
volver 3 534 3 1087,4603,8248,	
reducción 8 534 8 1080,1457,2718,4596,5007,6274,8241,8619,	
ULN 3 534 3 1076,4592,8237,	
aumenta 3 534 3 1070,4586,8231,	
luego 6 534 6 1065,1260,4581,4794,8226,8422,	
meses 21 534 21 1061,1301,1395,1970,2179,2402,2696,3323,4577,4850,4944,5523,5732,5957,6252,6880,8222,8463,8557,9135,9343,	
significativo 2 534 2 2813,6369,	
iniciar 9 534 9 1051,1794,1972,4567,5346,5525,8212,8958,9137,	
ALT 9 534 9 1048,1069,1122,4564,4585,4638,8209,8230,8283,	
niveles 10 534 10 1046,1096,2961,3003,4562,4612,6517,6559,8207,8257,	
ausencia 6 534 6 1039,1228,4555,4762,8200,8390,	
(ULN) 3 534 3 1036,4553,8198,	
global 1 534 1 4720,	
exposición 2 534 2 3027,6584,	
normalidad 3 534 3 1035,4552,8197,	
antigenicidad 3 534 3 1518,5068,8680,	
superior 4 534 4 1032,4549,4726,8194,	
dividir 2 534 2 2830,6386,	
límite 3 534 3 1031,4548,8193,	
También 5 534 5 1994,3421,5547,6977,9159,	
dichas 3 534 3 1023,4540,8185,	
elevacion 1 534 1 1021,	
presentaron 3 534 3 1020,4536,8182,	
% 4 534 4 1016,4532,4954,8178,	
1-3 3 534 3 1015,4531,8177,	
(ALT)) 3 534 3 1012,4528,8174,	
aminotransferasa 3 534 3 1011,4527,8173,	
alanina 3 534 3 1010,4526,8172,	
(especialmente 3 534 3 1008,4524,8170,	
hepáticas 9 534 9 1007,1240,1600,4523,4774,5150,8169,8402,8763,	
opalescentes 2 534 2 3439,6996,	
transaminasas 6 534 6 1006,1024,4522,4541,8168,8186,	
asintomático 3 534 3 1003,4519,8165,	
aumento 7 534 7 1002,2462,3268,4518,6017,6825,8164,	
frecuente 3 534 3 1000,4516,8162,	
extensa 3 534 3 992,4508,8154,	
lesión 3 534 3 980,4496,8142,	
27% 1 534 1 6263,	
única 7 534 7 979,3035,3111,4495,6592,6668,8141,	
curado 3 534 3 974,4490,8136,	
hayan 8 534 8 973,1093,3460,4489,4609,7017,8135,8254,	
suspender 3 534 3 965,4481,8127,	
lesiones 3 534 3 962,4478,8124,	
relacionadas 3 534 3 1879,5432,9044,	
múltiples 3 534 3 961,4477,8123,	
continuar 6 534 6 951,982,4467,4498,8113,8144,	
consulte 3 534 3 945,4461,8107,	
le 3 534 3 941,4457,8103,	
líquido 3 534 3 934,4450,8096,	
drenaje 3 534 3 932,4448,8094,	
moderada 2 534 2 3085,6642,	
hinchazón 3 534 3 930,4446,8092,	
asociada 3 534 3 928,4444,8090,	
pueda 3 534 3 926,4442,8088,	
piel 5 534 5 924,2275,4440,5834,8086,	
rotura 3 534 3 921,4437,8083,	
presenta 7 534 7 919,2366,3382,4435,5921,6939,8081,	
Si 15 534 15 916,957,1067,1307,1469,4432,4473,4583,4856,5019,8078,8119,8228,8469,8631,	
lugar 9 534 9 913,2235,2317,3150,4429,5790,5876,6708,8075,	
producido 4 534 4 909,3602,4425,8071,	
especialmente 3 534 3 905,4421,8067,	
propio 3 534 3 903,4419,8065,	
auto-administración 3 534 3 900,4416,8062,	
asintomáticos 3 534 3 1999,5552,9164,	
procedimiento 3 534 3 898,4414,8060,	
periódicamente 9 534 9 896,1066,1261,4412,4582,4795,8058,8227,8423,	
revisar 3 534 3 895,4411,8057,	
inyecten 3 534 3 892,4408,8054,	
vez 4 534 4 889,4405,7429,8051,	
zonas 3 534 3 885,4401,8047,	
alternen 3 534 3 883,4399,8045,	
aséptica 3 534 3 881,4397,8043,	
técnica 3 534 3 878,4394,8040,	
utilicen 3 534 3 876,4392,8038,	
recomendar 6 534 6 870,943,4386,4459,8031,8105,	
riesgo 19 534 19 860,1191,1714,1798,1820,2411,3270,4376,4707,5266,5350,5372,5966,6827,8021,8352,8878,8962,8984,	
minimizar 3 534 3 858,4374,8019,	
zona 20 534 20 850,865,937,1986,2310,2313,2315,2332,4366,4381,4453,5539,5863,5869,5871,5882,8011,8026,8099,9151,	
necrosis 9 534 9 847,862,988,4363,4378,4504,8008,8023,8150,	
notificado 6 534 6 846,1590,4362,5140,8007,8753,	
utilizan 3 534 3 842,4358,8003,	
alterar 3 534 3 831,4347,7992,	
inicio 14 534 14 813,1221,1726,1939,2672,4329,4755,5278,5492,6228,7974,8383,8890,9104,	
clínica 8 534 8 811,1114,2795,4327,4630,6351,7972,8275,	
situación 6 534 6 810,1293,4326,4842,7971,8455,	
empeoramiento 6 534 6 807,1280,4323,4829,7968,8442,	
descartar 3 534 3 805,4321,7966,	
vigilarse 3 534 3 802,4318,7963,	
arritmias 5 534 5 800,2452,4316,6007,7961,	
congestiva 3 534 3 798,4314,7959,	
cardíaca 3 534 3 797,4313,7958,	
insuficiencia 11 534 11 796,1169,1351,2381,2427,4312,4685,4900,7957,8330,8513,	
angina 3 534 3 795,4311,7956,	
cardiopatías 6 534 6 792,837,4308,4353,7953,7998,	
controlada 3 534 3 778,4294,7939,	
convenientemente 3 534 3 777,4293,7938,	
2-5A 2 534 2 3119,6676,	
epilepsia 3 534 3 774,4290,7935,	
especial 3 534 3 771,4287,7932,	
antiepilépticos 9 534 9 769,780,1642,4285,4296,5193,7930,7941,8805,	
reciben 3 534 3 766,4282,7927,	
crisis 3 534 3 761,4277,7922,	
previa 3 534 3 759,4275,7920,	
historia 6 534 6 758,1109,4274,4625,7919,8270,	
EU/1/98/063/002 1 534 1 3500,	
enpacientes 1 534 1 756,	
secciones 6 534 6 745,782,4260,4298,7905,7943,	
interrumpir 9 534 9 739,1775,1852,4254,5327,5404,7899,8939,9016,	
posibilidad 9 534 9 737,1773,1838,4252,5325,5390,7897,8937,9002,	
considerarse 9 534 9 735,1078,1771,4250,4594,5323,7895,8239,8935,	
Debe 6 534 6 734,1611,4249,5161,7894,8774,	
adecuada 3 534 3 733,4248,7893,	
tratarse 3 534 3 730,4245,7890,	
estrechamente 6 534 6 723,803,4238,4319,7883,7964,	
controlarse 6 534 6 722,1044,4237,4560,7882,8205,	
deben 20 534 20 721,801,1043,1321,1738,2916,3433,4236,4317,4559,4798,4870,5290,6472,6990,7881,7962,8204,8483,8902,	
presenten 4 534 4 719,4234,4352,7879,	
Los 34 534 34 716,788,819,975,1262,1385,1667,1704,1930,2132,2515,3199,4231,4304,4335,4491,4811,4934,5218,5256,5483,5685,6071,6757,7876,7949,7980,8137,8424,8547,8830,8868,9095,9296,	
síntoma 3 534 3 710,4225,7870,	
inmediatamente 3 534 3 705,4220,7865,	
notifiquen 3 534 3 704,4219,7864,	
aconsejar 3 534 3 696,4211,7856,	
asociación 3 534 3 688,4203,7848,	
e 7 534 7 677,2225,2489,4192,5779,6044,7837,	
existe 3 534 3 671,4186,7831,	
antecedentes 3 534 3 660,4175,7820,	
aminoácidos 2 534 2 2541,6097,	
particular 3 534 3 656,4171,7816,	
activos 3 534 3 654,4169,7814,	
depresivos 3 534 3 651,4166,7811,	
trastornos 5 534 5 650,3249,4165,6807,7810,	
precaución 15 534 15 645,755,1105,1337,1613,4160,4270,4621,4886,5163,7805,7915,8266,8499,8776,	
administrarse 7 534 7 643,753,3423,4268,6979,7803,7913,	
continuado 9 534 9 640,1491,1950,4155,5041,5503,7800,8653,9115,	
gravedad 8 534 8 636,2118,2639,4151,5671,6195,7796,9282,	
frecuencia 24 534 24 634,674,1946,2063,2074,2124,2171,2196,4149,4189,5499,5616,5627,5677,5724,5749,7794,7834,9111,9228,9239,9288,9335,9360,	
disminuyen 9 534 9 632,1594,1944,4147,5144,5497,7792,8757,9109,	
comenzar 3 534 3 628,4143,7788,	
tienden 6 534 6 622,1933,4137,5486,7782,9098,	
Estos 5 534 5 620,2906,4135,6462,7780,	
pseudogripal 12 534 12 615,823,1929,1965,4130,4339,5482,5518,7775,7984,9094,9130,	
síndrome 12 534 12 614,822,1928,1964,4129,4338,5481,5517,7774,7983,9093,9129,	
incluyendo 6 534 6 610,1168,4125,4684,7770,8329,	
asociadas 6 534 6 603,1918,4118,5471,7763,9083,	
frecuentes 19 534 19 602,1996,2081,2090,2211,2214,2359,4117,4801,5549,5634,5643,5764,5767,5914,7762,9161,9246,9255,	
adversas 43 534 43 600,1843,1872,1907,1917,2018,2060,2066,2111,2126,2174,2190,2341,2355,2435,4115,5395,5425,5460,5470,5571,5613,5619,5664,5679,5727,5743,5896,5910,5990,7446,7760,9007,9037,9072,9082,9183,9225,9231,9275,9290,9338,9354,	
leve 3 534 3 1991,5544,9156,	
reacciones 36 534 36 599,910,1842,1871,1916,1983,2017,2065,2110,2173,2189,2354,4114,4426,5394,5424,5469,5536,5570,5618,5663,5726,5742,5909,7445,7759,8072,9006,9036,9081,9148,9182,9230,9274,9337,9353,	
reproducción 2 534 2 3252,6810,	
informar 6 534 6 593,1745,4108,5297,7753,8909,	
especiales 9 534 9 588,3209,3327,3404,4103,6767,6884,6960,7748,	
Advertencias 3 534 3 585,4100,7745,	
8) 27 534 27 582,619,750,787,856,1149,1167,1333,1903,4097,4134,4265,4303,4372,4665,4683,4882,5456,7742,7779,7910,7948,8017,8310,8328,8495,9068,	
suicida 12 534 12 575,663,679,715,4090,4178,4194,4230,7735,7823,7839,7875,	
ideación 12 534 12 574,662,678,714,4089,4177,4193,4229,7734,7822,7838,7874,	
y/o 8 534 8 573,713,2358,4088,4228,5913,7733,7873,	
activa 6 534 6 572,1117,4087,4633,7732,8278,	
primera 5 534 5 3514,3524,7071,7081,7428,	
grave 16 534 16 571,1163,1361,1805,2373,2395,4086,4679,4910,5357,5928,5950,7731,8324,8523,8969,	
< 10 534 10 2087,2094,2100,5640,5648,5654,9250,9252,9259,9265,	
depresión 12 534 12 570,676,712,720,4085,4191,4227,4235,7730,7836,7872,7880,	
natural 7 534 7 557,2546,2565,4072,6102,6121,7717,	
beta 24 534 24 556,609,1155,1884,2365,2473,2544,3007,3031,3262,4071,4124,4671,5437,5920,6028,6100,6563,6588,6820,7716,7769,8316,9049,	
interferón 20 534 20 555,608,693,1883,2472,2543,3006,3030,4070,4123,4208,5436,6027,6099,6562,6587,7715,7768,7853,9048,	
conocida 3 534 3 553,4068,7713,	
hipersensibilidad 3 534 3 552,4067,7712,	
Pacientes 6 534 6 549,567,4064,4082,7709,7727,	
muestra 2 534 2 2954,6510,	
6) 3 534 3 547,4062,7707,	
embarazo 12 534 12 543,1703,1722,1758,4058,5255,5274,5310,7703,8867,8886,8922,	
influir 3 534 3 1889,5442,9054,	
Inicio 3 534 3 538,4053,7698,	
· 15 534 15 537,548,566,875,882,4052,4063,4081,4391,4398,7697,7708,7726,8037,8044,	
Contraindicaciones 3 534 3 536,4051,7696,	
prolongar 3 534 3 528,4043,7688,	
conviene 3 534 3 527,4042,7687,	
individualizada 3 534 3 525,4040,7685,	
decida 3 534 3 521,4036,7681,	
comienzo 6 534 6 512,1304,4027,4853,7672,8466,	
inicia 1 534 1 7426,	
siguientes 3 534 3 510,4025,7670,	
periodo 3 534 3 505,4020,7665,	
evaluar 3 534 3 494,4009,7654,	
posterior 3 534 3 486,4001,7646,	
(datos 2 534 2 2897,6453,	
período 3 534 3 485,4000,7645,	
análisis 3 534 3 1498,5048,8660,	
tratar 3 534 3 469,3984,7629,	
desconoce 6 534 6 461,1826,3977,5378,7621,8990,	
evaluado 2 534 2 2584,6139,	
Actualmente 3 534 3 459,3975,7619,	
asociados 6 534 6 453,824,3969,4340,7613,7985,	
pseudogripales 6 534 6 452,1932,3968,5485,7612,9097,	
síntomas 26 534 26 451,612,621,820,1041,1141,1230,1931,2424,3967,4127,4136,4336,4557,4657,4764,5484,5979,7611,7772,7781,7981,8202,8302,8392,9096,	
reducir 3 534 3 449,3965,7609,	
antipirético 3 534 3 447,3963,7607,	
analgésico 3 534 3 446,3962,7606,	
después 10 534 10 436,1390,2345,3059,3952,4939,5900,6616,7596,8552,	
antivirales 2 534 2 2528,6084,	
horas 15 534 15 435,2985,3016,3058,3074,3135,3163,3951,6541,6573,6615,6631,6693,6721,7595,	
24 8 534 8 434,1392,3134,3950,4941,6692,7594,8554,	
Antes 3 534 3 428,3944,7588,	
población 8 534 8 427,682,2832,3943,4197,6388,7587,7842,	
3) 9 534 9 667,1732,1781,4182,5284,5333,7827,8896,8945,	
utilizarse 7 534 7 424,2936,3434,3940,6492,6991,7584,	
indican 6 534 6 1670,1707,5221,5259,8833,8871,	
menores 3 534 3 413,3929,7573,	
limitada 6 534 6 405,1695,3921,5247,7565,8859,	
dispone 8 534 8 401,1523,3275,3917,5073,6832,7561,8686,	
Se 42 534 42 400,492,591,668,694,893,1285,1334,1522,1588,1743,1825,2547,2582,2618,3916,4007,4106,4183,4209,4409,4834,4883,5072,5138,5295,5377,6103,6137,6173,7560,7652,7751,7828,7854,8055,8447,8496,8685,8751,8907,8989,	
normales 3 534 3 1312,4861,8474,	
adultos 3 534 3 399,3915,7559,	
observado 3 534 3 397,3913,7557,	
similar 3 534 3 395,3911,7555,	
vía 9 534 9 388,2612,2998,3106,3904,6167,6554,6663,7548,	
habían 2 534 2 2872,6428,	
tratados 18 534 18 382,700,1264,1957,2731,2742,2754,3898,4215,4813,5510,6287,6298,6310,7542,7860,8426,9122,	
16 4 534 4 380,3896,6051,7540,	
12 10 534 10 378,415,3390,3894,3931,4537,6571,6946,7538,7575,	
seguridad 15 534 15 374,474,1530,2586,3198,3221,3890,3989,5080,6141,6756,6779,7534,7634,8693,	
perfil 3 534 3 372,3888,7532,	
sugieren 6 534 6 369,1388,3885,4937,7529,8550,	
limitados 3 534 3 368,3884,7528,	
publicados 3 534 3 367,3883,7527,	
datos 20 534 20 366,1386,1526,1705,2133,2140,3200,3882,4935,5076,5257,5686,5693,6758,7526,8548,8689,8869,9297,9304,	
embargo 5 534 5 364,2868,3880,6424,7524,	
Sin 3 534 3 363,3879,7523,	
niños 6 534 6 360,412,3876,3928,7520,7572,	
farmacocinéticos 3 534 3 358,3874,7518,	
estudios 12 534 12 357,1577,3203,3216,3232,3873,5127,6761,6774,6790,7517,8740,	
formales 3 534 3 355,3871,7515,	
cabo 6 534 6 352,1055,3868,4571,7512,8216,	
llevado 3 534 3 350,3866,7510,	
han 19 534 19 349,481,908,1187,1575,2407,3230,3865,3996,4424,4703,5125,5962,6788,7509,7641,8070,8348,8738,	
adolescentes 9 534 9 346,362,376,3862,3878,3892,7506,7522,7536,	
Niños 3 534 3 344,3860,7504,	
trate 2 534 2 343,3859,	
apropiadas 3 534 3 1742,5294,8906,	
especialista 2 534 2 340,3856,	
considere 2 534 2 338,3854,	
según 13 534 13 337,2061,2072,2200,3214,3853,5614,5625,5753,6772,9226,9237,9364,	
alta 8 534 8 336,1788,1914,3852,5340,5467,8952,9079,	
dosis 32 534 32 334,1083,1551,2035,2046,2599,2624,2967,3034,3070,3080,3110,3169,3224,3850,4599,5101,5588,5599,6154,6179,6523,6591,6627,6637,6667,6727,6782,8244,8714,9200,9211,	
toleran 2 534 2 332,3848,	
recomienda 15 534 15 326,441,493,1233,1286,3842,3957,4008,4767,4835,7448,7601,7653,8395,8448,	
Dolor 2 534 2 2300,5857,	
administrado 2 534 2 316,3832,	
subcutánea 21 534 21 312,324,389,2613,2999,3020,3066,3148,3159,3828,3840,3905,6168,6555,6577,6623,6706,6717,7456,7477,7549,	
inyección 46 534 46 311,323,431,439,852,867,880,887,915,939,1988,2237,2312,2323,2324,2328,3062,3827,3839,3947,3955,4368,4383,4396,4403,4431,4455,5541,5789,5792,5874,5878,5879,5889,6619,7454,7476,7591,7599,8013,8028,8042,8049,8077,8101,9153,	
semana 14 534 14 309,321,393,2156,2617,3825,3837,3909,5709,7460,7481,7501,7553,9320,	
epilépticas 3 534 3 762,4278,7923,	
veces 28 534 28 307,319,391,1029,1074,1127,2154,2164,2615,3089,3823,3835,3907,4546,4590,4643,5707,5717,6170,6646,7458,7479,7551,8191,8235,8288,9318,9328,	
administrados 2 534 2 305,3821,	
recomendada 2 534 2 298,3814,	
(aproximadamente 4 534 4 2631,3086,6187,6643,	
posología 2 534 2 297,3813,	
mes 2 534 2 293,3809,	
primer 2 534 2 292,3808,	
durante 33 534 33 290,433,464,483,531,724,1684,1720,1966,2468,2757,2769,3806,3949,3980,3998,4046,4239,5235,5272,5519,6023,6313,6325,7461,7593,7624,7643,7691,7884,8847,8884,9131,	
paciente 17 534 17 289,904,918,1471,1748,1894,3805,4420,4434,5021,5300,5447,8066,8080,8633,8912,9059,	
necesidades 2 534 2 287,3803,	
cubre 2 534 2 285,3801,	
envase 5 534 5 273,3355,3385,3789,6912,	
inician 2 534 2 265,3781,	
44 25 534 25 260,303,2161,2604,2745,2767,2904,3546,3562,3776,3819,4729,4809,4949,5714,6159,6182,6265,6301,6323,6460,6936,7422,7496,9325,	
8 24 534 24 254,255,277,278,1905,2806,3265,3493,3770,3771,3793,3794,5458,6362,7049,7103,7104,7125,7126,7416,7417,7450,7451,9070,	
concentraciones 5 534 5 253,3123,3769,6681,7415,	
tres 19 534 19 252,306,318,390,2163,2614,2695,3768,3822,3834,3906,5716,6169,6251,7414,7457,7478,7550,9327,	
disponible 5 534 5 250,271,3766,3787,7412,	
enfermedad 3 534 3 247,3763,7409,	
Interferon 2 534 2 2509,6065,	
intensos 3 534 3 626,4141,7786,	
experiencia 3 534 3 241,3757,7403,	
médico 15 534 15 239,520,708,948,1483,3755,4035,4223,4464,5033,7401,7680,7868,8110,8645,	
supervisión 3 534 3 236,3752,7398,	
debe 62 534 62 232,423,468,592,642,695,752,869,894,942,964,1077,1102,1134,1484,1744,1770,1813,1849,2417,2482,2935,3748,3939,3983,4107,4157,4210,4267,4385,4410,4458,4480,4593,4618,4650,5034,5296,5322,5365,5401,5972,6037,6491,7394,7583,7628,7752,7802,7855,7912,8030,8056,8104,8126,8238,8263,8295,8646,8908,8934,9013,	
El 26 534 26 230,1098,1130,1172,1193,1494,2374,2413,2566,3179,3746,4614,4646,4688,4709,5044,5929,5968,6122,6737,7392,8259,8291,8333,8354,8656,	
autoinyector 2 534 2 3426,6982,	
efecto 5 534 5 2812,2858,6368,6414,7228,	
administración 28 534 28 229,443,456,606,2326,2442,2946,3019,3065,3094,3145,3158,3745,3959,3972,4121,5884,5997,6502,6576,6622,6651,6703,6716,7391,7603,7616,7766,	
forma 15 534 15 227,524,732,1318,1417,3743,4039,4247,4867,4967,7389,7684,7892,8480,8579,	
Posología 3 534 3 225,3741,7387,	
actividad 8 534 8 216,1596,3113,3732,5146,6670,7378,8759,	
presentar 12 534 12 215,1268,1961,2039,3731,4817,5514,5592,7377,8430,9126,9204,	
dejen 3 534 3 213,3729,7375,	
progresiva 7 534 7 211,2785,2932,3727,6341,6488,7373,	
secundaria 5 534 5 210,2784,3726,6340,7372,	
eficacia 14 534 14 202,476,1460,1528,2588,3718,3991,5010,5078,6143,7364,7636,8622,8691,	
demostrado 8 534 8 200,482,2620,3716,3997,6175,7362,7642,	
No 25 534 25 197,347,1185,1573,1648,2405,3228,3273,3315,3337,3713,3863,4701,5123,5199,5960,6786,6830,6872,6894,7359,7507,8346,8736,8811,	
1) 6 534 6 196,222,3712,3738,7358,7384,	
apartado 41 534 41 194,220,545,577,617,665,854,1147,1165,1331,1730,1779,1901,2430,3710,3736,4060,4092,4132,4180,4370,4663,4681,4880,5282,5331,5454,5985,7356,7382,7705,7737,7777,7825,8015,8308,8326,8493,8894,8943,9066,	
descender 2 534 2 3139,6697,	
(ver 47 534 47 193,219,544,576,616,664,744,781,853,1146,1164,1330,1729,1778,1900,2429,3709,3735,4059,4091,4131,4179,4259,4297,4369,4662,4680,4879,5281,5330,5453,5984,7355,7381,7704,7736,7776,7824,7904,7942,8014,8307,8325,8492,8893,8942,9065,	
central 3 534 3 1878,5431,9043,	
previos 12 534 12 192,652,2655,2800,2848,3708,4167,6211,6356,6404,7354,7812,	
aparece 5 534 5 1137,2420,4653,5975,8298,	
años 32 534 32 191,381,416,489,502,509,2654,2716,2759,2772,2778,2799,2847,3707,3897,3932,4004,4017,4024,6210,6272,6315,6328,6334,6355,6403,7353,7541,7576,7649,7662,7669,	
o 57 534 57 185,558,560,653,799,931,1121,1278,1353,1660,1664,1682,1753,1855,1992,2043,2051,2842,3000,3021,3701,4073,4075,4168,4315,4447,4637,4827,4902,5211,5215,5233,5305,5407,5545,5596,5604,6398,6556,6578,7347,7718,7720,7813,7960,8093,8282,8440,8515,8823,8827,8845,8917,9019,9157,9208,9216,	
aparición 15 534 15 182,1801,1840,2076,2198,3698,5353,5392,5629,5751,7344,8965,9004,9241,9362,	
caracterizó 3 534 3 179,3695,7341,	
inyecciones 3 534 3 954,4470,8116,	
clínicos 42 534 42 176,354,996,1042,1142,1231,1326,1387,1464,1669,2131,2144,2425,2643,3205,3692,3870,4512,4558,4658,4765,4875,4936,5014,5220,5684,5697,5980,6199,6763,7338,7514,8158,8203,8303,8393,8488,8549,8626,8832,9295,9308,	
ensayos 18 534 18 175,353,995,1668,2130,2143,3691,3869,4511,5219,5683,5696,7337,7513,8157,8831,9294,9307,	
En 22 534 22 173,838,993,1038,1782,2036,2477,2773,3689,4354,4509,4554,5334,5589,6032,6329,7335,7999,8155,8199,8946,9201,	
mayor 3 534 3 673,4188,7833,	
brotes 29 534 29 172,187,218,1686,1791,2642,2650,2724,2803,2825,2841,2874,3688,3703,3734,5237,5343,6198,6206,6280,6359,6381,6397,6430,7334,7349,7380,8849,8955,	
múltiple 29 534 29 170,209,685,1218,1535,1676,2147,2576,2595,2783,2930,3686,3725,4200,4752,5085,5227,5700,6132,6150,6339,6486,7332,7371,7845,8380,8698,8839,9311,	
esclerosis 29 534 29 169,208,684,1217,1534,1675,2146,2575,2594,2782,2929,3685,3724,4199,4751,5084,5226,5699,6131,6149,6338,6485,7331,7370,7844,8379,8697,8838,9310,	
presentan 28 534 28 168,207,551,569,649,791,836,960,1408,1786,3684,3723,4066,4084,4164,4307,4476,4958,5338,7330,7369,7711,7729,7809,7952,8122,8570,8950,	
emana 1 534 1 6172,	
pacientes 112 534 112 166,205,263,329,472,497,596,647,699,717,789,834,840,873,959,976,1019,1107,1215,1263,1349,1358,1407,1532,1673,1783,1956,1980,2486,2592,2645,2676,2730,2741,2753,2780,2834,2864,2878,2913,2927,2939,3682,3721,3779,3845,3987,4012,4111,4162,4214,4232,4272,4305,4350,4356,4389,4475,4492,4535,4623,4749,4812,4898,4907,4957,5082,5224,5335,5509,5533,6041,6147,6201,6232,6286,6297,6309,6336,6390,6420,6434,6469,6483,6495,7328,7367,7632,7657,7756,7807,7859,7877,7917,7950,7995,8001,8034,8121,8138,8181,8268,8377,8425,8511,8520,8569,8695,8836,8947,9121,9145,	
tratamiento 112 534 112 163,231,244,267,295,491,514,530,540,630,639,726,741,767,815,826,967,984,1053,1063,1099,1131,1223,1306,1475,1490,1728,1762,1777,1796,1810,1857,1949,1974,2404,2414,2470,2492,3679,3747,3760,3783,3811,4006,4029,4045,4055,4145,4154,4241,4256,4283,4331,4342,4483,4500,4569,4579,4615,4647,4757,4806,4855,4946,5025,5040,5280,5314,5329,5348,5362,5409,5502,5527,5959,5969,6025,6047,7325,7393,7406,7431,7467,7651,7674,7690,7700,7790,7799,7886,7901,7928,7976,7987,8129,8146,8214,8224,8260,8292,8385,8468,8637,8652,8892,8926,8941,8960,8974,9021,9114,9139,	
indicado 3 534 3 160,3676,7322,	
está 32 534 32 159,249,270,776,1383,1723,1760,1924,2534,2560,2579,3416,3675,3765,3786,4292,4932,5275,5312,5477,6090,6116,6135,6972,7239,7321,7411,7937,8545,8887,8924,9089,	
Rebif 169 534 169 158,248,269,276,281,300,313,384,410,421,458,478,516,641,702,728,743,751,843,956,969,998,1085,1101,1133,1150,1225,1266,1399,1477,1493,1582,1617,1656,1679,1700,1764,1812,1828,1859,1923,1959,2048,2150,2160,2360,2416,2531,2572,2590,2626,2733,2744,2763,2766,2809,2900,2920,3024,3096,3236,3378,3674,3764,3785,3792,3797,3816,3829,3900,3926,3937,3974,3993,4031,4156,4217,4243,4258,4266,4359,4472,4485,4514,4601,4617,4649,4666,4728,4732,4759,4808,4815,4948,5027,5043,5132,5168,5207,5230,5252,5316,5364,5380,5411,5476,5512,5601,5703,5713,5915,5971,6087,6128,6145,6181,6289,6300,6319,6322,6365,6456,6476,6581,6653,6794,6935,7108,7320,7410,7433,7544,7570,7581,7618,7638,7676,7801,7862,7888,7903,7911,8004,8118,8131,8160,8246,8262,8294,8311,8387,8428,8561,8639,8655,8745,8780,8819,8842,8864,8928,8976,8992,9023,9088,9124,9213,9314,9324,	
terapéuticas 3 534 3 157,3673,7319,	
Indicaciones 3 534 3 156,3672,7318,	
	"4 3 534 3 154,3670,7316,	
vértigo 2 534 2 2450,6005,	
CLÍNICOS 3 534 3 153,3669,7315,	
DATOS 5 534 5 152,3289,3668,6846,7314,	
450 3 534 3 149,3665,7311,	
250 3 534 3 146,3662,7308,	
preciso 2 534 2 2570,6126,	
endógenas 2 534 2 2523,6079,	
osmolaridad 3 534 3 144,3660,7306,	
4 101 534 101 140,151,223,488,508,534,546,578,579,581,583,584,618,666,746,749,783,786,855,1148,1166,1332,1561,1687,1731,1860,1902,1904,2431,2474,2715,3079,3168,3325,3516,3526,3656,3667,3739,4003,4023,4049,4061,4093,4094,4096,4098,4099,4133,4181,4261,4264,4299,4302,4371,4664,4682,4881,5111,5238,5283,5412,5455,5457,5986,6029,6271,6636,6726,6882,7073,7083,7129,7302,7313,7385,7487,7648,7668,7694,7706,7738,7741,7743,7744,7778,7826,7906,7909,7944,7947,8016,8309,8327,8494,8724,8850,8895,9024,9067,9069,	
pH 3 534 3 135,3651,7297,	
opalescente 3 534 3 132,3648,7294,	
clara 6 534 6 130,1384,3646,4933,7292,8546,	
Solución 3 534 3 129,3645,7291,	
	Solución 3 534 3 127,3643,7289,	
FARMACÉUTICA 3 534 3 126,3642,7288,	
Descripción 3 534 3 1909,5462,9074,	
FORMA 3 534 3 125,3641,7287,	
3 35 534 35 124,137,535,747,1037,1058,1255,2153,2777,2787,3057,3194,3318,3388,3640,3653,4050,4262,4574,4789,5706,6333,6343,6614,6752,6875,6944,7286,7299,7485,7695,7907,8219,8417,9317,	
6 29 534 29 122,1060,1257,1688,2789,3288,3312,3317,3324,3349,3401,3402,3638,4576,4791,5239,6345,6845,6869,6874,6881,6906,6957,6958,7203,7284,8221,8419,8851,	
sección 4 534 4 121,3637,7202,7283,	
ver 4 534 4 120,3636,7201,7282,	
excipientes 9 534 9 119,565,3295,3635,4080,6852,7200,7281,7725,	
completa 4 534 4 117,3633,7198,7279,	
lista 6 534 6 116,3417,3632,6973,7197,7278,	
consultar 4 534 4 114,3630,7195,7276,	
Para 11 534 11 113,262,857,3428,3629,3778,4373,6985,7194,7275,8018,	
posible 5 534 5 1819,2988,5371,6544,8983,	
01M 4 534 4 112,3628,7193,7274,	
sódico 8 534 8 110,3303,3307,3626,6860,6864,7191,7272,	
acetato 4 534 4 109,3625,7190,7271,	
tampón 4 534 4 108,3624,7189,7270,	
bencílico 6 534 6 106,3301,3622,6858,7187,7268,	
alcohol 7 534 7 105,1120,3621,4636,7186,7267,8281,	
mg 4 534 4 103,3619,7184,7265,	
Excipientes 4 534 4 100,3616,7181,7262,	
(CHO-K1) 4 534 4 99,3615,7180,7261,	
redujo 6 534 6 2700,2821,2889,6256,6377,6445,	
chino 4 534 4 98,3614,7179,7260,	
hámster 4 534 4 97,3613,7178,7259,	
ovario 4 534 4 95,3611,7176,7257,	
células 6 534 6 93,2550,3609,6106,7174,7255,	
recombinante 7 534 7 91,559,3607,4074,7172,7253,7719,	
ADN 4 534 4 90,3606,7171,7252,	
tecnología 4 534 4 88,3604,7169,7250,	
**producido 3 534 3 86,7167,7248,	
menudo 1 534 1 5810,	
(GB-23-902-531) 4 534 4 85,3600,7166,7247,	
NIH 4 534 4 84,3599,7165,7246,	
permanecen 4 534 4 3008,3173,6564,6731,	
estrecha 3 534 3 1341,4890,8503,	
internacional 4 534 4 82,3597,7163,7244,	
referencia 3 534 3 78,3593,7159,	
beta-1a 30 534 30 75,818,829,1347,1372,1415,1429,2510,2953,3181,3283,3590,4334,4345,4896,4921,4965,4979,6066,6509,6739,6840,7156,7237,7979,7990,8509,8534,8577,8591,	
IFN 4 534 4 74,3589,7155,7236,	
interno 4 534 4 72,3587,7153,7234,	
artralgias 2 534 2 2290,5847,	
estándar 6 534 6 71,81,3586,3596,7152,7162,	
frente 17 534 17 68,79,1369,1412,1817,3583,3594,4918,4962,5369,7149,7160,7231,7241,8531,8574,8981,	
(CPE) 4 534 4 67,3582,7148,7230,	
citopático 4 534 4 66,3581,7147,7229,	
mOsm/l 6 534 6 147,150,3663,3666,7309,7312,	
bioensayo 4 534 4 65,3580,7146,7226,	
utilizando 3 534 3 63,3578,7144,	
determina 3 534 3 62,3577,7143,	
(UI) 3 534 3 60,3575,7141,	
potencia 3 534 3 59,3574,7140,	
La 39 534 39 58,296,473,1373,1419,1911,2013,2387,2441,2673,2968,3018,3093,3144,3410,3448,3573,3812,3988,4718,4922,4969,5464,5566,5942,5996,6229,6524,6575,6650,6702,6966,7005,7139,7633,8535,8581,9076,9178,	
sea 3 534 3 990,4506,8152,	
* 4 534 4 57,3572,7138,7222,	
1a** 3 534 3 56,3571,7221,	
orden 5 534 5 2115,2974,5668,6530,9279,	
beta- 4 534 4 55,3570,7135,7220,	
Interferón 28 534 28 54,817,828,1346,1371,1414,1428,2952,3180,3282,3569,4333,4344,4895,4920,4964,4978,6508,6738,6839,7134,7219,7978,7989,8508,8533,8576,8590,	
UI*) 4 534 4 52,3567,7132,7217,	
millones 6 534 6 50,2607,3565,6162,7130,7215,	
(6 2 534 2 49,7214,	
contiene 11 534 11 46,275,1541,3372,3561,3791,5091,6929,7124,7211,8704,	
instaurarse 3 534 3 233,3749,7395,	
ml) 4 534 4 45,3560,7123,7210,	
5 52 534 52 44,102,138,141,195,221,784,1028,1073,1126,1562,1780,2108,2497,2669,2940,3088,3193,3350,3374,3559,3618,3654,3657,3711,3737,4300,4545,4589,4642,5112,5332,6053,6225,6496,6645,6751,6907,6931,7209,7264,7300,7303,7357,7383,7739,7945,8190,8234,8287,8725,8944,	
nuevo 3 534 3 1276,4825,8438,	
(0 4 534 4 43,3558,7121,7208,	
precargada 4 534 4 42,3557,7120,7207,	
seres 8 534 8 1586,1606,3212,5136,5156,6770,8749,8769,	
jeringa 4 534 4 41,3556,7119,7206,	
	Cada 3 534 3 40,3555,7118,	
CUANTITATIVA 3 534 3 39,3554,7117,	
Y 3 534 3 38,3553,7116,	
CUALITATIVA 3 534 3 37,3552,7115,	
COMPOSICIÓN 3 534 3 36,3551,7114,	
2 32 534 32 35,101,224,2635,2649,2758,2771,2836,2846,2941,3087,3142,3313,3550,3617,3740,6191,6205,6314,6327,6392,6402,6497,6644,6700,6870,7113,7122,7263,7386,7464,7661,	
precauciones 3 534 3 587,4102,7747,	
inyectable 9 534 9 34,128,3412,3549,3644,6968,7107,7112,7290,	
solución 8 534 8 33,3377,3411,3548,6934,6967,7106,7111,	
microgramos 57 534 57 32,48,256,258,261,279,283,304,315,386,1401,2152,2162,2605,2735,2746,2768,2902,3038,3380,3547,3563,3772,3774,3777,3795,3799,3820,3831,3902,4734,4810,4950,5705,5715,6160,6183,6291,6302,6324,6458,6595,6937,7105,7110,7127,7213,7418,7420,7423,7452,7474,7497,7546,8563,9316,9326,	
22 30 534 30 31,47,257,282,314,385,1400,2151,2709,2734,2764,2901,3379,3773,3798,3830,3901,4733,5704,6290,6320,6457,7109,7212,7419,7473,7545,8562,8684,9315,	
	Rebif 3 534 3 30,3545,7102,	
MEDICAMENTO 5 534 5 29,2502,3544,6058,7101,	
interrumpirse 8 534 8 1135,2052,2418,4651,5605,5973,8296,9217,	
NOMBRE 3 534 3 27,3542,7099,	
PRODUCTO 1 534 1 24,	
DEL 6 534 6 23,28,3539,3543,7096,7100,	
grupo 4 534 4 2520,2751,6076,6307,	
CARACTERÍSTICAS 1 534 1 22,	
LAS 1 534 1 21,	
DE 17 534 17 20,2500,3476,3479,3495,3497,3504,3508,3536,6056,7033,7036,7051,7053,7060,7065,7093,	
RESUMEN 1 534 1 19,	
O 1 534 1 18,	
TÉCNICA 1 534 1 17,	
Desconocida* 2 534 2 2223,5777,	
FICHA 1 534 1 16,	
1a 1 534 1 7136,	
tuvo 2 534 2 2811,6367,	
información 9 534 9 13,404,1694,3277,3920,5246,6834,7564,8858,	
Toda 1 534 1 11,	
medicamento 7 534 7 10,15,1540,3451,5090,7008,8703,	
Basica 1 534 1 8,	
	Información 1 534 1 7,	
5ML 1 534 1 6,	
0 12 534 12 5,111,2667,2670,3373,3627,6223,6226,6930,7183,7192,7273,	
gradualmente 3 534 3 1090,4606,8251,	
PRECARGADA 1 534 1 4,	
farmacovigilancia 2 534 2 2344,5899,	
JERINGA 1 534 1 3,	
mareos) 3 534 3 1887,5440,9052,	
1 32 534 32 2,25,26,123,155,1057,1544,2102,2504,3292,3360,3362,3387,3541,3639,3671,4573,5094,5656,6060,6849,6917,6919,6943,7098,7182,7204,7285,7317,8218,8707,9267,	
44MCG 1 534 1 1,	
REBIF 1 534 1 0,	
