	Prospectos 1 154 1 2419,	
TEXTO 1 154 1 2418,	
REVISIÓN 1 154 1 2416,	
02 4 154 4 2393,2399,2405,2411,	
09 3 154 3 2392,2398,2410,	
30 3 154 3 2391,2397,2409,	
AUTORIZACIÓN/RENOVACIÓN 1 154 1 2384,	
FECHA 2 154 2 2380,2413,	
416 1 154 1 2378,	
62 1 154 1 2377,	
027 1 154 1 2373,	
65 1 154 1 2372,	
609 1 154 1 2368,	
60 1 154 1 2367,	
597 1 154 1 2363,	
61 1 154 1 2362,	
NÚMEROS 1 154 1 2353,	
44 1 154 1 2350,	
245 1 154 1 2349,	
Fax 1 154 1 2346,	
47 1 154 1 2344,	
306 1 154 1 2343,	
93 2 154 2 2342,2348,	
+34 2 154 2 2341,2347,	
Teléfono 1 154 1 2340,	
Barcelona 1 154 1 2339,	
08013 1 154 1 2338,	
764 1 154 1 2337,	
Corts 1 154 1 2335,	
les 1 154 1 2334,	
Gran 1 154 1 2331,	
A 1 154 1 2330,	
S 1 154 1 2329,	
Farmacéutica 1 154 1 2328,	
Novartis 1 154 1 2327,	
COMERCIALIZACIÓN 2 154 2 2325,2357,	
LA 4 154 4 2322,2382,2386,2415,	
TITULAR 1 154 1 2320,	
Ninguna 1 154 1 2317,	
manipulación 1 154 1 2316,	
Instrucciones 1 154 1 2312,	
21 3 154 3 2296,2300,2345,	
aluminio 1 154 1 2289,	
lámina 1 154 1 2287,	
PVC/PVdC 1 154 1 2285,	
blister 1 154 1 2283,	
Envase 1 154 1 2281,	
recipiente 1 154 1 2280,	
contenido 1 154 1 2278,	
Naturaleza 1 154 1 2276,	
niños 1 154 1 2273,	
vista 1 154 1 2270,	
alcance 1 154 1 2266,	
Mantener 1 154 1 2263,	
original 1 154 1 2262,	
embalaje 1 154 1 2261,	
Conservar 1 154 1 2258,	
30ºC 1 154 1 2257,	
superior 1 154 1 2255,	
temperatura 1 154 1 2254,	
conservación 1 154 1 2250,	
Precauciones 1 154 1 2247,	
validez 1 154 1 2242,	
Periodo 1 154 1 2240,	
aplicable 1 154 1 2237,	
Incompatibilidades 1 154 1 2235,	
Envases 1 154 1 2290,	
6000 2 154 2 2194,2232,	
4000 2 154 2 2191,2229,	
polietilenglicol 4 154 4 2190,2193,2228,2231,	
hipromelosa 2 154 2 2188,2226,	
171) 2 154 2 2186,2224,	
(E 2 154 2 2185,2223,	
titanio 2 154 2 2184,2222,	
Dióxido 2 154 2 2182,2220,	
Recubrimiento 2 154 2 2178,2216,	
Estearato 2 154 2 2175,2213,	
almidón 2 154 2 2173,2211,	
sódico 2 154 2 2171,2209,	
Glicolato 2 154 2 2170,2208,	
Lactosa 1 154 1 2167,	
celulosa 2 154 2 2165,2206,	
Hidroxipropil 2 154 2 2164,2205,	
- 15 154 15 2163,2166,2169,2174,2181,2187,2189,2192,2204,2207,2212,2219,2225,2227,2230,	
Núcleo 2 154 2 2160,2201,	
Lista 1 154 1 2151,	
	6 1 154 1 2149,	
FARMACÉUTICOS 1 154 1 2148,	
mg/kg 1 154 1 2131,	
tratadas 2 154 2 2128,2142,	
fertilidad 2 154 2 2124,2138,	
humano 1 154 1 2118,	
esperma 1 154 1 2117,	
motilidad 1 154 1 2115,	
morfología 1 154 1 2113,	
cantidad 1 154 1 2112,	
significativos 2 154 2 2109,2135,	
presenta 1 154 1 2107,	
testicular 1 154 1 2103,	
degenerativos 1 154 1 2100,	
cambios 1 154 1 2099,	
tipo 2 154 2 2096,2282,	
animal 1 154 1 2084,	
experimentación 1 154 1 2083,	
reproducción 1 154 1 2080,	
Toxicidad 1 154 1 2077,	
reparación 1 154 1 2074,	
indicios 1 154 1 2068,	
Tampoco 1 154 1 2066,	
bacterianos 1 154 1 2065,	
celulares 1 154 1 2062,	
cultivos 1 154 1 2061,	
induce 1 154 1 2056,	
cromosómico; 1 154 1 2053,	
causa 1 154 1 2051,	
clase 1 154 1 2050,	
activos 1 154 1 2047,	
principios 1 154 1 2046,	
igual 2 154 2 2043,2089,	
genotóxico 1 154 1 2036,	
reparable 1 154 1 2026,	
cromosómico 1 154 1 2023,	
daño 3 154 3 2022,2025,2052,	
mutación 2 154 2 2020,2057,	
detectar 1 154 1 2019,	
e 1 154 1 2015,	
epitelio 1 154 1 2102,	
serie 1 154 1 2009,	
Genotoxicidad 1 154 1 2005,	
sexo 1 154 1 2004,	
ratones 1 154 1 2001,	
macho 2 154 2 1998,2127,	
neoplasias 1 154 1 1995,	
hubo 3 154 3 1989,2067,2133,	
utilizada 1 154 1 1984,	
tumor 1 154 1 1977,	
hembra 2 154 2 1975,2141,	
mamario 1 154 1 1972,	
adenocarcinoma 1 154 1 1971,	
incremento 2 154 2 1967,2072,	
mg/kg/día) 1 154 1 1963,	
(600 1 154 1 1962,	
Con 1 154 1 1957,	
observaron 3 154 3 1955,2098,2120,	
mg/kg/día 1 154 1 1952,	
200 1 154 1 1951,	
Carcinogenicidad 1 154 1 1938,	
Datos 1 154 1 1934,	
determinada 1 154 1 1924,	
farmacocinética 1 154 1 1921,	
altera 1 154 1 1918,	
complicada 1 154 1 1916,	
infección 1 154 1 1911,	
orina 1 154 1 1905,	
inalterado 1 154 1 1903,	
detecta 1 154 1 1900,	
tubular 1 154 1 1897,	
secreción 1 154 1 1896,	
glomerular 1 154 1 1894,	
filtración 1 154 1 1893,	
mediante 1 154 1 1892,	
(<20%) 1 154 1 1877,	
unen 1 154 1 1872,	
6-deoxi 2 154 2 1870,1891,	
precursor 2 154 2 1869,1890,	
repetidas 1 154 1 1862,	
existe 1 154 1 1856,	
semivida 1 154 1 1836,	
día) 1 154 1 1834,	
(tres 1 154 1 1831,	
repetida 2 154 2 1830,1846,	
única 2 154 2 1828,1844,	
curvas 1 154 1 1816,	
minutos 1 154 1 1814,	
45-50 1 154 1 1813,	
medio 1 154 1 1811,	
respectivamente 1 154 1 1807,	
microgramos/ml 4 154 4 1796,1799,1802,1806,	
0 1 154 1 1794,	
plasmática 2 154 2 1789,1837,	
concentración 2 154 2 1788,1818,	
valores 1 154 1 1785,	
obtuvieron 1 154 1 1783,	
Tras 2 154 2 1762,2006,	
77% 1 154 1 1761,	
activa 1 154 1 1747,	
molécula 1 154 1 1746,	
extensamente 1 154 1 1738,	
absorbe 1 154 1 1735,	
generales 1 154 1 1731,	
Características 2 154 2 1730,1907,	
a) 1 154 1 1729,	
farmacocinéticas 1 154 1 1728,	
VHS 1 154 1 1724,	
proporción 1 154 1 1715,	
debida 1 154 1 1697,	
inmunodeficiencia 1 154 1 1696,	
b) 1 154 1 1906,	
postherpética 1 154 1 1667,	
neuralgia 1 154 1 1666,	
significativa 2 154 2 1660,1713,	
controlado 2 154 2 1652,1689,	
estudio 2 154 2 1651,1688,	
aislada 1 154 1 1648,	
recientemente 1 154 1 1647,	
resistente 1 154 1 1644,	
alterada 1 154 1 1643,	
polimerasa 1 154 1 1642,	
cepa 2 154 2 1635,1981,	
observado 3 154 3 1627,1657,2039,	
cruzada 1 154 1 1616,	
presentar 1 154 1 1614,	
deficientes 1 154 1 1610,	
similares 1 154 1 1823,	
Estas 1 154 1 1608,	
timidina-quinasa 2 154 2 1607,1612,	
producción 1 154 1 1605,	
deficiencia 1 154 1 1602,	
(VHS) 1 154 1 1597,	
cepas 2 154 2 1592,1609,	
aciclovir 3 154 3 1589,1622,1646,	
común 2 154 2 1587,1978,	
afectadas 1 154 1 1576,	
vean 1 154 1 1575,	
probable 1 154 1 1572,	
detectan 1 154 1 1563,	
prácticamente 1 154 1 1560,	
ADN 4 154 4 1553,1641,2028,2076,	
replicación 1 154 1 1551,	
inhibiendo 1 154 1 1549,	
persiste 1 154 1 1539,	
penciclovir-trifosfato 2 154 2 1538,1566,	
inducida 1 154 1 1533,	
quinasa 1 154 1 1532,	
timidina- 1 154 1 1531,	
presencia 1 154 1 1528,	
proceso 1 154 1 1525,	
AUTORIZACIÓN 3 154 3 2323,2355,2387,	
penciclovir-trifosfato; 1 154 1 1519,	
compuesto 1 154 1 1517,	
eficazmente 1 154 1 1514,	
rápida 2 154 2 1512,1736,	
fosforila 1 154 1 1511,	
infectadas 3 154 3 1505,1543,1559,	
células 3 154 3 1504,1542,1557,	
conversión 1 154 1 1498,	
modelos 1 154 1 1479,	
Epstein-Barr 1 154 1 1476,	
varicela 1 154 1 1472,	
virus 6 154 6 1471,1475,1508,1536,1594,1637,	
simple 3 154 3 1470,1596,1639,	
II 1 154 1 1467,	
tipos 1 154 1 1464,	
frente 4 154 4 1461,1617,1632,1690,	
vitro 3 154 3 1460,2017,2070,	
in 5 154 5 1459,1499,2013,2016,2069,	
actividad 1 154 1 1458,	
demostrada 1 154 1 1457,	
fármaco 1 154 1 1455,	
rápidamente 1 154 1 1452,	
convierte 1 154 1 1451,	
vía 2 154 2 1448,1883,	
administrado 2 154 2 1446,1490,	
vivo 3 154 3 1444,1500,2014,	
In 1 154 1 1443,	
profármaco 1 154 1 1440,	
B09 1 154 1 1436,	
J05A 1 154 1 1435,	
ATC 1 154 1 1434,	
código 1 154 1 1433,	
sistémico 1 154 1 1432,	
Antiviral 1 154 1 1429,	
farmacoterapéutico 1 154 1 1428,	
Grupo 1 154 1 1427,	
Farmacodinámicas 1 154 1 1426,	
conservar 1 154 1 2252,	
Propiedades 2 154 2 1425,1727,	
	5 1 154 1 1423,	
ESTE 1 154 1 1421,	
DE 8 154 8 1420,2321,2324,2354,2356,2381,2385,2414,	
FARMACOLÓGICAS 1 154 1 1419,	
PROPIEDADES 1 154 1 1418,	
reducen 1 154 1 1407,	
dializable; 1 154 1 1402,	
grado 1 154 1 1394,	
acuerdo 1 154 1 1391,	
reducidas 1 154 1 1389,	
adecuadamente 1 154 1 1388,	
habían 1 154 1 1386,	
tratados 1 154 1 1378,	
subyacente 1 154 1 1377,	
soporte 1 154 1 1359,	
sintomática 2 154 2 1356,1720,	
biodisponibilidad 1 154 1 1749,	
terapia 1 154 1 1355,	
aguda 1 154 1 1348,	
sobredosificación 1 154 1 1347,	
descrito 1 154 1 1346,	
Sobredosis 1 154 1 1342,	
graves 1 154 1 1339,	
urticaria 1 154 1 1336,	
prurito 1 154 1 1335,	
cutánea 1 154 1 1334,	
Erupción 1 154 1 1333,	
subcutáneo 1 154 1 1330,	
tejido 1 154 1 1329,	
Catalanes 1 154 1 2336,	
piel 1 154 1 1326,	
Ictericia 1 154 1 1322,	
hepatobiliares 1 154 1 1319,	
Vómitos 1 154 1 1317,	
Náuseas 1 154 1 1314,	
gastrointestinales 1 154 1 1312,	
Vértigo/mareos 1 154 1 1306,	
Cefalea 1 154 1 1303,	
Alucinaciones 1 154 1 1297,	
(predominantemente 2 154 2 1291,1308,	
Confusión 1 154 1 1290,	
Raras 3 154 3 1289,1302,1313,	
Trombocitopenia 1 154 1 1286,	
rara 1 154 1 1285,	
Muy 6 154 6 1284,1295,1304,1315,1320,1331,	
linfático 1 154 1 1283,	
sangre 1 154 1 1279,	
Trastornos 6 154 6 1276,1287,1298,1311,1318,1323,	
000) 1 154 1 1275,	
(<1/10 1 154 1 1274,	
000); 1 154 1 1271,	
1/10 1 154 1 1267,	
raras 8 154 8 1265,1273,1296,1305,1316,1321,1332,1364,	
1/100); 1 154 1 1264,	
000 2 154 2 1262,1268,	
< 3 154 3 1256,1263,1269,	
1/100 1 154 1 1255,	
1/10); 2 154 2 1252,1257,	
( 4 154 4 1251,1254,1260,1266,	
frecuentes 3 154 3 1250,1253,1259,	
1/1 2 154 2 1261,1270,	
definen 1 154 1 1247,	
frecuencias 1 154 1 1244,	
categoría 1 154 1 1242,	
según 1 154 1 1240,	
clasifican 1 154 1 1239,	
Las 2 154 2 1235,1815,	
comercialización 1 154 1 1232,	
literatura 1 154 1 1229,	
descritos 1 154 1 1226,	
acumulación 1 154 1 1857,	
espontáneos 1 154 1 1221,	
informes 1 154 1 1220,	
base 1 154 1 1216,	
estimada 1 154 1 1211,	
especifica 1 154 1 1208,	
siguiente 1 154 1 1207,	
tabla 1 154 1 1206,	
placebo 3 154 3 1204,1654,1692,	
recibieron 1 154 1 1203,	
similar 1 154 1 1199,	
incidencia 3 154 3 1198,1969,1993,	
ocurrieron 1 154 1 1195,	
moderada 1 154 1 1193,	
reacciones 3 154 3 1213,1236,1337,	
leve 1 154 1 1191,	
naturaleza 1 154 1 1190,	
magnesio 2 154 2 2177,2215,	
proteínas 1 154 1 1875,	
generalmente 1 154 1 1188,	
adversos 1 154 1 1186,	
Estos 1 154 1 1184,	
clínicos 1 154 1 1183,	
cefaleas 1 154 1 1177,	
comunicado 2 154 2 1176,1368,	
realizados 2 154 2 1171,2012,	
tolerado 1 154 1 1167,	
adversas 3 154 3 1161,1214,1237,	
Reacciones 1 154 1 1160,	
maquinaria 1 154 1 1157,	
abstenerse 1 154 1 1152,	
años 2 154 2 1943,2244,	
aparece 1 154 1 1150,	
posibilidad 1 154 1 1142,	
inicio 1 154 1 1137,	
advertir 1 154 1 1133,	
le 1 154 1 1131,	
tomando 1 154 1 1128,	
esté 1 154 1 1127,	
central 1 154 1 1125,	
nervioso 2 154 2 1124,1301,	
sistema 3 154 3 1123,1282,1300,	
alteraciones 3 154 3 1121,1956,2121,	
confusión 1 154 1 1118,	
somnolencia 2 154 2 1117,1307,	
vértigos/mareos 1 154 1 1116,	
experimentar 1 154 1 1115,	
máquinas 1 154 1 1111,	
vehículos 1 154 1 1108,	
conducir 2 154 2 1107,1154,	
capacidad 1 154 1 1105,	
Efectos 1 154 1 1102,	
materna 1 154 1 1099,	
excreción 1 154 1 1093,	
dispone 1 154 1 1088,	
humanos 3 154 3 1085,1173,2063,	
oral 6 154 6 1083,1449,1742,1755,1768,1928,	
administró 1 154 1 1080,	
hembras 1 154 1 1075,	
leche 2 154 2 1072,1098,	
excreta 2 154 2 1069,1881,	
ratas 6 154 6 1064,1974,1983,1997,2126,2140,	
Lactancia 1 154 1 1060,	
supere 1 154 1 1056,	
beneficio 1 154 1 1055,	
embarazo 1 154 1 1046,	
utilizarse 1 154 1 1043,	
deberá 2 154 2 1042,1353,	
embarazadas 1 154 1 1037,	
asintomática 1 154 1 1722,	
cutáneas 1 154 1 1338,	
mujeres 1 154 1 1036,	
seguridad 2 154 2 1031,1937,	
establecido 1 154 1 1029,	
teratógenos 1 154 1 1021,	
embriotóxicos 1 154 1 1019,	
efectos 5 154 5 1018,1185,1990,2108,2134,	
muestran 2 154 2 1017,1065,	
animales 3 154 3 1015,1480,1947,	
Aunque 1 154 1 1011,	
lactancia 2 154 2 1009,1049,	
Embarazo 2 154 2 1007,1010,	
zidovudina 1 154 1 1002,	
conjunta 1 154 1 1000,	
observó 3 154 3 992,1965,2031,	
I 2 154 2 989,1465,	
ensayo 1 154 1 986,	
plasmáticos 1 154 1 981,	
niveles 1 154 1 980,	
podrían 2 154 2 976,1613,	
afectan 1 154 1 971,	
fármacos 3 154 3 969,995,2093,	
Probenecid 1 154 1 966,	
ancianos) 1 154 1 1294,	
P450 1 154 1 965,	
citocromo 1 154 1 964,	
inducción 1 154 1 962,	
potencial 2 154 2 959,1059,	
posee 1 154 1 958,	
preclínicos 2 154 2 952,1935,	
ensayos 3 154 3 951,1182,2011,	
interacción 2 154 2 948,993,	
formas 1 154 1 946,	
medicamentos 2 154 2 943,2421,	
Interacción 1 154 1 939,	
5 5 154 5 938,1417,1725,1932,2275,	
glucosa 1 154 1 925,	
fisiología 1 154 1 974,	
absorción 1 154 1 923,	
MINISTERIO 1 154 1 920,	
lactasa 1 154 1 918,	
galactosa 2 154 2 915,927,	
intolerancia 1 154 1 912,	
hereditarios 1 154 1 910,	
respectivamente) 1 154 1 905,	
7 4 154 4 903,1101,2305,2319,	
53 1 154 1 902,	
9 4 154 4 900,1341,1805,2379,	
(26 1 154 1 899,	
especialidades 1 154 1 889,	
sólo 1 154 1 887,	
lactosa; 1 154 1 886,	
contienen 2 154 2 885,897,	
mantengan 1 154 1 874,	
medios 1 154 1 1786,	
protección 1 154 1 871,	
medidas 1 154 1 869,	
deberán 3 154 3 866,929,1151,	
Por 1 154 1 862,	
principalmente 1 154 1 1885,	
teóricamente 1 154 1 860,	
todavía 1 154 1 859,	
embargo 2 154 2 853,1624,	
Sin 2 154 2 852,1623,	
reduce 2 154 2 850,1710,	
viral 2 154 2 848,1554,	
eliminación 2 154 2 847,1719,	
frecuencia 2 154 2 844,1210,	
agentes 1 154 1 841,	
psiquiátricos 1 154 1 1288,	
significativamente 2 154 2 851,1919,	
supresión 1 154 1 839,	
Durante 2 154 2 835,2081,	
amplia 1 154 1 2008,	
sido 3 154 3 832,1165,1387,	
antiviral 2 154 2 830,1486,	
síntomas 2 154 2 825,1147,	
existan 1 154 1 824,	
sexuales 2 154 2 822,876,	
relaciones 2 154 2 821,875,	
evitar 1 154 1 819,	
deben 1 154 1 818,	
agudos 1 154 1 816,	
episodios 1 154 1 815,	
iniciado 1 154 1 834,	
aumenta 1 154 1 812,	
riesgo 3 154 3 809,855,1058,	
sexual 1 154 1 807,	
transmisión 3 154 3 806,811,857,	
enfermedad 1 154 1 804,	
normal 1 154 1 798,	
ancianos 1 154 1 794,	
requieren 1 154 1 784,	
problemas 2 154 2 909,921,	
9) 1 154 1 781,	
Secciones 1 154 1 776,	
(Ver 1 154 1 775,	
ajuste 1 154 1 771,	
necesario 2 154 2 769,1362,	
precaución 1 154 1 762,	
utilizar 3 154 3 760,1110,1156,	
paso 1 154 1 1522,	
especiales 3 154 3 755,786,2248,	
precauciones 2 154 2 754,785,	
Advertencias 1 154 1 752,	
grupo 1 154 1 749,	
u 2 154 2 744,1119,	
conocida 1 154 1 735,	
Hipersensibilidad 1 154 1 734,	
Contraindicaciones 1 154 1 733,	
Famvir 16 154 16 730,877,881,890,894,931,1129,1234,2359,2364,2369,2374,2388,2394,2400,2406,	
toleraron 1 154 1 725,	
administraron 1 154 1 715,	
duración 3 154 3 706,1663,1945,	
tolerada 2 154 2 704,1961,	
fuera 3 154 3 1361,2035,2264,	
máxima 3 154 3 703,1790,1960,	
modificar 1 154 1 698,	
requiere 2 154 2 697,1526,	
hepática 2 154 2 694,791,	
genital) 1 154 1 690,	
zóster) 1 154 1 683,	
(pacientes 2 154 2 680,687,	
recomendada 1 154 1 676,	
diálisis 1 154 1 673,	
después 4 154 4 670,996,1824,1840,	
inmediatamente 1 154 1 669,	
adecuadas 1 154 1 872,	
75% 2 154 2 663,1411,	
plasmáticas 3 154 3 659,1405,1876,	
concentraciones 4 154 4 658,1404,1564,1578,	
supone 1 154 1 653,	
Dado 1 154 1 646,	
reducción 2 154 2 655,1659,	
hemodiálisis 3 154 3 645,649,1416,	
sometidos 1 154 1 643,	
disfunción 2 154 2 641,1396,	
D) 1 154 1 609,	
>10 1 154 1 603,	
C) 1 154 1 586,	
fallo 1 154 1 1369,	
>30 2 154 2 574,627,	
B) 1 154 1 557,	
10-29 3 154 3 551,580,633,	
30-39 1 154 1 545,	
8 8 154 8 543,549,555,578,584,1159,1795,2352,	
>40 1 154 1 539,	
73 4 154 4 537,572,601,625,	
(ml/min/1 4 154 4 536,571,600,624,	
Dosis 5 154 5 535,570,599,623,701,	
creatinina 4 154 4 534,569,598,622,	
Aclaramiento 4 154 4 532,567,596,620,	
infecciones 1 154 1 528,	
En 14 154 14 523,558,587,610,949,984,1084,1363,1477,1503,1555,1649,1686,1939,	
A) 1 154 1 522,	
dosificación 1 154 1 521,	
pautas 1 154 1 519,	
recomendándose 1 154 1 516,	
PRIMERA 1 154 1 2383,	
convirtiéndose 1 154 1 1743,	
apropiados 1 154 1 510,	
son 2 154 2 509,1822,	
Los 4 154 4 503,906,1061,1112,	
penciclovir 23 154 23 502,661,743,983,1025,1067,1095,1442,1454,1502,1509,1581,1619,1629,1745,1751,1792,1821,1839,1859,1887,1923,2041,	
aclaramiento 1 154 1 500,	
disminución 1 154 1 498,	
ocasiona 1 154 1 496,	
reducida 1 154 1 495,	
función 2 154 2 493,796,	
oralmente 1 154 1 1491,	
dado 1 154 1 490,	
especial 2 154 2 480,2318,	
prestar 1 154 1 479,	
debe 6 154 6 478,666,759,1132,1495,1599,	
Pacientes 4 154 4 473,639,691,707,	
estudios 6 154 6 472,1013,1062,1170,1940,1987,	
han 2 154 2 470,1175,	
No 10 154 10 468,695,782,1343,1855,1898,1988,2132,2236,2251,	
Niños 1 154 1 467,	
lactosa 1 154 1 898,	
renal 13 154 13 466,476,489,494,515,642,767,797,975,1370,1376,1397,1884,	
insuficiencia 9 154 9 465,475,488,514,693,766,790,916,1375,	
casos 2 154 2 463,1225,	
posología 2 154 2 461,484,	
modificará 1 154 1 459,	
Ancianos 1 154 1 456,	
comparado 1 154 1 443,	
positivos 1 154 1 438,	
plasmática-tiempo 1 154 1 1819,	
VIH 2 154 2 437,1699,	
pacientes 15 154 15 436,486,512,764,788,865,907,1113,1201,1293,1310,1373,1673,1694,1909,	
eficacia 2 154 2 434,445,	
demostrado 3 154 3 433,955,1483,	
náuseas 1 154 1 1179,	
La 7 154 7 423,674,1205,1582,1748,1835,1910,	
continuo 1 154 1 422,	
meses 1 154 1 419,	
12 5 154 5 418,607,631,637,1547,	
período 1 154 1 414,	
antivíricos 1 154 1 842,	
paciente 3 154 3 411,1135,1399,	
reevaluar 1 154 1 409,	
siguientes 1 154 1 518,	
inicia 1 154 1 403,	
Cuando 1 154 1 401,	
recurrencias 3 154 3 349,592,616,	
lesiones 2 154 2 341,382,	
aparición 3 154 3 338,379,1144,	
posible 4 154 4 335,376,861,1054,	
sea 2 154 2 334,375,	
pronto 2 154 2 332,373,	
prodrómica 2 154 2 329,370,	
fase 3 154 3 328,369,988,	
iniciar 2 154 2 323,364,	
cinco 2 154 2 319,360,	
primer 3 154 3 307,562,1521,	
precoz 1 154 1 289,	
Sólo 1 154 1 457,	
mejores 1 154 1 286,	
resultados 1 154 1 285,	
cuadro 1 154 1 282,	
antivirales 1 154 1 746,	
horas 13 154 13 280,544,550,556,579,585,608,632,638,652,1414,1548,1854,	
72 1 154 1 279,	
primeras 1 154 1 278,	
iniciarse 1 154 1 275,	
debería 1 154 1 274,	
tratamiento 14 154 14 273,292,325,366,405,421,525,560,589,612,728,829,837,1139,	
hora 1 154 1 271,	
aproximadamente 4 154 4 267,664,1409,1852,	
diaria 2 154 2 266,702,	
dosis 14 154 14 265,424,448,675,700,774,1380,1678,1702,1767,1827,1861,1949,1959,	
administrar 4 154 4 263,667,1354,1669,	
recomienda 4 154 4 262,322,363,408,	
Se 11 154 11 261,321,362,477,758,817,1130,1174,1352,2037,2119,	
administrarse 1 154 1 250,	
Alternativamente 1 154 1 248,	
días 6 154 6 247,260,320,361,724,1717,	
siete 3 154 3 246,259,723,	
durante 8 154 8 245,258,318,359,722,813,1044,1544,	
día 10 154 10 244,257,317,358,400,431,455,721,1685,1709,	
veces 10 154 10 242,315,356,398,429,453,719,1683,1707,1832,	
tres 4 154 4 241,314,718,1682,	
Un 4 154 4 236,309,350,392,	
Adultos 1 154 1 228,	
x 4 154 4 2293,2297,2301,2306,	
efecto 2 154 2 1485,1493,	
administración 7 154 7 227,999,1741,1754,1764,1843,1927,	
forma 3 154 3 225,1583,1712,	
Posología 1 154 1 223,	
recurrente 2 154 2 220,391,	
supresor 4 154 4 216,387,406,613,	
recurrencias) 1 154 1 213,	
episodio 3 154 3 211,308,563,	
(primer 1 154 1 210,	
agudo 3 154 3 209,300,1371,	
genital 8 154 8 208,219,299,390,566,595,619,801,	
zóster 7 154 7 203,235,531,710,1473,1676,1914,	
herpes 19 154 19 202,207,218,234,298,389,530,565,594,618,682,689,709,800,1469,1595,1638,1675,1913,	
Tratamiento 8 154 8 200,205,215,232,296,305,346,386,	
indicado 1 154 1 197,	
génica 2 154 2 2021,2058,	
está 1 154 1 196,	
(Famvir) 21 154 21 195,738,1034,1082,1163,1351,1383,1489,1671,1733,1758,1781,1849,1865,1879,1902,1931,2034,2087,2105,2145,	
Famciclovir 6 154 6 194,1162,1437,1732,1878,2104,	
terapéuticas 2 154 2 193,1579,	
Indicaciones 1 154 1 192,	
	4 1 154 1 190,	
CLÍNICOS 1 154 1 189,	
DATOS 2 154 2 188,2147,	
4 21 154 21 187,221,229,293,301,342,383,651,731,750,751,777,780,937,1005,1100,1158,1340,1413,1804,2246,	
" 1 154 1 186,	
750"" 1 154 1 176,	
500"" 1 154 1 173,	
""FV 2 154 2 172,175,	
ovalados 1 154 1 166,	
""250"" 1 154 1 153,	
anhidra 1 154 1 2168,	
o 17 154 17 152,174,330,371,684,739,919,926,1020,1024,1047,1155,1192,1888,1999,2024,2114,	
Penciclovir 2 154 2 1400,1866,	
efectuado 1 154 1 471,	
""125"" 1 154 1 151,	
cara 2 154 2 149,179,	
""FV"" 1 154 1 146,	
biselados 2 154 2 144,170,	
bordes 2 154 2 143,169,	
biconvexos 2 154 2 141,167,	
redondos 1 154 1 140,	
blancos 2 154 2 139,165,	
	" 1 154 1 126,	
FARMACÉUTICA 1 154 1 125,	
FORMA 1 154 1 124,	
3 9 154 9 123,214,385,732,1800,1801,1933,2239,2243,	
6 11 154 11 121,416,1006,1798,2146,2233,2238,2245,2274,2310,2311,	
sección 1 154 1 120,	
ver 1 154 1 119,	
excipientes 3 154 3 118,742,2153,	
completa 1 154 1 116,	
lista 1 154 1 115,	
Para 1 154 1 113,	
contiene 4 154 4 75,86,97,108,	
comprimido 13 154 13 74,85,96,107,237,252,310,351,393,2162,2180,2203,2218,	
Cada 4 154 4 73,84,95,106,	
Comprimidos 11 154 11 69,80,91,102,127,131,138,157,164,2154,2195,	
afectar 1 154 1 977,	
famciclovir 26 154 26 68,79,90,101,112,668,737,1004,1023,1033,1081,1350,1382,1445,1488,1670,1700,1757,1780,1848,1864,1901,1930,2033,2086,2144,	
activo 3 154 3 66,1518,1631,	
principio 1 154 1 65,	
El 5 154 5 64,272,799,808,1537,	
CUANTITATIVA 1 154 1 62,	
Y 1 154 1 61,	
CUALITATIVA 1 154 1 60,	
COMPOSICIÓN 1 154 1 59,	
2 16 154 16 58,204,222,230,294,295,302,303,343,344,345,384,778,1726,1853,2234,	
película 5 154 5 36,43,50,57,130,	
recubiertos 5 154 5 34,41,48,55,128,	
	 4 154 4 29,63,2326,2358,	
MEDICAMENTO 2 154 2 28,1422,	
DEL 2 154 2 27,2417,	
NOMBRE 1 154 1 26,	
atención 1 154 1 481,	
1 9 154 9 25,122,191,199,231,304,1424,1797,2150,	
750 14 154 14 23,52,104,109,162,254,506,716,882,1777,2199,2307,2375,2407,	
500 15 154 15 20,45,93,98,159,426,878,1680,1704,1774,2130,2197,2302,2370,2401,	
250 21 154 21 18,38,82,87,136,239,312,395,450,540,546,575,628,678,895,935,1772,2158,2298,2365,2395,	
Via 1 154 1 2332,	
mg 66 154 66 17,19,21,24,32,39,46,53,72,77,83,88,94,99,105,110,134,137,160,163,240,255,313,354,396,427,451,507,541,547,553,576,582,605,629,635,679,686,717,879,883,892,896,904,933,936,1681,1705,1771,1773,1775,1778,2159,2200,2295,2299,2303,2308,2361,2366,2371,2376,2390,2396,2402,2408,	
resistencia 2 154 2 1585,1615,	
125 18 154 18 16,31,71,76,133,353,552,581,604,634,685,891,932,1770,2156,2294,2360,2389,	
comprimidos 7 154 7 15,33,40,47,54,504,2309,	
FAMVIR® 1 154 1 14,	
ocasiones 1 154 1 1365,	
información 2 154 2 11,1090,	
Toda 1 154 1 9,	
medicamento 2 154 2 8,13,	
Basica 1 154 1 6,	
	Información 1 154 1 5,	
10 6 154 6 3,2292,2351,2403,2404,2412,	
m2) 4 154 4 538,573,602,626,	
125MG 1 154 1 2,	
COMPRIMIDOS 2 154 2 1,4,	
FAMVIR 5 154 5 0,30,37,44,51,	
