Prospectos 1 422 1 3861,	
Junio 1 422 1 3852,	
TEXTO 1 422 1 3851,	
REVISION 1 422 1 3849,	
1998 1 422 1 3844,	
AUTORIZACIÓN/RENOVACIÓN 1 422 1 3832,	
PRIMERA 1 422 1 3831,	
FECHA 2 422 2 3828,3846,	
MINISTERIO 1 422 1 3826,	
289 1 422 1 3825,	
62 1 422 1 3824,	
MADRID 1 422 1 3811,	
28027 1 422 1 3810,	
38 1 422 1 3809,	
Valcárcel 1 422 1 3808,	
C/ 1 422 1 3806,	
A 1 422 1 3805,	
DOHME 1 422 1 3801,	
& 1 422 1 3800,	
SHARP 1 422 1 3799,	
MERCK 1 422 1 3798,	
COMERCIALIZACIÓN 2 422 2 3797,3818,	
AUTORIZACIÓN 3 422 3 3795,3816,3835,	
LA 5 422 5 3794,3815,3830,3834,3848,	
TITULAR 1 422 1 3792,	
locales 1 422 1 3790,	
normativas 1 422 1 3789,	
acuerdo 1 422 1 3786,	
realizará 1 422 1 3784,	
ESPAÑA 1 422 1 3803,	
contacto 1 422 1 3780,	
materiales 1 422 1 3775,	
utilizado 1 422 1 3770,	
medicamentono 1 422 1 3769,	
comercializados 1 422 1 3759,	
tamaños 1 422 1 3754,	
aluminio 1 422 1 3740,	
Blister 1 422 1 3738,	
recipiente 1 422 1 3737,	
contenido 1 422 1 3735,	
Naturaleza 1 422 1 3733,	
°C 1 422 1 3730,	
temperaturas 1 422 1 3726,	
conservación 1 422 1 3722,	
Precauciones 2 422 2 3719,3762,	
validez 1 422 1 3714,	
procede 1 422 1 3709,	
estearato 1 422 1 3701,	
172) 1 422 1 3699,	
(E 1 422 1 3698,	
rojo 1 422 1 3697,	
hierro 1 422 1 3696,	
almidón 1 422 1 3690,	
(E460a) 1 422 1 3689,	
celulosa 1 422 1 3687,	
monohidrato 1 422 1 3686,	
Lactosa 1 422 1 3685,	
Lista 1 422 1 3682,	
	6 1 422 1 3680,	
FARMACÉUTICOS 1 422 1 3679,	
carcinogénico 1 422 1 3663,	
potencial 1 422 1 3662,	
genotoxicidad 1 422 1 3661,	
toxicidad 2 422 2 3657,3664,	
convencionales 1 422 1 3655,	
basándose 1 422 1 3652,	
humano 1 422 1 3651,	
riesgos 1 422 1 3647,	
ausencia 1 422 1 3645,	
preclínicos 2 422 2 3637,3642,	
Datos 1 422 1 3636,	
grados 1 422 1 3622,	
concentración 1 422 1 3611,	
normal 1 422 1 3609,	
función 1 422 1 3607,	
44 1 422 1 3598,	
< 1 422 1 3587,	
registrada 1 422 1 3575,	
m2) 2 422 2 3558,3591,	
73 2 422 2 3557,3590,	
10- 1 422 1 3554,	
creatinina 2 422 2 3553,3586,	
(aclaramiento 2 422 2 3551,3584,	
hicieron 1 422 1 3540,	
grave) 1 422 1 3537,	
mL/min/1 2 422 2 3556,3589,	
(afectación 1 422 1 3535,	
> 1 422 1 3533,	
puntuación 1 422 1 3530,	
Incompatibilidades 1 422 1 3707,	
(25 1 422 1 3524,	
(50 1 422 1 3518,	
significativo 1 422 1 3515,	
7) 1 422 1 3510,	
alcohólica 1 422 1 3483,	
cirrosis 1 422 1 3482,	
5-6) 1 422 1 3466,	
Child-Pugh 3 422 3 3465,3509,3532,	
(puntuación 2 422 2 3464,3507,	
Insuficiencia 2 422 2 3462,3544,	
jóvenes 2 422 2 3461,3500,	
adultos 1 422 1 3460,	
observadas 2 422 2 3458,3495,	
años) 1 422 1 3447,	
77 1 422 1 3446,	
(límites 1 422 1 3441,	
individuos 1 422 1 3437,	
Edad 1 422 1 3428,	
significado 1 422 1 3426,	
careció 1 422 1 3424,	
aparente 1 422 1 3423,	
alcanzó 1 422 1 3415,	
inferior 1 422 1 3410,	
11 1 422 1 3408,	
baja 1 422 1 3398,	
oral) 1 422 1 3391,	
óxido 1 422 1 3694,	
(10 1 422 1 3387,	
Sexo 1 422 1 3382,	
farmacocinética 4 422 4 3379,3422,3543,3674,	
modifica 1 422 1 3377,	
Pacientes 1 422 1 3366,	
Características 1 422 1 3362,	
día 1 422 1 3359,	
acumulación 1 422 1 3353,	
plan 1 422 1 3347,	
según 1 422 1 3345,	
N-monodesmetilo 1 422 1 3340,	
51 1 422 1 3319,	
modificar 1 422 1 3315,	
compatible 1 422 1 3290,	
De 1 422 1 3288,	
riñones 1 422 1 3287,	
excretan 1 422 1 3283,	
demuestra 1 422 1 3278,	
Esto 1 422 1 3277,	
orina 3 422 3 3266,3309,3336,	
excreta 4 422 4 3263,3306,3322,3333,	
mujer; 1 422 1 3235,	
100 1 422 1 3231,	
900-1 1 422 1 3230,	
mL/min 2 422 2 3221,3232,	
500 1 422 1 3220,	
000-1 1 422 1 3219,	
plasmático 1 422 1 3213,	
diferencia 1 422 1 3421,	
aclaramiento 2 422 2 3212,3243,	
término 1 422 1 3209,	
plasmática 3 422 3 3197,3354,3612,	
5-10 1 422 1 3193,	
µg/kg 1 422 1 3174,	
10-60 1 422 1 3173,	
posológico 2 422 2 3171,3190,	
intervalo 2 422 2 3170,3189,	
proporcionalmente 3 422 3 3158,3164,3182,	
intravenosa 1 422 1 3151,	
Eliminación 1 422 1 3146,	
plasma 1 422 1 3145,	
circulante 1 422 1 3142,	
radiactividad 2 422 2 3141,3261,	
17 1 422 1 3137,	
14C 2 422 2 3132,3254,	
marcado 2 422 2 3130,3252,	
Ninguno 1 422 1 3115,	
sulfato 1 422 1 3111,	
conjugado 1 422 1 3110,	
N-óxido 1 422 1 3104,	
metabolitos 3 422 3 3100,3118,3281,	
Otros 1 422 1 3099,	
velocidad 1 422 1 3097,	
elimina 1 422 1 3095,	
farmacodinámica 1 422 1 3075,	
contribuye 1 422 1 3070,	
original 2 422 2 3063,3092,	
compuesto 3 422 3 3062,3091,3106,	
similar 3 422 3 3058,3098,3627,	
N-monodesmetil-rizatriptán 2 422 2 3053,3082,	
menor 1 422 1 3048,	
farmacológicamente 2 422 2 3045,3121,	
ácido 2 422 2 3041,3325,	
monoaminooxidasa-A 1 422 1 3037,	
desaminación 1 422 1 3033,	
principal 1 422 1 3026,	
110 1 422 1 3018,	
litros 2 422 2 3012,3019,	
140 1 422 1 3011,	
distribución 1 422 1 3007,	
volumen 1 422 1 3005,	
2-3 1 422 1 3206,	
%) 3 422 3 3003,3519,3525,	
(14 1 422 1 3002,	
mínimamente 1 422 1 2997,	
Distribución 1 422 1 2993,	
retraso 1 422 1 2972,	
producirse 1 422 1 2970,	
administran 1 422 1 2966,	
Tmáx 1 422 1 2955,	
estudiado 1 422 1 2935,	
retrasó 1 422 1 2924,	
grasas 1 422 1 2908,	
desayuno 1 422 1 2905,	
comidas 1 422 1 2988,	
comida 1 422 1 2968,	
(Tmax) 1 422 1 2896,	
1-1 1 422 1 2893,	
alcanzan 1 422 1 2890,	
(Cmax) 1 422 1 2888,	
medias 1 422 1 2887,	
máximas 2 422 2 2886,3350,	
40-45 1 422 1 2880,	
biodisponibilidad 1 422 1 2872,	
completamente 1 422 1 2870,	
rápida 1 422 1 2868,	
absorbe 1 422 1 2867,	
Absorción 1 422 1 2859,	
días 1 422 1 2846,	
p 1 422 1 2835,	
menstruación 2 422 2 2834,2854,	
asociada 1 422 1 2831,	
eficaz 1 422 1 2824,	
fonofobia 1 422 1 2815,	
fotofobia 1 422 1 2813,	
alivió 1 422 1 2810,	
funcional 1 422 1 2808,	
incapacidad 1 422 1 2807,	
redujo 1 422 1 2805,	
posterior 1 422 1 2803,	
respondieran 1 422 1 2797,	
nuevo 1 422 1 2788,	
respondieron 1 422 1 2778,	
23-40 1 422 1 2768,	
60-63 1 422 1 2758,	
67-77 1 422 1 2749,	
leve) 1 422 1 2741,	
intensa 1 422 1 2736,	
(es 1 422 1 2728,	
índices 1 422 1 2725,	
minutos 1 422 1 2718,	
30 2 422 2 2717,3729,	
produjo 1 422 1 2714,	
ó 1 422 1 2699,	
incluían 1 422 1 2690,	
estableció 1 422 1 2681,	
farmacodinámicos 1 422 1 2665,	
central 1 422 1 2663,	
trigeminal 1 422 1 2662,	
señal 1 422 1 2660,	
transmisión 1 422 1 2657,	
tejidos 1 422 1 2650,	
inflamación 1 422 1 2647,	
neuropéptidos 1 422 1 2640,	
liberación 1 422 1 2638,	
inhibición 1 422 1 2635,	
contracción 1 422 1 2623,	
causar 1 422 1 2621,	
indolacético 2 422 2 3042,3326,	
activación 1 422 1 2613,	
inervan 1 422 1 2611,	
trigeminales 1 422 1 2608,	
sensoriales 2 422 2 2607,2651,	
nervios 1 422 1 2606,	
dilatan 1 422 1 2599,	
cree 1 422 1 2597,	
extracerebrales 1 422 1 2594,	
(E572) 1 422 1 3704,	
intracraneales 2 422 2 2593,2628,	
sanguíneos 2 422 2 2592,2627,	
vasos 2 422 2 2591,2626,	
5-HT1D 2 422 2 2588,2619,	
atribuirse 1 422 1 2578,	
migrañosa 1 422 1 2576,	
terapéutica 1 422 1 2567,	
benzodiacepínicos 1 422 1 2564,	
muscarínicos; 1 422 1 2562,	
H1; 1 422 1 2561,	
histamínicos 1 422 1 2560,	
D2; 1 422 1 2559,	
adrenérgicos; 1 422 1 2555,	
alfa2 1 422 1 2552,	
multicéntricos 1 422 1 2685,	
HT3; 1 422 1 2550,	
5-HT2 1 422 1 2548,	
nula 1 422 1 2544,	
escasa 1 422 1 2542,	
actividad 4 422 4 2540,2566,3057,3074,	
posee 1 422 1 2536,	
HT1D 1 422 1 2534,	
5-HT1B 3 422 3 2531,2586,2617,	
elevada 1 422 1 2527,	
afinidad 1 422 1 2526,	
selectivamente 1 422 1 2523,	
une 2 422 2 2522,2996,	
C04 1 422 1 2519,	
N02C 1 422 1 2518,	
ATC 1 422 1 2517,	
Código 1 422 1 2516,	
farmacoterapéutico 1 422 1 2515,	
Grupo 1 422 1 2514,	
serotoninérgicos 1 422 1 2510,	
Agonistas 1 422 1 2509,	
acción 1 422 1 2508,	
Mecanismo 1 422 1 2506,	
farmacodinámicas 1 422 1 2505,	
	5 1 422 1 2502,	
FARMACOLOGICAS 1 422 1 2501,	
PROPIEDADES 1 422 1 2500,	
desconocidos 1 422 1 2497,	
séricas 1 422 1 2493,	
20-30 1 422 1 3238,	
diálisis 1 422 1 2488,	
reducción 2 422 2 2654,2730,	
hemodiálisis 2 422 2 2484,3583,	
observen 1 422 1 2477,	
electrocardiográfico 1 422 1 2468,	
clínico 2 422 2 2466,3427,	
control 1 422 1 2465,	
mantenerse 1 422 1 2463,	
carbón 1 422 1 2460,	
seguido 1 422 1 2458,	
gástrico 1 422 1 2457,	
lavado 1 422 1 2456,	
descontaminación 1 422 1 2452,	
heces 1 422 1 3276,	
pensarse 1 422 1 2449,	
recibido 1 422 1 2443,	
haber 1 422 1 2442,	
cardiovasculares 1 422 1 2435,	
aparecer 1 422 1 2430,	
sobredosis 2 422 2 2428,2445,	
base 1 422 1 2419,	
Además 1 422 1 2416,	
recibiera 1 422 1 2404,	
realizó 1 422 1 2396,	
dolorosa 2 422 2 2391,2661,	
venosa 2 422 2 2390,2394,	
punción 2 422 2 2389,2393,	
inmediatamente 1 422 1 2385,	
ECG) 1 422 1 2384,	
monitor 1 422 1 2383,	
segundos 1 422 1 2380,	
sistólica 1 422 1 2377,	
pausa 1 422 1 2376,	
incontinencia 1 422 1 2373,	
presentó 1 422 1 2369,	
varón 2 422 2 2365,3156,	
segundo 1 422 1 2362,	
atropina 1 422 1 2360,	
respondió 1 422 1 2358,	
grado 3 422 3 2356,2914,3049,	
AV 1 422 1 2353,	
observó 2 422 2 2350,3512,	
Una 1 422 1 2340,	
(administrados 1 422 1 2336,	
total 2 422 2 2330,2406,	
tres 1 422 1 2324,	
empezaron 1 422 1 2323,	
29 1 422 1 2313,	
mujer 2 422 2 2311,3162,	
sujeto 3 422 3 2309,2363,2403,	
Un 1 422 1 2308,	
bradicardia 2 422 2 2307,2319,	
y/o 1 422 1 2306,	
presentaron 1 422 1 2304,	
(administradas 1 422 1 2299,	
80 4 422 4 2297,2332,2408,3257,	
totales 1 422 1 2295,	
sujetos 3 422 3 2291,3578,3632,	
administró 1 422 1 2287,	
pacientes; 1 422 1 2263,	
300 1 422 1 2262,	
toleró 1 422 1 2257,	
magnesio 1 422 1 3703,	
proteínas 1 422 1 3000,	
generalmente 1 422 1 2255,	
dosis) 1 422 1 2254,	
única 1 422 1 2241,	
S 1 422 1 3804,	
(administrado 2 422 2 2237,2412,	
Sobredosis 1 422 1 2229,	
9 2 422 2 2228,3827,	
abdomen 1 422 1 2222,	
lugar 1 422 1 2215,	
alteraciones 1 422 1 2212,	
generales 1 422 1 2210,	
muscular 1 422 1 2205,	
debilidad 1 422 1 2204,	
rigidez 1 422 1 2203,	
dopaminérgicos 1 422 1 2556,	
cuello 1 422 1 2200,	
regional 2 422 2 2195,2202,	
musculoesqueléticos 1 422 1 2188,	
4) 1 422 1 2186,	
véase 1 422 1 2181,	
tercer 1 422 1 2355,	
(para 1 422 1 2178,	
tóxica 1 422 1 2177,	
epidérmica 1 422 1 2176,	
necrólisis 1 422 1 2175,	
cutánea 1 422 1 2174,	
erupción 1 422 1 2173,	
urticaria 1 422 1 2160,	
prurito 1 422 1 2159,	
sudor 1 422 1 2156,	
rubor 1 422 1 2155,	
subcutáneo 1 422 1 2153,	
tejido 2 422 2 2152,2191,	
piel 1 422 1 2149,	
dispepsia 1 422 1 2145,	
sed 1 422 1 2144,	
diarrea 1 422 1 2141,	
vómitos 2 422 2 2140,2318,	
boca 1 422 1 2138,	
nauseas 1 422 1 2137,	
sibilancias 1 422 1 2133,	
disnea 1 422 1 2131,	
faríngea 1 422 1 2130,	
molestia 1 422 1 2129,	
mediastínicos 1 422 1 2127,	
torácicos 1 422 1 2125,	
respiratorios 1 422 1 2124,	
rubor/sofocos 1 422 1 2119,	
vasculares 1 422 1 2117,	
arteriopatía 1 422 1 2114,	
predisponen 1 422 1 2111,	
factores 1 422 1 2107,	
mayoría 1 422 1 2096,	
palpitaciones 1 422 1 2085,	
borrosa 1 422 1 2081,	
visión 1 422 1 2080,	
oculares 1 422 1 2077,	
sabor 1 422 1 2073,	
disgeusia/mal 1 422 1 2072,	
síncope 3 422 3 2071,2305,2372,	
ataxia 1 422 1 2068,	
temblor 1 422 1 2065,	
agudeza 1 422 1 2063,	
disminución 2 422 2 2060,2644,	
hipoestesia 1 422 1 2059,	
Frecuentes 8 422 8 2056,2084,2118,2128,2136,2154,2193,2218,	
nervioso 1 422 1 2055,	
sistema 1 422 1 2054,	
nerviosismo 1 422 1 2051,	
insomnio 1 422 1 2050,	
psiqiátricos 1 422 1 2046,	
Trastornos 10 422 10 2045,2052,2076,2082,2116,2123,2134,2146,2187,2209,	
000)] 1 422 1 2044,	
<1/1 1 422 1 2043,	
(>1/10 1 422 1 2041,	
Raros 6 422 6 2040,2070,2087,2132,2161,2206,	
<1/100) 1 422 1 2038,	
000 3 422 3 2037,2042,2694,	
(>1/1 1 422 1 2036,	
Poco 8 422 8 2034,2047,2066,2078,2120,2142,2157,2196,	
<1/10) 1 422 1 2033,	
nulo 1 422 1 2739,	
(>1/100 1 422 1 2032,	
[Frecuentes 1 422 1 2031,	
comercialización 1 422 1 2029,	
reiterada 1 422 1 3660,	
comunicados 1 422 1 2023,	
adicionales 1 422 1 2017,	
astenia/fatiga 1 422 1 2013,	
inactivo 1 422 1 3046,	
evaluados 2 422 2 2005,2018,	
frecuentes 10 422 10 2004,2035,2048,2067,2079,2121,2143,2158,2197,2272,	
media 2 422 2 2874,3223,	
adversos 3 422 3 2002,2016,2266,	
600 1 422 1 1994,	
valoró 1 422 1 1986,	
Reacciones 1 422 1 1982,	
8 2 422 2 1981,3812,	
complejas 1 422 1 1968,	
tareas 1 422 1 1967,	
realizar 1 422 1 1966,	
mareo 5 422 5 1950,2010,2274,2321,2370,	
somnolencia 3 422 3 1942,2011,2276,	
máquinas 1 422 1 1932,	
utilizar 1 422 1 1931,	
conducir 1 422 1 1929,	
capacidad 2 422 2 1927,1964,	
7 3 422 3 1923,3534,3791,	
lactación 1 422 1 1914,	
evitando 1 422 1 1912,	
mínimo 1 422 1 1911,	
reducirse 1 422 1 1909,	
sospechosos 1 422 1 2440,	
lactante 1 422 1 1907,	
criando 1 422 1 1901,	
estén 1 422 1 1900,	
cuidado 1 422 1 1893,	
tenerse 1 422 1 1892,	
cuatro 3 422 3 2301,2414,2683,	
hombre 2 422 2 1888,3226,	
humanos 1 422 1 1882,	
máxima 2 422 2 1880,3613,	
nivel 1 422 1 1877,	
madre 1 422 1 1872,	
sistémica 1 422 1 1869,	
exposición 3 422 3 1868,1879,1905,	
destete 1 422 1 1864,	
crías 1 422 1 1861,	
corporal 1 422 1 1858,	
peso 1 422 1 1857,	
leves 1 422 1 1854,	
transitorias 1 422 1 1852,	
disminuciones 1 422 1 1851,	
leche 1 422 1 1848,	
alto 1 422 1 1843,	
ratas 1 422 1 1838,	
necesario 1 422 1 1830,	
claramente 1 422 1 1829,	
sea 1 422 1 1828,	
usarse 1 422 1 1823,	
deberá 2 422 2 1822,1891,	
humana 1 422 1 1819,	
animal 1 422 1 1813,	
reproducción 2 422 2 1810,3667,	
parto 1 422 1 1801,	
gestación 1 422 1 1799,	
curso 1 422 1 1796,	
feto 1 422 1 1792,	
embrión 1 422 1 1789,	
desarrollo 4 422 4 1787,1804,1812,3670,	
superiores 2 422 2 1781,3727,	
nocivos 1 422 1 1778,	
animales 1 422 1 1774,	
alfa1 1 422 1 2551,	
realizados 1 422 1 1772,	
embarazo 3 422 3 1755,1769,1826,	
lactancia 2 422 2 1751,1834,	
Embarazo 1 422 1 1749,	
dispone 1 422 1 1721,	
2D6) 1 422 1 1718,	
(CYP 1 422 1 1717,	
P450 1 422 1 1715,	
citocromo 1 422 1 1714,	
enzima 1 422 1 1713,	
vitro 1 422 1 1707,	
in 1 422 1 1706,	
compatibles 1 422 1 1667,	
describiendo 1 422 1 1663,	
habido 1 422 1 1661,	
Ha 1 422 1 1660,	
alteraron 1 422 1 1634,	
metoprolol 1 422 1 1632,	
nadolol 1 422 1 1630,	
farmacológica 2 422 2 1629,2541,	
2) 2 422 2 1623,2992,	
% 16 422 16 1604,2750,2759,2769,2881,3087,3138,3239,3258,3270,3300,3320,3331,3396,3409,3599,	
Cmax 3 422 3 1601,3405,3523,	
AUC 7 422 7 1597,3153,3179,3384,3517,3560,3593,	
medio 2 422 2 1595,3210,	
NUMERO 1 422 1 3813,	
mayor 2 422 2 2973,3600,	
conduce 1 422 1 1591,	
metabolismo 4 422 4 1582,3028,3293,3676,	
papel 1 422 1 1579,	
desempeña 1 422 1 1577,	
fármacos 1 422 1 1573,	
primer 2 422 2 1568,3295,	
metabólica 1 422 1 1566,	
probabilidad 1 422 1 1562,	
gran 1 422 1 1561,	
aumento 3 422 3 1557,1594,3514,	
horas) 3 422 3 2302,2339,2415,	
aumentarse 1 422 1 1549,	
Betabloqueantes 1 422 1 1542,	
toman 1 422 1 1531,	
irreversibles 1 422 1 1509,	
linezolid) 1 422 1 1507,	
reversibles 1 422 1 1504,	
análogos 1 422 1 1494,	
esperan 1 422 1 1492,	
MAO-A 2 422 2 1490,1576,	
selectivo 1 422 1 1487,	
reversible 1 422 1 1486,	
envase 1 422 1 3756,	
aumentaron 1 422 1 1478,	
N-monodesmetil 1 422 1 1477,	
activo 3 422 3 1476,3122,3339,	
plasmáticas 8 422 8 1470,1545,1637,2885,3001,3080,3432,3488,	
concentraciones 8 422 8 1469,1544,1636,2492,2884,3079,3431,3487,	
(MAO-A) 2 422 2 1467,3038,	
subtipo 1 422 1 1462,	
vía 2 422 2 1460,3390,	
metabolizado 1 422 1 1456,	
año 2 422 2 1989,2707,	
Inhibidores 3 422 3 1450,1640,1648,	
(Veáse 1 422 1 1446,	
combinación 1 422 1 1443,	
Esta 3 422 3 1442,1589,3420,	
hipertensivos 1 422 1 1441,	
arteria 2 422 2 1436,1518,	
activado) 1 422 1 2461,	
aumenta 3 422 3 1429,3157,3180,	
naratriptán) 1 422 1 1428,	
zolmitriptán 1 422 1 1427,	
sumatriptán 1 422 1 1426,	
aditivo 1 422 1 1403,	
Debido 2 422 2 1399,1510,	
5-HT1B/1D 4 422 4 1398,1423,2513,3067,	
Tmax 1 422 1 3413,	
Ergotamina 1 422 1 1386,	
formas 1 422 1 1383,	
Interacción 1 422 1 1376,	
retirar 1 422 1 1371,	
necesitar 1 422 1 1370,	
excesivo 1 422 1 1362,	
crónica 1 422 1 1358,	
predicen 1 422 1 1816,	
diaria 1 422 1 1357,	
valorar 1 422 1 1962,	
cefalea/exacerbación 1 422 1 1353,	
seca 1 422 1 2139,	
agudos 1 422 1 1346,	
febrero 1 422 1 3842,	
2D6 3 422 3 1337,1716,1746,	
CYP 2 422 2 1336,1745,	
sustratos 2 422 2 1333,1742,	
administrar 2 422 2 1326,1895,	
interacción 7 422 7 1324,1385,1565,1590,1628,1725,1732,	
posibilidad 2 422 2 1322,1730,	
considerarse 2 422 2 1320,1728,	
Debe 3 422 3 1319,1727,2462,	
Lapp 1 422 1 1306,	
galactosa 2 422 2 1300,1313,	
intolerancia 1 422 1 1298,	
microcristalina 1 422 1 3688,	
hereditarios 1 422 1 1295,	
problemas 2 422 2 1294,1308,	
maíz 1 422 1 3692,	
50 1 422 1 1283,	
(30 1 422 1 1272,	
siguiente 1 422 1 1271,	
cantidad 1 422 1 1263,	
clase 1 422 1 1259,	
fármaco 4 422 4 1254,1373,2270,3356,	
sustituirse 1 422 1 1251,	
rápidamente 1 422 1 1249,	
interrumpirse 1 422 1 1248,	
El 7 422 7 1245,2361,2708,3004,3024,3211,3383,	
desaparecido 1 422 1 1244,	
médica 1 422 1 1238,	
supervisión 1 422 1 1237,	
parestesia 1 422 1 2057,	
someterse 1 422 1 1235,	
faringe 1 422 1 1231,	
produce 3 422 3 1223,2642,2841,	
faríngeo) 2 422 2 1212,2172,	
5- 2 422 2 2533,2549,	
facial 3 422 3 1206,2166,2208,	
edema 4 422 4 1205,1211,2165,2171,	
angioedema 4 422 4 1202,1224,2162,2180,	
producir 2 422 2 1201,1941,	
perforatum) 1 422 1 1198,	
(Hypericum 1 422 1 1197,	
Juan) 1 422 1 1196,	
San 1 422 1 1195,	
(Hierba 1 422 1 1193,	
hipérico 1 422 1 1192,	
contengan 1 422 1 1191,	
medicinales 1 422 1 1189,	
camino 1 422 1 3025,	
plantas 1 422 1 1188,	
5-HT1B/1D) 1 422 1 1186,	
(agonistas 1 422 1 1185,	
comunes 1 422 1 1177,	
adversas 3 422 3 1173,1983,2100,	
serotoninérgica 1 422 1 1165,	
medicación 1 422 1 1164,	
25 3 422 3 1273,2367,3395,	
adición 1 422 1 1161,	
incrementos 1 422 1 1155,	
inicio 1 422 1 1151,	
durante 10 422 10 1149,1178,1753,1767,1824,1832,1915,1969,2600,2705,	
especialmente 1 422 1 1148,	
observación 1 422 1 1145,	
atenta 1 422 1 1144,	
IRSN 1 422 1 1140,	
clínicamente 1 422 1 1129,	
justifica 2 422 2 1128,3134,	
similares 2 422 2 3455,3492,	
Estas 1 422 1 1121,	
(IRSN) 3 422 3 1120,1656,1703,	
noradrenalina 3 422 3 1119,1655,1702,	
(ISRS) 2 422 2 1110,1693,	
serotonina 6 422 6 1109,1117,1646,1653,1692,1700,	
selectivos 5 422 5 1104,1503,1641,1687,2511,	
triptanos 4 422 4 1101,1184,1217,1684,	
neuromusculares) 2 422 2 1096,1679,	
anomalías 2 422 2 1095,1678,	
autonómica 2 422 2 1093,1676,	
observados 1 422 1 3435,	
inestabilidad 2 422 2 1092,1675,	
alterado 2 422 2 1091,1674,	
mental 3 422 3 1090,1673,2064,	
(incluyendo 4 422 4 1088,1391,1415,1671,	
sertoninérgico 4 422 4 1087,1659,1670,2075,	
síndrome 4 422 4 1086,1658,1669,2074,	
gastrointestinal 1 422 1 2453,	
posibles 1 422 1 1078,	
principalmente 2 422 2 1457,3284,	
teóricamente 1 422 1 1077,	
parenteral 1 422 1 1072,	
recibieron 1 422 1 1067,	
sanos 3 422 3 1066,3579,3633,	
16 1 422 1 1064,	
clínica 3 422 3 1060,1726,2282,	
farmacología 4 422 4 1059,2281,2422,3671,	
aditivos 2 422 2 1054,1075,	
pertenezca 1 422 1 1256,	
vasoespásticos 1 422 1 1053,	
taquicardia 1 422 1 2086,	
efectos 11 422 11 1052,1074,1440,1493,1777,2001,2015,2265,2481,2581,2911,	
observaron 2 422 2 1051,1850,	
Aunque 2 422 2 1048,2773,	
transcurrir 1 422 1 1039,	
preparación 1 422 1 1035,	
Después 6 422 6 1029,2860,3123,3147,3245,3467,	
dihidroergotamina 1 422 1 1026,	
tipo 1 422 1 1021,	
medicamentos 4 422 4 1019,1261,1380,3863,	
esperar 1 422 1 1004,	
Se 6 422 6 1002,1083,1199,1491,1849,1946,	
simultáneamente 1 422 1 995,	
sumatriptán) 1 422 1 994,	
inhibidor 1 422 1 1485,	
5-HT1B71D 1 422 1 991,	
emplearse 2 422 2 988,1612,	
incluyendo 1 422 1 980,	
lactasa 1 422 1 1304,	
miocárdica 1 422 1 970,	
comunicado 5 422 5 968,1085,1352,1948,2103,	
coronario 1 422 1 962,	
vasoespasmo 1 422 1 961,	
asociado 1 422 1 959,	
tratados 6 422 6 944,1215,1608,1954,2696,2786,	
70-80 1 422 1 1603,	
esté 1 422 1 939,	
EC 1 422 1 938,	
gastrointestinaless 1 422 1 2135,	
5-HT1 1 422 1 931,	
administrado 1 422 1 929,	
oxidativa 1 422 1 3034,	
les 1 422 1 927,	
subyacente 1 422 1 924,	
serios 1 422 1 918,	
cardíacos 2 422 2 917,2083,	
producido 1 422 1 915,	
raros 3 422 3 912,965,1296,	
casos 2 422 2 910,964,	
identificar 1 422 1 900,	
peritoneal 1 422 1 2489,	
inhibe 1 422 1 1711,	
cardíacas 1 422 1 897,	
asociadas 1 422 1 2816,	
evaluaciones 1 422 1 896,	
EC] 1 422 1 894,	
importante 1 422 1 892,	
familiar 1 422 1 891,	
6-hidroxi 2 422 2 3107,3114,	
rama 1 422 1 884,	
mujeres 6 422 6 878,1898,3022,3203,3403,3499,	
Biotransformación 1 422 1 3023,	
40 2 422 2 874,2235,	
varones 6 422 6 870,1065,3015,3201,3400,3497,	
nicotina 1 422 1 869,	
sustitutivos 1 422 1 867,	
tratamientos 2 422 2 866,1345,	
usuarios 1 422 1 864,	
fumadores 1 422 1 862,	
avanzada 2 422 2 3429,3440,	
diabéticos 1 422 1 861,	
enfermos 4 422 4 858,1953,2695,3547,	
[p 1 422 1 856,	
(EC) 1 422 1 855,	
riesgo 4 422 4 851,1431,1513,2109,	
contraindicada 2 422 2 1445,1537,	
identificada 1 422 1 846,	
cardíaca 2 422 2 844,907,	
enfermedad 4 422 4 843,853,906,922,	
padezcan 1 422 1 841,	
probable 2 422 2 839,2795,	
previa 1 422 1 834,	
caso 1 422 1 819,	
Como 3 422 3 816,1342,1806,	
adecuada 1 422 1 815,	
evaluación 2 422 2 814,833,	
cabo 1 422 1 812,	
eventos 1 422 1 916,	
llevar 1 422 1 810,	
acumuladas 1 422 1 2294,	
piensa 1 422 1 797,	
rico 1 422 1 2906,	
Cuando 1 422 1 793,	
8) 2 422 2 792,985,	
(véase 5 422 5 789,947,982,1166,1538,	
garganta 1 422 1 788,	
desorientación 1 422 1 2049,	
implicar 1 422 1 785,	
e 2 422 2 784,1508,	
experiencia 1 422 1 2026,	
intensos 1 422 1 783,	
torácico 1 422 1 778,	
dolor 6 422 6 777,2198,2207,2219,2632,2738,	
tensión 2 422 2 775,2201,	
incluyen 2 422 2 774,2030,	
Rizatriptán 5 422 5 767,1454,2230,2520,2994,	
nociva 1 422 1 766,	
podría 2 422 2 764,2577,	
vasoconstricción 3 422 3 762,1433,1515,	
aneurisma) 1 422 1 757,	
rotura 1 422 1 755,	
ACV 1 422 1 754,	
ej 10 422 10 753,857,993,1024,1204,1425,1506,2164,2455,2836,	
(p 8 422 8 752,992,1023,1203,1424,1505,2163,2454,	
graves 3 422 3 751,1125,2437,	
potencialmente 1 422 1 750,	
médicas 1 422 1 749,	
afecciones 1 422 1 748,	
asociarse 2 422 2 746,769,	
puedan 1 422 1 745,	
decir 2 422 2 742,2729,	
cefaleas 1 422 1 739,	
hemipléjica 1 422 1 730,	
basilar 1 422 1 728,	
diagnóstico 1 422 1 717,	
eliminación 2 422 2 3765,3767,	
claro 1 422 1 716,	
haya 1 422 1 713,	
pregelatinizado 1 422 1 3693,	
sólo 3 422 3 704,1821,1865,	
paso 3 422 3 1569,1841,3296,	
especiales 3 422 3 700,3720,3763,	
precauciones 1 422 1 699,	
Advertencias 1 422 1 697,	
receptores 11 422 11 689,825,955,978,1397,1422,2530,2547,2585,2616,3066,	
agonistas 9 422 9 686,822,930,952,975,990,1394,1419,2582,	
u 3 422 3 684,1417,2432,	
metisergida) 4 422 4 683,1028,1392,1416,	
(entre 1 422 1 680,	
derivados 3 422 3 676,1387,1411,	
ergotamina 9 422 9 675,679,1022,1025,1037,1071,1390,1410,1414,	
concomitante 4 422 4 671,1132,1181,1406,	
Uso 3 422 3 670,1752,1831,	
glucosa-o 1 422 1 1312,	
periférica 1 422 1 669,	
vascular 1 422 1 668,	
Prinzmetal 1 422 1 666,	
angina 1 422 1 664,	
síntomas 8 422 8 659,771,795,1242,1666,2348,2434,2478,	
signos 1 422 1 657,	
documentada) 1 422 1 656,	
silente 1 422 1 655,	
isquemia 3 422 3 654,969,2088,	
5HT1B/1D 4 422 4 690,826,956,979,	
miocardio 2 422 2 652,2092,	
infarto 3 422 3 650,972,2090,	
historia 2 422 2 648,890,	
pecho 3 422 3 647,1903,2226,	
(angina 1 422 1 645,	
isquémica 3 422 3 644,662,801,	
cardiopatía 3 422 3 643,661,800,	
establecida 2 422 2 641,940,	
coronaria 5 422 5 640,854,1437,1519,2115,	
arterial 1 422 1 639,	
Enfermedad 2 422 2 638,667,	
tratada 1 422 1 637,	
hipertensión 4 422 4 634,860,2122,2431,	
moderadamente 1 422 1 629,	
Hipertensión 1 422 1 628,	
(AIT) 1 422 1 627,	
transitorio 2 422 2 626,2371,	
isquémico 1 422 1 625,	
ataque 1 422 1 624,	
(ACV) 1 422 1 621,	
cerebrovascular 3 422 3 620,763,2094,	
accidente 2 422 2 619,2093,	
sufrido 1 422 1 617,	
hayan 3 422 3 616,1243,3777,	
contraindicado 2 422 2 601,612,	
MAO 3 422 3 594,1501,1535,	
significativamente 2 422 2 3071,3571,	
supresión 1 422 1 587,	
semanas 1 422 1 583,	
utilización 1 422 1 578,	
(MAO) 1 422 1 576,	
semivida 1 422 1 3196,	
monoaminooxidasa 3 422 3 575,1453,1466,	
inhibidores 8 422 8 572,591,1103,1112,1498,1532,1686,1695,	
simultánea 3 422 3 570,1482,1553,	
Administración 1 422 1 569,	
Hipersensibilidad 1 422 1 560,	
Contraindicaciones 1 422 1 559,	
sistemáticamente 1 422 1 556,	
comunicaciones 1 422 1 1662,	
evaluado 1 422 1 555,	
(en 1 422 1 2381,	
han 5 422 5 554,914,928,958,2102,	
seguridad 4 422 4 540,1761,3639,3673,	
beta 1 422 1 2554,	
65 3 422 3 537,550,3444,	
distinta 1 422 1 3572,	
establecido 3 422 3 521,714,1759,	
superior 2 422 2 513,1875,	
placebo 4 422 4 504,517,2688,2772,	
controlado 1 422 1 502,	
estudio 4 422 4 501,1057,1626,2279,	
(12-17 1 422 1 480,	
Adolescentes 1 422 1 479,	
bloqueo 2 422 2 882,2352,	
niños 1 422 1 472,	
disponibles 1 422 1 465,	
datos 4 422 4 464,1723,1885,3641,	
hay 3 422 3 463,1884,3352,	
indican 4 422 4 799,1708,1776,3643,	
menores 6 422 6 456,473,493,528,3101,3119,	
recomienda 4 422 4 449,486,1003,1142,	
No 13 422 13 447,462,484,518,986,1719,1756,1883,2932,3327,3708,3723,3751,	
edad) 2 422 2 446,483,	
12 7 422 7 443,458,475,2290,2471,3747,3840,	
(menores 1 422 1 441,	
Niños 1 422 1 440,	
pediátricos 1 422 1 439,	
Enfermos 2 422 2 438,534,	
administrarse 5 422 5 433,706,723,830,1046,	
hepática 7 422 7 409,606,3463,3478,3484,3505,3536,	
hinchazón 2 422 2 1207,2167,	
moderada 4 422 4 404,412,2734,3506,	
reacciones 3 422 3 1122,1172,2099,	
leve 4 422 4 402,410,635,3485,	
insuficiencia 6 422 6 400,408,605,1302,3477,3549,	
posmenopáusicas 1 422 1 879,	
5) 6 422 6 396,598,694,1001,1170,1341,	
separarse 1 422 1 383,	
propranolol 5 422 5 377,392,1555,1588,1610,	
grupos 1 422 1 369,	
siguientes 3 422 3 368,584,1919,	
particular 1 422 1 366,	
transitorios 1 422 1 772,	
mg) 3 422 3 362,510,1290,	
(5 2 422 2 361,509,	
hipertensivas 1 422 1 1523,	
mínima 1 422 1 360,	
recibir 2 422 2 357,2328,	
`A' 1 422 1 1463,	
Algunos 1 422 1 354,	
posteriores 1 422 1 353,	
responder 1 422 1 348,	
todavía 2 422 2 346,2793,	
pesadez 1 422 1 2194,	
probablemente 1 422 1 345,	
responden 1 422 1 339,	
pacientes 40 422 40 336,355,371,373,398,406,455,492,527,546,603,614,708,725,836,849,880,903,920,933,1214,1292,1329,1529,1607,1664,1738,1945,1960,1995,2105,2439,2775,3365,3475,3502,3528,3581,3605,3618,	
muestran 1 422 1 333,	
clínicos 5 422 5 332,1998,2008,2021,2479,	
grave 3 422 3 609,630,632,	
primera 1 422 1 318,	
responde 1 422 1 315,	
paciente 3 422 3 313,1147,1233,	
consiguiente 1 422 1 310,	
controlados 3 422 3 308,1999,2686,	
estudios 12 422 12 307,331,1705,1771,1808,1836,1997,2007,2020,2684,3541,3654,	
Puede 1 422 1 2969,	
estudiada 1 422 1 304,	
sido 1 422 1 303,	
ineficaz 1 422 1 300,	
tratamiento 21 422 21 290,341,350,375,589,737,1099,1131,1153,1246,1331,1682,1740,1921,1937,2572,2673,2746,2780,2799,2827,	
segunda 2 422 2 286,324,	
eficacia 5 422 5 283,506,523,542,2667,	
respuesta 3 422 3 281,1818,2727,	
falta 1 422 1 279,	
anteriormente 1 422 1 274,	
indicados 1 422 1 273,	
límites 1 422 1 270,	
respetarse 1 422 1 268,	
Deben 1 422 1 267,	
nueva 1 422 1 265,	
inicial 3 422 3 261,298,2781,	
alivio 2 422 2 257,2709,	
después 14 422 14 255,276,1009,2326,2342,2386,2399,2425,2719,2744,2849,2985,3448,3563,	
reaparece 1 422 1 254,	
Si 4 422 4 251,1126,1221,3341,	
- 5 422 5 240,275,372,397,405,	
tomarse 4 422 4 235,263,322,804,	
indicaron 1 422 1 1839,	
horas 14 422 14 232,250,387,430,1008,1043,1918,2252,2325,2398,2472,2743,2895,3207,	
24 5 422 5 231,249,429,1042,1917,	
período 2 422 2 229,427,	
horas; 2 422 2 226,424,	
intervalos 3 422 3 223,421,2249,	
2007 1 422 1 3853,	
separadas 2 422 2 219,417,	
Las 8 422 8 215,413,895,1171,1468,1543,3078,3430,	
administraciones 1 422 1 214,	
Nuevas 1 422 1 213,	
recaptación 6 422 6 1107,1115,1644,1651,1690,1698,	
recomendada 1 422 1 208,	
dosis 25 422 25 207,216,239,266,287,297,319,325,359,414,437,806,1157,1614,1780,2233,2240,2247,2293,3167,3185,3248,3273,3303,3349,	
mayores 3 422 3 205,535,1496,	
edad 9 422 9 203,461,478,498,533,877,2316,3439,3443,	
años 13 422 13 201,444,459,476,481,496,531,538,551,875,2314,2368,3716,	
18 4 422 4 200,495,530,3749,	
Adultos 1 422 1 198,	
conjuntivo 1 422 1 2192,	
oral 12 422 12 197,1069,2864,2873,2902,2948,2982,3127,3177,3249,3304,3471,	
liofilizado 3 422 3 196,2947,2981,	
alternativamente 1 422 1 194,	
disponible 1 422 1 193,	
está 5 422 5 192,600,611,1444,1536,	
Absorción) 1 422 1 189,	
farmacocinéticas 2 422 2 188,2858,	
conservar 1 422 1 3724,	
Propiedades 3 422 3 187,2504,2857,	
(Véase 9 422 9 184,393,595,691,998,1079,1338,1620,2989,	
ayunas 1 422 1 183,	
comienzo 3 422 3 175,2344,2851,	
retrasarse 1 422 1 173,	
metabolito 6 422 6 1475,3040,3055,3113,3324,3338,	
Por 4 422 4 170,309,1889,1957,	
administra 5 422 5 167,181,1735,2984,3344,	
hora 4 422 4 164,2341,2927,2961,	
aproximadamente 15 422 15 162,2878,2891,2925,2959,3009,3084,3135,3228,3236,3255,3297,3393,3416,3597,	
retrasa 2 422 2 160,2957,	
absorción 6 422 6 156,1310,2916,2922,2943,2976,	
náuseas 1 422 1 2812,	
La 19 422 19 155,206,282,378,539,1262,1904,1933,2095,2392,2565,2612,2666,2871,2897,3195,3372,3610,3766,	
Período 1 422 1 3712,	
alimentos 4 422 4 154,169,2931,2940,	
Efectos 4 422 4 151,1924,2664,2928,	
líquido 1 422 1 150,	
Josefa 1 422 1 3807,	
enteros 1 422 1 147,	
tragarse 1 422 1 146,	
D1 1 422 1 2557,	
deben 12 422 12 145,217,234,356,415,432,803,942,987,1038,1315,1961,	
profilácticamente 1 422 1 142,	
3) 4 422 4 950,1082,1449,1541,	
utilizarse 2 422 2 141,734,	
debe 14 422 14 140,321,382,705,722,733,809,829,1234,1247,1559,1611,1908,2448,	
general 1 422 1 137,	
En 13 422 13 136,499,963,1605,1624,2277,2438,3047,3175,3501,3526,3546,3580,	
efecto 4 422 4 177,1402,2538,2937,	
administración 21 422 21 135,272,379,390,1017,1032,1481,1525,1552,1977,2217,2722,2863,2898,3126,3150,3176,3451,3470,3566,3659,	
Posología 1 422 1 131,	
aura 1 422 1 128,	
recurrencia 1 422 1 243,	
o 33 422 33 126,403,411,563,577,607,622,631,633,653,663,729,863,971,1027,1111,1138,1158,1228,1307,1495,1694,1790,1935,2089,2223,2244,2485,2539,2543,2740,2848,3748,	
envases 1 422 1 3742,	
relacionados 1 422 1 2267,	
(ISRS)/ 1 422 1 1647,	
migraña 12 422 12 124,719,727,1349,1934,1973,2679,2821,2830,2838,3371,3375,	
crisis 15 422 15 122,260,294,329,344,352,1522,1971,2602,2677,2792,2802,2819,3369,3373,	
debida 1 422 1 3479,	
cefalea 8 422 8 119,246,253,1356,2058,2575,2712,2733,	
fase 1 422 1 117,	
agudo 2 422 2 114,2674,	
Este 1 422 1 1556,	
Tratamiento 1 422 1 113,	
terapéuticas 2 422 2 112,1784,	
Indicaciones 1 422 1 111,	
	"4 1 422 1 109,	
vértigo 1 422 1 2069,	
CLÍNICOS 1 422 1 108,	
posnatal 1 422 1 1805,	
DATOS 2 422 2 107,3678,	
4 26 422 26 106,129,395,557,597,693,695,696,791,949,984,1000,1081,1169,1340,1374,1448,1540,1622,1747,1922,1980,2185,2227,2991,3718,	
" 2 422 2 105,2498,	
266"" 1 422 1 101,	
""MSD 1 422 1 100,	
lado 1 422 1 98,	
""MAXALT"" 1 422 1 95,	
código 1 422 1 94,	
cápsula 1 422 1 91,	
forma 5 422 5 89,133,3051,3289,3311,	
pálido 1 422 1 87,	
rosa 1 422 1 86,	
color 1 422 1 85,	
son 5 422 5 83,1076,2496,3083,3102,	
Los 13 422 13 78,143,330,932,951,1291,1704,1770,1835,2000,2014,2480,3640,	
Comprimidos 1 422 1 77,	
	" 1 422 1 76,	
FARMACÉUTICA 1 422 1 75,	
FORMA 1 422 1 74,	
afectación 2 422 2 3504,3624,	
3 8 422 8 73,558,1993,2845,3635,3711,3715,3745,	
6 12 422 12 71,1007,1748,3677,3705,3710,3717,3731,3746,3760,3761,3859,	
sección 16 422 16 70,394,596,692,790,948,983,999,1080,1168,1339,1447,1539,1621,2184,2990,	
ver 1 422 1 69,	
excipientes 3 422 3 68,568,3684,	
completa 1 422 1 66,	
lista 1 422 1 65,	
Para 2 422 2 63,2949,	
renal 7 422 7 401,608,3244,3545,3550,3608,3625,	
lactosa 2 422 2 56,1265,	
5 13 422 13 53,185,1279,1375,1616,2379,2499,2698,2764,2855,2894,3634,3732,	
60 3 422 3 52,1282,3555,	
Excipientes 1 422 1 51,	
rizatriptán) 1 422 1 50,	
(equivalentes 1 422 1 45,	
benzoato 1 422 1 44,	
rizatriptán 53 422 53 43,158,179,381,470,544,562,673,827,1013,1047,1068,1134,1220,1327,1364,1408,1472,1547,1585,1639,1710,1736,1763,1845,1896,2288,2335,2411,2424,2495,2569,2865,2918,2945,2953,2978,3030,3077,3129,3133,3199,3215,3251,3313,3342,3381,3386,3434,3490,3562,3595,3615,	
53 1 422 1 40,	
14 3 422 3 39,3086,3299,	
contiene 1 422 1 38,	
comprimido 9 422 9 37,59,1268,1277,1287,2753,2762,2876,2901,	
Cada 1 422 1 36,	
lengua 3 422 3 1210,1227,2170,	
CUANTITATIVA 1 422 1 34,	
Y 1 422 1 33,	
CUALITATIVA 1 422 1 32,	
COMPOSICION 1 422 1 31,	
MAXALT® 1 422 1 26,	
	 4 422 4 25,35,3819,3854,	
MEDICAMENTO 1 422 1 24,	
DENOMINACIÓN 1 422 1 22,	
1 10 422 10 21,72,110,163,2503,2926,2960,3218,3330,3681,	
PRODUCTO 1 422 1 20,	
DEL 3 422 3 19,23,3850,	
CARACTERÍSTICAS 1 422 1 18,	
LAS 1 422 1 17,	
ISRS 1 422 1 1137,	
DE 9 422 9 16,3793,3796,3802,3814,3817,3829,3833,3847,	
RESUMEN 1 422 1 15,	
tuvo 2 422 2 2317,2910,	
información 1 422 1 12,	
Toda 1 422 1 10,	
cardiovascular 1 422 1 923,	
medicamento 3 422 3 9,14,1318,	
Basica 1 422 1 7,	
	Información 1 422 1 6,	
COMPRIMIDOS 2 422 2 5,3860,	
2 15 422 15 4,30,130,186,225,238,386,423,436,2251,2693,2856,3192,3706,3744,	
comprimidos 15 422 15 3,29,79,144,2243,2670,2951,2964,3453,3473,3568,3750,3823,3839,3858,	
mg 24 422 24 2,28,41,48,54,62,82,212,1274,1280,1284,1617,2236,2298,2333,2409,2701,2756,2765,3194,3388,3822,3838,3857,	
10 15 422 15 1,27,47,61,81,211,1289,2700,2755,3269,3588,3821,3837,3845,3856,	
producen 1 422 1 2630,	
""atípicas"" 1 422 1 740,	
MAXALT 32 422 32 0,138,190,364,453,490,508,525,599,610,703,720,731,946,981,997,1527,1619,1820,1939,1956,1979,1984,2447,2669,2703,2783,2804,2822,3820,3836,3855,	
