50ML 1 268 1 3618,	
2004 1 268 1 3611,	
TEXTO 1 268 1 3608,	
REVISIÓN 1 268 1 3606,	
10 1 268 1 3602,	
1993 1 268 1 3601,	
Octubre 2 268 2 3600,3609,	
APROBACIÓN/RENOVACIÓN 1 268 1 3596,	
PRIMERA 1 268 1 3595,	
930 1 268 1 3581,	
929 1 268 1 3572,	
928 1 268 1 3563,	
59 5 268 5 3553,3562,3571,3580,3589,	
	 2 268 2 3545,3612,	
NÚMERO 1 268 1 3540,	
" 1 268 1 3538,	
ESPAÑA 1 268 1 3537,	
(Madrid) 1 268 1 3536,	
Cantos 1 268 1 3535,	
Tres 1 268 1 3534,	
28760 1 268 1 3533,	
Euronova 1 268 1 3532,	
Poniente 1 268 1 3530,	
Ronda 1 268 1 3528,	
COMERCIALIZACIÓN 2 268 2 3523,3544,	
AUTORIZACIÓN 3 268 3 3521,3542,3599,	
LA 4 268 4 3520,3594,3598,3605,	
DE 7 268 7 3519,3522,3541,3543,3593,3597,3604,	
TITULAR 1 268 1 3518,	
fabricante 1 268 1 3512,	
instrucciones 1 268 1 3510,	
seguirse 1 268 1 3508,	
conveniente 1 268 1 3500,	
final 1 268 1 3495,	
conectores 1 268 1 3491,	
tubos 1 268 1 3490,	
quede 1 268 1 3483,	
porción 1 268 1 3475,	
Cualquier 1 268 1 3474,	
dirige 1 268 1 3459,	
conexión 1 268 1 3456,	
perforación 1 268 1 3452,	
única 1 268 1 3451,	
autoinyectores/bombas 1 268 1 3440,	
adicional 1 268 1 3419,	
Instrucción 1 268 1 3418,	
desechadas 1 268 1 3417,	
serán 1 268 1 3416,	
utilizadas 1 268 1 3415,	
porciones 1 268 1 3413,	
único 1 268 1 3409,	
destinados 1 268 1 3406,	
integridad 1 268 1 3383,	
decoloración 1 268 1 3381,	
partículas 1 268 1 3380,	
detectar 1 268 1 3379,	
visualmente 1 268 1 3377,	
inspeccionado 1 268 1 3376,	
parenterales 1 268 1 3372,	
productos 1 268 1 3371,	
uso/manipulación 1 268 1 3366,	
Instrucciones 1 268 1 3364,	
""flip 1 268 1 3360,	
coloreado 1 268 1 3357,	
plástico 1 268 1 3356,	
desechables 1 268 1 3354,	
cápsulas 1 268 1 3353,	
sellados 1 268 1 3351,	
clorobutilo 1 268 1 3345,	
goma 1 268 1 3343,	
tapones 1 268 1 3341,	
cerrados 1 268 1 3339,	
I) 2 268 2 3338,3349,	
Tipo 2 268 2 3337,3348,	
Eur 2 268 2 3336,3347,	
(Ph 2 268 2 3335,3346,	
incoloro 1 268 1 3334,	
resistente 1 268 1 3332,	
altamente 1 268 1 3331,	
borosilicato 1 268 1 3330,	
hechos 1 268 1 3326,	
envases 1 268 1 3324,	
500 4 268 4 3247,3288,3321,3432,	
20 6 268 6 3205,3228,3260,3560,3569,3578,	
vial 3 268 3 3203,3226,3258,	
50 7 268 7 3182,3215,3237,3269,3302,3551,3587,	
frasco 12 268 12 3179,3188,3211,3233,3243,3265,3274,3284,3299,3307,3317,3486,	
recipiente 1 268 1 3169,	
contenido 1 268 1 3167,	
Naturaleza 1 268 1 3165,	
mes 1 268 1 3155,	
utilizados 1 268 1 3147,	
sean 1 268 1 3146,	
cajas 1 268 1 3143,	
mantenidos 1 268 1 3140,	
frascos 3 268 3 3137,3426,3504,	
30º 1 268 1 3126,	
conservación 1 268 1 3117,	
envase 2 268 2 3111,3385,	
indicada 1 268 1 3108,	
fecha 1 268 1 3105,	
protegido 2 268 2 3092,3128,	
30ºC 1 268 1 3090,	
temperatura 2 268 2 3087,3123,	
almacenado 3 268 3 3085,3121,3152,	
tres 1 268 1 3079,	
validez 1 268 1 3074,	
Período 1 268 1 3072,	
diferentes 1 268 1 3069,	
aguja 1 268 1 3068,	
jeringa 2 268 2 3066,3397,	
Deberán 2 268 2 3063,3507,	
farmacológicas 1 268 1 3062,	
directamente 1 268 1 3058,	
incompatibilidades 1 268 1 3050,	
conocen 1 268 1 3049,	
Incompatibilidades 1 268 1 3046,	
ajuste 1 268 1 3027,	
clorhídrico 1 268 1 3025,	
ácido 1 268 1 3024,	
calcicosódico 1 268 1 3023,	
edetato 1 268 1 3022,	
Trometamol 1 268 1 3021,	
FARMACÉUTICOS 1 268 1 3015,	
radiografías 1 268 1 3010,	
igual 1 268 1 3007,	
obtenido 1 268 1 3006,	
intravasculares 1 268 1 3003,	
comparación 1 268 1 2997,	
(iohexol) 1 268 1 2995,	
Omnipaque 1 268 1 2994,	
similar 1 268 1 2985,	
substancialmente 1 268 1 2972,	
encuentra 1 268 1 2971,	
incidencia 1 268 1 2964,	
utilizando 1 268 1 2954,	
histerosalpingografía 1 268 1 2950,	
retrograda 1 268 1 2948,	
colangiopancreatografía 1 268 1 2946,	
artrografía 1 268 1 2945,	
flebografía 1 268 1 2944,	
arteriografía 2 268 2 2940,2943,	
cardioangiografía 1 268 1 2939,	
confirmado 1 268 1 2926,	
insignificante 1 268 1 2913,	
electrofisiológicos 1 268 1 2909,	
confirmadas 1 268 1 2898,	
fertilidad 1 268 1 2875,	
evidencia 1 268 1 2873,	
reproducción 1 268 1 2865,	
convencionales 1 268 1 2861,	
conejo 1 268 1 2852,	
aorta 1 268 1 2850,	
endotelial 1 268 1 2847,	
lesión 1 268 1 2846,	
expresada 1 268 1 2842,	
demostrado 1 268 1 2835,	
buena 2 268 2 2829,2887,	
demostraron 1 268 1 2827,	
bioquímico-farmacológicos 1 268 1 2822,	
monómeros 1 268 1 2808,	
mejor 1 268 1 2805,	
tolerado 1 268 1 2794,	
mostraron 1 268 1 2785,	
conejos 3 268 3 2784,2826,2869,	
orgánica 1 268 1 2768,	
dosis) 1 268 1 2761,	
5% 1 268 1 2759,	
(ratas 1 268 1 2755,	
heces 1 268 1 2754,	
principalmente 1 268 1 2743,	
mostrado 1 268 1 2739,	
cerdos 2 268 2 2737,2757,	
similares 1 268 1 2720,	
DL50 1 268 1 2719,	
ratas 4 268 4 2716,2735,2782,2867,	
ratones 1 268 1 2714,	
toxicidad 2 268 2 2710,2884,	
Datos 1 268 1 2702,	
metabolitos 2 268 2 2699,2777,	
detectado 2 268 2 2698,2776,	
3%) 1 268 1 2694,	
baja 3 268 3 2691,2709,2883,	
proteica 1 268 1 2686,	
fijación 1 268 1 2685,	
aproximadamente 1 268 1 2674,	
media 1 268 1 2670,	
vida 1 268 1 2669,	
aproximado 1 268 1 2660,	
urinaria 1 268 1 2653,	
máxima 1 268 1 2652,	
período 2 268 2 2640,2659,	
través 1 268 1 2634,	
excretado 2 268 2 2631,2744,	
intravenosamente 1 268 1 2629,	
inyectado 1 268 1 2628,	
cien 1 268 1 2625,	
Cerca 1 268 1 2621,	
importancia 2 268 2 2615,2919,	
observados 1 268 1 2602,	
aprobados 1 268 1 3441,	
respecto 1 268 1 2591,	
significativa 1 268 1 2590,	
desviación 1 268 1 2589,	
encontrado 2 268 2 2587,2765,	
sanos 1 268 1 2583,	
cristal 1 268 1 3328,	
intravenosa 2 268 2 2578,2711,	
examinados 1 268 1 2573,	
parámetros 4 268 4 2567,2605,2818,2907,	
V08AB08 1 268 1 2561,	
ATC 1 268 1 2560,	
Código 1 268 1 2559,	
iodados 1 268 1 2558,	
Rayos-X 2 268 2 2557,3134,	
voluntarios 1 268 1 2582,	
Contraste 1 268 1 2555,	
Medios 1 268 1 2553,	
Farmacoterapéutico 1 268 1 2552,	
Grupo 1 268 1 2551,	
farmacodinámicas 1 268 1 2550,	
Propiedades 2 268 2 2549,2619,	
FARMACOLÓGICAS 1 268 1 2546,	
PROPIEDADES 1 268 1 2545,	
específico 1 268 1 2544,	
antídoto 1 268 1 2543,	
hay 1 268 1 2541,	
hidratados 1 268 1 2539,	
deben 3 268 3 2535,3138,3492,	
óptima 1 268 1 2528,	
obtener 1 268 1 2525,	
mediante 1 268 1 2522,	
eliminado 1 268 1 2521,	
éste 1 268 1 2517,	
excesivas 1 268 1 2512,	
recibido 1 268 1 2510,	
hayan 1 268 1 2509,	
retardada 1 268 1 2499,	
resultante 1 268 1 2479,	
desequilibrio 1 268 1 2478,	
corregir 1 268 1 2476,	
clínicos 1 268 1 2901,	
inyecciones 1 268 1 2461,	
administran 1 268 1 2460,	
particularmente 1 268 1 2457,	
complejos 1 268 1 2454,	
angiográficos 1 268 1 2453,	
accidental 1 268 1 2446,	
sobredosis 2 268 2 2445,2473,	
horas) 1 268 1 2443,	
(t1/2 1 268 1 2440,	
tolerancia 4 268 4 2428,2830,2838,2888,	
duración 1 268 1 2423,	
probable 2 268 2 2412,2449,	
sintomática 1 268 1 2409,	
sobredosificación 1 268 1 2408,	
rutinario 1 268 1 2405,	
fijo 1 268 1 2401,	
superior 2 268 2 2398,2854,	
establecido 1 268 1 2395,	
seguridad 2 268 2 2388,2705,	
margen 1 268 1 2386,	
elevado 1 268 1 2385,	
indican 1 268 1 2383,	
preclínicos 2 268 2 2382,2703,	
datos 1 268 1 2381,	
éstos 1 268 1 2378,	
considerarse 1 268 1 2374,	
infecciosa 1 268 1 2372,	
Frank 1 268 1 2365,	
artritis 2 268 2 2363,2371,	
abdomen 1 268 1 2354,	
inferior 3 268 3 2352,3088,3124,	
cambiarse 1 268 1 3469,	
zona 1 268 1 2351,	
molestias 1 268 1 2338,	
dan 1 268 1 2337,	
Ocasionalmente 1 268 1 2335,	
necrotizante 1 268 1 2332,	
raros 1 268 1 2329,	
descrito 1 268 1 2327,	
post 2 268 2 2322,2360,	
pancreatitis 2 268 2 2321,2331,	
asocia 1 268 1 2314,	
opacificación 1 268 1 2307,	
observa 1 268 1 2306,	
amilasa 1 268 1 2301,	
Retrógrada 1 268 1 2291,	
Endoscópica 1 268 1 2290,	
sistémica 1 268 1 2286,	
Corporales 2 268 2 2263,2279,	
postflebográficas 1 268 1 2256,	
tromboflebitis 1 268 1 2255,	
aparición 1 268 1 2251,	
producirse 1 268 1 2248,	
cardiaca 1 268 1 2242,	
incluyendo 2 268 2 2236,2801,	
ceguera 1 268 1 2228,	
confusión 1 268 1 2225,	
veces 1 268 1 2222,	
imagen 1 268 1 2211,	
corteza 1 268 1 2203,	
provocando 1 268 1 2194,	
hematoencefálica 1 268 1 2193,	
barrera 1 268 1 2192,	
atravesar 1 268 1 2190,	
transitorias 1 268 1 2180,	
motoras 1 268 1 2179,	
sensoriales 1 268 1 2177,	
incluir 1 268 1 2173,	
isquemia 2 268 2 2164,2246,	
renales 2 268 2 2160,2780,	
cerebrales 1 268 1 2158,	
coronarias 1 268 1 2157,	
calidad 1 268 1 3008,	
arterias 1 268 1 2156,	
seguir 1 268 1 2150,	
espasmo 1 268 1 2147,	
clínica 3 268 3 2124,2616,2920,	
relevancia 1 268 1 2123,	
Es 5 268 5 2103,2293,2342,2356,2420,	
distal 1 268 1 2098,	
común 5 268 5 2092,2104,2294,2343,2357,	
angiografía 1 268 1 2089,	
conectados 1 268 1 3437,	
complicaciones 2 268 2 2082,2231,	
acompañados 1 268 1 2080,	
elevadas 1 268 1 2077,	
particular 2 268 2 2074,2086,	
órgano 2 268 2 2073,2085,	
alcanza 1 268 1 2071,	
selectivas 1 268 1 2060,	
arteriografías 1 268 1 2059,	
aspirado 1 268 1 3394,	
administrada 1 268 1 2057,	
intraarterial 1 268 1 2047,	
específicamente 1 268 1 2043,	
observadas 1 268 1 2042,	
describen 2 268 2 2024,2268,	
sólo 3 268 3 2022,2266,3434,	
intravenoso) 1 268 1 2019,	
intrarterial 1 268 1 2017,	
(Uso 1 268 1 2016,	
producen 1 268 1 2010,	
vagales 1 268 1 2008,	
vagal 1 268 1 2000,	
erróneamente 1 268 1 1996,	
interpretarse 1 268 1 1995,	
presentar 1 268 1 1987,	
bradicardia 2 268 2 1980,2013,	
cursar 1 268 1 1978,	
beta-bloqueantes 1 268 1 1974,	
vía 2 268 2 1967,3454,	
específica 2 268 2 1965,2769,	
terapia 1 268 1 1964,	
instaurarse 1 268 1 1962,	
detenerse 1 268 1 1956,	
signos 2 268 2 1944,2244,	
primeros 1 268 1 1943,	
representar 1 268 1 1941,	
independientemente 1 268 1 1926,	
broncoespasmo 1 268 1 1914,	
fiebre 1 268 1 1907,	
hipotensión 2 268 2 1905,2011,	
darse 1 268 1 1904,	
tóxicas 1 268 1 1902,	
cutáneas 1 268 1 1898,	
tarde 1 268 1 1893,	
aparecer 1 268 1 1882,	
Pueden 2 268 2 1881,2172,	
angioedema 1 268 1 1880,	
prurito 1 268 1 1878,	
37º 1 268 1 3157,	
urticaria 1 268 1 1877,	
eritema 1 268 1 1876,	
sarpullido 1 268 1 1875,	
disnea 1 268 1 1874,	
respiratorios 1 268 1 1871,	
cutáneos 1 268 1 1869,	
presentan 1 268 1 1866,	
palpitaciones 1 268 1 1849,	
temblor 1 268 1 1848,	
parestesias 1 268 1 1847,	
Otras 1 268 1 1842,	
rara 3 268 3 1838,2259,2367,	
abdominal 1 268 1 1835,	
caducidad 2 268 2 3076,3107,	
molestia/dolor 1 268 1 1834,	
1000) 2 268 2 1831,1841,	
100 5 268 5 1828,2623,3192,3278,3311,	
(incidencia 3 268 3 1826,1839,2093,	
vómitos 1 268 1 1823,	
MINISTERIO 2 268 2 1816,2819,	
metálico 1 268 1 1814,	
inalterado 1 268 1 2632,	
sabor 1 268 1 1813,	
calor 2 268 2 1810,2102,	
frecuente 1 268 1 1803,	
adversa 1 268 1 1801,	
observan 2 268 2 1794,2006,	
fatales 1 268 1 1792,	
desecharse 1 268 1 3493,	
caja 14 268 14 3176,3185,3200,3208,3223,3230,3240,3255,3262,3271,3281,3296,3304,3314,	
frecuentes 1 268 1 1775,	
transitoria 3 268 3 1772,2165,2226,	
naturaleza 2 268 2 1771,2037,	
moderadas 1 268 1 1768,	
leves 3 268 3 1766,1872,1937,	
asociadas 1 268 1 1755,	
específicas 1 268 1 1751,	
secciones 1 268 1 1750,	
consideran 1 268 1 2613,	
referir 1 268 1 1747,	
específicos 1 268 1 1739,	
secundarios 2 268 2 1738,3135,	
efectos 2 268 2 1737,2814,	
radiográficos 1 268 1 1728,	
relación 2 268 2 1725,2975,	
generales 1 268 1 1723,	
enumeran 1 268 1 1719,	
continuación 3 268 3 1717,2021,2265,	
A 4 268 4 1716,2020,2264,3527,	
nula 1 268 1 1710,	
máquinas 1 268 1 1708,	
influencia 2 268 2 1700,2903,	
vehículos 1 268 1 1695,	
anafilaxia 1 268 1 1991,	
conducir 1 268 1 1694,	
Efectos 1 268 1 1689,	
24 2 268 2 1686,2642,	
reanudada 1 268 1 1682,	
interrumpida 1 268 1 1671,	
espera 1 268 1 1663,	
materna 1 268 1 1660,	
leche 1 268 1 1659,	
excreción 2 268 2 1656,2733,	
grado 3 268 3 1654,2751,2844,	
teratogenia 1 268 1 2878,	
conoce 1 268 1 1652,	
No 5 268 5 1650,2540,2695,2762,3047,	
facultativo 1 268 1 1649,	
esencial 1 268 1 1646,	
considerado 1 268 1 1645,	
importante 1 268 1 2421,	
supere 1 268 1 1640,	
viales 1 268 1 3404,	
beneficio 1 268 1 1639,	
subjetivas 1 268 1 2967,	
utilizado 2 268 2 1631,3402,	
producto 4 268 4 1627,3037,3149,3391,	
radiografía 1 268 1 1619,	
asociado 2 268 2 1608,2223,	
shock 1 268 1 1976,	
restringido 1 268 1 1602,	
embarazo 3 268 3 1599,1614,1634,	
iopentol 15 268 15 1594,2580,2627,2655,2741,2771,2787,2816,2832,2841,2881,2890,2905,2924,3012,	
teratogenicidad 1 268 1 1591,	
fecundidad 1 268 1 1589,	
revelado 2 268 2 1585,2872,	
animales 2 268 2 1582,2895,	
Aunque 1 268 1 1578,	
raro 1 268 1 2130,	
lactancia 2 268 2 1577,1668,	
Embarazo 1 268 1 1575,	
cortical 1 268 1 2229,	
día 3 268 3 1570,2216,3497,	
calcio 1 268 1 1557,	
cobre 1 268 1 1556,	
hierro 1 268 1 1555,	
ej 1 268 1 1554,	
(p 1 268 1 1553,	
inorgánicas 1 268 1 1552,	
visible 1 268 1 2208,	
sustancias 3 268 3 1551,1564,3061,	
generalmente 1 268 1 1764,	
proteínas 1 268 1 1549,	
bilirrubina 1 268 1 1548,	
laboratorio 2 268 2 1545,2607,	
off"" 1 268 1 3361,	
orina 2 268 2 1538,2747,	
suero 1 268 1 1535,	
perros 1 268 1 2824,	
concentraciones 2 268 2 1528,2076,	
reducida 2 268 2 1522,2973,	
quedar 1 268 1 1521,	
iodo 1 268 1 1519,	
fijar 1 268 1 1518,	
capacidad 3 268 3 1514,1692,1705,	
tiroidea 1 268 1 1510,	
pruebas 3 268 3 1507,1543,2811,	
interferir 2 268 2 1504,1540,	
Todos 1 268 1 1497,	
bioquímicos 2 268 2 2569,2911,	
semanas 2 268 2 1492,1525,	
interleuquina-2 1 268 1 1487,	
cutáneas) 1 268 1 1482,	
gripales 1 268 1 1479,	
parecidos 1 268 1 1476,	
(síntomas 1 268 1 1475,	
tardías 1 268 1 1474,	
aumento 2 268 2 1468,2106,	
empleo) 1 268 1 1463,	
apartado 1 268 1 1455,	
periférica 2 268 2 2090,2942,	
tomando 1 268 1 1452,	
estén 1 268 1 1451,	
precipitar 1 268 1 1443,	
trastorno 1 268 1 1434,	
ocasionar 1 268 1 1432,	
interacción 1 268 1 1424,	
formas 1 268 1 1422,	
medicamentos 2 268 2 1419,3621,	
Interacción 1 268 1 1415,	
posteriores 1 268 1 1411,	
días 3 268 3 1410,1891,2493,	
ocurrir 3 268 3 1405,1925,2134,	
experiencia 1 268 1 1397,	
ocurren 3 268 3 1390,2029,2273,	
mayoría 2 268 2 1384,2564,	
minutos 1 268 1 1379,	
30 1 268 1 1378,	
Después 1 268 1 1362,	
Tiempo 1 268 1 1359,	
compartimental 1 268 1 1358,	
síndrome 1 268 1 1357,	
quirúrgica 1 268 1 1353,	
descompresión 1 268 1 1352,	
necesaria 1 268 1 1350,	
Puede 3 268 3 1348,1903,2247,	
afectado 1 268 1 1347,	
lugar 2 268 2 1346,2050,	
enfriamiento 1 268 1 1344,	
elevación 2 268 2 1341,2296,	
recomiendan 1 268 1 1339,	
rutinarias 1 268 1 1337,	
Como 2 268 2 1335,3367,	
tisular 1 268 1 1334,	
necrosis 1 268 1 1333,	
inflamación 1 268 1 1330,	
mezclado 1 268 1 3057,	
observado 3 268 3 1329,1374,1466,	
fracaso 1 268 1 2126,	
10) 1 268 1 2095,	
han 11 268 11 1328,1584,1895,2143,2326,2697,2738,2775,2871,2896,2925,	
secuelas 1 268 1 1324,	
desaparece 1 268 1 1322,	
normalmente 3 268 3 1321,1864,2121,	
edema 3 268 3 1318,1912,1916,	
local 2 268 2 1316,2839,	
dolor 4 268 4 1315,2097,2345,2359,	
raras 12 268 12 1310,1797,1825,1856,1862,1920,2003,2171,2183,2235,2288,2303,	
ocurre 1 268 1 1308,	
extravasación 1 268 1 1302,	
reciban 1 268 1 1297,	
prematuros 1 268 1 1295,	
transitorio 5 268 5 1292,1435,1815,2107,2348,	
inducir 1 268 1 1290,	
alerta 1 268 1 1285,	
También 2 268 2 1281,2324,	
inyección 9 268 9 1275,1414,1887,2052,2153,2577,2598,2667,3033,	
correr 1 268 1 1267,	
multinodular 1 268 1 1265,	
bocio 1 268 1 1264,	
hipertiroidismo 2 268 2 1260,1272,	
hipertensiva 1 268 1 1252,	
crisis 1 268 1 1251,	
evitar 1 268 1 1249,	
profilaxis 1 268 1 1247,	
bloqueantes 1 268 1 1245,	
alfa 1 268 1 1244,	
administrarse 1 268 1 1243,	
intervencionistas 1 268 1 1241,	
sometidos 1 268 1 1238,	
incremento 1 268 1 2317,	
feocromocitoma 1 268 1 1237,	
miastenia 1 268 1 1232,	
agravar 1 268 1 1228,	
inmediatamente 4 268 4 1218,1883,1957,3398,	
diálisis 1 268 1 1217,	
realice 1 268 1 1215,	
recibir 1 268 1 1205,	
hemodiálisis 2 268 2 1203,2523,	
aclaramiento 1 268 1 1195,	
significativamente 1 268 1 1193,	
retrasado 1 268 1 1192,	
haber 1 268 1 1191,	
hepática 1 268 1 1186,	
funciones 1 268 1 1183,	
farmacocinéticas 1 268 1 2620,	
ambas 1 268 1 1182,	
severa 1 268 1 1180,	
alteración 1 268 1 1179,	
debe 11 268 11 1171,1600,1629,1955,2373,2475,2487,3055,3100,3119,3468,	
síntomas 5 268 5 1166,1230,1868,1936,1988,	
posibles 1 268 1 1165,	
observación 2 268 2 1163,1361,	
maquinaria 1 268 1 1698,	
monitorizada 2 268 2 1160,2489,	
hidratado 1 268 1 1156,	
mantendrá 1 268 1 1155,	
medicación 1 268 1 1149,	
suspenderá 1 268 1 1147,	
cuenta 1 268 1 1143,	
tendrán 1 268 1 1141,	
riesgo/beneficio 1 268 1 1131,	
evaluar 1 268 1 1129,	
médico 1 268 1 1127,	
>1 2 268 2 1830,2094,	
desconozca 1 268 1 1125,	
esté 1 268 1 1121,	
emergencia 1 268 1 1116,	
muestra 2 268 2 1111,1398,	
Generales 1 268 1 1715,	
restaurará 1 268 1 1101,	
Únicamente 1 268 1 1099,	
pospondrá 1 268 1 1096,	
alterada 3 268 3 1080,1122,2876,	
Sobredosis 1 268 1 2379,	
Función 1 268 1 1078,	
horas 6 268 6 1068,1098,1408,1687,2643,2677,	
48 2 268 2 1067,1097,	
reanudará 1 268 1 1065,	
momento 1 268 1 1054,	
suspenderse 1 268 1 1047,	
normal 5 268 5 1045,1077,2419,2649,2683,	
Creatinina 1 268 1 1044,	
intravascular 6 268 6 1037,1968,2015,2033,2406,2933,	
posibilidad 2 268 2 1288,2369,	
metformina 6 268 6 1032,1051,1084,1105,1151,1453,	
tratados 3 268 3 1030,1485,1972,	
diabéticos 2 268 2 1029,1449,	
sérica 2 268 2 1026,2111,	
creatinina 2 268 2 1025,2110,	
nivel 2 268 2 1023,2397,	
medirse 1 268 1 1021,	
sufrir 1 268 1 1472,	
láctica 3 268 3 1019,1169,1446,	
acidosis 3 268 3 1018,1168,1445,	
previos 2 268 2 1012,2595,	
niveles 2 268 2 1011,2299,	
función 12 268 12 1007,1074,1108,1119,1158,1438,1509,2241,2417,2485,2647,2681,	
repetida 1 268 1 999,	
exploración 7 268 7 998,1015,1090,1134,1496,2220,2361,	
cefalea 1 268 1 1845,	
debida 1 268 1 1592,	
Posponer 1 268 1 996,	
cirugía 1 268 1 984,	
angioplastia 1 268 1 980,	
arterial 3 268 3 979,981,2148,	
compresión 1 268 1 978,	
orales 1 268 1 977,	
notificado 2 268 2 1896,2144,	
colecistográficos 1 268 1 976,	
agentes 1 268 1 975,	
nefrotóxicos 1 268 1 974,	
debido 5 268 5 971,1380,1616,2500,2879,	
sobrecarga 1 268 1 967,	
Evitar 1 268 1 966,	
demostradas 1 268 1 2891,	
riñones 3 268 3 964,970,2637,	
aclarado 2 268 2 961,994,	
sido 3 268 3 960,993,2897,	
haya 2 268 2 959,992,	
v 1 268 1 948,	
infusión 12 268 12 946,3180,3190,3213,3235,3245,3267,3276,3286,3300,3309,3319,	
manteniendo 1 268 1 944,	
necesario 2 268 2 943,1961,	
Si 1 268 1 941,	
Asegurar 1 268 1 937,	
alto 1 268 1 934,	
Identificación 1 268 1 929,	
preventivas 1 268 1 926,	
medidas 2 268 2 925,1336,	
grupo 1 268 1 921,	
Waldenström) 1 268 1 917,	
macroglobulinemia 1 268 1 915,	
(mielomatosis 1 268 1 913,	
paraproteinemias 1 268 1 912,	
preexistente 1 268 1 899,	
insuficiencia 2 268 2 897,2503,	
prestarse 1 268 1 891,	
agudo 1 268 1 882,	
fallo 1 268 1 880,	
mayor 3 268 3 871,985,1606,	
drogas 1 268 1 866,	
adictos 1 268 1 863,	
alcohólicos 1 268 1 860,	
merecen 1 268 1 855,	
predispuestos 1 268 1 851,	
están 3 268 3 850,3325,3405,	
epilepsia 1 268 1 849,	
tumores 1 268 1 845,	
aguda 2 268 2 844,2712,	
fosfato) 1 268 1 1559,	
cerebral 3 268 3 843,2204,2941,	
patología 1 268 1 842,	
hipotiroidismo 1 268 1 1291,	
arritmias 2 268 2 839,2237,	
hemodinámicos 4 268 4 837,2568,2820,2908,	
cambios 3 268 3 836,1112,2601,	
desarrollar 2 268 2 835,1271,	
pulmonar 2 268 2 831,1917,	
hipertensión 3 268 3 830,1853,2249,	
cardíacas 2 268 2 827,2232,	
tiroides 1 268 1 1516,	
enfermedades 1 268 1 826,	
tenerse 2 268 2 820,1254,	
hemodinámicas 1 268 1 818,	
alteraciones 3 268 3 817,1586,2176,	
electrolíticos 1 268 1 815,	
trastornos 2 268 2 814,1850,	
padecer 1 268 1 813,	
susceptibles 1 268 1 811,	
suspendida 1 268 1 1087,	
neonatos 1 268 1 809,	
especialmente 1 268 1 807,	
año) 1 268 1 805,	
(edad 1 268 1 802,	
ancianos 1 268 1 799,	
bebés 3 268 3 795,801,1294,	
renal 20 268 20 790,881,898,982,1008,1075,1079,1109,1120,1159,1184,1439,2127,2308,2418,2429,2486,2504,2648,2682,	
mellitus 2 268 2 788,902,	
diabetes 2 268 2 787,901,	
múltiple 1 268 1 786,	
mieloma 1 268 1 785,	
pacientes 24 268 24 783,824,895,906,910,932,1028,1177,1201,1235,1258,1262,1448,1484,1971,1985,2136,2414,2496,2507,2534,2645,2679,2969,	
Especialmente 1 268 1 781,	
Deberá 4 268 4 766,819,1046,1253,	
embolia 1 268 1 761,	
trombosis 2 268 2 759,2253,	
minimizar 1 268 1 755,	
heparinizada 1 268 1 751,	
salina 1 268 1 750,	
(HSG) 1 268 1 2341,	
(con 1 268 1 748,	
eliminación 3 268 3 2498,2527,2672,	
frecuentemente 1 268 1 745,	
i 1 268 1 947,	
lavar 1 268 1 744,	
así 3 268 3 742,791,1788,	
angiográfica 1 268 1 741,	
meticulosa 1 268 1 736,	
yodado 1 268 1 1043,	
prestar 1 268 1 734,	
vascular 1 268 1 731,	
procedimientos 6 268 6 728,1210,1240,1727,2063,2452,	
hora 1 268 1 2663,	
realizan 1 268 1 727,	
Cuando 2 268 2 725,3498,	
iónicos 5 268 5 724,1784,2809,2860,2980,	
acumulación 1 268 1 2767,	
vitro"" 1 268 1 718,	
""in 1 268 1 717,	
coagulación 2 268 2 716,2572,	
sistema 1 268 1 714,	
menor 2 268 2 710,2750,	
poseen 1 268 1 708,	
completo 1 268 1 702,	
procedimiento 5 268 5 700,765,952,2425,3448,	
durante 12 268 12 698,1375,1488,1523,1597,1612,1632,2030,2044,2274,2490,3153,	
rápido 1 268 1 697,	
acceso 1 268 1 695,	
931 1 268 1 3590,	
prevenir 2 268 2 878,1017,	
catéter 2 268 2 693,747,	
utilizar 4 268 4 691,1697,1707,3101,	
Se 5 268 5 688,1170,1464,1894,2833,	
grave 3 268 3 687,1233,1948,	
experimentos 1 268 1 2893,	
laríngeo 1 268 1 1913,	
reacción 4 268 4 686,1800,1947,1999,	
ocurriese 1 268 1 684,	
caso 2 268 2 681,1960,	
inmediato 1 268 1 679,	
tratamiento 1 268 1 678,	
adecuado 1 268 1 675,	
equipo 1 268 1 674,	
fármacos 2 268 2 671,973,	
disponerse 1 268 1 668,	
deberá 12 268 12 667,733,890,1020,1085,1128,1283,1372,1669,1680,3374,3392,	
Por 2 268 2 664,1560,	
hipersensibilidad 5 268 5 663,1403,1860,1939,2285,	
manifestaciones 2 268 2 661,1909,	
u 1 268 1 659,	
anafilactoides 2 268 2 658,1923,	
provocar 3 268 3 656,1314,2162,	
embargo 5 268 5 649,1326,1395,2132,3052,	
Sin 4 268 4 648,1325,1394,3051,	
mínimo 2 268 2 647,1604,	
considera 2 268 2 646,2917,	
múltiples 1 268 1 2462,	
relacionadas 2 268 2 639,762,	
riesgo 12 268 12 635,757,870,908,923,935,1269,1470,1607,1642,2138,2319,	
El 9 268 9 634,1425,1605,1626,2125,2146,3034,3148,3390,	
casos 7 268 7 633,1114,1355,1791,2328,2376,2471,	
considerada 1 268 1 630,	
H1 1 268 1 625,	
antihistamínicos 1 268 1 624,	
corticosteroides 1 268 1 622,	
premedicación 1 268 1 620,	
Adversas) 1 268 1 618,	
Reacciones 2 268 2 617,1713,	
(ver 2 268 2 616,1454,	
especial 6 268 6 615,821,858,892,1175,1255,	
cuidado 6 268 6 614,822,857,893,1174,1256,	
necesidad 1 268 1 611,	
recomienda 1 268 1 689,	
indica 1 268 1 609,	
adversas 8 268 8 603,1388,1714,1722,1754,2027,2041,2271,	
fallecimientos 1 268 1 2145,	
asma 1 268 1 600,	
alergia 1 268 1 599,	
positivo 1 268 1 597,	
historial 2 268 2 596,847,	
Un 1 268 1 595,	
monoméricos 3 268 3 592,2728,2979,	
FECHA 2 268 2 3592,3603,	
no-iónicos 6 268 6 591,707,1780,2729,2800,2991,	
Precauciones 2 268 2 583,3114,	
especiales 4 268 4 580,584,1461,3115,	
Advertencias 2 268 2 577,1458,	
graves 7 268 7 572,638,828,1389,1787,1900,1910,	
leve 2 268 2 1808,2346,	
reacciones 24 268 24 571,602,637,657,875,1387,1401,1473,1481,1721,1753,1786,1818,1843,1858,1897,1922,2007,2026,2040,2167,2270,2283,2966,	
disfunción 1 268 1 789,	
Antecedentes 1 268 1 569,	
manifiesta 1 268 1 568,	
Tirotoxicosis 1 268 1 567,	
Contraindicaciones 1 268 1 566,	
Uso 4 268 4 563,2014,2260,2333,	
- 6 268 6 562,928,936,965,995,2441,	
Gastrointestinales 1 268 1 561,	
Estudios 1 268 1 560,	
CPER 3 268 3 559,2311,2323,	
10-20 1 268 1 556,	
Cavidades 3 268 3 547,2262,2278,	
dependiendo 1 268 1 543,	
4-8 1 268 1 536,	
coronaria 1 268 1 531,	
30-60 1 268 1 528,	
aórtico 1 268 1 524,	
cayado 1 268 1 523,	
AMERSHAM 1 268 1 3524,	
cateterización 1 268 1 730,	
ventrículo 1 268 1 520,	
Inyección 1 268 1 518,	
30-50 1 268 1 513,	
­ 1 268 1 3041,	
Femoral 1 268 1 509,	
40-60 1 268 1 507,	
selectiva 2 268 2 497,532,	
pH 2 268 2 3029,3035,	
Cerebral 1 268 1 496,	
30-40 1 268 1 494,	
arco 1 268 1 490,	
Aortografía 2 268 2 488,503,	
Arteriografías 1 268 1 487,	
Intra-arterial 1 268 1 482,	
1-2 1 268 1 472,	
aparece 1 268 1 2656,	
años 3 268 3 458,468,3080,	
total 2 268 2 451,476,	
Cantidad 2 268 2 450,475,	
Prospectos 1 268 1 3619,	
50-150 1 268 1 448,	
(Tomografía 1 268 1 441,	
(pierna) 1 268 1 434,	
ml/pierna 1 268 1 432,	
20-100 1 268 1 431,	
S 1 268 1 3526,	
5-2 1 268 1 426,	
> 3 268 3 419,462,466,	
ml/kg 4 268 4 418,427,465,474,	
año 2 268 2 413,421,	
depresión 1 268 1 2238,	
< 3 268 3 411,456,803,	
altas 3 268 3 408,1527,2439,	
usarse 1 268 1 405,	
40-80 1 268 1 403,	
adultos 3 268 3 399,444,517,	
H2 1 268 1 627,	
alta 1 268 1 396,	
urografía 2 268 2 394,2935,	
En 13 268 13 393,1113,1234,1969,2001,2058,2087,2181,2302,2470,2495,2562,2996,	
rápidamente 1 268 1 2520,	
Comentarios 3 268 3 392,486,552,	
Volumen 3 268 3 391,485,551,	
Indicación 3 268 3 389,483,549,	
Intravenoso 1 268 1 388,	
Orientaciones 3 268 3 385,479,545,	
guía 1 268 1 384,	
servir 1 268 1 382,	
Las 13 268 13 378,924,1526,1752,1785,1817,1857,1908,1921,2166,2230,2282,2810,	
elevada 1 268 1 2468,	
pequeños 3 268 3 377,797,3506,	
niños 6 268 6 376,410,455,539,796,2456,	
utilizarse 5 268 5 374,3064,3436,3446,3503,	
mínimos 1 268 1 2609,	
ejemplo) 1 268 1 753,	
deberán 5 268 5 373,1242,1566,1746,3435,	
/bomba 4 268 4 371,3424,3464,3516,	
valoradas 1 268 1 1568,	
automático 4 268 4 370,3423,3463,3515,	
sensación 2 268 2 1806,2100,	
inyector 4 268 4 369,3422,3462,3514,	
corporales 2 268 2 367,548,	
cavidades 1 268 1 366,	
intra-arterial 1 268 1 361,	
intravenoso 2 268 2 360,696,	
Para 5 268 5 358,877,1016,1735,2524,	
sucede 1 268 1 352,	
adecuada 3 268 3 344,770,940,	
hidratación 3 268 3 343,769,939,	
asegurarse 2 268 2 341,767,	
Debe 2 268 2 340,3445,	
actualmente 2 268 2 337,2981,	
yodados 8 268 8 336,608,654,1226,1280,1502,1762,2119,	
radiológicos 2 268 2 335,1211,	
medios 23 268 23 332,355,588,605,651,704,721,1206,1223,1277,1298,1305,1428,1499,1759,1777,2116,2725,2797,2859,2978,2988,3000,	
volumen 2 268 2 326,3444,	
concentración 3 268 3 324,2469,2651,	
Comúnmente 1 268 1 319,	
utilizada 2 268 2 318,3481,	
técnica 2 268 2 317,740,	
paciente 5 268 5 315,1153,1371,3467,3473,	
ataques 3 268 3 853,873,2174,	
general 3 268 3 313,594,1807,	
cardíaco 1 268 1 310,	
gasto 1 268 1 309,	
edad 1 268 1 307,	
examen 2 268 2 306,1572,	
tipo 2 268 2 304,3359,	
depende 2 268 2 302,2048,	
radiográfico 1 268 1 701,	
dosis 8 268 8 301,380,406,1929,2056,2400,2438,2511,	
náuseas 1 268 1 1821,	
La 24 268 24 300,619,1081,1220,1301,1667,1699,1799,1949,2036,2250,2362,2368,2407,2444,2484,2650,2668,2684,2882,2902,2963,3075,3453,	
x 5 268 5 3550,3559,3568,3577,3586,	
efecto 1 268 1 711,	
administración 16 268 16 299,350,776,885,1036,1049,1057,1082,1103,1221,1365,1675,1744,1933,1950,2114,	
forma 3 268 3 297,1742,1931,	
Posología 1 268 1 295,	
diagnóstico 1 268 1 294,	
izq 1 268 1 521,	
únicamente 1 268 1 291,	
12% 1 268 1 2756,	
Este 2 268 2 288,3096,	
oral 4 268 4 284,564,2334,2959,	
utiliza 2 268 2 279,2432,	
5-10 1 268 1 501,	
gastrointestinales 4 268 4 274,1819,2339,2953,	
estudios 8 268 8 273,1580,2731,2779,2863,2900,2922,2952,	
Histerosalpingografía 3 268 3 271,565,2340,	
(CPER) 3 268 3 270,2292,2949,	
retrógrada 1 268 1 269,	
endoscópica 2 268 2 268,2947,	
Colangiopancreatografía 2 268 2 267,2289,	
Artrografía 3 268 3 265,558,2355,	
computarizada) 2 268 2 264,442,	
neurológicas 2 268 2 876,2168,	
Tomografía 1 268 1 263,	
= 1 268 1 262,	
(TC 1 268 1 261,	
TC 4 268 4 258,438,2213,2936,	
captación 1 268 1 2196,	
Flebografía 2 268 2 257,433,	
Urografía 2 268 2 256,397,	
iohexol 1 268 1 2802,	
Arteriografía 2 268 2 255,530,	
Medio 1 268 1 250,	
Indicaciones 1 268 1 249,	
vértigo 1 268 1 1846,	
CLÍNICOS 1 268 1 248,	
DATOS 2 268 2 247,3014,	
incolora 1 268 1 246,	
e 7 268 7 245,829,1331,1852,2018,3333,3382,	
clara 1 268 1 244,	
Solución 6 268 6 236,3170,3194,3217,3249,3290,	
FARMACÉUTICA 1 268 1 235,	
FORMA 1 268 1 234,	
excipientes 2 268 2 230,3020,	
osmométrica 1 268 1 227,	
Vapor-presión 1 268 1 226,	
Lista 2 268 2 228,3018,	
Método 1 268 1 225,	
0 2 268 2 223,3040,	
12 2 268 2 222,3531,	
26 1 268 1 220,	
incluyen 2 268 2 927,1730,	
810 1 268 1 219,	
5 7 268 7 215,464,473,2547,2617,2700,3164,	
6 13 268 13 214,221,232,1574,3013,3016,3043,3044,3070,3112,3163,3362,3363,	
13 1 268 1 212,	
atípicos 1 268 1 1989,	
640 1 268 1 211,	
9 2 268 2 207,3591,	
3 5 268 5 206,417,2492,2701,3071,	
520 1 268 1 203,	
8 3 268 3 199,1712,3539,	
410 1 268 1 195,	
7 6 268 6 189,191,204,3039,3042,3517,	
310 1 268 1 187,	
s) 1 268 1 183,	
visuales 1 268 1 1851,	
(mPa 1 268 1 182,	
(inferior 1 268 1 2692,	
Viscosidad 1 268 1 181,	
Osmolalidad* 1 268 1 180,	
Concentración 4 268 4 179,390,484,550,	
siguientes 3 268 3 178,379,2494,	
son 12 268 12 176,810,905,919,1763,1824,1854,1861,1918,2169,2233,2287,	
viscosidad 1 268 1 175,	
osmolalidad 1 268 1 173,	
valores 3 268 3 171,2594,2718,	
Los 18 268 18 170,368,703,800,859,909,1200,1261,2380,2599,2730,2778,2862,2921,3136,3323,3403,3425,	
o 27 268 27 601,623,760,838,846,983,1070,1123,1409,1480,1550,1590,1811,1822,1870,1888,1906,1915,2099,2159,2175,2178,2227,2243,2254,2482,2877,	
anhidra 1 268 1 169,	
base 1 268 1 168,	
Calculado 1 268 1 166,	
sea 4 268 4 1076,1644,1665,3499,	
* 2 268 2 165,224,	
ejemplo 1 268 1 2993,	
658 1 268 1 154,	
548 1 268 1 140,	
438 1 268 1 126,	
equiv 4 268 4 114,128,142,156,	
329 1 268 1 112,	
) 5 268 5 108,122,136,150,164,	
I 9 268 9 107,117,121,131,135,145,149,159,163,	
C 7 268 7 106,120,134,148,162,3127,3158,	
(D 5 268 5 105,119,133,147,161,	
Iopentol* 5 268 5 104,118,132,146,160,	
ml 24 268 24 103,404,449,557,3183,3193,3206,3216,3229,3238,3248,3261,3270,3279,3289,3303,3312,3322,3433,3552,3561,3570,3579,3588,	
Contenido 1 268 1 101,	
Actividad 1 268 1 100,	
activos 1 268 1 99,	
Principios 1 268 1 98,	
composición 1 268 1 97,	
siguiente 2 268 2 96,2217,	
estéril 2 268 2 93,243,	
listo 1 268 1 87,	
suministrado 1 268 1 86,	
electrolitos 1 268 1 2483,	
IOPENTOL 1 268 1 84,	
6%) 1 268 1 83,	
45 1 268 1 82,	
yodo 4 268 4 81,328,453,478,	
(contenido 1 268 1 79,	
835 1 268 1 78,	
molecular 1 268 1 76,	
peso 2 268 2 75,308,	
agua 5 268 5 72,287,2481,2962,3031,	
soluble 3 268 3 70,285,2960,	
iónico 1 268 1 68,	
no- 1 268 1 67,	
Cardioangiografía 2 268 2 266,515,	
triyodado 1 268 1 66,	
monomérico 1 268 1 65,	
después 11 268 11 347,773,1069,1219,1688,1884,2450,2574,2664,3102,3470,	
radiológico 2 268 2 64,253,	
puesto 2 268 2 903,1187,	
ml/iny 6 268 6 495,502,508,514,529,537,	
contraste 52 268 52 63,252,260,283,334,357,440,590,607,653,706,723,780,889,958,991,1003,1042,1061,1094,1138,1199,1208,1225,1279,1300,1307,1369,1430,1501,1532,1625,1761,1779,1954,2070,2118,2188,2200,2436,2466,2516,2532,2727,2799,2932,2938,2958,2990,3002,3430,3479,	
medio 27 268 27 61,281,778,887,956,989,1001,1040,1059,1092,1136,1197,1367,1530,1623,1952,2068,2186,2198,2434,2464,2514,2530,2930,2956,3428,3477,	
6-triyodisoftalmida 1 268 1 58,	
4 9 268 9 57,196,575,576,1456,1457,1573,1711,3113,	
2 13 268 13 56,188,198,213,457,463,467,1491,2442,2618,2676,2758,3045,	
HEALTH 1 268 1 3525,	
3-dihidroxipropilo)-5-[N-2(-hidroxi-3-metoxipropilo)-acetamida]- 1 268 1 55,	
Pacientes 1 268 1 840,	
N'bis(2 1 268 1 54,	
N 1 268 1 53,	
Iopentol 1 268 1 52,	
CUANTITATIVA 1 268 1 51,	
Y 1 268 1 50,	
CUALITATIVA 1 268 1 49,	
COMPOSICIÓN 1 268 1 48,	
350 6 268 6 43,216,525,533,3293,3582,	
<1 2 268 2 1827,1840,	
300 17 268 17 37,151,157,208,400,414,422,445,459,469,491,498,504,540,553,3252,3573,	
927 1 268 1 3554,	
250 7 268 7 31,137,143,200,435,3220,3564,	
luz 2 268 2 3095,3131,	
200 7 268 7 25,123,129,192,428,3197,3555,	
precauciones 3 268 3 579,1145,1460,	
inyectable 13 268 13 23,29,35,41,47,237,242,3083,3171,3195,3218,3250,3291,	
solución 8 268 8 22,28,34,40,46,92,241,749,	
I/ml 40 268 40 21,27,33,39,45,111,125,139,153,186,194,202,210,218,402,416,424,430,437,447,461,471,493,500,506,512,527,535,542,555,3175,3199,3222,3254,3295,3548,3557,3566,3575,3584,	
mg 48 268 48 20,26,32,38,44,110,113,116,124,127,130,138,141,144,152,155,158,185,193,201,209,217,401,415,423,429,436,446,460,470,492,499,505,511,526,534,541,554,3174,3198,3221,3253,3294,3547,3556,3565,3574,3583,	
150 7 268 7 19,109,115,184,510,3173,3546,	
MEDICAMENTO 1 268 1 17,	
DEL 2 268 2 16,3607,	
vuelva 1 268 1 1009,	
NOMBRE 1 268 1 15,	
ocasiones 5 268 5 1311,1798,2004,2184,2304,	
información 1 268 1 12,	
Toda 1 268 1 10,	
medicamento 4 268 4 9,14,289,3097,	
idoneidad 1 268 1 2928,	
Basica 1 268 1 7,	
	"Información 1 268 1 6,	
20ML 1 268 1 5,	
ENVASE 2 268 2 4,3617,	
atención 1 268 1 737,	
1 19 268 19 3,190,197,205,233,412,420,425,804,2548,2662,3017,3154,3549,3558,3567,3576,3585,3616,	
I/ML 2 268 2 2,3615,	
200MG 2 268 2 1,3614,	
IMAGOPAQUE 22 268 22 0,18,24,30,36,42,238,574,644,1677,1702,1734,2035,2281,2390,2688,2706,3053,3082,3118,3373,3613,	
