	Prospectos 1 453 1 9715,	
terminal 1 453 1 9606,	
fase 1 453 1 9605,	
detectó 1 453 1 9577,	
raza 1 453 1 9522,	
comparable 1 453 1 9502,	
tolerados 1 453 1 8664,	
22 1 453 1 7948,	
desintegrarlo 1 453 1 7908,	
colocado 1 453 1 7683,	
" 1 453 1 7629,	
""K"" 1 453 1 7628,	
lado 1 453 1 7625,	
marcados 1 453 1 7622,	
moteados 1 453 1 7621,	
redondos 1 453 1 7620,	
plana 1 453 1 7619,	
Comprimidos 1 453 1 7612,	
bucodispersables 7 453 7 7578,7724,7983,8021,8661,8679,8712,	
	EU/1/00/161/022-034 1 453 1 7508,	
incorporada 1 453 1 7427,	
polivinilo 1 453 1 7414,	
Tutti-Frutti 1 453 1 7348,	
sabor 1 453 1 7346,	
(E464)) 1 453 1 7345,	
(E172) 1 453 1 7342,	
rojo 2 453 2 7341,7615,	
hierro 1 453 1 7340,	
óxido 1 453 1 7338,	
(contiene 1 453 1 7337,	
Opatint 1 453 1 7335,	
Colorante 1 453 1 7334,	
polacrilina 1 453 1 7331,	
(E951) 1 453 1 7330,	
manitol 1 453 1 7328,	
gelatina 1 453 1 7327,	
evaluó 1 453 1 7288,	
hamster 1 453 1 7277,	
bolsa 1 453 1 7273,	
membrana 2 453 2 7269,7301,	
irritación 2 453 2 7266,7298,	
probó 1 453 1 7261,	
rápida 2 453 2 7259,7293,	
disolución 2 453 2 7258,7292,	
significativo 2 453 2 7253,7285,	
local 2 453 2 7252,7284,	
irritante 2 453 2 7251,7283,	
3-OH- 1 453 1 7141,	
Tmax 2 453 2 7128,7139,	
prolongó 1 453 1 7126,	
influyó 1 453 1 7110,	
cruzados 2 453 2 7090,9712,	
correspondió 2 453 2 6868,9436,	
administrados 2 453 2 6284,8852,	
aumento 2 453 2 6269,8837,	
convencional 2 453 2 6130,8693,	
bioequivalente 2 453 2 6124,8682,	
resultó 2 453 2 6122,8680,	
intervalos 2 453 2 6112,8655,	
hallazgos 2 453 2 6101,8644,	
documentó 2 453 2 6098,8641,	
fenilcetonuria 2 453 2 5532,8030,	
perjudicial 2 453 2 5528,8026,	
fenilalanina 3 453 3 5524,8010,8023,	
aspartamo 3 453 3 5515,5519,7329,	
75 1 453 1 5512,	
pronto 2 453 2 5449,7939,	
Debe 2 453 2 5444,7934,	
ingerir 2 453 2 5441,7931,	
inmediatamente 2 453 2 5432,7922,	
desintegrarla 1 453 1 5423,	
extrae 2 453 2 5416,7903,	
cuidadosamente 2 453 2 5411,7898,	
despegando 2 453 2 5410,7897,	
abre 2 453 2 5409,7896,	
utilización 2 453 2 5407,7894,	
Inmediatamente 2 453 2 5403,7890,	
líquido 3 453 3 5274,5439,7929,	
u 3 453 3 5272,5437,7927,	
necesita 3 453 3 5270,5435,7925,	
dispersa 3 453 3 5266,5431,7921,	
colocada 1 453 1 5231,	
	Liofilizado 1 453 1 5177,	
liofilizado 14 453 14 5145,5156,5229,5263,5420,6089,6120,6143,7096,7121,7383,7467,8632,8699,	
	EU/1/00/161/014-021 1 453 1 5077,	
calibrada 1 453 1 5030,	
rígida 1 453 1 5029,	
poliestireno 1 453 1 5026,	
potásica 1 453 1 7332,	
cucharilla 1 453 1 5022,	
incluye 1 453 1 5020,	
producto 2 453 2 5018,5509,	
superficie 2 453 2 5014,7618,	
LDPE 1 453 1 5011,	
(PvDC) 1 453 1 5009,	
polivinilideno 1 453 1 5008,	
(EVA) 1 453 1 5004,	
etilenevinilacetato 1 453 1 5003,	
espuma 1 453 1 5000,	
Polietileno 1 453 1 4995,	
tapones 1 453 1 4990,	
prueba 1 453 1 4986,	
polipropileno 1 453 1 4984,	
tapón 1 453 1 4982,	
cerrados 1 453 1 4979,	
III 1 453 1 4978,	
tipo 1 453 1 4977,	
ambar 1 453 1 4976,	
vidrio 1 453 1 4975,	
300 1 453 1 4972,	
225 1 453 1 4970,	
60 1 453 1 4966,	
frascos 1 453 1 4962,	
naranja 1 453 1 4918,	
color 2 453 2 4917,7614,	
(chicle) 1 453 1 4916,	
natural 1 453 1 4913,	
aroma 1 453 1 4912,	
purificada 1 453 1 4910,	
agua 4 453 4 4909,5271,5436,7926,	
disódico 1 453 1 4908,	
edetato 1 453 1 4907,	
benzoato 1 453 1 4905,	
sódico 2 453 2 4904,4906,	
citrato 1 453 1 4903,	
anhidro 2 453 2 4902,7351,	
cítrico 2 453 2 4901,7350,	
ácido 2 453 2 4900,7349,	
sorbitol 1 453 1 4899,	
Propilenglicol 1 453 1 4898,	
AUC 2 453 2 4662,7116,	
presentaron 1 453 1 4659,	
bioequivalentes 2 453 2 4645,7104,	
formulaciones 3 453 3 4639,7102,8685,	
cruzado 1 453 1 4635,	
(LDPE) 1 453 1 4999,	
trataron 1 453 1 4543,	
120 2 453 2 4527,4968,	
(AUC) 1 453 1 4492,	
diagnosticados 1 453 1 4486,	
parámetros 1 453 1 4458,	
alrededor 3 453 3 4436,4496,4506,	
Cmax 5 453 5 4435,4504,4664,7118,9590,	
Estos 2 453 2 4431,9586,	
resultaron 1 453 1 4425,	
sanos 2 453 2 4422,9575,	
formulación 7 453 7 4416,4471,6127,6151,8229,8719,9569,	
Baja 1 453 1 4997,	
Caucásicos 2 453 2 4396,9532,	
pediátricos) 4 453 4 4393,4402,9529,9538,	
16 2 453 2 4391,9527,	
(18 2 453 2 4388,9524,	
Raza 1 453 1 4386,	
(6 4 453 4 4368,4381,9505,9515,	
fenotipo 2 453 2 4361,9497,	
farmacocinéticos 3 453 3 4343,4459,9480,	
evaluar 1 453 1 4241,	
puntos 1 453 1 4238,	
función 1 453 1 4228,	
mejoría 1 453 1 4184,	
Una 1 453 1 4183,	
excluyeron 1 453 1 4168,	
finalizar 1 453 1 4136,	
(9 1 453 1 3605,	
extrapolarse 1 453 1 3539,	
curso 1 453 1 3509,	
Así 1 453 1 3505,	
adulta 1 453 1 3504,	
poblaciones 3 453 3 3501,4405,9541,	
recomendadas 2 453 2 3486,4655,	
administran 1 453 1 3483,	
ECG 3 453 3 3478,6114,8657,	
vitales 3 453 3 3473,6108,8651,	
signos 3 453 3 3472,6107,8650,	
análisis 1 453 1 3470,	
instantáneamente 1 453 1 5267,	
informes 1 453 1 3467,	
tolerado 3 453 3 3464,6093,8636,	
edad) 2 453 2 3448,3459,	
(de 2 453 2 3442,3453,	
antihistamínica 1 453 1 3431,	
candidatos 1 453 1 3428,	
pediátricos 8 453 8 3417,3528,3809,4373,4478,4540,4658,9509,	
tres 1 453 1 3415,	
Rojo 1 453 1 7336,	
pediatría 1 453 1 3406,	
independientes 2 453 2 3404,4651,	
investigado 2 453 2 3401,3806,	
incluían 1 453 1 3096,	
serie 3 453 3 3092,4338,9475,	
involucraban 1 453 1 3085,	
A 3 453 3 3077,6115,8671,	
insomnio 1 453 1 3072,	
fiebre 1 453 1 3067,	
(3 1 453 1 3064,	
diarrea 1 453 1 3063,	
23 1 453 1 3049,	
bebés 1 453 1 3040,	
meses 2 453 2 3009,3050,	
comprendidas 2 453 2 3006,3045,	
edades 2 453 2 3005,3044,	
246 1 453 1 3002,	
negra 2 453 2 4387,9523,	
pediátrica 4 453 4 2993,3502,3543,8235,	
alérgicas 1 453 1 2796,	
provocar 1 453 1 2794,	
E110 2 453 2 2791,4919,	
Densidad 1 453 1 4998,	
colorante 1 453 1 2790,	
agente 1 453 1 2789,	
deben 1 453 1 2782,	
isomaltasa 1 453 1 2780,	
sacarasa- 1 453 1 2779,	
deficiencia 1 453 1 2777,	
mala 1 453 1 2771,	
fructosa 1 453 1 2770,	
hereditaria 1 453 1 2767,	
raras 1 453 1 2764,	
alteraciones 1 453 1 2763,	
sorbitol; 1 453 1 2757,	
sacarosa 2 453 2 2755,4911,	
sido 2 453 2 2735,4583,	
alérgica/urticaria 1 453 1 3513,	
< 2 453 2 2728,4576,	
pobres 8 453 8 2679,2709,2727,4428,4477,4539,4575,9583,	
metabolizadores 9 453 9 2678,2708,2718,2726,4427,4476,4538,4574,9582,	
fenotípicamente 1 453 1 2677,	
Aproximadamente 1 453 1 2660,	
adecuadas 2 453 2 2659,4546,	
laboratorio 3 453 3 2656,6103,8646,	
físicos 3 453 3 2652,6106,8649,	
exámenes 3 453 3 2651,6105,8648,	
estructurales 1 453 1 2644,	
anormalidades 1 453 1 2643,	
respiratorio 1 453 1 2639,	
infección 1 453 1 2636,	
considerarse 1 453 1 2632,	
Deben 1 453 1 2631,	
distinto 1 453 1 8257,	
distinguir 1 453 1 2625,	
difícil 1 453 1 2623,	
especialmente 1 453 1 2622,	
diagnóstico 1 453 1 2616,	
(2 5 453 5 2415,3068,3073,4397,9533,	
11 12 453 12 2411,2672,2702,3011,3025,3422,3456,4178,4377,4482,7672,9513,	
25 2 453 2 2398,3440,	
Niños 4 453 4 2388,2407,3418,7668,	
infecciosa 1 453 1 2385,	
apoyen 1 453 1 2379,	
4) 1 453 1 2372,	
infeccioso 1 453 1 2368,	
origen 1 453 1 2367,	
son 5 453 5 2365,2676,2707,2717,3522,	
casos 1 453 1 2355,	
mayoría 1 453 1 2352,	
debe 1 453 1 2346,	
médico 1 453 1 2345,	
tomarse 5 453 5 2316,5278,5445,7765,7935,	
ml 7 453 7 2252,2396,2414,2434,4973,5034,5037,	
jarabe 20 453 20 2245,2254,2402,2420,2439,2598,2696,2724,2995,3036,3397,3411,3802,4473,4571,4643,4682,4958,8231,8249,	
mg/ml 1 453 1 2244,	
0 2 453 2 2242,2256,	
eu/ 3 453 3 2236,5137,7568,	
europa 3 453 3 2235,5136,7567,	
emea 3 453 3 2234,5135,7566,	
//www 3 453 3 2233,5134,7565,	
http 3 453 3 2232,5133,7564,	
(EMEA) 3 453 3 2231,5132,7563,	
Medicamento 3 453 3 2230,5131,7562,	
Agencia 3 453 3 2227,5128,7559,	
web 3 453 3 2224,5125,7556,	
pagina 3 453 3 2223,5124,7555,	
disponible 3 453 3 2220,5121,7552,	
TEXTO 3 453 3 2212,5113,7544,	
REVISIÓN 3 453 3 2210,5111,7542,	
2006 3 453 3 2205,5106,7537,	
revalidación 3 453 3 2200,5101,7532,	
última 3 453 3 2199,5100,7531,	
2001 3 453 3 2195,5096,7527,	
Enero 6 453 6 2193,2203,5094,5104,7525,7535,	
autorización 3 453 3 2190,5091,7522,	
primera 3 453 3 2189,5090,7521,	
Fecha 6 453 6 2186,2196,5087,5097,7518,7528,	
AUTORIZACIÓN/RENOVACIÓN 3 453 3 2182,5083,7514,	
PRIMERA 3 453 3 2181,5082,7513,	
FECHA 6 453 6 2178,2207,5079,5108,7510,7539,	
	EU/1/00/161/001-013 1 453 1 2176,	
NÚMEROS 3 453 3 2171,5072,7503,	
Bélgica 3 453 3 2169,5070,7501,	
Bruxelles 3 453 3 2168,5069,7500,	
B-1180 3 453 3 2167,5068,7499,	
73 3 453 3 2166,5067,7498,	
Europe 3 453 3 2162,5063,7494,	
	SP 3 453 3 2161,5062,7493,	
COMERCIALIZACIÓN 6 453 6 2160,2175,5061,5076,7492,7507,	
AUTORIZACIÓN 9 453 9 2158,2173,2185,5059,5074,5086,7490,7505,7517,	
abra 2 453 2 5452,7942,	
LA 12 453 12 2157,2180,2184,2209,5058,5081,5085,5110,7489,7512,7516,7541,	
tuvieron 1 453 1 4433,	
TITULAR 3 453 3 2155,5056,7487,	
especial 3 453 3 2153,5054,7485,	
envases 3 453 3 2145,5046,7477,	
tamaños 3 453 3 2143,5044,7475,	
comercializados 3 453 3 2141,5042,7473,	
estén 3 453 3 2140,5041,7472,	
estudiada 1 453 1 4584,	
Puede 3 453 3 2137,5038,7469,	
100 3 453 3 2135,4967,7464,	
ó 3 453 3 2134,3449,7463,	
21 2 453 2 2131,7460,	
15 8 453 8 2129,2191,2201,5092,5102,7458,7523,7533,	
10 7 453 7 2127,2206,2433,3492,5107,7456,7538,	
Envases 2 453 2 2120,7449,	
Europea 3 453 3 2228,5129,7560,	
calor 2 453 2 2119,7448,	
medio 2 453 2 2117,7446,	
sella 2 453 2 2115,7444,	
térmico 2 453 2 2106,7435,	
vinílica 2 453 2 2103,7432,	
capa 3 453 3 2102,4993,7431,	
recubierta 2 453 2 2099,7428,	
producto) 4 453 4 2093,2112,7421,7441,	
contacto 5 453 5 2090,2109,5016,7418,7438,	
(superficie 4 453 4 2088,2107,7416,7436,	
Polivinilo 1 453 1 2086,	
(PCTFE)/Cloruro 1 453 1 2084,	
policlorotrifluoroetileno 1 453 1 2083,	
película 2 453 2 2081,7410,	
constan 2 453 2 2078,7407,	
materiales 2 453 2 2075,7404,	
aluminio 4 453 4 2073,2098,7402,7426,	
blister 8 453 8 2068,2077,5413,5454,7397,7406,7900,7944,	
lámina 2 453 2 2066,7395,	
cloruro 2 453 2 5006,7412,	
formado 2 453 2 2063,7392,	
unitaria 2 453 2 2062,7391,	
blisters 2 453 2 2059,7388,	
presenta 3 453 3 2057,4960,7386,	
contenido 3 453 3 2052,4954,7379,	
Naturaleza 3 453 3 2050,4952,7377,	
original 3 453 3 2047,4949,7374,	
Conservar 3 453 3 2043,4945,7370,	
30ºC 2 453 2 2042,4944,	
temperatura 2 453 2 2039,4941,	
conservación 3 453 3 2035,4937,7369,	
Precauciones 6 453 6 2032,2148,4934,5049,7366,7480,	
validez 3 453 3 2027,4929,7361,	
procede 3 453 3 2022,4924,7356,	
Incompatibilidades 3 453 3 2020,4922,7354,	
blanca 1 453 1 2017,	
carnauba 1 453 1 2015,	
cera 2 453 2 2013,2016,	
150 1 453 1 4969,	
400) 1 453 1 2012,	
transparente 2 453 2 2008,5027,	
(E132)) 1 453 1 2006,	
indigotina 1 453 1 2005,	
400 1 453 1 2004,	
macrogol 2 453 2 2003,2011,	
titanio 1 453 1 2002,	
dióxido 1 453 1 2000,	
hipromelosa 3 453 3 1999,2010,7344,	
monohidrato 1 453 1 1998,	
(conteniendo 2 453 2 1996,2009,	
Recubrimiento 1 453 1 1991,	
talco 1 453 1 1990,	
almidón 1 453 1 1987,	
celulosa 1 453 1 1985,	
dihidrato 1 453 1 1984,	
cálcico 1 453 1 1983,	
fosfato 1 453 1 1982,	
hidrógeno 1 453 1 1981,	
Núcleo 1 453 1 1978,	
	6 3 453 3 1973,4893,7322,	
FARMACÉUTICOS 3 453 3 1972,4892,7321,	
carcinogénico 3 453 3 1959,4880,7309,	
potencial 3 453 3 1958,4879,7308,	
ausencia 4 453 4 1956,2634,4877,7306,	
demostró 4 453 4 1954,3413,4875,7304,	
genotoxicidad 3 453 3 1947,4868,7240,	
tenían 1 453 1 9588,	
repetidas 3 453 3 1946,4867,7239,	
convencionales 3 453 3 1938,4859,7231,	
seres 3 453 3 1933,4854,7226,	
riesgos 3 453 3 1929,4850,7222,	
muestran 4 453 4 1928,2683,4849,7221,	
Ninguna 3 453 3 2152,5053,7484,	
datos 8 453 8 1919,2377,3475,3530,4840,6110,7212,8653,	
niveles 3 453 3 1912,4833,7205,	
toxicidad 9 453 9 1906,1943,1949,4827,4864,4870,7199,7236,7242,	
cuantitativas 3 453 3 1901,4822,7194,	
cualitativas 3 453 3 1899,4820,7192,	
hay 4 453 4 1897,2376,4818,7190,	
demostraron 3 453 3 1894,4815,7187,	
cabo 6 453 6 1889,1964,4810,4885,7182,7314,	
llevados 6 453 6 1887,1962,4808,4883,7180,7312,	
primario 3 453 3 1880,4801,7173,	
preclínicos 3 453 3 1872,4793,7165,	
pomelo 3 453 3 1861,4782,7154,	
zumo 3 453 3 1859,4780,7152,	
disponibilidad 5 453 5 1852,1865,4773,4786,7158,	
grasas) 2 453 2 1849,4770,	
Cuando 1 453 1 3481,	
rico 2 453 2 1847,4768,	
calórico 2 453 2 1846,4767,	
altamente 2 453 2 1845,4766,	
(desayuno 2 453 2 1844,4765,	
ningún 2 453 2 1839,4760,	
utilizando 2 453 2 1828,4749,	
P-glicoproteína 4 453 4 1821,4742,7087,9709,	
inhibidor 4 453 4 1818,4739,7084,9706,	
sustrato 4 453 4 1815,4736,7081,9703,	
CYP2D6 4 453 4 1809,4730,7075,9697,	
CYP3A4 4 453 4 1796,4717,7062,9684,	
vivo 4 453 4 1791,4712,7057,9679,	
excluir 4 453 4 1782,4703,7048,9670,	
metabolismo 4 453 4 1771,4692,7037,9659,	
responsable 4 453 4 1769,4690,7035,9657,	
enzima 4 453 4 1768,4689,7034,9656,	
identificado 4 453 4 1766,4687,7032,9654,	
relevante 5 453 5 1757,4623,7023,7113,9645,	
evidencia 4 453 4 1755,4621,7021,9643,	
existe 4 453 4 1754,4620,7020,9642,	
mg) 7 453 7 1749,2399,2417,2436,4615,7015,9637,	
(5 5 453 5 1745,2435,4611,7011,9633,	
proteínas 4 453 4 1733,4595,6999,9621,	
87 4 453 4 1730,4592,6996,9618,	
(83 4 453 4 1727,4589,6993,9615,	
	"Comprimido 1 453 1 7610,	
une 4 453 4 1725,4587,6991,9613,	
diferente 4 453 4 1717,4560,6983,9553,	
perfil 9 453 9 1709,1904,3518,4551,4825,6975,7197,8259,9545,	
89 4 453 4 1706,4454,6972,9609,	
alta 7 453 7 1693,2687,4354,4441,4501,4513,6959,	
étnicos 2 453 2 1682,6948,	
antecedentes 2 453 2 1681,6947,	
variar 2 453 2 1678,6944,	
envase 3 453 3 2054,4956,7381,	
porcentaje 2 453 2 1676,6942,	
pobre 2 453 2 4363,9500,	
Este 6 453 6 1675,2752,2786,5508,6941,8003,	
alcanzó 4 453 4 1669,4350,6935,9487,	
sujetos 12 453 12 1668,4349,4372,4420,4424,4432,4475,4557,6934,9573,9580,9587,	
general 6 453 6 1658,1722,4566,6924,6988,9558,	
población 9 453 9 1657,1721,2992,3542,4564,6923,6987,8234,9557,	
año 1 453 1 2604,	
comparables 5 453 5 1652,1913,4834,6918,7206,	
demográficos 2 453 2 1648,6914,	
farmacocinético 5 453 5 1642,4409,4464,6908,9562,	
proporcional 4 453 4 1626,4323,6892,9460,	
terapia 1 453 1 3430,	
biodisponibilidad 4 453 4 1621,4318,6887,9455,	
frecuencia 4 453 4 1612,4309,6878,9446,	
horas) 4 453 4 1608,4305,6874,9442,	
estudiados 1 453 1 2736,	
(aproximadamente 4 453 4 1606,4303,6872,9440,	
coherente 2 453 2 1602,4299,	
acumulación 8 453 8 1598,1759,4295,4625,6864,7025,9432,9647,	
grado 4 453 4 1596,4293,6862,9430,	
27 8 453 8 1593,1607,4290,4304,6859,6873,9427,9441,	
claro 1 453 1 7616,	
eliminación 11 453 11 1589,1703,2151,4286,4451,4524,5052,6855,6969,7483,9423,	
semivida 13 453 13 1587,1605,1701,4284,4302,4449,4522,6853,6871,6967,9421,9439,9602,	
horas; 4 453 4 1585,4282,6851,9419,	
aproximadamente 17 453 17 1583,1592,1696,1705,4280,4289,4444,4453,4526,6849,6858,6962,6971,9417,9426,9599,9608,	
máxima 6 453 6 1580,1685,4277,6846,6951,9414,	
fuente 1 453 1 5522,	
concentración 10 453 10 1579,1671,1684,4276,4352,6845,6937,6950,9413,9489,	
carrillo 1 453 1 7275,	
minutos 4 453 4 1569,4260,6835,9403,	
30 7 453 7 1568,2132,4259,4964,6834,7461,9402,	
transcurridos 4 453 4 1567,4258,6833,9401,	
detectar 4 453 4 1564,4255,6830,9398,	
ambas 2 453 2 4404,9540,	
farmacocinéticas 4 453 4 1556,4247,6822,9390,	
variables 4 453 4 1552,4243,6818,9386,	
valorar 3 453 3 1550,6816,9384,	
valores 6 453 6 1547,1647,4660,6813,6913,9381,	
cuatro 6 453 6 1546,4237,4423,6812,9380,9579,	
mucosa 2 453 2 7270,7302,	
Lista 3 453 3 1975,4895,7324,	
escala 4 453 4 1544,4235,6810,9378,	
mediante 5 453 5 1542,6099,6808,8642,9376,	
medida 5 453 5 1541,4232,5024,6807,9375,	
vigilia 4 453 4 1540,4231,6806,9374,	
sueño 4 453 4 1537,4229,6803,9371,	
relación 3 453 3 1534,6800,9368,	
interferencia 4 453 4 1531,4225,6797,9365,	
redujo 4 453 4 1528,4222,6794,9362,	
El 15 453 15 1523,1595,1708,2344,3460,4217,4292,4550,5010,5518,6789,6861,6974,9357,9429,	
55 4 453 4 1503,4197,6769,9337,	
maíz 1 453 1 1989,	
50 7 453 7 1499,2133,4191,4965,6765,7462,9333,	
respondedores 4 453 4 1485,4179,6751,9319,	
minoría 4 453 4 1477,4170,6743,9311,	
excluyó 3 453 3 1474,6740,9308,	
mantuvieron 4 453 4 1451,4148,6717,9285,	
dosificación 11 453 11 1444,1614,1738,4311,4600,6710,6880,7004,9278,9448,9626,	
primer 4 453 4 1441,4138,6707,9275,	
final 3 453 3 1439,6705,9273,	
ronchas 4 453 4 1436,4133,6702,9270,	
número 4 453 4 1434,4131,6700,9268,	
Datos 3 453 3 1871,4792,7164,	
tamaño 4 453 4 1432,4129,6698,9266,	
prurito 8 453 8 1426,1495,4123,4187,6692,6761,9260,9329,	
seis 4 453 4 1409,4106,6675,9243,	
clínicas 4 453 4 1401,4098,6667,9235,	
directrices 4 453 4 1400,4097,6666,9234,	
además 4 453 4 1387,4084,6653,9221,	
sea 6 453 6 1374,4071,6145,6640,8713,9208,	
espera 6 453 6 1371,4068,6137,6637,8705,9205,	
enfermedades 4 453 4 1367,4064,6633,9201,	
causal 4 453 4 1363,4060,6629,9197,	
factor 4 453 4 1362,4059,6628,9196,	
Como 8 453 8 1355,1460,4052,4157,6621,6726,9189,9294,	
prospectiva 4 453 4 1354,4051,6620,9188,	
crónicos 4 453 4 1349,4046,6615,9183,	
reclutar 4 453 4 1345,4042,6611,9179,	
etiología 4 453 4 1340,4037,6606,9174,	
similar 7 453 7 1335,3030,4032,4365,6601,8243,9169,	
subyacente 4 453 4 1333,4030,6599,9167,	
patofisiología 4 453 4 1332,4029,6598,9166,	
cursan 8 453 8 1326,1384,4023,4081,6592,6650,9160,9218,	
afecciones 8 453 8 1324,1382,4021,4079,6590,6648,9158,9216,	
modelo 4 453 4 1321,4018,6587,9155,	
estudió 4 453 4 1315,4012,6581,9149,	
limitadas 4 453 4 1310,4007,6576,9144,	
diarias 4 453 4 1309,4006,6575,9143,	
actividades 4 453 4 1308,4005,6574,9142,	
prácticos 4 453 4 1304,4001,6570,9138,	
áreas 4 453 4 1300,3997,6566,9134,	
mejora 7 453 7 1295,1492,3992,6561,6758,9129,9326,	
mayor 8 453 8 1294,1672,3991,4384,6560,6938,9128,9490,	
rino-conjuntivitis 4 453 4 1292,3989,6558,9126,	
vida 4 453 4 1290,3987,6556,9124,	
calidad 4 453 4 1288,3985,6554,9122,	
cuestionario 4 453 4 1286,3983,6552,9120,	
total 5 453 5 1284,3000,3981,6550,9118,	
puntuación 4 453 4 1283,3980,6549,9117,	
muestra 4 453 4 1281,3978,6547,9115,	
aliviar 4 453 4 1271,3968,6537,9105,	
semanas 12 453 12 1241,1266,1410,3937,3962,4107,6507,6532,6676,9075,9100,9244,	
presencia 9 453 9 1225,1250,3921,3946,6491,6516,7106,9059,9084,	
define 8 453 8 1222,1247,3918,3943,6488,6513,9056,9081,	
moderadamente 4 453 4 1726,4588,6992,9614,	
duración 8 453 8 1213,1412,3909,4109,6479,6678,9047,9246,	
embalaje 3 453 3 2046,4948,7373,	
alternativamente 4 453 4 1202,3898,6468,9036,	
clasificar 4 453 4 1201,3897,6467,9035,	
perenne 4 453 4 1195,3891,6461,9029,	
establecidas 4 453 4 1191,3887,6457,9025,	
clasificaciones 4 453 4 1190,3886,6456,9024,	
Además 5 453 5 1187,3883,6453,8658,9021,	
claramente 4 453 4 1174,3870,6440,9008,	
	Jarabe 1 453 1 2275,	
horas 24 453 24 1164,1459,1594,1698,1707,3860,4156,4291,4446,4455,4519,4528,6430,6725,6860,6964,6973,7136,7147,8998,9293,9428,9598,9610,	
24 8 453 8 1163,1458,3859,4155,6429,6724,8997,9292,	
eficazmente 4 453 4 1159,3855,6425,8993,	
controló 4 453 4 1158,3854,6424,8992,	
paladar 4 453 4 1156,3852,6421,8989,	
enrojecimiento 4 453 4 1151,3847,6416,8984,	
lagrimeo 4 453 4 1149,3845,6414,8982,	
escozor 4 453 4 1148,3844,6413,8981,	
relativas 3 453 3 3701,6318,8886,	
nasal 4 453 4 1145,3841,6410,8978,	
cuenta 1 453 1 2349,	
picor 8 453 8 1144,1154,3840,3850,6409,6419,8977,8987,	
rinorrea 4 453 4 1142,3838,6407,8975,	
estornudos 4 453 4 1141,3837,6406,8974,	
eficaz 16 453 16 1133,1269,1375,1421,3829,3966,4072,4118,6398,6535,6641,6687,8966,9103,9209,9255,	
sola 4 453 4 1122,3771,6386,8954,	
administraba 4 453 4 1121,3770,6385,8953,	
grupos 6 453 6 1113,3033,3762,6377,8246,8945,	
psicomotoras 4 453 4 1110,3759,6374,8942,	
identificados 4 453 4 1482,4175,6748,9316,	
pruebas 5 453 5 1109,2654,3758,6373,8941,	
resultados 4 453 4 1106,3755,6370,8938,	
significativas 4 453 4 1103,3752,6367,8935,	
diferencias 7 453 7 1102,1898,3751,4819,6366,7191,8934,	
hallaron 4 453 4 1101,3750,6365,8933,	
inducido 4 453 4 1088,3737,6352,8920,	
deterioro 4 453 4 1087,3736,6351,8919,	
aumentó 8 453 8 1085,1096,3734,3745,6349,6360,8917,8928,	
coadministración 4 453 4 1081,3730,6345,8913,	
tareas 4 453 4 1070,3717,6334,8902,	
subjetiva 4 453 4 1068,3715,6332,8900,	
exacerbación 4 453 4 1064,3711,6328,8896,	
incluyendo 5 453 5 1062,3479,3709,6326,8894,	
vuelo 8 453 8 1061,1074,3708,3721,6325,6338,8893,8906,	
realización 4 453 4 1059,3706,6323,8891,	
estándar 4 453 4 1057,3700,6317,8885,	
normales 1 453 1 2719,	
adultos 29 453 29 1048,2666,3087,3224,3526,3537,3552,3586,3596,3644,3674,3691,3728,3820,4267,4367,4390,4399,4421,4535,4606,4672,6308,8265,8876,9504,9526,9535,9574,	
realizado 7 453 7 1046,3689,4413,4468,6306,8874,9566,	
estudio 10 453 10 1042,1857,3685,4408,4463,4778,6302,7150,8870,9561,	
psicomotriz 4 453 4 1039,3682,6299,8867,	
afectó 11 453 11 1035,1053,1863,3678,3696,4784,6295,6313,7156,8863,8881,	
única 15 453 15 1029,1045,1827,3668,3688,4634,4650,4748,6087,6289,6305,7093,8630,8857,8873,	
(PVC) 2 453 2 2087,7415,	
diaria 5 453 5 1028,3435,3667,6288,8856,	
administrado 2 453 2 1024,3663,	
absorbe 4 453 4 1575,4272,6841,9409,	
comparación 8 453 8 1017,1512,3655,4206,6276,6778,8844,9346,	
hubo 6 453 6 1010,1838,3648,4759,6268,8836,	
controlados 8 453 8 999,1405,3633,4102,6257,6671,8825,9239,	
fácilmente 8 453 8 990,1351,3624,4048,6248,6617,8816,9185,	
plasmáticas 13 453 13 983,1559,1734,3489,3795,4250,4596,6241,6825,7000,8809,9393,9622,	
concentraciones 9 453 9 982,1558,3488,3794,4249,6240,6824,8808,9392,	
cambios 4 453 4 977,3789,6235,8803,	
QTc 5 453 5 962,3480,3619,6220,8788,	
prolongación 4 453 4 959,3616,6217,8785,	
observó 14 453 14 958,1297,1490,3615,3994,4194,6216,6563,6756,7248,7280,8784,9131,9324,	
diez 4 453 4 954,3611,6212,8780,	
administró 6 453 6 939,2997,3594,6197,8225,8765,	
estadística 4 453 4 924,3575,6182,8750,	
cardiovasculares 4 453 4 923,3574,6181,8749,	
Periodo 3 453 3 2025,4927,7359,	
14 10 453 10 917,1751,2128,3568,4617,6175,7017,7457,8743,9639,	
múltiple 12 453 12 903,973,3550,3785,4412,4467,6161,6231,8670,8729,8799,9565,	
observaciones 4 453 4 896,3392,6081,8624,	
relevancia 4 453 4 892,3388,6077,8620,	
confirmar 4 453 4 890,3386,6075,8618,	
Todavía 8 453 8 887,1762,3383,4683,6072,7028,8615,9650,	
endoteliales 4 453 4 886,3382,6071,8614,	
adhesión 4 453 4 881,3377,6066,8609,	
molécula 4 453 4 879,3375,6064,8607,	
expresión 4 453 4 876,3372,6061,8604,	
así 9 453 9 870,1146,2645,3366,3842,6055,6411,8598,8979,	
humanos 7 453 7 869,1934,3365,4855,6054,7227,8597,	
cebadas/basófilos 4 453 4 868,3364,6053,8596,	
células 8 453 8 867,885,3363,3381,6052,6070,8595,8613,	
IL-13 4 453 4 864,3360,6049,8592,	
e 6 453 6 863,3071,3359,6048,7343,8591,	
IL-8 4 453 4 862,3358,6047,8590,	
IL-6 4 453 4 861,3357,6046,8589,	
IL-4 4 453 4 860,3356,6045,8588,	
proinflamatorias 4 453 4 857,3353,6042,8585,	
liberación 8 453 8 854,1357,3350,4054,6039,6623,8582,9191,	
inhibición 8 453 8 851,873,3347,3369,6036,6058,8579,8601,	
similares 4 453 4 3498,3523,4460,4667,	
Estas 4 453 4 848,3344,6033,8576,	
vitro 8 453 8 847,1800,3343,4721,6032,7066,8575,9688,	
in 8 453 8 846,1799,3342,4720,6031,7065,8574,9687,	
introduce 2 453 2 5425,7915,	
antialérgicas 4 453 4 843,3339,6028,8571,	
propiedades 4 453 4 842,3338,6027,8570,	
demostrado 12 453 12 841,1173,1802,3337,3869,4723,6026,6439,7068,8569,9007,9690,	
central 8 453 8 837,995,3333,3629,6022,6253,8565,8821,	
19 5 453 5 1515,4209,6781,7333,9349,	
penetra 8 453 8 832,989,3328,3623,6017,6247,8560,8815,	
sustancia 4 453 4 830,3326,6015,8558,	
periféricos 4 453 4 824,3320,6009,8552,	
utilizada 4 453 4 1548,4239,6814,9382,	
receptores 4 453 4 822,3318,6007,8550,	
selectivamente 4 453 4 820,3316,6005,8548,	
bloquea 4 453 4 819,3315,6004,8547,	
periférico 4 453 4 812,3308,5997,8540,	
receptor 4 453 4 810,3306,5995,8538,	
selectiva 4 453 4 807,3303,5992,8535,	
actividad 8 453 8 805,1038,3301,3681,5990,6298,8533,8866,	
sedante 4 453 4 802,3298,5987,8530,	
prolongada 4 453 4 800,3296,5985,8528,	
acción 4 453 4 799,3295,5984,8527,	
histamina 12 453 12 797,827,1359,3293,3323,4056,5982,6012,6625,8525,8555,9193,	
X27 4 453 4 790,3286,5975,8518,	
R06A 4 453 4 789,3285,5974,8517,	
ATC 4 453 4 788,3284,5973,8516,	
código 4 453 4 787,3283,5972,8515,	
antagonista 12 453 12 785,794,806,3281,3290,3302,5970,5979,5991,8513,8522,8534,	
­ 4 453 4 784,3280,5969,8512,	
antihistamínicos 12 453 12 783,1468,1488,3279,4162,4182,5968,6734,6754,8511,9302,9322,	
farmacoterapéutico 4 453 4 782,3278,5967,8510,	
Grupo 4 453 4 781,3277,5966,8509,	
farmacodinámicas 4 453 4 780,3276,5965,8508,	
conservar 2 453 2 2037,4939,	
Propiedades 8 453 8 779,1555,3275,4246,5964,6821,8507,9389,	
	5 4 453 4 777,3273,5962,8505,	
ESTE 4 453 4 775,3271,5960,8503,	
FARMACOLÓGICAS 4 453 4 773,3269,5958,8501,	
PROPIEDADES 4 453 4 772,3268,5957,8500,	
inhibe 8 453 8 1794,1807,4715,4728,7060,7073,9682,9695,	
peritoneal 4 453 4 770,3266,5955,8498,	
diálisis 4 453 4 769,3265,5954,8497,	
eliminada 4 453 4 767,3263,5952,8495,	
In 4 453 4 1790,4711,7056,9678,	
desconoce 4 453 4 763,3259,5948,8491,	
hemodiálisis; 4 453 4 761,3257,5946,8489,	
artificial 1 453 1 4915,	
elimina 4 453 4 759,3255,5944,8487,	
observaron 13 453 13 751,921,976,3247,3572,3788,4457,5936,6179,6234,8479,8747,8802,	
clínica) 8 453 8 748,952,3244,3609,5933,6210,8476,8778,	
veces 14 453 14 745,949,1691,3241,3606,4439,4499,4511,5930,6207,6957,8473,8775,9593,	
(nueve 7 453 7 744,948,3240,5929,6206,8472,8774,	
45 8 453 8 740,944,3236,3601,5925,6202,8468,8770,	
relacionadas 4 453 4 1071,3718,6335,8903,	
múltiples 4 453 4 733,3229,5918,8461,	
base 4 453 4 726,3218,5911,8454,	
soporte 4 453 4 724,3216,5909,8452,	
sintomático 8 453 8 721,1379,3213,4076,5906,6645,8449,9213,	
Se 17 453 17 718,1314,1489,1953,3210,4011,4456,4874,5019,5424,5903,6580,6755,7303,8446,9148,9323,	
absorbido 4 453 4 717,3209,5902,8445,	
eliminar 4 453 4 712,3204,5897,8440,	
habituales 4 453 4 710,3202,5895,8438,	
medidas 8 453 8 709,1056,3201,3699,5894,6316,8437,8884,	
considerar 4 453 4 707,3199,5892,8435,	
sobredosis 4 453 4 704,3196,5889,8432,	
producirse 4 453 4 703,3195,5888,8431,	
Sobredosis 4 453 4 699,3191,5884,8427,	
generales 4 453 4 696,3188,5881,8424,	
oral 19 453 19 817,3313,5146,5157,5178,5230,5264,5421,6002,6090,6121,6144,7097,7122,7384,7468,8545,8633,8700,	
conjuntivo 4 453 4 694,3186,5879,8422,	
tejido 4 453 4 693,3185,5878,8421,	
musculoesqueléticos 4 453 4 690,3182,5875,8418,	
hepatobiliares 4 453 4 688,3180,5873,8416,	
gastrointestinales 4 453 4 686,3178,5871,8414,	
cardiacos 4 453 4 684,3176,5869,8412,	
nervioso 12 453 12 682,836,994,3174,3332,3628,5867,6021,6252,8410,8564,8820,	
Stalle 3 453 3 2165,5066,7497,	
sistema 12 453 12 681,835,993,3173,3331,3627,5866,6020,6251,8409,8563,8819,	
significativamente 5 453 5 1529,4223,6795,8256,9363,	
estacional 10 453 10 1193,1277,1662,3889,3974,6459,6543,6928,9027,9111,	
psiquiátricos 4 453 4 678,3170,5863,8406,	
Trastornos 28 453 28 677,679,683,685,687,689,695,3169,3171,3175,3177,3179,3181,3187,5862,5864,5868,5870,5872,5874,5880,8405,8407,8411,8413,8415,8417,8423,	
Alucinaciones 2 453 2 676,3168,	
postcomercialización 4 453 4 675,3167,5861,8404,	
presentan 4 453 4 664,3156,5850,8393,	
tabla 4 453 4 662,3154,5848,8391,	
siguiente 4 453 4 661,3153,5847,8390,	
9 14 453 14 639,651,698,2177,3076,3190,5078,5825,5837,5883,7509,8368,8380,8426,	
cefalea; 3 453 3 632,5818,8361,	
frecuente 3 453 3 629,5815,8358,	
adversa 3 453 3 627,5813,8356,	
reacción 3 453 3 626,5812,8355,	
polietileno 1 453 1 5002,	
578 3 453 3 615,5801,8344,	
exceso 2 453 2 1013,3651,	
clínico 17 453 17 613,730,900,1322,3222,3547,4019,5799,5915,6104,6158,6588,8342,8458,8647,8726,9156,	
cefalea 4 453 4 606,3147,5792,8335,	
(0 8 453 8 602,607,3143,3148,5788,5793,8331,8336,	
boca 9 453 9 601,3142,5234,5428,5787,7686,7734,7918,8330,	
sequedad 4 453 4 599,3140,5785,8328,	
%) 23 453 23 598,604,609,1731,3066,3070,3075,3139,3145,3150,4369,4382,4593,5784,5790,5795,6997,8327,8333,8338,9506,9516,9619,	
(1 5 453 5 596,2397,3137,5782,8325,	
cansancio 4 453 4 595,3136,5781,8324,	
superior 9 453 9 590,2040,2640,3131,4942,5776,8319,9518,9594,	
incidencia 10 453 10 589,1011,3014,3130,3649,5775,6272,8237,8318,8840,	
notificadas 9 453 9 586,668,3056,3127,3160,5772,5854,8315,8397,	
frecuentes 5 453 5 585,3055,3126,5771,8314,	
Las 8 453 8 581,1557,3122,4248,5767,6823,8310,9391,	
placebo 30 453 30 580,593,658,1019,1117,1407,1522,3038,3061,3121,3134,3657,3766,4104,4216,5766,5779,5844,6278,6381,6673,6788,8252,8309,8322,8387,8846,8949,9241,9356,	
tratados 15 453 15 578,644,1508,1520,3119,4202,4214,5764,5830,6774,6786,8307,8373,9342,9354,	
% 39 453 39 571,640,652,1500,1504,1516,1665,1728,2663,3112,4192,4198,4210,4346,4389,4392,4398,4401,4590,5757,5826,5838,6766,6770,6782,6931,6994,8300,8369,8381,9334,9338,9350,9483,9525,9528,9534,9537,9616,	
reacciones 16 453 16 564,582,666,2795,3018,3052,3105,3123,3158,5749,5768,5852,8240,8292,8311,8395,	
notificaron 4 453 4 563,3104,5748,8291,	
diarios 3 453 3 561,5746,8289,	
recomendada 10 453 10 557,1003,3080,3637,5742,6118,6261,8285,8674,8829,	
dosis 89 453 89 556,732,747,902,942,951,972,1002,1027,1044,1456,1629,1826,1830,1945,2061,3079,3228,3243,3434,3485,3549,3599,3608,3636,3666,3687,3784,4141,4153,4326,4411,4466,4545,4633,4649,4654,4676,4747,4751,4866,5153,5226,5276,5418,5443,5447,5517,5741,5917,5932,6086,6117,6160,6200,6209,6230,6260,6287,6304,6722,6895,7092,7238,7390,7465,7585,7763,7910,7933,7937,8013,8284,8460,8475,8629,8669,8673,8728,8768,8777,8798,8828,8855,8872,9290,9463,9564,9714,	
crónica 21 453 21 553,1319,1392,1418,1472,3102,3515,4016,4089,4115,4166,5738,6585,6658,6684,6738,8281,9153,9226,9252,9306,	
idiopática 21 453 21 552,1318,1391,1417,1471,3101,3514,4015,4088,4114,4165,5737,6584,6657,6683,6737,8280,9152,9225,9251,9305,	
incluyen 7 453 7 547,849,3345,5732,6034,8275,8577,	
indicaciones 4 453 4 545,3094,5730,8273,	
metabolizador 2 453 2 4362,9499,	
intervalo 20 453 20 543,961,1442,1454,1632,3477,3618,4139,4151,4329,5728,6219,6708,6720,6898,8271,8787,9276,9288,9466,	
adversas 19 453 19 537,565,583,667,2986,3019,3053,3106,3124,3159,5722,5750,5769,5853,8220,8241,8293,8312,8396,	
Reacciones 4 453 4 536,2985,5721,8219,	
afectar 4 453 4 525,2974,5710,8208,	
somnolencia 16 453 16 522,1015,1067,1098,2971,3653,3714,3747,5707,6274,6331,6362,8205,8842,8899,8930,	
independencia 4 453 4 1337,4034,6603,9171,	
ocular 4 453 4 1152,3848,6417,8985,	
H1 12 453 12 786,811,823,3282,3307,3319,5971,5996,6008,8514,8539,8551,	
experimentan 4 453 4 521,2970,5706,8204,	
personas 6 453 6 520,2969,5530,5705,8028,8203,	
raramente 8 453 8 518,670,2967,3162,5703,5856,8201,8399,	
reproducción 3 453 3 1952,4873,7245,	
informar 4 453 4 512,2961,5697,8195,	
obstante 5 453 5 509,2958,5694,8192,9543,	
recibieron 9 453 9 506,657,2955,3432,4674,5691,5843,8189,8386,	
disminución 8 453 8 498,1430,2947,4127,5683,6696,8181,9264,	
produjo 7 453 7 497,635,2946,5682,5821,8180,8364,	
evaluaron 4 453 4 490,2939,5675,8173,	
máquinas 8 453 8 485,533,2934,2982,5670,5718,8168,8216,	
utilizar 8 453 8 484,532,2933,2981,5669,5717,8167,8215,	
conducir 12 453 12 482,494,530,2931,2943,2979,5667,5679,5715,8165,8177,8213,	
capacidad 15 453 15 480,492,528,2929,2941,2977,3704,5665,5677,5713,6321,8163,8175,8211,8889,	
Efectos 4 453 4 477,2926,5662,8160,	
7 20 453 20 476,1031,1697,1832,2126,2154,2925,3065,3670,4445,4753,5055,5661,6291,6963,7455,7486,8159,8859,9597,	
periodo 8 453 8 472,673,2921,3165,5657,5859,8155,8402,	
cutáneas 5 453 5 1437,2658,4134,6703,9271,	
mujeres 4 453 4 470,2919,5655,8153,	
materna 4 453 4 458,2907,5643,8141,	
leche 4 453 4 457,2906,5642,8140,	
excreta 4 453 4 454,2903,5639,8137,	
recomienda 16 453 16 443,468,719,1397,2892,2917,3211,4094,5628,5653,5904,6663,8126,8151,8447,9231,	
metabolito 3 453 3 1878,4799,7171,	
Por 7 453 7 438,2758,2887,5623,6133,8121,8701,	
embarazo 8 453 8 437,450,2886,2899,5622,5635,8120,8133,	
obtenidos 2 453 2 3468,4670,	
animales 4 453 4 426,2875,5611,8109,	
estudios 27 453 27 424,845,1798,1884,1922,1937,1961,2873,3341,4647,4719,4805,4843,4858,4882,5609,6030,7064,7089,7177,7215,7230,7311,8107,8573,9686,9711,	
teratogénica 4 453 4 422,2871,5607,8105,	
Desloratadina 19 453 19 419,791,1573,1723,1875,2868,3287,4270,4585,4796,5604,5976,6839,6989,7168,8102,8519,9407,9611,	
lactancia 8 453 8 418,474,2867,2923,5603,5659,8101,8157,	
Embarazo 4 453 4 416,2865,5601,8099,	
comportamiento 8 453 8 409,1094,2858,3743,5594,6358,8092,8926,	
deteriorantes 4 453 4 404,2853,5589,8087,	
efectos 18 453 18 403,752,922,1449,2721,2852,3248,3573,4146,4568,5588,5937,6180,6715,8086,8480,8748,9283,	
detallada 3 453 3 2215,5116,7547,	
potenció 4 453 4 401,2850,5586,8084,	
P-selectina 4 453 4 882,3378,6067,8610,	
alcohol 20 453 20 399,406,1083,1091,1125,2848,2855,3732,3740,3774,5584,5591,6347,6355,6389,8082,8089,8915,8923,8957,	
concomitante 4 453 4 397,2846,5582,8080,	
tomado 4 453 4 394,2843,5579,8077,	
clínica 16 453 16 392,893,933,1079,2840,3389,3584,3726,5576,6078,6191,6343,8074,8621,8759,8911,	
farmacología 15 453 15 391,932,1078,1940,2839,3583,3725,4861,5575,6190,6342,7233,8073,8758,8910,	
ensayo 31 453 31 389,612,729,899,930,1447,1641,1824,2837,3221,3546,3581,4144,4631,4745,5573,5798,5914,6157,6188,6713,6907,7264,7296,8071,8341,8457,8667,8725,8756,9281,	
ketoconazol 8 453 8 382,968,2830,3780,5566,6226,8064,8794,	
eritromicina 8 453 8 380,970,2828,3782,5564,6228,8062,8796,	
conjuntamente 4 453 4 379,2827,5563,8061,	
administraron 12 453 12 378,738,908,2826,3234,3559,5562,5923,6166,8060,8466,8734,	
relevantes 16 453 16 367,754,927,979,2815,3250,3578,3791,5551,5939,6185,6237,8049,8482,8753,8805,	
clínicamente 20 453 20 366,753,926,978,1756,2814,3249,3577,3790,4622,5550,5938,6184,6236,7022,8048,8481,8752,8804,9644,	
interacciones 8 453 8 365,1785,2813,4706,5549,7051,8047,9673,	
observado 5 453 5 364,2812,5548,8046,8262,	
han 9 453 9 363,1801,2734,2811,4722,5547,7067,8045,9689,	
interacción 8 453 8 359,966,2808,3778,5544,6224,8042,8792,	
formas 5 453 5 357,2628,2806,5542,8040,	
medicamentos 9 453 9 354,1789,2803,4710,5539,7055,8037,9677,9717,	
Interacción 4 453 4 350,2799,5535,8033,	
deberán 5 453 5 344,706,3198,5891,8434,	
glucosa-galactosa 2 453 2 342,2775,	
malabsorción 1 453 1 340,	
Lapp 1 453 1 337,	
lactasa 1 453 1 336,	
déficit 1 453 1 334,	
galactosa 1 453 1 332,	
tracto 1 453 1 2638,	
intolerancia 2 453 2 330,2766,	
raros 1 453 1 328,	
microcristalina 1 453 1 1986,	
hereditarios 1 453 1 327,	
problemas 5 453 5 326,1303,4000,6569,9137,	
Los 12 453 12 323,1883,1918,2074,2720,4567,4804,4839,4989,7176,7211,7403,	
2) 4 453 4 322,2691,2751,3496,	
precaución 4 453 4 318,2747,5507,8002,	
utilizarse 4 453 4 316,2745,5505,8000,	
severa 4 453 4 313,2742,5502,7997,	
lactosa 1 453 1 1997,	
renal 4 453 4 312,2741,5501,7996,	
insuficiencia 4 453 4 311,2740,5500,7995,	
caso 11 453 11 309,701,1463,2738,3193,5498,5886,6729,7993,8429,9297,	
menores 7 453 7 302,2359,2601,2609,3812,5491,7986,	
niños 13 453 13 301,2600,2608,2668,2698,2715,3003,3021,3042,3811,4988,5490,7985,	
seguridad 21 453 21 296,432,1711,1874,1942,2595,2693,2881,3408,4553,4795,4863,5485,5617,6977,7167,7235,7976,8115,8261,9547,	
establecido 8 453 8 292,430,2591,2879,5481,5615,7972,8113,	
No 29 453 29 289,361,427,508,1099,2021,2036,2588,2809,2876,2957,3748,4923,4938,5433,5478,5545,5612,5693,6363,7246,7278,7355,7923,7969,8043,8110,8191,8931,	
especiales 13 453 13 286,1930,2033,2149,2585,4851,4935,5050,5475,7223,7367,7481,7966,	
precauciones 4 453 4 285,2584,5474,7965,	
Advertencias 4 453 4 283,2582,5472,7963,	
alcanzándose 4 453 4 1577,4274,6843,9411,	
loratadina 16 453 16 280,1882,1893,1910,1968,2579,4803,4814,4831,4889,5469,7175,7186,7203,7318,7960,	
activo 12 453 12 272,715,1879,2570,3207,4628,4800,5461,5900,7172,7952,8443,	
principio 9 453 9 271,714,2569,3206,4627,5460,5899,7951,8442,	
Hipersensibilidad 4 453 4 269,2567,5458,7949,	
Contraindicaciones 4 453 4 268,2566,5457,7947,	
alergeno 4 453 4 265,2563,5402,7889,	
global 3 453 3 3015,4554,8238,	
exposición 10 453 10 263,1915,2561,2685,4491,4530,4836,5400,7208,7887,	
periodos 4 453 4 261,2559,5398,7885,	
continuado 4 453 4 258,2556,5395,7882,	
pacientes 63 453 63 255,324,504,515,573,616,643,655,1127,1178,1348,1414,1479,1507,1519,1714,2553,2761,2953,2964,3114,3525,3819,3874,4045,4111,4172,4201,4213,4657,5392,5689,5700,5759,5802,5829,5841,6391,6444,6614,6680,6745,6773,6785,6980,7879,8187,8198,8264,8302,8345,8372,8384,8959,9012,9182,9248,9313,9341,9353,9486,9508,9550,	
proponer 4 453 4 252,2550,5389,7876,	
persistente 12 453 12 232,1210,1245,2530,3906,3941,5369,6476,6511,7856,9044,9079,	
En 95 453 95 228,308,387,486,538,610,659,700,725,897,928,963,996,1020,1040,1075,1126,1402,1445,1639,1822,1855,2526,2607,2737,2835,2935,2987,3039,3151,3192,3217,3544,3579,3630,3658,3683,3722,3775,3818,4099,4142,4336,4406,4629,4646,4743,4776,5365,5497,5571,5671,5723,5796,5845,5885,5910,6082,6155,6186,6221,6254,6279,6300,6339,6390,6668,6711,6905,7088,7148,7852,7992,8069,8169,8221,8266,8339,8388,8428,8453,8625,8723,8754,8789,8822,8847,8868,8907,8958,9236,9279,9473,9559,9710,	
aparecer 4 453 4 227,2525,5364,7851,	
carga 4 453 4 1273,3970,6539,9107,	
vuelven 4 453 4 225,2523,5362,7849,	
reiniciarse 4 453 4 223,2521,5360,7847,	
resolución 4 453 4 218,2516,5355,7842,	
después 11 453 11 215,1581,1694,2513,4278,4442,5352,6847,6960,7839,9415,	
tratamiento 18 453 18 214,257,720,1524,2381,2512,2555,3212,3461,4218,5351,5394,5905,6790,7838,7881,8448,9358,	
interrumpir 4 453 4 212,2510,5349,7836,	
pudiéndose 4 453 4 211,2509,5348,7835,	
paciente 7 453 7 210,1650,2508,2650,5347,6916,7834,	
enfermedad 4 453 4 208,2506,5345,7832,	
historia 5 453 5 205,2503,2648,5342,7829,	
evaluación 4 453 4 202,2500,5339,7826,	
según 14 453 14 200,1211,1679,1935,2498,3465,3907,4856,5337,6477,6945,7228,7824,9045,	
controlar 4 453 4 199,2497,5336,7823,	
deberá 12 453 12 198,315,511,2496,2744,2960,5335,5504,5696,7822,7999,8194,	
semanas) 8 453 8 196,249,2494,2547,5333,5386,7820,7873,	
bucodispersable 5 453 5 7589,7611,7676,7906,7913,	
semana 16 453 16 190,243,1235,1260,2488,2541,3931,3956,5327,5380,6501,6526,7814,7867,9069,9094,	
días 28 453 28 187,240,918,955,1232,1257,1752,2485,2538,3569,3612,3928,3953,4618,5324,5377,6176,6213,6498,6523,7018,7811,7864,8744,8781,9066,9091,9640,	
durante 68 453 68 183,192,236,245,259,435,448,671,916,953,1162,1228,1237,1253,1262,1452,1750,2481,2490,2534,2543,2557,2884,2897,3163,3567,3610,3858,3924,3933,3949,3958,4149,4616,5320,5329,5373,5382,5396,5620,5633,5857,6174,6211,6428,6494,6503,6519,6528,6718,7016,7807,7816,7860,7869,7883,8118,8131,8400,8742,8779,8996,9062,9071,9087,9096,9286,9638,	
(presencia 8 453 8 180,233,2478,2531,5317,5370,7804,7857,	
8 15 453 15 172,535,603,2170,2470,2984,3144,5071,5309,5720,5789,7502,7796,8218,8332,	
secciones 4 453 4 170,2468,5307,7794,	
limitada 4 453 4 168,2466,5305,7792,	
eficacia 17 453 17 166,294,1166,2464,2593,3394,3532,3799,3862,5303,5483,6140,6432,7790,7974,8708,9000,	
clínicos 35 453 35 164,370,488,540,998,1022,1886,1924,2462,2818,2937,2989,3083,3471,3632,3660,4341,4807,4845,5301,5554,5673,5725,6256,6281,7179,7217,7788,8052,8171,8223,8268,8824,8849,9478,	
citoquinas 4 453 4 856,3352,6041,8584,	
ensayos 53 453 53 163,369,487,539,964,997,1021,1076,1176,1404,1465,2461,2817,2936,2988,3082,3403,3416,3631,3659,3723,3776,3808,3872,4101,4160,4340,5300,5553,5672,5724,6084,6222,6255,6280,6340,6442,6670,6731,7787,8051,8170,8222,8267,8627,8790,8823,8848,8908,9010,9238,9299,9477,	
edad 27 453 27 161,307,624,1186,2364,2459,2606,2614,2675,2705,2732,3028,3425,3817,3882,4380,4485,4549,4580,5298,5496,5810,6452,7785,7991,8353,9020,	
años 35 453 35 159,305,622,1184,2029,2362,2393,2412,2457,2612,2673,2703,2730,3012,3026,3423,3446,3457,3815,3880,4378,4483,4578,4931,5296,5494,5808,6450,7363,7673,7783,7989,8351,9018,9514,	
17 11 453 11 158,621,1183,2456,3879,5295,5807,6449,7782,8350,9017,	
experiencia 4 453 4 147,2445,5284,7771,	
La 64 453 64 146,176,451,755,838,986,1165,1217,1242,1293,1620,1683,2213,2444,2474,2692,2900,3013,3251,3334,3393,3407,3620,3798,3861,3913,3938,3990,4317,4357,4490,4529,5114,5275,5283,5313,5636,5940,6023,6244,6431,6483,6508,6559,6886,6949,7105,7545,7762,7770,7800,7909,8022,8134,8236,8483,8566,8812,8999,9051,9076,9127,9454,9493,	
persistente) 5 453 5 139,2337,5255,7707,7755,	
intermitente 17 453 17 137,179,1206,1220,2335,2477,3902,3916,5253,5316,6472,6486,7705,7753,7803,9040,9054,	
(incluida 5 453 5 134,2332,5250,7702,7750,	
alimentos 7 453 7 122,1843,2320,4764,5282,7108,7769,	
o 48 453 48 120,191,238,278,338,381,531,925,1069,1123,1236,1255,2318,2489,2536,2571,2577,2641,2776,2829,2980,3576,3716,3772,3932,3951,5280,5328,5375,5467,5565,5716,6183,6333,6387,6502,6521,7767,7815,7862,7958,8063,8214,8751,8901,8955,9070,9089,	
día 27 453 27 118,915,947,1008,1619,1742,2406,2424,2443,3566,3604,3642,4316,4604,5238,6173,6205,6266,6885,7008,7690,7738,8741,8773,8834,9453,9630,	
vez 15 453 15 116,1617,1740,2404,2422,2441,4314,4602,5236,6883,7006,7688,7736,9451,9628,	
años) 4 453 4 112,2432,5224,7721,	
12 18 453 18 111,156,304,619,1181,2431,2454,3814,3877,5223,5293,5493,5805,6447,7720,7780,8348,9015,	
partir 4 453 4 109,2429,5221,7718,	
(a 4 453 4 108,2428,5220,7717,	
adolescentes 24 453 24 107,154,617,1179,2427,2452,3089,3226,3554,3588,3646,3676,3822,3875,4269,4608,5219,5291,5803,6445,7716,7778,8346,9013,	
Adultos 4 453 4 105,2425,5217,7714,	
efecto 4 453 4 1840,4761,7250,7282,	
administración 16 453 16 104,445,816,1572,2313,2894,3312,4263,5216,5630,6001,6838,7667,8128,8544,9406,	
forma 15 453 15 102,396,1353,2311,2845,4050,5214,5581,6619,7112,7256,7290,7665,8079,9187,	
Posología 4 453 4 100,2309,5212,7663,	
urticaria 41 453 41 93,141,551,1317,1328,1369,1386,1390,1416,1470,2302,2339,3100,4014,4025,4066,4083,4087,4113,4164,5205,5257,5736,6583,6594,6635,6652,6656,6682,6736,7656,7709,7757,8279,9151,9162,9203,9220,9224,9250,9304,	
1) 25 453 25 91,97,145,175,386,413,2300,2306,2343,2473,2834,2862,5203,5209,5261,5312,5570,5598,7654,7660,7713,7761,7799,8068,8096,	
apartado 26 453 26 89,95,143,320,384,411,2298,2304,2341,2370,2689,2749,2832,2860,3494,5201,5207,5259,5568,5596,7652,7658,7711,7759,8066,8094,	
(ver 30 453 30 88,94,142,169,319,383,410,2297,2303,2340,2369,2467,2688,2748,2831,2859,3493,5200,5206,5258,5306,5567,5595,7651,7657,7710,7758,7793,8065,8093,	
alérgica 58 453 58 87,133,136,178,231,549,1130,1198,1205,1209,1219,1244,1276,1661,2296,2331,2334,2476,2529,2620,3098,3825,3894,3901,3905,3915,3940,3973,4489,5199,5249,5252,5315,5368,5734,6394,6464,6471,6475,6485,6510,6542,6927,7650,7701,7704,7749,7752,7802,7855,8277,8962,9032,9039,9043,9053,9078,9110,	
rinitis 62 453 62 86,132,135,177,230,548,1129,1197,1204,1208,1218,1243,1275,1660,2295,2330,2333,2357,2384,2475,2528,2619,2630,3097,3512,3824,3893,3900,3904,3914,3939,3972,4488,5198,5248,5251,5314,5367,5733,6393,6463,6470,6474,6484,6509,6541,6926,7649,7700,7703,7748,7751,7801,7854,8276,8961,9031,9038,9042,9052,9077,9109,	
- 13 453 13 85,92,1729,2294,2301,4517,4591,5197,5204,6995,7648,7655,9617,	
asociados 9 453 9 83,129,2292,2327,5195,5245,7646,7697,7745,	
síntomas 45 453 45 82,128,182,221,235,1138,1161,1216,1227,1252,1313,2291,2326,2480,2519,2533,3834,3857,3912,3923,3948,4010,5194,5244,5319,5358,5372,6403,6427,6482,6493,6518,6579,7645,7696,7744,7806,7845,7859,8971,8995,9050,9061,9086,9147,	
alivio 21 453 21 79,125,1136,1378,1424,2288,2323,3832,4075,4121,5191,5241,6401,6644,6690,7642,7693,7741,8969,9212,9258,	
indicado 4 453 4 76,2285,5188,7639,	
sellado 2 453 2 2105,7434,	
está 11 453 11 75,888,2219,2284,3384,5120,5187,6073,7551,7638,8616,	
Neoclarityn 96 453 96 74,298,314,393,447,465,567,1023,1131,1157,1168,1267,1419,1526,2055,2283,2314,2387,2401,2419,2438,2597,2695,2723,2743,2820,2841,2896,2914,2994,3035,3108,3396,3410,3661,3801,3826,3853,3864,3963,4116,4220,4570,4957,5155,5186,5228,5262,5487,5503,5556,5577,5632,5650,5752,6088,6119,6142,6153,6282,6395,6422,6434,6533,6685,6792,7095,7099,7120,7382,7587,7637,7682,7730,7978,7998,8019,8054,8075,8130,8148,8295,8631,8659,8675,8689,8696,8710,8721,8850,8963,8990,9002,9101,9253,9360,	
terapéuticas 4 453 4 73,2282,5185,7636,	
Indicaciones 4 453 4 72,2281,5184,7635,	
	4 4 453 4 70,2279,5182,7633,	
CLÍNICOS 4 453 4 69,2278,5181,7632,	
DATOS 7 453 7 68,1971,2277,4891,5180,7320,7631,	
4 86 453 86 67,98,171,186,195,237,248,266,281,282,348,414,475,534,697,1231,1240,1254,1265,1664,2031,2276,2307,2371,2469,2484,2493,2535,2546,2564,2580,2581,2797,2863,2924,2983,3189,3927,3936,3950,3961,4510,4933,5179,5210,5308,5323,5332,5374,5385,5455,5470,5471,5533,5599,5660,5719,5882,6497,6506,6520,6531,6930,7135,7144,7365,7630,7661,7795,7810,7819,7861,7872,7945,7961,7962,8007,8031,8097,8158,8217,8425,9065,9074,9088,9099,	
	Comprimidos 1 453 1 63,	
FARMACÉUTICA 4 453 4 62,2274,5176,7609,	
FORMA 4 453 4 61,2273,5175,7608,	
3 34 453 34 60,267,570,1584,1690,1870,2024,2124,2272,2565,3069,3074,3111,4281,4400,4438,4508,4516,4791,4926,5174,5456,5756,6850,6956,7163,7358,7453,7607,7946,8299,9418,9536,9592,	
6 48 453 48 58,415,608,650,1970,2018,2023,2030,2048,2146,2147,2270,2409,2662,2864,3008,3047,3149,3454,4345,4498,4518,4890,4920,4925,4932,4950,5047,5048,5172,5600,5794,5836,7146,7319,7352,7357,7364,7375,7478,7479,7605,7670,7988,8098,8337,8379,9482,	
sección 4 453 4 57,2269,5171,7604,	
ver 4 453 4 56,2268,5170,7603,	
excipientes 11 453 11 55,277,1977,2267,2576,4897,5169,5466,7326,7602,7957,	
completa 4 453 4 53,2265,5167,7600,	
lista 4 453 4 52,2264,5166,7599,	
consultar 4 453 4 50,2262,5164,7597,	
Para 4 453 4 49,2261,5163,7596,	
prevalencia 2 453 2 4358,9494,	
desloratadina 138 453 138 48,152,372,452,507,646,743,756,818,839,913,937,985,987,1049,1115,1373,1510,1561,1600,1624,1674,1687,1744,1774,1792,1836,1854,1868,1891,1908,1917,1926,1966,2260,2450,2681,2901,2956,3239,3252,3314,3335,3437,3491,3521,3535,3564,3592,3621,3692,3764,3797,4070,4204,4252,4265,4297,4321,4356,4430,4494,4610,4637,4666,4681,4695,4713,4757,4775,4789,4812,4829,4838,4847,4887,5162,5289,5637,5692,5832,5928,5941,6003,6024,6132,6171,6195,6243,6245,6309,6379,6639,6776,6827,6866,6890,6940,6953,7010,7040,7058,7130,7142,7161,7184,7201,7210,7219,7316,7595,7776,8135,8190,8226,8248,8375,8471,8484,8546,8567,8687,8739,8763,8811,8813,8877,8947,9207,9344,9395,9434,9458,9492,9585,9632,9662,9680,	
contiene 8 453 8 44,2255,2754,2788,5158,5510,7590,8005,	
comprimido 13 453 13 43,114,1980,1993,4641,6129,6154,7588,7675,7905,7912,8692,8722,	
completamente 4 453 4 1783,4704,7049,9671,	
	Cada 4 453 4 42,2251,5152,7584,	
CUANTITATIVA 4 453 4 41,2250,5151,7583,	
Y 4 453 4 40,2249,5150,7582,	
CUALITATIVA 4 453 4 39,2248,5149,7581,	
COMPOSICIÓN 4 453 4 38,2247,5148,7580,	
2 45 453 45 37,99,360,597,1554,2019,2028,2123,2246,2308,2361,2394,2611,2670,2700,2729,3023,3138,3450,4245,4375,4480,4577,4921,4930,5032,5147,5211,5783,6820,7132,7353,7362,7452,7574,7579,7591,7662,7678,7726,7979,8015,8326,9388,9511,	
pelicular 5 453 5 36,66,1995,2069,7398,	
cubierta 8 453 8 35,65,1994,2007,2071,2096,7400,7424,	
colocados 1 453 1 7731,	
comprimidos 36 453 36 33,299,373,1169,2136,2821,2842,3662,3827,3865,3964,4418,5488,5557,5578,5753,6283,6396,6423,6435,7100,7577,7723,7982,8020,8055,8076,8296,8660,8678,8711,8851,8964,8991,9003,9571,	
mg 60 453 60 32,46,560,741,911,945,1006,1033,1051,1635,1638,1746,1834,2258,3237,3441,3452,3562,3602,3640,3672,3694,4332,4335,4612,4679,4755,5144,5160,5513,5745,5926,6169,6203,6264,6293,6311,6901,6904,7012,7576,7593,7680,7728,7981,8008,8017,8288,8469,8677,8691,8698,8737,8771,8832,8861,8879,9469,9472,9634,	
5 99 453 99 31,45,90,96,144,174,321,349,385,412,559,638,771,1005,1032,1050,1553,1634,1833,1869,1969,2049,2125,2243,2257,2299,2305,2342,2392,2395,2413,2416,2472,2690,2750,2798,2833,2861,3267,3445,3451,3495,3639,3671,3693,4244,4331,4678,4754,4790,4951,5033,5036,5143,5159,5202,5208,5260,5311,5534,5569,5597,5744,5824,5956,6263,6292,6310,6819,6900,7133,7162,7376,7454,7575,7592,7653,7659,7679,7712,7727,7760,7798,7980,8016,8032,8067,8095,8287,8367,8499,8676,8690,8697,8831,8860,8878,9387,9468,	
	Neoclarityn 4 453 4 30,2241,5142,7573,	
MEDICAMENTO 8 453 8 29,776,2240,3272,5141,5961,7572,8504,	
NOMBRE 4 453 4 27,2238,5139,7570,	
1 29 453 29 25,26,59,71,778,1974,2122,2237,2271,2280,2390,2603,3274,3420,3439,3443,4894,5138,5173,5183,5511,5963,7323,7451,7569,7606,7634,8006,8506,	
PRODUCTO 1 453 1 24,	
DEL 8 453 8 23,28,2211,2239,5112,5140,7543,7571,	
Rue 3 453 3 2163,5064,7495,	
grupo 5 453 5 592,3060,3133,5778,8321,	
CARACTERÍSTICAS 1 453 1 22,	
LAS 1 453 1 21,	
DE 26 453 26 20,774,2156,2159,2172,2174,2179,2183,2208,3270,5057,5060,5073,5075,5080,5084,5109,5959,7488,7491,7504,7506,7511,7515,7540,8502,	
RESUMEN 1 453 1 19,	
O 1 453 1 18,	
absorción 1 453 1 2772,	
TÉCNICA 1 453 1 17,	
FICHA 1 453 1 16,	
información 4 453 4 13,2214,5115,7546,	
Toda 1 453 1 11,	
medicamento 21 453 21 10,15,347,434,1761,1805,2218,2753,2785,2787,2883,4726,5119,5619,7027,7071,7550,8004,8117,9649,9693,	
Basica 1 453 1 8,	
	Información 1 453 1 7,	
PECULIAR 1 453 1 6,	
CUB 1 453 1 5,	
CON 1 453 1 4,	
COMP 1 453 1 3,	
20 15 453 15 2,910,1637,1748,2130,3561,4334,4614,6168,6903,7014,7459,8736,9471,9636,	
5MG 1 453 1 1,	
Después 8 453 8 813,1735,3309,4597,5998,7001,8541,9623,	
NEOCLARITYN 1 453 1 0,	
