Prospectos 1 707 1 3686,	
capsulas 1 707 1 3685,	
	 1 707 1 3678,	
2007 1 707 1 3677,	
Junio 1 707 1 3676,	
TEXTO 1 707 1 3675,	
Septiembre 1 707 1 3668,	
/RENOVACIÓN 1 707 1 3664,	
PRIMERA 1 707 1 3662,	
FECHA 2 707 2 3659,3671,	
68024 1 707 1 3657,	
68022 1 707 1 3645,	
NÚMERO(S) 1 707 1 3635,	
España 1 707 1 3633,	
28050 1 707 1 3631,	
Burgos 1 707 1 3629,	
Avda 1 707 1 3627,	
S 1 707 1 3625,	
Laboratories 1 707 1 3624,	
	Abbott 1 707 1 3623,	
COMERCIALIZACIÓN 2 707 2 3622,3639,	
AUTORIZACIÓN 4 707 4 3620,3637,3663,3667,	
LA 3 707 3 3619,3661,3666,	
TITULAR 1 707 1 3617,	
tamaños 1 707 1 3601,	
comercializados 1 707 1 3599,	
blister 1 707 1 3591,	
fluoropolímero 1 707 1 3589,	
PVC/aluminio 1 707 1 3587,	
contienen 1 707 1 3581,	
Envases 1 707 1 3573,	
30 1 707 1 3571,	
frasco 1 707 1 3569,	
Cada 3 707 3 3568,3579,3590,	
polipropileno 1 707 1 3567,	
tapones 1 707 1 3565,	
(PEAD) 1 707 1 3562,	
densidad 1 707 1 3561,	
alta 1 707 1 3560,	
polietileno 1 707 1 3558,	
envase 3 707 3 3555,3580,3603,	
Naturaleza 1 707 1 3551,	
condiciones 2 707 2 3545,3612,	
conservación 3 707 3 3540,3548,3615,	
Precauciones 2 707 2 3537,3606,	
aplicable 1 707 1 3527,	
amónico 1 707 1 3522,	
Hidróxido 1 707 1 3521,	
400 1 707 1 3520,	
Polietilenglicol 1 707 1 3519,	
polivinilo 1 707 1 3518,	
acetato 1 707 1 3516,	
Ftalato 1 707 1 3514,	
Propilenglicol 1 707 1 3508,	
tinta 1 707 1 3506,	
rojo 1 707 1 3496,	
(E172) 4 707 4 3492,3497,3502,3513,	
negro 2 707 2 3491,3512,	
hierro 4 707 4 3490,3495,3500,3511,	
Óxido 4 707 4 3488,3493,3498,3509,	
(E171) 1 707 1 3487,	
Titanio 1 707 1 3486,	
Dióxido 1 707 1 3484,	
Agua 1 707 1 3483,	
Gelatina 1 707 1 3481,	
vacía 1 707 1 3480,	
Componentes 2 707 2 3476,3503,	
Etanol 1 707 1 3474,	
Contenido 1 707 1 3466,	
Lista 1 707 1 3463,	
	6 1 707 1 3461,	
FARMACÉUTICOS 1 707 1 3460,	
exposiciones 1 707 1 3455,	
ligeramente 1 707 1 3449,	
y/o 1 707 1 3442,	
ningún 1 707 1 3432,	
carcinogénesis 1 707 1 3427,	
serie 1 707 1 3414,	
genotóxico 1 707 1 3411,	
mostró 1 707 1 3409,	
nacidas 1 707 1 3406,	
peri 1 707 1 3400,	
mortalidad 1 707 1 3399,	
aumento 1 707 1 3395,	
fetal 1 707 1 3391,	
madre 1 707 1 3386,	
administrado 1 707 1 3380,	
demostrado 1 707 1 3377,	
teratogénesis 1 707 1 3374,	
produjeron 1 707 1 3373,	
embarazo 1 707 1 3370,	
administradas 2 707 2 3367,3441,	
preparaciones 1 707 1 3363,	
altas 1 707 1 3360,	
conejos 1 707 1 3358,	
teratogénica 1 707 1 3354,	
ratas 3 707 3 3347,3356,3404,	
afectó 1 707 1 3342,	
cambios 1 707 1 3327,	
observado 1 707 1 3326,	
ratas) 1 707 1 3322,	
disminuidos 1 707 1 3320,	
(aumentados 1 707 1 3316,	
TTPA 1 707 1 3315,	
alterados 1 707 1 3313,	
tímica 1 707 1 3308,	
atrofia 1 707 1 3307,	
blancos 2 707 2 3305,3333,	
glóbulos 2 707 2 3304,3332,	
recuento 2 707 2 3302,3330,	
incluyeron 1 707 1 3298,	
tóxicas 1 707 1 3383,	
relacionaron 1 707 1 3293,	
actividad 2 707 2 3284,3353,	
perros 3 707 3 3278,3310,3318,	
roedores 2 707 2 3276,3429,	
repetidas 1 707 1 3274,	
destacadas 1 707 1 3267,	
2) 1 707 1 3257,	
recomendados 1 707 1 3253,	
anteriormente 1 707 1 3252,	
diferente 1 707 1 3249,	
comparable 1 707 1 3232,	
perfil 1 707 1 3223,	
Determinado 1 707 1 3202,	
08 1 707 1 3200,	
04 1 707 1 3195,	
09 1 707 1 3192,	
02 1 707 1 3190,	
07 1 707 1 3187,	
(%) 1 707 1 3175,	
fu* 1 707 1 3174,	
17 1 707 1 3169,	
13 2 707 2 3164,3197,	
19 1 707 1 3159,	
16 1 707 1 3154,	
t½(h) 1 707 1 3148,	
(microgramos/kg) 1 707 1 3120,	
036 1 707 1 3115,	
047 1 707 1 3113,	
240 3 707 3 3111,3117,3119,	
Periodo 1 707 1 3530,	
14 2 707 2 3106,3107,	
15 2 707 2 3105,3207,	
n 1 707 1 3103,	
DP 1 707 1 3102,	
Estadio 2 707 2 3097,3099,	
Farmacocinéticos 1 707 1 3095,	
Parámetros 1 707 1 3091,	
Individuos 2 707 2 3089,3092,	
Renal 1 707 1 3087,	
diferentes 1 707 1 3083,	
farmacocinéticos 1 707 1 3080,	
amarillo 1 707 1 3501,	
SD 1 707 1 3077,	
Media 1 707 1 3075,	
Comparación 1 707 1 3072,	
resultados 1 707 1 3065,	
disminuida 1 707 1 3054,	
CL/F 2 707 2 3053,3121,	
daño 1 707 1 3029,	
modificó 1 707 1 3025,	
endógeno 1 707 1 3015,	
25(OH)2D3 1 707 1 3014,	
De 1 707 1 3009,	
(DP)] 1 707 1 3008,	
n=8 1 707 1 3004,	
terminal 1 707 1 2994,	
29 1 707 1 2984,	
GFR=13 1 707 1 2981,	
m2) 2 707 2 2973,2988,	
73 2 707 2 2972,2987,	
ml/min/1 2 707 2 2971,2986,	
59 1 707 1 2969,	
GFR=36 1 707 1 2966,	
(n=15 1 707 1 2965,	
única 1 707 1 2950,	
determinó 1 707 1 2943,	
influencia 1 707 1 2925,	
similar 2 707 2 2894,3011,	
(n=10) 1 707 1 2887,	
normal 1 707 1 2886,	
Child-Pugh) 1 707 1 2879,	
criterio 1 707 1 2878,	
acuerdo 1 707 1 2875,	
(de 1 707 1 2874,	
(n=5) 2 707 2 2870,2873,	
farmacocinético 2 707 2 2858,3224,	
comportamiento 1 707 1 2857,	
comparó 1 707 1 2855,	
intravenoso 1 707 1 2853,	
sexo 1 707 1 2844,	
independiente 1 707 1 2842,	
mcg/kg 1 707 1 2840,	
Sexo 1 707 1 2822,	
18 1 707 1 2820,	
Pediatría 1 707 1 2807,	
años 3 707 3 2806,2821,3534,	
65 1 707 1 2805,	
farmacocinética 7 707 7 2798,2813,2824,2889,2933,2939,3017,	
concordante 1 707 1 2771,	
acumulación 1 707 1 2769,	
grado 1 707 1 2767,	
estudiado 4 707 4 2758,2796,2811,2923,	
siete 1 707 1 2751,	
cinco 1 707 1 2749,	
semivida 3 707 3 2742,2774,3060,	
voluntarios 1 707 1 2739,	
Eliminación 1 707 1 2737,	
directa 1 707 1 2736,	
glucuronización 1 707 1 2735,	
dihidroxilación 1 707 1 2733,	
26- 1 707 1 2729,	
incluyen 1 707 1 2721,	
identificados 1 707 1 2720,	
CYP3A4 1 707 1 2715,	
mitocondrial 1 707 1 2712,	
CYP24 1 707 1 2711,	
hepáticas 2 707 2 2706,2709,	
metabolizado 1 707 1 2702,	
toxicológicos 1 707 1 3271,	
Datos 2 707 2 2695,3260,	
rata 1 707 1 2690,	
modelo 1 707 1 2686,	
activo 1 707 1 2681,	
24(R)-hidroxi 2 707 2 2667,2677,	
identificó 2 707 2 2665,2676,	
plasma 1 707 1 2660,	
detectaron 1 707 1 2658,	
menores 2 707 2 2653,2818,	
metabolitos 2 707 2 2652,2719,	
Dos 1 707 1 2651,	
provenía 1 707 1 2647,	
exposición 2 707 2 2645,3444,	
28- 1 707 1 2732,	
parte 1 707 1 2642,	
recuperó 1 707 1 2637,	
18% 1 707 1 2635,	
eliminó 1 707 1 2630,	
radiactividad 1 707 1 2628,	
70% 1 707 1 2625,	
Aproximadamente 1 707 1 2623,	
orina 2 707 2 2622,2639,	
encontró 1 707 1 2618,	
heces 2 707 2 2614,2632,	
inalterado 2 707 2 2612,2620,	
excreto 1 707 1 2611,	
Tan 1 707 1 2604,	
metabolizó 1 707 1 2602,	
HD 1 707 1 3101,	
3H-paricalcitol 1 707 1 2597,	
Excreción 1 707 1 2584,	
Metabolismo 1 707 1 2582,	
litros 1 707 1 2581,	
34 1 707 1 2580,	
distribución 1 707 1 2576,	
aparente 1 707 1 2574,	
024 1 707 1 2544,	
10 2 707 2 2541,3670,	
01 3 707 3 2539,3180,3185,	
54 1 707 1 2531,	
sangre 1 707 1 2521,	
medio 2 707 2 2517,2577,	
(>99%) 1 707 1 2514,	
plasmáticas 1 707 1 2513,	
ampliamente 2 707 2 2510,2603,	
une 1 707 1 2509,	
Distribución 1 707 1 2506,	
alcanza 1 707 1 2486,	
estacionario 1 707 1 2484,	
Tras 4 707 4 2476,2560,2585,3211,	
48 4 707 4 2471,2594,2764,2839,	
06 5 707 5 2468,2761,2836,3177,3182,	
proporcionalmente 1 707 1 2460,	
incrementaron 1 707 1 2459,	
ayunas 1 707 1 2441,	
grasa 1 707 1 2432,	
calcémica 1 707 1 3285,	
rica 1 707 1 2430,	
comida 1 707 1 2429,	
administra 1 707 1 2426,	
inalterados 1 707 1 2423,	
permanecen 1 707 1 2422,	
Cmax 2 707 2 2418,2454,	
mostrados 1 707 1 2414,	
sujetos 3 707 3 2411,2570,2882,	
112% 1 707 1 2402,	
93% 1 707 1 2400,	
unión 2 707 2 2397,2553,	
95% 1 707 1 2395,	
etapa 1 707 1 2993,	
confianza 1 707 1 2393,	
intervalo 1 707 1 2391,	
respectivamente 2 707 2 2388,2403,	
86% 1 707 1 2387,	
(DP) 1 707 1 2382,	
(HD) 2 707 2 2378,3002,	
genética 1 707 1 3419,	
pmolh/ml) 1 707 1 2366,	
(12 1 707 1 2364,	
ngh/ml 1 707 1 2363,	
25 2 707 2 2362,3104,	
(AUC0-) 1 707 1 2359,	
REVISIÓN 1 707 1 3673,	
mcg/kg) 1 707 1 2863,	
concentración-tiempo 1 707 1 2358,	
curva 1 707 1 2356,	
área 1 707 1 2353,	
indicaron 1 707 1 3431,	
horas 2 707 2 2350,2752,	
pmol/ml) 2 707 2 2346,2547,	
(1 1 707 1 2344,	
ng/ml 2 707 2 2343,2542,	
630 1 707 1 2342,	
(Cmax) 1 707 1 2338,	
plasmática 2 707 2 2336,2527,	
concentración 4 707 4 2335,2526,2536,3205,	
72%; 1 707 1 2333,	
aproximadamente 1 707 1 2331,	
absoluta 2 707 2 2328,2369,	
recién 1 707 1 3405,	
biodisponibilidad 2 707 2 2327,2368,	
microgramos/kg 5 707 5 2323,2472,2568,2595,2765,	
vía 2 707 2 2318,3220,	
sanos 9 707 9 2312,2412,2475,2481,2571,2740,3069,3090,3096,	
buena 1 707 1 2309,	
farmacocinéticas 1 707 1 2302,	
88% 1 707 1 2281,	
consistente 1 707 1 2263,	
68023 1 707 1 3651,	
semicuantitativas 1 707 1 2250,	
tiras 1 707 1 2249,	
determinadas 1 707 1 2247,	
urinarias 1 707 1 2246,	
generalmente 1 707 1 3280,	
proteínas 2 707 2 2245,2512,	
disminución 2 707 2 2242,3299,	
número 1 707 1 2225,	
creatinina 1 707 1 2209,	
MDRD) 1 707 1 2206,	
(a 1 707 1 2201,	
glomerular 1 707 1 2200,	
filtración 1 707 1 2199,	
estimado 1 707 1 2197,	
índice 2 707 2 2196,2516,	
detectó 1 707 1 2185,	
producido 1 707 1 2178,	
alto 1 707 1 2175,	
asocia 1 707 1 2170,	
comparación 4 707 4 2160,2217,2434,3062,	
osteocalcina 1 707 1 2157,	
sérica 3 707 3 2154,2158,2210,	
específica 1 707 1 2152,	
alcalina 1 707 1 2151,	
(l/h) 1 707 1 3122,	
fosfatasa 1 707 1 2150,	
significativa 1 707 1 2145,	
redujeron 1 707 1 2142,	
001) 3 707 3 2134,2147,2298,	
(p<0 3 707 3 2133,2146,2297,	
original 2 707 2 2600,2650,	
13% 2 707 2 2126,2290,	
91% 1 707 1 2117,	
valores 3 707 3 2109,2273,3312,	
consecutivas 2 707 2 2105,2269,	
reducciones 2 707 2 2104,2268,	
consiste 1 707 1 2099,	
principal 2 707 2 2093,2258,	
variable 2 707 2 2092,2257,	
3-4 1 707 1 2090,	
clínica 1 707 1 2085,	
Eficacia 1 707 1 2084,	
asociada 1 707 1 2078,	
metabólica 1 707 1 2077,	
tratar 1 707 1 2074,	
homeostasis 1 707 1 2066,	
normalización 1 707 1 2063,	
mineralización 1 707 1 2054,	
superficie 1 707 1 2052,	
óseo 2 707 2 2048,2177,	
volumen 2 707 2 2047,2573,	
mantener 1 707 1 2045,	
óseas 1 707 1 2043,	
células 2 707 2 2042,2558,	
directamente 1 707 1 2039,	
Puede 2 707 2 2037,3595,	
impacto 1 707 1 2029,	
mínimo 1 707 1 2028,	
PTH 3 707 3 2025,2061,2694,	
secreción 1 707 1 2023,	
síntesis 1 707 1 2021,	
disminuyendo 1 707 1 2019,	
validez 1 707 1 3532,	
proliferación 1 707 1 2016,	
inhibiendo 1 707 1 2014,	
(PTH) 1 707 1 2013,	
reduce 1 707 1 2007,	
resultado 1 707 1 2005,	
sensibles 1 707 1 1997,	
ósea 2 707 2 1991,2153,	
resorción 1 707 1 1990,	
intestinales 1 707 1 1983,	
alcanzo 2 707 2 2114,2278,	
incremento 2 707 2 1979,3057,	
glándulas 2 707 2 1974,2002,	
RVD 2 707 2 1971,1982,	
selectivamente 1 707 1 1969,	
aumenta 2 707 2 1968,1994,	
postnatal 1 707 1 3402,	
(RVD) 1 707 1 1966,	
selectiva 1 707 1 1958,	
activación 1 707 1 1957,	
permiten 1 707 1 1955,	
(19-nor) 1 707 1 1953,	
A 2 707 2 1952,3626,	
anillo 1 707 1 1951,	
(D2) 1 707 1 1947,	
lateral 1 707 1 1946,	
cadena 2 707 2 1945,3472,	
modificaciones 1 707 1 1942,	
presenta 1 707 1 1941,	
calcitriol 1 707 1 1939,	
sintético 1 707 1 1934,	
origen 1 707 1 1933,	
Mecanismo 1 707 1 1924,	
A11CC07 1 707 1 1923,	
ATC 1 707 1 1922,	
código 1 707 1 1921,	
farmacoterapéutico 1 707 1 1916,	
Grupo 1 707 1 1915,	
farmacodinámicas 1 707 1 1914,	
Propiedades 2 707 2 1913,2301,	
	5 1 707 1 1911,	
ESTE 1 707 1 1909,	
DE 8 707 8 1908,3618,3621,3636,3638,3660,3665,3672,	
FARMACOLÓGICAS 1 707 1 1907,	
PROPIEDADES 1 707 1 1906,	
apropiada 1 707 1 1904,	
diuresis 1 707 1 1903,	
inducir 1 707 1 1901,	
así 3 707 3 1897,2713,2726,	
corticoesteroides 1 707 1 1896,	
fosfatos 1 707 1 1894,	
ciertosmedicamentos 1 707 1 1892,	
tratarse 1 707 1 1887,	
grave 3 707 3 1885,2930,2979,	
farmacológica 1 707 1 1880,	
acción 2 707 2 1879,1926,	
corta 1 707 1 1875,	
relativa 1 707 1 1874,	
debido 1 707 1 1871,	
implementacion 1 707 1 1867,	
innecesaria 1 707 1 1865,	
consideran 1 707 1 1864,	
baja 2 707 2 1860,2552,	
dieta 1 707 1 1859,	
significativo 1 707 1 3396,	
iniciar 1 707 1 1857,	
suplementos 1 707 1 1853,	
indica 1 707 1 2550,	
recomienda 1 707 1 1848,	
esténn 1 707 1 1838,	
hipercalciemia 1 707 1 1829,	
producidas 1 707 1 1826,	
electrocardiográficas 1 707 1 1825,	
evaluación 1 707 1 1822,	
urinaria 1 707 1 1818,	
excreción 1 707 1 1817,	
velocidad 1 707 1 1815,	
calcio) 1 707 1 1814,	
(especialmente 1 707 1 1813,	
electrolitos 1 707 1 1811,	
seriadas 1 707 1 1809,	
determinaciones 1 707 1 1808,	
eliminación 4 707 4 1803,2744,2787,3609,	
facilitar 1 707 1 1801,	
mineral 1 707 1 1799,	
través 2 707 2 1792,2202,	
pasado 1 707 1 1790,	
prevenir 2 707 2 1781,2072,	
lavado 1 707 1 1778,	
realización 1 707 1 1775,	
vómito 1 707 1 1772,	
cerrados 1 707 1 3563,	
inducción 1 707 1 1770,	
beneficiosa 1 707 1 1768,	
corto 1 707 1 1765,	
relativamente 1 707 1 1764,	
ingestión 1 707 1 1755,	
descubre 1 707 1 1753,	
mantenimiento 1 707 1 1750,	
medidas 3 707 3 1747,1870,1899,	
consistir 1 707 1 1745,	
aguda 1 707 1 1740,	
accidental 2 707 2 1739,1845,	
sobredosis 2 707 2 1738,1844,	
similares 1 707 1 1733,	
anomalías 2 707 2 1732,1824,	
fosfato 1 707 1 1725,	
El 4 707 4 1719,1734,2515,2766,	
hiperfosfatemia 1 707 1 1710,	
hipercalciuria 1 707 1 1709,	
anormales 1 707 1 2059,	
excesode 1 707 1 1703,	
9 6 707 6 1698,2967,3150,3165,3172,3658,	
Acné 1 707 1 1693,	
reproductor 1 707 1 1683,	
Frecuente 2 707 2 1679,1694,	
Mareo 1 707 1 1678,	
nutricionales 1 707 1 1673,	
metabólicos 1 707 1 1671,	
crítica 1 707 1 1833,	
Frecuencia 1 707 1 1667,	
Término 1 707 1 1665,	
Sistema 1 707 1 1664,	
III 1 707 1 1657,	
Absorción 1 707 1 2303,	
Fase 1 707 1 1656,	
pivotal 1 707 1 1654,	
informes 1 707 1 1643,	
<1/1000); 1 707 1 1638,	
1/100); 1 707 1 1634,	
(1/1000 1 707 1 1632,	
clasificados 1 707 1 1606,	
relacionados 2 707 2 1597,2654,	
definidos 1 707 1 1592,	
24(R)-hidroxilación 1 707 1 2725,	
media 3 707 3 2329,2370,3473,	
adversos 1 707 1 1586,	
Todos 1 707 1 1583,	
4%) 1 707 1 1582,	
(1/26 1 707 1 1581,	
10%) 1 707 1 1577,	
sistémica 2 707 2 2646,3445,	
(6/61 1 707 1 1576,	
(0/26 1 707 1 1566,	
(1/61 1 707 1 1561,	
paratiroides 2 707 2 1975,2003,	
88 1 707 1 1530,	
incluyó 1 707 1 1529,	
frente 6 707 6 1525,1563,1578,2124,2234,2288,	
controlado 1 707 1 1524,	
12 1 707 1 1517,	
multicéntrico 1 707 1 1515,	
clínico 2 707 2 1514,1653,	
ensayo 2 707 2 1513,1652,	
evaluada 1 707 1 1510,	
mejorar 1 707 1 2050,	
sido 1 707 1 1509,	
subcutáneo 2 707 2 1495,1696,	
Madrid 1 707 1 3632,	
piel 2 707 2 1491,1690,	
nervioso 2 707 2 1487,1677,	
oral 5 707 5 2319,2588,3023,3221,3222,	
conjuntivo 1 707 1 1483,	
tejido 3 707 3 1482,1494,1695,	
musculoesqueléticos 1 707 1 1479,	
Sobredosis 1 707 1 1699,	
Función 1 707 1 1473,	
Pruebas 1 707 1 1470,	
Hipersensibilidad 1 707 1 1467,	
inmune 1 707 1 1466,	
boca 1 707 1 1460,	
Sequedad 1 707 1 1458,	
gastrointestinales 2 707 2 1457,1669,	
Trastornos 10 707 10 1456,1463,1478,1484,1488,1668,1670,1674,1680,1687,	
ERC 4 707 4 1450,1533,3093,3094,	
pecho 1 707 1 1686,	
notificadas 2 707 2 1445,1649,	
aislados 2 707 2 1440,1644,	
casos 1 707 1 1439,	
(<1/10 1 707 1 1436,	
corrección 2 707 2 2056,2173,	
000); 1 707 1 1433,	
<1/1 1 707 1 1432,	
(1/10 1 707 1 1429,	
<1/100); 1 707 1 1427,	
000 2 707 2 1425,1430,	
(1/1 1 707 1 1424,	
<1/10); 2 707 2 1421,1629,	
(1/100 2 707 2 1419,1627,	
frecuente 9 707 9 1416,1418,1423,1462,1469,1477,1624,1626,1631,	
grupos 2 707 2 1412,1620,	
siguientes 2 707 2 1411,1619,	
utilizan 2 707 2 1409,1617,	
Glicerol 1 707 1 3482,	
preferente 3 707 3 1404,1612,1666,	
sistémicas 1 707 1 3456,	
término 2 707 2 1403,1611,	
MedDRA 2 707 2 1402,1610,	
sistema 6 707 6 1401,1465,1486,1609,1676,1682,	
según 2 707 2 1399,1607,	
clasificadas 1 707 1 1398,	
muestran 2 707 2 1393,1601,	
múltiples 2 707 2 2478,2704,	
relacionadas 1 707 1 1389,	
posiblemente 2 707 2 1388,1596,	
definidas 1 707 1 1384,	
laboratorio 3 707 3 1383,1472,1591,	
clínicas 1 707 1 1380,	
Todas 1 707 1 1375,	
Incompatibilidades 1 707 1 3525,	
2% 2 707 2 1370,2607,	
cutánea 1 707 1 1366,	
digitálicos 1 707 1 1840,	
laerupción 1 707 1 1365,	
notificada 1 707 1 1355,	
adversa 1 707 1 1354,	
reacción 1 707 1 1353,	
6%) 1 707 1 1351,	
(7/111 1 707 1 1350,	
fecal 1 707 1 1804,	
12%) 1 707 1 1347,	
(13/106 1 707 1 1346,	
elevado 3 707 3 1344,1573,1721,	
biológicamente 1 707 1 1935,	
elo 1 707 1 1340,	
relación 2 707 2 1338,2523,	
encontraron 1 707 1 1336,	
Tampoco 1 707 1 1334,	
0%) 2 707 2 1333,1568,	
(0/111 1 707 1 1332,	
vs 2 707 2 1330,1348,	
2%) 2 707 2 1329,1562,	
(2/106 1 707 1 1328,	
tratados 15 707 15 1318,1324,1361,1545,1551,2121,2130,2138,2164,2213,2221,2231,2237,2285,2294,	
significativas 2 707 2 1314,1541,	
estadísticamente 2 707 2 1313,1540,	
hubo 3 707 3 1311,1538,3350,	
Poco 3 707 3 1461,1468,1476,	
incidencia 2 707 2 1307,1556,	
enfermedad 7 707 7 1297,1659,2081,2954,2997,3042,3228,	
220 1 707 1 1294,	
multicéntricos 1 707 1 1288,	
controlados 1 707 1 1285,	
ciego 2 707 2 1284,1522,	
incluyendo 3 707 3 1438,1642,2710,	
doble 2 707 2 1283,1521,	
duración 3 707 3 1282,1520,1876,	
sanguíneas 1 707 1 2559,	
semanas 2 707 2 1280,1518,	
24 7 707 7 1279,2322,2546,2567,2728,2731,2862,	
clínicos 4 707 4 1277,1448,1588,3337,	
ensayos 3 707 3 1276,1447,3416,	
evaluado 3 707 3 1265,1273,2901,	
adversas 4 707 4 1255,1378,1444,1648,	
Reacciones 3 707 3 1254,1443,1647,	
insignificantes 1 707 1 1251,	
sean 1 707 1 1250,	
esperable 1 707 1 1236,	
embargo 1 707 1 1234,	
efectos 4 707 4 1224,1239,1585,3289,	
estudios 3 707 3 1221,3270,3336,	
realizado 2 707 2 1220,2850,	
máquinas 3 707 3 1216,1232,1249,	
conducir 3 707 3 1213,1229,1246,	
capacidad 3 707 3 1211,1227,1244,	
Efectos 1 707 1 1208,	
periodo 2 707 2 1203,1761,	
excretan 1 707 1 1187,	
activas 1 707 1 1185,	
participaron 1 707 1 1293,	
sustancias 1 707 1 1184,	
Debido 1 707 1 1180,	
humana 2 707 2 1179,1191,	
leche 2 707 2 1178,1190,	
elimina 1 707 1 1175,	
Lactancia 1 707 1 1169,	
blisteres 1 707 1 3585,	
claramente 2 707 2 1167,3294,	
utilizar 3 707 3 1162,1215,1248,	
salvo 1 707 1 1164,	
humano 3 707 3 1155,2661,3438,	
potencial 2 707 2 1148,3410,	
riesgo 2 707 2 1147,3433,	
(<1/10000) 1 707 1 1641,	
desconoce 2 707 2 1145,1171,	
3) 1 707 1 1143,	
apartado 2 707 2 1141,3255,	
(ver 2 707 2 1140,3254,	
reproductiva 1 707 1 1139,	
mostrado 1 707 1 1137,	
obtenidos 1 707 1 3066,	
animales 2 707 2 1135,3372,	
Estudios 2 707 2 1133,3425,	
embarazadas 1 707 1 1132,	
mujeres 2 707 2 1131,1201,	
suficientes 1 707 1 1124,	
512 1 707 1 2345,	
hay 1 707 1 1122,	
raro 4 707 4 1428,1435,1635,1640,	
lactancia 2 707 2 1120,1205,	
Embarazo 1 707 1 1118,	
administre 2 707 2 1112,1198,	
precaución 2 707 2 1109,1195,	
Vitamina 4 707 4 1104,1917,1930,1964,	
análogos 2 707 2 1102,1920,	
metabolismo 1 707 1 1096,	
responsables 1 707 1 1094,	
enzimas 2 707 2 1093,2705,	
interaccionar 1 707 1 1090,	
sugieren 2 707 2 1086,2698,	
disponibles 1 707 1 1085,	
vitro 2 707 2 1084,3421,	
e 3 707 3 1082,1856,3422,	
vivo 4 707 4 1081,2688,2697,3424,	
in 6 707 6 1080,1083,2687,2696,3420,3423,	
datos 2 707 2 1079,1123,	
variasenzimas 1 707 1 1074,	
inhibidor 1 707 1 1070,	
Se 9 707 9 1064,1106,1144,1263,1408,1616,1805,1863,3375,	
doblaba 1 707 1 1059,	
prácticamente 1 707 1 1058,	
coadministración 1 707 1 1055,	
demostró 1 707 1 1052,	
ketoconazol 5 707 5 1051,1057,1067,1088,1115,	
estudio 6 707 6 1047,2097,2262,2405,2849,2904,	
Un 4 707 4 1046,2224,2404,2662,	
interacción 3 707 3 1045,1049,2407,	
formas 1 707 1 1043,	
versus 1 707 1 3088,	
medicamentos 2 707 2 1040,3688,	
Interacción 1 707 1 1036,	
secciones 1 707 1 1029,	
Ver 1 707 1 1028,	
(alcohol) 1 707 1 1027,	
etanol 1 707 1 1026,	
cantidad 1 707 1 1024,	
pequeña 1 707 1 1023,	
Este 2 707 2 1019,3541,	
dichos 1 707 1 1010,	
relevante 1 707 1 994,	
clínicamente 1 707 1 993,	
produce 2 707 2 990,3393,	
deseados 1 707 1 974,	
fisiológicos 1 707 1 973,	
recambio 2 707 2 968,2176,	
osteodistrofia 2 707 2 965,2076,	
desencadenar 1 707 1 963,	
elevación 1 707 1 955,	
producir 4 707 4 954,1707,1731,1977,	
excesiva 2 707 2 948,1714,	
significativamente 3 707 3 2226,2784,3026,	
supresión 3 707 3 947,1713,2692,	
Una 2 707 2 946,1883,	
precauciones 1 707 1 942,	
Advertencias 1 707 1 940,	
hipersensibilidad 1 707 1 929,	
D 6 707 6 926,1105,1918,1931,1965,3366,	
vitamina 2 707 2 925,3365,	
toxicidad 3 707 3 923,1138,3418,	
fertilidad 1 707 1 3345,	
± 16 707 16 3076,3125,3130,3135,3140,3145,3151,3156,3161,3166,3171,3178,3183,3188,3193,3198,	
evidencia 2 707 2 921,3351,	
Contraindicaciones 1 707 1 912,	
activa 2 707 2 1936,1987,	
mayores 2 707 2 909,2803,	
individuos 5 707 5 908,2311,2474,2480,3068,	
sensibilidad 1 707 1 905,	
mayor 4 707 4 904,1357,2227,2641,	
descartarse 1 707 1 902,	
jóvenes 1 707 1 898,	
años) 1 707 1 893,	
75 1 707 1 892,	
individual 1 707 1 2830,	
- 1 707 1 891,	
(65 1 707 1 890,	
geriátricos 1 707 1 889,	
enpacientes 1 707 1 888,	
observada 2 707 2 887,1367,	
diferencias 3 707 3 881,1312,1539,	
observaron 1 707 1 880,	
Ancianos 2 707 2 875,2792,	
pediátricos 1 707 1 874,	
eficacia 4 707 4 868,886,2095,2260,	
seguridad 5 707 5 866,884,1267,1502,3263,	
establecido 1 707 1 864,	
negra 1 707 1 3507,	
pediátrica 1 707 1 860,	
Población 1 707 1 859,	
(1/10000 1 707 1 1636,	
reacciones 1 707 1 1377,	
leve 3 707 3 856,2869,2917,	
ajuste 3 707 3 846,2908,3246,	
requiere 6 707 6 845,976,2907,3244,3544,3611,	
No 13 707 13 843,861,1121,1217,1537,2183,2793,2808,2905,2920,3323,3526,3610,	
hepática 9 707 9 842,854,1474,2846,2868,2885,2900,2915,2929,	
Insuficiencia 4 707 4 841,2845,2936,3086,	
especiales 7 707 7 840,943,2791,3538,3546,3607,3613,	
Poblaciones 2 707 2 839,2790,	
moderada 5 707 5 838,858,2872,2919,2964,	
proporción 1 707 1 828,	
generales 1 707 1 1748,	
justificarse 1 707 1 826,	
realiza 1 707 1 815,	
situaciones 1 707 1 803,	
estable 1 707 1 801,	
dePTHi 1 707 1 800,	
pequeños 1 707 1 790,	
realizar 2 707 2 789,1807,	
necesario 2 707 2 788,1168,	
* 1 707 1 3201,	
sea 2 707 2 787,1166,	
pg/ml) 1 707 1 784,	
79% 1 707 1 2385,	
(150-300 1 707 1 783,	
diana 1 707 1 782,	
específico 2 707 2 1072,3434,	
aproxima 1 707 1 779,	
Cuando 1 707 1 775,	
normalicen 1 707 1 774,	
parámetros 3 707 3 772,2190,3079,	
paricalcitol 53 707 53 764,1063,1098,1113,1129,1163,1173,1199,1241,1269,1320,1363,1391,1507,1547,1599,1882,2006,2123,2140,2215,2233,2287,2307,2325,2372,2427,2439,2458,2519,2564,2656,2668,2678,2683,2700,2746,2789,2800,2815,2826,2860,2891,2935,2941,3019,3210,3218,3226,3287,3339,3379,3447,	
ajustes 2 707 2 757,791,	
requieren 1 707 1 755,	
[PTHi/7 1 707 1 751,	
(0 2 707 2 2543,2861,	
calculada 1 707 1 742,	
respecto 2 707 2 739,894,	
UGT1A4 1 707 1 2717,	
AUC0- 3 707 3 1061,2421,2456,	
150 1 707 1 728,	
(5 1 707 1 723,	
70 1 707 1 721,	
producto 2 707 2 715,2723,	
mmol/l) 1 707 1 712,	
8 11 707 11 711,1253,3108,3129,3139,3142,3144,3147,3153,3155,3634,	
(2 1 707 1 710,	
mg/dl 1 707 1 709,	
11 1 707 1 707,	
general 1 707 1 877,	
libre 2 707 2 698,2892,	
administrarseun 1 707 1 694,	
preclínicos 1 707 1 3261,	
disminuirse 2 707 2 688,733,	
quelante 2 707 2 686,695,	
2006 1 707 1 3669,	
recibiendo 3 707 3 675,999,1839,	
paciente 3 707 3 673,980,997,	
P 3 707 3 670,718,813,	
P450 2 707 2 656,1077,	
citocromo 2 707 2 655,1076,	
3A 1 707 1 653,	
Advertencia 1 707 1 1016,	
isoenzimas 1 707 1 652,	
delas 1 707 1 651,	
potentes 1 707 1 650,	
inhibidores 1 707 1 649,	
Butilhidroxitolueno 1 707 1 3475,	
conjunta 1 707 1 647,	
después 2 707 2 631,2313,	
monitorizarse 1 707 1 629,	
7 10 707 10 620,1207,2489,3160,3162,3170,3575,3593,3616,3684,	
(pmol/l) 2 707 2 619,752,	
ó 4 707 4 609,812,3576,3583,	
Triglicéridos 1 707 1 3470,	
(pg/ml) 2 707 2 608,750,	
reciente 2 707 2 607,618,	
nivel 3 707 3 603,614,745,	
= 2 707 2 602,613,	
(microgramos) 2 707 2 601,612,	
fórmula 2 707 2 598,2205,	
siguiente 1 707 1 597,	
basa 1 707 1 594,	
sugerida 1 707 1 592,	
calcularse 1 707 1 570,	
posteriores 1 707 1 568,	
Las 3 707 3 566,3264,3439,	
MINISTERIO 2 707 2 565,1374,	
32 1 707 1 560,	
máxima 3 707 3 557,2337,2398,	
/7] 1 707 1 553,	
[(pmol/l) 1 707 1 552,	
(pg/ml)/60 1 707 1 551,	
semana 2 707 2 524,824,	
actuar 1 707 1 2038,	
veces 1 707 1 521,	
administrarse 1 707 1 519,	
5 21 707 21 516,1035,1142,1500,1536,1663,1905,2255,2299,2361,2991,3038,3050,3071,3132,3134,3149,3167,3239,3258,3550,	
apropiado 1 707 1 511,	
rango 7 707 7 510,781,2463,2534,2755,2833,2897,	
reiniciarse 1 707 1 492,	
interrumpe 1 707 1 488,	
afecta 2 707 2 2783,3387,	
temporalmente 1 707 1 485,	
interrumpir 2 707 2 484,1849,	
alternativa 1 707 1 474,	
Ca 3 707 3 668,716,811,	
Como 2 707 2 473,2004,	
contenido 4 707 4 470,680,1004,3553,	
quelantes 4 707 4 466,676,1000,1011,	
retirar 1 707 1 462,	
reducir 2 707 2 460,481,	
placebo 13 707 13 1287,1326,1331,1349,1527,1553,1565,1580,2132,2166,2223,2239,2296,	
mmol2/l2) 2 707 2 457,725,	
(4 1 707 1 455,	
mg2/dl2 2 707 2 454,722,	
55 1 707 1 453,	
deterioro 1 707 1 2187,	
superiores 2 707 2 451,3450,	
calcio-fósforo 4 707 4 450,506,1343,1572,	
balance 5 707 5 449,505,667,1342,1571,	
reducirse 2 707 2 766,1013,	
persistentes 1 707 1 447,	
elevados 2 707 2 446,661,	
observan 2 707 2 442,659,	
Si 8 707 8 440,486,657,701,753,988,1751,1786,	
periodos 2 707 2 435,638,	
durante 4 707 4 433,636,644,3368,	
viabilidad 1 707 1 3390,	
inicio 2 707 2 429,633,	
monitorizados 1 707 1 426,	
deben 4 707 4 423,569,628,1806,	
Los 6 707 6 418,621,1078,2718,3039,3288,	
dosificación 2 707 2 417,2779,	
disminuirla 1 707 1 414,	
regímenes 1 707 1 405,	
menor 3 707 3 402,496,819,	
(n=14 1 707 1 2980,	
tomando 1 707 1 399,	
estén 3 707 3 398,507,3598,	
requieran 1 707 1 391,	
Dicha 1 707 1 1830,	
caso 2 707 2 387,1842,	
En 9 707 9 385,802,876,1305,1841,2135,2310,2738,2847,	
administrada 1 707 1 373,	
conclusiones 1 707 1 3265,	
(7 1 707 1 368,	
60% 2 707 2 360,363,	
30% 1 707 1 355,	
experimentaron 1 707 1 2240,	
< 3 707 3 354,359,365,	
Disminuidos 3 707 3 353,356,361,	
aumentados 1 707 1 352,	
Iguales 1 707 1 350,	
comparados 1 707 1 342,	
titulación 8 707 8 328,437,589,600,611,640,836,983,	
realice 1 707 1 326,	
han 4 707 4 1136,1219,2413,3325,	
sugiere 1 707 1 323,	
consumo 1 707 1 1720,	
muestra 2 707 2 320,3034,	
tabla 4 707 4 318,1396,1604,3037,	
000) 1 707 1 1437,	
fósforo 9 707 9 315,468,586,627,678,697,1002,2036,2070,	
sérico 4 707 4 313,316,664,704,	
calcio 19 707 19 312,422,472,502,584,625,663,682,700,703,961,1006,1723,1820,1855,1862,1999,2034,2068,	
monitorización 4 707 4 310,808,978,1831,	
séricos 8 707 8 306,420,500,581,587,623,959,1812,	
plasmáticos 2 707 2 304,579,	
individualizada 4 707 4 298,573,795,984,	
manera 3 707 3 297,572,3010,	
atribuidas 1 707 1 3281,	
Titulación 3 707 3 288,334,562,	
superior 2 707 2 282,378,	
frecuencia 10 707 10 281,376,415,818,1358,1407,1414,1615,1622,2777,	
*No 1 707 1 277,	
> 4 707 4 268,362,706,720,	
pmol/l) 3 707 3 263,272,369,	
(56 2 707 2 262,271,	
(1/10); 2 707 2 1417,1625,	
pg/ml 4 707 4 261,270,367,729,	
500 2 707 2 260,269,	
diario 3 707 3 259,349,406,	
PTHi 13 707 13 257,308,339,364,583,605,616,727,747,777,810,2112,2276,	
Niveles 2 707 2 255,337,	
reciente/60 1 707 1 749,	
Régimen 3 707 3 251,258,348,	
[n=14 1 707 1 2999,	
(PTHi) 2 707 2 246,550,	
intacta 2 707 2 245,549,	
paratiroidea 6 707 6 244,548,952,1718,2012,2017,	
hormona 5 707 5 243,547,951,1717,2011,	
basales 6 707 6 241,256,346,545,2110,2274,	
niveles 16 707 16 240,303,344,419,445,499,544,578,622,660,799,958,972,2009,2032,2058,	
función 7 707 7 237,300,541,575,2193,2884,2899,	
calcular 3 707 3 235,295,539,	
La 19 707 19 230,291,317,530,588,1352,1501,1700,2055,2091,2256,2304,2367,2453,2640,2780,2823,2888,2938,	
inicial 7 707 7 229,232,250,529,532,558,832,	
aceite 1 707 1 1798,	
Dosis 8 707 8 228,249,340,528,599,610,3109,3359,	
Tabla 5 707 5 247,332,1441,1645,3070,	
alternos 4 707 4 227,287,383,527,	
días 5 707 5 226,286,382,526,2490,	
semanales 3 707 3 224,411,2505,	
tres 6 707 6 222,253,409,520,1275,2503,	
régimen 2 707 2 220,2494,	
diaria 2 707 2 217,2498,	
dosis 44 707 44 216,223,231,254,290,292,331,336,396,401,410,439,464,476,495,531,556,564,567,591,642,684,731,759,794,831,849,987,1008,2465,2477,2497,2504,2562,2591,2757,2829,2910,2949,3248,3273,3382,3440,3453,	
elrégimen 1 707 1 213,	
>30% 3 707 3 358,2106,2270,	
día 1 707 1 210,	
vez 2 707 2 208,822,	
administrar 3 707 3 206,278,917,	
debe 14 707 14 205,234,294,459,518,538,732,765,916,1012,1107,1161,1193,1744,	
(ERC) 2 707 2 198,2957,	
Enfermedad 6 707 6 195,512,1256,1496,2086,2251,	
alcanzar 2 707 2 797,970,	
alimentos 3 707 3 194,2409,2452,	
x 2 707 2 669,717,	
administración 11 707 11 186,646,1701,1796,1851,2316,2437,2587,2946,3022,3213,	
forma 2 707 2 184,2144,	
Posología 1 707 1 182,	
peritoneal 3 707 3 179,2381,3007,	
diálisis 3 707 3 178,2380,3006,	
o 28 707 28 177,192,305,351,407,444,461,482,580,665,689,691,713,726,767,928,1014,1230,1247,1569,1773,2073,2450,2960,2976,2992,3357,3454,	
reducción 1 707 1 393,	
hemodiálisis 4 707 4 176,2377,2781,3001,	
sometidos 2 707 2 174,2375,	
pacientes 31 707 31 173,389,851,873,896,919,1295,1317,1323,1360,1373,1531,1544,1550,1836,2120,2129,2137,2163,2212,2220,2230,2284,2293,2374,2802,2817,2865,2912,2952,3040,	
5) 1 707 1 171,	
estadío 9 707 9 170,515,1499,1535,1662,2254,2958,2974,2990,	
crónico 1 707 1 166,	
fallo 1 707 1 164,	
4) 1 707 1 162,	
estadíos 9 707 9 159,199,1259,1301,1452,2089,3046,3084,3235,	
hipercalcemia 8 707 8 443,927,992,1309,1558,1708,1884,3297,	
(enfermedad 2 707 2 156,167,	
crónica 15 707 15 155,158,169,197,514,1258,1299,1498,1661,2083,2088,2253,2956,3044,3230,	
renal 22 707 22 154,157,165,168,196,513,1257,1298,1497,1660,2082,2087,2194,2252,2937,2955,2963,2978,2998,3030,3043,3229,	
insuficiencia 7 707 7 153,853,2867,2914,2928,2962,2977,	
asociado 1 707 1 151,	
secundario 2 707 2 150,2182,	
hiperparatiroidismo 2 707 2 149,2181,	
tratamiento 5 707 5 147,431,490,635,1735,	
prevención 1 707 1 145,	
indicado 1 707 1 142,	
está 3 707 3 141,674,998,	
terapéuticas 2 707 2 139,3457,	
Indicaciones 1 707 1 138,	
	4 1 707 1 136,	
CLÍNICOS 1 707 1 135,	
DATOS 2 707 2 134,3459,	
cuidadosamente 2 707 2 425,630,	
ZK 1 707 1 132,	
gástrico 1 707 1 1779,	
dorado 1 707 1 127,	
60 2 707 2 366,2365,	
ZF 1 707 1 117,	
metabolito 2 707 2 2663,2673,	
Por 2 707 2 2442,3240,	
estomago 1 707 1 1794,	
naranja-marrón 1 707 1 112,	
ZA 1 707 1 102,	
inscripción 3 707 3 99,114,129,	
gris 1 707 1 97,	
color 3 707 3 96,111,126,	
ovalada 3 707 3 94,109,124,	
Cápsula 3 707 3 88,103,118,	
	Cápsula 1 707 1 86,	
FARMACÉUTICA 1 707 1 85,	
FORMA 1 707 1 84,	
3 17 707 17 83,160,200,911,1260,1302,1397,1442,1453,2349,2959,3047,3098,3123,3237,3259,3529,	
6 13 707 13 81,724,1117,3124,3158,3173,3458,3523,3528,3535,3549,3604,3605,	
sección 1 707 1 80,	
mostraron 1 707 1 3051,	
ver 1 707 1 79,	
excipientes 4 707 4 78,934,1018,3465,	
completa 1 707 1 76,	
lista 1 707 1 75,	
Para 3 707 3 73,371,969,	
42 2 707 2 63,71,	
mg 3 707 3 56,64,72,	
71 1 707 1 55,	
análoga 1 707 1 1937,	
0 35 707 35 54,708,1567,2321,2341,2467,2470,2530,2538,2566,2593,2760,2763,2835,2838,3110,3112,3114,3116,3118,3127,3131,3136,3141,3146,3176,3179,3181,3184,3186,3189,3191,3194,3196,3199,	
(Etanol) 1 707 1 48,	
Excipientes 1 707 1 47,	
Paricalcitol 8 707 8 46,913,1927,1967,1992,2507,3340,3407,	
contiene 4 707 4 45,1021,3570,3592,	
anormal 1 707 1 1475,	
blanda 5 707 5 44,87,93,108,123,	
cápsula 5 707 5 43,92,107,122,3479,	
	Cada 1 707 1 42,	
nM 1 707 1 3208,	
CUANTITATIVA 1 707 1 41,	
Y 1 707 1 40,	
CUALITATIVA 1 707 1 39,	
COMPOSICIÓN 1 707 1 38,	
2 21 707 21 28,37,58,60,105,181,266,273,319,333,384,735,1030,1033,2300,3152,3157,3163,3524,3533,3647,	
Zemplar 25 707 25 27,32,49,57,65,140,187,203,345,478,517,534,870,1327,1345,1560,1575,1704,1728,1742,2444,2852,3640,3646,3652,	
Cápsulas 3 707 3 25,30,35,	
microgramo 6 707 6 24,51,53,91,265,3642,	
	Zemplar 1 707 1 22,	
MEDICAMENTO 2 707 2 21,1910,	
DEL 2 707 2 20,3674,	
interrumpirse 3 707 3 690,768,1015,	
NOMBRE 1 707 1 19,	
1 25 707 25 18,23,50,52,62,70,82,90,137,248,264,370,1912,2970,2982,3013,3126,3128,3133,3138,3143,3168,3462,3582,3641,	
Frascos 1 707 1 3556,	
absorción 2 707 2 1783,2305,	
TÉCNICA 1 707 1 17,	
FICHA 1 707 1 16,	
información 1 707 1 13,	
Toda 1 707 1 11,	
91 1 707 1 3630,	
medicamento 13 707 13 10,15,937,1020,1757,1785,1788,2555,2599,2609,2619,2649,3542,	
Basica 1 707 1 8,	
	Información 1 707 1 7,	
28 2 707 2 5,3577,	
receptores 2 707 2 1961,1996,	
blandas 8 707 8 4,26,31,36,3644,3650,3656,3683,	
cápsulas 20 707 20 3,6,347,762,871,1270,1505,1705,1729,1743,2445,3216,3469,3572,3578,3594,3643,3649,3655,3682,	
microgramos 18 707 18 2,29,34,59,61,67,69,106,121,267,274,276,536,561,738,3648,3654,3681,	
4 35 707 35 1,33,66,68,120,133,180,202,275,456,737,910,938,939,1032,1034,1116,1206,1252,1262,1304,1455,1605,1646,1697,2975,2985,3048,3100,3137,3256,3536,3584,3653,3680,	
ZEMPLAR 2 707 2 0,3679,	
