	Prospectos 1 357 1 8448,	
2006 1 357 1 8447,	
TEXTO 1 357 1 8444,	
REVISIÓN 1 357 1 8442,	
26-07-02 1 357 1 8437,	
18-03-03 1 357 1 8430,	
26-07-00 2 357 2 8414,8421,	
	- 1 357 1 8408,	
LA 2 357 2 8403,8441,	
FECHA 2 357 2 8401,8439,	
943 1 357 1 8391,	
64 1 357 1 8390,	
284 1 357 1 8383,	
288 1 357 1 8375,	
287 1 357 1 8367,	
63 2 357 2 8366,8374,	
Dispersables 9 357 9 8365,8373,8381,8389,8397,8413,8420,8429,8436,	
COMERCIALIZACIÓN 2 357 2 8359,8407,	
AUTORIZACIÓN 2 357 2 8357,8405,	
DE 5 357 5 8356,8358,8402,8406,8440,	
NÚMERO(S) 1 357 1 8355,	
Wellcome 1 357 1 8353,	
GLAXO 1 357 1 8352,	
licencia 1 357 1 8351,	
Leioa 1 357 1 8349,	
Aguirre 1 357 1 8346,	
S 1 357 1 8343,	
FARMA 1 357 1 8342,	
	FAES 1 357 1 8341,	
DOMICILIO 1 357 1 8337,	
Y 1 357 1 8336,	
manipulación 1 357 1 8328,	
Instrucciones 1 357 1 8324,	
enzimáticos) 2 357 2 8258,8293,	
iniciación 3 357 3 8252,8266,8287,	
(envase 3 357 3 8251,8265,8286,	
21 1 357 1 8248,	
PVC/PVDC/Al 8 357 8 8235,8246,8260,8270,8281,8295,8306,8317,	
Blister 8 357 8 8234,8245,8259,8269,8280,8294,8305,8316,	
recipiente 1 357 1 8228,	
contenido 1 357 1 8226,	
Naturaleza 1 357 1 8224,	
humedad 1 357 1 8221,	
protegido 1 357 1 8214,	
Conservar 1 357 1 8213,	
30ºC 1 357 1 8212,	
temperatura 1 357 1 8209,	
conservación 1 357 1 8205,	
validez 1 357 1 8197,	
	6 1 357 1 8188,	
DATOS 1 357 1 8186,	
" 1 357 1 8184,	
SOCIAL 1 357 1 8335,	
carcinogénico 1 357 1 8181,	
ratones 1 357 1 8173,	
Carcinogenicidad 1 357 1 8165,	
genético 1 357 1 8160,	
presenta 1 357 1 8157,	
muestran 1 357 1 8153,	
mutagenicidad 1 357 1 8152,	
Mutagenicidad 1 357 1 8141,	
deficiencia 1 357 1 8120,	
debidas 1 357 1 8106,	
evidenciaron 1 357 1 8101,	
15-20) 1 357 1 8084,	
(días 1 357 1 8083,	
gestación 1 357 1 8082,	
tardías 1 357 1 8079,	
post-natal 1 357 1 8072,	
fetal 2 357 2 8070,8118,	
mortalidad 1 357 1 8069,	
ratas 3 357 3 8061,8110,8175,	
esperadas 2 357 2 8026,8095,	
exposiciones 2 357 2 8022,8091,	
retraso 1 357 1 8011,	
aparte 1 357 1 8003,	
conejos 1 357 1 7996,	
roedores 1 357 1 7994,	
toxicidad 2 357 2 7986,8042,	
Teratogenicidad 1 357 1 7982,	
(Grado 2 357 2 7940,7954,	
reducirse 1 357 1 7925,	
deberán 2 357 2 7924,7968,	
34 1 357 1 7905,	
Child-Pugh 1 357 1 7899,	
Grado 1 357 1 7894,	
variables 1 357 1 7864,	
grados 1 357 1 7863,	
participaron 1 357 1 7859,	
realizó 1 357 1 7849,	
funcional 1 357 1 7838,	
pesar 1 357 1 7821,	
reciban; 1 357 1 7819,	
concomitantes 1 357 1 7817,	
medicaciones 1 357 1 7816,	
basar 1 357 1 7813,	
cuatro 1 357 1 7797,	
sesión 1 357 1 7795,	
eliminó 1 357 1 7792,	
procede 2 357 2 8192,8330,	
cuerpo 1 357 1 7790,	
1) 1 357 1 7781,	
= 1 357 1 7776,	
(rango 1 357 1 7775,	
26 1 357 1 7763,	
comparadas 1 357 1 7761,	
13 1 357 1 7755,	
medias 1 357 1 7740,	
semividas 1 357 1 7738,	
(durante 2 357 2 7726,7758,	
hemodiálisis) 4 357 4 7721,7728,7753,7760,	
(entre 2 357 2 7720,7752,	
33 1 357 1 7718,	
crónica) 2 357 2 7716,7748,	
(insuficiencia 2 357 2 7714,7746,	
ml/min/kg 6 357 6 7713,7719,7725,7733,7890,7906,	
42 4 357 4 7712,7743,8262,8283,	
sometidos 1 357 1 7703,	
crónica 1 357 1 7697,	
doce 1 357 1 7692,	
intervalo 1 357 1 7645,	
Además 1 357 1 7612,	
41 1 357 1 7602,	
48 1 357 1 7594,	
31 3 357 3 7585,7653,7884,	
varió 1 357 1 7557,	
ancianos 5 357 5 7542,7611,7621,7638,7665,	
incluyó 1 357 1 7535,	
poblacional 1 357 1 7533,	
45 1 357 1 7504,	
medios 1 357 1 7502,	
enzimáticos 1 357 1 7491,	
corta 1 357 1 7469,	
cinco 1 357 1 7460,	
inferior 1 357 1 7458,	
altos 1 357 1 7453,	
ajustado 1 357 1 7438,	
70 2 357 2 7404,7589,	
ampliamente 1 357 1 7369,	
estaban 1 357 1 7352,	
controles 3 357 3 7347,7873,7909,	
ml/min/kg) 2 357 2 7641,7657,	
comparado 2 357 2 7344,7729,	
32% 1 357 1 7343,	
redujo 3 357 3 7340,7378,8112,	
aparente 3 357 3 7338,7569,7878,	
Gilbert 1 357 1 7334,	
35 3 357 3 7323,7576,7780,	
24 3 357 3 7321,7860,7886,	
independientes 1 357 1 7309,	
heces 1 357 1 7302,	
inalterado 1 357 1 7287,	
excreta 2 357 2 7286,7300,	
conjugado 1 357 1 7279,	
eliminación 3 357 3 7275,7316,7363,	
metabólico 1 357 1 7273,	
primariamente 1 357 1 7272,	
±14 1 357 1 7265,	
39 2 357 2 7264,7640,	
Eliminación 1 357 1 7251,	
FARMACÉUTICOS 1 357 1 8187,	
probables 1 357 1 7250,	
P450 1 357 1 7247,	
modesta 1 357 1 7212,	
induce 1 357 1 7206,	
UDP-glucuronil 1 357 1 7192,	
l/kg 1 357 1 7189,	
22 1 357 1 7188,	
92 1 357 1 7185,	
%; 1 357 1 7178,	
55 1 357 1 7177,	
alrededor 1 357 1 7175,	
varían 1 357 1 7162,	
individuo 1 357 1 7159,	
máximas 1 357 1 7149,	
interindividual 1 357 1 7145,	
Existe 1 357 1 7141,	
probada 1 357 1 7140,	
450 2 357 2 7134,7675,	
farmacocinético 3 357 3 7130,7532,7852,	
absorción 1 357 1 7123,	
ingerir 1 357 1 7116,	
retrasa 1 357 1 7112,	
produce 1 357 1 7093,	
pico 1 357 1 7088,	
primer 1 357 1 7085,	
insignificante 1 357 1 7082,	
completa 1 357 1 7074,	
Absorción 1 357 1 7070,	
mixtos 1 357 1 7056,	
secundario 1 357 1 7015,	
86 1 357 1 7011,	
82 1 357 1 7009,	
110 1 357 1 7007,	
105 1 357 1 7006,	
58 2 357 2 7005,7732,	
Placebo 1 357 1 7001,	
Estudio 1 357 1 7000,	
(días) 1 357 1 6992,	
mediana 2 357 2 6989,7875,	
diferencias 1 357 1 6972,	
hubo 1 357 1 6971,	
demostró 1 357 1 6958,	
distintos 1 357 1 6954,	
supervivencia 1 357 1 6951,	
curvas 1 357 1 6949,	
protocolo 1 357 1 6943,	
violación 1 357 1 6941,	
(6%) 1 357 1 6939,	
aleatorización 1 357 1 6938,	
criterios 1 357 1 6936,	
(10%) 1 357 1 6925,	
(12%) 1 357 1 6923,	
consentimiento 1 357 1 6922,	
(13%) 1 357 1 6919,	
finalizaron 1 357 1 6911,	
ITT) 1 357 1 6903,	
(población 1 357 1 6902,	
1315 1 357 1 6900,	
incluyeron 1 357 1 6896,	
analizaron 1 357 1 6887,	
análisis 3 357 3 6876,7014,7531,	
ánimo"" 1 357 1 6859,	
debida 2 357 2 6850,7028,	
intestino 1 357 1 7079,	
intervención 5 357 5 6849,6983,6999,7027,7046,	
""tiempo 1 357 1 6846,	
adicional 1 357 1 6834,	
mediante 1 357 1 6829,	
intervenir 1 357 1 6828,	
consideró 2 357 2 6826,6873,	
76 1 357 1 6819,	
aleatorizados 1 357 1 6812,	
(CGI-S) 1 357 1 6810,	
impresión 1 357 1 6807,	
puntuación 1 357 1 6801,	
mantuvieron 1 357 1 6799,	
Sólo 2 357 2 6787,7290,	
necesidades 1 357 1 6786,	
psicoactivos 1 357 1 6783,	
8-16 1 357 1 6764,	
flexible 1 357 1 6756,	
manía/hipomanía 2 357 2 6749,7052,	
SCAB2006 2 357 2 6740,7008,	
(niveles 1 357 1 6725,	
mg/día) 2 357 2 6723,6758,	
(50 1 357 1 6719,	
asignados 2 357 2 6712,6751,	
actual 2 357 2 6707,6745,	
SCAB2003 3 357 3 6700,6863,7004,	
preliminar 4 357 4 6692,6769,6798,6914,	
fases 1 357 1 6689,	
constan 1 357 1 6686,	
multicéntricos 1 357 1 6676,	
I 1 357 1 6672,	
ánimo 1 357 1 6664,	
prevención 1 357 1 6656,	
pivotales 1 357 1 6647,	
Dos 1 357 1 6645,	
Trastorno 1 357 1 6643,	
150 2 357 2 6630,7631,	
cardiaca 1 357 1 6619,	
incrementando 1 357 1 6611,	
600 1 357 1 6597,	
vía 1 357 1 6594,	
únicas 4 357 4 6592,7566,7671,7855,	
subjetivos 1 357 1 6587,	
ml/min 4 357 4 7266,7577,7586,7605,	
sedativos 1 357 1 6586,	
corporal 4 357 4 6582,6615,7441,8009,	
incrementaron 1 357 1 6579,	
movimientos 2 357 2 6577,6609,	
motora 2 357 2 6575,6606,	
visual 2 357 2 6574,6607,	
coordinación 2 357 2 6572,6604,	
notablemente 1 357 1 6570,	
diazepam 1 357 1 6568,	
diferenciaron 2 357 2 6551,6636,	
240 1 357 1 6540,	
evaluar 1 357 1 6523,	
diseñadas 1 357 1 6521,	
Farmacodinamia 1 357 1 6518,	
evocados 1 357 1 6512,	
potenciales 1 357 1 6509,	
epilépticas) 1 357 1 6505,	
generación 1 357 1 6502,	
monoterapia) 1 357 1 8268,	
clave 1 357 1 6499,	
papel 1 357 1 6498,	
juega 1 357 1 6496,	
(aminoácido 1 357 1 6494,	
glutamato 2 357 2 6493,6517,	
patológica 1 357 1 6491,	
liberación 1 357 1 6490,	
(7%) 1 357 1 6930,	
repetidamente 1 357 1 6486,	
hiperexcitadas 1 357 1 6485,	
cultivadas 1 357 1 6484,	
neuronas 1 357 1 6483,	
Produce 1 357 1 6475,	
voltaje 2 357 2 6473,6480,	
dependiente 3 357 3 6467,6481,7215,	
bloqueante 1 357 1 6465,	
acción 2 357 2 6453,6511,	
(N03AX09) 1 357 1 6450,	
ATC 1 357 1 6449,	
Código 1 357 1 6448,	
Otros 1 357 1 6446,	
farmacoterapéutico 1 357 1 6445,	
Grupo 1 357 1 6444,	
farmacodinámicas 1 357 1 6443,	
Farmacológicas 1 357 1 6441,	
propiedades 1 357 1 6440,	
gástrico 1 357 1 6439,	
realizarse 1 357 1 6436,	
debería 1 357 1 6435,	
estuviera 1 357 1 6433,	
aplicar 1 357 1 6428,	
le 1 357 1 6426,	
ingresado 1 357 1 6420,	
sobredosis 1 357 1 6415,	
coma 1 357 1 6411,	
conciencia 1 357 1 6409,	
nistagmo 1 357 1 6398,	
sobredosificación 1 357 1 6390,	
10-20 1 357 1 6383,	
aguda 1 357 1 6378,	
ingestión 1 357 1 6377,	
espalda 1 357 1 6369,	
dolor 1 357 1 6367,	
Artralgia 1 357 1 6354,	
tomaban 2 357 2 6319,6329,	
9 5 357 5 6314,6371,7660,7744,8400,	
sólo 1 357 1 6298,	
consideran 1 357 1 6297,	
Mientras 1 357 1 6293,	
Periodo 1 357 1 8195,	
14 3 357 3 6284,7381,8347,	
ocurrieron 2 357 2 6281,6311,	
antiepilépticos; 1 357 1 6447,	
controlados) 1 357 1 6275,	
(controlados 1 357 1 6272,	
Cuando 1 357 1 6259,	
conocer 1 357 1 6222,	
Epilepsia 1 357 1 6220,	
mencionadas 1 357 1 6215,	
indicadas 1 357 1 6206,	
Cansancio 1 357 1 6200,	
condiciones 1 357 1 6193,	
lupus 1 357 1 6189,	
tipo 2 357 2 6188,6671,	
huesos 2 357 2 6183,6352,	
musculoesqueléticos 2 357 2 6176,6345,	
Ambos 1 357 1 6673,	
disfunción 2 357 2 6147,6152,	
valores 5 357 5 6140,7351,7451,7501,7648,	
hepatobiliares 1 357 1 6134,	
diarrea 1 357 1 6132,	
vómitos 1 357 1 6130,	
Alteraciones 1 357 1 6127,	
Náuseas 1 357 1 6113,	
gastrointestinales 2 357 2 6106,6128,	
Conjuntivitis 1 357 1 6103,	
Diplopía 1 357 1 6099,	
oculares 3 357 3 6096,6578,6610,	
subyacente 1 357 1 6094,	
seres 2 357 2 8139,8163,	
condición 1 357 1 6093,	
coreoatetosis 1 357 1 6088,	
extrapiramidales 1 357 1 6086,	
aislados 2 357 2 6084,6167,	
producir 1 357 1 6081,	
preexistente 1 357 1 6078,	
Parkinson 1 357 1 6077,	
movimiento 1 357 1 6060,	
alteraciones 3 357 3 6058,6358,8102,	
inestabilidad 1 357 1 6057,	
somnolencia 2 357 2 6052,6342,	
Nistagmo 1 357 1 6049,	
Ataxia 1 357 1 6029,	
temblor 2 357 2 6026,6050,	
insomnio 2 357 2 6024,6053,	
Somnolencia 1 357 1 6023,	
cabeza 3 357 3 6021,6046,6339,	
confusión 1 357 1 6007,	
alucinaciones 1 357 1 6006,	
Tics 1 357 1 6005,	
Agresividad 1 357 1 6002,	
hipersensibilidad** 1 357 1 5888,	
inmunológico 1 357 1 5883,	
leucopenia 1 357 1 5853,	
neutropenia 1 357 1 5852,	
hematológicas 2 357 2 5850,5857,	
evidenció 1 357 1 8178,	
altamente 1 357 1 5772,	
desenlace 1 357 1 5752,	
provocar 1 357 1 5750,	
irreversibles 1 357 1 5746,	
Sobredosificación 1 357 1 6372,	
lesiones 1 357 1 5744,	
experimentan 1 357 1 5743,	
recupera 1 357 1 5735,	
Lyell) 1 357 1 5727,	
(síndrome 1 357 1 5725,	
Raramente 1 357 1 5703,	
desaparece 1 357 1 5690,	
maculopapular 1 357 1 5677,	
Incompatibilidades 1 357 1 8190,	
2% 2 357 2 5668,7292,	
llevaron 1 357 1 5658,	
administró 4 357 4 5653,7385,7682,8075,	
10% 3 357 3 5635,7284,7600,	
teratogénico 1 357 1 8051,	
aparecieron 1 357 1 5629,	
ciego 2 357 2 5625,6678,	
Necrolisis 1 357 1 5618,	
post-comercialización) 3 357 3 5607,6041,6125,	
subcutáneo 2 357 2 5586,6250,	
tejido 4 357 4 5585,6178,6249,6347,	
piel 2 357 2 5583,6247,	
Trastornos 16 357 16 5580,5834,5838,5876,5880,5996,6008,6095,6105,6133,6175,6190,6244,6331,6344,6355,	
aisladas 1 357 1 5578,	
000) 1 357 1 5575,	
(< 1 357 1 5573,	
raras 8 357 8 5572,5617,5848,5885,6004,6055,6136,6185,	
1/1000) 1 357 1 5570,	
1/10 2 357 2 5567,5574,	
Raras 4 357 4 5565,5612,6102,6255,	
1/1000 1 357 1 5562,	
depresión 1 357 1 6709,	
< 3 357 3 5557,5563,5569,	
1/100 1 357 1 5556,	
Frecuentes 10 357 10 5554,5998,6022,6048,6112,6126,6199,6340,6353,6365,	
(> 4 357 4 5552,5555,5561,5566,	
frecuentes 11 357 11 5551,5560,5593,5609,6001,6018,6028,6043,6098,6252,6336,	
Muy 16 357 16 5550,5571,5592,5608,5616,5847,5884,6003,6017,6042,6054,6097,6135,6184,6251,6335,	
criterio 1 357 1 5537,	
utilizado 1 357 1 5535,	
perfil 3 357 3 5527,6224,7129,	
consultadas 1 357 1 5522,	
actualmente 1 357 1 5514,	
específicas 1 357 1 5503,	
dividido 1 357 1 5500,	
conducción 1 357 1 5488,	
relacionados 1 357 1 5485,	
específicos 1 357 1 5484,	
aspectos 1 357 1 5483,	
consultar 1 357 1 5478,	
terapias 1 357 1 5471,	
variación 2 357 2 5463,7144,	
afecta 1 357 1 5446,	
les 1 357 1 5445,	
neurológico 1 357 1 5431,	
máquinas 1 357 1 5418,	
conducir 3 357 3 5415,5453,5940,	
capacidad 1 357 1 5413,	
nacido 1 357 1 5404,	
evaluarse 1 357 1 5389,	
farmacológicos 2 357 2 5387,6459,	
alcanzaron 1 357 1 5379,	
consecutivas 1 357 1 6794,	
alimentados 1 357 1 5370,	
canales 1 357 1 6470,	
número 2 357 2 5364,8148,	
sérica 1 357 1 5360,	
40-60% 1 357 1 5356,	
orden 1 357 1 5354,	
materna 4 357 4 5349,5373,5396,8043,	
leche 2 357 2 5348,5372,	
pasa 1 357 1 5345,	
preliminares 1 357 1 5341,	
limitada 1 357 1 5338,	
referente 1 357 1 5329,	
Lactancia 1 357 1 5326,	
adecuado 2 357 2 5316,6431,	
manejo 1 357 1 5314,	
asegurarse 1 357 1 5312,	
disminuidos 1 357 1 5307,	
informes 1 357 1 5302,	
habido 1 357 1 5301,	
Ha 1 357 1 5300,	
producen 1 357 1 5284,	
fisiológicos 1 357 1 5281,	
etapas 2 357 2 5276,8078,	
embarazadas 2 357 2 5271,5320,	
deseen 1 357 1 5269,	
considerarse 1 357 1 5260,	
fólico 4 357 4 5258,5265,8117,8123,	
ácido 4 357 4 5257,5264,8116,8122,	
embriofetal 1 357 1 5248,	
teóricamente 1 357 1 5241,	
considerable 1 357 1 7143,	
considera 2 357 2 5210,6261,	
cumplir 1 357 1 6933,	
preclínicos 2 357 2 5205,7979,	
desarrollo 2 357 2 5200,7992,	
tóxicos 1 357 1 5197,	
hecho 1 357 1 5189,	
confirmado 1 357 1 5187,	
registros 1 357 1 5182,	
hendidura 1 357 1 5175,	
mostrado 2 357 2 5168,5195,	
placebo 10 357 10 5654,6330,6556,6642,6681,6736,6761,6967,7021,7040,	
registro 1 357 1 5164,	
Datos 3 357 3 5161,5204,7978,	
excluir 1 357 1 5152,	
embarazo 5 357 5 5148,5218,5278,5287,5310,	
000 2 357 2 5139,5568,	
total 3 357 3 5135,5528,6898,	
epidemiológicos 1 357 1 5131,	
De 1 357 1 5125,	
tubo 1 357 1 5087,	
cardiovasculares 1 357 1 5083,	
leporino 1 357 1 5081,	
labio 1 357 1 5080,	
frecuente 1 357 1 5078,	
notificados 1 357 1 5074,	
defectos 2 357 2 5073,5085,	
general 3 357 3 5071,7359,7928,	
3% 1 357 1 5066,	
aproximada 1 357 1 5064,	
madres 1 357 1 5055,	
nacidos 1 357 1 5053,	
2-3 1 357 1 5048,	
incrementado 1 357 1 5046,	
ve 3 357 3 5045,7126,7368,	
malformaciones 5 357 5 5042,5082,5103,5159,8133,	
feto 1 357 1 5038,	
madre 1 357 1 5035,	
podría 3 357 3 5019,5029,5239,	
NOMBRE 1 357 1 8332,	
interrumpirse 1 357 1 5012,	
embarazada 1 357 1 5006,	
quedarse 2 357 2 5005,5270,	
decida 1 357 1 5004,	
mujer 1 357 1 5003,	
antiepiléptico 2 357 2 5000,5009,	
Asimismo 1 357 1 4992,	
fértil 1 357 1 4991,	
periodo 1 357 1 4990,	
especialista 1 357 1 4983,	
consejo 1 357 1 4980,	
proporcionar 1 357 1 4979,	
Riesgo 2 357 2 4971,5121,	
humana 1 357 1 4969,	
experiencia 1 357 1 4961,	
alteración 2 357 2 4955,6406,	
obtenidos 8 357 8 5128,6536,6554,6624,6640,7526,7658,8144,	
animales 5 357 5 4947,5193,8036,8099,8136,	
realizados 3 357 3 4945,5132,6268,	
reproducción 2 357 2 4944,7989,	
Fertilidad 1 357 1 4939,	
lactancia 3 357 3 4938,5336,5395,	
Embarazo 2 357 2 4936,4970,	
CYP2D6 1 357 1 4933,	
aspecto 1 357 1 5676,	
predominantemente 1 357 1 4930,	
eliminados 1 357 1 4929,	
hepáticos 1 357 1 4918,	
microsomas 1 357 1 4917,	
bufuralol 1 357 1 4915,	
alterada 1 357 1 4900,	
20 3 357 3 4894,7582,7773,	
gluconato 1 357 1 4882,	
g 1 357 1 4880,	
seguridad) 1 357 1 5207,	
femeninos 1 357 1 4869,	
determinado 1 357 1 8047,	
diferentes 1 357 1 4860,	
había 1 357 1 4798,	
progesterona 1 357 1 4794,	
perdida 1 357 1 4777,	
horas 11 357 11 7097,7324,7382,7405,7484,7507,7745,7751,7757,7765,7798,	
indicaron 3 357 3 4775,4795,7550,	
estradiol 1 357 1 4774,	
sanguíneos 3 357 3 4769,4792,4833,	
realizadas 1 357 1 4762,	
medidas 2 357 2 4761,4788,	
19% 1 357 1 4756,	
estacionario 2 357 2 4730,7154,	
linfático 1 357 1 5845,	
etinilestradiol 1 357 1 4710,	
dicha 1 357 1 4682,	
final 1 357 1 4680,	
pre-dosis 1 357 1 4678,	
píldora"" 1 357 1 4674,	
séricas 2 357 2 4662,5376,	
39% 1 357 1 4658,	
52% 1 357 1 4656,	
Cmax 2 357 2 4652,4752,	
lineal 1 357 1 7132,	
causó 1 357 1 4632,	
etinilestradiol/150 1 357 1 4629,	
mcg 2 357 2 4627,4630,	
30 3 357 3 4626,7673,8319,	
píldora 2 357 2 4622,4713,	
episodio 5 357 5 6704,6744,6853,7031,7050,	
unión 2 357 2 4607,7167,	
desplaza 1 357 1 4598,	
procedentes 3 357 3 4589,5179,7545,	
concomitantemente 1 357 1 4586,	
administran 1 357 1 4585,	
afecte 2 357 2 4576,7224,	
presentado 1 357 1 4571,	
controlados 3 357 3 4568,6302,6679,	
trazodona 1 357 1 4545,	
sertralina 1 357 1 4543,	
risperidona 1 357 1 4542,	
fenelzina 1 357 1 4541,	
clozapina 1 357 1 4540,	
57 2 357 2 7724,7749,	
vea 1 357 1 4537,	
pruebas 4 357 4 4522,6143,6520,8150,	
resultados 8 357 8 4519,4588,6455,6535,6623,6639,7525,8143,	
aleatorizada 1 357 1 6696,	
lorazepam 1 357 1 4517,	
haloperidol 1 357 1 4515,	
fluoxetina 1 357 1 4514,	
amitriptilina 1 357 1 4511,	
conjunta 2 357 2 4509,6890,	
afectada 3 357 3 4505,7127,7370,	
mínimamente 1 357 1 4504,	
vio 2 357 2 4503,4899,	
2-N-glucurónido 1 357 1 4501,	
principal 2 357 2 4496,6841,	
formación 1 357 1 4494,	
vitro 3 357 3 4490,4524,4593,	
in 3 357 3 4489,4523,4592,	
AUC 3 357 3 4480,4649,4750,	
ligero 2 357 2 4476,5230,	
observó 2 357 2 4474,4735,	
mEq/l) 1 357 1 6734,	
administrada 2 357 2 4462,6544,	
estadísticamente 3 357 3 4455,6973,7059,	
hepáticas 1 357 1 4408,	
varones 1 357 1 4384,	
10 4 357 4 4382,6565,7889,8438,	
afecto 1 357 1 4372,	
relevante 2 357 2 4363,7561,	
distribución 1 357 1 7182,	
dicho 1 357 1 4359,	
espera 1 357 1 4357,	
respectivamente 4 357 4 4354,4659,4759,7900,	
20% 1 357 1 4353,	
aumentaron 1 357 1 4665,	
porcentaje 1 357 1 4348,	
(Cmax) 1 357 1 4343,	
plasmática 1 357 1 4341,	
(AUC) 1 357 1 4337,	
curva 1 357 1 4336,	
área 1 357 1 4333,	
produjo 4 357 4 4328,4386,4703,4953,	
consecuencia 1 357 1 4309,	
disminuyendo 1 357 1 4307,	
aumentan 1 357 1 4302,	
primidona) 1 357 1 4288,	
(tales 1 357 1 4282,	
Ciertos 1 357 1 4276,	
viceversa 1 357 1 4275,	
observaron 1 357 1 8088,	
alteró 1 357 1 4269,	
CL/F 1 357 1 7707,	
1200 1 357 1 4262,	
hemodiálisis 2 357 2 7705,7800,	
reducción 7 357 7 4244,4330,4647,4748,5252,7827,8006,	
estudió 2 357 2 4242,7614,	
sanos 12 357 12 4234,4255,4319,4896,6547,7262,7319,7623,7736,7768,7871,7910,	
voluntarios 9 357 9 4232,4253,4318,4383,6546,7622,7693,7735,7767,	
observado 3 357 3 4224,8000,8064,	
anhidro 1 357 1 4885,	
normalmente 3 357 3 4214,5352,5674,	
resuelven 1 357 1 4213,	
efectos 10 357 10 4211,4854,5196,5386,5427,6085,6525,6585,8001,8086,	
introducción 1 357 1 4207,	
después 3 357 3 4204,4874,7114,	
borrosa 2 357 2 4196,6101,	
visión 2 357 2 4195,6100,	
diplopía 2 357 2 4194,5436,	
ataxia 3 357 3 4193,6051,6399,	
vértigo 5 357 5 4192,5434,6025,6047,6343,	
nervioso 4 357 4 4188,6011,6334,6532,	
sistema 8 357 8 4187,5836,5844,5878,5882,6010,6333,6531,	
semivida 6 357 6 4169,7307,7314,7361,7376,7463,	
aumenta 1 357 1 4160,	
inhibe 2 357 2 4149,6488,	
clínicas 2 357 2 4083,8059,	
consecuencias 2 357 2 4082,5032,	
presentar 1 357 1 4081,	
sodio 1 357 1 6472,	
probabilidades 1 357 1 4079,	
propio 2 357 2 4070,7208,	
P-450 1 357 1 4065,	
citocromo 2 357 2 4064,7246,	
metabolizados 2 357 2 4060,7242,	
hepático 2 357 2 4045,4295,	
oxidativo 1 357 1 4044,	
posible 4 357 4 5120,5226,5391,8049,	
inhibición 2 357 2 4035,4488,	
inducción 2 357 2 4033,4404,	
origine 1 357 1 4032,	
fertilidad 3 357 3 4958,4968,8105,	
evidencia 4 357 4 4028,4572,4799,7220,	
UDP- 1 357 1 4022,	
responsables 5 357 5 4015,4041,4292,4409,7200,	
enzimas 7 357 7 4014,4040,4062,4291,4407,7199,7244,	
comprobado 1 357 1 4011,	
Interacciones 2 357 2 4002,4546,	
inicialmente 1 357 1 3989,	
transferasas 2 357 2 4024,7193,	
presentaba 1 357 1 3988,	
/o 1 357 1 3964,	
(incluido 1 357 1 3957,	
interrupción 1 357 1 3946,	
reciente 2 357 2 6705,6747,	
terapéutico 2 357 2 3940,5299,	
teratogénicos 1 357 1 8002,	
glucuronil 1 357 1 4023,	
inmediata 1 357 1 3927,	
médica 1 357 1 3926,	
conllevar 2 357 2 5030,5240,	
buscar 1 357 1 3924,	
ideas/comportamientos 1 357 1 3916,	
enfermedad 2 357 2 3906,6075,	
vigilar 1 357 1 3901,	
necesidad 2 357 2 3899,4997,	
acerca 1 357 1 3896,	
daño 1 357 1 5247,	
cargo 1 357 1 3895,	
personas 1 357 1 3889,	
vigilancia 1 357 1 3873,	
objeto 1 357 1 3869,	
comienzo 2 357 2 3852,5686,	
suicida 1 357 1 3849,	
muestren 1 357 1 3843,	
jóvenes 3 357 3 3839,7539,7609,	
pensamientos 3 357 3 3836,3864,3919,	
comportamiento 1 357 1 3834,	
disminuye 1 357 1 3820,	
incrementa 3 357 3 3818,7399,7499,	
inicio 1 357 1 3812,	
especialmente 2 357 2 3810,3971,	
síntomas) 3 357 3 3804,3912,3962,	
nuevos 3 357 3 3803,3911,3961,	
observar 2 357 2 3793,5443,	
seguimiento 2 357 2 3788,6929,	
estrecho 1 357 1 3787,	
y/o 2 357 2 3765,5295,	
sufrir 1 357 1 3758,	
Irritabilidad 1 357 1 5999,	
asociados 1 357 1 3748,	
suicidio 2 357 2 3747,3862,	
Empeoramiento 1 357 1 3742,	
trastornos 1 357 1 3740,	
uso- 1 357 1 6466,	
suicidas 7 357 7 3729,3771,3809,3837,3865,3917,3970,	
comportamientos 4 357 4 3728,3770,3806,3969,	
autolesión 1 357 1 3921,	
ideación 5 357 5 3726,3768,3808,3848,3967,	
comunicarlo 1 357 1 3701,	
empeoramiento 6 357 6 3690,3760,3797,3903,3955,6061,	
asociación 2 357 2 3681,6157,	
ocurrido 1 357 1 3679,	
similares 2 357 2 3677,8019,	
Casos 1 357 1 3676,	
fatal 2 357 2 3675,5753,	
rabdomiolisis 1 357 1 3664,	
interacciones 2 357 2 4055,7237,	
epilepticus 1 357 1 3659,	
status 1 357 1 3658,	
convulsivas 1 357 1 3654,	
literatura 1 357 1 3648,	
requiera 1 357 1 3635,	
cutánea) 1 357 1 3633,	
seguridad 4 357 4 3627,5530,6226,7981,	
motivos 1 357 1 3625,	
rebote 1 357 1 3604,	
brusca 4 357 4 3590,3638,3980,5015,	
Como 2 357 2 3583,7769,	
consultarlo 1 357 1 3577,	
contengan 1 357 1 3574,	
tratados 2 357 2 3568,5639,	
Aumento 1 357 1 6137,	
administrarse 1 357 1 3562,	
contienen 1 357 1 3557,	
estén 2 357 2 3551,4988,	
Pacientes 3 357 3 3549,7677,7844,	
glucurónido 3 357 3 3531,4482,7278,	
acumulación 1 357 1 3528,	
esperar 1 357 1 3526,	
alteraron 3 357 3 3520,6569,6601,	
anemia 1 357 1 5854,	
plasmáticas 7 357 7 3515,4561,4579,4611,7091,7172,7739,	
fase 6 357 6 3508,6691,6695,6768,6797,6913,	
sujetos 8 357 8 3506,4468,4895,6789,6909,7329,7861,7870,	
única 4 357 4 3504,4465,7629,7685,	
año 1 357 1 3482,	
período 4 357 4 3479,3494,3617,4691,	
rojos 2 357 2 3476,3491,	
glóbulos 2 357 2 3475,3490,	
suero 2 357 2 3472,6727,	
recibían 1 357 1 6773,	
medio 8 357 8 3464,4166,7254,7337,7480,7635,7651,7708,	
hemoglobina 1 357 1 3459,	
antidepresivos 1 357 1 3717,	
humanos 4 357 4 3448,4919,8140,8164,	
prolongado 1 357 1 3446,	
plazo 2 357 2 3440,8171,	
metabolismo 13 357 13 3432,4017,4043,4071,4156,4271,4281,4294,4304,4913,7083,7202,7209,	
interferencia 1 357 1 3429,	
dihidrofolato 2 357 2 3419,5235,	
reductasa 3 357 3 3411,3420,5236,	
hemorragia 1 357 1 3409,	
sangrado 1 357 1 3403,	
producido 1 357 1 3398,	
metabolito 2 357 2 3530,4497,	
Por 2 357 2 3386,5437,	
preparados 2 357 2 3382,4867,	
anticonceptiva 3 357 3 3377,4623,4714,	
produzcan 2 357 2 3371,4054,	
excluirse 1 357 1 3364,	
embargo 7 357 7 3361,3442,3523,4732,5517,7034,7217,	
desconocido 1 357 1 3359,	
1/10) 2 357 2 5553,5558,	
actividad 3 357 3 3356,4780,4815,	
impacto 2 357 2 3350,4812,	
(etilnilestradiol/levonorgestrel) 1 357 1 3348,	
LH 3 357 3 3323,4772,4837,	
FSH 3 357 3 3321,4771,4835,	
séricos 1 357 1 3319,	
levonorgestrel 5 357 5 3313,4631,4743,4754,4825,	
visto 1 357 1 3305,	
sanas 1 357 1 3302,	
16 4 357 4 3300,4616,4699,4807,	
estudio 14 357 14 3298,4230,4250,4315,4379,4614,4697,4765,6590,6699,6739,6862,7327,7851,	
farmacocinéticos 2 357 2 3283,4144,	
parámetros 2 357 2 3282,4143,	
similar 3 357 3 3280,4141,4227,	
afectar 3 357 3 3277,4138,5289,	
podrían 2 357 2 3276,4137,	
sustitutivos 2 357 2 3274,4132,	
tratamientos 2 357 2 3272,4130,	
orales 3 357 3 3270,4135,4447,	
realizado 5 357 5 3265,4251,4316,4380,4850,	
lamotrigina; 1 357 1 3252,	
discontinúan 1 357 1 3243,	
inician 1 357 1 3241,	
apropiado 1 357 1 3237,	
clínico 8 357 8 3236,3743,3798,3956,5315,5599,6033,6117,	
ejercerse 1 357 1 3233,	
Debe 4 357 4 3232,5259,5311,5388,	
dosificación) 1 357 1 3231,	
central 2 357 2 4189,6533,	
previos 1 357 1 3220,	
realicen 1 357 1 3216,	
serán 1 357 1 3205,	
Estos 3 357 3 3203,4210,8085,	
incrementos 2 357 2 3195,3204,	
producirán 1 357 1 3194,	
píldora"") 1 357 1 3189,	
débil 1 357 1 3416,	
""libre 2 357 2 3187,4672,	
(semana 1 357 1 3186,	
hormonal 4 357 4 3179,3347,4781,4800,	
óptima 1 357 1 3153,	
doble) 1 357 1 3147,	
(hasta 1 357 1 3145,	
altas 1 357 1 3144,	
desequilibrio 2 357 2 6581,6614,	
necesarias 1 357 1 3139,	
dando 3 357 3 3109,4643,4744,	
estudiado 1 357 1 4128,	
mcg) 1 357 1 3108,	
mcg/150 1 357 1 3107,	
(30 1 357 1 3106,	
283 1 357 1 8399,	
ocurre 2 357 2 3584,6154,	
etinilestradiol/levonorgestrel 1 357 1 3105,	
combinación 4 357 4 3103,4717,5092,6779,	
aumento 7 357 7 3089,3308,4634,4738,4820,5243,6400,	
eficacia 5 357 5 3082,3291,3376,6651,6843,	
Efectos 4 357 4 3075,3286,4085,5410,	
pérdida 1 357 1 6926,	
Anticonceptivos 1 357 1 3073,	
graduales 1 357 1 3196,	
médico 5 357 5 3072,3395,3581,3704,5481,	
incidencias 1 357 1 3070,	
inmediato 1 357 1 3068,	
comunicar 2 357 2 3066,3391,	
complicación 1 357 1 3056,	
preludio 1 357 1 3053,	
linfáticas 1 357 1 3049,	
adenopatías 1 357 1 3048,	
sugestivos 1 357 1 3042,	
informado 2 357 2 3030,5426,	
significativo 2 357 2 3846,4456,	
iniciar 1 357 1 3021,	
Antes 1 357 1 3019,	
alternativa 2 357 2 3018,5995,	
etiología 2 357 2 3017,5994,	
PERMANENTE 1 357 1 8338,	
establecer 2 357 2 3015,5992,	
suspender 2 357 2 3008,5985,	
evaluado 2 357 2 3003,5980,	
paciente 7 357 7 3000,3027,3064,3699,3987,5977,6417,	
signos 3 357 3 2996,5972,6172,	
linfadenopatía) 2 357 2 2992,5969,	
(fiebre 1 357 1 2991,	
tempranas 2 357 2 2988,5964,	
manifestaciones 2 357 2 2987,5963,	
aparecer 3 357 3 2986,5385,5962,	
evidente 2 357 2 2984,5960,	
resaltar 2 357 2 2976,5952,	
multiorgánico 3 357 3 2973,3666,5949,	
fallo 4 357 4 2972,3665,5948,6931,	
diseminada 3 357 3 2969,3670,5945,	
intravascular 3 357 3 2968,3669,5944,	
coagulación 3 357 3 2967,3668,5943,	
lugar 10 357 10 2965,3595,3662,4605,4644,4745,5021,6196,6361,6393,	
dar 4 357 4 2964,3594,3661,5020,	
raramente 3 357 3 2963,5748,5939,	
gravedad 2 357 2 2959,5935,	
Concentración 1 357 1 4340,	
espectro 2 357 2 2957,5933,	
amplio 2 357 2 2956,5932,	
muestra 3 357 3 2954,5930,6987,	
hígado 2 357 2 2946,5927,	
e 3 357 3 2945,5926,6487,	
sangre 3 357 3 2944,5841,5925,	
anomalías 3 357 3 2942,5856,5922,	
facial 2 357 2 2940,5920,	
edema 2 357 2 2939,5919,	
linfadenopatía 2 357 2 2938,5918,	
Dihidrofolato 1 357 1 3410,	
incluyen 2 357 2 2936,4191,	
considere 1 357 1 5525,	
sistémicos 4 357 4 2934,5832,5874,5915,	
variable 5 357 5 2931,5829,5871,5912,6840,	
patrón 5 357 5 2930,3401,5828,5870,5911,	
parte 3 357 3 2921,5819,5902,	
claramente 1 357 1 2911,	
importante 2 357 2 2975,5951,	
supere 1 357 1 2910,	
beneficio 2 357 2 2909,5392,	
previamente 2 357 2 2902,3578,	
recibido 1 357 1 2900,	
haber 1 357 1 2899,	
relacionada 2 357 2 2871,8125,	
clara 1 357 1 2866,	
predecir 1 357 1 2852,	
imposible 1 357 1 2851,	
dado 2 357 2 2848,6392,	
inmediatamente 3 357 3 2847,3004,5981,	
evaluados 1 357 1 2838,	
niños) 1 357 1 2831,	
(adultos 1 357 1 2829,	
Todos 1 357 1 2826,	
tenían 1 357 1 2823,	
absorbe 1 357 1 7073,	
comparación 4 357 4 2818,5060,6946,7902,	
superior 4 357 4 2813,6965,7019,8210,	
epilépticas 1 357 1 3697,	
veces 6 357 6 2812,3672,4688,4887,5049,6384,	
frecuencia 4 357 4 2795,5544,6403,6618,	
antecedentes 3 357 3 2781,2825,3832,	
trate 1 357 1 2777,	
Uso 2 357 2 2759,5799,	
administración) 7 357 7 2757,2770,4179,4442,5797,5810,7522,	
exceden 2 357 2 2744,5782,	
elevadas 2 357 2 2740,5778,	
parece 1 357 1 2732,	
fina 2 357 2 6573,6605,	
Adicionalmente 1 357 1 2725,	
ocho 1 357 1 2720,	
fiebre 5 357 5 2717,2937,3046,5917,5968,	
acontecimientos 1 357 1 6917,	
síntomas 13 357 13 2712,2933,2998,3041,3763,3931,3974,5831,5873,5890,5914,5974,6071,	
desarrollen 2 357 2 2711,2833,	
experimentos 1 357 1 8097,	
reacción 1 357 1 2704,	
posibilidad 4 357 4 2701,3366,3427,3943,	
considerar 3 357 3 2699,3934,6211,	
médicos 1 357 1 2695,	
infección 1 357 1 2692,	
confundir 1 357 1 2689,	
epilépticos 1 357 1 2666,	
poner 1 357 1 3879,	
sugieren 5 357 5 2654,4526,4920,6460,7234,	
serie 1 357 1 2651,	
disponibles 2 357 2 2648,5515,	
datos 10 357 10 2647,4911,5127,5178,5340,5513,5606,6040,6124,7233,	
1000 2 357 2 2626,6560,	
ensayos 9 357 9 2608,5420,5588,5622,6013,6108,6232,6300,7549,	
1000) 1 357 1 2606,	
(1 1 357 1 2603,	
mitad 1 357 1 2592,	
Aproximadamente 2 357 2 2590,6904,	
Poco 3 357 3 5559,6000,6027,	
incidencia 5 357 5 2576,2616,2657,5063,5173,	
actuales 1 357 1 2574,	
utilizan 1 357 1 2567,	
estudios 22 357 22 2562,2653,3266,3501,4486,4567,4591,4851,4942,5130,5191,6267,6458,6646,6674,6893,6961,7065,7661,7984,8034,8168,	
incluidos 1 357 1 2560,	
Adversas) 2 357 2 2557,2951,	
Reacciones 4 357 4 2556,2950,5493,6186,	
discontinuación 1 357 1 2549,	
(ensayos 3 357 3 5600,6034,6118,	
Sin 7 357 7 3360,3441,3522,4731,5516,7033,7216,	
hospitalización 2 357 2 2546,2663,	
requirieron 1 357 1 2545,	
tóxica 3 357 3 2543,5620,5724,	
epidérmica 3 357 3 2542,5619,5723,	
necrolisis 2 357 2 2541,5722,	
Síndrome 6 357 6 2537,2600,5613,5886,6256,7332,	
vida 3 357 3 2535,4397,5715,	
202 1 357 1 7010,	
potencial 4 357 4 2531,5400,5712,8180,	
graves 8 357 8 2528,2580,2632,2803,3655,3976,5031,5709,	
erupciones 12 357 12 2526,2578,2630,2659,2785,2800,2858,5630,5656,5707,6279,6309,	
obstante 1 357 1 2519,	
espontánea 1 357 1 2517,	
empleando 2 357 2 6537,6555,	
resolución 1 357 1 2516,	
naturaleza 1 357 1 2513,	
neural 1 357 1 5088,	
sido 3 357 3 2511,5369,7195,	
mayoría 2 357 2 2509,5730,	
mujeres 7 357 7 3155,3239,4785,4986,5140,5267,5319,	
cutáneas 14 357 14 2505,2527,2579,2631,2660,2786,2801,2859,5631,5657,5708,5745,6280,6310,	
adversas 7 357 7 2504,5407,5494,5497,5548,6205,6243,	
leve 4 357 4 2514,3307,4737,4819,	
reacciones 7 357 7 2503,5406,5496,5547,6159,6204,6242,	
comunicado 13 357 13 2499,2523,2598,2919,4182,4556,5706,5817,5900,6065,6165,6239,6375,	
8 8 357 8 2493,2555,2949,5492,5682,6324,6730,8354,	
Durante 6 357 6 2490,5587,6012,6107,6230,6762,	
Erupción 4 357 4 2488,5594,5610,6253,	
precauciones 3 357 3 2484,5699,5759,	
tratadas 1 357 1 5056,	
formulación 1 357 1 2481,	
conocida 1 357 1 2470,	
convulsiones 3 357 3 3600,5026,6405,	
hipersensibilidad 9 357 9 2469,2926,2990,5824,5866,5907,5966,6161,6174,	
material 1 357 1 7294,	
Contraindicaciones 1 357 1 2462,	
baja 1 357 1 2461,	
concentración 4 357 4 2459,3457,5359,7109,	
entero 1 357 1 2457,	
igual 1 357 1 2452,	
será 1 357 1 2451,	
concentraciones 13 357 13 2445,3468,3486,3514,4560,4578,4661,4677,5351,5375,7090,7148,7161,	
pudiera 1 357 1 2437,	
ésta 2 357 2 2434,5113,	
hepática) 1 357 1 2433,	
ej 3 357 3 2429,3406,3629,	
(p 2 357 2 2428,3628,	
enteros 1 357 1 2414,	
descrito 1 357 1 3644,	
tragar 1 357 1 2413,	
individuos 2 357 2 2467,7702,	
completo) 1 357 1 2411,	
cubrir 1 357 1 2408,	
cantidad 2 357 2 2405,7784,	
(al 1 357 1 2402,	
agua 2 357 2 2401,2419,	
volumen 3 357 3 2399,3462,7180,	
pequeño 2 357 2 2398,5363,	
dispersar 1 357 1 2395,	
tomaron 1 357 1 5142,	
masticar 1 357 1 2394,	
dichos 1 357 1 2824,	
Administración 1 357 1 2386,	
afectado 1 357 1 4538,	
Forma 1 357 1 2384,	
ambas 1 357 1 5518,	
farmacocinéticas 2 357 2 2383,7069,	
Características 1 357 1 2382,	
ver 1 357 1 2379,	
detallada 1 357 1 2378,	
eficaz 2 357 2 2353,7843,	
dependientes 1 357 1 6474,	
paciente; 1 357 1 2350,	
esté 2 357 2 2347,2870,	
medicación 6 357 6 2344,3185,3226,3778,3949,7373,	
teniendo 1 357 1 2340,	
posológicas 1 357 1 2339,	
recomendaciones 2 357 2 2338,2569,	
RAZÓN 1 357 1 8334,	
terminal 2 357 2 2325,3509,	
casos 9 357 9 2321,2524,2595,3645,4183,5166,5184,6083,6166,	
precaución 3 357 3 2311,2774,3540,	
Se 19 357 19 2308,2771,2840,2875,3085,3642,3783,3877,3932,4009,4180,4222,4809,4976,5533,6063,6373,7681,7848,	
renal 12 357 12 2307,2319,2324,2363,3499,3512,3548,7680,7696,7715,7747,7837,	
farmacocinéticas) 1 357 1 2305,	
conservar 1 357 1 8207,	
Propiedades 3 357 3 2304,6442,7068,	
ajustar 1 357 1 2294,	
C 3 357 3 2273,7898,7955,	
grave 4 357 4 2271,2620,3057,7953,	
75 2 357 2 2264,7946,	
Child-Pugh) 4 357 4 2261,2277,7943,7957,	
clasificación 3 357 3 2260,2276,5541,	
B 3 357 3 2257,7896,7941,	
(grado 2 357 2 2256,2272,	
depresivo 2 357 2 3736,7032,	
moderada 2 357 2 2255,7939,	
insuficiencia 16 357 16 2253,2269,2318,2323,2362,2432,3511,3547,6149,7679,7695,7836,7846,7866,7937,7951,	
% 9 357 9 2249,2265,6285,6315,6325,7574,7774,7933,7947,	
aproximadamente 14 357 14 2246,2582,2622,2810,3095,4640,4686,5137,7094,7379,7406,7482,7771,7930,	
proteínas 2 357 2 4610,7171,	
generalmente 4 357 4 2244,5679,6155,7467,	
iniciales 4 357 4 2226,2739,5777,7913,	
indujo 1 357 1 3452,	
Las 12 357 12 2224,2278,4660,4760,5495,5655,5855,6203,7191,7737,7911,7958,	
hepática 11 357 11 2223,2254,2270,6146,6148,6150,6153,7847,7867,7938,7952,	
Insuficiencia 3 357 3 2222,2306,3498,	
anciana 1 357 1 2221,	
población 4 357 4 2219,5070,7358,7803,	
relación 1 357 1 2216,	
varía 2 357 2 2213,2667,	
grupo 3 357 3 2209,6290,6994,	
fuertemente 1 357 1 2734,	
pauta 2 357 2 2201,5784,	
respecto 2 357 2 2198,6975,	
posología 1 357 1 2196,	
edad) 1 357 1 2188,	
Agosto 1 357 1 8445,	
65 4 357 4 2185,7656,8382,8398,	
(más 1 357 1 2183,	
Ancianos 2 357 2 2182,7523,	
terapéuticos 1 357 1 2181,	
Stevens-Johnson 5 357 5 2539,2602,5615,5720,6258,	
rangos 1 357 1 2180,	
establecido 1 357 1 2179,	
rutinaria 1 357 1 2174,	
manera 1 357 1 2173,	
Máximo 1 357 1 8345,	
plasmáticos 2 357 2 2168,4312,	
niveles 13 357 13 2167,3116,3200,3318,4311,4768,4791,4832,5255,5292,5304,5380,8114,	
monitorización 1 357 1 2165,	
50% 2 357 2 2096,6906,	
Discontinuación 1 357 1 2049,	
inmunológico**) 2 357 2 5837,5879,	
siguientes 2 357 2 5684,6241,	
inicia 1 357 1 2042,	
ajuste 3 357 3 2032,2148,2193,	
ningún 5 357 5 2031,2147,2192,4453,4704,	
requiere 3 357 3 2030,2146,2191,	
SI 2 357 2 2012,2128,	
necesario 4 357 4 1970,2084,5211,6827,	
Puede 2 357 2 1968,2082,	
rifampicina) 5 357 5 1967,2027,2081,2143,3173,	
NO 2 357 2 1952,2066,	
bipolar) 1 357 1 1933,	
Rifampicina 1 357 1 1924,	
ausencia 1 357 1 1916,	
inhibidor 3 357 3 1886,3415,5232,	
Distribución 1 357 1 7165,	
añade 2 357 2 1883,1914,	
seguir 2 357 2 1874,4421,	
únicamente 1 357 1 1862,	
basándose 3 357 3 1861,1878,5510,	
recomendadas 3 357 3 1858,1877,4424,	
pautas 3 357 3 1853,1876,4423,	
1/100) 1 357 1 5564,	
ajustes 2 357 2 1850,3256,	
necesarios 2 357 2 1849,3255,	
conjuntivo 2 357 2 6179,6348,	
oral 5 357 5 1824,4715,5176,6595,7101,	
adversos 2 357 2 5428,6918,	
relacionado 3 357 3 4972,5122,7295,	
media 4 357 4 4398,4685,7402,7770,	
anticonceptivo 3 357 3 1823,3178,3346,	
diferencia 1 357 1 7036,	
aclaramiento 19 357 19 1815,3091,3311,4391,4529,4636,4741,4823,4926,7253,7268,7304,7336,7437,7553,7568,7634,7650,7877,	
empeorar 1 357 1 6069,	
incremento 8 357 8 1813,3722,4388,4477,5154,5170,8066,8128,	
demostrado 3 357 3 1811,3087,6649,	
Aunque 3 357 3 1808,4553,5728,	
Inicio 2 357 2 1796,1935,	
hormonales 15 357 15 1794,1807,1868,1940,2047,2054,2163,3074,3079,3247,3273,3295,3383,4131,4868,	
ovulatoria 2 357 2 3357,4816,	
anticonceptivos 12 357 12 1793,1806,1867,1939,2046,2053,2162,3078,3246,3269,3294,4134,	
Mujeres 1 357 1 1790,	
generales 4 357 4 1787,3229,6191,6356,	
Recomendaciones 2 357 2 1786,3228,	
(menores 2 357 2 1755,3710,	
adolescentes 4 357 4 1754,1772,3709,3733,	
Bajo 1 357 1 8350,	
inductor 3 357 3 1748,1896,3161,	
secciones 2 357 2 5502,5519,	
combinada 4 357 4 1694,4624,8255,8290,	
retirado 1 357 1 1686,	
mantener 1 357 1 1681,	
debido 6 357 6 2891,4401,5249,6915,7047,8040,	
debiéndose 1 357 1 1680,	
incluyendo 8 357 8 2536,3656,3941,5576,5716,5851,5916,6129,	
doble 7 357 7 1672,1980,3097,4163,4642,5624,6677,	
mantenerse 1 357 1 1643,	
alcanzada 1 357 1 1635,	
inactivo; 1 357 1 3534,	
significativa 5 357 5 1624,2364,4037,7060,7839,	
demanda 1 357 1 1612,	
rápidamente 3 357 3 2839,3392,7076,	
*La 1 357 1 1603,	
original 3 357 3 1549,1679,1708,	
300 5 357 5 1535,2672,4722,4862,6632,	
(c) 2 357 2 1529,1689,	
(b) 2 357 2 1517,1651,	
oxcarbazepina) 2 357 2 1516,1631,	
significativos 2 357 2 1506,3454,	
están 12 357 12 1501,1804,1944,1953,2013,2058,2067,2129,3158,3175,3566,3774,	
Tras 7 357 7 1489,1518,1530,1614,1652,1690,3132,	
Litio 4 357 4 1513,1628,4123,7002,	
continuación 2 357 2 1477,6208,	
esquema 1 357 1 1472,	
siguiendo 1 357 1 1470,	
gradualmente 2 357 2 1466,1736,	
retirar 3 357 3 1465,2842,5692,	
indicado 4 357 4 1452,1475,2335,6434,	
clínicamente 6 357 6 1451,4036,4362,7560,8025,8094,	
clínica 8 357 8 1416,1985,2101,2300,2960,5936,6808,7975,	
función 4 357 4 1412,2296,6145,7971,	
modificarse 1 357 1 1410,	
podrá 1 357 1 1409,	
**La 1 357 1 1404,	
O 3 357 3 1349,8333,8339,	
Primidona 5 357 5 1348,1560,1719,1906,1922,	
Fenobarbital 5 357 5 1347,1559,1718,1905,1921,	
sobreaviso 1 357 1 3881,	
Carbamazepina 6 357 6 1346,1558,1717,1903,1919,4122,	
Fenitoína 5 357 5 1345,1557,1716,1904,1920,	
usarse 3 357 3 1343,1555,1714,	
dosificación 8 357 8 1341,1474,1789,2571,3259,4247,4426,6755,	
régimen 4 357 4 1339,1551,1710,3939,	
400 5 357 5 1335,1533,1609,6722,6884,	
aumentar 3 357 3 1331,1607,1669,	
7 4 357 4 1328,5409,7483,8331,	
inductores 16 357 16 1311,1352,1503,1539,1564,1696,1723,1955,2015,2069,2131,4279,4431,7388,7490,8292,	
Metabolismo 1 357 1 7190,	
c) 2 357 2 1307,2048,	
alergia 2 357 2 2783,3044,	
Valproato) 4 357 4 1298,1528,1662,1893,	
máxima 4 357 4 1297,4342,6388,7110,	
inhibidores 6 357 6 1261,1327,1505,1521,1655,8257,	
b) 2 357 2 1257,1934,	
glucuronidación 27 357 27 1245,1279,1314,1355,1509,1524,1542,1567,1658,1699,1726,1751,1889,1899,1958,2018,2072,2134,3164,4091,4112,4115,4118,4151,4412,4434,7391,	
psiquiátricos 2 357 2 3741,5997,	
significativamente 7 357 7 1243,2214,3521,4105,4107,4110,6602,	
Después 1 357 1 7562,	
inhiben 3 357 3 1242,4096,4103,	
sección 1 357 1 6218,	
inducen 4 357 4 1240,4099,4109,4289,	
u 1 357 1 1234,	
realiza 1 357 1 2171,	
olanzapina 5 357 5 1232,1515,1630,4327,4376,	
5% 1 357 1 5645,	
bupropión 5 357 5 1231,1514,1629,4450,4512,	
litio 7 357 7 1230,4873,4884,6684,6724,6759,6977,	
100-400mg/día 1 357 1 1227,	
Rango 1 357 1 1226,	
Terapia 3 357 3 1221,1258,1308,	
Monoterapia 1 357 1 1188,	
a) 4 357 4 1187,1488,1613,1795,	
estabilización 3 357 3 1186,1407,1677,	
Semana 5 357 5 1181,1325,1481,1483,1485,	
menstrual 1 357 1 3404,	
Régimen 3 357 3 1171,1479,1926,	
adjunto 1 357 1 1170,	
escaso 1 357 1 4076,	
señala 1 357 1 1166,	
asociado 9 357 9 1161,2735,2927,3719,5097,5773,5825,5867,5908,	
posteriores 5 357 5 1158,2229,2280,7916,7960,	
dependiendo 5 357 5 1151,1545,1702,1981,2097,	
gradual 3 357 3 1147,3614,4668,	
instaurarse 1 357 1 1144,	
El 19 357 19 1139,2627,2952,3349,3714,5007,5039,5089,5763,5928,7087,7104,7128,7252,7267,7303,7436,7633,7706,	
18 4 357 4 1137,1757,1775,3712,	
(mayores 1 357 1 1135,	
suficiente 2 357 2 1120,2406,	
existe 5 357 5 1118,3425,4960,5461,7219,	
No 12 357 12 1117,2189,2518,3262,4025,4125,4355,4847,4959,8191,8206,8329,	
indican 3 357 3 4491,4594,5342,	
menores 5 357 5 1113,1128,1773,2446,8017,	
clonazepam 1 357 1 4513,	
recomendado 2 357 2 1111,1927,	
rango 2 357 2 1110,7355,	
alta 2 357 2 1108,7139,	
requieran 1 357 1 1099,	
2-6 1 357 1 1097,	
reevaluar 1 357 1 4995,	
comprendida 1 357 1 1095,	
edad 4 357 4 1094,2211,7457,7580,	
probable 3 357 3 1089,4051,4534,	
Es 3 357 3 1088,2974,5950,	
revisarse 1 357 1 1055,	
hay 2 357 2 1047,3795,	
niño 1 357 1 1044,	
monitorizar 1 357 1 1040,	
cambios 8 357 8 1048,3315,3353,3370,3453,4557,4829,5280,	
terapéutica 4 357 4 1037,3152,5225,6387,	
superiores 4 357 4 4689,6381,8039,8056,	
mantiene 1 357 1 1034,	
asegurar 1 357 1 1031,	
administrar 6 357 6 1028,2313,2438,2450,5221,7564,	
menor 2 357 2 1021,5223,	
alternos 1 357 1 1009,	
aumentos 1 357 1 3209,	
consideración 1 357 1 2342,	
días 4 357 4 1008,1300,3219,4892,	
(0 2 357 2 7639,7652,	
calculada 3 357 3 993,1019,2423,	
diaria 3 357 3 992,1018,1296,	
Si 8 357 8 989,1015,1449,2420,2993,5208,5970,6432,	
lavado 1 357 1 6438,	
optima) 1 357 1 925,	
Anomalías 1 357 1 5849,	
maquinaria 1 357 1 5457,	
1-10 1 357 1 921,	
MINISTERIO 7 357 7 893,1236,1478,2532,5846,6104,6364,	
óptima) 1 357 1 888,	
5-15 1 357 1 884,	
significativas 2 357 2 4084,6974,	
(respuesta 3 357 3 859,886,923,	
1-5 1 357 1 857,	
(incluyendo 3 357 3 3799,3907,5889,	
1-2 4 357 4 847,872,908,996,	
máximo 4 357 4 845,870,906,2094,	
mg/kg 3 357 3 834,866,902,	
Aumentar 3 357 3 829,861,897,	
produjeron 1 357 1 6584,	
mg/kg/día 4 357 4 828,858,885,922,	
inducir 1 357 1 4068,	
mg/kg/día** 1 357 1 825,	
15 2 357 2 824,4324,	
0 15 357 15 823,826,832,900,6729,7184,7655,7711,7717,7731,7756,7883,7885,7888,7904,	
años) 5 357 5 798,1138,1758,2639,3713,	
(2 2 357 2 795,2636,	
Niños 5 357 5 794,1112,1752,3707,7435,	
continuar 1 357 1 789,	
retirados 1 357 1 784,	
administrados 1 357 1 778,	
48940 1 357 1 8348,	
SEDE 1 357 1 8340,	
epiléptico 1 357 1 770,	
control 3 357 3 769,3235,3693,	
alcanzado 2 357 2 767,1458,	
corpuscular 1 357 1 3463,	
haya 2 357 2 766,1457,	
Una 1 357 1 763,	
utilizada 4 357 4 748,1073,1434,5116,	
tomando 15 357 15 1229,1502,1805,1945,1954,2014,2059,2068,2130,2348,3159,3176,3552,3777,4256,	
conjuntamente 6 357 6 728,983,1401,1600,7410,7511,	
aparecen 4 357 4 2994,3929,3977,5975,	
administra 7 357 7 727,982,1400,1599,7409,7487,7510,	
debe 39 357 39 716,971,1027,1039,1054,1064,1143,1342,1389,1425,1554,1588,1642,1668,1713,1734,2309,2331,2772,2841,3001,3007,3028,3065,3538,3561,3700,3784,3878,3933,4977,4994,5011,5114,5978,5984,6418,6427,7812,	
interacción) 9 357 9 714,969,1370,1846,2008,2124,3131,3337,7434,	
formas 10 357 10 712,967,1368,1844,2006,2122,3129,3335,3999,7432,	
medicamentos 16 357 16 709,964,1365,1841,2003,2119,2790,3126,3332,3555,3572,3996,4006,4552,7429,8450,	
Interacción 10 357 10 705,960,1361,1837,1999,2115,3122,3328,3992,7425,	
farmacocinética 13 357 13 699,954,1385,1584,1623,2204,2376,4374,4459,4708,4871,7226,7616,	
interacción 6 357 6 698,953,1384,1583,1622,4001,	
Menos 1 357 1 7282,	
desconoce 5 357 5 696,951,1382,1581,4810,	
peso 3 357 3 1042,7440,8008,	
antiepilépticos 18 357 18 691,777,946,1377,1495,1576,1620,2791,3587,4278,4565,4582,4602,4975,5058,5094,5474,7230,	
fármacos 25 357 25 690,776,945,1237,1376,1468,1492,1575,1617,4047,4059,4088,4277,4564,4581,4601,4928,4974,5473,6528,6782,7229,7241,7387,7489,	
tabla 1 357 1 6985,	
toman 8 357 8 689,944,1326,1375,1574,1792,3381,4202,	
NOTA 5 357 5 685,940,987,1371,1570,	
deseada 1 357 1 684,	
700 1 357 1 676,	
global 4 357 4 2728,5765,6227,6809,	
psicótropos 3 357 3 1469,1493,1618,	
requerido 1 357 1 675,	
(#) 1 357 1 671,	
valproato 11 357 11 670,730,939,985,1403,1602,1688,2762,5802,7412,7513,	
rifampicina 4 357 4 668,937,4385,4419,	
primidona 7 357 7 666,935,1965,2025,2079,2141,3171,	
fenobarbital 8 357 8 665,934,1964,2024,2078,2140,3170,4286,	
reduce 3 357 3 4154,4217,4924,	
carbamazepina 13 357 13 664,933,1962,2022,2076,2138,3168,4203,4221,4285,6600,7394,7494,	
fenitoína 11 357 11 663,932,1963,2023,2077,2139,3169,4284,6563,7396,7496,	
inhibidores2 2 357 2 605,911,	
oxcarbazepina 6 357 6 578,895,1233,4238,4265,4267,	
Con 2 357 2 577,894,	
incrementar 2 357 2 573,1971,	
valproato) 2 357 2 570,887,	
extensión 1 357 1 7120,	
(excepto 2 357 2 569,882,	
mantenimiento 20 357 20 568,854,880,917,1103,1462,1707,1948,1975,2037,2062,2089,2153,2240,2291,2358,3142,7832,7923,7967,	
llegar 1 357 1 563,	
glucuronidacion 5 357 5 548,609,875,918,4298,	
resultado 2 357 2 3111,3674,	
inductores1 4 357 4 534,587,867,904,	
orina 2 357 2 7281,7289,	
200-400 1 357 1 532,	
realizar 2 357 2 3785,8033,	
Fármacos 5 357 5 527,860,4094,4097,4100,	
semana 8 357 8 524,559,617,3183,3192,3224,4671,4683,	
5ª 3 357 3 523,558,616,	
partir 5 357 5 520,555,613,1322,7528,	
A 6 357 6 519,554,612,1321,7895,8344,	
Dolor 4 357 4 6019,6044,6337,6366,	
administrado 2 357 2 517,1293,	
concomitante 11 357 11 516,781,855,2345,2760,3341,4417,4694,4904,5800,7374,	
fármaco 10 357 10 512,850,1650,2706,2874,5740,7103,7298,8024,8093,	
(comprimido 2 357 2 498,1264,	
mg/día* 2 357 2 491,493,	
con/sin 2 357 2 488,822,	
Valproato 6 357 6 487,821,1334,1918,4121,4147,	
grado 1 357 1 3845,	
Mantenimiento(#) 1 357 1 486,	
2 27 357 27 479,669,813,865,938,1005,1115,1130,1176,1484,2303,2381,2752,2765,3619,4174,4437,4879,5138,5792,5805,7067,7095,7416,7517,7764,8189,	
tratamiento 44 357 44 451,1140,1160,1553,1712,1765,1798,1937,2044,2051,2160,2496,2724,2806,2844,2882,2901,3023,3059,3244,3250,3437,3445,3543,3715,3814,3854,3876,4416,4693,4999,5008,5213,5323,5448,5663,5688,6430,6717,6817,6833,6957,6996,7597,	
recomienda 4 357 4 449,2876,5220,7825,	
pediátricos 1 357 1 446,	
En 40 357 40 444,686,941,1372,1571,2009,2125,2320,2558,2607,2678,3154,3296,3500,3687,4248,4313,4377,4612,4695,4940,5361,5419,5596,5621,6030,6114,6412,6519,6588,6697,6737,6860,6891,7012,7325,7983,8060,8109,8166,	
empleo) 9 357 9 443,762,1087,1448,1785,2373,4846,5702,5762,	
conteniendo 8 357 8 8236,8247,8261,8271,8282,8296,8307,8318,	
paso 1 357 1 7086,	
especiales 14 357 14 441,760,1085,1446,1783,1831,1993,2109,2371,2485,4844,5700,5760,8203,	
Precauciones 11 357 11 440,759,1084,1445,1782,1830,1992,2108,2370,4843,8202,	
Advertencias 13 357 13 438,757,1082,1443,1780,1828,1990,2106,2368,2482,4841,5697,5757,	
(ver 34 357 34 435,702,754,957,1079,1358,1440,1777,1825,1925,1987,2103,2301,2365,2553,2750,2763,2947,3119,3227,3324,3325,4172,4435,4838,5201,5694,5754,5790,5803,5833,5875,7414,7515,	
posterior 5 357 5 434,747,1072,1433,7276,	
exceder 4 357 4 422,740,1065,1426,	
deben 12 357 12 421,2242,2293,2698,2836,3390,3867,4420,5442,5477,5520,6210,	
cutánea 16 357 16 418,736,1061,1422,2489,2619,2686,2715,2731,2897,3037,5595,5611,5813,5896,6254,	
disminuyó 1 357 1 7570,	
erupción 20 357 20 417,735,1060,1421,2618,2685,2714,2730,2835,2868,2896,2915,2981,3036,3632,5673,5770,5812,5895,5957,	
fijada 3 357 3 1408,1634,1678,	
aparición 19 357 19 415,2501,2681,2798,2894,3034,3407,3598,3630,3766,3801,3909,3914,3959,3965,5024,5767,6170,6396,	
riesgo 21 357 21 413,733,1058,1419,2530,2628,2727,2913,3724,3745,3827,3858,5040,5101,5157,5245,5399,5711,5764,8131,8159,	
seis 1 357 1 4891,	
Debido 6 357 6 411,731,1056,1417,5458,8027,	
ovárica 1 357 1 4782,	
adecuada 1 357 1 410,	
respuesta 9 357 9 409,683,1415,1984,2100,2299,3151,5467,7974,	
alimentos 1 357 1 7117,	
alcanzar 5 357 5 407,681,851,877,914,	
lamotrigina 171 357 171 405,562,611,679,701,724,881,924,956,979,1003,1029,1125,1142,1190,1247,1291,1316,1357,1387,1397,1511,1526,1544,1569,1586,1596,1626,1660,1666,1701,1728,1732,1800,1817,1860,1881,1891,1901,1912,1950,1960,1977,2020,2039,2064,2074,2091,2136,2155,2206,2314,2330,2427,2472,2552,2573,2742,2808,2846,2884,2904,3010,3025,3084,3093,3118,3166,3202,3214,3261,3285,3288,3343,3385,3450,3517,3558,3575,3592,3608,3686,4008,4019,4031,4057,4093,4114,4117,4120,4146,4153,4158,4171,4209,4236,4260,4273,4300,4306,4345,4370,4400,4461,4484,4499,4531,4548,4575,4596,4638,4654,4664,4725,4859,4909,4922,4951,4965,5124,5143,5215,5294,5306,5325,5333,5344,5378,5423,5450,5532,5641,5665,5693,5780,5987,6067,6229,6277,6292,6320,6462,6543,6628,6653,6718,6753,6774,6867,6963,7016,7038,7169,7204,7223,7239,7270,7366,7465,7555,7618,7690,7786,7810,7880,8053,8076,8108,8111,8155,8183,	
500 2 357 2 402,2586,	
ulterior 1 357 1 2855,	
precisado 1 357 1 398,	
han 26 357 26 397,674,2178,2510,2522,2889,3264,3643,3678,4127,4181,4555,4570,4849,5167,5186,5194,5368,5425,5499,5705,6164,6238,6648,7194,7999,	
Algunos 2 357 2 395,672,	
** 5 357 5 394,641,986,1303,5893,	
Iniciación 3 357 3 390,637,658,	
reinicie 1 357 1 2880,	
Envase 3 357 3 388,635,656,	
utilizar 9 357 9 386,633,654,717,972,1390,1589,5417,5456,	
24% 1 357 1 4350,	
deberá 7 357 7 385,572,632,653,739,1873,3610,	
semanas 17 357 17 383,630,651,848,873,909,1014,1150,1742,2494,2722,3620,5683,6765,6793,6820,7595,	
primeras 5 357 5 382,1012,2492,2721,5275,	
4 57 357 57 381,436,437,483,629,650,703,755,756,817,958,1080,1081,1180,1359,1441,1442,1778,1779,1826,1827,1835,1988,1989,1997,2104,2105,2113,2366,2367,2554,2751,2764,2948,3120,3326,3990,4173,4436,4839,4840,4934,5408,5491,5695,5696,5755,5756,5791,5804,6370,6792,7415,7423,7516,7750,8201,	
hospital 1 357 1 6423,	
durante 28 357 28 379,627,648,771,1010,1148,1644,2718,3190,3222,3248,3435,3477,3492,3615,3874,4669,4763,4890,5146,5216,5285,5308,5321,5334,6791,6818,7793,	
correcta 3 357 3 375,623,644,	
Para 6 357 6 373,621,642,1030,2374,7801,	
sea 3 357 3 1105,4361,5119,	
* 3 357 3 372,620,4124,	
transitorios 1 357 1 3197,	
mg) 3 357 3 371,553,1498,	
presente 1 357 1 7787,	
día) 9 357 9 369,503,540,592,596,840,844,1210,1268,	
dosis) 10 357 10 365,515,547,608,892,1220,1224,1225,1290,1294,	
divididos 9 357 9 362,509,602,1211,1214,1217,1284,1287,1337,	
(2%) 1 357 1 6944,	
equilibrio 3 357 3 4729,7153,7259,	
o 59 357 59 361,508,588,601,905,930,1198,1203,1208,1209,1241,1273,1278,1494,1504,1561,1619,1720,1907,1909,1923,1966,2026,2080,2142,2412,2473,2784,3038,3047,3172,3221,3242,3473,3775,3807,3815,3819,3835,3840,3863,3918,3968,3981,4034,4516,4544,5454,5859,6706,6746,6760,6777,6821,6835,7053,7887,7897,8018,	
día 10 357 10 360,507,600,929,1197,1202,1207,1272,1277,4889,	
Agitación 2 357 2 6056,6341,	
vez 23 357 23 358,367,501,505,538,590,594,598,764,838,842,927,1192,1195,1200,1205,1266,1270,1275,1305,1454,1685,2422,	
(una 19 357 19 357,366,500,504,537,589,593,597,837,841,926,1191,1194,1199,1204,1265,1269,1274,1304,	
osificación 1 357 1 8014,	
incluye 1 357 1 3181,	
(divididos 4 357 4 352,541,544,889,	
mg/día** 4 357 4 350,529,531,584,	
mg/día 18 357 18 348,351,403,495,533,580,582,677,1250,1252,1254,1256,1336,1610,4863,4907,6870,6885,	
folato 3 357 3 3434,3470,3488,	
inicial 9 357 9 344,425,743,1068,1154,1429,2328,2682,7808,	
mayor 8 357 8 2641,3737,3826,3857,3872,5100,6710,7443,	
Mantenimiento 2 357 2 342,820,	
retirada 12 357 12 1490,1519,1531,1615,1646,1653,1691,3589,3637,5661,5738,6920,	
Dosis 8 357 8 340,343,484,818,1183,1295,2738,5776,	
disminución 4 357 4 3113,3373,4394,7592,	
4* 1 357 1 339,	
afectación 1 357 1 4185,	
3 14 357 14 337,481,815,827,833,1178,1486,1741,2811,5203,6802,7977,8194,8198,	
2* 1 357 1 335,	
Semanas 8 357 8 332,336,476,480,810,814,1173,1177,	
retira 1 357 1 1746,	
siguiente 5 357 5 331,475,809,5538,6986,	
(ej 13 357 13 1292,1512,1527,1627,1661,1892,1902,1961,2021,2075,2137,3167,5967,	
cuadro 4 357 4 330,474,808,1169,	
según 4 357 4 328,472,806,6784,	
utilizadas 2 357 2 2230,2281,	
realizará 3 357 3 327,471,805,	
recomendada 12 357 12 325,428,469,722,803,977,1395,1594,1641,2202,2749,5789,	
carácter 1 357 1 5430,	
dosis 108 357 108 324,355,378,400,424,433,468,550,566,575,626,647,721,742,746,753,802,830,852,862,878,898,915,976,991,1017,1036,1053,1067,1071,1078,1101,1153,1157,1394,1405,1428,1432,1439,1460,1548,1593,1604,1633,1640,1664,1675,1683,1705,1730,1857,1872,1946,1973,2035,2060,2087,2151,2225,2228,2235,2238,2279,2286,2289,2327,2356,2425,2448,2748,3136,3140,3212,3503,3606,3822,4219,4446,4464,4720,4857,5224,5788,6380,6386,6538,6591,6626,6865,6880,7137,7214,7312,7565,7628,7670,7684,7807,7830,7854,7912,7915,7921,7959,7965,8016,8038,8055,	
escalada 24 357 24 322,376,431,466,624,645,719,751,800,974,1076,1392,1437,1591,1638,1855,1870,2233,2284,2746,3134,5786,7918,7962,	
náuseas 1 357 1 4198,	
La 31 357 31 321,465,799,1632,1663,1729,1869,2164,2203,2914,3605,4364,4443,4870,5327,5672,5811,5894,6151,6389,6839,6945,6984,7166,7313,7360,7375,7462,7591,7874,8119,	
aparece 1 357 1 5678,	
años 12 357 12 320,464,1098,1116,1131,1776,2186,3497,7461,7583,7590,8199,	
12 10 357 10 319,463,489,797,1248,2638,4467,7573,7620,7869,	
mayores 3 357 3 317,461,3206,	
Adultos 3 357 3 314,458,1134,	
efecto 10 357 10 3603,4074,4226,4360,4454,4705,4963,5231,5298,8050,	
administración 19 357 19 309,3100,3340,4322,4365,4444,4619,4877,4903,4949,5262,6198,6363,6515,6831,7100,7421,7625,7668,	
Posología 11 357 11 305,311,454,2753,2766,4175,4438,5793,5806,7417,7518,	
bipolar 12 357 12 304,1768,2614,3751,3756,3782,5509,6236,6271,6307,6644,6669,	
decir 1 357 1 3829,	
trastorno 15 357 15 303,1767,1932,2613,3735,3750,3755,3781,5508,6235,6270,6306,6660,6668,6855,	
depresivos 2 357 2 299,3764,	
Mecanismo 1 357 1 6451,	
episodios 3 357 3 298,6658,7055,	
Prevención 1 357 1 295,	
BIPOLAR 4 357 4 294,1133,3706,6202,	
TRASTORNO 4 357 4 293,1132,3705,6201,	
Lennox-Gastaut 1 357 1 292,	
síndrome 8 357 8 290,2924,2953,5718,5822,5864,5905,5929,	
asociadas 3 357 3 288,2661,5862,	
37 1 357 1 7604,	
frente 1 357 1 5397,	
tónico-clónicas 1 357 1 285,	
PRIMERA 1 357 1 8404,	
generalizadas 1 357 1 284,	
primarias 1 357 1 283,	
secundaria 1 357 1 280,	
tónico-clónica 1 357 1 279,	
generalización 1 357 1 278,	
incluidas 1 357 1 275,	
ajustarse 2 357 2 2332,7969,	
parciales 1 357 1 274,	
crisis 6 357 6 273,282,287,3653,3696,6504,	
individual 3 357 3 1986,2102,5464,	
- 17 357 17 272,281,286,988,2737,2758,5549,5775,5798,8360,8368,8376,8384,8392,8415,8422,8431,	
dejado 1 357 1 2890,	
caso 3 357 3 270,3688,6413,	
fundamentalmente 1 357 1 267,	
100-200 3 357 3 349,494,583,	
indicada 2 357 2 266,1762,	
está 8 357 8 265,1450,1761,2464,3718,5771,7642,8124,	
bloqueo 1 357 1 6477,	
niños 14 357 14 260,316,460,1127,1770,2635,2665,2679,2709,3731,5366,7445,7455,7472,	
así 3 357 3 257,6079,6506,	
añadida 12 357 12 256,263,457,774,1222,1259,1309,4429,5604,5628,6038,6122,	
recién 2 357 2 5052,5403,	
terapia 13 357 13 255,262,456,773,1693,4428,5603,5627,6037,6121,6837,8254,8289,	
monoterapia 10 357 10 252,313,453,791,5109,5145,5591,6016,6111,6776,	
normales 1 357 1 7348,	
incubación 1 357 1 4508,	
adultos 14 357 14 249,2559,2645,3838,4233,4254,4320,6548,7261,7318,7448,7476,7538,7663,	
pacientes 65 357 65 248,301,396,445,673,687,787,942,1092,1228,1318,1373,1497,1572,1802,1942,2010,2056,2126,2251,2267,2316,2360,2430,2587,2611,2779,2816,2828,2886,3379,3389,3545,3564,3753,3791,3824,3885,3951,4200,4414,4808,5441,5476,5638,5648,5671,5733,5742,6073,6090,6287,6304,6317,6327,6666,6701,6741,6772,6901,7805,7834,7892,7935,7949,	
epilepsia 6 357 6 246,1929,2589,5490,5505,7544,	
12% 1 357 1 4758,	
Rifampicina) 1 357 1 1908,	
Este 3 357 3 1338,1550,1709,	
Tratamiento 3 357 3 243,1185,1480,	
EPILEPSIA 4 357 4 242,310,3582,5579,	
Terapéuticas 1 357 1 241,	
Indicaciones 1 357 1 240,	
clínicos 13 357 13 239,2609,5421,5589,5601,5623,6014,6035,6109,6119,6233,6301,6894,	
dATOS 1 357 1 238,	
moteados 1 357 1 237,	
evolución 1 357 1 2854,	
ligeramente 2 357 2 236,7113,	
Los 19 357 19 230,2387,2646,3752,3823,4413,4485,4518,4587,4910,5072,5177,5190,5279,5339,6454,7524,8096,8142,	
""200"" 1 357 1 224,	
""100"" 1 357 1 202,	
""50"" 1 357 1 180,	
""25"" 1 357 1 158,	
reducir 5 357 5 1735,2085,2243,2354,3611,	
superelípticos 4 357 4 153,175,197,219,	
múltiples 5 357 5 151,173,195,217,4448,	
grupos 4 357 4 6715,6815,6955,7607,	
caras 9 357 9 141,152,163,174,185,196,207,218,229,	
""5"" 1 357 1 136,	
grabados 5 357 5 134,156,178,200,222,	
ranurados 5 357 5 133,155,177,199,221,	
biconvexos 1 357 1 132,	
electroconvulsivante 1 357 1 6838,	
(100-400 1 357 1 6757,	
alargados 1 357 1 131,	
voluntarias 3 357 3 3301,4617,4700,	
blanquecinos 5 357 5 130,149,171,193,215,	
blancos 5 357 5 128,147,169,191,213,	
son 12 357 12 126,145,167,189,211,1848,3975,3983,4020,5079,7248,7308,	
Comprimidos 10 357 10 121,8364,8372,8380,8388,8396,8412,8419,8428,8435,	
farmacéutica 1 357 1 120,	
forma 24 357 24 119,307,780,1146,2440,2755,2768,2865,3279,3613,3979,4140,4177,4440,4667,5014,5076,5795,5808,6889,7211,7419,7520,7559,	
atención 1 357 1 3925,	
1 19 357 19 118,333,477,662,811,864,931,1023,1174,1482,2583,2623,2669,2674,3481,6732,6733,7187,7723,	
ovulación 1 357 1 4802,	
6 12 357 12 117,901,1149,4935,7701,7778,8185,8193,8200,8222,8322,8323,	
excipientes 2 357 2 115,2478,	
escala 1 357 1 6805,	
Lista 1 357 1 113,	
(DOE) 5 357 5 60,73,86,99,112,	
Lamotrigina 13 357 13 59,72,85,98,111,264,1759,3412,4066,5227,7003,7071,7205,	
conjunto 1 357 1 6263,	
contiene 5 357 5 55,68,81,94,107,	
Labileno 15 357 15 52,65,78,91,104,123,142,164,186,208,233,793,2391,2463,3559,	
gran 1 357 1 8147,	
dispersable 5 357 5 50,63,76,89,102,	
comprimido 7 357 7 49,62,75,88,101,2410,2456,	
cambio 2 357 2 3397,3936,	
Cada 5 357 5 48,61,74,87,100,	
cuantitativa 1 357 1 47,	
cualitativa 1 357 1 45,	
contraindicado 1 357 1 2465,	
composición 1 357 1 44,	
luz 1 357 1 8217,	
200 13 357 13 40,105,108,209,1301,1537,4257,4367,6720,6882,8312,8394,8426,	
esperada 1 357 1 5067,	
100 12 357 12 35,92,95,187,530,1255,2677,4906,7687,8301,8386,8433,	
congénitas 4 357 4 5043,5104,5160,8134,	
50 17 357 17 30,79,82,165,347,528,552,581,660,1253,2248,6869,7506,7932,8276,8378,8424,	
25 16 357 16 25,66,69,143,346,370,392,492,513,579,639,1251,1282,8241,8370,8417,	
MEDICAMENTO 1 357 1 18,	
DEL 2 357 2 17,8443,	
DENOMINACIÓN 1 357 1 16,	
tuvo 1 357 1 4452,	
información 4 357 4 13,1119,2375,5328,	
investigador 1 357 1 6825,	
Toda 1 357 1 11,	
medicamento 2 357 2 10,15,	
sufran 1 357 1 3953,	
Basica 1 357 1 8,	
	"Información 1 357 1 7,	
56 5 357 5 5,8237,8272,8297,8308,	
discontinua 1 357 1 2158,	
dispersables 21 357 21 4,23,28,33,38,43,122,2389,8233,8239,8244,8250,8264,8274,8279,8285,8299,8304,8310,8315,8321,	
notificaciones 1 357 1 5577,	
comprimidos 29 357 29 3,6,22,27,32,37,42,127,146,168,190,212,231,1001,2388,2443,8232,8238,8243,8249,8263,8273,8278,8284,8298,8303,8309,8314,8320,	
mg 62 357 62 2,21,26,31,36,41,54,57,67,70,80,83,93,96,106,109,125,144,166,188,210,393,514,640,661,997,1006,1024,1283,1302,1534,1536,1538,4258,4263,4325,4368,4723,6541,6561,6566,6598,6633,7135,7632,7676,7688,8231,8242,8277,8302,8313,8363,8371,8379,8387,8395,8411,8418,8425,8427,8434,	
5 31 357 31 1,20,53,56,124,490,704,959,1182,1249,1360,1836,1998,2114,2302,2380,3121,3327,3496,3991,5202,6714,7066,7096,7424,7777,7976,8223,8230,8362,8410,	
identificadas 1 357 1 7196,	
LABILENO 20 357 20 0,19,24,29,34,39,8229,8240,8275,8300,8311,8361,8369,8377,8385,8393,8409,8416,8423,8432,	
