Prospectos 1 307 1 3616,	
2500 1 307 1 3614,	
1500 1 307 1 3605,	
1000 1 307 1 3596,	
TEXTO 1 307 1 3586,	
DEL 1 307 1 3585,	
(PARCIAL) 1 307 1 3584,	
REVISIÓN 1 307 1 3583,	
12-03-2004 1 307 1 3579,	
/ 1 307 1 3578,	
22-05-2000 1 307 1 3577,	
FECHA 2 307 2 3569,3581,	
985 1 307 1 3567,	
NÚMERO 1 307 1 3559,	
(Suecia) 1 307 1 3557,	
Uppsala 1 307 1 3556,	
82 1 307 1 3555,	
751 1 307 1 3554,	
Rapsgatan 1 307 1 3552,	
AB 1 307 1 3551,	
FRESENIUS 1 307 1 3549,	
COMERCIALIZACIÓN 3 307 3 3547,3564,3575,	
TITULAR 1 307 1 3542,	
sobrante 1 307 1 3534,	
rechazarse 1 307 1 3531,	
mezclas 1 307 1 3525,	
comprobada 1 307 1 3515,	
Sólo 1 307 1 3502,	
Aditivos 1 307 1 3501,	
COMPATIBILIDAD 1 307 1 3500,	
claras 1 307 1 3493,	
invertida 1 307 1 3473,	
homogénea 2 307 2 3468,3499,	
asegurar 1 307 1 3465,	
Debe 2 307 2 3448,3530,	
intacto 1 307 1 3447,	
Noviembre-2004 1 307 1 3587,	
uso/manipulación 1 307 1 3439,	
Tamaños 1 307 1 3407,	
copoliéster-éter 1 307 1 3406,	
externa 1 307 1 3403,	
(SEBS) 1 307 1 3399,	
intermedia 1 307 1 3394,	
estireno/etileno/butileno/estireno) 1 307 1 3391,	
SEBS 1 307 1 3390,	
(copolímero 1 307 1 3389,	
termoplástico 2 307 2 3388,3398,	
elastómero 2 307 2 3387,3397,	
20% 1 307 1 3385,	
(propileno/etileno) 1 307 1 3383,	
poli 1 307 1 3382,	
interior 1 307 1 3377,	
capa 3 307 3 3376,3393,3402,	
capas 1 307 1 3374,	
película 1 307 1 3371,	
consta 1 307 1 3368,	
polímero 1 307 1 3366,	
fabricada 1 307 1 3363,	
separadas 2 307 2 3341,3463,	
polipropileno 1 307 1 3336,	
multicámaras 1 307 1 3327,	
envase 3 307 3 3319,3321,3443,	
Naturaleza 1 307 1 3315,	
mezcla 3 307 3 3306,3467,3533,	
2- 1 307 1 3302,	
extraerla 1 307 1 3297,	
conservada 1 307 1 3284,	
controladas 1 307 1 3276,	
evitarse 1 307 1 3266,	
almacenamiento 1 307 1 3263,	
2-8 2 307 2 3259,3289,	
normalmente 1 307 1 3250,	
usuario 1 307 1 3248,	
responsabilidad 1 307 1 3246,	
previas 1 307 1 3241,	
utilizarse 1 307 1 3219,	
microbiológico 1 307 1 3215,	
vista 1 307 1 3214,	
punto 1 307 1 3212,	
Desde 1 307 1 3210,	
port 1 307 1 3205,	
mezclar 1 307 1 3196,	
ADITIVOS 1 307 1 3187,	
Instrucciones 1 307 1 3437,	
CON 1 307 1 3186,	
congelar 1 307 1 3181,	
Mantener 1 307 1 3176,	
25ºC 1 307 1 3175,	
conservación 3 307 3 3168,3234,3300,	
Precauciones 1 307 1 3165,	
C 1 307 1 3162,	
mezclada 2 307 2 3156,3281,	
física 1 307 1 3149,	
química 1 307 1 3147,	
estabilidad 1 307 1 3146,	
Después 3 307 3 3136,3188,3295,	
MEZCLA 2 307 2 3135,3185,	
utilizado 1 307 1 3229,	
DESPUÉS 2 307 2 3132,3182,	
ÚTIL 1 307 1 3131,	
VIDA 1 307 1 3130,	
PERÍODO 1 307 1 3128,	
validez 1 307 1 3122,	
uso/manipulación"" 1 307 1 3117,	
""Instrucciones 1 307 1 3115,	
sección 1 307 1 3112,	
comprobado 1 307 1 3108,	
previamente 1 307 1 3105,	
productos 1 307 1 3102,	
sólo 2 307 2 3096,3484,	
Incompatibilidades 1 307 1 3094,	
adiciones 4 307 4 3202,3225,3270,3517,	
Agua 1 307 1 3089,	
glacial 1 307 1 3088,	
acético 1 307 1 3087,	
Hidróxido 1 307 1 3083,	
Glicerol 1 307 1 3082,	
purificados 1 307 1 3081,	
Fosfolípidos 1 307 1 3078,	
	"6 1 307 1 3073,	
FARMACÉUTICOS 1 307 1 3072,	
tolerancia 1 307 1 3068,	
buena 1 307 1 3067,	
demostrado 2 307 2 3065,3144,	
concentraciones 1 307 1 3063,	
realizados 1 307 1 3048,	
cabo 1 307 1 3034,	
llevado 1 307 1 3032,	
preclínica 3 307 3 3028,3038,3047,	
perfundida 2 307 2 3007,3309,	
directamente 1 307 1 2999,	
sistémica 1 307 1 2998,	
intravenosamente 1 307 1 2994,	
circulatorio 1 307 1 2988,	
porta 1 307 1 2982,	
entran 1 307 1 2977,	
dieta 1 307 1 2976,	
esencialmente 2 307 2 2951,3009,	
perfundidos 2 307 2 2949,2993,	
principales 1 307 1 2941,	
disminuida 1 307 1 2935,	
hipertrigliceridemia 1 307 1 2931,	
utilización 3 307 3 2920,2933,3237,	
rápida 1 307 1 2917,	
caso 1 307 1 2906,	
producto 1 307 1 3217,	
post-operatorio 1 307 1 2903,	
paciente; 1 307 1 2899,	
oxidación 1 307 1 2892,	
tasas 1 307 1 2887,	
± 1 307 1 2872,	
noche 1 307 1 2866,	
sanos 1 307 1 2853,	
voluntarios 1 307 1 2852,	
enfermedad 1 307 1 2845,	
hígado 1 307 1 2827,	
80% 1 307 1 3380,	
LDL 1 307 1 2823,	
periféricamente 1 307 1 2819,	
hidrolizadas 1 307 1 2813,	
medicinales 2 307 2 3103,3508,	
primeramente 1 307 1 2812,	
lipídicas 3 307 3 2809,2840,2913,	
proviene 1 307 1 3018,	
partículas 2 307 2 2808,2839,	
catabolismo 1 307 1 2806,	
eliminado 1 307 1 2787,	
significativamente 1 307 1 2782,	
Excel; 1 307 1 3367,	
ayuno 1 307 1 2863,	
colesterol 1 307 1 2772,	
A 1 307 1 2762,	
endógenos 2 307 2 2761,2799,	
quilomicrones 3 307 3 2760,2766,2798,	
biológicas 1 307 1 2754,	
propiedades 3 307 3 2753,2942,3002,	
farmacocinéticas 3 307 3 2748,2943,3003,	
contribuir 1 307 1 2736,	
aparte 1 307 1 2734,	
farmacodinámicos 1 307 1 2733,	
efectos 1 307 1 2732,	
GLUCOSA 2 307 2 2727,3000,	
termogénico 1 307 1 2726,	
mostrado 1 307 1 2723,	
Diversos 1 307 1 2716,	
canalizado 1 307 1 2712,	
excedente 1 307 1 2710,	
tejido 1 307 1 2706,	
síntesis 1 307 1 2704,	
utilizados 1 307 1 2701,	
alimentación 3 307 3 2698,2965,3021,	
ELECTROLITOS 2 307 2 2689,2939,	
AMINOÁCIDOS 2 307 2 2687,2937,	
grasas 1 307 1 2686,	
emulsiones 2 307 2 2685,2912,	
similares 3 307 3 2678,2755,2793,	
interrumpe 1 307 1 2673,	
desaparece 1 307 1 2669,	
reversible 1 307 1 2667,	
correctamente 1 307 1 2651,	
significativos 1 307 1 2642,	
clínicamente 1 307 1 2641,	
hemodinámicos 1 307 1 2635,	
recomendadas 1 307 1 2631,	
celulares 1 307 1 2626,	
alcanzan 1 307 1 2995,	
membranas 1 307 1 2625,	
estructural 1 307 1 2622,	
integridad 1 307 1 2621,	
cadena 1 307 1 2612,	
no-esenciales 1 307 1 2610,	
esenciales 1 307 1 2608,	
ácidos 1 307 1 2606,	
proporciona 1 307 1 2605,	
receptores 1 307 1 2822,	
utilizada 2 307 2 2602,3294,	
GRASA 2 307 2 2598,2750,	
EMULSIÓN 2 307 2 2597,2749,	
B05BA10 1 307 1 2596,	
ATC 1 307 1 2595,	
farmacodinámicas 1 307 1 2593,	
conservar 1 307 1 3170,	
Propiedades 2 307 2 2592,2747,	
MEDICAMENTO 1 307 1 2589,	
ESTE 1 307 1 2588,	
FARMACOLÓGICAS 1 307 1 2586,	
PROPIEDADES 1 307 1 2585,	
hemo-diafiltración 1 307 1 2583,	
hemodiálisis 1 307 1 2580,	
realizar 2 307 2 2579,3223,	
aislados 1 307 1 2575,	
hiperosmolalidad 1 307 1 2570,	
electrolíticos 1 307 1 2567,	
desequilibrios 1 307 1 2566,	
Adicionalmente 1 307 1 2558,	
interrumpida 1 307 1 2557,	
reducida 1 307 1 2555,	
producen 1 307 1 2547,	
sudoración 1 307 1 2544,	
vómitos 1 307 1 2542,	
mezclado 1 307 1 3099,	
observado 2 307 2 2540,2659,	
superior 2 307 2 2533,3173,	
Durante 1 307 1 2526,	
provienen 1 307 1 2962,	
ésteres 1 307 1 2770,	
lipídica"" 1 307 1 2525,	
""Síndrome 1 307 1 2522,	
detiene 1 307 1 2511,	
reversibles 1 307 1 2508,	
Todos 1 307 1 2503,	
desórdenes 1 307 1 2496,	
trombocitopenia 1 307 1 2495,	
leucopenia 1 307 1 2494,	
anemia 1 307 1 2493,	
esplenomegalia 1 307 1 2492,	
hepatomegalia 1 307 1 2491,	
infiltración 1 307 1 2489,	
hiperlipemia 1 307 1 2487,	
caracteriza 1 307 1 2485,	
superiores 1 307 1 3254,	
deterioro 1 307 1 2472,	
repentino 1 307 1 2464,	
asociada 1 307 1 2460,	
recomendada 2 307 2 2459,2537,	
casos 2 307 2 2454,2573,	
sobredosis 3 307 3 2448,2550,2560,	
consecuencia 1 307 1 2445,	
síndrome 2 307 2 2440,2480,	
dar 1 307 1 2436,	
Kabiven) 1 307 1 2434,	
lipídico 1 307 1 2432,	
(componente 1 307 1 2431,	
alteración 1 307 1 2423,	
priapismo 1 307 1 2417,	
cansancio 1 307 1 2415,	
validadas 1 307 1 3278,	
cefalea 1 307 1 2414,	
dolor 1 307 1 2412,	
reticulocitosis 1 307 1 2411,	
hemólisis 1 307 1 2410,	
informado 1 307 1 2408,	
hipotensión 1 307 1 2405,	
hiper/ 1 307 1 2404,	
taquipnea) 1 307 1 2402,	
síntomas 3 307 3 2399,2505,2548,	
urticaria) 1 307 1 2398,	
anafilácticas 1 307 1 2395,	
metabólicas 1 307 1 2715,	
hipersensibilidad 1 307 1 2393,	
descrito 2 307 2 2390,2639,	
millón 1 307 1 2385,	
adversa 1 307 1 2383,	
inusuales; 1 307 1 2378,	
perfusiones 3 307 3 2373,2387,2719,	
reacciones 2 307 2 2368,2391,	
informes 1 307 1 2365,	
periféricas 1 307 1 2363,	
tromboflebitis 1 307 1 2357,	
realizadas 1 307 1 3272,	
producirse 1 307 1 2356,	
hipertónicas 1 307 1 2354,	
ocurre 1 307 1 2347,	
Como 1 307 1 2346,	
transitorios 1 307 1 2337,	
días 1 307 1 3287,	
aumentos 1 307 1 2336,	
detectado 2 307 2 2335,2676,	
1%) 1 307 1 2332,	
náuseas/vómitos 1 307 1 2329,	
escalofríos 1 307 1 2327,	
3%) 1 307 1 2322,	
< 2 307 2 2321,2331,	
(incidencia 2 307 2 2320,2330,	
temperatura 2 307 2 2318,3172,	
causar 2 307 2 2313,2562,	
cuya 1 307 1 3511,	
Intralipid 11 307 11 2311,2375,2430,2599,2627,2648,2751,2767,2785,2860,3050,	
adversas 2 307 2 2310,2369,	
Reacciones 1 307 1 2309,	
compatibilidad 2 307 2 3110,3512,	
aplicable 1 307 1 2306,	
máquinas 1 307 1 2304,	
utilizar 3 307 3 2303,3441,3454,	
conducir 1 307 1 2301,	
Efectos 1 307 1 2296,	
cutáneas 1 307 1 2397,	
mujeres 1 307 1 2287,	
beneficio/riesgo 1 307 1 2281,	
médico 1 307 1 2276,	
embarazo 1 307 1 2271,	
seguridad 4 307 4 2264,3027,3037,3046,	
establecer 1 307 1 2262,	
constituyentes 1 307 1 2692,	
específicos 1 307 1 2260,	
estudios 4 307 4 2259,2717,3035,3044,	
realizado 1 307 1 2258,	
han 8 307 8 2257,2334,2389,2638,2675,2722,3031,3064,	
25° 1 307 1 3161,	
lactancia 3 307 3 2254,2274,2293,	
Embarazo 1 307 1 2252,	
relevancia 1 307 1 2248,	
anteriormente 1 307 1 2245,	
estatus 2 307 2 2742,2842,	
mencionadas 1 307 1 2244,	
interacciones 1 307 1 2243,	
firmeza 1 307 1 2238,	
muestren 1 307 1 2236,	
clínicos 1 307 1 2234,	
datos 2 307 2 2233,3522,	
hay 1 307 1 2232,	
No 8 307 8 2231,2255,2305,2636,3029,3169,3180,3440,	
tratados 1 307 1 2227,	
cumarina 1 307 1 2216,	
derivados 1 307 1 2213,	
terapéutico 1 307 1 2210,	
Ésta 1 307 1 2204,	
K1 1 307 1 2203,	
natural 1 307 1 2200,	
componente 1 307 1 2199,	
diferencia 1 307 1 2763,	
aclaramiento 2 307 2 2190,2858,	
seguida 1 307 1 2183,	
plasmática 1 307 1 2182,	
lipolisis 1 307 1 2181,	
sean 1 307 1 2246,	
inicialmente 1 307 1 2176,	
circulación 4 307 4 2173,2790,2816,2997,	
Sobredosis 1 307 1 2516,	
lipoproteinlipasa 1 307 1 2170,	
transitoria 2 307 2 2168,2187,	
liberación 1 307 1 2167,	
administrada 1 307 1 2161,	
heparina 1 307 1 2160,	
limitada 1 307 1 2158,	
importancia 1 307 1 2156,	
parece 1 307 1 2153,	
embargo 3 307 3 2148,2968,3042,	
Sin 3 307 3 2147,2967,3041,	
organismo 1 307 1 2146,	
lipasa 1 307 1 2144,	
fármacos 1 307 1 2135,	
Algunos 1 307 1 2134,	
exógenas 2 307 2 2810,2914,	
interacción 2 307 2 2133,2152,	
formas 1 307 1 2131,	
medicamentos 3 307 3 2128,3209,3618,	
Interacciones 1 307 1 2124,	
inyección 1 307 1 3091,	
exógena 1 307 1 2121,	
insulina 2 307 2 2120,2138,	
podría 2 307 2 2114,2561,	
hiperglicemia 2 307 2 2113,2568,	
debido 1 307 1 2105,	
equipo 1 307 1 2102,	
administrado 1 307 1 2095,	
PRIMERA 1 307 1 3572,	
apropiados 1 307 1 2084,	
ajustes 1 307 1 2083,	
tasa 2 307 2 2829,2855,	
rigurosa 1 307 1 2078,	
pseudoaglutinación 1 307 1 2109,	
prudencia 1 307 1 2074,	
lentamente 1 307 1 2071,	
ocurrir 2 307 2 2057,2452,	
cambios 3 307 3 2055,2634,2640,	
hidrosolubles 1 307 1 2053,	
fósforo 1 307 1 2049,	
disminución 2 307 2 2042,2186,	
congestiva 1 307 1 2038,	
lugar 2 307 2 2031,2437,	
dando 1 307 1 2030,	
utiliza 1 307 1 2650,	
desplazamientos 1 307 1 2027,	
ocasionar 1 307 1 2026,	
inicio 2 307 2 2020,2804,	
larga 2 307 2 2013,2613,	
tenerse 1 307 1 1999,	
zinc 1 307 1 1996,	
cobre 1 307 1 1992,	
urinaria 1 307 1 1987,	
excreción 1 307 1 1986,	
aumento 4 307 4 1983,2178,2315,2653,	
acompañada 1 307 1 1980,	
éstos 2 307 2 1961,2220,	
flujo 1 307 1 1953,	
eliminados 2 307 2 1951,1963,	
sido 2 307 2 1950,3514,	
hayan 1 307 1 1949,	
sangre 2 307 2 1943,2098,	
muestra 1 307 1 1941,	
toma 1 307 1 1939,	
Hb) 1 307 1 1936,	
deshidrogenasa 1 307 1 1932,	
lactato 1 307 1 1931,	
laboratorio 1 307 1 1928,	
interferir 3 307 3 1923,2140,2206,	
contenido 4 307 4 1917,2778,3317,3458,	
disnea) 1 307 1 1910,	
cutánea 1 307 1 1908,	
erupción 1 307 1 1907,	
temblores 2 307 2 1906,2326,	
fiebre 2 307 2 1905,2488,	
(como 3 307 3 1904,1929,2401,	
anafiláctica 1 307 1 1903,	
recogidas 1 307 1 2818,	
reacción 2 307 2 1902,2382,	
vitamina 1 307 1 2202,	
síntoma 1 307 1 1900,	
Ante 1 307 1 1898,	
MINISTERIO 3 307 3 1897,2936,3539,	
retención 1 307 1 1894,	
tendencia 1 307 1 1891,	
incrementada 2 307 2 1882,2922,	
láctica 1 307 1 1873,	
pediátricas 1 307 1 1861,	
formulaciones 1 307 1 1860,	
suplemento 1 307 1 1854,	
Esta 1 307 1 1834,	
determinadas 1 307 1 1818,	
están 2 307 2 1817,3526,	
electrolito 1 307 1 1813,	
cantidades 1 307 1 1810,	
hiperkalemia 1 307 1 1808,	
posee 2 307 2 2197,3338,	
hiperfosfatemia 1 307 1 1806,	
fosfato 1 307 1 1795,	
aporte 2 307 2 1793,1874,	
minerales 1 307 1 2088,	
celular 2 307 2 1783,1877,	
sanguíneo 2 307 2 1782,1954,	
recuento 1 307 1 1781,	
administran 1 307 1 1772,	
Cuando 1 307 1 1770,	
AST) 1 307 1 1769,	
alcalina 1 307 1 1767,	
(fosfatasa 1 307 1 1766,	
hepáticos 3 307 3 1765,2341,2658,	
enzimas 3 307 3 1764,2340,2657,	
tests 1 307 1 1762,	
ácido-base 1 307 1 1759,	
hídrico 1 307 1 1756,	
así 3 307 3 1752,2039,3051,	
osmolaridad 2 307 2 1751,1880,	
sérica 3 307 3 1746,1881,2046,	
monitorizarse 2 307 2 1743,1779,	
Deben 1 307 1 1742,	
rigurosamente 3 307 3 1737,1801,2223,	
controlado 1 307 1 1802,	
monitorizar 1 307 1 1736,	
necesario 2 307 2 1735,2578,	
administra 2 307 2 1727,2360,	
hipertrigliceridemia) 1 307 1 1722,	
(con 1 307 1 1721,	
hipotiroidismo 1 307 1 1720,	
alterada 1 307 1 1719,	
pancreatitis 1 307 1 1716,	
mellitus 1 307 1 1714,	
alterado 1 307 1 1706,	
precaución 3 307 3 1699,1868,1887,	
prevenir 1 307 1 1804,	
catéter 1 307 1 1691,	
inserción 1 307 1 1689,	
considerar 1 307 1 2278,	
contaminación 1 307 1 1686,	
evitar 1 307 1 1684,	
estrictas 1 307 1 1682,	
asépticas 2 307 2 1681,3275,	
tomarse 1 307 1 1679,	
infección 2 307 2 1677,2478,	
riesgo 2 307 2 1675,2107,	
asociado 1 307 1 1671,	
Dado 1 307 1 1662,	
anormal 1 307 1 1657,	
signo 1 307 1 1656,	
produce 3 307 3 1654,2165,2633,	
habitual 3 307 3 2699,2966,3022,	
Si 5 307 5 1652,1725,2545,3226,3261,	
especial 1 307 1 1651,	
monitorización 3 307 3 1649,1828,2079,	
Antes 2 307 2 1640,3452,	
iniciar 3 307 3 1637,1642,2067,	
corregirse 1 307 1 1634,	
bajos) 1 307 1 1632,	
anormalmente 1 307 1 1629,	
niveles 2 307 2 1625,1832,	
balance 2 307 2 1618,1755,	
alteraciones 2 307 2 1616,2677,	
reconstituida 1 307 1 1609,	
niño 1 307 1 1606,	
hidratación 1 307 1 1604,	
acuerdo 1 307 1 1597,	
ajustarse 1 307 1 1595,	
Estos 2 307 2 1592,2054,	
cuidadosamente 1 307 1 1590,	
deben 6 307 6 1588,1594,1678,1778,1815,3518,	
composición 2 307 2 1586,2836,	
volumen 1 307 1 1583,	
especialmente 2 307 2 1581,2008,	
durante 7 307 7 1574,1687,1774,2269,2342,2864,3285,	
mmol/l 1 307 1 1573,	
concentración 2 307 2 1564,2045,	
5-6 2 307 2 1561,1969,	
administrar 3 307 3 1558,1972,2284,	
después 6 307 6 1553,1964,2861,2984,3221,3535,	
suero 3 307 3 1552,1568,1741,	
triglicéridos 5 307 5 1550,1566,1739,2192,2877,	
determinación 1 307 1 1548,	
mediante 1 307 1 1546,	
realice 1 307 1 1545,	
(reacciones 1 307 1 2394,	
control 1 307 1 1543,	
recomienda 3 307 3 1540,1858,2066,	
Se 5 307 5 1539,2333,2388,2406,2674,	
monitorizada 1 307 1 1538,	
Advertencias 1 307 1 1523,	
Bebés 1 307 1 1511,	
hiperosmolar) 1 307 1 1510,	
coma 2 307 2 1509,2502,	
sepsis 2 307 2 1506,1724,	
metabólica 2 307 2 1505,1871,	
acidosis 3 307 3 1504,1870,1872,	
miocardio 1 307 1 1503,	
infarto 1 307 1 1500,	
diabetes 2 307 2 1498,1713,	
ésta 1 307 1 2671,	
post-traumáticas 1 307 1 1496,	
ejemplo 2 307 2 1494,1624,	
(por 2 307 2 1493,1623,	
inestables 1 307 1 1492,	
Condiciones 1 307 1 1491,	
hemofagocitótico 1 307 1 1490,	
Síndrome 2 307 2 1489,2418,	
hipotónica 1 307 1 1488,	
deshidratación 1 307 1 1487,	
descompensada 3 307 3 1485,1499,1715,	
cardíaca 2 307 2 1484,2037,	
insuficiencia 5 307 5 1483,1711,1790,2036,2928,	
sobrecarga 6 307 6 1480,2420,2442,2482,2524,2563,	
pulmonar 3 307 3 1478,2034,2646,	
edema 2 307 2 1477,2033,	
terapia 1 307 1 1474,	
generales 1 307 1 1471,	
patológicamente 1 307 1 1462,	
necesaria 2 307 2 1851,2116,	
Niveles 1 307 1 1460,	
elegidos 1 307 1 1591,	
insulina/h 1 307 1 1459,	
I 1 307 1 1457,	
U 1 307 1 1456,	
requiere 1 307 1 1452,	
Hiperglicemia 1 307 1 1450,	
agudo 3 307 3 1449,1479,1501,	
Shock 1 307 1 1448,	
diálisis 1 307 1 1447,	
posibilidad 1 307 1 1443,	
renal 5 307 5 1440,1712,1791,2476,2929,	
metabolismo 3 307 3 1435,1703,2616,	
Código 1 307 1 2594,	
Defectos 1 307 1 1431,	
sanguínea 2 307 2 1430,2500,	
coagulación 3 307 3 1429,1786,2499,	
graves 3 307 3 1426,1497,2574,	
Alteraciones 1 307 1 1425,	
hepática 2 307 2 1423,1718,	
Insuficiencia 2 307 2 1422,1439,	
hemofiltración 2 307 2 1445,2581,	
grave 4 307 4 1421,1424,1441,1507,	
Hiperlipemia 1 307 1 1420,	
proteína 1 307 1 1413,	
huevo 2 307 2 1410,3080,	
conocida 1 307 1 1408,	
Hipersensibilidad 1 307 1 1407,	
material 1 307 1 3365,	
Contraindicaciones 2 307 2 1406,1470,	
requiera 1 307 1 1398,	
continuar 1 307 1 1393,	
central 2 307 2 1389,1669,	
vena 3 307 3 1388,1668,2981,	
únicamente 1 307 1 1385,	
intravenosa 5 307 5 1384,1645,1976,2011,2345,	
Lista 1 307 1 3075,	
Método 1 307 1 1377,	
cambiar 1 307 1 1371,	
e 6 307 6 1368,1807,2035,2403,2569,2930,	
varía 1 307 1 1361,	
lípidos/kg/día) 1 307 1 1356,	
glucosa/kg/día 1 307 1 1350,	
(3 1 307 1 1346,	
kcal/kg/día 1 307 1 1341,	
31 1 307 1 1340,	
retirarse 1 307 1 3449,	
inmediatamente 4 307 4 1913,3220,3230,3478,	
N/kg/día) 1 307 1 1339,	
21 1 307 1 1337,	
proporcionaría 1 307 1 1330,	
mayor) 1 307 1 1328,	
abdominal 1 307 1 2413,	
(de 1 307 1 1326,	
equivale 1 307 1 1322,	
diaria 2 307 2 1308,1360,	
aceite 1 307 1 2194,	
Dosis 1 307 1 1306,	
horas 8 307 8 1305,1562,1970,2062,2885,3159,3257,3312,	
12-24 1 307 1 1304,	
período 5 307 5 1298,1556,1777,1967,2291,	
corporal) 1 307 1 1296,	
lípidos/kg 1 307 1 1294,	
09 1 307 1 1285,	
corporal/hora 1 307 1 1276,	
superar 1 307 1 1260,	
exceder 3 307 3 1250,1270,1571,	
g/kg/h 3 307 3 1243,1253,1263,	
Velocidad 1 307 1 1230,	
esencial 1 307 1 1229,	
condicionalmente 1 307 1 1228,	
considerado 1 307 1 1227,	
cisteína 1 307 1 1225,	
aminoácido 1 307 1 1224,	
recomendado 2 307 2 1209,1301,	
máxima 6 307 6 1184,1237,1307,1359,2536,2856,	
ml/kg/día 2 307 2 1180,1187,	
10-15 1 307 1 1179,	
Una 2 307 2 1607,2422,	
aumentada 1 307 1 1177,	
glucosa/kg/día) 1 307 1 1174,	
2-2 1 307 1 1171,	
aminoácidos/kg/día 2 307 2 1168,1335,	
83 1 307 1 1166,	
41-0 1 307 1 1165,	
lípidos/kg/día 1 307 1 1163,	
49-0 1 307 1 1160,	
ml/kg 3 307 3 1156,1274,1310,	
veces 1 307 1 3477,	
5-25 1 307 1 1155,	
baja 1 307 1 1152,	
iniciarse 1 307 1 1148,	
años) 1 307 1 1146,	
(2-10 1 307 1 1145,	
pequeños 1 307 1 1144,	
metabolizar 1 307 1 1134,	
determinada 2 307 2 1129,2833,	
debe 12 307 12 1127,1147,1197,1269,1392,1646,1658,1911,2553,3307,3455,3471,	
Niños 1 307 1 1124,	
detenerse 1 307 1 1659,	
vitaminas 6 307 6 1123,1838,1848,1856,2052,2090,	
traza 5 307 5 1121,1841,1846,1991,2007,	
elementos 5 307 5 1120,1840,1845,1990,2006,	
administrarse 5 307 5 1119,1198,1697,1866,1885,	
adicionalmente 1 307 1 1117,	
completa 1 307 1 1116,	
suministrar 1 307 1 1113,	
disponibles 1 307 1 3527,	
bajos 1 307 1 1111,	
basales 1 307 1 1109,	
haya 1 307 1 3513,	
aumentados 1 307 1 1108,	
duración 2 307 2 1379,2014,	
moderadamente 1 307 1 1107,	
elevados 3 307 3 1106,1463,1630,	
general 1 307 1 1139,	
dirigidos 1 307 1 1100,	
prepara 1 307 1 1096,	
estimado 1 307 1 1093,	
ingrediente 1 307 1 1419,	
ideal 1 307 1 1092,	
basarse 1 307 1 1088,	
obesos 1 307 1 1084,	
kcal/kg 1 307 1 1079,	
25-35 1 307 1 1078,	
frecuente 2 307 2 1076,1829,	
energía 2 307 2 1064,1343,	
apolipoproteínas 1 307 1 2774,	
día 2 307 2 1060,1374,	
ml-2660 1 307 1 1055,	
1330 1 307 1 1054,	
kg 3 307 3 1049,1318,2879,	
/kg 1 307 1 1041,	
ml-38 1 307 1 1037,	
19 1 307 1 1036,	
mayoría 2 307 2 1029,1957,	
98 1 307 1 1161,	
necesidades 1 307 1 1026,	
cubre 1 307 1 1024,	
7-1 1 307 1 1017,	
(correspondiente 2 307 2 1157,1277,	
(0 2 307 2 1016,1336,	
rango 1 307 1 1005,	
El 10 307 10 1004,1203,1297,1577,1916,2193,2275,2479,2652,3320,	
0-6 1 307 1 992,	
aceptados 1 307 1 989,	
comúnmente 1 307 1 988,	
simultáneamente 1 307 1 2096,	
aminoácidos/kg 2 307 2 983,1021,	
embarazadas 1 307 1 2288,	
bilirrubina 1 307 1 1930,	
0-2 2 307 2 979,999,	
(1 1 307 1 978,	
30 1 307 1 973,	
orden 1 307 1 969,	
malnutrición 2 307 2 964,2018,	
alto 1 307 1 960,	
moderado 1 307 1 958,	
En 10 307 10 952,1082,1138,1313,1787,1955,2015,2110,2571,2851,	
medio 1 307 1 951,	
metabólico 2 307 2 950,957,	
normal 2 307 2 943,2744,	
corporal/día 6 307 6 938,977,1015,1043,1081,1312,	
nitrógeno/kg 3 307 3 936,975,1013,	
10-0 2 307 2 933,1010,	
catabólico) 1 307 1 928,	
estrés 3 307 3 927,949,956,	
grado 1 307 1 925,	
nutricional 5 307 5 923,942,1601,2743,2843,	
decir 1 307 1 921,	
(es 1 307 1 920,	
condiciones 8 307 8 917,946,1495,1701,1733,2896,3240,3274,	
dependen 3 307 3 914,1066,2893,	
proteica 2 307 2 912,1345,	
masa 1 307 1 911,	
mantenimiento 2 307 2 908,2738,	
nitrógeno 1 307 1 905,	
Los 7 307 7 902,929,986,1061,2364,2690,3521,	
Pacientes 1 307 1 900,	
nutricionales 3 307 3 899,1105,3510,	
requerimientos 7 307 7 898,903,930,966,987,1062,1104,	
corporal 4 307 4 896,913,2319,2882,	
peso 14 307 14 895,937,976,984,1014,1022,1042,1080,1091,1275,1295,1311,1320,2881,	
paciente 9 307 9 894,919,1046,1072,1315,1367,1403,1824,2470,	
clínica 9 307 9 892,1070,1365,1401,1650,1822,2157,2249,2468,	
situación 6 307 6 891,1069,1364,1400,1821,2467,	
saturación 1 307 1 1933,	
cuenta 2 307 2 889,2001,	
teniendo 1 307 1 887,	
realizarse 4 307 4 886,1647,3201,3519,	
Datos 1 307 1 3025,	
traumas 1 307 1 2908,	
tamaño 3 307 3 882,1327,1578,	
elección 1 307 1 880,	
individualizada 1 307 1 877,	
debería 15 307 15 875,885,1087,1249,1259,1536,1570,1696,1799,1865,1884,1998,2093,2277,3218,	
dosis 9 307 9 874,1007,1086,1126,1151,1183,1358,2163,2630,	
Dosificación 1 307 1 872,	
uso"" 1 307 1 871,	
especiales 3 307 3 869,1526,3166,	
precauciones 3 307 3 868,1525,1680,	
""Advertencias 1 307 1 866,	
Ver 3 307 3 861,2517,3111,	
metabolización 1 307 1 858,	
lípidos 10 307 10 854,1003,1257,1535,1559,1705,1773,1919,1948,1973,	
frecuentemente 1 307 1 2325,	
provoca 1 307 1 2175,	
eliminación 6 307 6 852,1533,2428,2831,2889,2910,	
capacidad 5 307 5 849,1132,1530,2299,2426,	
función 4 307 4 846,1717,2475,2645,	
establecerse 1 307 1 844,	
deberían 5 307 5 843,1118,1633,2221,3252,	
venas 1 307 1 2362,	
velocidad 6 307 6 840,1234,1265,2456,2532,2848,	
dosificación 5 307 5 838,1200,1245,1255,2004,	
x 4 307 4 3421,3425,3429,3433,	
efecto 2 307 2 2209,2725,	
administración 4 307 4 836,1382,2118,2683,	
método 1 307 1 834,	
Posología 1 307 1 832,	
contraindicada 1 307 1 829,	
clínicas 2 307 2 2164,2897,	
insuficiente 2 307 2 826,1878,	
imposible 1 307 1 825,	
ALT 1 307 1 1768,	
enteral 1 307 1 823,	
equilibrio 1 307 1 1758,	
o 17 307 17 822,827,944,959,962,1110,1416,1446,1631,1909,2289,2477,2556,2582,2739,2773,3509,	
oral 1 307 1 821,	
relación 1 307 1 2280,	
nutrición 9 307 9 820,1114,1863,2010,2023,2069,2344,2664,2680,	
edad 4 307 4 817,1196,1218,1520,	
años 5 307 5 815,1194,1216,1518,3124,	
niños 5 307 5 810,1143,1189,1211,1513,	
pacientes 15 307 15 808,953,1032,1083,1102,1730,1788,1889,1960,2016,2111,2226,2662,2901,2926,	
parenteral 7 307 7 806,1115,1864,2024,2070,2665,2681,	
Nutrición 1 307 1 805,	
terapéuticas 1 307 1 804,	
Indicaciones 1 307 1 803,	
	"4 1 307 1 801,	
CLÍNICOS 1 307 1 800,	
DATOS 2 307 2 799,3071,	
" 3 307 3 797,3069,3540,	
blanca 1 307 1 796,	
transparentes 1 307 1 790,	
son 14 307 14 789,931,967,990,1962,2376,2506,2700,2811,2950,3008,3245,3271,3492,	
grasa 5 307 5 781,794,2490,2601,3497,	
particular 1 307 1 1995,	
aminoácidos 15 307 15 774,785,1247,1288,1438,1978,2530,2691,2721,2946,2958,2970,2992,3056,3489,	
soluciones 7 307 7 772,783,2351,3054,3199,3487,3507,	
respectivamente 1 307 1 771,	
contienen 1 307 1 770,	
congénitos 1 307 1 1432,	
individuales 2 307 2 769,1137,	
Las 9 307 9 767,782,1615,1809,2807,2886,2940,3001,3516,	
transitorio 1 307 1 2654,	
""peel"" 4 307 4 766,3141,3194,3345,	
tipo 4 307 4 765,2150,3193,3344,	
corporal/día) 2 307 2 985,1023,	
soldaduras 4 307 4 764,3140,3192,3343,	
dividida 1 307 1 759,	
náuseas 1 307 1 2541,	
La 20 307 20 755,837,873,1125,1233,1244,1254,1264,1357,1390,1529,1563,1842,1862,1974,2159,2728,2828,3331,3359,	
oxígeno 4 307 4 754,1876,1935,3358,	
coloca 2 307 2 750,3354,	
Perfusión 1 307 1 1383,	
interna 6 307 6 745,757,3326,3333,3349,3361,	
Entre 2 307 2 742,3346,	
sobrebolsa 7 307 7 741,748,3127,3179,3330,3352,3451,	
consiste 2 307 2 733,3322,	
	" 1 307 1 728,	
FORMA 1 307 1 726,	
apartado 3 307 3 722,863,2519,	
ver 1 307 1 720,	
excipientes 2 307 2 719,3077,	
Para 6 307 6 717,1044,1112,1188,1852,3464,	
petición 1 307 1 3529,	
Vamin® 1 307 1 716,	
séricos 3 307 3 1461,1626,1833,	
Intralipid® 1 307 1 714,	
Contribución 1 307 1 711,	
pH 1 307 1 706,	
cuantitativa 1 307 1 1587,	
mosmol/l 1 307 1 704,	
1060 1 307 1 703,	
Osmolaridad 1 307 1 701,	
agua 1 307 1 699,	
mosm/kg 1 307 1 698,	
1230 1 307 1 697,	
aproximadamente 3 307 3 696,702,707,	
romper 2 307 2 3138,3190,	
Osmolalidad 1 307 1 695,	
39 1 307 1 692,	
58 1 307 1 690,	
78 1 307 1 688,	
97 1 307 1 686,	
46 1 307 1 682,	
70 2 307 2 680,1048,	
93 1 307 1 678,	
116 1 307 1 676,	
15 3 307 3 660,934,1262,	
62 1 307 1 3566,	
Utilizar 1 307 1 3483,	
20 2 307 2 658,1011,	
adición 2 307 2 1843,3207,	
25 3 307 3 656,1242,1280,	
fosfato1 1 307 1 655,	
24 6 307 6 632,2059,2884,3158,3256,3311,	
36 1 307 1 630,	
32 1 307 1 622,	
completar 1 307 1 2740,	
64 2 307 2 618,1317,	
mmol 32 307 32 617,619,621,623,627,629,631,633,637,639,641,643,647,649,651,653,657,659,661,663,667,669,671,673,677,679,681,683,687,689,691,693,	
extremadamente 1 307 1 2377,	
Electrolitos 1 307 1 613,	
800 1 307 1 610,	
1200 1 307 1 608,	
1600 1 307 1 606,	
proteico 2 307 2 603,2707,	
900 1 307 1 599,	
1400 1 307 1 597,	
1900 1 307 1 595,	
kcal 8 307 8 594,596,598,600,605,607,609,611,	
2300 1 307 1 593,	
total 2 307 2 592,1065,	
grasos 1 307 1 2607,	
energético 2 307 2 590,2617,	
Contenido 1 307 1 589,	
rutas 2 307 2 2714,2792,	
(dextrosa) 1 307 1 579,	
- 11 307 11 577,591,601,614,624,634,644,654,664,674,684,	
Carbohidratos 1 307 1 576,	
13 1 307 1 553,	
Nitrógeno 1 307 1 552,	
34 1 307 1 549,	
51 1 307 1 547,	
68 1 307 1 545,	
85 1 307 1 543,	
elevado 2 307 2 1674,2784,	
· 9 307 9 541,551,565,575,588,612,694,700,705,	
Correspondiente 1 307 1 531,	
par 1 307 1 3475,	
acetato 2 307 2 516,685,	
Lípidos 1 307 1 566,	
3H2O 1 307 1 501,	
sodio 4 307 4 500,518,615,3085,	
Acetato 1 307 1 498,	
potasio 4 307 4 485,625,1798,2048,	
48 4 307 4 481,620,628,2061,	
72 1 307 1 478,	
96 1 307 1 475,	
sulfato 2 307 2 468,665,	
99 1 307 1 464,	
7H2O 1 307 1 453,	
proteínas 2 307 2 2695,2973,	
generalmente 1 307 1 2507,	
absorbente 2 307 2 752,3356,	
magnesio 4 307 4 452,470,635,2050,	
añadirse 2 307 2 1816,3504,	
Sulfato 1 307 1 450,	
sodio(anhidro) 1 307 1 437,	
Glicerofosfato 1 307 1 435,	
22 1 307 1 433,	
33 1 307 1 430,	
56 1 307 1 424,	
cloruro 2 307 2 420,675,	
29 1 307 1 416,	
fosfolípidos 1 307 1 2780,	
44 2 307 2 413,427,	
59 1 307 1 410,	
74 1 307 1 407,	
2H2O 1 307 1 405,	
calcio 3 307 3 404,422,645,	
Cloruro 2 307 2 402,483,	
Valina 1 307 1 379,	
07 1 307 1 377,	
10 7 307 7 374,556,636,662,666,1193,3580,	
Periodo 1 307 1 3120,	
14 1 307 1 371,	
17 1 307 1 368,	
Tirosina 1 307 1 366,	
57 1 307 1 364,	
KABI 1 307 1 3550,	
86 1 307 1 361,	
Triptófano 1 307 1 353,	
Treonina 1 307 1 340,	
Serina 1 307 1 327,	
Prolina 1 307 1 314,	
adultos 2 307 2 901,1202,	
Fenilalanina 1 307 1 301,	
Metionina 1 307 1 288,	
hidrocloruro 1 307 1 260,	
Lisina 2 307 2 259,275,	
erupciones 1 307 1 2396,	
Leucina 1 307 1 246,	
Isoleucina 1 307 1 233,	
monitorizados 1 307 1 2224,	
Histidina 1 307 1 220,	
glutámico 1 307 1 194,	
aspártico 1 307 1 180,	
Ácido 3 307 3 179,193,3086,	
3 29 307 29 176,198,214,227,237,253,270,292,308,321,328,344,386,387,438,441,445,489,508,519,650,725,1018,1332,1405,1572,2870,3024,3119,	
5 34 307 34 168,173,188,202,208,221,241,247,262,267,279,296,302,315,348,380,381,448,455,461,487,512,529,554,562,646,708,2123,2584,2590,2745,2874,3023,3314,	
Arginina 1 307 1 166,	
8 17 307 17 164,167,171,261,265,277,439,496,557,559,638,668,2308,2521,2871,3303,3558,	
fluidos 5 307 5 1482,1620,2029,2086,2565,	
4 49 307 49 163,177,195,199,211,218,224,234,238,250,257,271,280,282,289,293,305,312,318,329,338,341,345,355,383,384,486,505,563,642,648,672,798,830,864,865,1172,1404,1521,1522,2122,2250,2294,2307,2514,2520,3164,3422,3426,	
7 16 307 16 160,205,212,244,251,286,299,306,332,351,493,509,520,2295,3541,3553,	
6 28 307 28 158,170,182,215,254,264,276,309,490,502,640,670,709,723,1273,1353,1455,2251,3070,3092,3113,3114,3118,3163,3286,3313,3435,3436,	
9 9 307 9 157,209,248,303,506,523,1347,2515,3568,	
0 40 307 40 155,185,191,231,325,335,360,363,367,370,373,376,406,409,412,415,423,426,429,432,442,458,463,474,477,480,932,971,980,993,1000,1009,1159,1164,1241,1251,1261,1279,1284,1290,	
12 2 307 2 154,1154,	
Alanina 1 307 1 153,	
150 2 307 2 149,584,	
Glicina 1 307 1 207,	
250 2 307 2 145,580,	
incluidos 1 307 1 1469,	
(anhidra) 1 307 1 144,	
°C 3 307 3 3260,3290,3304,	
determinaciones 1 307 1 1926,	
glucosa 13 307 13 143,777,788,860,996,1239,1283,1745,2729,3006,3016,3058,3491,	
equivalente 7 307 7 141,273,418,466,514,1052,2868,	
110 1 307 1 139,	
respiratorios 1 307 1 2400,	
165 1 307 1 137,	
220 1 307 1 135,	
275 1 307 1 133,	
monohidrato 1 307 1 132,	
40 4 307 4 129,573,1186,1309,	
60 3 307 3 127,571,626,	
80 3 307 3 125,569,616,	
g 150 307 150 124,126,128,130,134,136,138,140,146,148,150,152,156,159,162,165,169,172,175,178,183,186,189,192,197,200,203,206,210,213,216,219,223,226,229,232,236,239,242,245,249,252,255,258,263,266,269,272,278,281,284,287,291,294,297,300,304,307,310,313,317,320,323,326,330,333,336,339,343,346,349,352,356,359,362,365,369,372,375,378,382,385,388,391,408,411,414,417,425,428,431,434,440,443,446,449,456,459,462,465,473,476,479,482,488,491,494,497,504,507,510,513,521,524,527,530,544,546,548,550,555,558,561,564,568,570,572,574,581,583,585,587,935,974,981,994,1001,1012,1019,1162,1167,1173,1281,1286,1292,1333,1338,1348,1354,2875,	
100 4 307 4 123,151,567,586,	
purificado 1 307 1 122,	
soja 3 307 3 121,1415,2196,	
Aceite 1 307 1 119,	
activos 2 307 2 110,393,	
Principios 2 307 2 109,392,	
totales 1 307 1 108,	
composiciones 2 307 2 107,3061,	
corresponde 2 307 2 103,1034,	
Esto 4 307 4 102,1033,1997,2174,	
20%) 1 307 1 101,	
(Intralipid 1 307 1 100,	
200 3 307 3 98,147,582,	
400 1 307 1 94,	
500 1 307 1 92,	
lipídica 4 307 4 91,2421,2443,2483,	
Emulsión 2 307 2 90,729,	
Novum) 1 307 1 89,	
18 1 307 1 88,	
(Vamin 1 307 1 87,	
300 2 307 2 85,96,	
450 1 307 1 83,	
600 1 307 1 81,	
750 1 307 1 79,	
asépticamente 1 307 1 3520,	
electrolitos 9 307 9 78,1468,1622,1628,1748,1896,2087,2948,2960,	
Aminoácidos 2 307 2 76,542,	
790 1 307 1 72,	
1053 1 307 1 70,	
nutrientes 1 307 1 1136,	
1316 1 307 1 68,	
AUTORIZACIÓN 3 307 3 3545,3562,3573,	
19%) 1 307 1 67,	
(Glucosa 1 307 1 66,	
Glucosa 3 307 3 65,131,578,	
1026 6 307 6 63,117,400,539,3410,3419,	
1540 6 307 6 61,115,398,537,3412,3423,	
2053 6 307 6 59,113,396,535,3414,3427,	
manipulación 1 307 1 1694,	
2566 6 307 6 57,111,394,533,3417,3431,	
tamaños 2 307 2 56,1099,	
cuatro 2 307 2 55,1098,	
mezclarse 1 307 1 3456,	
dependiendo 1 307 1 52,	
siguientes 2 307 2 51,106,	
copolímero 1 307 1 3381,	
volúmenes 2 307 2 50,1593,	
diferentes 2 307 2 49,3060,	
contiene 3 307 3 47,1837,2769,	
cambio 1 307 1 2463,	
15-0 1 307 1 972,	
Cada 1 307 1 45,	
cámaras 7 307 7 44,739,762,768,3155,3340,3462,	
tres 8 307 8 43,738,761,3154,3198,3339,3373,3461,	
sistema 3 307 3 39,2143,2987,	
disponible 1 307 1 36,	
está 9 307 9 35,758,828,1208,1670,2921,2934,3362,3446,	
	 5 307 5 33,3548,3565,3576,3588,	
CUANTITATIVA 1 307 1 32,	
Y 3 307 3 31,2688,2938,	
CUALITATIVA 1 307 1 30,	
COMPOSICIÓN 1 307 1 29,	
2 43 307 43 28,161,181,184,196,201,217,230,235,240,256,285,290,295,311,324,331,334,342,347,389,390,444,454,457,472,492,511,522,525,526,652,814,831,991,1215,1272,1517,2746,3093,3123,3430,3434,	
Kabiven 18 307 18 24,34,732,1040,1058,1094,1206,1695,1728,1883,1921,2091,2268,2285,2604,3040,3095,3506,	
FARMACÉUTICA 2 307 2 23,727,	
ESPECIALIDAD 1 307 1 22,	
526 1 307 1 74,	
LA 6 307 6 21,3134,3184,3544,3561,3571,	
DE 12 307 12 20,2587,3129,3133,3183,3543,3546,3560,3563,3570,3574,3582,	
interrumpirse 1 307 1 1912,	
NOMBRE 1 307 1 19,	
información 1 307 1 15,	
Toda 1 307 1 13,	
medicamento 2 307 2 12,17,	
Basica 1 307 1 10,	
	Información 1 307 1 9,	
ml 42 307 42 8,58,60,62,64,69,71,73,75,80,82,84,86,93,95,97,99,112,114,116,118,395,397,399,401,534,536,538,540,1038,1056,3411,3413,3415,3418,3420,3424,3428,3432,3597,3606,3615,	
2000 2 307 2 7,604,	
bolsa 20 307 20 5,41,46,736,744,756,884,1325,1580,1608,3152,3325,3332,3348,3360,3409,3470,3594,3603,3612,	
1 43 307 43 4,18,174,187,190,204,222,225,228,243,268,283,298,316,319,322,337,350,354,357,358,447,460,471,495,503,528,560,710,724,802,998,1170,1252,1291,1331,1352,2591,2873,3074,3593,3602,3611,	
perfusión 29 307 29 3,27,731,842,1141,1232,1236,1267,1300,1391,1476,1576,1639,1644,1661,1915,1975,2104,2353,2458,2513,2528,2552,2850,3482,3538,3592,3601,3610,	
emulsión 11 307 11 1,25,780,793,1835,2600,3280,3496,3590,3599,3608,	
KABIVEN 4 307 4 0,3589,3598,3607,	
