	Prospectos 1 714 1 9360,	
tromboc 1 714 1 9359,	
(180 1 714 1 7415,	
16 1 714 1 7115,	
""1965"" 1 714 1 5718,	
marron 1 714 1 5706,	
eu/ 1 714 1 5664,	
europa 1 714 1 5663,	
emea 1 714 1 5662,	
//www 1 714 1 5661,	
Medicamentos 1 714 1 5658,	
Europea 1 714 1 5656,	
Agencia 1 714 1 5655,	
web 1 714 1 5652,	
página 1 714 1 5651,	
detallada 1 714 1 5643,	
{mes 1 714 1 5639,	
TEXTO 1 714 1 5638,	
REVISIÓN 1 714 1 5636,	
2001 1 714 1 5631,	
junio 1 714 1 5629,	
autorización 1 714 1 5626,	
Renovación 1 714 1 5622,	
Autorización 1 714 1 5616,	
Primera 1 714 1 5615,	
AUTORIZACIÓN/RENOVACIÓN 1 714 1 5608,	
FECHA 2 714 2 5604,5633,	
002 1 714 1 5602,	
COMERCIALIZACIÓN 1 714 1 5599,	
1DH 1 714 1 5591,	
Road 1 714 1 5588,	
Sanderson 1 714 1 5587,	
Uxbridge 2 714 2 5584,5589,	
SQUIBB 1 714 1 5581,	
	BRISTOL-MYERS 1 714 1 5580,	
COMMERCIALIZACIÓN 1 714 1 5579,	
AUTORIZACIÓN 3 714 3 5577,5597,5611,	
LA 4 714 4 5576,5606,5610,5635,	
TITULAR 1 714 1 5574,	
locales 1 714 1 5572,	
acuerdo 1 714 1 5568,	
establecerá 1 714 1 5566,	
estuche 1 714 1 5547,	
duras) 1 714 1 5545,	
blister 1 714 1 5539,	
aclar/aluminio 1 714 1 5533,	
frasco) 1 714 1 5529,	
duras 2 714 2 5527,5537,	
hermética 1 714 1 5522,	
tapa 1 714 1 5521,	
densidad 1 714 1 5518,	
polietileno 1 714 1 5515,	
recipiente 1 714 1 5512,	
Naturaleza 1 714 1 5508,	
original 1 714 1 5504,	
Conservar 1 714 1 5500,	
30ºC 1 714 1 5499,	
temperatura 1 714 1 5496,	
conservación 1 714 1 5492,	
	EU/1/96/009/001 1 714 1 5600,	
validez 1 714 1 5484,	
aplicable 1 714 1 5479,	
Oxido 1 714 1 5471,	
Hidróxido 1 714 1 5468,	
purificada 1 714 1 5467,	
Agua 1 714 1 5466,	
Propilenglicol 1 714 1 5465,	
Shellac 1 714 1 5464,	
negro 1 714 1 5461,	
color 1 714 1 5460,	
comestible 1 714 1 5458,	
última 1 714 1 5625,	
tinta 1 714 1 5455,	
(60 1 714 1 5525,	
utilizando 1 714 1 5454,	
cápsulas 4 714 4 5451,5526,5536,5544,	
cubiertas 1 714 1 5448,	
(E171) 1 714 1 5446,	
Laurilsulfato 1 714 1 5441,	
silicona 1 714 1 5440,	
Dióxido 2 714 2 5438,5443,	
hierro 2 714 2 5436,5473,	
Colorante 1 714 1 5433,	
Gelatina 1 714 1 5432,	
Cubierta 1 714 1 5428,	
sódico 2 714 2 5427,5442,	
Almidón 1 714 1 5425,	
Estearato 1 714 1 5420,	
Lactosa 1 714 1 5419,	
Núcleo 1 714 1 5415,	
Lista 1 714 1 5412,	
FARMACÉUTICOS 1 714 1 5409,	
carcinogénico 1 714 1 5398,	
esperada 1 714 1 5390,	
respectivamene 1 714 1 5388,	
168 1 714 1 5386,	
39 1 714 1 5384,	
~ 1 714 1 5383,	
exposiciones 1 714 1 5382,	
correspondiendo 1 714 1 5380,	
600 1 714 1 5376,	
carcinogenicidad 1 714 1 5367,	
urinaria) 1 714 1 5357,	
vejiga 1 714 1 5356,	
carcinomas 1 714 1 5354,	
vascular 1 714 1 5352,	
hepatocolangiocelular 1 714 1 5350,	
colangiocelular 1 714 1 5348,	
hepáticos) 1 714 1 5343,	
(tumores 2 714 2 5342,5346,	
carcinogénica 1 714 1 5339,	
Con 1 714 1 5328,	
aberraciones 1 714 1 5326,	
ensayo 1 714 1 5322,	
ratón 3 714 3 5318,5341,5374,	
efecto) 1 714 1 5314,	
establecieron 1 714 1 5310,	
genotóxica 1 714 1 5293,	
plasmática 1 714 1 5288,	
50% 1 714 1 5284,	
rata 3 714 3 5264,5345,5379,	
difusión 1 714 1 5260,	
simple 1 714 1 5259,	
fetal 2 714 2 5257,5281,	
circulación 1 714 1 5256,	
alcanza 1 714 1 5254,	
modelo 1 714 1 5246,	
muestran 1 714 1 5231,	
Datos 1 714 1 5223,	
disminuida 1 714 1 5192,	
ajustar 1 714 1 5182,	
creatinina; 1 714 1 5177,	
disminuye 2 714 2 5171,5173,	
59±35%) 1 714 1 5163,	
125% 1 714 1 5160,	
16% 1 714 1 5157,	
osciló 1 714 1 5152,	
De 1 714 1 5138,	
ml/min/kg 3 714 3 5112,5122,5132,	
14 5 714 5 5092,5111,5126,5535,5995,	
comparable 1 714 1 5083,	
Poblaciones 1 714 1 5071,	
25% 1 714 1 5069,	
15% 1 714 1 5066,	
interindividual 1 714 1 5054,	
intra- 1 714 1 5052,	
variación 1 714 1 5051,	
AUC(0-t) 1 714 1 5037,	
AUC(ee) 1 714 1 5032,	
endógenas 1 714 1 5007,	
vias 1 714 1 5006,	
restante 1 714 1 5001,	
60% 1 714 1 4998,	
34±5% 1 714 1 4993,	
correspondientes 1 714 1 4980,	
Business 1 714 1 5585,	
valores 1 714 1 4979,	
42±7% 1 714 1 4968,	
v 1 714 1 4966,	
i 1 714 1 4965,	
glomerular 1 714 1 4961,	
filtración 1 714 1 4960,	
(EMEA) 1 714 1 5659,	
añadida 1 714 1 4957,	
tubular 1 714 1 4955,	
secreción 1 714 1 4954,	
indicando 1 714 1 4950,	
237±98 1 714 1 4948,	
594±164 1 714 1 4940,	
mononucleares 1 714 1 4924,	
periféricas 1 714 1 4923,	
humana) 1 714 1 4917,	
T 1 714 1 4916,	
linfoblastoide 1 714 1 4915,	
línea 1 714 1 4914,	
(una 1 714 1 4913,	
T-CEM 1 714 1 4912,	
intracelular 1 714 1 4904,	
independiente 2 714 2 4890,5024,	
4±0 1 714 1 4882,	
única 2 714 2 4878,4988,	
Celulosa 1 714 1 5423,	
3±0 1 714 1 4872,	
terminal 1 714 1 4868,	
Eliminación 1 714 1 4862,	
azúcar 1 714 1 4861,	
hidroliza 1 714 1 4857,	
50%) 1 714 1 4855,	
(aproximadamente 1 714 1 4853,	
orina 2 714 2 4852,4977,	
inalterada 2 714 2 4850,4974,	
humanos 3 714 3 4832,5301,5392,	
determinado 1 714 1 4825,	
Metabolismo 1 714 1 4821,	
plasma 1 714 1 4820,	
glóbulos 1 714 1 4816,	
11 2 714 2 4807,5220,	
01 1 714 1 4805,	
concentración 3 714 3 4802,5277,5287,	
unión 1 714 1 4789,	
repetidas 1 714 1 4781,	
administraciones 1 714 1 4780,	
observó 2 714 2 4774,5366,	
06 1 714 1 4771,	
LCR/plasma 2 714 2 4766,5149,	
Cuatro 1 714 1 4758,	
transcurridas 1 714 1 4748,	
(LCR) 1 714 1 4746,	
cefalorraquídeo 1 714 1 4745,	
líquido 1 714 1 4744,	
l 1 714 1 4735,	
46±21 1 714 1 4734,	
estacionario 2 714 2 4731,5035,	
volumen 1 714 1 4725,	
Distribución 1 714 1 4723,	
distribuye 1 714 1 4812,	
aspecto 1 714 1 4722,	
significación 1 714 1 4718,	
ingesta 1 714 1 4703,	
administra 1 714 1 4700,	
Tmax 1 714 1 4694,	
similar 2 714 2 4684,5210,	
sistémica 1 714 1 4682,	
demostró 2 714 2 4678,5250,	
Un 2 714 2 4672,5261,	
(89%) 1 714 1 4671,	
9±8 1 714 1 4669,	
Cmin 1 714 1 4667,	
536±146 1 714 1 4662,	
Cmáx 1 714 1 4660,	
[% 1 714 1 4657,	
DS 1 714 1 4656,	
± 1 714 1 4655,	
(media 2 714 2 4654,5161,	
(18%) 1 714 1 4653,	
227 1 714 1 4651,	
1284± 1 714 1 4650,	
ayunas 2 714 2 4642,4714,	
4µg/ml 1 714 1 4808,	
ocho 1 714 1 4629,	
033-4 1 714 1 4625,	
75 1 714 1 4619,	
intravenosa 1 714 1 4615,	
rangos 1 714 1 4612,	
envase 1 714 1 5503,	
aumentaron 1 714 1 4605,	
AUC 2 714 2 4604,4644,	
1996 1 714 1 5621,	
ng/ml 3 714 3 4601,4663,4670,	
810±175 1 714 1 4600,	
Cmax 3 714 3 4598,4602,4688,	
5-0 1 714 1 4590,	
orales 1 714 1 4586,	
Tras 3 714 3 4581,4962,5046,	
86±18% 1 714 1 4580,	
absoluta 1 714 1 4577,	
Absorción 1 714 1 4574,	
farmacocinéticas 2 714 2 4572,5058,	
2) 2 714 2 4567,5196,	
adecuados 1 714 1 4543,	
avalada 1 714 1 4537,	
adolescentes 2 714 2 4528,5085,	
comercializada 1 714 1 4525,	
formulaciones 1 714 1 4514,	
comparar 1 714 1 4512,	
diseñados 1 714 1 4510,	
b 1 714 1 4506,	
SIDA 1 714 1 4505,	
definitorio 1 714 1 4503,	
evento 1 714 1 4502,	
año} 1 714 1 5640,	
nuevo 1 714 1 4501,	
criterio 1 714 1 4491,	
ningún 1 714 1 4490,	
cumplieron 1 714 1 4489,	
ó 2 714 2 4482,4785,	
c/ml 2 714 2 4481,4485,	
64 1 714 1 4464,	
38 1 714 1 4462,	
400 2 714 2 4480,5371,	
66 1 714 1 4461,	
391) 1 714 1 4454,	
(n 2 714 2 4452,4467,	
+182 1 714 1 4450,	
83 1 714 1 4449,	
-2 2 714 2 4448,4463,	
Zerit+ 2 714 2 4443,4458,	
semanas)b 2 714 2 4442,4457,	
(48 2 714 2 4441,4456,	
controlados 1 714 1 4546,	
Cambio 2 714 2 4435,4437,	
Porcentaje 3 714 3 4431,4433,4471,	
Estudio 1 714 1 4430,	
tabla 1 714 1 4428,	
resultados 2 714 2 4419,4540,	
22 1 714 1 4414,	
34 1 714 1 4410,	
(66%) 1 714 1 4403,	
0 7 714 7 4386,4589,4617,4624,4626,4769,4804,	
962 1 714 1 4369,	
63 2 714 2 4367,4381,	
261 1 714 1 4363,	
76 1 714 1 4349,	
ciego 1 714 1 4321,	
AI455-096 3 714 3 4314,4423,4455,	
años) 2 714 2 4311,4417,	
68 1 714 1 4310,	
18 2 714 2 4308,8250,	
33 1 714 1 4304,	
(58%) 1 714 1 4297,	
blancos 2 714 2 4296,4402,	
(70%) 1 714 1 4293,	
varones 2 714 2 4292,4399,	
principalmente 2 714 2 4291,4398,	
basal 2 714 2 4287,4394,	
copias/ml) 2 714 2 4284,4391,	
log10 4 714 4 4275,4283,4382,4390,	
80 1 714 1 4274,	
plasmático 2 714 2 4271,4378,	
VIH-1 2 714 2 4270,4377,	
ARN 3 714 3 4268,4375,4476,	
215 1 714 1 4262,	
61 1 714 1 4259,	
(rango 6 714 6 4257,4277,4306,4365,4384,4412,	
272 1 714 1 4255,	
CD4 2 714 2 4253,4361,	
recuento 2 714 2 4250,4358,	
previamente 2 714 2 4245,4353,	
391 1 714 1 4241,	
vez 2 714 2 4237,4345,	
(600 2 714 2 4234,4342,	
día) 6 714 6 4221,4231,4239,4329,4339,4347,	
doble-ciego 1 714 1 4213,	
48 2 714 2 4210,4317,	
indinavir 1 714 1 4200,	
55 1 714 1 4447,	
ritonavir 1 714 1 4199,	
p 1 714 1 4195,	
agentes 1 714 1 4193,	
Eficacia 1 714 1 4183,	
específica 1 714 1 4179,	
identificado 1 714 1 4168,	
reducen 1 714 1 4158,	
grasas 1 714 1 4707,	
sensibilidad 2 714 2 4149,4160,	
10 3 714 3 4145,4568,5632,	
M 1 714 1 4135,	
multi-fármaco 1 714 1 4128,	
afectada 1 714 1 4124,	
ve 1 714 1 4123,	
76) 1 714 1 4469,	
descubrimientos 1 714 1 4116,	
relevancia 1 714 1 4112,	
sensibles 1 714 1 4105,	
permanecen 1 714 1 4104,	
cultivos 1 714 1 4099,	
asociadas 2 714 2 4092,4172,	
40±12% 1 714 1 4995,	
mantener 1 714 1 4090,	
despreciable 1 714 1 4797,	
inhibir 1 714 1 4076,	
respectivamente 3 714 3 4071,4996,5070,	
superiores 1 714 1 4070,	
inhiben 1 714 1 4062,	
polimerasas 1 714 1 4058,	
sensible 1 714 1 4047,	
polimerasa 1 714 1 4040,	
73 1 714 1 4446,	
elongación 1 714 1 4036,	
3'-hidroxilo 1 714 1 4032,	
ausencia 1 714 1 4029,	
cadena 1 714 1 4023,	
terminación 1 714 1 4020,	
provocando 1 714 1 4018,	
También 1 714 1 4011,	
natural 1 714 1 4008,	
sustrato 1 714 1 4007,	
competición 1 714 1 4004,	
inhibiendo 1 714 1 3999,	
celulares 2 714 2 3993,4059,	
quinasas 1 714 1 3992,	
humanas 1 714 1 3987,	
células 5 714 5 3986,4252,4360,4911,4921,	
actividad 3 714 3 3979,4118,5303,	
antivírico 1 714 1 3977,	
Estavudina 2 714 2 3968,5337,	
J05AF04 1 714 1 3967,	
ATC 1 714 1 3966,	
inhibidor 1 714 1 3961,	
Grupo 1 714 1 3958,	
conservar 1 714 1 5494,	
Propiedades 2 714 2 3956,4571,	
ESTE 1 714 1 3952,	
FARMACOLÓGICAS 1 714 1 3950,	
PROPIEDADES 1 714 1 3949,	
elimina 2 714 2 3944,5003,	
http 1 714 1 5660,	
conoce 2 714 2 3940,4110,	
Asimismo 1 714 1 3937,	
sobredosis 1 714 1 3936,	
contribución 1 714 1 3928,	
120 1 714 1 3923,	
presencia 1 714 1 4952,	
alteración 1 714 1 3909,	
podrían 1 714 1 3904,	
sobredosificación 1 714 1 3902,	
complicaciones 1 714 1 3899,	
aguda 1 714 1 3897,	
elegir 1 714 1 4084,	
diaria 1 714 1 3892,	
identificar 1 714 1 3875,	
pequeño 1 714 1 3872,	
número 1 714 1 3863,	
transaminasa 1 714 1 3854,	
Reino 1 714 1 5592,	
incrementos 1 714 1 3841,	
mostró 2 714 2 3840,5266,	
tendía 1 714 1 3817,	
cambio 1 714 1 3814,	
aparente 2 714 2 4726,5107,	
indicaban 1 714 1 3764,	
revisión 1 714 1 3753,	
informada 1 714 1 3747,	
(a 1 714 1 3745,	
asintomática; 1 714 1 3724,	
Frecuente 1 714 1 3722,	
linfático 1 714 1 3718,	
Desconocida 5 714 5 3716,3726,3731,3742,9358,	
sanguineo 2 714 2 3714,9356,	
comercialización 2 714 2 3710,9352,	
producto 2 714 2 3707,9349,	
lanzamiento 2 714 2 3705,9347,	
despues 3 714 3 3703,4753,9345,	
espontáneamente 2 714 2 3702,9344,	
comunicadas 2 714 2 3701,9343,	
Post-comercialización 2 714 2 3695,9337,	
Hubo 2 714 2 3648,9290,	
notables 2 714 2 3635,9277,	
linfocitos 1 714 1 5300,	
diferencias 2 714 2 3634,9276,	
ALT 2 714 2 3608,9250,	
neutrófilos 2 714 2 3596,9238,	
detectadas 2 714 2 3585,9227,	
3-4 2 714 2 3584,9226,	
UB8 1 714 1 5590,	
neurológicas 2 714 2 3571,9213,	
detectar 3 714 3 3564,4739,9206,	
resulta 2 714 2 3561,9203,	
limitado 2 714 2 3554,9196,	
período 2 714 2 3547,9189,	
185 2 714 2 3484,9126,	
controlado 2 714 2 3482,9124,	
meses; 2 714 2 3478,9120,	
mg/kg/día 10 714 10 3469,3490,3519,5097,5103,5372,5377,9111,9132,9161,	
edades 2 714 2 3460,9102,	
105 2 714 2 3456,9098,	
Unido 1 714 1 5593,	
240 2 714 2 3452,9094,	
ACTG 2 714 2 3451,9093,	
obstante 2 714 2 3438,9080,	
observados 2 714 2 3434,9076,	
similares 3 714 3 3427,5336,9069,	
adolescencia 2 714 2 3417,9059,	
nacimiento 7 714 7 3414,3501,3530,5137,9056,9143,9172,	
rango 4 714 4 3408,4800,5155,9050,	
comunicados 2 714 2 3402,9044,	
30% 2 714 2 3380,9022,	
fl 2 714 2 3378,9020,	
112 2 714 2 3377,9019,	
(MCV 2 714 2 3375,9017,	
(HDPE) 1 714 1 5519,	
detectó 2 714 2 3368,9010,	
anteriormente 2 714 2 3366,9008,	
macrocitosis 2 714 2 3360,9002,	
rojos 1 714 1 4817,	
evaluada 2 714 2 3358,9000,	
g/dl) 2 714 2 3342,8984,	
baja 6 714 6 3338,3602,4691,5063,8980,9244,	
000/mm3) 2 714 2 3333,8975,	
(plaquetas 2 714 2 3330,8972,	
trombocitopenia 4 714 4 3329,3717,3850,8971,	
células/mm3) 4 714 4 3325,4263,4370,8967,	
750 2 714 2 3324,8966,	
neutropenia 3 714 3 3322,3848,8964,	
( 2 714 2 3304,8946,	
lipasa 4 714 4 3303,3619,8945,9261,	
necesarias 1 714 1 4074,	
GPT 2 714 2 3284,8926,	
desarrollo 3 714 3 3280,4498,8922,	
parámetros 6 714 6 3263,3399,3579,8905,9041,9221,	
Fueron 2 714 2 3258,8900,	
porcentajes 2 714 2 3239,8881,	
(seguimiento 2 714 2 3228,8870,	
comprendida 2 714 2 3411,9053,	
observada 3 714 3 3210,5213,8852,	
urticaria 2 714 2 3207,8849,	
subcutáneos 2 714 2 3204,8846,	
prurito 2 714 2 3203,8845,	
erupción 2 714 2 3202,8844,	
tejidos 2 714 2 3200,8842,	
piel 2 714 2 3198,8840,	
nervioso 3 714 3 3185,3741,8827,	
sistema 5 714 5 3184,3713,3740,8826,9355,	
tejido 3 714 3 3180,5280,8822,	
mialgia 2 714 2 3177,8819,	
artralgia 2 714 2 3176,8818,	
musculoesqueléticos 2 714 2 3173,8815,	
metabolismo 3 714 3 3163,4827,8805,	
148 2 714 2 3233,8875,	
lipoatrofia* 2 714 2 3161,8803,	
nutricionales 3 714 3 3157,3725,8799,	
ictericia 2 714 2 3155,8797,	
hepatobiliares 3 714 3 3150,3730,8792,	
punto 2 714 2 3143,8785,	
condiciones 2 714 2 3140,8782,	
fatiga 2 714 2 3139,8781,	
generales 2 714 2 3136,8778,	
Alteraciones 9 714 9 3135,3149,3711,3719,3729,3738,8777,8791,9353,	
dispepsia 2 714 2 3134,8776,	
vómitos; 2 714 2 3133,8775,	
náusea; 2 714 2 3132,8774,	
abdominal 2 714 2 3131,8773,	
diarrea; 2 714 2 3129,8771,	
Frecuentes 12 714 12 3128,3138,3160,3186,3193,3201,8770,8780,8802,8828,8835,8843,	
gastrointestinales 2 714 2 3127,8769,	
ginecomastia 2 714 2 3125,8767,	
endocrinos 2 714 2 3122,8764,	
Trastornos 14 714 14 3121,3126,3156,3172,3182,3191,3195,8763,8768,8798,8814,8824,8833,8837,	
rica 1 714 1 4705,	
frecuentes 14 714 14 3120,3124,3146,3152,3165,3175,3206,8762,8766,8788,8794,8807,8817,8848,	
identificadas 2 714 2 3118,8760,	
investigadores 2 714 2 3114,8756,	
atribución 2 714 2 3111,8753,	
régimen 2 714 2 3105,8747,	
múltiples 3 714 3 4587,4887,4991,	
relacionadas 2 714 2 3102,8744,	
posiblemente 2 714 2 3101,8743,	
semanas) 4 714 4 3095,3237,8737,8879,	
119 2 714 2 3094,8736,	
extendiendose 2 714 2 3092,8734,	
mediana 8 714 8 3091,3231,4248,4266,4356,4373,8733,8873,	
56 2 714 2 3088,8730,	
llevada 2 714 2 3085,8727,	
total 7 714 7 3084,3229,3932,4935,5079,8726,8871,	
(investigación 2 714 2 3083,8725,	
aleatorios 2 714 2 3074,8716,	
467 2 714 2 3059,8701,	
(moderadas 2 714 2 3053,8695,	
gravedad 2 714 2 3046,8688,	
decreciente 2 714 2 3044,8686,	
orden 2 714 2 3043,8685,	
000) 2 714 2 3036,8678,	
000); 2 714 2 3031,8673,	
1/10 4 714 4 3027,3035,8669,8677,	
rara 4 714 4 3025,3033,8667,8675,	
1/100); 2 714 2 3024,8666,	
presumiblemente 1 714 1 5004,	
000 5 714 5 3022,3028,4066,8664,8670,	
1/1 4 714 4 3021,3030,8663,8672,	
1/100 2 714 2 3015,8657,	
1/10); 4 714 4 3012,3017,8654,8659,	
(> 12 714 12 3011,3014,3020,3026,3285,3294,8653,8656,8662,8668,8927,8936,	
frecuente 8 714 8 3010,3013,3019,3441,8652,8655,8661,9083,	
siguiente 3 714 3 3007,4429,8649,	
aplicando 2 714 2 3005,8647,	
definida 2 714 2 3004,8646,	
continuación 4 714 4 3002,3079,8644,8721,	
listadas 2 714 2 3000,8642,	
adversa 2 714 2 2990,8632,	
recogidas 2 714 2 3630,9272,	
reacción 2 714 2 2989,8631,	
In 1 714 1 4894,	
desconoce 4 714 4 2984,3926,4716,8626,	
reconocidos 2 714 2 2970,8612,	
hiperglucemia 2 714 2 2948,8590,	
insulina 2 714 2 2947,8589,	
hipercolesterolemia 2 714 2 2943,8585,	
hipertrigliceridemia 3 714 3 2942,3861,8584,	
búfalo) 2 714 2 2929,8571,	
(joroba 2 714 2 2927,8569,	
dorsocervical 2 714 2 2926,8568,	
acumulación 3 714 3 2922,4775,8564,	
hipertrofia 2 714 2 2917,8559,	
Park 1 714 1 5586,	
(27%) 1 714 1 4664,	
= 2 714 2 4453,4468,	
intra-abdominal 2 714 2 2914,8556,	
aumento 3 714 3 2910,3851,8552,	
facial 2 714 2 2909,8551,	
impresión 1 714 1 5457,	
subcutánea 2 714 2 2906,8548,	
incluye 2 714 2 2902,8544,	
latentes 2 714 2 2872,8514,	
(E172) 2 714 2 5437,5474,	
Al 2 714 2 2846,8488,	
Reactivación 2 714 2 2844,8486,	
1% 8 714 8 2770,3346,3605,3611,8412,8988,9247,9253,	
detectada 3 714 3 2767,3770,8409,	
ensayos 7 714 7 2756,3072,3269,5296,8398,8714,8911,	
ex 1 714 1 5242,	
2-3% 2 714 2 2750,8392,	
empleando 1 714 1 5244,	
resolución 2 714 2 2726,8368,	
modificación 2 714 2 2711,8353,	
requirió 2 714 2 2710,8352,	
debido 5 714 5 2691,3244,4026,8333,8886,	
discontinuación 2 714 2 2690,8332,	
farmacoterapéutico 1 714 1 3959,	
promedio 2 714 2 2688,8330,	
28 1 714 1 5128,	
grave) 2 714 2 2685,8327,	
dosis-dependiente 2 714 2 2708,8350,	
moderado 2 714 2 2683,8325,	
(6% 2 714 2 2681,8323,	
19% 2 714 2 2680,8322,	
efavirenz 11 714 11 2670,3069,3227,4202,4233,4341,4451,4466,8312,8711,8869,	
concomitantes 2 714 2 2657,8299,	
tratamientos 2 714 2 2656,8298,	
secundarios 2 714 2 2654,8296,	
efectos 7 714 7 2653,3247,3391,5335,8295,8889,9033,	
curso 2 714 2 2644,8286,	
compatibles 2 714 2 2641,8283,	
notificadas 6 714 6 2637,3057,3259,8279,8699,8901,	
Muchas 2 714 2 2631,8273,	
regímenes 2 714 2 2628,8270,	
monoterapia 6 714 6 2625,2701,2759,8267,8343,8401,	
utilizado 2 714 2 2623,8265,	
disponible 3 714 3 2615,5648,8257,	
existe 2 714 2 2614,8256,	
adversas 20 714 20 2612,2635,2999,3039,3052,3099,3569,3642,3699,3762,3826,8254,8277,8641,8681,8694,8741,9211,9284,9341,	
Reacciones 4 714 4 2611,3051,8253,8693,	
timina 1 714 1 4859,	
8 12 714 12 2610,3341,3513,3570,4564,4784,5594,5617,5627,8252,8983,9155,	
Anomalías 2 714 2 3575,9217,	
maquinaria 2 714 2 2607,8249,	
farmacodinámicas 3 714 3 2591,3957,8233,	
propiedades 2 714 2 2590,8232,	
base 4 714 4 2587,3109,8229,8751,	
máquinas 4 714 4 2572,2585,8214,8227,	
conducir 6 714 6 2569,2582,2604,8211,8224,8246,	
capacidad 6 714 6 2567,2580,2602,8209,8222,8244,	
Efectos 2 714 2 2564,8206,	
7 3 714 3 2563,5573,8205,	
interrumpir 2 714 2 2555,8197,	
madres 2 714 2 2554,8196,	
recomendarse 2 714 2 2551,8193,	
razón 2 714 2 2549,8191,	
materna 3 714 3 2546,5289,8188,	
excreta 4 714 4 2542,4849,4973,8184,	
demostraron 2 714 2 2538,8180,	
lactante 2 714 2 2533,8175,	
insuficientes 2 714 2 2526,8168,	
humana 3 714 3 2524,5249,8166,	
leche 4 714 4 2523,2545,8165,8187,	
excreción 2 714 2 2518,8160,	
bajos 2 714 2 3597,9239,	
disponibles 2 714 2 2515,8157,	
evitar 2 714 2 2505,8147,	
circunstancia 2 714 2 2503,8145,	
amamanten 2 714 2 2500,8142,	
infectadas 2 714 2 2495,8137,	
prevalece 2 714 2 2484,8126,	
potencial 5 714 5 2483,2489,5397,8125,8131,	
beneficio 2 714 2 2482,8124,	
recomendará 2 714 2 2478,8120,	
utilizada 2 714 2 2470,8112,	
Además 2 714 2 2461,8103,	
considerado 2 714 2 2437,8079,	
haberlo 2 714 2 2436,8078,	
sólo 4 714 4 2433,3556,8075,9198,	
adicionales 3 714 3 2426,4551,8068,	
cabo 2 714 2 3087,8729,	
disponga 2 714 2 2423,8065,	
saquinavir 1 714 1 4201,	
Hasta 2 714 2 2420,8062,	
3) 2 714 2 2419,8061,	
placenta 4 714 4 2415,5248,5274,8057,	
transferencia 3 714 3 2408,5268,8050,	
preclínicos 3 714 3 2405,5224,8047,	
Estudios 4 714 4 2404,2534,8046,8176,	
elevados 4 714 4 2401,5237,5363,8043,	
embriofetal 3 714 3 2398,5233,8040,	
animales 3 714 3 2392,5230,8034,	
anti-retroviral 2 714 2 2390,8032,	
recibieron 15 714 15 2378,3351,3419,3467,3488,3517,4632,5095,5101,8020,8993,9061,9109,9130,9159,	
fatal 6 714 6 2373,2744,2794,8015,8386,8436,	
láctico 5 714 5 2357,3625,3847,7999,9267,	
ácido 5 714 5 2356,3624,3846,7998,9266,	
partos 4 714 4 2335,3685,7977,9327,	
elevada 4 714 4 2333,3683,7975,9325,	
(3%) 4 714 4 2325,3675,7967,9317,	
grupos 6 714 6 2319,3645,3669,7961,9287,9311,	
(40 2 714 2 4216,4324,	
(10%) 4 714 4 2314,3664,7956,9306,	
tratado 2 714 2 2309,7951,	
infantil 4 714 4 2305,3656,7947,9298,	
preliminares 2 714 2 2290,7932,	
Sobredosis 1 714 1 3880,	
6% 2 714 2 2283,7925,	
9-12 2 714 2 2282,7924,	
didanosina) 2 714 2 2279,7921,	
(estavudina 2 714 2 2277,7919,	
3-11 2 714 2 2275,7917,	
(didanosina); 2 714 2 2273,7915,	
7% 6 714 6 2272,3251,3600,7914,8893,9242,	
2-18 2 714 2 2271,7913,	
(estavudina); 2 714 2 2269,7911,	
3% 6 714 6 2268,3291,3310,7910,8933,8952,	
4-19 2 714 2 2267,7909,	
95% 2 714 2 2257,7899,	
confianza 2 714 2 2256,7898,	
intervalos 2 714 2 2254,7896,	
89) 2 714 2 2250,7892,	
88) 2 714 2 2246,7888,	
+ 14 714 14 2243,2278,2312,2343,3662,3693,4445,4460,7885,7920,7954,7985,9304,9335,	
94) 2 714 2 2241,7883,	
91) 2 714 2 2238,7880,	
proporcionalmente 1 714 1 4606,	
(N= 8 714 8 2237,2240,2245,2249,7879,7882,7887,7891,	
recibido 2 714 2 2235,7877,	
randomizadas 2 714 2 2231,7873,	
máximo 2 714 2 2217,7859,	
mg/Kg 2 714 2 2205,7847,	
incluía 2 714 2 2196,7838,	
ramas 2 714 2 2188,7830,	
vida 5 714 5 2185,4864,4902,5009,7827,	
posteriores 2 714 2 2176,7818,	
36 2 714 2 2174,7816,	
había 2 714 2 2167,7809,	
administró 2 714 2 2157,7799,	
profilaxis 2 714 2 2154,7796,	
parto 4 714 4 2152,2178,7794,7820,	
""20"" 1 714 1 5724,	
momento 2 714 2 2150,7792,	
gestación 2 714 2 2145,7787,	
síntesis 1 714 1 4014,	
34-36 2 714 2 2142,7784,	
semana 2 714 2 2141,7783,	
incluidas 2 714 2 2135,7777,	
previo 2 714 2 2133,7775,	
Las 14 714 14 2128,2227,3037,3096,3620,3696,3898,5447,7770,7869,8679,8738,9262,9338,	
madre-hijo 4 714 4 2127,2229,7769,7871,	
parejas 4 714 4 2126,2228,7768,7870,	
362 2 714 2 2125,7767,	
incluyeron 2 714 2 2124,7766,	
hijo 6 714 6 2119,2263,2458,7761,7905,8100,	
prevención 4 714 4 2114,2452,7756,8094,	
Sudáfrica 2 714 2 2109,7751,	
estudio 33 714 33 2105,2112,2138,2192,2293,2347,3077,3107,3214,3274,3364,3480,3510,3539,4206,4313,4673,5241,5262,7747,7754,7780,7834,7935,7989,8719,8749,8856,8916,9006,9122,9152,9181,	
50 3 714 3 3332,4484,8974,	
congénitas 2 714 2 2101,7743,	
limitada 2 714 2 2093,7735,	
claramente 4 714 4 2084,2485,7726,8127,	
embarazo 6 714 6 2079,2432,2475,7721,8074,8117,	
Embarazo 2 714 2 2070,7712,	
específicos 2 714 2 2062,7704,	
ngh/ml 1 714 1 4652,	
unidos 2 714 2 2053,7695,	
afecte 4 714 4 2046,2599,7688,8241,	
espera 2 714 2 2044,7686,	
une 2 714 2 2037,7679,	
Como 4 714 4 2032,2153,7674,7795,	
vías 2 714 2 2031,7673,	
metabolizados 2 714 2 2028,7670,	
sean 2 714 2 2027,7669,	
significaticas 2 714 2 2023,7665,	
farmacológicas 2 714 2 2021,7663,	
probable 4 714 4 2017,2596,7659,8238,	
CYP3A4 2 714 2 2011,7653,	
CYP2D6 2 714 2 2009,7651,	
CYP2C19 2 714 2 2008,7650,	
CYP2C9 2 714 2 2007,7649,	
P450 2 714 2 2005,7647,	
trifosforilante 1 714 1 5304,	
citocromo 2 714 2 2004,7646,	
anemia 1 714 1 3849,	
plasmáticas 3 714 3 2041,4795,7683,	
isoformas 2 714 2 2002,7644,	
peritoneal 1 714 1 3947,	
inhibe 3 714 3 1998,4012,7640,	
nelfinavir 5 714 5 1994,3527,4204,7636,9169,	
significativas 2 714 2 1985,7627,	
distintos 2 714 2 1976,7618,	
cinéticas 2 714 2 1968,7610,	
influencia 2 714 2 1963,7605,	
investigado 2 714 2 1961,7603,	
asumirse 2 714 2 1955,7597,	
exigencias 1 714 1 5571,	
doxorrubicina 2 714 2 1951,7593,	
coadministración 2 714 2 1947,7589,	
foscarnet) 2 714 2 1942,7584,	
ganciclovir 2 714 2 1940,7582,	
zalcitabina 2 714 2 1939,7581,	
ej 2 714 2 1937,7579,	
(por 2 714 2 1936,7578,	
fosforilan 2 714 2 1935,7577,	
igualmente 3 714 3 1933,4813,7575,	
PHARMA 1 714 1 5582,	
utilizados 3 714 3 1922,5560,7564,	
ribavirina 4 714 4 1915,1953,7557,7595,	
doxorubicina 2 714 2 1913,7555,	
inhibida 2 714 2 1911,7553,	
activación 2 714 2 1907,7549,	
trifosfato 6 714 6 1886,3998,4010,4054,4897,7528,	
fosforilación 4 714 4 1879,1970,7521,7612,	
disminuyendo 2 714 2 1874,7516,	
zidovudina 16 714 16 1873,1895,1978,2248,2285,2327,3677,4097,4162,7515,7537,7620,7890,7927,7969,9319,	
preferencialmente 2 714 2 1872,7514,	
fosforila 3 714 3 1871,3995,7513,	
quinasa) 2 714 2 1869,7511,	
(timidina 2 714 2 1868,7510,	
(150 2 714 2 4226,4334,	
celular 3 714 3 1867,4041,7509,	
enzima 2 714 2 1866,7508,	
fosforiladas 2 714 2 1863,7505,	
Zidovudina 2 714 2 1859,7501,	
lamivudina 14 714 14 1858,2668,3067,3225,4164,4198,4225,4333,4444,4459,7500,8310,8709,8867,	
relevante 2 714 2 1856,7498,	
farmacocinética 7 714 7 1854,2049,4553,5019,5200,7496,7691,	
embargo 6 714 6 1847,2361,3650,7489,8003,9292,	
Sin 4 714 4 1846,2360,7488,8002,	
trimetoprim 2 714 2 1845,7487,	
ejemplo 2 714 2 1843,7485,	
secretados 2 714 2 1840,7482,	
renales 2 714 2 1831,7473,	
túbulos 2 714 2 1830,7472,	
Ya 2 714 2 1822,7464,	
realizado 11 714 11 1818,2060,2107,2576,3365,4674,7460,7702,7749,8218,9007,	
interacciones 8 714 8 1815,1835,1983,2020,7457,7477,7625,7662,	
interacción 6 714 6 1811,1853,2064,7453,7495,7706,	
formas 2 714 2 1809,7451,	
Interacción 2 714 2 1802,7444,	
deberían 2 714 2 1796,7438,	
glucosa-galactosa 2 714 2 1794,7436,	
Lapp 2 714 2 1790,7432,	
lactasa 2 714 2 1788,7430,	
galactosa 2 714 2 1785,7427,	
intolerancia 2 714 2 1783,7425,	
comunes 2 714 2 1781,7423,	
microcristalina 1 714 1 5424,	
hereditarios 2 714 2 1779,7421,	
problemas 2 714 2 1778,7420,	
potasio 1 714 1 5470,	
(120 1 714 1 1773,	
Intolerancia 2 714 2 1764,7406,	
recomienda 5 714 5 1751,1891,5181,7393,7533,	
hepáticas 2 714 2 1730,7372,	
muerte 2 714 2 1727,7369,	
terminó 2 714 2 1725,7367,	
hepatotoxicidad 2 714 2 1717,7359,	
encontrado 2 714 2 1714,7356,	
post-comercialización 3 714 3 1707,3759,7349,	
casos) 2 714 2 1692,7334,	
utilización 2 714 2 1893,7535,	
mortal) 2 714 2 1685,7327,	
(mortal 2 714 2 1682,7324,	
detectaron 6 714 6 1678,1733,3633,7320,7375,9275,	
didanosina 33 714 33 1676,1745,1938,1992,2239,2244,2313,2324,2344,2382,2467,3498,3525,3663,3674,3694,4197,7318,7387,7580,7634,7881,7886,7955,7966,7986,8024,8109,9140,9167,9305,9316,9336,	
hidroxiurea 8 714 8 1674,1703,1743,1755,7316,7345,7385,7397,	
recomendadas 2 714 2 1661,7303,	
vertical 2 714 2 1656,7298,	
recogieron 2 714 2 2350,7992,	
transmisión 10 714 10 1655,2117,2260,2455,2507,7297,7759,7902,8097,8149,	
embarazadas 8 714 8 1651,2091,2130,2376,7293,7733,7772,8018,	
utilizar 8 714 8 1646,2571,2584,2606,7288,8213,8226,8248,	
actuales 2 714 2 1644,7286,	
afectan 2 714 2 1640,7282,	
CYP1A2 2 714 2 2006,7648,	
hallazgos 2 714 2 1638,7280,	
investigada 2 714 2 1632,7274,	
laboratorio 8 714 8 1620,3265,3401,3581,7262,8907,9043,9223,	
someterse 2 714 2 1613,7255,	
haya 2 714 2 2019,7661,	
expuesto 2 714 2 1597,7239,	
niño 2 714 2 1596,7238,	
Cualquier 2 714 2 1595,7237,	
permanentes 2 714 2 1594,7236,	
anormal) 2 714 2 1582,7224,	
comportamiento 2 714 2 1581,7223,	
convulsión 2 714 2 1580,7222,	
tardía 2 714 2 1578,7220,	
mg) 2 714 2 1774,7416,	
transitorios 4 714 4 1569,1592,7211,7234,	
menudo 3 714 3 1568,3746,7210,	
Estos 7 714 7 1564,1637,3447,4507,7206,7279,9089,	
hiperlipasemia) 2 714 2 1563,7205,	
neutropenia) 2 714 2 1559,7201,	
(anemia 2 714 2 1558,7200,	
contienen 1 714 1 4101,	
hematológicos 2 714 2 1557,7199,	
notificados 2 714 2 1554,7196,	
principales 4 714 4 1551,2001,7193,7643,	
además 2 714 2 1546,7188,	
post-parto 2 714 2 1540,7182,	
utero 4 714 4 1538,1599,7180,7241,	
expuestos 3 714 3 1536,3778,7178,	
negativo 5 714 5 1535,1611,3808,7177,7253,	
bebés 2 714 2 1533,7175,	
informes 2 714 2 1528,7170,	
habido 2 714 2 1527,7169,	
Ha 2 714 2 1526,7168,	
daño 2 714 2 1524,7166,	
variable 2 714 2 1522,7164,	
grado 5 714 5 1521,3583,4176,7163,9225,	
causan 2 714 2 1519,7161,	
recomendaciones 2 714 2 1643,7285,	
nucleótido 4 714 4 1515,1603,7157,7245,	
análogos 14 714 14 1513,1542,1601,1973,2807,2835,3785,5330,7155,7184,7243,7615,8449,8477,	
vivo 5 714 5 1510,4170,5243,5324,7152,	
e 7 714 7 1508,2949,3856,4196,5053,7150,8591,	
vitro 7 714 7 1507,1903,3981,4895,5298,7149,7545,	
in 14 714 14 1506,1509,1537,1598,1902,3980,4169,5297,5323,7148,7151,7179,7240,7544,	
demostrado 4 714 4 1505,2407,7147,8049,	
cepa 2 714 2 1496,7138,	
resistencia 7 714 7 1493,2944,4095,4127,4178,7135,8586,	
perfil 3 714 3 1491,3822,7133,	
madre 8 714 8 1488,2171,2261,2456,7130,7813,7903,8098,	
glicolato 1 714 1 5426,	
administrado 4 714 4 1485,2168,7127,7810,	
historia 2 714 2 1481,7123,	
nacidos 13 714 13 1462,2161,2200,3487,3516,3773,3799,3830,7104,7803,7842,9129,9158,	
179 2 714 2 1459,7101,	
realizados 3 714 3 1457,4835,7099,	
clínicos 10 714 10 1450,2757,3073,3270,3423,7092,8399,8715,8912,9065,	
conectivo 2 714 2 3181,8823,	
estudios 25 714 25 1449,1813,1901,2061,2577,2662,2699,2776,3355,3422,3448,4508,4542,4834,7091,7455,7543,7703,8219,8304,8341,8418,8997,9064,9090,	
provenientes 2 714 2 1447,7089,	
moverse 2 714 2 1422,7064,	
dificultad 2 714 2 1420,7062,	
rigidez 2 714 2 1417,7059,	
articular 4 714 4 1416,1418,7058,7060,	
molestias 2 714 2 1413,7055,	
experimentan 2 714 2 1412,7054,	
consulten 2 714 2 1408,7050,	
mutaciones 4 714 4 4091,4103,4131,4171,	
aconsejar 2 714 2 1403,7045,	
elevado) 2 714 2 1400,7042,	
masa 2 714 2 1398,7040,	
índice 2 714 2 1396,7038,	
inmunodepresión 2 714 2 1394,7036,	
alcohol 2 714 2 1393,7035,	
corticosteroides 2 714 2 1390,7032,	
cepas 1 714 1 4156,	
multifactorial 2 714 2 1386,7028,	
etiología 2 714 2 1384,7026,	
graves) 2 714 2 3055,8697,	
prolongada 5 714 5 1373,2977,4696,7015,8619,	
exposición 10 714 10 1372,2403,2976,4681,5078,5239,5361,7014,8045,8618,	
especialmente 4 714 4 1363,2962,7005,8604,	
osteonecrosis 4 714 4 1362,2961,7004,8603,	
notificado 14 714 14 1359,1572,2364,2787,2816,2958,3321,7001,7214,8006,8429,8458,8600,8963,	
Osteonecrosis 4 714 4 1356,2955,6998,8597,	
significativo 1 714 1 5400,	
iniciar 2 714 2 1348,6990,	
Esto 2 714 2 1340,6982,	
específicas 2 714 2 1337,6979,	
características 3 714 3 1336,5057,6978,	
mitocondrial 14 714 14 1331,1502,1525,1531,1636,3574,3751,3767,6973,7144,7167,7173,7278,9216,	
ADN 6 714 6 1330,4016,4025,4038,4043,6972,	
toxicidad 8 714 8 1329,2397,3573,3896,5232,6971,8039,9215,	
evidencias 2 714 2 1325,6967,	
existen 2 714 2 1324,6966,	
8) 8 714 8 1316,1472,1549,2298,6958,7114,7191,7940,	
(véase 6 714 6 1313,2875,2951,6955,8517,8593,	
apropiado 2 714 2 1312,6954,	
considere 4 714 4 1310,1347,6952,6989,	
tratarse 2 714 2 1307,6949,	
lipídicos 2 714 2 1305,6947,	
periféricos 4 714 4 2677,3189,8319,8831,	
sangre 2 714 2 1302,6944,	
glucosa 2 714 2 1300,6942,	
suero 6 714 6 1297,2359,3627,6939,8001,9269,	
NÚMEROS 1 714 1 5595,	
lípidos 3 714 3 1295,3859,6937,	
físicos 2 714 2 1281,6923,	
signos 4 714 4 1280,1625,6922,7267,	
evaluación 2 714 2 1277,6919,	
incluir 3 714 3 1275,3905,6917,	
clínico 8 714 8 1273,1617,3481,3511,6915,7259,9123,9153,	
examen 2 714 2 1272,6914,	
metabólicos 4 714 4 1269,1561,6911,7203,	
duración 2 714 2 1263,6905,	
EEIG 1 714 1 5583,	
fármaco 3 714 3 1258,5000,6900,	
envases 1 714 1 5564,	
relacionados 2 714 2 1255,6897,	
avanzada 6 714 6 1251,1368,2972,6893,7010,8614,	
edad 13 714 13 1250,2226,3410,3507,3536,3839,4302,4408,6892,7868,9052,9149,9178,	
individuales 2 714 2 1246,6888,	
lipodistrofia 4 714 4 1243,3162,6885,8804,	
(56 1 714 1 5543,	
Inversa 2 714 2 1234,6876,	
Transcriptasa 2 714 2 1233,6875,	
lipoatrofia 6 714 6 1226,1339,3211,6868,6981,8853,	
Proteasa 2 714 2 1223,6865,	
Inhibidores 2 714 2 1220,6862,	
visceral 4 714 4 1217,2916,6859,8558,	
lipomatosis 2 714 2 1216,6858,	
relación 6 714 6 1213,3877,4765,5030,5148,6855,	
hipótesis 2 714 2 1210,6852,	
incompleto 2 714 2 1205,6847,	
acción 2 714 2 1203,6845,	
mecanismo 2 714 2 1201,6843,	
avalando 1 714 1 4925,	
actual 2 714 2 1198,6840,	
conocimiento 2 714 2 1197,6839,	
plazo 8 714 8 1192,3082,3219,3567,6834,8724,8861,9209,	
consecuencias 2 714 2 1189,6831,	
desconocen 2 714 2 1187,6829,	
Actualmente 4 714 4 1185,1583,6827,7225,	
positivo 3 714 3 1184,3820,6826,	
(lipodistrofia) 4 714 4 1180,2897,6822,8539,	
Fecha 1 714 1 5612,	
corporal 6 714 6 1179,1399,2896,6821,7041,8538,	
grasa 12 714 12 1178,1286,2895,2905,2913,2925,6820,6928,8537,8547,8555,8567,	
redistribución 6 714 6 1175,1283,2892,6817,6925,8534,	
asociado 8 714 8 1172,2889,2936,3372,6814,8531,8578,9014,	
metabólicas 7 714 7 1165,2882,2939,3720,6807,8524,8581,	
alteraciones 8 714 8 1164,1729,2881,3622,6806,7371,8523,9264,	
Lipodistrofia 4 714 4 1162,2879,6804,8521,	
establecer 4 714 4 1156,2528,6798,8170,	
obtuvo 1 714 1 4594,	
inflamatorio 2 714 2 1154,6796,	
síntoma 2 714 2 1153,6795,	
evaluar 2 714 2 1151,6793,	
deberá 8 714 8 1150,1475,1954,2468,6792,7117,7596,8110,	
	5 1 714 1 3954,	
carinii 2 714 2 1148,6790,	
Pneumocystis 2 714 2 1147,6789,	
neumonía 2 714 2 1145,6787,	
PRIMERA 1 714 1 5607,	
generalizadas 2 714 2 1141,6783,	
infecciones 4 714 4 1139,2870,6781,8512,	
citomegalovirus 2 714 2 1138,6780,	
retinitis 2 714 2 1136,6778,	
son 15 714 15 1135,1555,1566,1591,1832,1862,2525,4992,6777,7197,7208,7233,7474,7504,8167,	
relevantes 4 714 4 1131,1628,6773,7270,	
(6%) 4 714 4 2328,3678,7970,9320,	
ejemplos 2 714 2 1130,6772,	
Algunos 2 714 2 1129,6771,	
inicio 4 714 4 1123,2847,6765,8489,	
sanguíneas 1 714 1 4922,	
semanas 21 714 21 1118,1454,2183,2214,2224,3089,3234,3505,3534,4211,4318,5117,6760,7096,7825,7856,7866,8731,8876,9147,9176,	
AI455-094 4 714 4 2106,3540,7748,9182,	
primeras 2 714 2 1117,6759,	
observado 11 714 11 1114,1851,1982,2097,2396,5334,6756,7493,7624,7739,8038,	
reacciones 20 714 20 1111,1134,2634,2998,3038,3098,3568,3641,3698,3761,3825,6753,6776,8276,8640,8680,8740,9210,9283,9340,	
9 5 714 5 3879,4046,4282,4389,5603,	
micobacterianas 2 714 2 1140,6782,	
Normalmente 2 714 2 1109,6751,	
insuficiente 4 714 4 2446,3562,8088,9204,	
clínicas 2 714 2 1101,6743,	
situaciones 2 714 2 1100,6742,	
timidina 2 714 2 3973,4009,	
asintomáticos 3 714 3 1097,4677,6739,	
residuales 2 714 2 1095,6737,	
oportunistas 4 714 4 1094,2871,6736,8513,	
patógenos 2 714 2 1093,6735,	
frente 6 714 6 1091,2868,3982,4153,6733,8510,	
inflamatoria 4 714 4 1090,2867,6732,8509,	
respuesta 4 714 4 1089,2866,6731,8508,	
aparecer 4 714 4 1087,2864,6729,8506,	
primera 1 714 1 5040,	
grave 6 714 6 1085,1395,2862,6727,7037,8504,	
inmune 4 714 4 1084,2861,6726,8503,	
deficiencia 4 714 4 1083,2860,6725,8502,	
medio 4 714 4 3916,3989,4436,4438,	
(TARC) 6 714 6 1076,1378,2982,6718,7020,8624,	
presentó 2 714 2 2746,8388,	
secciones 3 714 3 2716,4562,8358,	
combinada 12 714 12 1075,1128,1169,2852,2886,2933,6717,6770,6811,8494,8528,8575,	
biodisponibilidad 1 714 1 4576,	
recién 13 714 13 1461,2160,2199,3486,3515,3772,3798,3829,7103,7802,7841,9128,9157,	
terapia 17 714 17 1073,1126,1167,1350,2778,2850,2884,2931,5405,6715,6768,6809,6992,8420,8492,8526,8573,	
instaura 2 714 2 1071,6713,	
Cuando 2 714 2 1069,6711,	
Inmune 4 714 4 1068,2845,6710,8487,	
Síndrome 4 714 4 1065,2842,6707,8484,	
hepatotóxico 2 714 2 1064,6706,	
Combinaciones 2 714 2 1659,7301,	
LNS) 8 714 8 1050,3288,3297,3307,6692,8930,8939,8949,	
superior 3 714 3 1049,5497,6691,	
normal 3 714 3 1048,5219,6690,	
límite 2 714 2 1047,6689,	
5 24 714 24 1044,1801,2266,2270,2418,3286,3295,3948,4281,4388,4566,4569,4907,5116,5131,5221,5507,6686,7443,7908,7912,8060,8928,8937,	
> 4 714 4 1043,3376,6685,9018,	
lactancia 4 714 4 2072,2557,7714,8199,	
(ALT/AST 2 714 2 1042,6684,	
blisters 2 714 2 5531,5542,	
transaminasas 2 714 2 1041,6683,	
rápidas 2 714 2 1036,6678,	
elevaciones 4 714 4 1035,3282,6677,8924,	
suspensión 2 714 2 1028,6670,	
interrupción 8 714 8 1026,1054,2732,3241,6668,6696,8374,8883,	
hepatopatía 2 714 2 1019,6661,	
traves 2 714 2 2412,8054,	
empeoramiento 4 714 4 1016,1105,6658,6747,	
(grave 2 714 2 1689,7331,	
pruebas 2 714 2 1014,6656,	
(hipertonía 2 714 2 1579,7221,	
hay 2 714 2 1013,6655,	
estándar 3 714 3 1011,4704,6653,	
práctica 2 714 2 1010,6652,	
según 4 714 4 1008,2232,6650,7874,	
localizadas 2 714 2 1143,6785,	
vigilados 2 714 2 1007,6649,	
deben 8 714 8 1005,1288,1306,1612,6647,6930,6948,7254,	
antirretroviral 28 714 28 1002,1074,1127,1168,1266,1351,1376,1484,1648,2155,2851,2885,2932,2980,6644,6716,6769,6810,6908,6993,7018,7126,7290,7797,8493,8527,8574,8622,	
durante 18 714 18 999,1704,2077,2172,2212,2430,2473,3472,3708,6641,7346,7719,7814,7854,8072,8115,9114,9350,	
anomalías 12 714 12 994,2100,2938,3260,3395,3614,6636,7742,8580,8902,9037,9256,	
frecuencia 16 714 16 992,1736,2672,2986,2996,3050,3431,3638,6634,7378,8314,8628,8638,8692,9073,9280,	
doble 1 714 1 4320,	
incluyendo 8 714 8 985,3190,3281,3860,4496,6627,8832,8923,	
preexistente 2 714 2 984,6626,	
disfunción 7 714 7 982,1530,1635,3766,6624,7172,7277,	
farmacéuticas 2 714 2 978,6620,	
especialidades 2 714 2 977,6619,	
relacionada 2 714 2 974,6616,	
antiviral 2 714 2 961,6603,	
	6 1 714 1 5410,	
mortales 4 714 4 956,1731,6598,7373,	
potencialmente 4 714 4 955,1063,6597,6705,	
madre- 2 714 2 2118,7760,	
graves 10 714 10 953,1102,2636,2802,3396,6595,6744,8278,8444,9038,	
media 7 714 7 3474,4300,4406,4865,4903,5010,9116,	
relacionado 2 714 2 1238,6880,	
adversos 6 714 6 951,1553,3392,6593,7195,9034,	
crónica 5 714 5 938,987,3903,6580,6629,	
B 4 714 4 935,965,6577,6607,	
importantes 4 714 4 930,3576,6572,9218,	
subyacentes 2 714 2 929,6571,	
hepáticos 5 714 5 928,952,5347,6570,6594,	
trastornos 14 714 14 927,1268,1304,1556,1560,1574,1589,6569,6910,6946,7198,7202,7216,7231,	
eficacia 2 714 2 921,6563,	
seguridad 16 714 16 919,1446,1709,2289,2620,3552,3758,4555,5226,5524,6561,7088,7351,7931,8262,9194,	
establecido 2 714 2 917,6559,	
No 22 714 22 914,1958,1979,2057,2573,3437,3631,4108,4165,4736,4772,4822,5364,5478,5493,6556,7600,7621,7699,8215,9079,9273,	
fatales 4 714 4 913,2823,6555,8465,	
cromosómicas 1 714 1 5327,	
amplia 2 714 2 2617,8259,	
sido 5 714 5 912,3117,4187,6554,8759,	
registrado 2 714 2 901,6543,	
Disfunción 5 714 5 897,1501,3750,6539,7143,	
consumo 2 714 2 1391,7033,	
6) 4 714 4 896,3545,6538,9187,	
(Ver 3 714 3 892,4559,6534,	
mayor 9 714 9 890,947,991,1240,4841,6532,6589,6633,6882,	
mayo 1 714 1 5619,	
pormenorizado 2 714 2 885,6527,	
muertos 4 714 4 2338,3688,7980,9330,	
seguimiento 12 714 12 884,1616,1706,3216,3276,3549,6526,7258,7348,8858,8918,9191,	
realizarse 2 714 2 882,6524,	
ribavarina 2 714 2 875,6517,	
alfa 2 714 2 873,6515,	
interferón 2 714 2 872,6514,	
C 6 714 6 868,937,967,6510,6579,6609,	
concomitante 4 714 4 865,962,6507,6604,	
alcohol) 2 714 2 860,6502,	
medicamentos 17 714 17 857,941,1700,1806,1839,1921,2025,2052,6499,6583,7342,7448,7481,7563,7667,7694,9362,	
monos 1 714 1 4837,	
esteatósis 2 714 2 853,6495,	
enfermedad 4 714 4 850,2971,6492,8613,	
conocidos 2 714 2 848,6490,	
factores 8 714 8 845,1245,1254,2966,6487,6887,6896,8608,	
u 2 714 2 843,6485,	
hepatitis 17 714 17 842,867,904,934,964,986,2819,3153,3734,6484,6509,6546,6576,6606,6628,8461,8795,	
obesas) 2 714 2 839,6481,	
mujeres 12 714 12 838,1650,2090,2129,2375,2494,6480,7292,7732,7771,8017,8136,	
especial 6 714 6 837,880,1478,6479,6522,7120,	
sugiere 1 714 1 5395,	
fracaso 1 714 1 4493,	
hiperlactacidemia 2 714 2 2950,8592,	
han 34 714 34 900,911,1113,1358,1571,1713,1817,1981,2059,2096,2406,2575,2786,2815,2957,3116,4167,5333,6542,6553,6755,7000,7213,7355,7459,7623,7701,7738,8048,8217,8428,8457,8599,8758,	
(en 3 714 3 836,5305,6478,	
NRTIs 2 714 2 833,6475,	
administren 2 714 2 832,6474,	
precaución 6 714 6 829,1957,2472,6471,7599,8114,	
tenerse 4 714 4 828,1342,6470,6984,	
Deberá 4 714 4 827,881,6469,6523,	
aminotransferasas 2 714 2 826,6468,	
niveles 13 714 13 824,1039,1293,2400,3844,4740,5235,5312,5359,6466,6681,6935,8042,	
asintomáticas 2 714 2 2874,8516,	
elevación 2 714 2 820,6462,	
progresiva 2 714 2 817,6459,	
láctica/metabólica 2 714 2 815,6457,	
(76%) 1 714 1 4400,	
sintomática 2 714 2 812,6454,	
hiperlactatemia 3 714 3 811,3723,6453,	
fetos 4 714 4 2337,3687,7979,9329,	
producen 2 714 2 808,6450,	
interrumpirse 2 714 2 805,6447,	
después 8 714 8 785,1121,2434,4760,5143,6427,6763,8076,	
motora 5 714 5 779,3170,3744,6421,8812,	
parálisis 2 714 2 778,6420,	
hepático 7 714 7 774,1720,2822,3733,6416,7362,8464,	
fallo 9 714 9 773,775,1719,2821,3732,6415,6417,7361,8463,	
mortalidad 6 714 6 766,2304,3655,6408,7946,9297,	
alta 3 714 3 765,5517,6407,	
motora) 2 714 2 759,6401,	
debilidad 5 714 5 758,3169,3743,6400,8811,	
(incluyendo 8 714 8 757,855,1387,3168,6399,6497,7029,8810,	
neurológicos 10 714 10 756,1575,1590,2676,3188,6398,7217,7232,8318,8830,	
profunda) 2 714 2 753,6395,	
rápida 4 714 4 751,821,6393,6463,	
(respiración 2 714 2 750,6392,	
respiratorios 2 714 2 749,6391,	
peso 2 714 2 747,6389,	
medicación 2 714 2 2164,7806,	
apetito 2 714 2 744,6386,	
pérdida 6 714 6 742,745,2903,6384,6387,8545,	
general 4 714 4 741,3426,6383,9068,	
malestar 2 714 2 740,6382,	
vómitos 2 714 2 736,6378,	
67 2 714 2 4416,4591,	
(náuseas 2 714 2 735,6377,	
benignos 2 714 2 734,6376,	
digestivos 2 714 2 733,6375,	
incluyen 4 714 4 731,3449,6373,9091,	
sintomática) 2 714 2 730,6372,	
(hiperlactatemia 4 714 4 729,1562,6371,7204,	
primeros 2 714 2 727,6369,	
esteatosis 5 714 5 724,2800,3736,6366,8442,	
hepatomegalia 8 714 8 722,816,841,2798,6364,6458,6483,8440,	
asociada 11 714 11 720,770,1334,1672,2796,4129,6362,6412,6976,7314,8438,	
acidosis 15 714 15 717,761,781,814,2365,2790,3166,3727,6359,6403,6423,6456,8007,8432,8808,	
comunicado 3 714 3 716,4138,6358,	
titanio 1 714 1 5445,	
(NRTIs) 6 714 6 713,803,1235,6355,6445,6877,	
inversa 7 714 7 712,802,3964,4002,4079,6354,6444,	
transcriptasa 7 714 7 711,801,3963,4001,4078,6353,6443,	
convención 2 714 2 3008,8650,	
inhibidores 6 714 6 708,798,1230,6350,6440,6872,	
(< 6 714 6 3034,3323,3340,8676,8965,8982,	
nucleósidos 14 714 14 707,797,1229,1975,2809,2837,3786,5331,6349,6439,6871,7617,8451,8479,	
láctica 17 714 17 702,718,762,782,2366,2784,2791,3167,3728,6344,6360,6404,6424,8008,8426,8433,8809,	
Acidosis 4 714 4 701,2783,6343,8425,	
asociados 4 714 4 695,1270,6337,6912,	
están 7 714 7 694,3100,3278,5452,6336,8742,8920,	
productos 3 714 3 690,5558,6332,	
recibiendo 2 714 2 689,6331,	
aquéllos 2 714 2 686,6328,	
alto 3 714 3 682,4175,6324,	
aparición 6 714 6 674,698,1577,6316,6340,7219,	
vigilar 2 714 2 670,6312,	
Se 29 714 29 668,1149,1206,1236,1287,1401,1474,1570,2490,2814,2983,3319,3925,4082,4136,4517,4715,6310,6791,6848,6878,6929,7043,7116,7212,8132,8456,8625,8961,	
antecedente 2 714 2 667,6309,	
distribución 1 714 1 4728,	
reveló 1 714 1 3895,	
dicho 2 714 2 666,6308,	
Incompatibilidades 1 714 1 5477,	
2% 10 714 10 662,2276,2696,3300,3336,6304,7918,8338,8942,8978,	
comparación 7 714 7 658,2316,3666,4709,6300,7958,9308,	
5% 4 714 4 656,3328,6298,8970,	
aproximadamente 9 714 9 654,660,5014,5043,5064,5109,5283,6296,6302,	
Poco 12 714 12 3123,3145,3151,3164,3174,3205,8765,8787,8793,8806,8816,8847,	
incidencia 6 714 6 650,2331,3681,6292,7973,9323,	
pancreatitis 16 714 16 647,652,678,700,772,1681,2741,2765,6289,6294,6320,6342,6414,7323,8383,8407,	
tratados 27 714 27 641,870,939,1669,1698,1740,2202,2320,3061,3255,3592,3670,3885,4244,4352,6283,6512,6581,7311,7340,7382,7844,7962,8703,8897,9234,9312,	
Pancreatitis 4 714 4 638,2739,6280,8381,	
prevenir 2 714 2 1653,7295,	
manos 2 714 2 637,6279,	
caracterizan 2 714 2 625,6267,	
malabsorción 2 714 2 1792,7434,	
cuidadosa 2 714 2 618,6260,	
clínica 8 714 8 617,2088,4113,4184,4719,5406,6259,7730,	
esencial 2 714 2 614,6256,	
tipo 4 714 4 610,3429,6252,9071,	
administrar 2 714 2 606,6248,	
CV] 1 714 1 4658,	
Si 4 714 4 603,1012,6245,6654,	
cerca 2 714 2 672,6314,	
desarrollar 2 714 2 601,6243,	
elevado 2 714 2 599,6241,	
riesgo 20 714 20 597,683,847,879,891,948,1241,2488,2530,2968,6239,6325,6489,6521,6533,6590,6883,8130,8172,8610,	
presentan 8 714 8 595,989,3041,4425,4518,6237,6631,8683,	
antecedentes 4 714 4 591,645,6233,6287,	
especiales 5 714 5 583,5072,5490,5551,6225,	
precauciones 2 714 2 582,6224,	
Advertencias 2 714 2 580,6222,	
excipientes 3 714 3 577,5414,6219,	
Hipersensibilidad 2 714 2 569,6211,	
Contraindicaciones 2 714 2 568,6210,	
larga 2 714 2 1262,6904,	
considera 4 714 4 559,1381,6201,7023,	
intervalo 2 714 2 551,6193,	
incremento 9 714 9 549,2301,3606,3652,3857,6191,7943,9248,9294,	
población 2 714 2 537,6179,	
dosificación 4 714 4 532,4927,5184,6174,	
específico 2 714 2 529,6171,	
recomendar 4 714 4 526,2448,6168,8090,	
suficientes 2 714 2 524,6166,	
datos 16 714 16 523,1444,2287,2351,2425,2514,3756,4521,4550,5228,6165,7086,7929,7993,8067,8156,	
dispone 6 714 6 521,1442,2444,6163,7084,8086,	
Aunque 2 714 2 518,6160,	
insuficiencia 7 714 7 516,906,1786,5207,6158,6548,7428,	
alterado 2 714 2 510,6152,	
aclaramiento 8 714 8 505,3915,4934,4944,5105,5167,5175,6147,	
eliminación 6 714 6 501,3931,4867,5553,5555,6143,	
principal 2 714 2 498,6140,	
urinaria 2 714 2 495,6137,	
pediátricos 11 714 11 492,514,3405,3458,3777,4529,4558,6134,6156,9047,9100,	
cuenta 6 714 6 487,1291,1344,6129,6933,6986,	
abdominal) 2 714 2 739,6381,	
Teniendo 2 714 2 485,6127,	
diálisis 3 714 3 484,3946,6126,	
hepatocelular 1 714 1 5349,	
consideración 2 714 2 1479,7121,	
días 4 714 4 480,5093,5129,6122,	
sesión 4 714 4 470,482,6112,6124,	
finalizar 2 714 2 468,6110,	
20 7 714 7 448,454,5670,5683,6090,6096,9212,	
indicaron 2 714 2 1904,7546,	
horas 14 714 14 445,458,2175,4752,4759,4787,4874,4884,4908,5017,5142,6087,6100,7817,	
24 6 714 6 444,457,2223,6086,6099,7865,	
25 2 714 2 430,6072,	
ml/min 7 714 7 429,431,3924,4941,4949,6071,6073,	
26-50 2 714 2 428,6070,	
siguientes 6 714 6 424,3097,3697,6066,8739,9339,	
recomiendan 4 714 4 421,2491,6063,8133,	
lactosa 4 714 4 1767,1772,7409,7414,	
renal 9 714 9 419,517,776,4945,5165,5191,6061,6159,6418,	
inicial 2 714 2 417,6059,	
combinado 6 714 6 1003,1377,2981,6645,7019,8623,	
ajuste 4 714 4 413,528,6055,6170,	
necesario 9 714 9 411,605,1161,2085,4033,6053,6247,6803,7727,	
hepática 24 714 24 408,725,851,854,898,907,983,998,2801,3737,3855,3913,5198,5208,5218,6050,6367,6493,6496,6540,6549,6625,6640,8443,	
Insuficiencia 6 714 6 407,418,5164,5197,6049,6060,	
bajas) 2 714 2 406,6048,	
intracelulares 2 714 2 404,6046,	
concentraciones 3 714 3 403,4064,6045,	
(como 2 714 2 402,6044,	
medida 2 714 2 401,6043,	
provocar 4 714 4 399,1099,6041,6741,	
podría 4 714 4 398,1332,6040,6974,	
riesgos 2 714 2 396,6038,	
función 7 714 7 393,997,3912,5190,5217,6035,6639,	
caso 11 714 11 391,562,958,1033,1623,3934,6033,6204,6600,6675,7265,	
ratas 2 714 2 2536,8178,	
sopesarse 2 714 2 388,6030,	
deberán 4 714 4 387,464,6029,6106,	
- 1 714 1 5601,	
beneficios 2 714 2 381,6023,	
posibles 6 714 6 380,1833,3621,6022,7475,9263,	
Los 41 714 41 379,460,619,726,861,931,979,1303,1550,1775,1812,1900,2251,2286,2513,2722,3238,4098,4288,4395,4418,4833,4978,5227,6021,6102,6261,6368,6503,6573,6621,6945,7192,7417,7454,7542,7893,7928,8155,8364,8880,	
satisfactorio 2 714 2 378,6020,	
* 4 714 4 459,3208,6101,8850,	
sea 4 714 4 377,2083,6019,7725,	
viral 3 714 3 376,4017,6018,	
psiquiátricos 2 714 2 3192,8834,	
supresión 2 714 2 375,6017,	
mantenimiento 2 714 2 372,6014,	
monitorización 4 714 4 369,616,6011,6258,	
estén 4 714 4 367,688,6009,6330,	
hemodiálisis 5 714 5 463,472,3920,6105,6114,	
reducción 9 714 9 354,384,543,2735,4140,5996,6026,6185,8377,	
conveniente 2 714 2 349,5991,	
fuese 4 714 4 348,1160,5990,6802,	
habituales 2 714 2 342,5984,	
casos 25 714 25 340,902,1360,1679,1715,1724,2098,2221,2788,2817,2826,2959,3865,5982,6544,7002,7321,7357,7366,7740,7863,8430,8459,8468,8601,	
En 28 714 28 338,957,1031,1317,1693,2186,2345,2391,2586,2660,2697,3353,3537,4526,4628,5980,6599,6673,6959,7335,7828,7987,8033,8228,8302,8339,8995,9179,	
adecuado 2 714 2 337,5979,	
agente 1 714 1 3976,	
alternativo 2 714 2 334,5976,	
cambiar 2 714 2 327,5969,	
posibilidad 2 714 2 325,5967,	
considerarse 10 714 10 323,351,541,1024,1052,5965,5993,6183,6666,6694,	
debería 12 714 12 322,350,540,1051,1341,2075,5964,5992,6182,6693,6983,7717,	
copias/ml 2 714 2 4276,4383,	
hemoglobina 4 714 4 3339,3601,8981,9243,	
apartado 17 714 17 319,1470,2368,2417,2761,2811,2839,2992,5194,5961,7112,8010,8059,8403,8453,8481,8634,	
manos) 2 714 2 317,5959,	
significativa 3 714 3 3446,4776,9088,	
pies 4 714 4 314,634,5956,6276,	
dolor 10 714 10 311,631,738,1415,3130,5953,6273,6380,7057,8772,	
equilibrio 1 714 1 4648,	
(2%) 4 714 4 2323,3673,7965,9315,	
o 73 714 73 310,572,630,684,754,777,789,818,905,936,966,1027,1096,1103,1119,1267,1414,1419,1593,1604,1626,1791,1952,1988,2247,2326,2386,2650,2733,2820,2873,2975,3154,3494,3676,3783,5530,5561,5952,6214,6272,6326,6396,6419,6431,6460,6547,6578,6608,6669,6738,6745,6761,6909,7056,7061,7235,7246,7268,7433,7594,7630,7889,7968,8028,8292,8375,8462,8515,8617,8796,9136,9318,	
hormigueo 4 714 4 309,629,5951,6271,	
persistente 4 714 4 308,628,5950,6270,	
entumecimiento 4 714 4 307,627,5949,6269,	
magnesio 1 714 1 5422,	
proteínas 5 714 5 2040,2056,4794,7682,7698,	
generalmente 12 714 12 305,719,783,2724,2795,2969,5947,6361,6425,8366,8437,8611,	
(caracterizada 2 714 2 304,5946,	
periférica 21 714 21 303,366,587,594,623,1688,2659,2706,2907,3444,3907,5945,6008,6229,6236,6265,7330,8301,8348,8549,9086,	
Q151 1 714 1 4134,	
neuropatía 19 714 19 302,365,593,602,622,1687,2694,2705,3443,3906,5944,6007,6235,6244,6264,7329,8336,8347,9085,	
AI455-099 3 714 3 4207,4421,4440,	
nucleósido 7 714 7 1518,1544,1606,3960,7160,7186,7248,	
acontecimientos 8 714 8 950,1195,1552,1565,6592,6837,7194,7207,	
síntomas 28 714 28 300,363,620,676,728,732,748,755,809,1108,1627,2675,2729,3187,5942,6005,6262,6318,6370,6374,6390,6397,6451,6750,7269,8317,8371,8829,	
desarrollan 2 714 2 299,5941,	
Periférica 2 714 2 296,5938,	
Neuropatía 6 714 6 295,586,2658,5937,6228,8300,	
Ajuste 2 714 2 291,5933,	
aparece 2 714 2 784,6426,	
años 10 714 10 290,1435,3466,4305,4411,5120,5486,5932,7077,9108,	
astenia 2 714 2 3147,8789,	
65 4 714 4 289,1434,5931,7076,	
específicamente 4 714 4 284,1429,5926,7071,	
estudiado 5 714 5 283,1428,4188,5925,7070,	
Ancianos 4 714 4 278,1423,5920,7065,	
solución 2 714 2 276,5918,	
polvo 2 714 2 274,5916,	
tratadas 2 714 2 2147,7789,	
formulación 3 714 3 273,4524,5915,	
técnica 2 714 2 270,5912,	
Ficha 2 714 2 269,5911,	
consultar 4 714 4 267,970,5909,6612,	
indican 1 714 1 4838,	
secreta 2 714 2 1826,7468,	
menores 7 714 7 263,1437,1465,3803,5905,7079,7107,	
Lactantes 4 714 4 262,1436,5904,7078,	
Período 1 714 1 5482,	
alimentos 2 714 2 261,5903,	
contenido 5 714 5 258,2354,5510,5900,7996,	
mezclando 2 714 2 256,5898,	
cuidadosamente 4 714 4 252,2438,5894,8080,	
abriendo 2 714 2 251,5893,	
clínicamente 10 714 10 1311,1855,1984,2022,3445,6953,7497,7626,7664,9087,	
ligera 2 714 2 246,5888,	
comida 2 714 2 245,5887,	
inhibición 1 714 1 4050,	
activamente 4 714 4 1827,1841,7469,7483,	
posible 5 714 5 239,1634,4738,5881,7276,	
fuera 4 714 4 238,336,5880,5978,	
comidas) 2 714 2 234,5876,	
hora 4 714 4 230,477,5872,6119,	
decir 2 714 2 226,5868,	
(es 2 714 2 225,5867,	
vacío 2 714 2 224,5866,	
estómago 2 714 2 223,5865,	
administrarse 8 714 8 220,250,2076,2429,5862,5892,7718,8071,	
óptima 2 714 2 217,5859,	
absorción 2 714 2 216,5858,	
adultos 11 714 11 212,565,1821,3436,3884,4548,5099,5854,6207,7463,9078,	
GOT 2 714 2 3293,8935,	
Reconstitución 2 714 2 1067,6709,	
mg/kg 5 714 5 199,4592,4620,4627,5841,	
y/o 18 714 18 188,315,547,635,752,1142,1371,1539,4089,5351,5830,5957,6189,6277,6394,6784,7013,7181,	
randomizado 2 714 2 4212,4319,	
Edad 2 714 2 187,5829,	
meses 18 714 18 182,266,791,1120,1440,1468,3463,3558,3806,3837,5824,5908,6433,6762,7082,7110,9105,9200,	
activa 5 714 5 988,1885,4956,6630,7527,	
mayores 8 714 8 179,287,1432,3812,3869,5821,5929,7074,	
planteado 2 714 2 1208,6850,	
lactantes 18 714 18 178,1464,2537,3389,3591,3802,3811,3834,3868,4531,5076,5088,5124,5820,7106,8179,9031,9233,	
niños 10 714 10 176,1609,2512,3387,5074,5086,5818,7251,8154,9029,	
Adolescentes 5 714 5 175,3386,5073,5817,9028,	
40 4 714 4 169,4068,4633,5811,	
horas) 4 714 4 166,206,5808,5848,	
12 8 714 8 165,205,3888,4786,5121,5505,5807,5847,	
(cada 4 714 4 164,204,5806,5846,	
día 15 714 15 163,174,203,440,453,2211,4640,4932,5135,5805,5816,5845,6082,6095,7853,	
veces 24 714 24 161,172,201,438,451,1045,2209,3889,4069,4146,4219,4229,4327,4337,4638,4930,5387,5803,5814,5843,6080,6093,6687,7851,	
kg 12 714 12 157,168,197,208,434,447,5799,5810,5839,5850,6076,6089,	
60 8 714 8 156,167,433,446,5798,5809,6075,6088,	
depresión 2 714 2 3194,8836,	
experimentaron 2 714 2 2725,8367,	
< 20 714 20 155,195,432,2769,3016,3023,3029,3331,3344,4479,4483,5797,5837,6074,8411,8658,8665,8671,8973,8986,	
minuciosamente 2 714 2 1631,7273,	
Dosis 4 714 4 152,192,5794,5834,	
paciente 6 714 6 151,191,427,5793,5833,6069,	
Peso 6 714 6 149,189,425,5791,5831,6067,	
recomendada 7 714 7 147,185,210,3893,5789,5827,5852,	
dosis 37 714 37 146,184,209,294,357,386,416,423,546,555,2714,2738,3891,4585,4609,4614,4845,4877,4886,4893,4971,4987,4990,5041,5369,5788,5826,5851,5936,5999,6028,6058,6065,6188,6197,8356,8380,	
Adultos 5 714 5 144,2613,4573,5786,8255,	
4) 21 714 21 143,321,2370,2721,2763,2813,2841,2878,2954,2994,3791,5785,5963,8012,8363,8405,8455,8483,8520,8596,8636,	
(ver 28 714 28 139,318,1469,1545,2294,2367,2416,2715,2760,2810,2838,2991,3541,3787,5193,5781,5960,7111,7187,7936,8009,8058,8357,8402,8452,8480,8633,9183,	
infección 12 714 12 136,864,1367,1761,1928,2647,5778,6506,7009,7403,7570,8289,	
manejo 2 714 2 133,5775,	
experiencia 7 714 7 130,2087,2618,3882,5772,7729,8260,	
médico 4 714 4 128,1410,5770,7052,	
iniciarse 2 714 2 125,5767,	
debe 22 714 22 124,219,669,804,969,1023,1274,1402,1629,2428,2550,5766,5861,6311,6446,6611,6665,6916,7044,7271,8070,8192,	
El 21 714 21 122,794,1196,1271,2104,2215,3792,3821,3862,3914,4205,4312,4933,4997,5104,5764,6436,6838,6913,7746,7857,	
oral 9 714 9 121,277,4622,4757,4984,5049,5106,5763,5919,	
vía 6 714 6 120,494,499,5762,6136,6141,	
Por 11 714 11 119,1746,1887,1943,2547,3988,5761,7388,7529,7585,8189,	
x 4 714 4 3287,3296,8929,8938,	
administración 15 714 15 118,1753,3148,4533,4583,4712,4756,4763,4964,4983,5048,5146,5760,7395,8790,	
forma 4 714 4 116,1884,5758,7526,	
39±0 1 714 1 4770,	
Posología 2 714 2 114,5756,	
VIH 44 714 44 111,138,1081,1183,1370,1497,1534,1610,1658,1666,1697,1763,1931,2460,2498,2509,2649,2858,2900,2974,3795,3984,4081,4478,5753,5780,6723,6825,7012,7139,7176,7252,7300,7308,7339,7405,7573,8102,8140,8151,8291,8500,8542,8616,	
infectados 10 714 10 108,1079,1664,1695,2856,5750,6721,7306,7337,8498,	
pacientes 104 714 104 107,286,330,461,491,513,539,589,612,640,664,680,835,862,888,925,932,980,1022,1078,1182,1319,1365,1406,1431,1460,1663,1694,1739,1776,2723,2753,2773,2855,2899,2964,3060,3254,3313,3349,3383,3404,3457,3485,3514,3776,4242,4289,4350,4396,4473,4527,4557,4630,4676,5114,5188,5205,5215,5749,5928,5972,6103,6133,6155,6181,6231,6254,6282,6306,6322,6477,6504,6530,6567,6574,6622,6664,6720,6824,6961,7007,7048,7073,7102,7305,7336,7381,7418,8365,8395,8415,8497,8541,8606,8702,8896,8955,8991,9025,9046,9099,9127,9156,	
tratamiento 53 714 53 105,123,333,793,795,960,1001,1030,1056,1158,1265,1321,1375,1456,1483,1647,1758,1925,2132,2190,2234,2389,2979,3243,3647,3780,4086,4495,5747,5765,5975,6435,6437,6602,6643,6672,6698,6800,6907,6963,7017,7098,7125,7289,7400,7567,7774,7832,7876,8031,8621,8885,9289,	
antirretrovirales 7 714 7 102,942,1701,4194,5744,6584,7343,	
fármacos 4 714 4 101,2067,5743,7709,	
combinación 29 714 29 98,944,1353,1897,2380,2463,2630,2664,2780,3065,3223,3496,3523,4190,4223,4331,5740,6586,6995,7539,8022,8105,8272,8306,8422,8707,8865,9138,9165,	
indicado 2 714 2 96,5738,	
está 6 714 6 95,3003,4536,5647,5737,8645,	
Zerit 65 714 65 94,154,194,218,247,279,466,534,607,643,1058,1424,2073,2427,2449,2561,2598,2622,2666,2703,2782,3063,3257,3318,3352,3370,3385,3471,3492,3521,4185,4215,4323,4516,5186,5736,5796,5836,5860,5889,5921,6108,6176,6249,6285,6700,7066,7715,8069,8091,8203,8240,8264,8308,8345,8424,8705,8899,8960,8994,9012,9027,9113,9134,9163,	
terapéuticas 2 714 2 93,5735,	
Indicaciones 2 714 2 92,5734,	
	4 2 714 2 90,5732,	
CLÍNICOS 2 714 2 89,5731,	
+195 1 714 1 4465,	
DATOS 3 714 3 88,5408,5730,	
4 66 714 66 87,112,142,320,566,578,579,895,1315,1471,1473,1548,1800,2068,2297,2369,2562,2609,2717,2720,2762,2812,2840,2877,2953,2993,3477,3533,3544,3790,3878,4065,4273,4380,4563,5195,5488,5541,5729,5754,5784,5962,6208,6220,6221,6537,6957,7113,7190,7442,7710,7939,8011,8204,8251,8359,8362,8404,8454,8482,8519,8595,8635,9119,9175,9186,	
" 2 714 2 86,5728,	
""15"" 1 714 1 82,	
parte 3 714 3 80,4842,5722,	
marcadas 3 714 3 77,5453,5719,	
""1964"" 1 714 1 76,	
Frasco 1 714 1 5513,	
código 3 714 3 73,3965,5715,	
BMS 4 714 4 70,75,5712,5717,	
siglas 2 714 2 69,5711,	
fibroblastos 1 714 1 5316,	
indeseables 2 714 2 3248,8890,	
lleva 2 714 2 67,5709,	
óxido 1 714 1 5434,	
mamas 2 714 2 2920,8562,	
opaca 2 714 2 65,5707,	
amarilla 1 714 1 64,	
roja 1 714 1 62,	
análogo 1 714 1 3970,	
La 31 714 31 58,760,780,1166,1995,2086,2764,2883,2930,2995,3881,4039,4117,4788,4809,5008,5018,5077,5290,5554,5641,5702,6402,6422,6808,7637,7728,8406,8525,8572,8637,	
	"Cápsula 2 714 2 56,5700,	
FARMACÉUTICA 2 714 2 55,5699,	
FORMA 2 714 2 54,5698,	
3 21 714 21 53,181,265,567,1439,1467,3462,3805,3836,4385,4906,5141,5222,5481,5697,5823,5907,6209,7081,7109,9104,	
6 28 714 28 51,1453,2069,2182,2213,2608,3465,3476,3504,3557,4279,4783,5407,5475,5480,5487,5506,5548,5549,5695,7095,7711,7824,7855,9107,9118,9146,9199,	
207 2 714 2 3236,8878,	
sección 19 714 19 50,141,894,1314,1547,2296,2876,2952,3543,3789,5694,5783,6536,6956,7189,7938,8518,8594,9185,	
mostraron 3 714 3 2299,3760,7941,	
ver 2 714 2 49,5693,	
promedios 2 714 2 2252,7894,	
Excipientes 2 714 2 48,5692,	
completa 2 714 2 46,5690,	
lista 2 714 2 45,5689,	
Para 4 714 4 43,213,5687,5855,	
estavudina 114 714 114 42,359,503,507,571,923,1323,1355,1671,1742,1824,1861,1881,1899,1909,1949,1965,1987,1990,1996,2034,2197,2207,2236,2242,2311,2322,2342,2384,2410,2465,2520,2540,2593,2639,2831,3221,3420,3594,3661,3672,3692,3918,3942,3997,4053,4088,4107,4121,4152,4182,4535,4636,4698,4742,4778,4791,4810,4830,4899,4937,5012,5022,5061,5081,5151,5170,5203,5253,5271,5291,5402,5686,6001,6145,6149,6213,6565,6965,6997,7313,7384,7466,7503,7523,7541,7551,7591,7607,7629,7632,7638,7676,7839,7849,7878,7884,7953,7964,7984,8026,8052,8107,8162,8182,8235,8281,8473,8863,9062,9236,9303,9314,9334,	
contiene 5 714 5 38,1771,5463,5682,7413,	
	Cada 2 714 2 35,5679,	
CUANTITATIVA 2 714 2 34,5678,	
Y 2 714 2 33,5677,	
CUALITATIVA 2 714 2 32,5676,	
COMPOSICIÓN 2 714 2 31,5675,	
2 25 714 25 30,113,353,2718,3305,3468,3489,3518,4278,4570,4751,4873,4883,5016,5096,5139,5476,5485,5674,5755,8360,8947,9110,9131,9160,	
reclutados 2 714 2 2754,8396,	
dura 10 714 10 29,37,57,60,1770,5673,5681,5701,5704,7412,	
cápsula 12 714 12 28,36,59,254,1769,5418,5431,5672,5680,5703,5896,7411,	
mg 23 714 23 27,40,159,170,436,442,449,455,4217,4227,4235,4325,4335,4343,4634,5671,5684,5801,5812,6078,6084,6091,6097,	
15 7 714 7 26,39,435,441,5119,6077,6083,	
Precauciones 2 714 2 5489,5550,	
	Zerit 2 714 2 25,5669,	
MEDICAMENTO 3 714 3 24,3953,5668,	
DENOMINACIÓN 2 714 2 22,5666,	
1 23 714 23 21,52,91,198,2204,2274,2281,3306,3955,4261,4871,4881,5045,5102,5411,5665,5696,5733,5840,7846,7916,7923,8948,	
PRODUCTO 1 714 1 20,	
DEL 4 714 4 19,23,5637,5667,	
grupo 13 714 13 2308,2341,3316,3588,3659,3691,4031,7950,7983,8958,9230,9301,9333,	
CARACTERÍSTICAS 1 714 1 18,	
LAS 1 714 1 17,	
DE 9 714 9 16,3951,5575,5578,5596,5598,5605,5609,5634,	
Fue 2 714 2 3209,8851,	
RESUMEN 1 714 1 15,	
I 1 714 1 14,	
ANEXO 1 714 1 13,	
ocasiones 8 714 8 910,2372,2743,2793,6552,8014,8385,8435,	
información 6 714 6 10,973,2440,5642,6615,8082,	
Toda 1 714 1 8,	
91 2 714 2 3590,9232,	
medicamento 9 714 9 7,12,1062,1711,1799,5646,6704,7353,7441,	
Basica 1 714 1 5,	
células/mm3 2 714 2 4256,4364,	
	Información 1 714 1 4,	
CAPSULAS 1 714 1 3,	
abortos 2 714 2 2103,7745,	
30 7 714 7 2,158,196,207,5800,5838,5849,	
0625-0 1 714 1 4618,	
100MG 1 714 1 1,	
ZERIT 1 714 1 0,	
