	Prospectos 1 241 1 9617,	
duraci 1 241 1 9616,	
21 1 241 1 7627,	
400 1 241 1 7073,	
1000 2 241 2 6994,7014,	
11 1 241 1 3899,	
500 2 241 2 3513,3533,	
eu/ 2 241 2 3506,6987,	
europa 2 241 2 3505,6986,	
//www 2 241 2 3503,6984,	
http 2 241 2 3502,6983,	
(EMEA) 2 241 2 3501,6982,	
Medicamento 2 241 2 3500,6981,	
Europea 2 241 2 3498,6979,	
Agencia 2 241 2 3497,6978,	
web 2 241 2 3494,6975,	
disponible 2 241 2 3490,6971,	
detallada 2 241 2 3485,6966,	
TEXTO 2 241 2 3482,6963,	
REVISIÓN 2 241 2 3480,6961,	
2005 2 241 2 3475,6956,	
renovación 2 241 2 3470,6951,	
última 2 241 2 3469,6950,	
agosto 4 241 4 3463,3473,6944,6954,	
04 4 241 4 3461,3471,6942,6952,	
autorización 2 241 2 3460,6941,	
AUTORIZACIÓN/RENOVACIÓN 2 241 2 3452,6933,	
FECHA 4 241 4 3448,3477,6929,6958,	
EU/1/00/144/001 1 241 1 3446,	
NÚMERO(S) 2 241 2 3441,6922,	
Alemania 2 241 2 3439,6920,	
Leverkusen 2 241 2 3438,6919,	
D-51368 2 241 2 3437,6918,	
AG 2 241 2 3436,6917,	
HealthCare 2 241 2 3435,6916,	
	Bayer 2 241 2 3434,6915,	
COMERCIALIZACIÓN 4 241 4 3433,3445,6914,6926,	
AUTORIZACIÓN 6 241 6 3431,3443,3455,6912,6924,6936,	
LA 8 241 8 3430,3450,3454,3479,6911,6931,6935,6960,	
TITULAR 2 241 2 3428,6909,	
normativa 2 241 2 3425,6906,	
acuerdo 2 241 2 3422,6903,	
realizará 2 241 2 3420,6901,	
suministrada 2 241 2 3392,6873,	
desechable 2 241 2 3391,6872,	
transfiere 2 241 2 3386,6867,	
interior 2 241 2 3379,6860,	
turbidez 2 241 2 3376,6857,	
partículas 2 241 2 3374,6855,	
observan 2 241 2 3373,6854,	
agitar 2 241 2 3351,6832,	
Girar 2 241 2 3346,6827,	
asepsia 2 241 2 3345,6826,	
normas 2 241 2 3343,6824,	
prácticas 2 241 2 3337,6818,	
emea 2 241 2 3504,6985,	
buenas 2 241 2 3336,6817,	
procedimientos 2 241 2 3334,6815,	
estéril 6 241 6 3326,3390,3399,6807,6871,6880,	
transferencia 4 241 4 3325,3398,6806,6879,	
Mix2Vial 4 241 4 3322,3395,6803,6876,	
inyectables) 2 241 2 3317,6798,	
(2 2 241 2 3310,6791,	
suministrado 6 241 6 3309,3327,3400,6790,6808,6881,	
únicamente 2 241 2 3305,6786,	
preparación 2 241 2 3295,6776,	
instrucciones 2 241 2 3292,6773,	
incluido 2 241 2 3283,6764,	
prospecto 2 241 2 3282,6763,	
manipulaciones 2 241 2 3280,6761,	
alcohol 2 241 2 3267,6748,	
impregnadas 2 241 2 3265,6746,	
estériles 2 241 2 3264,6745,	
toallitas 2 241 2 3263,6744,	
jeringa 4 241 4 3253,3389,6734,6870,	
filtro 2 241 2 3245,6726,	
trasvasador 2 241 2 3243,6724,	
clorobutílico 2 241 2 3227,6708,	
aluminio) 4 241 4 3206,3235,6687,6716,	
cierre 4 241 4 3204,3233,6685,6714,	
látex 4 241 4 3202,3231,6683,6712,	
exento 4 241 4 3200,3229,6681,6710,	
contacto 2 241 2 3416,6897,	
gris 4 241 4 3199,3228,6680,6709,	
bromobutílico 2 241 2 3198,6679,	
mezcla 4 241 4 3195,3224,6676,6705,	
tapón 4 241 4 3193,3222,6674,6703,	
transparente 6 241 6 3188,3217,3366,6669,6698,6847,	
vidrio 4 241 4 3185,3214,6666,6695,	
(vial 4 241 4 3183,3212,6664,6693,	
· 6 241 6 3178,3207,3236,6659,6688,6717,	
Naturaleza 2 241 2 3167,6648,	
condiciones 2 241 2 3155,6636,	
disuelto 2 241 2 3356,6837,	
utilizada 2 241 2 3152,6633,	
Desechar 2 241 2 3148,6629,	
sola 2 241 2 3146,6627,	
contenido 4 241 4 3143,3169,6624,6650,	
refrigerar 2 241 2 3137,6618,	
parte 2 241 2 3131,6612,	
caducidad 2 241 2 3128,6609,	
fecha 2 241 2 3126,6607,	
nueva 2 241 2 3125,6606,	
anotarse 2 241 2 3123,6604,	
finalizar 2 241 2 3116,6597,	
máximo 2 241 2 3105,6586,	
25°C) 2 241 2 3101,6582,	
ambiente 2 241 2 3098,6579,	
temperatura 2 241 2 3097,6578,	
conservarse 2 241 2 3095,6576,	
envasado 2 241 2 3093,6574,	
200 1 241 1 3592,	
luz 2 241 2 3090,6571,	
protegerlos 2 241 2 3087,6568,	
exterior 4 241 4 3085,3135,6566,6616,	
embalaje 4 241 4 3084,3134,6565,6615,	
congelar 2 241 2 3078,6559,	
8°C) 2 241 2 3076,6557,	
(entre 2 241 2 3073,6554,	
nevera 2 241 2 3072,6553,	
Conservar 4 241 4 3070,3079,6551,6560,	
conservación 4 241 4 3069,3157,6550,6638,	
Precauciones 4 241 4 3066,3274,6547,6755,	
30ºC 2 241 2 3063,6544,	
48 2 241 2 3060,6541,	
física 2 241 2 3055,6536,	
química 2 241 2 3053,6534,	
meses 4 241 4 3037,3108,6518,6589,	
validez 2 241 2 3035,6516,	
equipos 2 241 2 3028,6509,	
interna 2 241 2 3025,6506,	
superficie 2 241 2 3024,6505,	
adsorción 2 241 2 3015,6496,	
fallos 2 241 2 3008,6489,	
suministra 2 241 2 3003,6484,	
equipo 8 241 8 3000,3248,3323,3396,6481,6729,6804,6877,	
EU/1/00/144/002 1 241 1 6927,	
ocasión 2 241 2 3147,6628,	
reconstitución 8 241 8 2996,3040,3329,3362,6477,6521,6810,6843,	
Sólo 2 241 2 2991,6472,	
disolventes 2 241 2 2990,6471,	
fármacos 2 241 2 2988,6469,	
mezclarse 2 241 2 2985,6466,	
Sacarosa 2 241 2 2972,6453,	
Polisorbato 2 241 2 2970,6451,	
Histidina 2 241 2 2969,6450,	
calcio 2 241 2 2968,6449,	
Cloruro 4 241 4 2963,2966,6444,6447,	
Lista 2 241 2 2958,6439,	
	6 2 241 2 2956,6437,	
FARMACÉUTICOS 2 241 2 2955,6436,	
precursor 2 241 2 2949,6430,	
compuesto 2 241 2 2948,6429,	
detectado 2 241 2 2938,6419,	
mutagénico 4 241 4 2929,2941,6410,6422,	
potencial 4 241 4 2928,2940,6409,6421,	
distintas 2 241 2 2918,6399,	
mamíferos 2 241 2 2917,6398,	
especies 2 241 2 2915,6396,	
heterólogas 2 241 2 2912,6393,	
inmune 2 241 2 2908,6389,	
carcinogénesis 2 241 2 2903,6384,	
crónica 2 241 2 2901,6382,	
toxicidad 4 241 4 2897,2900,6378,6381,	
repetida 2 241 2 2890,6371,	
perro) 2 241 2 2879,6360,	
conejo 2 241 2 2877,6358,	
rata 2 241 2 2876,6357,	
(ratón 2 241 2 2875,6356,	
subagudo 2 241 2 2867,6348,	
agudo 2 241 2 2865,6346,	
tóxico 2 241 2 2864,6345,	
evidenció 2 241 2 2861,6342,	
corporal) 2 241 2 2858,6339,	
relación 2 241 2 2855,6336,	
recomendada 2 241 2 2853,6334,	
veces 2 241 2 2847,6328,	
Incluso 2 241 2 2843,6324,	
seguridad 2 241 2 2842,6323,	
preclínicos 2 241 2 2840,6321,	
Datos 2 241 2 2839,6320,	
6-4 2 241 2 2834,6315,	
(intervalo 2 241 2 2832,6313,	
corresponde 2 241 2 2827,6308,	
188 2 241 2 2824,6305,	
Periodo 2 241 2 3033,6514,	
14 2 241 2 2812,6293,	
basal 2 241 2 2809,6290,	
160 2 241 2 2804,6285,	
22 3 241 3 2800,6281,8289,	
48)] 2 241 2 2799,6280,	
(0 2 241 2 2797,6278,	
[TMR 2 241 2 2796,6277,	
residencia 2 241 2 2795,6276,	
medio 4 241 4 2793,2810,6274,6291,	
carga 2 241 2 2788,6269,	
farmacocinéticos 2 241 2 2780,6261,	
parámetros 2 241 2 2779,6260,	
Otros 2 241 2 2778,6259,	
13 3 241 3 2775,4808,6256,	
semivida 2 241 2 2770,6251,	
suavemente 2 241 2 3347,6828,	
cuya 2 241 2 2769,6250,	
15 3 241 3 2753,5775,6234,	
terminal 4 241 4 2751,2771,6232,6252,	
desemivida 2 241 2 2750,6231,	
fases 2 241 2 2746,6227,	
exponencial 2 241 2 2743,6224,	
siguiendo 2 241 2 2740,6221,	
disminuye 2 241 2 2739,6220,	
Tras 6 241 6 2727,3038,3360,6208,6519,6841,	
similar 4 241 4 2714,2759,6195,6240,	
UI/Kg 2 241 2 2704,6185,	
incremento 2 241 2 2699,6180,	
registrados 4 241 4 2691,2718,6172,6199,	
análisis 2 241 2 2683,6164,	
farmacocinéticas 2 241 2 2681,6162,	
derivado 6 241 6 2675,2723,2766,6156,6204,6247,	
animales 2 241 2 2872,6353,	
obtenidos 2 241 2 2671,6152,	
similares 2 241 2 2668,6149,	
2000 2 241 2 3465,6946,	
observados 2 241 2 2660,6141,	
normalización 2 241 2 2657,6138,	
alargado 3 241 3 2645,6126,9607,	
debido 4 241 4 2904,3012,6385,6493,	
TTPa 5 241 5 2643,2659,6124,6140,9605,	
biológica 3 241 3 2638,6119,9600,	
convencional 3 241 3 2633,6114,9595,	
método 3 241 3 2628,6109,9590,	
(TTPa) 3 241 3 2625,6106,9587,	
activada 3 241 3 2624,6105,9586,	
parcial 3 241 3 2623,6104,9585,	
tromboplastina 3 241 3 2622,6103,9584,	
hemorrágica 3 241 3 2616,6097,9578,	
diatesis 3 241 3 2615,6096,9577,	
déficit 3 241 3 2608,6089,9570,	
temporal 3 241 3 2606,6087,9568,	
obteniéndose 3 241 3 2603,6084,9565,	
plasmáticos 3 241 3 2599,6080,9561,	
accidental 3 241 3 2589,6070,9551,	
traumatismo 3 241 3 2588,6069,9550,	
causa 3 241 3 2585,6066,9547,	
espontánea 3 241 3 2582,6063,9544,	
internos 3 241 3 2577,6058,9539,	
u 3 241 3 2575,6056,9537,	
músculos 3 241 3 2574,6055,9536,	
articulaciones 3 241 3 2573,6054,9535,	
profuso 3 241 3 2570,6051,9532,	
da 3 241 3 2565,6046,9527,	
reducidos 3 241 3 2559,6040,9521,	
sexo 3 241 3 2550,6031,9512,	
ligada 3 241 3 2548,6029,9510,	
sanguínea 3 241 3 2546,6027,9508,	
coágulo 3 241 3 2536,6017,9498,	
fibrinógeno 3 241 3 2531,6012,9493,	
Seguidamente 3 241 3 2526,6007,9488,	
trombina 6 241 6 2525,2528,6006,6009,9487,9490,	
protrombina 3 241 3 2523,6004,9485,	
venopunción 2 241 2 3250,6731,	
convierte 6 241 6 2521,2529,6002,6010,9483,9491,	
conversión 3 241 3 2509,5990,9471,	
corrección 3 241 3 2605,6086,9567,	
acelerando 3 241 3 2507,5988,9469,	
IX 3 241 3 2505,5986,9467,	
cofactor 3 241 3 2502,5983,9464,	
actúa 3 241 3 2500,5981,9462,	
circulación 3 241 3 2493,5974,9455,	
vWF 3 241 3 2489,5970,9451,	
une 3 241 3 2487,5968,9449,	
hemofílico 3 241 3 2482,5963,9444,	
perfunde 3 241 3 2478,5959,9440,	
fisiológicas 3 241 3 2474,5955,9436,	
funciones 3 241 3 2473,5954,9435,	
haya 2 241 2 3355,6836,	
vWF) 3 241 3 2471,5952,9433,	
(factor 3 241 3 2468,5949,9430,	
formado 3 241 3 2464,5945,9426,	
página 2 241 2 3493,6974,	
(vWF) 3 241 3 2462,5943,9424,	
VIII/factor 3 241 3 2458,5939,9420,	
D02 3 241 3 2453,5934,9415,	
B02B 3 241 3 2452,5933,9414,	
ATC 3 241 3 2451,5932,9413,	
código 3 241 3 2450,5931,9412,	
Grupo 3 241 3 2443,5924,9405,	
farmacodinámicas 3 241 3 2442,5923,9404,	
Propiedades 5 241 5 2441,2680,5922,6161,9403,	
	5 3 241 3 2439,5920,9401,	
ESTE 3 241 3 2437,5918,9399,	
FARMACOLÓGICAS 3 241 3 2435,5916,9397,	
PROPIEDADES 3 241 3 2434,5915,9396,	
" 3 241 3 2432,5913,9394,	
sobredosis 3 241 3 2422,5903,9384,	
síntomas 3 241 3 2420,5901,9382,	
notificado 3 241 3 2419,5900,9381,	
Sobredosis 3 241 3 2415,5896,9377,	
secciones 3 241 3 2407,5888,9369,	
(ver 3 241 3 2406,5887,9368,	
predisposición 3 241 3 2405,5886,9367,	
pequeñas 3 241 3 2393,5874,9355,	
ejemplo 3 241 3 2390,5871,9352,	
componentes 3 241 3 2385,5866,9347,	
alérgica 3 241 3 2382,5863,9344,	
posibilidad 3 241 3 2379,5860,9341,	
existe 3 241 3 2377,5858,9339,	
embargo 3 241 3 2376,5857,9338,	
Sin 3 241 3 2375,5856,9337,	
presentes 3 241 3 2371,5852,9333,	
mínimas 3 241 3 2364,5845,9326,	
repercusión 3 241 3 2358,5839,9320,	
ningún 7 241 7 2351,2862,2939,5832,6343,6420,9313,	
11% 3 241 3 2344,5825,9306,	
estudio 3 241 3 2341,5822,9303,	
inicio 3 241 3 2339,5820,9301,	
moléculas 3 241 3 2467,5948,9429,	
subgrupo 3 241 3 2328,5809,9290,	
desarrollado 3 241 3 2323,5804,9285,	
(PTPs) 3 241 3 2321,5802,9283,	
Incompatibilidades 2 241 2 2980,6461,	
2% 5 241 5 2315,2702,5796,6183,9277,	
000 3 241 3 2303,5784,9265,	
post-comercialización 3 241 3 2298,5779,9260,	
amplios 3 241 3 2296,5777,9258,	
hombre 2 241 2 2920,6401,	
cuatro 3 241 3 2292,5773,9254,	
de-novo 9 241 9 2287,2325,2347,5768,5806,5828,9249,9287,9309,	
observaron 3 241 3 2285,5766,9247,	
(PTPs 3 241 3 2269,5750,9231,	
73 3 241 3 2265,5746,9227,	
quinto 3 241 3 2254,5735,9216,	
desarrolló 6 241 6 2248,2353,5729,5834,9210,9315,	
posterior 3 241 3 2240,5721,9202,	
seguimiento 9 241 9 2239,2260,2290,5720,5741,5771,9201,9222,9252,	
posteriormente 3 241 3 2236,5717,9198,	
final 3 241 3 2231,5712,9193,	
alcanzaron 6 241 6 2224,2235,5705,5716,9186,9197,	
Cuatro 3 241 3 2218,5699,9180,	
4-478 3 241 3 2216,5697,9178,	
114 3 241 3 2214,5695,9176,	
días) 6 241 6 2200,2217,5681,5698,9162,9179,	
3-18 3 241 3 2199,5680,9161,	
(rango 6 241 6 2198,2215,5679,5696,9160,9177,	
9 8 241 8 2196,2414,3447,5677,5895,6928,9158,9376,	
detección 3 241 3 2188,5669,9150,	
mediana 6 241 6 2180,2202,5661,5683,9142,9164,	
(5%) 3 241 3 2168,5649,9130,	
superior 5 241 5 2159,3132,5640,6613,9121,	
presentaron 3 241 3 2156,5637,9118,	
(10%) 3 241 3 2155,5636,9117,	
desarrollaron 6 241 6 2148,2345,5629,5826,9110,9307,	
MTPs 3 241 3 2142,5623,9104,	
(14%) 3 241 3 2136,5617,9098,	
PUPs 3 241 3 2135,5616,9097,	
Cinco 3 241 3 2130,5611,9092,	
tratamiento) 6 241 6 2129,2282,5610,5763,9091,9244,	
definidos 6 241 6 2117,2270,5598,5751,9079,9232,	
(MTPs 3 241 3 2116,5597,9078,	
mínimamente 3 241 3 2113,5594,9075,	
23 6 241 6 2111,2141,5592,5622,9073,9103,	
(PUPs) 3 241 3 2109,5590,9071,	
C 3 241 3 2563,6044,9525,	
hemorrágicos 3 241 3 2102,5583,9064,	
meses; 2 241 2 3121,6602,	
episodios 3 241 3 2101,5582,9063,	
ensayos 12 241 12 2095,2210,2262,2350,5576,5691,5743,5831,9057,9172,9224,9312,	
utilizado 5 241 5 2093,3406,5574,6887,9055,	
PRIMERA 2 241 2 3451,6932,	
apropiados 3 241 3 2081,5562,9043,	
clínicos 12 241 12 2080,2096,2211,2263,5561,5577,5692,5744,9042,9058,9173,9225,	
exámenes 3 241 3 2079,5560,9041,	
monitorización 3 241 3 2072,5553,9034,	
someterse 3 241 3 2069,5550,9031,	
motivo 3 241 3 2065,5546,9027,	
previamente 17 241 17 2062,2108,2115,2268,2320,2695,5543,5589,5596,5749,5801,6176,9024,9070,9077,9230,9282,	
principalmente 3 241 3 2056,5537,9018,	
observó 6 241 6 2055,2310,5536,5791,9017,9272,	
Prurito 3 241 3 2020,5501,8982,	
tejido 3 241 3 2018,5499,8980,	
piel 3 241 3 2015,5496,8977,	
Mareo 3 241 3 2011,5492,8973,	
nervioso 3 241 3 2010,5491,8972,	
hereditaria 3 241 3 2547,6028,9509,	
arterial 3 241 3 2006,5487,8968,	
Alteración 3 241 3 2002,5483,8964,	
Investigaciones 3 241 3 2001,5482,8963,	
alérgica/anafiláctica 3 241 3 2000,5481,8962,	
inmunológico 3 241 3 1998,5479,8960,	
local 5 241 5 1984,3426,5465,6907,8946,	
determinación 3 241 3 2618,6099,9580,	
Reacción 6 241 6 1983,1999,5464,5480,8945,8961,	
lugar 9 241 9 1982,1987,2566,5463,5468,6047,8944,8949,9528,	
alteraciones 3 241 3 1979,5460,8941,	
generales 3 241 3 1977,5458,8939,	
Disgeusia 3 241 3 1975,5456,8937,	
gastrointestinales 3 241 3 1974,5455,8936,	
linfático 3 241 3 1968,5449,8930,	
sangre 3 241 3 1964,5445,8926,	
Trastornos 18 241 18 1961,1973,1976,1995,2007,2012,5442,5454,5457,5476,5488,5493,8923,8935,8938,8957,8969,8974,	
preferente 3 241 3 1958,5439,8920,	
Término 3 241 3 1957,5438,8919,	
MedDRA 6 241 6 1956,1960,5437,5441,8918,8922,	
sistema 12 241 12 1955,1967,1997,2009,5436,5448,5478,5490,8917,8929,8959,8971,	
órganos 6 241 6 1953,2576,5434,6057,8915,9538,	
Clasificación 3 241 3 1951,5432,8913,	
excepcionales 3 241 3 1943,5424,8905,	
moderados 3 241 3 1940,5421,8902,	
leves 3 241 3 1938,5419,8900,	
efectos 3 241 3 1935,5416,8897,	
Después 3 241 3 1925,5406,8887,	
nula 3 241 3 1920,5401,8882,	
influencia 3 241 3 1907,5388,8869,	
máquinas 6 241 6 1905,1918,5386,5399,8867,8880,	
fibrina 3 241 3 2533,6014,9495,	
utilizar 8 241 8 1904,1917,3368,5385,5398,6849,8866,8879,	
conducir 6 241 6 1902,1915,5383,5396,8864,8877,	
capacidad 6 241 6 1900,1913,5381,5394,8862,8875,	
Efectos 3 241 3 1897,5378,8859,	
7 5 241 5 1896,3427,5377,6908,8858,	
estrictamente 3 241 3 1893,5374,8855,	
utilizará 3 241 3 1887,5368,8849,	
sólo 3 241 3 1885,5366,8847,	
periodo 7 241 7 1878,3104,3118,5359,6585,6599,8840,	
embarazo 3 241 3 1875,5356,8837,	
dispone 3 241 3 1864,5345,8826,	
mujeres 3 241 3 1861,5342,8823,	
excepcional 3 241 3 1859,5340,8821,	
animal 3 241 3 1849,5330,8811,	
reproducción 5 241 5 1848,2899,5329,6380,8810,	
estudios 13 241 13 1846,2043,2297,2886,2925,5327,5524,5778,6367,6406,8808,9005,9259,	
cabo 5 241 5 1845,2885,5326,6366,8807,	
llevado 5 241 5 1843,2883,5324,6364,8805,	
lactancia 6 241 6 1839,1880,5320,5361,8801,8842,	
Embarazo 3 241 3 1837,5318,8799,	
interacciones 3 241 3 1827,5308,8789,	
conocen 3 241 3 1826,5307,8788,	
interacción 3 241 3 1823,5304,8785,	
formas 3 241 3 1821,5302,8783,	
Interacción 3 241 3 1814,5295,8776,	
sodio"" 3 241 3 1811,5292,8773,	
""exento 3 241 3 1809,5290,8771,	
esencialmente 3 241 3 1808,5289,8770,	
mg) 3 241 3 1803,5284,8765,	
(23 3 241 3 1802,5283,8764,	
consiguiente 3 241 3 1882,5363,8844,	
sodio 5 241 5 1801,2965,5282,6446,8763,	
mmol 3 241 3 1799,5280,8761,	
lote 3 241 3 1792,5273,8754,	
constancia 3 241 3 1782,5263,8744,	
deje 3 241 3 1781,5262,8743,	
administre 3 241 3 1777,5258,8739,	
les 3 241 3 1776,5257,8738,	
vez 7 241 7 1773,3139,3381,5254,6620,6862,8735,	
viales 2 241 2 3081,6562,	
beneficio 3 241 3 1761,5242,8723,	
prolongada 3 241 3 1749,5230,8711,	
adversas 6 241 6 1728,1924,5209,5405,8690,8886,	
Reacciones 6 241 6 1727,1923,5208,5404,8689,8885,	
Ver 3 241 3 1721,5202,8683,	
adecuadas 3 241 3 1714,5195,8676,	
laboratorio 8 241 8 1713,2077,2874,5194,5558,6355,8675,9039,	
cuidadosamente 3 241 3 1706,5187,8668,	
controlados 3 241 3 1705,5186,8667,	
habían 3 241 3 2322,5803,9284,	
tratados 26 241 26 1694,2061,2107,2114,2144,2267,2305,2319,2694,5175,5542,5588,5595,5625,5748,5786,5800,6175,8656,9023,9069,9076,9106,9229,9267,9281,	
antecedentes 3 241 3 1687,5168,8649,	
previo 3 241 3 1676,5157,8638,	
Factor 6 241 6 1664,2445,5145,5926,8626,9407,	
cambiar 3 241 3 1661,5142,8623,	
bajo) 3 241 3 1658,5139,8620,	
título 12 241 12 1657,2158,2170,2251,5138,5639,5651,5732,8619,9120,9132,9213,	
(con 3 241 3 1656,5137,8618,	
recurrentes 3 241 3 1653,5134,8615,	
observado 8 241 8 1651,1934,2761,5132,5415,6242,8613,8896,	
forman 3 241 3 1640,5121,8602,	
raramente 3 241 3 1638,5119,8600,	
primeros 6 241 6 1631,1644,5112,5125,8593,8606,	
genéticos 3 241 3 1622,5103,8584,	
factores 3 241 3 1621,5102,8583,	
antihemofílico 3 241 3 1618,5099,8580,	
modificadas 3 241 3 1599,5080,8561,	
cuantifican 3 241 3 1592,5073,8554,	
procoagulante 3 241 3 1586,5067,8548,	
dirigidas 3 241 3 1582,5063,8544,	
IgG 3 241 3 1581,5062,8543,	
inmunoglobulinas 3 241 3 1580,5061,8542,	
exclusivamente 3 241 3 1579,5060,8541,	
complicación 6 241 6 1566,2032,5047,5513,8528,8994,	
(inhibidores) 6 241 6 1563,2029,5044,5510,8525,8991,	
neutralizantes 6 241 6 1559,2025,5040,5506,8521,8987,	
anticuerpos 9 241 9 1558,2024,2356,5039,5505,5837,8520,8986,9318,	
formación 9 241 9 1556,2022,2085,5037,5503,5566,8518,8984,9047,	
habituales 3 241 3 1551,5032,8513,	
médicas 3 241 3 1550,5031,8512,	
pautas 3 241 3 1549,5030,8511,	
seguirán 3 241 3 1547,5028,8509,	
shock 3 241 3 1545,5026,8507,	
contactar 3 241 3 1538,5019,8500,	
inyección 6 241 6 1530,1994,5011,5475,8492,8956,	
inmediatamente 5 241 5 1528,3045,5009,6526,8490,	
interrumpirá 3 241 3 1527,5008,8489,	
produjera 3 241 3 1522,5003,8484,	
sintomático 3 241 3 1519,5000,8481,	
incluyendo 3 241 3 1516,4997,8478,	
instituir 3 241 3 1511,4992,8473,	
sea 9 241 9 1507,1770,2579,4988,5251,6060,8469,8732,9541,	
Cuando 6 241 6 1506,2476,4987,5957,8468,9438,	
anafiláctica 6 241 6 1505,1525,4986,5006,8467,8487,	
reacción 9 241 9 1504,1524,2381,4985,5005,5862,8466,8486,9343,	
precoces 3 241 3 1500,4981,8462,	
signos 3 241 3 1499,4980,8461,	
náusea 3 241 3 1493,4974,8455,	
hipotensión 3 241 3 1490,4971,8452,	
torácica 3 241 3 1488,4969,8450,	
opresión 3 241 3 1487,4968,8449,	
aparición 3 241 3 1485,4966,8447,	
Los 9 241 9 1476,1636,1692,4957,5117,5173,8438,8598,8654,	
alérgico 3 241 3 1475,4956,8437,	
tipo 7 241 7 1474,3186,3215,4955,6667,6696,8436,	
leve 3 241 3 1491,4972,8453,	
reacciones 3 241 3 1470,4951,8432,	
produzcan 3 241 3 1469,4950,8431,	
posible 9 241 9 1466,1484,1771,4947,4965,5252,8428,8446,8733,	
proteico 3 241 3 1461,4942,8423,	
especiales 7 241 7 1453,3067,3275,4934,6548,6756,8415,	
Advertencias 3 241 3 1450,4931,8412,	
ratón 9 241 9 1439,2368,2398,4920,5849,5879,8401,9330,9360,	
proteínas 5 241 5 1437,2911,4918,6392,8399,	
activo 3 241 3 1434,4915,8396,	
principio 3 241 3 1433,4914,8395,	
conocida 9 241 9 1431,1567,2033,4912,5048,5514,8393,8529,8995,	
Hipersensibilidad 3 241 3 1430,4911,8392,	
Contraindicaciones 3 241 3 1429,4910,8391,	
perfusión/nivel 3 241 3 1423,4904,8385,	
ecuación 3 241 3 1418,4899,8380,	
post-cirugía 3 241 3 1413,4894,8375,	
real 6 241 6 1406,1426,4887,4907,8368,8388,	
velocidades 3 241 3 1394,4875,8356,	
Las 3 241 3 1393,4874,8355,	
tisular 3 241 3 1388,4869,8350,	
daño 3 241 3 1387,4868,8349,	
importantes 3 241 3 1382,4863,8344,	
acelerado 3 241 3 1379,4860,8341,	
Puede 3 241 3 1368,4849,8330,	
56 3 241 3 1367,4848,8329,	
125 3 241 3 1365,4846,8327,	
25 3 241 3 1363,4844,8325,	
FVIIIr 3 241 3 1355,4836,8317,	
ml/h/kg 3 241 3 1354,4835,8316,	
Concentraciones 3 241 3 1348,4829,8310,	
ml/h 7 241 7 1346,2805,2825,4827,6286,6306,8308,	
IU/h/kg 3 241 3 1345,4826,8307,	
plasmático 3 241 3 1329,4810,8291,	
(UI/ml) 3 241 3 1326,4807,8288,	
corporal/concentración 3 241 3 1322,4803,8284,	
infusión 3 241 3 1314,4795,8276,	
multiplicar 3 241 3 1310,4791,8272,	
ml/hora 3 241 3 1309,4790,8271,	
100% 3 241 3 1303,4784,8265,	
obtener 3 241 3 1297,4778,8259,	
UI/Kg/h 6 241 6 1295,1316,4776,4797,8257,8278,	
debería 3 241 3 1291,4772,8253,	
ml/Kg/h 5 241 5 1285,2831,4766,6312,8247,	
Kg 9 241 9 1279,1319,1343,4760,4800,4824,8241,8281,8305,	
75 6 241 6 1278,1342,4759,4823,8240,8304,	
Ejemplo 3 241 3 1273,4754,8235,	
FVIII 15 241 15 1272,1301,1344,1405,1425,4753,4782,4825,4886,4906,8234,8263,8306,8367,8387,	
calcularse 6 241 6 1262,1399,4743,4880,8224,8361,	
ml/min) 3 241 3 1249,4730,8211,	
máxima 5 241 5 1245,2735,4726,6216,8207,	
producirse 2 241 2 3007,6488,	
(velocidad 3 241 3 1244,4725,8206,	
bienestar 3 241 3 1241,4722,8203,	
grado 6 241 6 1239,2652,4720,6133,8201,9614,	
determinará 3 241 3 1235,4716,8197,	
minutos 3 241 3 1229,4710,8191,	
intravenosa 9 241 9 1226,1464,1748,4707,4945,5229,8188,8426,8710,	
vía 3 241 3 1225,4706,8187,	
preparado 3 241 3 1211,4692,8173,	
aproximadamente; 2 241 2 2802,6283,	
Disolver 3 241 3 1209,4690,8171,	
dichos 3 241 3 2087,5568,9049,	
presión 3 241 3 2005,5486,8967,	
Administración 3 241 3 1208,4689,8170,	
hemofílicos 9 241 9 1207,2059,2650,4688,5540,6131,8169,9021,9612,	
médicos 3 241 3 1199,4680,8161,	
general 3 241 3 2151,5632,9113,	
dirigidos 3 241 3 1197,4678,8159,	
tratamientos 3 241 3 1194,4675,8156,	
Estos 6 241 6 1193,1576,4674,5057,8155,8538,	
(rFVIIa) 3 241 3 1192,4673,8154,	
activado 15 241 15 1190,2499,2506,2516,2520,4671,5980,5987,5997,6001,8152,9461,9468,9478,9482,	
formándose 3 241 3 2534,6015,9496,	
preparados 6 241 6 1186,2045,4667,5526,8148,9007,	
(CCPa) 3 241 3 1183,4664,8145,	
perdió 3 241 3 2257,5738,9219,	
(activado) 3 241 3 1182,4663,8144,	
protrombínico 3 241 3 1181,4662,8143,	
complejo 6 241 6 1180,2455,4661,5936,8142,9417,	
concentrado 3 241 3 1178,4659,8140,	
utilización 3 241 3 1176,4657,8138,	
considerarse 3 241 3 1174,4655,8136,	
alta 3 241 3 1172,4653,8134,	
anamnésica 3 241 3 1171,4652,8133,	
U 9 241 9 1165,2162,2174,4646,5643,5655,8127,9124,9136,	
títulos 6 241 6 1159,2354,4640,5835,8121,9316,	
observen 3 241 3 1155,4636,8117,	
valores 7 241 7 1145,2686,2717,4626,6167,6198,8107,	
ajustarse 3 241 3 1137,4618,8099,	
variables 3 241 3 1134,4615,8096,	
son 10 241 10 1133,1578,2667,2791,4614,5059,6148,6272,8095,8540,	
obstante 5 241 5 1124,3050,4605,6531,8086,	
No 22 241 22 1123,1824,1840,2416,2880,2921,3077,3136,3367,4604,5305,5321,5897,6361,6402,6558,6617,6848,8085,8786,8802,9378,	
eficaz 3 241 3 1119,4600,8081,	
clinicamente 3 241 3 1118,4599,8080,	
continuado 3 241 3 1117,4598,8079,	
permitir 3 241 3 1114,4595,8076,	
neutralizarlo 3 241 3 1112,4593,8074,	
adicional 5 241 5 1102,3239,4583,6720,8064,	
) 6 241 6 1097,1598,4578,5079,8059,8560,	
B 15 241 15 1096,1166,1597,2163,2175,4577,4647,5078,5644,5656,8058,8128,8559,9125,9137,	
(U 6 241 6 1095,1596,4576,5077,8057,8558,	
Bethesda 6 241 6 1094,1595,4575,5076,8056,8557,	
10 18 241 18 1092,1164,2161,2173,3190,3219,3476,4573,4645,5642,5654,6671,6700,6957,8054,8126,9123,9135,	
inferiores 3 241 3 1090,4571,8052,	
inhibidor 6 241 6 1085,1129,4566,4610,8047,8091,	
alteración 3 241 3 2542,6023,9504,	
presencia 12 241 12 1077,1126,1718,2556,4558,4607,5199,6037,8039,8088,8680,9518,	
media 2 241 2 2772,6253,	
adversos 3 241 3 1936,5417,8898,	
prueba 3 241 3 1073,4554,8035,	
realizarse 5 241 5 1071,3331,4552,6812,8033,	
adecuada 3 241 3 1069,4550,8031,	
controla 3 241 3 1063,4544,8025,	
esperados 3 241 3 1058,4539,8020,	
alcanzan 3 241 3 1049,4530,8011,	
Si 9 241 9 1046,1083,1520,4527,4564,5001,8008,8045,8482,	
desarrollo 12 241 12 1040,1607,1689,2051,4521,5088,5170,5532,8002,8569,8651,9013,	
controlarse 3 241 3 1035,4516,7997,	
Debe 3 241 3 1034,4515,7996,	
Pacientes 3 241 3 1031,4512,7993,	
años 6 241 6 1030,2293,4511,5774,7992,9255,	
menores 3 241 3 1027,4508,7989,	
niños 3 241 3 1026,4507,7988,	
61 3 241 3 1025,4506,7987,	
datos 3 241 3 1023,4504,7985,	
obtenido 3 241 3 1022,4503,7984,	
Se 8 241 8 1020,1649,3046,4501,5130,6527,7982,8611,	
mayores 3 241 3 1019,4500,7981,	
corto 3 241 3 1016,4497,7978,	
intervalo 3 241 3 1012,4493,7974,	
necesario 6 241 6 1010,1508,4491,4989,7972,8470,	
jóvenes 3 241 3 1007,4488,7969,	
casos 12 241 12 1001,1652,1890,1942,4482,5133,5371,5423,7963,8614,8852,8904,	
intervalos 3 241 3 993,4474,7955,	
deben 18 241 18 976,1136,1478,1537,1703,2068,4457,4617,4959,5018,5184,5549,7938,8098,8440,8499,8665,9030,	
programada 3 241 3 966,4447,7928,	
cuenta 3 241 3 956,4437,7918,	
tenerse 3 241 3 954,4435,7916,	
aspecto 3 241 3 952,4433,7914,	
Inhibición 3 241 3 1969,5450,8931,	
materiales 5 241 5 948,3411,4429,6892,7910,	
(DEHF) 3 241 3 945,4426,7907,	
ftalato 3 241 3 944,4425,7906,	
informados 3 241 3 1480,4961,8442,	
(2-etilhexil) 3 241 3 943,4424,7905,	
di- 3 241 3 942,4423,7904,	
extracción 3 241 3 940,4421,7902,	
tasa 3 241 3 938,4419,7900,	
incrementa 3 241 3 936,4417,7898,	
excipiente 3 241 3 930,4411,7892,	
polisorbato 3 241 3 927,4408,7889,	
subcutáneo 3 241 3 2019,5500,8981,	
PVC 6 241 6 919,950,4400,4431,7881,7912,	
ambulatorias 3 241 3 914,4395,7876,	
bombas 3 241 3 913,4394,7875,	
empleando 3 241 3 912,4393,7874,	
demostrada 3 241 3 911,4392,7873,	
vitro 8 241 8 904,2632,2946,4385,6113,6427,7866,9594,	
estabilidad 5 241 5 900,3052,4381,6533,7862,	
UI/ml) 6 241 6 898,1359,4379,4840,7860,8321,	
ml/h/Kg) 3 241 3 890,4371,7852,	
Aclaramiento 6 241 6 888,1347,4369,4828,7850,8309,	
UI/Kg/h) 3 241 3 886,4367,7848,	
nombre 3 241 3 1784,5265,8746,	
Velocidad 9 241 9 882,1330,1332,4363,4811,4813,7844,8292,8294,	
ajustar 3 241 3 877,4358,7839,	
ml/Kg/h) 5 241 5 874,2836,4355,6317,7836,	
0-3 3 241 3 872,4353,7834,	
(3 3 241 3 871,4352,7833,	
farmacoterapéutico 3 241 3 2444,5925,9406,	
promedio 7 241 7 870,2700,2749,4351,6181,6230,7832,	
correlacionado 3 241 3 1611,5092,8573,	
empezar 3 241 3 866,4347,7828,	
previa 3 241 3 860,4341,7822,	
eliminación 7 241 7 859,3277,3402,4340,6758,6883,7821,	
curva 5 241 5 857,2742,4338,6223,7819,	
realizando 3 241 3 855,4336,7817,	
caduca 2 241 2 3114,6595,	
obtenerse 3 241 3 854,4335,7816,	
aclaramiento 22 241 22 852,1266,1282,1378,1408,1419,2803,2808,4333,4747,4763,4859,4889,4900,6284,6289,7814,8228,8244,8340,8370,8381,	
velocidad 21 241 21 847,1231,1258,1287,1312,1372,1421,4328,4712,4739,4768,4793,4853,4902,7809,8193,8220,8249,8274,8334,8383,	
zona 6 241 6 839,1757,4320,5238,7801,8719,	
tromboflebitis 6 241 6 836,1754,4317,5235,7798,8716,	
prevenir 9 241 9 834,968,1752,4315,4449,5233,7796,7930,8714,	
heparina 6 241 6 832,1750,4313,5231,7794,8712,	
utilizó 6 241 6 831,1743,4312,5224,7793,8705,	
reservorio 3 241 3 917,4398,7879,	
larga 3 241 3 828,4309,7790,	
intravenosas 3 241 3 826,4307,7788,	
perfusiones 3 241 3 825,4306,7787,	
operación) 3 241 3 818,4299,7780,	
después 12 241 12 815,876,1641,1659,4296,4357,5122,5140,7777,7838,8603,8621,	
(antes 3 241 3 812,4293,7774,	
quirúrgicas 6 241 6 811,1392,4292,4873,7773,8354,	
continua 17 241 17 808,908,962,1256,1739,2821,4289,4389,4443,4737,5220,6302,7770,7870,7924,8218,8701,	
utilizarse 7 241 7 805,2993,3044,4286,6474,6525,7767,	
Helixate 70 241 70 802,920,985,1121,1220,1250,1778,1829,1851,1871,1883,1909,1930,2089,2146,2307,2665,2709,2731,2782,2869,2931,2951,3175,3288,3301,3369,4283,4401,4466,4602,4701,4731,5259,5310,5332,5352,5364,5390,5411,5570,5627,5788,6146,6190,6212,6263,6350,6412,6432,6656,6769,6782,6850,7764,7882,7947,8083,8182,8212,8740,8791,8813,8833,8845,8871,8892,9051,9108,9269,	
demostrado 7 241 7 800,2697,3048,4281,6178,6529,7762,	
sometidos 5 241 5 794,2815,4275,6296,7756,	
adultos 5 241 5 790,2814,4271,6295,7752,	
realizado 5 241 5 787,2924,4268,6405,7749,	
semividas 3 241 3 781,4262,7743,	
presentar 3 241 3 780,4261,7742,	
in 15 241 15 777,903,2631,2689,2942,2945,4258,4384,6112,6170,6423,6426,7739,7865,9593,	
recuperación 5 241 5 776,2688,4257,6169,7738,	
distintos 3 241 3 773,4254,7735,	
alcanzar 3 241 3 772,4253,7734,	
variar 3 241 3 770,4251,7732,	
plasmático) 3 241 3 758,4239,7720,	
pruebas 9 241 9 750,1711,2075,4231,5192,5556,7712,8673,9037,	
Por 6 241 6 1881,2063,5362,5544,8843,9025,	
sustitución 6 241 6 748,2595,4229,6076,7710,9557,	
precisión 3 241 3 744,4225,7706,	
indispensable 3 241 3 741,4222,7703,	
mayor 14 241 14 739,797,1371,1628,2818,4220,4278,4852,5109,6299,7701,7759,8333,8590,	
cirugía 14 241 14 738,796,863,1741,2817,4219,4277,4344,5222,6298,7700,7758,7825,8703,	
intervenciones 9 241 9 736,810,1391,4217,4291,4872,7698,7772,8353,	
especial 5 241 5 733,3339,4214,6820,7695,	
repetir 3 241 3 727,4208,7689,	
administrar 3 241 3 718,4199,7680,	
indica 3 241 3 1214,4695,8176,	
recomienda 6 241 6 706,1766,4187,5247,7668,8728,	
Durante 6 241 6 702,2348,4183,5829,7664,9310,	
inicial 9 241 9 701,850,1290,4182,4331,4771,7663,7812,8252,	
especialmente 6 241 6 694,1002,4175,4483,7656,7964,	
calculadas 3 241 3 693,4174,7655,	
superiores 8 241 8 690,1162,2848,4171,4643,6329,7652,8124,	
cantidades 9 241 9 689,2363,2394,4170,5844,5875,7651,9325,9356,	
requerirse 6 241 6 688,1369,4169,4850,7650,8331,	
circunstancias 3 241 3 686,4167,7648,	
determinadas 3 241 3 685,4166,7647,	
clínica 17 241 17 679,901,1141,1709,2359,2852,4160,4382,4622,5190,5840,6333,7641,7863,8103,8671,9321,	
respuesta 14 241 14 678,760,1140,1170,2907,4159,4241,4621,4651,6388,7640,7722,8102,8132,	
adaptar 3 241 3 675,4156,7637,	
frecuencia 6 241 6 669,721,4150,4202,7631,7683,	
bolo 3 241 3 664,4145,7626,	
Como 6 241 6 661,1456,4142,4937,7623,8418,	
recalculada 3 241 3 1409,4890,8371,	
a) 3 241 3 660,4141,7622,	
80 8 241 8 657,928,2971,4138,4409,6452,7619,7890,	
Mayor 3 241 3 656,4137,7618,	
dentales 3 241 3 655,4136,7617,	
extracciones 3 241 3 654,4135,7616,	
Incluyendo 3 241 3 653,4134,7615,	
Menor 3 241 3 652,4133,7614,	
día 6 241 6 650,1412,4131,4893,7612,8374,	
Cada 5 241 5 644,3172,4125,6653,7606,	
Cirugía 3 241 3 640,4121,7602,	
primera 2 241 2 3459,6940,	
grave 6 241 6 639,975,4120,4456,7601,7937,	
hipersensibilidad 9 241 9 1472,1502,1515,4953,4983,4996,8434,8464,8477,	
(actividad 3 241 3 754,4235,7716,	
desaparezca 3 241 3 637,4118,7599,	
vivo 7 241 7 778,2690,2943,4259,6171,6424,7740,	
garganta 3 241 3 635,4116,7597,	
intracraneal 3 241 3 628,4109,7590,	
8 11 241 11 623,1726,1922,3440,4104,5207,5403,6921,7585,8688,8884,	
vital 3 241 3 615,4096,7577,	
riesgo 12 241 12 614,634,1605,1627,4095,4115,5086,5108,7576,7596,8567,8589,	
Sangrados 3 241 3 612,4093,7574,	
hayan 5 241 5 611,3413,4092,6894,7573,	
discapacidad 3 241 3 609,4090,7571,	
dolor 3 241 3 607,4088,7569,	
hematoma 3 241 3 605,4086,7567,	
días 36 241 36 601,998,1633,1646,1681,2125,2183,2197,2205,2227,2278,2335,4082,4479,5114,5127,5162,5606,5664,5678,5686,5708,5759,5816,7563,7960,8595,8608,8643,9087,9145,9159,9167,9189,9240,9297,	
durante 31 241 31 597,813,905,1227,1380,1390,1494,1873,2291,3059,3102,4078,4294,4386,4708,4861,4871,4975,5354,5772,6540,6583,7559,7775,7867,8189,8342,8352,8456,8835,9253,	
perfusión 72 241 72 588,621,729,807,841,849,884,907,961,1247,1255,1260,1289,1334,1339,1374,1396,1496,1533,1738,1747,1759,2790,2820,3030,4069,4102,4210,4288,4322,4330,4365,4388,4442,4728,4736,4741,4770,4815,4820,4855,4877,4977,5014,5219,5228,5240,6271,6301,6511,7550,7583,7691,7769,7803,7811,7846,7869,7923,8209,8217,8222,8251,8296,8301,8336,8358,8458,8495,8700,8709,8721,	
60 18 241 18 585,616,643,982,2154,2167,4066,4097,4124,4463,5635,5648,7547,7578,7605,7944,9116,9129,	
30 8 241 8 583,641,3036,4064,4122,6517,7545,7603,	
extensa 3 241 3 582,4063,7544,	
oral 3 241 3 579,4060,7541,	
cavidad 3 241 3 578,4059,7540,	
muscular 6 241 6 573,594,4054,4075,7535,7556,	
sangrado 18 241 18 572,575,593,627,636,2569,4053,4056,4074,4108,4117,6050,7534,7537,7555,7589,7598,9531,	
precoz 3 241 3 571,4052,7533,	
Hemartrosis 6 241 6 570,580,4051,4061,7532,7542,	
Al 3 241 3 569,4050,7531,	
horas 20 241 20 568,596,630,646,2754,2776,2801,3061,4049,4077,4111,4127,6235,6257,6282,6542,7530,7558,7592,7608,	
24 13 241 13 567,592,625,645,4048,4073,4106,4126,7529,7554,7587,7607,9256,	
12 7 241 7 565,590,4046,4071,4146,7527,7552,	
Repetir 9 241 9 563,586,619,4044,4067,4100,7525,7548,7581,	
40 3 241 3 562,4043,7524,	
Utilizar 2 241 2 3141,6622,	
20 16 241 16 560,980,1632,2226,2334,4041,4461,5113,5707,5815,7380,7522,7942,8594,9188,9296,	
Hemorragia 3 241 3 559,4040,7521,	
terapia 3 241 3 558,4039,7520,	
específicos 2 241 2 2887,6368,	
(horas)/Duración 3 241 3 555,4036,7517,	
(%) 3 241 3 554,4035,7516,	
exposición 24 241 24 1614,1683,2127,2185,2207,2229,2280,2337,5095,5164,5608,5666,5688,5710,5761,5818,8576,8645,9089,9147,9169,9191,9242,9299,	
requerido 6 241 6 553,1337,4034,4818,7515,8299,	
quirúrgico 6 241 6 552,2591,4033,6072,7514,9553,	
procedimiento 3 241 3 551,4032,7513,	
dosificación 6 241 6 549,1014,4030,4495,7511,7976,	
Frecuencia 3 241 3 547,4028,7509,	
observación 3 241 3 1708,5189,8670,	
Nivel 6 241 6 543,1328,4024,4809,7505,8290,	
hemorragia/Tipo 3 241 3 542,4023,7504,	
Grado 3 241 3 539,4020,7501,	
correspondiente 3 241 3 538,4019,7500,	
período 3 241 3 537,4018,7499,	
% 6 241 6 532,1357,4013,4838,7494,8319,	
han 19 241 19 1021,1650,1842,1933,2418,2882,2923,4502,5131,5323,5414,5899,6363,6404,7983,8612,8804,8895,9380,	
(en 14 241 14 531,885,889,897,2854,4012,4366,4370,4378,6335,7493,7847,7851,7859,	
inferior 6 241 6 527,2171,4008,5652,7489,9133,	
podrá 3 241 3 525,4006,7487,	
aparecen 3 241 3 513,3994,7475,	
caso 20 241 20 508,682,697,732,1385,1543,3111,3989,4163,4178,4213,4866,5024,6592,7470,7644,7659,7694,8347,8505,	
En 47 241 47 506,684,730,783,819,963,999,1156,1542,1729,1760,2042,2261,2295,2326,3109,3987,4165,4211,4264,4300,4444,4480,4637,5023,5210,5241,5523,5742,5776,5807,6590,7468,7646,7692,7745,7781,7925,7961,8118,8504,8691,8722,9004,9223,9257,9288,	
clínicas 3 241 3 505,3986,7467,	
X 9 241 9 2512,2515,2519,5993,5996,6000,9474,9477,9481,	
situaciones 6 241 6 504,1376,3985,4857,7466,8338,	
diferentes 9 241 9 503,782,2475,3984,4263,5956,7465,7744,9437,	
deberán 6 241 6 1195,1398,4676,4879,8157,8360,	
mínimos 3 241 3 498,3979,7460,	
sanguíneos 3 241 3 497,3978,7459,	
caucho 4 241 4 3197,3226,6678,6707,	
guía 3 241 3 493,3974,7455,	
proporciona 3 241 3 491,3972,7453,	
siguiente 6 241 6 490,1950,3971,5431,7452,8912,	
tabla 6 241 6 489,1949,3970,5430,7451,8911,	
nivel 27 241 27 484,518,529,709,892,924,1269,1299,1403,3965,3999,4010,4190,4373,4405,4750,4780,4884,7446,7480,7491,7671,7854,7886,8231,8261,8365,	
inhibidores 57 241 57 481,1033,1042,1079,1161,1577,1609,1637,1655,1691,1720,2053,2088,2149,2190,2249,2286,2324,2346,3962,4514,4523,4560,4642,5058,5090,5118,5136,5172,5201,5534,5569,5630,5671,5730,5767,5805,5827,7443,7995,8004,8041,8123,8539,8571,8599,8617,8653,8682,9015,9050,9111,9152,9211,9248,9286,9308,	
titulación 3 241 3 479,3960,7441,	
hemorragia 6 241 6 478,1065,3959,4546,7440,8027,	
e 6 241 6 474,902,3955,4383,7436,7864,	
localización 3 241 3 473,3954,7435,	
hemostática 3 241 3 472,3953,7434,	
función 15 241 15 471,879,1237,1264,1401,3952,4360,4718,4745,4882,7433,7841,8199,8226,8363,	
trastorno 3 241 3 468,3949,7430,	
gravedad 3 241 3 466,3947,7428,	
(peso 3 241 3 465,3946,7427,	
paciente 30 241 30 464,764,881,1243,1276,1340,2255,2352,2481,2495,3945,4245,4362,4724,4757,4821,5736,5833,5962,5976,7426,7726,7843,8205,8238,8302,9217,9314,9443,9457,	
necesidades 3 241 3 462,3943,7424,	
según 11 241 11 460,1212,1944,3332,3941,4693,5425,6813,7422,8174,8906,	
individualizarse 3 241 3 459,3940,7421,	
deberá 14 241 14 458,953,1173,1510,3122,3939,4434,4654,4991,6603,7420,7915,8135,8472,	
sustitutivo 3 241 3 457,3938,7419,	
duración 8 241 8 454,829,2654,3935,4310,6135,7416,7791,	
posología 3 241 3 452,3933,7414,	
previsto 3 241 3 439,3920,7401,	
administrarse 9 241 9 977,1223,1253,4458,4704,4734,7939,8185,8215,	
Aumento 3 241 3 438,3919,7400,	
II 3 241 3 437,3918,7399,	
0 14 241 14 435,1361,1366,2314,2830,3916,4842,4847,5795,6311,7397,8323,8328,9276,	
(% 6 241 6 431,443,3912,3924,7393,7405,	
deseado 12 241 12 427,485,893,1270,3908,3966,4374,4751,7389,7447,7855,8232,	
aumento 3 241 3 426,3907,7388,	
corporal(kg) 3 241 3 424,3905,7386,	
= 12 241 12 422,446,887,1420,3903,3927,4368,4901,7384,7408,7849,8382,	
requeridas 6 241 6 421,1132,3902,4613,7383,8094,	
I 3 241 3 419,3900,7381,	
siguientes 3 241 3 417,3898,7379,	
fórmulas 3 241 3 416,3897,7378,	
requerida 3 241 3 411,3892,7373,	
individual 6 241 6 683,761,4164,4242,7645,7723,	
- 40 241 40 402,561,566,584,591,599,617,624,642,658,2798,3241,3246,3251,3261,3883,4042,4047,4065,4072,4080,4098,4105,4123,4139,6279,6722,6727,6732,6742,7364,7523,7528,7546,7553,7561,7579,7586,7604,7620,	
5% 6 241 6 401,404,3882,3885,7363,7366,	
plasmática 9 241 9 395,1054,1149,3876,4535,4630,7357,8016,8111,	
(17%) 3 241 3 2143,5624,9105,	
aumenta 6 241 6 392,2596,3873,6077,7354,9558,	
Fecha 4 241 4 3456,3466,6937,6947,	
(inferior 2 241 2 3099,6580,	
corporal 8 241 8 391,991,2707,3872,4472,6188,7353,7953,	
peso 16 241 16 390,423,990,1321,2706,2857,3871,3904,4471,4802,6187,6338,7352,7385,7952,8283,	
kg 6 241 6 388,988,3869,4469,7350,7950,	
empírico 3 241 3 377,3858,7339,	
hallazgo 3 241 3 376,3857,7338,	
basa 3 241 3 373,3854,7335,	
necesaria 3 241 3 368,3849,7330,	
dosis 36 241 36 367,410,662,700,716,978,1018,1068,1131,1805,2786,2845,2851,3848,3891,4143,4181,4197,4459,4499,4549,4612,5286,6267,6326,6332,7329,7372,7624,7662,7678,7940,7980,8030,8093,8767,	
cálculo 9 241 9 364,844,1306,3845,4325,4787,7326,7806,8268,	
normal 6 241 6 362,408,3843,3889,7324,7370,	
presente 9 241 9 355,1087,2490,3836,4568,5971,7317,8049,9452,	
cantidad 6 241 6 351,667,3832,4148,7313,7629,	
equivale 3 241 3 348,3829,7310,	
Internacional 6 241 6 341,382,3822,3863,7303,7344,	
Unidad 6 241 6 340,381,3821,3862,7302,7343,	
Una 5 241 5 339,3380,3820,6861,7301,	
plasma) 3 241 3 338,3819,7300,	
estrecha 3 241 3 2073,5554,9035,	
internacional 3 241 3 332,3813,7294,	
(1 3 241 3 1358,4839,8320,	
gastrointestinal 3 241 3 638,4119,7600,	
normal) 12 241 12 323,433,445,534,3804,3914,3926,4015,7285,7395,7407,7496,	
(referido 6 241 6 319,329,3800,3810,7281,7291,	
envase 8 241 8 3171,3173,3238,3286,6652,6654,6719,6767,	
porcentaje 3 241 3 318,3799,7280,	
expresarse 3 241 3 316,3797,7278,	
plasma 18 241 18 314,321,360,1603,2677,2725,2768,3795,3802,3841,5084,6158,6206,6249,7276,7283,7322,8565,	
medicamentos 10 241 10 304,1818,1834,3785,5299,5315,7266,8780,8796,9619,	
actual 3 241 3 299,3780,7261,	
corresponden 3 241 3 295,3776,7257,	
Internacionales 6 241 6 291,328,3772,3809,7253,7290,	
Unidades 12 241 12 290,327,1093,1594,3771,3808,4574,5075,7252,7289,8055,8556,	
intensidad 3 241 3 475,3956,7437,	
expresa 3 241 3 288,3769,7250,	
administradas 6 241 6 286,450,3767,3931,7248,7412,	
unidades 3 241 3 282,3763,7244,	
número 6 241 6 280,1790,3761,5271,7242,8752,	
experiencia 9 241 9 271,1201,1866,3752,4682,5347,7233,8163,8828,	
médico 6 241 6 269,1541,3750,5022,7231,8503,	
supervisión 3 241 3 266,3747,7228,	
iniciarse 3 241 3 263,3744,7225,	
debe 31 241 31 262,674,726,1070,1222,1261,2553,2984,2992,3043,3303,3330,3743,4155,4207,4551,4703,4742,6034,6465,6473,6524,6784,6811,7224,7636,7688,8032,8184,8223,9515,	
tratamiento 53 241 53 261,274,456,704,746,1116,1204,1512,1518,1554,1570,1635,1648,1675,2036,2099,2593,3011,3742,3755,3937,4185,4227,4597,4685,4993,4999,5035,5051,5116,5129,5156,5517,5580,6074,6492,7223,7236,7418,7666,7708,8078,8166,8474,8480,8516,8532,8597,8610,8637,8998,9061,9555,	
efecto 2 241 2 2863,6344,	
x 12 241 12 425,434,448,891,3906,3915,3929,4372,7387,7396,7410,7853,	
administración 37 241 37 259,672,959,1101,1233,1463,1928,1989,1991,2663,2729,2889,2998,3297,3740,4153,4440,4582,4714,4944,5409,5470,5472,6144,6210,6370,6479,6778,7221,7634,7921,8063,8195,8425,8890,8951,8953,	
reconstituirse 2 241 2 3304,6785,	
Posología 6 241 6 255,278,3736,3759,7217,7240,	
enfermedad 3 241 3 249,3730,7211,	
indicado 9 241 9 246,530,1894,3727,4011,5375,7208,7492,8856,	
está 20 241 20 245,1086,1610,1892,2463,2644,3489,3726,4567,5091,5373,5944,6125,6970,7207,8048,8572,8854,9425,9606,	
Willebrand 9 241 9 239,252,2461,3720,3733,5942,7201,7214,9423,	
controlar 6 241 6 707,742,4188,4223,7669,7704,	
von 9 241 9 238,251,2460,3719,3732,5941,7200,7213,9422,	
VIII) 3 241 3 231,3712,7193,	
congénito 3 241 3 228,3709,7190,	
(déficit 3 241 3 227,3708,7189,	
extenso 3 241 3 1389,4870,8351,	
A 21 241 21 226,793,974,1575,1857,2041,2539,3707,4274,4455,5056,5338,5522,6020,7188,7755,7936,8537,8819,9003,9501,	
hemofilia 24 241 24 225,277,792,973,1574,1856,2040,2538,3706,3758,4273,4454,5055,5337,5521,6019,7187,7239,7754,7935,8536,8818,9002,9500,	
pacientes 94 241 94 223,789,971,1005,1038,1157,1206,1477,1536,1572,1671,1693,1764,2038,2058,2067,2105,2112,2120,2134,2193,2221,2247,2266,2273,2304,2318,2330,2402,2649,2693,2813,3704,4270,4452,4486,4519,4638,4687,4958,5017,5053,5152,5174,5245,5519,5539,5548,5586,5593,5601,5615,5674,5702,5728,5747,5754,5785,5799,5811,5883,6130,6174,6294,7185,7751,7933,7967,8000,8119,8168,8439,8498,8534,8633,8655,8726,9000,9020,9029,9067,9074,9082,9096,9155,9183,9209,9228,9235,9266,9280,9292,9364,9611,	
hemorragias 12 241 12 221,511,969,1381,3702,3992,4450,4862,7183,7473,7931,8343,	
profilaxis 6 241 6 218,965,3699,4446,7180,7927,	
Este 15 241 15 232,951,1793,2711,2756,2981,3713,4432,5274,6192,6237,6462,7194,7913,8755,	
Tratamiento 3 241 3 216,3697,7178,	
terapéuticas 3 241 3 215,3696,7177,	
Indicaciones 3 241 3 214,3695,7176,	
	"4 3 241 3 212,3693,7174,	
vértigo 3 241 3 1489,4970,8451,	
CLÍNICOS 3 241 3 211,3692,7173,	
DATOS 5 241 5 210,2954,3691,6435,7172,	
4 51 241 51 209,253,600,1327,1427,1448,1449,1725,1812,1835,1895,1921,2124,2138,2408,2411,2413,3065,3690,3734,4081,4908,4929,4930,5206,5293,5316,5376,5402,5605,5619,5889,5892,5894,6546,7171,7215,7562,8389,8410,8411,8687,8774,8797,8857,8883,9086,9100,9370,9373,9375,	
amarillento 3 241 3 201,3682,7163,	
ligeramente 3 241 3 200,3681,7162,	
blanco 3 241 3 198,3679,7160,	
color 3 241 3 197,3678,7159,	
4) 3 241 3 2412,5893,9374,	
friable 3 241 3 195,3676,7157,	
sólido 3 241 3 194,3675,7156,	
o 59 241 59 193,199,324,574,595,602,864,1017,1059,1167,1184,1383,1440,1442,1531,2583,2590,2866,2944,2989,3375,3674,3680,3805,4055,4076,4083,4345,4498,4540,4648,4665,4864,4921,4923,5012,6064,6071,6347,6425,6470,6856,7155,7161,7286,7536,7557,7564,7826,7979,8021,8129,8146,8345,8402,8404,8493,9545,9552,	
suelto 3 241 3 192,3673,7154,	
forma 9 241 9 189,257,2581,3670,3738,6062,7151,7219,9543,	
clínico 6 241 6 786,1732,4267,5213,7748,8694,	
vial 9 241 9 187,3180,3209,3349,3668,6661,6690,6830,7149,	
presenta 6 241 6 184,1946,3665,5427,7146,8908,	
seco 3 241 3 182,3663,7144,	
subsiguientes 3 241 3 1397,4878,8359,	
polvo 10 241 10 181,191,3182,3299,3662,3672,6663,6780,7143,7153,	
	Polvo 3 241 3 174,3655,7136,	
FARMACÉUTICA 3 241 3 173,3654,7135,	
3 43 241 43 171,598,665,997,1284,1294,1353,1360,1428,2165,2409,2829,2838,3032,3107,3120,3164,3652,4079,4478,4765,4775,4834,4841,4909,5646,5890,6310,6319,6513,6588,6601,6645,7133,7560,7959,8246,8256,8315,8322,8390,9127,9371,	
6 37 241 37 169,1029,1218,1219,1836,2152,2294,2835,2953,2978,3031,3064,3163,3165,3272,3273,3650,4510,4699,4700,5317,5633,6316,6434,6459,6512,6545,6644,6646,6753,6754,7131,7991,8180,8181,8798,9114,	
sección 11 241 11 168,1217,1724,3162,3649,4698,5205,6643,7130,8179,8686,	
ver 5 241 5 167,3161,3648,6642,7129,	
excipientes 8 241 8 166,1447,2960,3647,4928,6441,7128,8409,	
completa 3 241 3 164,3645,7126,	
lista 6 241 6 163,516,3644,3997,7125,7478,	
consultar 3 241 3 161,3642,7123,	
Para 11 241 11 160,842,1304,3153,3641,4323,4785,6634,7122,7804,8266,	
proteína 9 241 9 159,2366,2396,3640,5847,5877,7121,9328,9358,	
UI/mg 3 241 3 157,3638,7119,	
4000 3 241 3 156,3637,7118,	
específica 3 241 3 152,3633,7114,	
actividad 32 241 32 151,309,344,394,407,520,1053,1148,1585,2637,2734,3632,3790,3825,3875,3888,4001,4534,4629,5066,6118,6215,7113,7271,7306,7356,7369,7482,8015,8110,8547,9599,	
OMS 6 241 6 147,302,3628,3783,7109,7264,	
37 6 241 6 2104,2133,5585,5614,9066,9095,	
frente 9 241 9 142,765,2360,3623,4246,5841,7104,7727,9322,	
calibrado 3 241 3 141,3622,7103,	
sido 9 241 9 140,910,2092,3621,4391,5573,7102,7872,9054,	
FDA 3 241 3 137,3618,7099,	
Mega 3 241 3 134,3615,7096,	
estándar 12 241 12 133,144,298,331,3614,3625,3779,3812,7095,7106,7260,7293,	
comparación 3 241 3 130,3611,7092,	
etapa 3 241 3 128,3609,7090,	
ensayo 21 241 21 123,785,821,1731,2233,2242,2630,3604,4266,4302,5212,5714,5723,6111,7085,7747,7783,8693,9195,9204,9592,	
cinco 3 241 3 2220,5701,9182,	
utilizando 10 241 10 121,414,3318,3393,3602,3895,6799,6874,7083,7376,	
determina 6 241 6 120,413,3601,3894,7082,7375,	
(UI) 12 241 12 118,292,342,383,3599,3773,3823,3864,7080,7254,7304,7345,	
potencia 3 241 3 117,3598,7079,	
La 57 241 57 116,150,308,409,451,488,666,759,899,1230,1257,1555,1906,2021,2201,2537,2617,3328,3401,3483,3597,3631,3789,3890,3932,3969,4147,4240,4380,4711,4738,5036,5387,5502,5682,6018,6098,6809,6882,6964,7078,7112,7270,7371,7413,7450,7628,7721,7861,8192,8219,8517,8868,8983,9163,9499,9579,	
alfa/ml 3 241 3 115,3596,7077,	
100 19 241 19 111,618,659,1356,1645,1680,2277,4099,4140,4837,5126,5161,5758,7580,7621,8318,8607,8642,9239,	
aproximadamente 12 241 12 110,154,2755,2777,2806,3591,3635,6236,6258,6287,7072,7116,	
contiene 16 241 16 109,235,922,1795,3177,3290,3590,3716,4403,5276,6658,6771,7071,7197,7884,8757,	
acompaña 3 241 3 108,3589,7070,	
le 3 241 3 107,3588,7069,	
agua 8 241 8 102,205,3314,3583,3686,6795,7064,7167,	
ml 20 241 20 100,358,1099,1601,3191,3220,3260,3312,3581,3839,4580,5082,6672,6701,6741,6793,7062,7320,8061,8563,	
5 25 241 25 99,436,873,1813,2433,2678,2837,3166,3259,3311,3580,3917,4354,5294,5914,6159,6318,6647,6740,6792,7061,7398,7835,8775,9395,	
reconstituido 9 241 9 95,3140,3160,3382,3576,6621,6641,6863,7057,	
inyectables 11 241 11 92,105,208,2977,3573,3586,3689,6458,7054,7067,7170,	
Agua 5 241 5 89,2974,3570,6455,7051,	
Disolvente 5 241 5 88,2973,3569,6454,7050,	
humano 11 241 11 87,322,361,2726,3568,3803,3842,6207,7049,7284,7323,	
VII 3 241 3 1189,4670,8151,	
FORMA 3 241 3 172,3653,7134,	
gen 3 241 3 83,3564,7045,	
contienen 3 241 3 81,3562,7043,	
hámster 12 241 12 79,1441,2370,2400,3560,4922,5851,5881,7041,8403,9332,9362,	
determinar 15 241 15 714,1075,1716,2083,2635,4195,4556,5197,5564,6116,7676,8037,8678,9045,9597,	
crías 3 241 3 77,3558,7039,	
riñón 3 241 3 75,3556,7037,	
células 3 241 3 73,3554,7035,	
partir 6 241 6 71,1415,3552,4896,7033,8377,	
genética 3 241 3 69,3550,7031,	
ingeniería 3 241 3 68,3549,7030,	
mediante 15 241 15 67,749,1254,1707,2074,3548,4230,4735,5188,5555,7029,7711,8216,8669,9036,	
produce 3 241 3 66,3547,7028,	
factor 151 241 151 58,85,230,236,284,306,311,335,346,353,370,385,397,429,441,500,522,545,711,756,767,895,1044,1056,1081,1104,1151,1188,1561,1588,1616,1696,1971,2027,2047,2424,2457,2484,2497,2504,2511,2514,2518,2561,2601,2611,2640,2673,2721,2737,2764,3017,3539,3566,3711,3717,3765,3787,3792,3816,3827,3834,3851,3866,3878,3910,3922,3981,4003,4026,4192,4237,4248,4376,4525,4537,4562,4585,4632,4669,5042,5069,5097,5177,5452,5508,5528,5905,5938,5965,5978,5985,5992,5995,5999,6042,6082,6092,6121,6154,6202,6218,6245,6498,7020,7047,7192,7198,7246,7268,7273,7297,7308,7315,7332,7347,7359,7391,7403,7462,7484,7507,7673,7718,7729,7857,8006,8018,8043,8066,8113,8150,8523,8550,8578,8658,8933,8989,9009,9386,9419,9446,9459,9466,9473,9476,9480,9523,9563,9573,9602,	
El 58 241 58 57,93,180,202,260,279,363,1604,2176,2253,2454,2496,2517,2592,2642,2651,2682,2807,3091,3281,3298,3538,3574,3661,3683,3741,3760,3844,5085,5657,5734,5935,5977,5998,6073,6123,6132,6163,6288,6572,6762,6779,7019,7055,7142,7164,7222,7241,7325,8566,9138,9215,9416,9458,9479,9554,9604,9613,	
alfa 5 241 5 56,2893,3537,6374,7018,	
octocog 8 241 8 55,114,2892,3536,3595,6373,7017,7076,	
DCI 3 241 3 54,3535,7016,	
niveles 18 241 18 496,774,1051,1089,2558,2598,3977,4255,4532,4570,6039,6079,7458,7736,8013,8051,9520,9560,	
UI/vial 3 241 3 53,3534,7015,	
recombinante 24 241 24 51,64,1110,1191,1666,1702,2049,2431,3532,3545,4591,4672,5147,5183,5530,5912,7013,7026,8072,8153,8628,8664,9011,9393,	
origen 15 241 15 50,63,1109,1701,2430,3531,3544,4590,5182,5911,7012,7025,8071,8663,9392,	
coagulación 29 241 29 48,61,125,753,1107,1699,2428,2449,2545,3021,3529,3542,3606,4234,4588,5180,5909,5930,6026,6502,7010,7023,7087,7715,8069,8661,9390,9411,9507,	
Puesto 3 241 3 1853,5334,8815,	
VIII 136 241 136 46,59,86,285,307,312,336,347,354,371,386,398,430,442,501,523,546,712,757,768,896,1045,1057,1082,1105,1152,1562,1589,1617,1665,1697,1972,2028,2048,2425,2446,2469,2485,2498,2562,2602,2641,2674,2722,2738,2765,3018,3527,3540,3567,3766,3788,3793,3817,3828,3835,3852,3867,3879,3911,3923,3982,4004,4027,4193,4238,4249,4377,4526,4538,4563,4586,4633,5043,5070,5098,5146,5178,5453,5509,5529,5906,5927,5950,5966,5979,6043,6083,6122,6155,6203,6219,6246,6499,7008,7021,7048,7247,7269,7274,7298,7309,7316,7333,7348,7360,7392,7404,7463,7485,7508,7674,7719,7730,7858,8007,8019,8044,8067,8114,8524,8551,8579,8627,8659,8934,8990,9010,9387,9408,9431,9447,9460,9524,9564,9603,	
	Factor 3 241 3 45,3526,7007,	
CUANTITATIVA 3 241 3 44,3525,7006,	
Y 3 241 3 43,3524,7005,	
CUALITATIVA 3 241 3 42,3523,7004,	
COMPOSICIÓN 3 241 3 41,3522,7003,	
precauciones 3 241 3 1452,4933,8414,	
inyectable 6 241 6 39,179,3520,3660,7001,7141,	
solución 18 241 18 38,178,1325,1351,3150,3364,3384,3519,3659,4806,4832,6631,6845,6865,7000,7140,8287,8313,	
disolvente 13 241 13 36,176,203,3211,3308,3517,3657,3684,6692,6789,6998,7138,7165,	
Polvo 5 241 5 34,2961,3515,6442,6996,	
UI 18 241 18 33,112,149,420,449,983,3514,3593,3630,3901,3930,4464,6995,7074,7111,7382,7411,7945,	
Glicina 2 241 2 2962,6443,	
250 2 241 2 32,52,	
2°C 2 241 2 3074,6555,	
NexGen 73 241 73 31,803,921,986,1122,1221,1251,1779,1830,1852,1872,1884,1910,1931,2090,2147,2308,2666,2710,2732,2783,2870,2932,2952,3176,3289,3302,3370,3512,4284,4402,4467,4603,4702,4732,5260,5311,5333,5353,5365,5391,5412,5571,5628,5789,6147,6191,6213,6264,6351,6413,6433,6657,6770,6783,6851,6993,7765,7883,7948,8084,8183,8213,8741,8792,8814,8834,8846,8872,8893,9052,9109,9270,	
	Helixate 3 241 3 30,3511,6992,	
MEDICAMENTO 6 241 6 29,2438,3510,5919,6991,9400,	
NOMBRE 3 241 3 27,3508,6989,	
FVIII) 3 241 3 487,3968,7449,	
PRODUCTO 1 241 1 24,	
DEL 6 241 6 23,28,3481,3509,6962,6990,	
CARACTERÍSTICAS 1 241 1 22,	
LAS 1 241 1 21,	
DE 18 241 18 20,2436,3429,3432,3442,3444,3449,3453,3478,5917,6910,6913,6923,6925,6930,6934,6959,9398,	
RESUMEN 1 241 1 19,	
O 1 241 1 18,	
TÉCNICA 1 241 1 17,	
FICHA 1 241 1 16,	
información 3 241 3 13,3484,6965,	
Toda 1 241 1 11,	
medicamento 39 241 39 10,15,94,233,1460,1786,1794,2374,2387,2982,3042,3092,3113,3159,3359,3404,3488,3575,3714,4941,5267,5275,5855,5868,6463,6523,6573,6594,6640,6840,6885,6969,7056,7195,8422,8748,8756,9336,9349,	
Basica 1 241 1 8,	
	Información 1 241 1 7,	
5ML 1 241 1 6,	
2 32 241 32 5,40,98,254,403,418,447,995,1248,1362,2679,2979,3216,3521,3579,3735,3884,3928,4476,4729,4843,6160,6460,6697,7002,7060,7216,7365,7409,7957,8210,8324,	
INYECTABLE 1 241 1 4,	
atención 2 241 2 3340,6821,	
1 44 241 44 3,25,26,170,213,380,400,649,1364,1798,2302,2440,2833,2957,3187,3242,3247,3252,3507,3651,3694,3861,3881,4130,4845,5279,5783,5921,6314,6438,6668,6723,6728,6733,6988,7132,7175,7342,7362,7611,8326,8760,9264,9402,	
preparaciones 13 241 13 91,104,207,2976,3316,3572,3585,3688,6457,6797,7053,7066,7169,	
500UI 1 241 1 2,	
NEXGEN 1 241 1 1,	
HELIXATE 1 241 1 0,	
