	Prospectos 1 166 1 5689,	
" 1 166 1 5688,	
analizar 1 166 1 5676,	
(4ºC) 1 166 1 5663,	
preparadas 1 166 1 5654,	
serán 1 166 1 5653,	
hielo/agua 2 166 2 5648,5674,	
heparínico 1 166 1 5639,	
refrigerados 1 166 1 5633,	
colocarse 1 166 1 5629,	
minimizar 1 166 1 5619,	
objeto 1 166 1 5617,	
deberán 2 166 2 5606,5642,	
conservante 2 166 2 5459,5569,	
único 1 166 1 5445,	
transparentes 1 166 1 5436,	
Únicamente 1 166 1 5430,	
Inspeccionar 1 166 1 5425,	
girando 1 166 1 5415,	
continuación 1 166 1 5394,	
descrita 1 166 1 5392,	
preparación 1 166 1 5389,	
Fasturtec"" 1 166 1 5382,	
""Cómo 1 166 1 5380,	
Ver 1 166 1 5377,	
sanitarios 1 166 1 5376,	
profesionales 1 166 1 5375,	
médicos 1 166 1 5373,	
--------------------------------------------------------------------------------------------------------------------------- 1 166 1 5365,	
aprobado 1 166 1 5336,	
+370 1 166 1 5329,	
UAB 1 166 1 5325,	
Lietuva 2 166 2 5324,5327,	
1483 1 166 1 5321,	
+44 1 166 1 5319,	
51 1 166 1 5317,	
33 1 166 1 5315,	
+371 1 166 1 5313,	
SIA 1 166 1 5310,	
Latvia 1 166 1 5309,	
Kingdom 1 166 1 5307,	
United 1 166 1 5306,	
Latvija 1 166 1 5305,	
634 1 166 1 5302,	
(0)8 1 166 1 5301,	
+46 1 166 1 5300,	
+357 1 166 1 5296,	
AB 1 166 1 5295,	
Cyprus 1 166 1 5292,	
300 1 166 1 5290,	
+358 1 166 1 5286,	
Puh/Tel 1 166 1 5285,	
393 1 166 1 5283,	
02 1 166 1 5282,	
Oy 1 166 1 5279,	
Suomi/Finland 1 166 1 5273,	
Italia 1 166 1 5272,	
777 1 166 1 5271,	
103 1 166 1 5270,	
+421 1 166 1 5267,	
7000 1 166 1 5265,	
535 1 166 1 5264,	
+354 1 166 1 5263,	
Sími 1 166 1 5262,	
Pharma 1 166 1 5257,	
hf 1 166 1 5255,	
Vistor 1 166 1 5254,	
Slovenská 1 166 1 5252,	
48 1 166 1 5249,	
560 1 166 1 5248,	
56 1 166 1 5243,	
403 1 166 1 5242,	
d 1 166 1 5235,	
Slovenija 1 166 1 5230,	
63 1 166 1 5226,	
57 2 166 2 5225,5269,	
+33 1 166 1 5223,	
depuis 1 166 1 5221,	
Appel 1 166 1 5220,	
31 1 166 1 5218,	
317 1 166 1 5217,	
(0) 4 166 4 5215,5240,5287,5320,	
+40 1 166 1 5214,	
555 1 166 1 5212,	
222 1 166 1 5211,	
800 1 166 1 5210,	
Tél 1 166 1 5208,	
L 1 166 1 5207,	
R 1 166 1 5206,	
france 1 166 1 5202,	
România 2 166 2 5200,5204,	
400 1 166 1 5198,	
89 1 166 1 5197,	
35 1 166 1 5196,	
21 2 166 2 5195,5216,	
+351 1 166 1 5194,	
94 1 166 1 5191,	
485 1 166 1 5190,	
93 1 166 1 5189,	
+34 1 166 1 5188,	
Farmacêuticos 1 166 1 5184,	
Produtos 1 166 1 5183,	
S 4 166 4 5179,5185,5205,5275,	
España 1 166 1 5176,	
46 1 166 1 5174,	
541 1 166 1 5173,	
+48 1 166 1 5171,	
900 1 166 1 5167,	
210 1 166 1 5166,	
z 1 166 1 5162,	
Sp 1 166 1 5161,	
AEBE 1 166 1 5159,	
Polska 1 166 1 5157,	
­ 1 166 1 5155,	
185 1 166 1 5154,	
+43 1 166 1 5151,	
88 1 166 1 5149,	
627 1 166 1 5147,	
OÜ 1 166 1 5142,	
Österreich 1 166 1 5139,	
Eesti 1 166 1 5138,	
71 1 166 1 5136,	
67 2 166 2 5134,5314,	
+47 1 166 1 5133,	
222010 1 166 1 5131,	
(0)180 1 166 1 5129,	
+49 1 166 1 5128,	
AS 1 166 1 5126,	
GmbH 2 166 2 5123,5144,	
Sanofi-Aventis 1 166 1 5121,	
Norge 2 166 2 5120,5125,	
Deutschland 2 166 2 5119,5122,	
755 1 166 1 5118,	
557 1 166 1 5117,	
(0)182 1 166 1 5116,	
+31 1 166 1 5115,	
45 1 166 1 5110,	
Tlf 2 166 2 5108,5132,	
Netherlands 1 166 1 5105,	
A/S 1 166 1 5103,	
Nederland 1 166 1 5100,	
Danmark 1 166 1 5099,	
+356 1 166 1 5097,	
111 1 166 1 5095,	
233 1 166 1 5093,	
+420 1 166 1 5092,	
Ltd 3 166 3 5090,5233,5293,	
s 2 166 2 5085,5259,	
Malta 2 166 2 5083,5089,	
Ceská 1 166 1 5081,	
505 2 166 2 5079,5322,	
+36 1 166 1 5077,	
+386 1 166 1 5246,	
Tel 19 166 19 5076,5091,5096,5114,5127,5145,5150,5170,5187,5193,5213,5238,5245,5266,5280,5299,5312,5318,5328,	
53 1 166 1 5074,	
970 1 166 1 5073,	
zrt 1 166 1 5069,	
EOOD 1 166 1 5067,	
Bulgaria 1 166 1 5066,	
Magyarország 2 166 2 5064,5070,	
(Belgique/Belgien) 1 166 1 5063,	
00 11 166 11 5056,5062,5075,5113,5137,5169,5175,5192,5244,5250,5304,	
54 2 166 2 5055,5061,	
710 2 166 2 5054,5060,	
(0)2 3 166 3 5053,5059,5072,	
+32 2 166 2 5052,5058,	
Tél/Tel 2 166 2 5051,5057,	
Belgium 2 166 2 5048,5050,	
Luxembourg/Luxemburg 1 166 1 5046,	
Belgien 1 166 1 5045,	
België/Belgique/ 1 166 1 5044,	
titular 1 166 1 5038,	
local 1 166 1 5036,	
dirigiéndose 1 166 1 5033,	
solicitar 1 166 1 5026,	
Pueden 1 166 1 5025,	
F- 1 166 1 5018,	
fabricación 1 166 1 5010,	
Responsable 1 166 1 5007,	
París 1 166 1 5005,	
comercialización 2 166 2 4996,5043,	
Envase 2 166 2 4880,4931,	
Aspecto 1 166 1 4845,	
	"Composición 1 166 1 4788,	
ADICIONAL 1 166 1 4787,	
y/o 1 166 1 4782,	
observa 1 166 1 4775,	
8°C) 1 166 1 4758,	
2°C 1 166 1 4756,	
fecha 1 166 1 4744,	
utilice 2 166 2 4739,4772,	
síntomas 1 166 1 4695,	
informar 1 166 1 4687,	
dolor 1 166 1 4683,	
vómitos 1 166 1 4680,	
diarrea 1 166 1 4679,	
registrado 2 166 2 4653,4674,	
nariz) 1 166 1 4650,	
irritación 1 166 1 4648,	
(goteo 1 166 1 4646,	
raros 1 166 1 4641,	
arterial 1 166 1 4635,	
dificultades 1 166 1 4630,	
alérgico) 1 166 1 4627,	
fiebre 1 166 1 4611,	
incluyen 1 166 1 4610,	
1/1000 1 166 1 4599,	
1/10 1 166 1 4584,	
afecta 2 166 2 4582,4595,	
significa 2 166 2 4580,4593,	
Un 2 166 2 4576,4588,	
personas 3 166 3 4557,4587,4600,	
producir 1 166 1 4550,	
	Al 1 166 1 4542,	
ADVERSOS 1 166 1 4541,	
EFECTOS 1 166 1 4540,	
POSIBLES 1 166 1 4539,	
pregunte 1 166 1 4532,	
recurrir 1 166 1 4515,	
rojos 2 166 2 4511,4665,	
glóbulos 2 166 2 4510,4664,	
riguroso 1 166 1 4507,	
determinará 1 166 1 4485,	
periódicamente 1 166 1 4478,	
controlará 1 166 1 4477,	
disolvente; 1 166 1 4397,	
(el 1 166 1 4380,	
suministrado 1 166 1 4376,	
kg 1 166 1 4353,	
calculará 1 166 1 4339,	
CÓMO 1 166 1 4333,	
Conducción 1 166 1 4315,	
receta 1 166 1 4300,	
recientemente 1 166 1 4292,	
utilizado 1 166 1 4291,	
Uso 1 166 1 4275,	
recomienden 1 166 1 4267,	
permanente 1 166 1 4261,	
sanguíneas 1 166 1 4246,	
afectan 2 166 2 4242,4661,	
reversibles 2 166 2 4240,4659,	
determinados 1 166 1 4238,	
repetir 1 166 1 4231,	
aumenta 1 166 1 4227,	
limitada 1 166 1 4215,	
cuenta 1 166 1 4198,	
Debe 2 166 2 4195,4686,	
anterior 1 166 1 4184,	
episodio 1 166 1 4183,	
sufrido 1 166 1 4181,	
Informe 2 166 2 4175,4280,	
raras 1 166 1 4173,	
producen 1 166 1 4171,	
Éstas 1 166 1 4169,	
administran 1 166 1 4158,	
humano 1 166 1 4155,	
origen 1 166 1 4153,	
igual 2 166 2 4148,4543,	
celular 1 166 1 4136,	
metabólico 1 166 1 4135,	
componentes 3 166 3 4117,4816,4835,	
(hipersensible) 1 166 1 4104,	
r 2 166 2 5086,5260,	
use 1 166 1 4098,	
	No 1 166 1 4076,	
USAR 2 166 2 4074,4334,	
ANTES 1 166 1 4072,	
protege 1 166 1 4068,	
facilidad 1 166 1 4059,	
soluble 1 166 1 4050,	
(denominada 1 166 1 4045,	
sustancia 1 166 1 4044,	
dañar 1 166 1 4034,	
podría 1 166 1 4033,	
eliminar 1 166 1 4023,	
suficiente 1 166 1 4021,	
podrían 2 166 2 4017,4572,	
través 1 166 1 4006,	
orina 2 166 2 4004,4064,	
eliminarse 2 166 2 4001,4056,	
suele 1 166 1 4000,	
cantidades 1 166 1 3995,	
dirigida 1 166 1 5370,	
presente 2 166 2 3990,4012,	
Cuando 1 166 1 3988,	
excesivos 1 166 1 3972,	
Portugal 1 166 1 5177,	
disminuir 1 166 1 3969,	
prescribe 1 166 1 3967,	
así 1 166 1 3949,	
padece 1 166 1 3948,	
desintoxicante 1 166 1 3938,	
	Agente 1 166 1 3937,	
UTILIZA 1 166 1 3936,	
SE 1 166 1 3935,	
PARA 1 166 1 3933,	
QUÉ 2 166 2 3929,3934,	
Posibles 1 166 1 3918,	
Cómo 1 166 1 3914,	
Antes 1 166 1 3909,	
utiliza 1 166 1 3907,	
p 1 166 1 5276,	
Contenido 1 166 1 3896,	
farmacéutico 3 166 3 3895,4285,4537,	
informe 2 166 2 3890,4719,	
mencionado 2 166 2 3886,4715,	
adverso 4 166 4 3884,4578,4590,4713,	
aprecia 2 166 2 3881,4710,	
sufre 2 166 2 3876,4705,	
considera 2 166 2 3868,4697,	
consulte 1 166 1 3862,	
duda 2 166 2 3861,4525,	
leerlo 1 166 1 3856,	
volver 1 166 1 3854,	
Conserve 1 166 1 3846,	
empezar 1 166 1 3840,	
representante 1 166 1 5035,	
detenidamente 1 166 1 3837,	
Lea 1 166 1 3833,	
22 3 166 3 3819,5172,5297,	
	B 1 166 1 3817,	
EU/1/00/170/002 1 166 1 3680,	
proptegerlo 1 166 1 3630,	
mg/5 2 166 2 3475,3540,	
ACTIVO 1 166 1 3471,	
AMPOLLA 1 166 1 3448,	
VIAL 1 166 1 3443,	
ACONDICIONAMIENTO 1 166 1 3438,	
DISOLVENTE/AMPOLLA 2 166 2 3389,3774,	
Titular 1 166 1 4991,	
UNIDADES 4 166 4 3374,3427,3759,3812,	
VOLUMEN 4 166 4 3371,3424,3756,3809,	
PESO 4 166 4 3369,3422,3754,3807,	
	 4 166 4 3355,3408,3740,3793,	
POLVO/VIAL 2 166 2 3328,3713,	
PRIMARIOS 4 166 4 3327,3388,3712,3773,	
ACONDICIONAMIENTOS 4 166 4 3326,3387,3711,3772,	
PEQUEÑOS 4 166 4 3325,3386,3710,3771,	
INCLUIRSE 4 166 4 3323,3384,3708,3769,	
OTROS 5 166 5 3318,3379,3431,3764,3816,	
	Lote 5 166 5 3316,3365,3418,3750,3803,	
BLÍSTERS 1 166 1 3265,	
INCLUIR 1 166 1 3263,	
BRAILLE 2 166 2 3259,3703,	
16 4 166 4 3256,3700,5111,5168,	
INSTRUCCIONES 2 166 2 3253,3697,	
GENERALES 2 166 2 3244,3688,	
Lote 2 166 2 3241,3685,	
EU/1/00/170/001 1 166 1 3236,	
NÚMERO(S) 2 166 2 3231,3675,	
sanofi-aventis 30 166 30 3220,3664,4997,5047,5049,5065,5068,5084,5088,5101,5104,5124,5140,5143,5158,5160,5178,5181,5201,5203,5231,5234,5256,5274,5278,5291,5294,5308,5311,5326,	
CORRESPONDA) 2 166 2 3208,3652,	
(CUANDO 2 166 2 3207,3651,	
DERIVADOS 2 166 2 3203,3647,	
ESTÉN 1 166 1 3202,	
UTILIZADO 2 166 2 3196,3642,	
NO 2 166 2 3195,3641,	
ELIMINACIÓN 2 166 2 3192,3638,	
PRECAUCIONES 2 166 2 3189,3635,	
	CAD 7 166 7 3159,3311,3360,3413,3605,3745,3798,	
NECESARIO 2 166 2 3154,3600,	
ES 3 166 3 3153,3599,3930,	
SI 2 166 2 3152,3598,	
ESPECIALES 6 166 6 3151,3170,3190,3597,3616,3636,	
OTRAS 2 166 2 3149,3595,	
vista 3 166 3 3144,3590,4734,	
alcance 3 166 3 3140,3586,4730,	
fuera 3 166 3 3138,3584,4728,	
	Mantener 3 166 3 3137,3583,4727,	
MANTENERSE 2 166 2 3136,3582,	
realizarse 2 166 2 3113,3559,	
prospecto 8 166 8 3104,3550,3836,3848,3889,3898,4718,5333,	
ADMINISTRACIÓN 10 166 10 3101,3336,3354,3397,3407,3547,3721,3739,3782,3792,	
VÍA(S) 6 166 6 3099,3334,3395,3545,3719,3780,	
	El 2 166 2 3048,3494,	
EXCIPIENTES 2 166 2 3047,3493,	
genética 3 166 3 3037,3483,4806,	
ingeniería 3 166 3 3036,3482,4805,	
DISOLVENTE 3 166 3 3004,3278,3450,	
cabeza 1 166 1 4685,	
AMPOLLAS 2 166 2 3002,3276,	
POLVO 3 166 3 2999,3273,3445,	
ENVASE 5 166 5 2994,3077,3268,3440,3523,	
caducidad 1 166 1 4746,	
EXTERIOR 2 166 2 2993,3439,	
EL 4 166 4 2991,3133,3437,3579,	
FIGURAR 2 166 2 2989,3435,	
QUE 9 166 9 2987,3132,3201,3321,3382,3433,3578,3706,3767,	
uricasa 1 166 1 4110,	
12 3 166 3 2985,3230,3674,	
ADVERTENCIAS 2 166 2 3150,3596,	
11 3 166 3 2982,3209,3653,	
PROSPECTO 2 166 2 2981,3818,	
ETIQUETADO 2 166 2 2979,2984,	
procede 1 166 1 2976,	
EFICAZ 1 166 1 2972,	
UTILIZACIÓN 1 166 1 2969,	
CON 4 166 4 2967,2995,3269,3441,	
RELACIÓN 1 166 1 2966,	
Características 1 166 1 2955,	
Resumen 1 166 1 2952,	
Técnica 1 166 1 2950,	
LOTE 7 166 7 3240,3315,3364,3417,3684,3749,3802,	
Ficha 1 166 1 2949,	
I 1 166 1 2948,	
Anexo 1 166 1 2947,	
(Ver 1 166 1 2946,	
restringida 1 166 1 2945,	
médica 3 166 3 2944,3251,3695,	
prescripción 3 166 3 2943,3250,3694,	
sujeto 3 166 3 2941,3248,3692,	
AL 1 166 1 2933,	
IMPUESTAS 1 166 1 2932,	
USO 5 166 5 2931,3206,3255,3650,3699,	
DISPENSACIÓN 3 166 3 2929,3246,3690,	
RESTRICCIONES 2 166 2 2927,2964,	
· 2 166 2 2924,2961,	
Bondeville 2 166 2 2915,5023,	
Dame 2 166 2 2913,5021,	
Notre 2 166 2 2912,5020,	
76960 2 166 2 2911,5019,	
l'Abbaye 2 166 2 2910,5017,	
rue 2 166 2 2908,5015,	
Production 2 166 2 2906,5013,	
Wellcome 2 166 2 2905,5012,	
Glaxo 2 166 2 2904,5011,	
lotes 1 166 1 2903,	
liberación 1 166 1 2900,	
responsable(s) 1 166 1 2897,	
30390 1 166 1 2887,	
d'Avignon 1 166 1 2886,	
Route 1 166 1 2885,	
Chimie 1 166 1 2884,	
Sanofi 1 166 1 2883,	
biológico(s) 1 166 1 2882,	
activo(s) 1 166 1 2881,	
principio(s) 1 166 1 2880,	
fabricante(s) 2 166 2 2876,2896,	
los) 3 166 3 2875,2879,2895,	
(de 3 166 3 2874,2878,2894,	
dirección 2 166 2 2872,2892,	
Nombre 2 166 2 2870,2890,	
CONDICIONES 8 166 8 2842,2918,2925,2962,3169,3243,3615,3687,	
B 3 166 3 2841,2917,5106,	
LOTES 2 166 2 2840,2869,	
LOS 4 166 4 2839,2868,3199,3645,	
LIBERACIÓN 2 166 2 2837,2866,	
RESPONSABLE(S) 2 166 2 2834,2863,	
FABRICACIÓN 2 166 2 2833,2862,	
TITULAR(ES) 2 166 2 2828,2857,	
BIOLÓGICO(S) 2 166 2 2826,2855,	
ACTIVO(S) 3 166 3 2825,2854,3025,	
PRINCIPIO(S) 3 166 3 2824,2853,3024,	
FABRICANTE(S) 2 166 2 2820,2849,	
II 1 166 1 2818,	
ANEXO 2 166 2 2817,2977,	
eu/ 1 166 1 2815,	
europa 2 166 2 2814,5363,	
emea 2 166 2 2813,5362,	
//www 2 166 2 2812,5361,	
(EMEA) 2 166 2 2810,5359,	
debiera 1 166 1 4497,	
Medicamento 5 166 5 2809,2940,3247,3691,5358,	
Agencia 2 166 2 2806,5355,	
Vía 4 166 4 3126,3349,3572,3734,	
web 2 166 2 2803,5352,	
página 2 166 2 2802,5351,	
disponible 3 166 3 2799,4323,5348,	
TEXTO 1 166 1 2791,	
REVISIÓN 1 166 1 2789,	
2006 1 166 1 2784,	
revalidación 1 166 1 2779,	
última 2 166 2 2778,5338,	
2001 1 166 1 2774,	
Febrero 2 166 2 2772,2782,	
23 5 166 5 2770,2780,4194,5227,5228,	
autorización 3 166 3 2769,4994,5041,	
AUTORIZACIÓN/RENOVACIÓN 1 166 1 2761,	
PRIMERA 1 166 1 2760,	
FECHA 9 166 9 2757,2786,3156,3308,3357,3410,3602,3742,3795,	
	EU/1/00/170/001-002 1 166 1 2755,	
NÚMERO 8 166 8 2750,3238,3313,3362,3415,3682,3747,3800,	
Francia 7 166 7 2748,2889,2916,3229,3673,5006,5024,	
Paris 3 166 3 2747,3228,3672,	
75013 4 166 4 2746,3227,3671,5004,	
Qué 1 166 1 3900,	
F 4 166 4 2744,3225,3669,5002,	
France 5 166 5 2743,3224,3668,5001,5199,	
avenue 4 166 4 2741,3222,3666,4999,	
	sanofi-aventis 2 166 2 2739,3306,	
COMERCIALIZACIÓN 10 166 10 2738,2754,2847,2923,2939,3219,3235,3305,3663,3679,	
AUTORIZACIÓN 13 166 13 2736,2752,2764,2831,2845,2860,2921,2937,3217,3233,3303,3661,3677,	
LA 15 166 15 2735,2759,2763,2788,2830,2836,2844,2859,2865,2920,2936,2968,3216,3302,3660,	
realizar 2 166 2 2726,4503,	
2755224 1 166 1 5331,	
mantenerse 2 166 2 2712,5669,	
ºC) 1 166 1 2706,	
(4 1 166 1 2705,	
refrigerada 2 166 2 2704,5662,	
previamente 4 166 4 2703,4211,5632,5661,	
Europea 2 166 2 2807,5356,	
centrifugación 2 166 2 2699,5657,	
prepararse 1 166 1 2697,	
sumergirse 2 166 2 2686,5643,	
anticoagulante 2 166 2 2682,5638,	
heparina 1 166 1 2680,	
contengan 2 166 2 2679,5636,	
prerrefrigerados 1 166 1 2677,	
201 1 166 1 5288,	
tubos 2 166 2 2676,5631,	
recoger 1 166 1 2674,	
sangre 5 166 5 2671,3964,3993,4513,5627,	
vivo 2 166 2 2669,5623,	
ex 2 166 2 2668,5622,	
analito 2 166 2 2667,5625,	
siguiente 2 166 2 2655,5367,	
rigurosamente 1 166 1 2653,	
tenga 1 166 1 2642,	
deberá 4 166 4 2629,5452,5628,5668,	
Perfusión 2 166 2 2625,5580,	
inmediatamente 7 166 7 2624,3161,3607,4257,4688,5579,5655,	
diluida 3 166 3 2621,4437,5575,	
final 4 166 4 2602,2628,5554,5583,	
posteriormente 3 166 3 2574,4438,5526,	
obtenido 2 166 2 2564,5515,	
requerida 2 166 2 2554,5505,	
cantidad 2 166 2 2551,5502,	
MÍNIMA 5 166 5 3261,3320,3381,3705,3766,	
obtener 4 166 4 2549,2588,5500,5540,	
Fecha 2 166 2 2765,2775,	
corporal 6 166 6 2537,2608,4343,4356,5488,5560,	
depende 4 166 4 2534,2605,5485,5557,	
Dilución 2 166 2 2523,5474,	
reconstituida 8 166 8 2516,2533,2563,2613,5465,5484,5514,5565,	
conservantes 2 166 2 2511,2616,	
+353 1 166 1 5239,	
Todo 1 166 1 2499,	
De 2 166 2 2495,4065,	
partículas 3 166 3 2494,4784,5441,	
incoloras 2 166 2 2492,5438,	
trasparentes 1 166 1 2490,	
soluciones 2 166 2 2489,5435,	
Sólo 1 166 1 2484,	
visualmente 2 166 2 2479,5426,	
V 1 166 1 5107,	
Examinar 1 166 1 2478,	
agitar 3 166 3 2477,4417,5424,	
validadas 3 166 3 2475,5422,5473,	
controladas 4 166 4 2473,2522,5420,5471,	
asépticas 4 166 4 2472,2521,5419,5470,	
suavemente 2 166 2 2469,5416,	
girándolo 1 166 1 2467,	
mezclar 2 166 2 2466,5414,	
Añadir 2 166 2 2453,5399,	
diluirse 5 166 5 2436,2518,2573,5467,5525,	
tendrá 4 166 4 2434,5523,5576,5584,	
concentración 4 166 4 2426,2596,4427,5548,	
80 1 166 1 5153,	
+372 1 166 1 5146,	
obtiene 4 166 4 2421,3480,4422,4803,	
Tras 2 166 2 2417,4418,	
ml) 1 166 1 2416,	
excesivo 1 166 1 3981,	
ml; 1 166 1 2399,	
reconstituir 3 166 3 2391,2408,4369,	
(vial 1 166 1 2383,	
proporcionada 1 166 1 2382,	
174 4 166 4 2740,3221,3665,4998,	
completo 2 166 2 2376,4373,	
manipulaciones 1 166 1 2369,	
comercializados 2 166 2 2356,4986,	
estén 2 166 2 2355,4985,	
Puede 4 166 4 2352,2540,4982,5491,	
10 6 166 6 2329,2785,3188,3634,4959,5135,	
ampolla 17 166 17 2294,2313,2343,2379,2394,2411,2458,3120,3537,3566,4379,4392,4410,4922,4943,4973,5404,	
eu 1 166 1 5364,	
tapón 4 166 4 2286,2335,4914,4965,	
I) 8 166 8 2283,2299,2332,2348,4911,4927,4962,4978,	
+39 1 166 1 5281,	
(tipo 8 166 8 2282,2298,2331,2347,4910,4926,4961,4977,	
vidrio 8 166 8 2277,2296,2326,2345,4905,4924,4956,4975,	
ampollas 3 166 3 2264,3091,4892,	
viales 11 166 11 2255,2275,2324,2547,2571,3088,4883,4903,4954,5498,5522,	
envases 2 166 2 2252,2360,	
Denmark 1 166 1 5102,	
presenta 6 166 6 2250,2273,2322,4693,4901,4952,	
envase 4 166 4 2247,4751,4851,4990,	
contenido 6 166 6 2245,2455,3117,3563,4849,5401,	
Naturaleza 1 166 1 2243,	
diluido 1 166 1 2236,	
200 1 166 1 5289,	
luz 4 166 4 2228,3187,3633,4770,	
protegerlo 3 166 3 2225,3184,4767,	
caucho 4 166 4 2288,2337,4916,4967,	
original 4 166 4 2223,3182,3628,4765,	
embalaje 4 166 4 2222,3181,3627,4764,	
congelar 4 166 4 2218,3177,3623,4760,	
8ºC) 1 166 1 2216,	
(entre 2 166 2 2213,4755,	
36 1 166 1 5219,	
nevera 4 166 4 2212,3175,3621,4754,	
conservación 2 166 2 2206,2233,	
Precauciones 2 166 2 2203,2363,	
+2ºC 1 166 1 2198,	
adquiridos 1 166 1 4298,	
estabilidad 1 166 1 2183,	
	rasburicasa 1 166 1 3472,	
demostrado 1 166 1 2180,	
después 5 166 5 2170,2185,3162,3608,4741,	
recomienda 1 166 1 2166,	
aparece 1 166 1 4748,	
años 1 166 1 2164,	
validez 1 166 1 2162,	
14 2 166 2 3242,3686,	
Periodo 1 166 1 2160,	
dilución 5 166 5 2152,2175,2192,3167,3613,	
glucosa 1 166 1 2150,	
filtro 1 166 1 2139,	
quimioterapéuticos 2 166 2 2103,2129,	
agentes 2 166 2 2102,2128,	
mencionados 1 166 1 2078,	
excepto 1 166 1 2075,	
mezclarse 1 166 1 2072,	
Incompatibilidades 1 166 1 2067,	
inyectables 4 166 4 2064,3070,3516,4844,	
preparaciones 4 166 4 2063,3069,3515,4843,	
agua 4 166 4 2061,3067,3513,4841,	
188 4 166 4 2060,3066,3512,4840,	
Disolvente 5 166 5 2058,3064,3398,3510,3783,	
dihidrógeno 4 166 4 2054,3060,3506,4828,	
dihidrato 8 166 8 2053,2057,3059,3063,3505,3509,4827,4831,	
dodecahidrato 4 166 4 2050,3056,3502,4824,	
disódico 8 166 8 2049,2052,3055,3058,3501,3504,4823,4826,	
manitol 4 166 4 2047,3053,3499,4821,	
alanina 4 166 4 2046,3052,3498,4820,	
Polvo 3 166 3 2045,2207,4852,	
Lista 1 166 1 2042,	
	6 1 166 1 2040,	
515 1 166 1 5323,	
FARMACÉUTICOS 1 166 1 2039,	
interpretación 1 166 1 2028,	
dificulta 1 166 1 2026,	
estándar 1 166 1 2025,	
endógena 1 166 1 2020,	
presencia 1 166 1 2017,	
genotoxicidad 1 166 1 2015,	
repetidas 1 166 1 2013,	
toxicidad 1 166 1 2010,	
CONSERVACIÓN 3 166 3 3172,3618,4724,	
farmacología 1 166 1 2007,	
convencionales 1 166 1 2005,	
según 2 166 2 2002,4340,	
riesgos 1 166 1 1996,	
+45 1 166 1 5109,	
muestran 1 166 1 1995,	
preclínicos 1 166 1 1984,	
Datos 1 166 1 1983,	
farmacocinética 1 166 1 1977,	
afectar 1 166 1 1974,	
debería 1 166 1 1973,	
ocurra 1 166 1 1965,	
prevé 1 166 1 1961,	
Puesto 1 166 1 1958,	
minoritaria 1 166 1 1957,	
considerada 1 166 1 1951,	
esperan 1 166 1 1941,	
péptica 2 166 2 1937,1968,	
riñones 4 166 4 4009,4016,4036,4070,	
hidrólisis 2 166 2 1936,1967,	
trastorno 1 166 1 4134,	
decir 1 166 1 1935,	
metabólica 1 166 1 1930,	
degradación 3 166 3 1929,2665,5621,	
tamaños 2 166 2 2358,4988,	
ruta 1 166 1 1927,	
siga 1 166 1 1925,	
2) 2 166 2 1921,2960,	
espera 2 166 2 1915,1923,	
1) 1 166 1 1912,	
baja 1 166 1 1896,	
sistémica 1 166 1 1894,	
sodio 2 166 2 2581,5536,	
consiguiente 1 166 1 1891,	
(aprox 1 166 1 1887,	
parece 1 166 1 1880,	
limitados 1 166 1 1879,	
adolescentes 2 166 2 1875,1900,	
farmacocinéticos 1 166 1 1870,	
incluidos 1 166 1 1866,	
19 1 166 1 1862,	
semivida 1 166 1 1858,	
Solamente 1 166 1 5442,	
ml/h/kg 1 166 1 1855,	
aprox 1 166 1 1852,	
fisiológico 1 166 1 1846,	
vascular 1 166 1 1845,	
similar 1 166 1 1842,	
ml/kg 1 166 1 1838,	
127 1 166 1 1837,	
110 1 166 1 1835,	
distribución 1 166 1 1832,	
volumen 10 166 10 1830,1844,2375,2529,2559,2590,4372,5480,5510,5542,	
rango 1 166 1 1828,	
inesperada 1 166 1 1822,	
21493022 1 166 1 5098,	
acumulación 1 166 1 1821,	
- 17 166 17 1814,1836,2745,3226,3670,3845,3857,3866,4088,4093,4100,4120,4791,4813,4832,5003,5182,	
alcanzan 1 166 1 1810,	
estacionario 1 166 1 1808,	
Después 1 166 1 1790,	
farmacocinéticas 1 166 1 1789,	
términos 1 166 1 1781,	
conclusiones 1 166 1 1773,	
0050 1 166 1 5080,	
DEBE 8 166 8 2988,3135,3322,3383,3434,3581,3707,3768,	
mostró 1 166 1 1772,	
867 1 166 1 1749,	
análisis 1 166 1 1745,	
plazo 1 166 1 1743,	
perfil 1 166 1 1729,	
consistentes 2 166 2 1726,1774,	
seguridad 6 166 6 1721,1740,1785,1986,2009,4061,	
1% 1 166 1 1717,	
baja) 1 166 1 4636,	
96 1 166 1 1716,	
úrico) 1 166 1 1714,	
(normalización 1 166 1 1706,	
total 4 166 4 1705,1736,2591,5543,	
resto 1 166 1 2500,	
respuesta 1 166 1 1704,	
tasa 1 166 1 1702,	
evaluables 1 166 1 1699,	
229 1 166 1 1697,	
eficacia 2 166 2 1695,1783,	
resultados 3 166 3 1693,1719,2031,	
Los 6 166 6 1692,1718,1864,1987,4814,4833,	
días) 2 166 2 1691,1771,	
(principalmente 2 166 2 1686,1766,	
15 3 166 3 1676,3252,3696,	
Tenga 1 166 1 4137,	
ESPECIAL 2 166 2 3130,3576,	
años) 2 166 2 1669,1753,	
246 2 166 2 1665,1723,	
trataron 1 166 1 1664,	
pivotales 2 166 2 1662,1779,	
calcio/fósforo 1 166 1 1657,	
deterioro 1 166 1 1648,	
posterior 1 166 1 1647,	
evitando 1 166 1 1645,	
sérico 1 166 1 1644,	
fosfato 13 166 13 1643,2048,2051,2055,3054,3057,3061,3500,3503,3507,4822,4825,4829,	
eficaz 1 166 1 1641,	
excreción 1 166 1 1640,	
función 2 166 2 1632,1651,	
mejoría 1 166 1 1629,	
acompaña 1 166 1 1626,	
población 2 166 2 1624,1735,	
rápido 1 166 1 1617,	
2ºC 1 166 1 2214,	
Además 1 166 1 1615,	
24 4 166 4 1611,1764,2195,5316,	
hiperuricémicos 1 166 1 1602,	
confirmada 1 166 1 1593,	
normalización 1 166 1 1592,	
(-12 1 166 1 1584,	
comparado 1 166 1 1578,	
0%) 1 166 1 1577,	
(-86 1 166 1 1576,	
basal 1 166 1 1570,	
nivel 4 166 4 1569,3983,5598,5678,	
concentraciones 2 166 2 1562,1804,	
porcentual 1 166 1 1558,	
variación 1 166 1 1557,	
0001) 1 166 1 1554,	
(p 1 166 1 1551,	
significativa 1 166 1 1550,	
aclaramiento 2 166 2 1848,1883,	
diferencia 1 166 1 1549,	
grave 2 166 2 3878,4707,	
primera 3 166 3 1544,1591,2768,	
horas 7 166 7 1541,1606,1612,1863,2196,2730,5686,	
A 9 166 9 1538,1634,2819,2848,2983,3262,5180,5186,5277,	
Ireland 2 166 2 5229,5232,	
comparación 1 166 1 1535,	
rápida 1 166 1 1531,	
significativamente 1 166 1 1529,	
utilizando 2 166 2 1521,4288,	
circulante 2 166 2 3961,3987,	
aleatorizado 1 166 1 1520,	
III 2 166 2 1519,2978,	
fase 1 166 1 1518,	
comparativo 1 166 1 1516,	
exceso 1 166 1 4014,	
vial 9 166 9 2209,2304,2400,2462,3534,4381,4399,4934,5409,	
clínico 1 166 1 1515,	
cuidado 1 166 1 4139,	
ensayo 1 166 1 1514,	
Reconstitución 2 166 2 2449,5395,	
mg/kg 2 166 2 1505,1509,	
detallada 2 166 2 2794,5343,	
05 1 166 1 1504,	
descenso 1 166 1 1489,	
notable 1 166 1 1488,	
observó 4 166 4 1486,1526,1547,1819,	
congénita 1 166 1 1481,	
déficit 2 166 2 1473,4128,	
incrementa 1 166 1 1465,	
CONTENIDO 6 166 6 3075,3367,3420,3521,3752,3805,	
únicamente 2 166 2 1463,5371,	
endógenos 1 166 1 1461,	
antioxidantes 1 166 1 1460,	
eliminado 1 166 1 1458,	
adultos 2 166 2 1903,4364,	
normales 2 166 2 1455,3996,	
incremento 3 166 3 1445,3956,3980,	
estequiométrica 1 166 1 1439,	
periódico 1 166 1 4506,	
formación 1 166 1 1438,	
mayor 2 166 2 1886,4058,	
conduce 1 166 1 1435,	
fácilmente 1 166 1 1425,	
cataliza 1 166 1 1410,	
potencia 1 166 1 1408,	
uricolítico 1 166 1 1405,	
agente 1 166 1 1404,	
tumorales 1 166 1 1377,	
células 2 166 2 1376,4245,	
Conservar 7 166 7 2219,3173,3178,3619,3624,4752,4761,	
masiva 1 166 1 1374,	
conlleva 1 166 1 1371,	
agudo 1 166 1 1358,	
catabólica 1 166 1 1352,	
producto 5 166 5 1348,1420,2069,4531,4847,	
último 3 166 3 1347,2708,5665,	
V03AF07 1 166 1 1338,	
ATC 1 166 1 1337,	
código 1 166 1 1336,	
antineoplásicos 1 166 1 1335,	
tratamientos 1 166 1 1334,	
detoxificantes 1 166 1 1332,	
farmacoterapéutico 1 166 1 1330,	
Grupo 1 166 1 1329,	
farmacodinámicas 1 166 1 1328,	
conservar 1 166 1 2210,	
Propiedades 2 166 2 1327,1788,	
	5 1 166 1 1325,	
ESTE 1 166 1 1323,	
Estonia 1 166 1 5141,	
FARMACOLÓGICAS 1 166 1 1321,	
PROPIEDADES 1 166 1 1320,	
específico 2 166 2 1316,4081,	
CADUCIDAD 7 166 7 3158,3310,3359,3412,3604,3744,3797,	
antídoto 1 166 1 1315,	
monitorizar 2 166 2 1297,5596,	
antineoplásico 1 166 1 3942,	
recibir 1 166 1 1292,	
podido 1 166 1 1291,	
paciente 6 166 6 1289,2539,2610,5490,5562,5604,	
producción 1 166 1 1277,	
detectables 1 166 1 1267,	
plasmáticos 3 166 3 1263,1362,1493,	
dará 1 166 1 1259,	
sobredosis 2 166 2 1258,1294,	
(tensión 1 166 1 4634,	
acción 2 166 2 1254,1528,	
Según 2 166 2 1250,1876,	
Sobredosis 1 166 1 1249,	
intervalo 2 166 2 1244,1499,	
gravedad 1 166 1 1240,	
decreciente 1 166 1 1238,	
orden 1 166 1 1237,	
lugar 2 166 2 1228,1260,	
alteraciones 1 166 1 1225,	
obstante 1 166 1 2177,	
Fiebre 1 166 1 1224,	
generales 3 166 3 1222,1305,4518,	
Diarrea 1 166 1 1220,	
gastrointestinales 1 166 1 1219,	
Cefalea 1 166 1 1217,	
sistema 1 166 1 1215,	
Trastornos 3 166 3 1213,1218,1221,	
Agentes 1 166 1 1331,	
1/100) 1 166 1 1212,	
000 1 166 1 1210,	
< 3 166 3 1204,1211,1552,	
1/100 3 166 3 1203,4586,4597,	
( 2 166 2 1202,1208,	
frecuente 4 166 4 1201,1207,4579,4592,	
1/1 1 166 1 1209,	
definen 1 166 1 1199,	
aumento 2 166 2 1274,1357,	
frecuencias 1 166 1 1197,	
frecuencia 2 166 2 1195,1246,	
sistemas 1 166 1 1192,	
órganos 1 166 1 1190,	
clasificadas 1 166 1 1188,	
atribuibles 1 166 1 1180,	
posiblemente 1 166 1 1179,	
grado 1 166 1 1175,	
enumeran 2 166 2 1170,1235,	
Asimismo 2 166 2 1168,4671,	
produce 2 166 2 1164,3034,	
enzimática 3 166 3 1154,1413,1431,	
deficiencia 1 166 1 1139,	
observado 3 166 3 1129,4618,4639,	
causados 2 166 2 1124,4607,	
estaban 1 166 1 1123,	
eliminación 4 166 4 1860,1945,1956,2366,	
frecuentemente 1 166 1 1122,	
hematológicos 1 166 1 1113,	
ensayos 4 166 4 1109,1186,1660,1777,	
práctica 1 166 1 5386,	
rinitis 2 166 2 1092,4645,	
broncoespasmo 1 166 1 1089,	
1%) 6 166 6 1088,1091,1095,1102,1107,1585,	
(< 7 166 7 1087,1090,1093,1101,1105,1667,1751,	
hipotensión 2 166 2 1086,4633,	
atribuido 1 166 1 1081,	
También 1 166 1 1078,	
rash 1 166 1 1077,	
principalmente 2 166 2 1076,1872,	
EN 22 166 22 2965,2990,3258,3264,3324,3368,3370,3373,3385,3421,3423,3426,3436,3702,3709,3753,3755,3758,3770,3806,3808,3811,	
desecharse 1 166 1 2506,	
frecuentes 5 166 5 1075,4603,4621,4656,4677,	
significativas 1 166 1 1071,	
fármaco 1 166 1 1069,	
concomitante 1 166 1 1062,	
subyacente 1 166 1 1057,	
enfermedad 2 166 2 1056,3944,	
esperados 1 166 1 1052,	
media 2 166 2 1559,4463,	
adversos 7 166 7 1051,3874,3920,4552,4575,4602,4703,	
incidencia 1 166 1 1048,	
alta 1 166 1 1047,	
debido 5 166 5 1044,1148,1387,1653,2153,	
causalidad 1 166 1 1039,	
purinas 1 166 1 1355,	
valorar 1 166 1 1037,	
difícil 1 166 1 1036,	
avanzadas 1 166 1 1031,	
malignas 1 166 1 1030,	
soporte 3 166 3 1023,1307,4520,	
especial 1 166 1 4138,	
concomitantemente 1 166 1 1019,	
Reacciones 1 166 1 1014,	
máquinas 4 166 4 995,1011,4319,4331,	
utilizar 10 166 10 994,1010,2137,2146,2487,3107,3553,4330,5429,5433,	
capacidad 4 166 4 990,1006,4020,4326,	
Efectos 2 166 2 987,4601,	
materna 1 166 1 984,	
leche 1 166 1 983,	
excreta 2 166 2 980,1424,	
http 2 166 2 2811,5360,	
conoce 1 166 1 975,	
embarazo 2 166 2 970,4311,	
desconocido 1 166 1 963,	
potencial 2 166 2 959,2156,	
post-natal 1 166 1 952,	
baño 4 166 4 2689,2715,5646,5672,	
desarrollo 1 166 1 951,	
parto 1 166 1 949,	
efectos 8 166 8 947,1003,1050,3873,3919,4551,4574,4702,	
Ísland 1 166 1 5251,	
respecto 2 166 2 944,5029,	
animales 2 166 2 943,2024,	
estudios 7 166 7 941,1000,1738,1869,1991,2004,2034,	
realizado 2 166 2 940,999,	
embarazadas 1 166 1 936,	
cutáneas 1 166 1 4615,	
mujeres 1 166 1 935,	
	INFORMACIÓN 4 166 4 3319,3380,3432,3765,	
requerido 4 166 4 2530,2560,5481,5511,	
exposición 2 166 2 931,1893,	
clínicos 7 166 7 928,1110,1187,1661,1778,1993,2036,	
lactancia 4 166 4 924,972,4303,4314,	
Embarazo 2 166 2 922,4301,	
farmacológicas 2 166 2 919,1943,	
interacciones 2 166 2 918,1942,	
improbables 1 166 1 916,	
son 3 166 3 915,4819,4838,	
Al 2 166 2 909,4147,	
metabolismo 2 166 2 908,1964,	
estudio 1 166 1 906,	
086 1 166 1 5094,	
cabo 1 166 1 904,	
llevado 1 166 1 902,	
ADVERTENCIA 2 166 2 3129,3575,	
interacción 1 166 1 898,	
Producto 1 166 1 2957,	
formas 1 166 1 896,	
Interacción 1 166 1 889,	
muestras 9 166 9 882,2637,2661,2684,2693,5592,5614,5641,5650,	
estricto 2 166 2 878,5610,	
seguir 3 166 3 875,2652,5607,	
asegurar 1 166 1 859,	
alopurinol 5 166 5 856,1537,1583,1614,4274,	
secuencial 2 166 2 852,4270,	
bajos 1 166 1 1264,	
disponibles 3 166 3 847,929,4265,	
mieloproliferativas 1 166 1 843,	
enfermedades 1 166 1 842,	
relacionada 1 166 1 840,	
sospecha 1 166 1 1286,	
investigado 1 166 1 835,	
monitorizados 1 166 1 830,	
anomalías 1 166 1 822,	
disolvente) 1 166 1 4415,	
efectivo 1 166 1 816,	
nervioso 1 166 1 1216,	
hipocalcemia 1 166 1 812,	
hiperpotasemia 1 166 1 810,	
hiperfosfatemia 1 166 1 809,	
centrífuga 2 166 2 2702,5660,	
provocar 3 166 3 808,3954,4164,	
derivada 1 166 1 799,	
renales 2 166 2 798,1399,	
túbulos 2 166 2 797,1398,	
cristales 2 166 2 791,1392,	
13 2 166 2 3237,3681,	
precipitación 3 166 3 789,1390,1656,	
70 1 166 1 5112,	
causado 1 166 1 786,	
fallo 2 166 2 784,1385,	
desarrollar 1 166 1 782,	
mecanismo 2 166 2 776,1252,	
normales; 1 166 1 773,	
debajo 1 166 1 769,	
reduce 2 166 2 762,778,	
caso 5 166 5 737,2639,4029,4086,4229,	
hemólisis 6 166 6 727,1116,1301,1471,4252,4668,	
adecuadas 2 166 2 717,753,	
mg/1 2 166 2 3029,3094,	
medidas 4 166 4 716,752,1304,4517,	
significativo 1 166 1 3957,	
iniciar 3 166 3 715,750,1303,	
desarrollado 1 166 1 710,	
interrumpir 1 166 1 696,	
recibían 2 166 2 690,731,	
notificado 2 166 2 683,724,	
sanos 2 166 2 680,1484,	
voluntarios 2 166 2 679,1483,	
anti- 1 166 1 670,	
anticuerpos 1 166 1 669,	
detectado 1 166 1 668,	
han 13 166 13 667,682,723,901,939,998,1080,1128,4605,4617,4638,4652,4673,	
repetidamente 1 166 1 656,	
tratados 3 166 3 655,1754,4210,	
sido 5 166 5 654,834,4209,4606,5335,	
hayan 3 166 3 653,709,4208,	
hay 5 166 5 647,845,926,4263,4321,	
Actualmente 1 166 1 645,	
atópica 1 166 1 644,	
alergia 2 166 2 643,4146,	
antecedentes 3 166 3 641,4123,4144,	
Se 12 166 12 633,666,681,694,722,1127,2165,4467,4476,4616,4637,4651,	
adecuada 1 166 1 632,	
terapia 1 166 1 631,	
iniciarse 1 166 1 629,	
permanentemente 3 166 3 626,704,746,	
inmediato 4 166 4 624,702,744,2169,	
interrumpido 2 166 2 622,742,	
poloxámero 4 166 4 2059,3065,3511,4839,	
casos 9 166 9 617,684,725,1084,1142,4619,4640,4654,4675,	
En 12 166 12 615,735,1108,1339,1482,1512,1659,1737,1825,2638,4027,4498,	
anafilaxis 1 166 1 4643,	
Manipulación 2 166 2 2634,5590,	
8) 3 166 3 614,721,757,	
conducir 4 166 4 992,1008,1379,4328,	
anafilaxia 2 166 2 610,1104,	
incluyendo 2 166 2 609,1103,	
hipersensibilidad 3 166 3 608,1100,4623,	
PRINCIPIO 1 166 1 3470,	
graves 2 166 2 606,1098,	
especialmente 1 166 1 604,	
permite 1 166 1 1638,	
alérgico 4 166 4 603,4103,4168,4189,	
tipo 5 166 5 602,2107,4167,4188,4626,	
adversas 7 166 7 600,1015,1043,1065,1173,1233,1732,	
reacciones 13 166 13 599,605,1042,1064,1073,1097,1172,1232,1731,4165,4186,4225,4613,	
aparición 2 166 2 596,1299,	
estrechamente 2 166 2 591,829,	
monitorizarse 2 166 2 590,2644,	
demuestra 1 166 1 585,	
clínica 2 166 2 582,4204,	
experiencia 2 166 2 581,4203,	
humanos 4 166 4 579,961,1341,2001,	
metahemoglobinemia 6 166 6 686,711,1120,1147,4249,4670,	
seres 3 166 3 578,1340,2000,	
alérgicas 4 166 4 576,1074,4226,4614,	
respuestas 1 166 1 575,	
871600 1 166 1 5298,	
inducir 1 166 1 574,	
proteínas 4 166 4 572,1920,1933,4151,	
transcurrido 1 166 1 1588,	
Advertencias 1 166 1 563,	
contraindicada 1 166 1 555,	
está 8 166 8 554,1950,2798,3989,4011,4287,5347,5369,	
inducida 1 166 1 546,	
posible 1 166 1 543,	
Por 8 166 8 538,823,1282,2707,4216,5460,5570,5664,	
conversión 2 166 2 532,1153,	
derivado 1 166 1 529,	
subproducto 1 166 1 528,	
hidrógeno 6 166 6 525,551,1167,1281,1443,1449,	
peróxido 6 166 6 523,549,1165,1279,1441,1447,	
hemolítica 5 166 5 521,545,1118,1145,4126,	
plasmáticas 1 166 1 1563,	
anemia 6 166 6 520,544,1117,1144,1480,4125,	
causan 1 166 1 519,	
celulares 1 166 1 517,	
metabólicos 1 166 1 516,	
trastornos 5 166 5 515,560,1112,4239,4658,	
Deficiencia 1 166 1 510,	
activo 2 166 2 503,4794,	
principio 2 166 2 502,4793,	
Hipersensibilidad 1 166 1 500,	
Contraindicaciones 1 166 1 499,	
ajuste 2 166 2 488,4080,	
ningún 6 166 6 487,905,1314,2138,5458,5568,	
Como 1 166 1 483,	
Niños 2 166 2 482,1658,	
ajustar 1 166 1 479,	
necesario 6 166 6 478,486,2542,4078,5493,5595,	
No 25 166 25 476,844,899,925,937,973,996,1817,2134,2143,2176,2217,2476,2975,3176,3622,4097,4262,4304,4320,4416,4738,4759,4771,5423,	
35%) 1 166 1 1888,	
hepática 3 166 3 475,1971,4090,	
Pacientes 1 166 1 470,	
poblaciones 2 166 2 468,1131,	
adicional 2 166 2 466,3927,	
plasma 7 166 7 460,867,1708,2695,2710,5652,5667,	
notificadas 1 166 1 1183,	
determinación 3 166 3 454,861,2720,	
manipulación 5 166 5 449,880,2658,5391,5612,	
conteniendo 1 166 1 2463,	
especiales 7 166 7 446,469,566,637,1997,2204,2364,	
precauciones 3 166 3 445,565,636,	
deben 10 166 10 443,589,634,714,749,827,2486,2685,2696,5432,	
vitro 1 166 1 441,	
in 1 166 1 440,	
l'étranger 1 166 1 5222,	
degradar 1 166 1 436,	
Dado 1 166 1 431,	
instrucciones 1 166 1 424,	
salina 2 166 2 412,2123,	
lavarse 2 166 2 409,2120,	
alternativa 2 166 2 405,2116,	
Si 11 166 11 399,2110,3858,3867,4010,4142,4236,4491,4521,4696,5593,	
medicamentos 8 166 8 398,893,4193,4279,4295,4547,4569,5691,	
incompatibilidad 3 166 3 395,2109,2157,	
evitar 5 166 5 393,541,2105,2663,3978,	
quimioterápicos 2 166 2 391,417,	
utilizada 3 166 3 385,2096,2504,	
diferente 2 166 2 382,2093,	
vía 11 166 11 381,404,407,1351,1427,1954,2092,2115,2118,4160,4455,	
identificado 1 166 1 1313,	
perfundirse 7 166 7 369,378,2089,2623,2630,5578,5586,	
citorreductora 3 166 3 362,1027,1369,	
pauta 1 166 1 356,	
cambiar 1 166 1 351,	
requiere 1 166 1 350,	
criterio 1 166 1 343,	
séricos 1 166 1 336,	
niveles 11 166 11 335,764,772,1262,1361,1454,1492,1596,1711,2646,3971,	
adecuado 1 166 1 332,	
(reacciones 1 166 1 4624,	
control 3 166 3 331,1618,4505,	
basarse 1 166 1 328,	
agua/hielo 2 166 2 2691,2717,	
exacta 3 166 3 326,862,4488,	
días 5 166 5 323,1685,1765,1816,4475,	
DIRECCIÓN 2 166 2 3212,3656,	
7 15 166 15 322,986,1690,2306,2402,2732,3148,3473,3538,3594,3760,3786,4401,4474,4936,	
duración 3 166 3 313,325,4487,	
muestra 1 166 1 452,	
6) 2 166 2 311,886,	
apartado 6 166 6 309,612,719,755,884,954,	
hidrosoluble 1 166 1 1421,	
(ver 6 166 6 308,611,718,754,883,953,	
minutos 5 166 5 307,372,2633,4466,5589,	
30 5 166 5 306,371,2632,4465,5588,	
9%) 5 166 5 304,2448,2586,4449,5538,	
(0 5 166 5 303,2447,2585,4448,5537,	
sódico 7 166 7 299,2056,2443,3062,3508,4447,4830,	
cloruro 5 166 5 298,2442,2579,4446,5534,	
administrará 3 166 3 4453,4468,4562,	
50 4 166 4 293,2593,5303,5545,	
intravenosa 8 166 8 291,2440,3127,3350,3573,3735,4161,4456,	
día 3 166 3 287,4358,4472,	
vez 4 166 4 285,1636,4470,5339,	
aparecen 1 166 1 4237,	
administra 2 166 2 283,1018,	
mg/kg/día 6 166 6 280,496,1677,1680,1760,1802,	
Utilizar 2 166 2 3160,3606,	
20 7 166 7 279,495,1508,1679,1759,1801,4350,	
0 13 166 13 278,494,1094,1106,1503,1507,1553,1675,1758,1800,4349,5156,5209,	
recomendada 4 166 4 273,491,1524,4346,	
dosis 12 166 12 272,481,490,1501,1523,1545,1673,1798,2012,4084,4337,4345,	
náuseas 1 166 1 4681,	
horario 1 166 1 353,	
La 32 166 32 271,312,345,364,373,580,758,803,1400,1429,1944,2016,2084,2595,2611,2626,2670,2792,3031,3110,3477,3556,3943,4344,4365,4800,5341,5366,5547,5563,5581,5626,	
tratamiento 18 166 18 270,315,619,665,674,691,698,732,739,819,870,1021,1061,3941,3952,4233,4254,4490,	
LOS) 2 166 2 2823,2852,	
relacionadas 1 166 1 1066,	
múltiples 2 166 2 268,662,	
ciclos 2 166 2 267,663,	
recomendar 3 166 3 266,661,849,	
Leer 2 166 2 3102,3548,	
datos 8 166 8 263,649,846,927,1747,1878,1988,4264,	
suficientes 2 166 2 262,648,	
desechar 1 166 1 5453,	
republika 2 166 2 5082,5253,	
existen 1 166 1 261,	
+359 1 166 1 5071,	
actualmente 1 166 1 259,	
dado 1 166 1 257,	
hospital 1 166 1 4500,	
durante 14 166 14 251,305,370,447,868,968,1366,1681,1761,2140,2631,4309,4461,5587,	
3) 2 166 2 956,1938,	
utilizarse 4 166 4 248,402,967,2113,	
alantoína) 1 166 1 4046,	
sólo 1 166 1 246,	
hematológicas 1 166 1 244,	
neoplasias 2 166 2 243,1029,	
cualificado 1 166 1 239,	
médico 10 166 10 238,344,3865,3893,4178,4283,4484,4535,4691,4722,	
EMBALAJE 1 166 1 2992,	
supervisión 1 166 1 235,	
administrarse 1 166 1 233,	
Slovakia 1 166 1 5258,	
debe 37 166 37 232,247,327,368,377,408,620,628,695,740,874,966,1296,2071,2088,2119,2136,2145,2371,2505,2517,2572,2622,2651,2673,2711,2725,3112,3558,4255,4306,4368,4388,4406,4435,4502,5466,	
efecto 4 166 4 3883,4577,4589,4712,	
administración 6 166 6 230,346,759,1230,2557,5508,	
forma 3 166 3 228,4260,4458,	
reconstituirse 3 166 3 2372,4389,4407,	
Posología 1 166 1 226,	
niños 7 166 7 1873,1898,3147,3593,4096,4361,4737,	
quimioterapia 6 166 6 223,241,256,361,1026,1368,	
inicio 4 166 4 220,253,358,593,	
rápidas 1 166 1 218,	
reducción 1 166 1 216,	
VIALES 2 166 2 2997,3271,	
lisis 3 166 3 214,804,1373,	
riesgo 6 166 6 212,780,958,1133,1467,4223,	
tumoral 3 166 3 210,217,805,	
carga 1 166 1 209,	
elevada 2 166 2 208,1407,	
maligna 1 166 1 206,	
hematológica 2 166 2 205,3945,	
neoplasia 1 166 1 204,	
pacientes 22 166 22 202,557,588,639,651,676,688,707,729,826,837,1137,1469,1478,1601,1666,1698,1724,1750,1826,1865,4206,	
renal 11 166 11 199,473,785,1386,1428,1633,1652,1849,1884,1946,4092,	
insuficiencia 5 166 5 198,472,1382,1970,4089,	
prevenir 1 166 1 196,	
aguda 2 166 2 194,200,	
hiperuricemia 3 166 3 193,802,839,	
profilaxis 1 166 1 190,	
Este 3 166 3 2068,4450,5332,	
Tratamiento 1 166 1 188,	
terapéuticas 1 166 1 187,	
Indicaciones 1 166 1 186,	
	4 1 166 1 184,	
CLÍNICOS 1 166 1 183,	
DATOS 2 166 2 182,2038,	
4 30 166 30 181,224,497,561,562,613,720,756,887,920,985,1012,1178,1247,1540,1605,1770,2202,2729,2959,3071,3312,3361,3414,3517,3746,3799,3917,4538,5685,	
incoloro 2 166 2 180,4879,	
e 9 166 9 179,811,1302,1383,2491,4632,4647,4878,5437,	
transparente 11 166 11 178,2278,2297,2327,2346,4781,4877,4906,4925,4957,4976,	
líquido 2 166 2 177,4876,	
aglomerado 2 166 2 170,4869,	
aspecto 2 166 2 169,4868,	
blanquecino 2 166 2 167,4866,	
o 37 166 37 166,171,215,354,474,504,971,1146,1265,1678,2174,2569,2951,3166,3612,3879,3894,3976,4091,4111,4131,4250,4284,4289,4536,4669,4708,4865,4870,5087,5163,5164,5236,5237,5261,5374,5520,	
blanco 2 166 2 165,4864,	
El 21 166 21 162,173,522,957,1356,1444,1586,1847,2270,2319,2507,2528,2558,4792,4861,4872,4898,4949,5454,5479,5509,	
G6PDH 4 166 4 512,1141,1475,4130,	
	Polvo 3 166 3 153,3078,3524,	
FARMACÉUTICA 3 166 3 152,3073,3519,	
FORMA 9 166 9 151,3072,3097,3352,3405,3518,3543,3737,3790,	
6 26 166 26 148,310,429,430,463,464,885,921,2037,2065,2082,2083,2158,2201,2239,2241,2361,2362,3128,3378,3430,3574,3763,3815,3925,4785,	
sección 7 166 7 147,428,462,2081,2238,2958,5378,	
mostraron 1 166 1 1700,	
ver 4 166 4 146,427,461,2237,	
excipientes 3 166 3 145,509,2044,	
completa 1 166 1 143,	
Aramon 1 166 1 2888,	
lista 1 166 1 142,	
consultar 1 166 1 140,	
Para 4 166 4 139,422,858,2229,	
	La 1 166 1 4336,	
9 10 166 10 138,301,1248,2445,2583,2756,3168,3614,4443,5531,	
8 7 166 7 137,1013,1684,2749,2816,3155,3601,	
pH 1 166 1 136,	
+8ºC 1 166 1 2200,	
TEA 1 166 1 135,	
Conservación 1 166 1 3922,	
tampón 1 166 1 134,	
± 1 166 1 131,	
ºC 2 166 2 130,133,	
+30 2 166 2 129,5165,	
condiciones 6 166 6 128,2231,2471,2520,5418,5469,	
siguientes 3 166 3 127,2731,5687,	
SU 2 166 2 3205,3649,	
minuto 1 166 1 124,	
alantoína 4 166 4 122,537,1159,1418,	
úrico 31 166 31 120,339,439,457,535,767,794,865,1157,1270,1344,1365,1395,1416,1434,1496,1566,1599,1621,2649,2723,3960,3975,3986,3999,4026,4032,4041,4481,5601,5681,	
ácido 32 166 32 119,338,438,456,534,766,793,864,1156,1269,1343,1364,1394,1415,1433,1495,1565,1598,1620,1713,2648,2722,3959,3974,3985,3998,4025,4031,4040,4480,5600,5680,	
mol 1 166 1 117,	
transforma 2 166 2 115,4038,	
ahora 1 166 1 4201,	
INFORMACIÓN 6 166 6 2986,3257,3260,3701,3704,4786,	
1/10) 1 166 1 1205,	
actividad 1 166 1 111,	
(UAE) 1 166 1 107,	
Enzimática 1 166 1 106,	
Actividad 1 166 1 105,	
Unidad 1 166 1 103,	
*Una 1 166 1 102,	
TITULAR 5 166 5 2733,2934,3214,3300,3658,	
UAE* 1 166 1 101,	
18 3 166 3 99,1668,1752,	
corresponde 2 166 2 97,108,	
kDa 1 166 1 94,	
34 2 166 2 93,5148,	
aproximadamente 1 166 1 92,	
molecular 1 166 1 90,	
peso 7 166 7 89,2536,2607,4342,4355,5487,5559,	
idénticas 1 166 1 86,	
oxidación 2 166 2 1412,1430,	
procedimiento 3 166 3 877,2656,5609,	
subunidades 1 166 1 85,	
Las 7 166 7 1063,1196,1231,2683,2692,5640,5649,	
tetramérica 1 166 1 83,	
proteína 2 166 2 82,1907,	
Rasburicasa 4 166 4 79,569,1904,2370,	
modificada 1 166 1 78,	
genéticamente 1 166 1 77,	
cerevisiae 4 166 4 76,3043,3489,4812,	
respiratorias 1 166 1 4631,	
Saccharomyces 4 166 4 75,3042,3488,4811,	
MATERIALES 2 166 2 3200,3646,	
cepa 4 166 4 73,3040,3486,4809,	
partir 3 166 3 70,2566,5517,	
obtenida 1 166 1 68,	
modelos 1 166 1 2023,	
urato-oxidasa 2 166 2 67,2019,	
recombinante 1 166 1 66,	
enzima 3 166 3 65,113,914,	
(DE 2 166 2 2822,2851,	
rasburicasa 52 166 52 61,348,367,376,421,434,553,671,912,933,978,1162,1401,1671,1756,1795,1824,1949,1980,2087,2133,2261,2310,2389,2406,2432,2464,2553,2598,3022,3026,3032,3296,3348,3400,3468,3478,3733,3785,4107,4213,4366,4387,4405,4433,4796,4801,4889,4940,5412,5504,5550,	
mg 15 166 15 59,96,2259,2308,2387,2404,3377,3403,3762,3788,4351,4385,4403,4887,4938,	
contiene 9 166 9 56,2510,2615,3051,3497,4783,5411,5457,5567,	
Fasturtec 52 166 52 55,62,231,245,275,281,317,584,658,693,700,734,761,813,831,854,872,964,1016,1083,1126,1182,1256,1318,1511,1533,1575,1608,2248,3337,3722,3820,3902,3912,3916,3924,3965,4037,4099,4119,4141,4162,4235,4272,4308,4494,4548,4560,4609,4740,4773,4790,	
ml 26 166 26 51,294,2267,2281,2302,2316,2330,2351,2594,3030,3095,3125,3429,3476,3541,3571,3814,4395,4413,4895,4909,4930,4946,4960,4981,5546,	
reconstitución 9 166 9 49,2173,2188,2419,3111,3165,3557,3611,4420,	
	Después 1 166 1 46,	
CUANTITATIVA 1 166 1 45,	
Y 22 166 22 44,2827,2856,2930,2971,2980,3000,3074,3098,3197,3211,3274,3333,3394,3446,3520,3544,3643,3655,3718,3779,3932,	
CUALITATIVA 1 166 1 43,	
COMPOSICIÓN 1 166 1 42,	
2 20 166 20 41,100,225,363,1787,1813,2066,2301,3023,3297,3351,3404,3469,3736,3789,3908,4071,4929,5130,5268,	
perfusión 23 166 23 40,161,290,388,415,1793,2099,2126,2142,2527,2604,3021,3086,3295,3347,3467,3532,3732,3832,4460,4860,5478,5556,	
solución 43 166 43 38,159,296,365,374,411,2085,2122,2148,2423,2439,2452,2502,2515,2532,2562,2577,2601,2612,2620,2627,3019,3084,3293,3345,3465,3530,3730,3830,4424,4441,4778,4858,5398,5448,5464,5483,5513,5529,5553,5564,5574,5582,	
concentrado 12 166 12 36,53,157,3017,3082,3291,3343,3463,3528,3728,3828,4856,	
disolvente 30 166 30 34,155,174,2269,2291,2318,2340,2381,2396,2413,2460,2508,3015,3080,3122,3289,3461,3526,3568,3826,4375,4837,4854,4873,4897,4919,4948,4970,5406,5455,	
polvo 16 166 16 32,163,2271,2320,3013,3049,3287,3341,3459,3495,3726,3824,4818,4862,4899,4950,	
mg/ml 15 166 15 31,302,2430,2446,2584,3012,3286,3340,3458,3725,3823,4431,4444,4799,5532,	
5 53 166 53 30,58,888,955,1319,1688,1786,1854,1981,2242,2258,2307,2315,2350,2386,2403,2415,2429,3011,3028,3093,3096,3285,3317,3339,3366,3376,3402,3419,3457,3474,3539,3542,3570,3724,3751,3761,3787,3804,3813,3822,3921,4384,4402,4412,4430,4723,4798,4886,4937,4945,4980,5330,	
	Fasturtec 4 166 4 28,3009,3283,3455,	
MEDICAMENTO 14 166 14 27,1324,2974,3008,3134,3194,3282,3332,3393,3454,3580,3640,3717,3778,	
interrumpirse 1 166 1 4256,	
NOMBRE 11 166 11 25,3006,3210,3280,3298,3330,3391,3452,3654,3715,3776,	
LISTA 2 166 2 3045,3491,	
SEGURA 1 166 1 2970,	
PRODUCTO 1 166 1 22,	
DEL 20 166 20 21,26,2790,2821,2850,2973,3007,3076,3193,3213,3281,3299,3331,3392,3453,3522,3639,3657,3716,3777,	
grupo 2 166 2 1573,1581,	
CARACTERÍSTICAS 1 166 1 20,	
LAS 1 166 1 19,	
DE 82 166 82 18,1322,2734,2737,2751,2753,2758,2762,2787,2829,2832,2835,2838,2843,2846,2858,2861,2864,2867,2919,2922,2928,2935,2938,2998,3003,3046,3100,3131,3157,3171,3191,3198,3204,3215,3218,3232,3234,3239,3245,3254,3272,3277,3301,3304,3309,3314,3335,3353,3358,3363,3396,3406,3411,3416,3444,3449,3492,3546,3577,3603,3617,3637,3644,3648,3659,3662,3676,3678,3683,3689,3698,3720,3738,3743,3748,3781,3791,3796,3801,4073,4725,	
RESUMEN 1 166 1 17,	
O 8 166 8 16,2926,2963,3266,3372,3425,3757,3810,	
TÉCNICA 1 166 1 15,	
FICHA 1 166 1 14,	
ocasiones 1 166 1 4174,	
información 7 166 7 11,2793,4322,5028,5342,5368,5385,	
Toda 1 166 1 9,	
91 1 166 1 5284,	
medicamento 10 166 10 8,13,2235,2797,3109,3555,3844,4451,5032,5346,	
sufran 1 166 1 4559,	
Basica 1 166 1 6,	
	Información 1 166 1 5,	
INYECTABLES 1 166 1 4,	
3 33 166 33 3,150,498,857,1176,1815,1853,1982,2159,2163,2240,2254,2263,2280,2996,3001,3044,3087,3090,3270,3275,3307,3356,3409,3490,3741,3794,3913,4332,4882,4891,4908,5379,	
TIRAS 1 166 1 3267,	
5MG 1 166 1 2,	
1 63 166 63 1,23,24,29,50,57,95,132,149,185,1326,1682,1762,1768,2041,2257,2266,2303,2312,2385,2398,2428,2907,3005,3010,3027,3092,3124,3279,3284,3329,3338,3375,3390,3401,3428,3442,3447,3451,3456,3533,3536,3714,3723,3775,3821,3899,3928,4383,4394,4429,4797,4885,4894,4933,4942,4972,5014,5078,5152,5224,5241,5247,	
Información 2 166 2 465,3926,	
FASTURTEC 5 166 5 0,3931,4075,4335,4726,	
