	Prospectos 1 184 1 3657,	
2005 1 184 1 3656,	
Abril 1 184 1 3654,	
TEXTO 1 184 1 3653,	
REVISIÓN 1 184 1 3651,	
2003 1 184 1 3647,	
Julio 1 184 1 3645,	
AUTORIZACIÓN/REVALIDACIÓN 1 184 1 3644,	
FECHA 2 184 2 3640,3649,	
	9 1 184 1 3639,	
COMERCIALIZACIÓN 1 184 1 3630,	
AUTORIZACIÓN 2 184 2 3628,3636,	
LA 3 184 3 3627,3635,3642,	
TITULAR 1 184 1 3625,	
especial 1 184 1 3623,	
Instrucciones 1 184 1 3617,	
Miembros 1 184 1 3614,	
Estados 1 184 1 3613,	
comercializarán 1 184 1 3609,	
formatos 1 184 1 3607,	
100x1 1 184 1 3595,	
unitarias 1 184 1 3592,	
(10x100) 1 184 1 3588,	
1000 1 184 1 3587,	
Envases 1 184 1 3583,	
250 2 184 2 3580,3601,	
(2x100) 1 184 1 3579,	
200 1 184 1 3578,	
presión 1 184 1 3571,	
sensible 1 184 1 3568,	
EvaWax 1 184 1 3567,	
lado 1 184 1 3564,	
recubierta 1 184 1 3561,	
poliestireno 1 184 1 3560,	
COMERCIALIZACION 1 184 1 3638,	
interiormente 1 184 1 3556,	
forrado 1 184 1 3555,	
PP 1 184 1 3554,	
tapón 1 184 1 3552,	
HDPE 1 184 1 3550,	
frascos 1 184 1 3548,	
PVC/Alu 1 184 1 3546,	
recipiente 1 184 1 3543,	
contenido 1 184 1 3541,	
Naturaleza 1 184 1 3539,	
original 1 184 1 3536,	
Conservar 1 184 1 3532,	
cerrado 1 184 1 3527,	
correctamente 1 184 1 3526,	
mantener 1 184 1 3523,	
25ºC 1 184 1 3515,	
temperatura 1 184 1 3512,	
conservación 1 184 1 3508,	
Precauciones 1 184 1 3505,	
semanas 1 184 1 3502,	
primera 1 184 1 3499,	
producto 1 184 1 3497,	
abierto 1 184 1 3495,	
(HDPE) 3 184 3 3483,3492,3522,	
densidad 3 184 3 3482,3491,3521,	
alta 3 184 3 3481,3490,3520,	
polietileno 3 184 3 3479,3488,3518,	
Frasco 3 184 3 3477,3486,3516,	
Alu 2 184 2 3474,3531,	
PVC/ 2 184 2 3473,3530,	
Blister 4 184 4 3471,3528,3544,3572,	
validez 1 184 1 3470,	
Incompatibilidades 1 184 1 3463,	
rojo 1 184 1 3458,	
172) 3 184 3 3437,3454,3460,	
hierro 3 184 3 3434,3451,3457,	
Óxido 3 184 3 3432,3449,3455,	
171) 2 184 2 3431,3448,	
(E171) 1 184 1 3420,	
titanio 3 184 3 3419,3429,3446,	
Dióxido 3 184 3 3417,3427,3444,	
Composición 1 184 1 3406,	
50 2 184 2 3575,3599,	
maíz 1 184 1 3404,	
Almidón 1 184 1 3402,	
Contenido 1 184 1 3396,	
Relación 1 184 1 3393,	
	6 1 184 1 3391,	
FARMACEUTICOS 1 184 1 3390,	
supondría 1 184 1 3385,	
conoce 1 184 1 3367,	
control 1 184 1 3362,	
vecinos 1 184 1 3354,	
matastatizan 1 184 1 3351,	
invaden 1 184 1 3349,	
supervivencia 1 184 1 3347,	
tiempos 1 184 1 3345,	
carcinogénico 2 184 2 3339,3372,	
ligero 1 184 1 3337,	
10 3 184 3 3310,3573,3648,	
curva 1 184 1 3308,	
area 1 184 1 3305,	
activo 1 184 1 3302,	
principio 1 184 1 3301,	
maxima 1 184 1 3299,	
mg/día/kg 1 184 1 3293,	
pancreáticas 3 184 3 3284,3331,3381,	
tumores 3 184 3 3280,3327,3377,	
macho 3 184 3 3270,3334,3384,	
grupo 2 184 2 3264,3361,	
corporal/día) 1 184 1 3252,	
(hasta 2 184 2 3248,3256,	
administró 2 184 2 3244,3291,	
tejidos 1 184 1 3353,	
Carcinogénesis 1 184 1 3235,	
hamsters 1 184 1 3234,	
ósea 1 184 1 3232,	
médula 1 184 1 3231,	
formación 1 184 1 3226,	
vivo 1 184 1 3221,	
aberraciones 1 184 1 3209,	
presentan 1 184 1 3335,	
metabólica 1 184 1 3205,	
espuma 1 184 1 3558,	
activación 1 184 1 3204,	
bacterias 1 184 1 3198,	
mamíferos 2 184 2 3196,3215,	
células 5 184 5 3194,3213,3282,3329,3379,	
mutagénico 1 184 1 3187,	
genotóxico 1 184 1 3184,	
Mutagénesis 1 184 1 3179,	
implantación 1 184 1 3178,	
fetales 1 184 1 3175,	
pérdidas 1 184 1 3174,	
observó 2 184 2 3167,3272,	
hembra 1 184 1 3158,	
conejos 1 184 1 3157,	
teratogénesis 1 184 1 3155,	
estudio 1 184 1 3153,	
maternas 1 184 1 3146,	
rata 1 184 1 3140,	
osificación 1 184 1 3136,	
retardo 1 184 1 3133,	
hidrouréter 1 184 1 3130,	
hubo 1 184 1 3124,	
nivel 1 184 1 3113,	
2000 4 184 4 3108,3249,3257,3292,	
fertilidad 1 184 1 3098,	
reproducción 2 184 2 3089,3101,	
Fertilidad 1 184 1 3087,	
toxicológico 1 184 1 3086,	
vista 1 184 1 3085,	
punto 1 184 1 3083,	
diana 1 184 1 3080,	
órganos 1 184 1 3079,	
hígado 1 184 1 3076,	
riñones 1 184 1 3073,	
demostrado 1 184 1 3070,	
roedores 2 184 2 3065,3068,	
mg/kg 4 184 4 3058,3109,3250,3258,	
8000 1 184 1 3057,	
recibieron 1 184 1 3053,	
ratones 3 184 3 3049,3111,3247,	
letal 1 184 1 3045,	
identificado 1 184 1 3041,	
Toxicidad 2 184 2 3036,3059,	
administración) 1 184 1 3029,	
500 3 184 3 3120,3149,3585,	
eliminada 1 184 1 3016,	
proporcional 1 184 1 3009,	
directamente 1 184 1 3008,	
tasa 1 184 1 3003,	
plasmático 1 184 1 2983,	
aclaramiento 2 184 2 2982,3011,	
causan 1 184 1 2978,	
producidos 1 184 1 2974,	
cambios 1 184 1 2969,	
oscila 1 184 1 2959,	
independiente 1 184 1 2954,	
semivida 2 184 2 2948,2989,	
plasma 2 184 2 2941,3018,	
eliminación 3 184 3 2937,2950,2991,	
Eliminación 1 184 1 2935,	
metabolización 1 184 1 2931,	
produce 1 184 1 2922,	
metaboliza 1 184 1 2917,	
Biotransformación 1 184 1 2913,	
plasmática 2 184 2 2906,3298,	
% 1 184 1 2902,	
aproximadamente 1 184 1 2899,	
epilépticos 1 184 1 2888,	
litros 1 184 1 2885,	
57 1 184 1 2883,	
distribución 1 184 1 2880,	
volumen 1 184 1 2878,	
3%; 1 184 1 2876,	
inferior 1 184 1 2874,	
unión 1 184 1 2867,	
envase 2 184 2 3525,3535,	
porcentaje 1 184 1 2865,	
diarias 2 184 2 2849,3322,	
orales 1 184 1 2848,	
través 1 184 1 2926,	
mcg/ml 1 184 1 2845,	
4-5 1 184 1 2843,	
máximas 1 184 1 2841,	
Distribución 1 184 1 2837,	
única 1 184 1 2836,	
resulta 1 184 1 2812,	
describe 1 184 1 2943,	
800 1 184 1 2793,	
42% 1 184 1 2791,	
60% 1 184 1 2783,	
disminuye 1 184 1 2775,	
respecto 1 184 1 2767,	
lineal 2 184 2 2766,2946,	
saturable 1 184 1 2762,	
Frascos 1 184 1 3598,	
absorción 1 184 1 2758,	
administradas 1 184 1 2753,	
400mg 1 184 1 2752,	
proporcionales 1 184 1 2746,	
Absorción 1 184 1 2739,	
cerebro 1 184 1 2734,	
áreas 1 184 1 2732,	
sódico 1 184 1 2728,	
similar 1 184 1 2725,	
metabolismo 1 184 1 2720,	
ratas 9 184 9 2717,3051,3103,3123,3255,3269,3286,3333,3383,	
neurotransmisores 1 184 1 2711,	
(E 5 184 5 3430,3436,3447,3453,3459,	
monoamino 1 184 1 2710,	
liberación 1 184 1 2707,	
ligeramente 1 184 1 2705,	
difiere 1 184 1 2698,	
consecuencia 1 184 1 2697,	
vitro 4 184 4 2694,2713,3192,3218,	
in 5 184 5 2693,2712,3191,3217,3220,	
interacciona 1 184 1 2687,	
aspartato 1 184 1 2684,	
N-metil-d- 1 184 1 2683,	
glutamato 1 184 1 2680,	
GABAB 1 184 1 2678,	
GABAA 1 184 1 2677,	
comunes 1 184 1 2672,	
receptores 2 184 2 2667,2675,	
une 1 184 1 2664,	
A 1 184 1 2658,	
profármacos 1 184 1 2655,	
micronúcleos 1 184 1 3228,	
agonistas 1 184 1 2651,	
recaptación 1 184 1 2648,	
GABA-transaminasa 1 184 1 2644,	
inhibidores 2 184 2 2641,2645,	
barbitúricos 1 184 1 2639,	
valproato 2 184 2 2638,2727,	
sinapsis 1 184 1 2633,	
activos 2 184 2 2628,2671,	
principios 2 184 2 2627,2670,	
butírico) 1 184 1 2616,	
amino- 1 184 1 2615,	
gamma 1 184 1 2614,	
(ácido 1 184 1 2613,	
GABA 6 184 6 2612,2635,2650,2653,2657,2722,	
neurotransmisor 1 184 1 2611,	
estructuralmente 1 184 1 2608,	
aclarado 1 184 1 2604,	
totalmente 1 184 1 2603,	
está 2 184 2 2602,2606,	
acción 2 184 2 2598,2621,	
mecanismo 2 184 2 2596,2619,	
BG 1 184 1 2594,	
NO2 1 184 1 2593,	
AX 1 184 1 2590,	
03 1 184 1 2589,	
Código 1 184 1 2586,	
ATC 1 184 1 2587,	
analgésicos 1 184 1 2585,	
/ 2 184 2 2584,2592,	
Antiepilépticos 1 184 1 2583,	
farmacoterapéutico 1 184 1 2582,	
Grupo 1 184 1 2581,	
farmacodinámicas 1 184 1 2580,	
conservar 1 184 1 3510,	
Propiedades 2 184 2 2579,2737,	
	5 1 184 1 2577,	
FARMACOLOGICAS 1 184 1 2576,	
PROPIEDADES 1 184 1 2575,	
" 1 184 1 2573,	
indicada 1 184 1 2570,	
superiores 3 184 3 3147,3162,3312,	
deterioro 1 184 1 2566,	
embargo 1 184 1 2562,	
Sin 1 184 1 2561,	
previas 1 184 1 2553,	
experiencias 1 184 1 2552,	
Aunque 1 184 1 2551,	
circulación 1 184 1 2548,	
eliminarse 1 184 1 2545,	
g 1 184 1 2540,	
49 1 184 1 2539,	
vida 1 184 1 2532,	
amenaza 1 184 1 2529,	
suponga 1 184 1 2527,	
toxicidad 1 184 1 2525,	
apatía 1 184 1 2517,	
letargia 1 184 1 2516,	
hablar 1 184 1 2513,	
dificultades 1 184 1 2511,	
sobredosis 2 184 2 2506,2534,	
Sobredosis 1 184 1 2503,	
9 1 184 1 2502,	
tipo 2 184 2 2494,3375,	
repetidas 3 184 3 2492,2850,3062,	
También 1 184 1 2487,	
dependiente 1 184 1 2480,	
posible 1 184 1 2477,	
MINISTERIO 1 184 1 2469,	
hepáticos 1 184 1 2468,	
enzimas 1 184 1 2467,	
actividad 1 184 1 2464,	
elevada 1 184 1 2463,	
analíticos 1 184 1 2453,	
parámetros 1 184 1 2452,	
obtenidas 1 184 1 3317,	
Manifestaciones 1 184 1 2448,	
maculopapular 1 184 1 2447,	
electrocardiográficas 1 184 1 2444,	
manipulación 1 184 1 3621,	
auricular 1 184 1 2442,	
fibrilación 1 184 1 2441,	
síncope 1 184 1 2440,	
bradicardia 1 184 1 2439,	
hipotensión 1 184 1 2438,	
empleo) 1 184 1 2437,	
toman 1 184 1 2419,	
multiforme) 1 184 1 2415,	
Eritema 1 184 1 2414,	
Stevens-Johnson 1 184 1 2412,	
(Síndrome 1 184 1 2410,	
alérgicas 1 184 1 2409,	
(<1/10 1 184 1 2406,	
Durante 1 184 1 2396,	
expuestas 1 184 1 3159,	
Impotencia 1 184 1 2395,	
mama 1 184 1 2391,	
reproductor 1 184 1 2387,	
aparato 1 184 1 2386,	
Insuficiencia 1 184 1 2381,	
urinario 1 184 1 2374,	
infecciones 1 184 1 2371,	
Incontinencia 1 184 1 2370,	
urinarios 1 184 1 2366,	
renales 1 184 1 2364,	
angioedema 1 184 1 2362,	
alopecia 1 184 1 2361,	
Urticaria 1 184 1 2360,	
rash 2 184 2 2353,2446,	
administrado 1 184 1 2715,	
púrpura 1 184 1 2352,	
Prurito 1 184 1 2351,	
subcutáneo 1 184 1 2347,	
respiratorio 1 184 1 2338,	
Infecciones 1 184 1 2335,	
hidronefrosis 1 184 1 3131,	
Dísnea 1 184 1 2328,	
tos 1 184 1 2322,	
faringitis 1 184 1 2321,	
Rinitis 1 184 1 2320,	
mediastínicos 1 184 1 2316,	
torácicos 1 184 1 2314,	
respiratorios 1 184 1 2313,	
hipertensión 1 184 1 2304,	
cardiacos 1 184 1 2299,	
diabéticos 1 184 1 2297,	
Trombocitopenia 1 184 1 2290,	
glucemia 1 184 1 2283,	
Fluctuaciones 1 184 1 2280,	
Leucopenia 1 184 1 2274,	
sangre 1 184 1 2266,	
óseas 1 184 1 2262,	
lumbar 1 184 1 2260,	
mialgia 1 184 1 2258,	
Artralgia 1 184 1 2257,	
tejido 2 184 2 2252,2346,	
músculoesqueléticos 1 184 1 2249,	
Tinnitus 1 184 1 2247,	
<1/1 1 184 1 2245,	
60 1 184 1 3164,	
laberinto 1 184 1 2241,	
oido 1 184 1 2238,	
Trastornosdel 1 184 1 2237,	
visión 1 184 1 2236,	
ambliopía 1 184 1 2232,	
visuales 1 184 1 2229,	
oculares 1 184 1 2224,	
hostilidad 1 184 1 2222,	
alucinaciones 1 184 1 2221,	
Depresión 1 184 1 2219,	
hiperquinesia 1 184 1 2213,	
e 1 184 1 2212,	
agresivo 1 184 1 2211,	
comportamiento 1 184 1 2210,	
estudios 2 184 2 2199,3237,	
ansiedad 1 184 1 2196,	
Lactosa 1 184 1 3400,	
labilidad 1 184 1 2194,	
confusión 1 184 1 2192,	
desorientación 1 184 1 2191,	
depresivo 1 184 1 2190,	
humor 1 184 1 2189,	
Nerviosismo 1 184 1 2188,	
psiquiátricos 1 184 1 2184,	
malestar 1 184 1 2175,	
dentales 1 184 1 2173,	
abdominal 1 184 1 2171,	
constipación 1 184 1 2169,	
dispepsia 1 184 1 2168,	
boca 1 184 1 2167,	
sequedad 1 184 1 2165,	
diarrea 2 184 2 2164,2519,	
Vómitos 1 184 1 2162,	
gastrointestinales 1 184 1 2158,	
distonía) 1 184 1 2156,	
discinesia 1 184 1 2155,	
coreoatetosis 1 184 1 2154,	
movimiento 1 184 1 2152,	
Talco 1 184 1 3405,	
Alteraciones 2 184 2 2150,2228,	
marcha 1 184 1 2136,	
disartria 2 184 2 2132,2514,	
memoria 1 184 1 2131,	
lenguaje 1 184 1 2127,	
pensamiento 1 184 1 2124,	
trastornos 1 184 1 2122,	
abolidos 1 184 1 2110,	
reflejos 1 184 1 2109,	
hiporreflexia 1 184 1 2107,	
tics 1 184 1 2105,	
sensibilidad 1 184 1 2102,	
amnesia 1 184 1 2098,	
temblor 1 184 1 2097,	
Ataxia 1 184 1 2095,	
torácico) 1 184 1 2087,	
dolor 3 184 3 2086,2170,2259,	
sudoración 1 184 1 2085,	
(dolor 1 184 1 2084,	
000) 9 184 9 2080,2149,2246,2289,2310,2334,2359,2380,2407,	
1/1 7 184 7 2079,2148,2288,2309,2333,2358,2379,	
(>1/10 8 184 8 2076,2145,2243,2285,2306,2330,2355,2376,	
Raros 8 184 8 2075,2144,2242,2284,2305,2329,2354,2375,	
vértigo 1 184 1 2074,	
accidentales 1 184 1 2073,	
Lesiones 1 184 1 2072,	
<1/100) 6 184 6 2071,2141,2181,2218,2279,2327,	
000 14 184 14 2070,2077,2140,2146,2180,2217,2244,2278,2286,2307,2326,2331,2356,2377,	
(>1/1 6 184 6 2069,2139,2179,2216,2277,2325,	
/día) 1 184 1 3261,	
incidencia 3 184 3 3128,3172,3278,	
Poco 6 184 6 2067,2137,2177,2214,2275,2323,	
generalizado 1 184 1 2062,	
periférico 1 184 1 2060,	
edema 1 184 1 2059,	
anorexia 1 184 1 2058,	
sueño 1 184 1 2049,	
cansancio 1 184 1 2048,	
Sopor 1 184 1 2047,	
<1/10) 12 184 12 2046,2094,2161,2187,2227,2256,2273,2302,2319,2350,2369,2394,	
(>1/100 12 184 12 2045,2093,2160,2186,2226,2255,2272,2301,2318,2349,2368,2393,	
Frecuentes 12 184 12 2044,2092,2159,2185,2225,2254,2271,2300,2317,2348,2367,2392,	
lugar 1 184 1 2041,	
generales 1 184 1 2037,	
Trastornos 12 184 12 2036,2088,2157,2183,2223,2248,2263,2298,2312,2340,2363,2384,	
50% 1 184 1 2032,	
alrededor 3 184 3 2030,2781,2789,	
apetito 2 184 2 2018,2066,	
pérdida 2 184 2 2016,2234,	
parestesias 2 184 2 2015,2104,	
nistagmus 2 184 2 2014,2096,	
insomnio 2 184 2 2013,2054,	
nerviosismo 1 184 1 2012,	
aumento 4 184 4 2009,2055,2064,3169,	
náusea 1 184 1 2007,	
cefalea 2 184 2 2006,2053,	
fatiga 2 184 2 2003,2051,	
concentración 4 184 4 2001,2121,2905,3297,	
alerta 2 184 2 1995,2115,	
moderadas 1 184 1 1981,	
ligeras 1 184 1 1979,	
describen 1 184 1 1977,	
Reacciones 2 184 2 1969,2081,	
8 3 184 3 1968,2755,3632,	
periodos 1 184 1 1962,	
especialmente 1 184 1 1952,	
Ello 1 184 1 1949,	
maquinarias 1 184 1 1948,	
peligrosas 1 184 1 1940,	
potencialmente 1 184 1 1939,	
similares 2 184 2 1935,3357,	
sopor 1 184 1 1931,	
inducir 1 184 1 1929,	
central 3 184 3 1927,1990,2897,	
nervioso 4 184 4 1926,1989,2091,2896,	
sistema 5 184 5 1925,1988,2090,2269,2895,	
Tiene 1 184 1 1921,	
influir 1 184 1 1912,	
máquinas 2 184 2 1909,1920,	
vehículos 1 184 1 1906,	
conducir 3 184 3 1905,1917,1945,	
capacidad 4 184 4 1903,1915,1999,2119,	
Efectos 1 184 1 1900,	
7 4 184 4 1899,2884,2963,3624,	
compensen 1 184 1 1892,	
estructurales 1 184 1 3211,	
sólo 1 184 1 1877,	
afectarse 1 184 1 1874,	
60x1 1 184 1 3594,	
pueda 1 184 1 1873,	
excluirse 1 184 1 1871,	
lactante 1 184 1 1865,	
desconocen 1 184 1 1860,	
mg/kg/día 4 184 4 1858,3121,3150,3165,	
ingerida 1 184 1 1850,	
Síntomas 1 184 1 2504,	
calcula 1 184 1 1846,	
73 1 184 1 1844,	
0 1 184 1 1843,	
leche/plasma 1 184 1 1841,	
materna 1 184 1 1837,	
leche 1 184 1 1836,	
excreta 1 184 1 1833,	
Lactancia 1 184 1 1830,	
niño 3 184 3 1829,1853,1897,	
madre 1 184 1 1825,	
adelantar 1 184 1 1815,	
podría 2 184 2 1814,2568,	
bruscamente 1 184 1 1807,	
discontinuarse 1 184 1 1806,	
específica 1 184 1 1801,	
teniendo 1 184 1 1796,	
beneficios 1 184 1 1891,	
individual 1 184 1 1795,	
hacerse 1 184 1 1792,	
beneficio-riesgo 1 184 1 1790,	
evaluación 1 184 1 1789,	
riesgos 2 184 2 1787,1894,	
supere 1 184 1 1784,	
beneficio 1 184 1 1783,	
utilizará 1 184 1 1776,	
Solo 1 184 1 1774,	
combinación 3 184 3 1770,2020,2455,	
potencial 2 184 2 1765,3183,	
considerarse 1 184 1 1762,	
fólico 1 184 1 1755,	
posibles 2 184 2 1750,1786,	
bajas 1 184 1 1749,	
monoterapia 1 184 1 1743,	
utiliza 2 184 2 1742,1768,	
menor 1 184 1 1739,	
embrio-fetal 1 184 1 1737,	
lesión 1 184 1 1736,	
embarazada 1 184 1 1731,	
planea 1 184 1 1729,	
mujer 1 184 1 1728,	
revisarse 1 184 1 1725,	
necesidad 1 184 1 1720,	
quedarse 2 184 2 1717,1730,	
sodio 1 184 1 2692,	
probabilidades 1 184 1 1715,	
fértil 1 184 1 1712,	
especializado 1 184 1 1706,	
consejo 1 184 1 1704,	
prestarse 1 184 1 1703,	
desarrollo 1 184 1 1698,	
repetida 1 184 1 2817,	
mental 2 184 2 1694,1699,	
retraso 2 184 2 1693,1696,	
aparecer 1 184 1 1692,	
tubo 1 184 1 1687,	
cardiovasculares 1 184 1 1683,	
leporino 1 184 1 1681,	
N 1 184 1 2588,	
labio 1 184 1 1680,	
son 7 184 7 1679,1985,2507,2745,2898,3077,3356,	
acinares 3 184 3 3283,3330,3380,	
900-1200mg) 1 184 1 2852,	
frecuencia 2 184 2 1678,2483,	
NUMERO 1 184 1 3633,	
mayor 1 184 1 1677,	
defectos 2 184 2 1674,1685,	
hijos 1 184 1 1668,	
comparación 1 184 1 1665,	
malformaciones 2 184 2 1663,1682,	
2-3 2 184 2 1658,2859,	
Generalmente 2 184 2 1648,1732,	
seguridad) 1 184 1 1647,	
preclínicos 2 184 2 1645,3033,	
Datos 2 184 2 1644,3032,	
embriotóxicos 1 184 1 1639,	
observaron 1 184 1 1637,	
teratogénicos 1 184 1 1631,	
indicios 1 184 1 1628,	
aportan 1 184 1 1627,	
animales 1 184 1 1625,	
Estudios 2 184 2 1623,3063,	
humanos 4 184 4 1622,2919,3319,3387,	
embarazo 4 184 4 1620,1656,1760,1780,	
establecido 1 184 1 1615,	
embarazadas 2 184 2 1611,1718,	
mujeres 3 184 3 1610,1670,1709,	
limitada 1 184 1 1608,	
lactancia 2 184 2 1602,1883,	
Embarazo 2 184 2 1600,1603,	
farmacocinética 3 184 3 1595,2808,2945,	
influencia 3 184 3 1592,1922,3342,	
predecirse 1 184 1 2827,	
ataxia 3 184 3 1585,2004,2509,	
somnolencia 5 184 5 1584,1930,2002,2050,2515,	
ej 1 184 1 1583,	
relacionadas 2 184 2 1580,2497,	
SNC 1 184 1 1579,	
ilegales 1 184 1 1570,	
u 1 184 1 1567,	
alcohol 1 184 1 1566,	
ingesta 3 184 3 1564,1587,2796,	
sulfosalicílico 1 184 1 1562,	
precipitación 1 184 1 1559,	
específico 2 184 2 1557,2496,	
procedimiento 1 184 1 1555,	
utilizar 4 184 4 1553,1908,1919,1947,	
proteinuria 1 184 1 1550,	
crías 1 184 1 3138,	
determinar 1 184 1 1548,	
anticonvulsivantes 1 184 1 1546,	
asocia 1 184 1 1543,	
(dipstick) 1 184 1 1539,	
reactivas 1 184 1 1538,	
tiras 1 184 1 1537,	
positivos 1 184 1 1532,	
falsos 1 184 1 1531,	
cimetidina 1 184 1 1524,	
importancia 1 184 1 1517,	
disminución 5 184 5 1508,1991,2111,2980,2997,	
ligera 1 184 1 1507,	
probenecid 1 184 1 1502,	
modifica 1 184 1 1497,	
excreción 3 184 3 1491,1511,3005,	
fármacos 2 184 2 1489,1652,	
conjuntamente 2 184 2 1476,1522,	
administre 1 184 1 1475,	
contraceptiva 2 184 2 1472,1486,	
falta 1 184 1 1469,	
posibilidad 1 184 1 1467,	
cuenta 3 184 3 1465,1798,1954,	
tenerse 2 184 2 1463,1951,	
Debe 3 184 3 1462,1702,1761,	
linfático 1 184 1 2270,	
etinilestradiol 1 184 1 1461,	
/o 1 184 1 1460,	
noretisterona 1 184 1 1458,	
base 2 184 2 1456,2829,	
anticonceptivos 1 184 1 1454,	
interfiere 1 184 1 1452,	
fenobarbital 1 184 1 1449,	
reduce 1 184 1 2704,	
carbamazepina 2 184 2 1447,2702,	
valpróico 1 184 1 1446,	
hiperestesia 1 184 1 2143,	
ácido 3 184 3 1445,1561,1754,	
fenitoína 2 184 2 1444,2700,	
farmacocinéticas 2 184 2 1440,2738,	
interacciones 1 184 1 1439,	
P450 2 184 2 1431,2934,	
citocromo 2 184 2 1430,2933,	
enzimática 2 184 2 1428,2924,	
inducción 2 184 2 1427,2923,	
observado 6 184 6 1426,1438,1505,2475,2524,3093,	
antiácido 1 184 1 1422,	
realice 1 184 1 1414,	
biodisponibilidad 3 184 3 1400,2772,2804,	
reducen 1 184 1 1398,	
antiácidos 1 184 1 1397,	
interacción 1 184 1 1395,	
formas 1 184 1 1393,	
medicamentos 2 184 2 1390,3659,	
Interacción 1 184 1 1386,	
glucosa-galactosa 1 184 1 1383,	
malabsorción 1 184 1 1381,	
Lapp 1 184 1 1378,	
deficiencia 1 184 1 1377,	
galactosa 1 184 1 1376,	
tracto 2 184 2 2337,2373,	
intolerancia 1 184 1 1373,	
frecuentes 8 184 8 1370,1984,2068,2138,2178,2215,2276,2324,	
hereditarias 1 184 1 1368,	
alteraciones 9 184 9 1367,1986,2099,2125,2128,2133,2172,2291,2443,	
disminuir 1 184 1 1356,	
suspender 1 184 1 1351,	
resuelven 1 184 1 1349,	
mayoría 1 184 1 1344,	
raramente 2 184 2 1337,2405,	
enfermedad 1 184 1 1333,	
benzodiazepinas 2 184 2 2640,2679,	
previa 1 184 1 1331,	
historia 1 184 1 1330,	
fracturas 1 184 1 2261,	
inicio 2 184 2 1322,1956,	
psicosis 2 184 2 1320,2220,	
episodios 1 184 1 1318,	
psicóticos 2 184 2 1314,1342,	
crónica 1 184 1 1306,	
utilización 3 184 3 1299,1535,1650,	
suficientes 1 184 1 1296,	
Ninguna 1 184 1 3622,	
datos 1 184 1 1295,	
adversos 1 184 1 3095,	
temprano 1 184 1 1287,	
diagnóstico 1 184 1 1286,	
pertinentes 1 184 1 1283,	
analíticas 1 184 1 1282,	
glucosa 1 184 1 2294,	
determinaciones 1 184 1 1281,	
deberán 1 184 1 1278,	
exploración 1 184 1 1276,	
Además 5 184 5 1273,2197,3411,3421,3438,	
recurrentes) 1 184 1 1272,	
vómitos 2 184 2 1271,2008,	
continuos 1 184 1 1269,	
abdominales 1 184 1 1268,	
(síntomas 1 184 1 1267,	
síntomas 1 184 1 1264,	
aparezcan 1 184 1 1263,	
éste 1 184 1 1259,	
hemorrágica 2 184 2 1253,2427,	
pancreatitis 5 184 5 1252,1266,1290,1305,2426,	
adehisivo 1 184 1 3566,	
comunicado 9 184 9 1249,1317,1530,2026,2209,2403,2423,2461,2490,	
jóvenes 1 184 1 1243,	
adultos 1 184 1 1242,	
aparecidas 1 184 1 1240,	
distintas 2 184 2 1237,2731,	
sean 1 184 1 1236,	
clínicos 3 184 3 1221,2200,3584,	
ensayos 2 184 2 1220,3189,	
obtenida 2 184 2 1217,2907,	
astenia 1 184 1 2063,	
65 2 184 2 1213,1234,	
mayores 2 184 2 1211,1232,	
sistemática 1 184 1 1205,	
estudiado 1 184 1 1202,	
glicina 1 184 1 2681,	
administración"") 1 184 1 1198,	
<18 1 184 1 1188,	
< 8 184 8 1172,2078,2147,2287,2308,2332,2357,2378,	
relacionada 2 184 2 1151,2607,	
administración"" 1 184 1 1135,	
drogas 1 184 1 1569,	
""Posología 2 184 2 1131,1194,	
( 1 184 1 1126,	
disfunción 1 184 1 1124,	
ajustará 1 184 1 1120,	
mínimo 1 184 1 1108,	
gradual 1 184 1 1105,	
antiepiléptico 3 184 3 1099,1723,1810,	
discontinuación 1 184 1 1094,	
Reducciones 1 184 1 1091,	
epiléptico 1 184 1 1090,	
status 1 184 1 1089,	
provocar 1 184 1 1087,	
canales 1 184 1 2690,	
número 1 184 1 1082,	
incremento 6 184 6 1080,1964,2478,2986,3126,3274,	
suponer 1 184 1 1077,	
brusca 1 184 1 1073,	
interrupción 1 184 1 1072,	
20 2 184 2 2901,3574,	
progresivamente 1 184 1 1066,	
suspenderse 2 184 2 1065,1261,	
24% 1 184 1 1405,	
deberá 4 184 4 1064,1260,1878,1950,	
afectada 1 184 1 2813,	
satisfactorios 1 184 1 1063,	
Gelatina 1 184 1 3410,	
terapias 1 184 1 1046,	
resistentes 1 184 1 1043,	
incluyendo 3 184 3 1037,2636,2673,	
mixtas 1 184 1 1036,	
epilepsias 1 184 1 1035,	
precaución 2 184 2 1031,1309,	
sustitución 1 184 1 1096,	
Por 3 184 3 1024,1875,3363,	
agravar 2 184 2 1018,1572,	
pudiendo 2 184 2 1017,1928,	
Habitualmente 1 184 1 1004,	
precauciones 2 184 2 1000,2434,	
aguda 3 184 3 995,2383,3037,	
Pancreatitis 1 184 1 994,	
excipientes"") 1 184 1 993,	
gingivitis 1 184 1 2174,	
""Relación 1 184 1 991,	
Hipersensibilidad 1 184 1 977,	
Contraindicaciones 1 184 1 976,	
masticarse 1 184 1 973,	
indujo 2 184 2 3208,3224,	
Las 4 184 4 969,1982,2740,2838,	
líquido 1 184 1 968,	
cantidad 1 184 1 966,	
suficiente 2 184 2 965,1149,	
conjuntivo 1 184 1 2253,	
oral 2 184 2 958,3044,	
vía 2 184 2 957,2929,	
DE 6 184 6 3626,3629,3634,3637,3641,3650,	
siguiente) 1 184 1 952,	
toma 3 184 3 943,949,1419,	
hayan 1 184 1 935,	
(ej 3 184 3 930,2153,2842,	
posterior 1 184 1 929,	
adicional 1 184 1 928,	
compensarse 1 184 1 924,	
olvidada 1 184 1 919,	
decidirá 1 184 1 915,	
médico 2 184 2 914,1705,	
considerable 1 184 1 1821,	
considera 1 184 1 1009,	
larga 1 184 1 911,	
norma 1 184 1 908,	
clínica 3 184 3 900,1277,1518,	
respuesta 1 184 1 899,	
determinada 1 184 1 896,	
probablemente 1 184 1 1515,	
quedará 1 184 1 895,	
duración 3 184 3 892,912,3242,	
transplantados 1 184 1 889,	
post 1 184 1 888,	
corporal 3 184 3 887,3260,3295,	
deficiente 1 184 1 884,	
general 4 184 4 883,909,1972,2176,	
física 1 184 1 882,	
condición 1 184 1 881,	
especiales 3 184 3 1001,2435,3506,	
paso 2 184 2 867,869,	
realizarán 1 184 1 866,	
alto 1 184 1 859,	
libres 1 184 1 854,	
administrarse 2 184 2 849,1363,	
200-300 1 184 1 837,	
posteriormente 1 184 1 831,	
300-400 1 184 1 828,	
administra 4 184 4 824,955,1521,1753,	
Inicialmente 1 184 1 822,	
hemodiálisis 6 184 6 821,846,856,2550,2572,3020,	
Pacientes 2 184 2 819,857,	
alternos 1 184 1 818,	
divide 1 184 1 809,	
diaria 1 184 1 807,	
(mg) 1 184 1 802,	
diaria1 1 184 1 801,	
total 2 184 2 800,806,	
retirada 1 184 1 2083,	
Dosis 2 184 2 799,3591,	
dosificación 1 184 1 798,	
farmacocinéticas"") 2 184 2 791,1141,	
""Propiedades 2 184 2 790,1140,	
(ver 6 184 6 786,987,1190,1640,2428,3021,	
ancianos 2 184 2 785,2967,	
interaccionan 1 184 1 2630,	
ajustar 1 184 1 780,	
edad 3 184 3 777,1711,2977,	
alterarse 1 184 1 774,	
suele 1 184 1 773,	
Debido 5 184 5 767,1142,1244,1525,1604,	
presencia 1 184 1 3200,	
psicomotor 1 184 1 1701,	
alteración 1 184 1 762,	
procede 1 184 1 3465,	
recomiendan 1 184 1 756,	
alterada 1 184 1 754,	
lactosa 1 184 1 1379,	
renal 11 184 11 753,766,772,1125,1492,1512,2382,2567,2973,3001,3006,	
Vasodilatación 1 184 1 2303,	
función 5 184 5 752,765,771,2972,3000,	
pacientes 21 184 21 750,760,784,879,1023,1033,1042,1231,1303,1311,1328,1339,1365,1943,2035,2296,2417,2472,2564,2887,2966,	
diplopia 2 184 2 2233,2510,	
Ancianos 1 184 1 748,	
aplicación 1 184 1 747,	
ámbitos 1 184 1 745,	
Advertencia 1 184 1 741,	
meses 1 184 1 740,	
5 11 184 11 739,788,1138,1385,1642,2574,2735,2844,2961,3030,3538,	
indicación 2 184 2 735,1800,	
evidencias 1 184 1 725,	
superior 3 184 3 717,2339,3513,	
Advertencias 2 184 2 998,2432,	
transcurrido 2 184 2 703,936,	
lentamente 1 184 1 700,	
debe 9 184 9 698,714,848,922,1028,1362,1724,1791,1805,	
mantenimiento 2 184 2 697,835,	
adversas 6 184 6 689,1229,1577,1970,1975,2028,	
leve 1 184 1 2520,	
reacciones 7 184 7 688,1228,1576,1934,1974,2027,2408,	
reducir 1 184 1 682,	
En 18 184 18 655,1040,1057,1689,1971,2019,2416,2454,2470,2886,2965,2994,3110,3122,3151,3236,3262,3285,	
administrados 1 184 1 651,	
tomas 1 184 1 635,	
semana 3 184 3 622,637,1114,	
aumentarla 1 184 1 480,	
casos 7 184 7 476,931,1122,1250,1886,2424,2995,	
2400 2 184 2 469,647,	
1800 2 184 2 467,628,	
proteínas 1 184 1 2871,	
generalmente 2 184 2 463,2556,	
terapéuticos 1 184 1 460,	
efectos 9 184 9 459,1062,1347,1630,1638,1862,2801,3094,3117,	
Los 5 184 5 458,861,1396,1673,3326,	
clínicas 1 184 1 2449,	
insuficiente 1 184 1 451,	
años 9 184 9 449,1174,1189,1214,1235,2206,3240,3476,3485,	
indican 1 184 1 2554,	
menores 2 184 2 446,2203,	
niños 5 184 5 445,1171,1185,1690,2202,	
seguridad 6 184 6 441,730,1156,1617,3035,3369,	
relación 2 184 2 436,1840,	
experiencia 3 184 3 434,1150,1607,	
años) 1 184 1 432,	
piel 1 184 1 2343,	
(<12 1 184 1 431,	
Niños 1 184 1 430,	
matutina 2 184 2 426,712,	
nocturna 2 184 2 422,707,	
horas 8 184 8 418,720,843,940,1416,2756,2860,2964,	
12 8 184 8 417,448,719,939,1173,2205,2591,3501,	
transcurrir 1 184 1 413,	
deben 3 184 3 411,972,1944,	
nuevas 1 184 1 408,	
prevenir 1 184 1 407,	
optimizar 1 184 1 403,	
plasmáticas 6 184 6 399,2742,2821,2840,2872,3316,	
concentraciones 7 184 7 398,2659,2741,2820,2839,2890,3315,	
monitorización 1 184 1 395,	
necesaria 1 184 1 393,	
No 15 184 15 391,721,847,1199,1291,1423,1435,1804,2521,3038,3090,3185,3464,3509,3604,	
periodo 3 184 3 386,691,1111,	
mareo 5 184 5 383,1932,2005,2052,2508,	
riesgo 11 184 11 379,684,860,1048,1078,1661,1734,1764,1820,3338,3371,	
aumenta 3 184 3 377,1657,2718,	
altas 3 184 3 375,2778,3267,	
alcanzan 1 184 1 373,	
Si 1 184 1 370,	
creatinina 1 184 1 3013,	
máximo 3 184 3 364,483,675,	
divididos 2 184 2 358,669,	
orden 1 184 1 352,	
incrementos 2 184 2 350,663,	
mediante 4 184 4 349,870,2549,2944,	
ajustes 3 184 3 348,661,862,	
nuevos 2 184 2 347,660,	
Confusión 1 184 1 2142,	
interfieran 1 184 1 1482,	
realizar 1 184 1 346,	
Flatulencia 1 184 1 2182,	
psicótica 1 184 1 1334,	
necesario 6 184 6 345,479,645,657,779,2560,	
caso 4 184 4 344,644,656,1058,	
dividida 1 184 1 338,	
300mg 2 184 2 2750,2787,	
1200 1 184 1 334,	
comunicados 1 184 1 1675,	
incrementarse 3 184 3 330,624,642,	
Posteriormente 2 184 2 328,619,	
emocional 1 184 1 2195,	
día) 1 184 1 327,	
inicial 1 184 1 313,	
alternativamente 1 184 1 310,	
indica 1 184 1 1225,	
recomienda 6 184 6 309,793,1161,1308,1407,1552,	
3600 4 184 4 366,485,677,3324,	
Se 9 184 9 308,755,792,1307,1315,1406,1503,1845,1859,	
reducidas 1 184 1 758,	
(900 3 184 3 293,323,604,	
(600 2 184 2 267,578,	
Gabapentina 31 184 31 256,277,278,305,306,307,567,588,589,616,617,618,953,1006,1027,1056,1070,1450,1831,1910,2400,2543,2605,2661,2685,2703,2714,2914,3014,3180,3206,	
gabapentina/día) 6 184 6 255,276,304,566,587,615,	
­ 6 184 6 250,251,272,561,562,583,	
(300 2 184 2 248,559,	
cápsula 14 184 14 245,260,264,282,286,290,556,571,575,593,597,601,3399,3409,	
Día 6 184 6 242,257,279,553,568,590,	
esquema 3 184 3 239,550,796,	
siguiente 6 184 6 238,429,549,638,710,795,	
utilizando 3 184 3 236,547,3193,	
tercer 2 184 2 234,545,	
estándares 1 184 1 3190,	
durante 11 184 11 232,384,543,620,736,1109,1618,1654,1758,1778,1881,	
tres 8 184 8 228,319,340,360,539,634,653,671,	
segundo 2 184 2 223,534,	
epilépticas 2 184 2 1672,2486,	
veces 7 184 7 219,229,320,530,540,1659,3311,	
primer 2 184 2 214,525,	
vez 4 184 4 210,521,3494,3500,	
administrando 2 184 2 206,517,	
días 4 184 4 205,516,817,853,	
completarse 2 184 2 202,513,	
diferente 1 184 1 2623,	
rápidamente 3 184 3 200,371,511,	
realizarse 6 184 6 199,510,659,699,1102,1279,	
efectiva 2 184 2 197,508,	
Período 1 184 1 3468,	
alimentos 3 184 3 962,1589,2798,	
alcanzar 3 184 3 194,505,1061,	
inicia 2 184 2 182,493,	
El 9 184 9 179,191,490,502,701,901,913,2595,2864,	
adolescentes 2 184 2 178,1187,	
Adultos 2 184 2 176,489,	
día 25 184 25 175,212,215,221,224,231,235,322,337,357,369,428,472,488,523,526,532,535,542,546,631,650,668,680,2542,	
900-3600 1 184 1 172,	
gabapentina 48 184 48 169,190,318,325,401,443,501,732,840,850,877,921,980,1118,1158,1209,1223,1258,1301,1326,1402,1412,1434,1442,1494,1514,1541,1582,1597,1633,1777,1880,2420,2536,2600,2744,2760,2774,2806,2810,2854,2869,2892,2939,2952,2993,3047,3245,	
eficaz 2 184 2 167,1010,	
Epilepsia 1 184 1 164,	
dispone 4 184 4 153,723,1147,1293,	
individualizado 1 184 1 151,	
ajuste 5 184 5 148,192,388,503,693,	
facilitar 1 184 1 146,	
tratamiento 20 184 20 144,180,241,405,491,552,894,902,1013,1068,1075,1166,1178,1256,1324,1353,1722,1809,1958,2398,	
tolerancia 1 184 1 142,	
ausencias 2 184 2 1016,1039,	
eficacia 6 184 6 139,439,728,1154,1471,1485,	
acuerdo 1 184 1 136,	
medico 1 184 1 134,	
individualizada 1 184 1 131,	
aparición 3 184 3 381,686,1050,	
fijada 1 184 1 128,	
será 1 184 1 127,	
dosis 56 184 56 126,150,166,196,312,332,341,361,374,390,421,425,465,507,626,640,654,672,695,706,711,757,782,805,812,826,833,864,918,927,946,1093,1116,1358,1747,1849,1966,2479,2500,2748,2770,2777,2785,2835,2847,2862,2957,3043,3054,3061,3105,3115,3145,3161,3266,3321,	
náuseas 2 184 2 1270,2163,	
La 21 184 21 125,165,433,636,804,891,1071,1115,1215,1343,1490,1563,1586,1719,1788,2757,2771,2795,2807,2936,2947,	
administración 7 184 7 124,1410,1500,2043,2816,2832,3143,	
20x1 1 184 1 3593,	
forma 9 184 9 122,130,1104,1133,1196,1204,1794,2724,3027,	
Posología 2 184 2 120,3025,	
post-herpética 3 184 3 117,457,1183,	
Palpitaciones 1 184 1 2311,	
administrada 1 184 1 632,	
neuralgia 3 184 3 116,456,1182,	
sintomático 3 184 3 113,453,1179,	
habituales 1 184 1 111,	
peso 6 184 6 886,2011,2057,3251,3259,3294,	
antiepilépticos 6 184 6 110,1479,1653,1773,2023,2458,	
satisfactoriamente 1 184 1 108,	
controladas 1 184 1 107,	
cromosómicas 1 184 1 3210,	
neural 1 184 1 1688,	
mejorar 1 184 1 1054,	
sido 1 184 1 106,	
han 11 184 11 105,1248,1316,1437,1529,2025,2402,2422,2489,3069,3092,	
PRIMERA 1 184 1 3643,	
generalizadas 1 184 1 102,	
secundarias 1 184 1 101,	
anhidra 1 184 1 3401,	
equilibrio 2 184 2 2825,2912,	
o 21 184 21 97,960,981,1085,1095,1354,1380,1448,1695,1713,1946,1959,1980,2061,2108,2682,3099,3197,3201,3350,3547,	
acompañadas 1 184 1 96,	
epilepsia 3 184 3 95,905,1169,	
parciales 1 184 1 93,	
crisis 9 184 9 92,100,409,1020,1052,1084,1817,2485,2491,	
coadyuvante 1 184 1 89,	
Este 1 184 1 1359,	
Tratamiento 3 184 3 88,112,452,	
terapéuticas 3 184 3 87,2660,2863,	
Indicaciones 1 184 1 86,	
(5x100) 1 184 1 3586,	
	"4 1 184 1 84,	
CLINICOS 1 184 1 83,	
DATOS 2 184 2 82,3389,	
4 17 184 17 81,118,842,974,996,997,1129,1192,1384,1598,1898,1967,2430,2431,2501,3023,3504,	
naranja 1 184 1 79,	
0) 1 184 1 76,	
400 3 184 3 67,162,3441,	
1) 1 184 1 61,	
300 27 184 27 52,159,187,207,216,226,252,269,273,295,298,301,315,354,498,518,527,537,563,580,584,606,609,612,665,814,3424,	
opaco 3 184 3 50,65,80,	
blanco 1 184 1 49,	
color 3 184 3 48,63,78,	
utilizarse 2 184 2 1029,1879,	
3) 1 184 1 46,	
significativo 1 184 1 3275,	
(nº 3 184 3 45,60,75,	
dura 15 184 15 44,59,74,246,261,265,283,287,291,557,572,576,594,598,602,	
gelatina 3 184 3 43,58,73,	
Cápsulas 3 184 3 41,56,71,	
duras 10 184 10 40,55,70,185,496,872,3582,3590,3597,3603,	
cápsulas 15 184 15 39,54,69,155,184,495,871,970,3416,3426,3443,3581,3589,3596,3602,	
amarillo 3 184 3 64,3435,3452,	
Gabamerck 6 184 6 36,51,66,3413,3423,3440,	
ausencia 1 184 1 3202,	
FARMACEUTICA 1 184 1 34,	
FORMA 1 184 1 33,	
3 9 184 9 32,280,591,811,975,1643,3031,3467,3484,	
6 10 184 10 30,989,1599,3388,3461,3466,3503,3537,3615,3616,	
apartado 9 184 9 29,787,988,1128,1137,1191,1641,2429,3022,	
ver 2 184 2 28,1127,	
excipientes 3 184 3 27,986,3395,	
Para 4 184 4 26,145,406,681,	
CUANTITATIVA 1 184 1 24,	
obtienen 2 184 2 462,2856,	
Y 1 184 1 23,	
CUALITATIVA 1 184 1 22,	
antecedentes 2 184 2 1313,1341,	
COMPOSICION 1 184 1 21,	
2 15 184 15 20,119,258,569,789,813,1130,1139,1193,1857,2736,3024,3239,3462,3475,	
	 4 184 4 19,25,35,3631,	
MEDICAMENTO 1 184 1 18,	
hiperreflexia 1 184 1 2106,	
DEL 2 184 2 17,3652,	
DENOMINACIÓN 1 184 1 16,	
1 22 184 22 15,31,85,243,244,259,263,281,285,289,554,555,570,574,592,596,600,803,990,1856,2578,3392,	
información 2 184 2 12,1216,	
Toda 1 184 1 10,	
medicamento 3 184 3 9,14,1360,	
Basica 1 184 1 7,	
	Información 1 184 1 6,	
Cápsula 1 184 1 5,	
90 2 184 2 4,3576,	
capsules 1 184 1 3,	
mg 54 184 54 2,38,53,68,158,160,163,173,188,208,217,227,249,253,268,270,274,294,296,299,302,316,324,335,355,367,470,486,499,519,528,538,560,564,579,581,585,605,607,610,613,629,648,666,678,815,829,838,875,2794,3325,3415,3425,3442,	
100 7 184 7 1,37,157,874,3414,3577,3600,	
GABAMERCK 1 184 1 0,	
