	Prospectos 1 663 1 9403,	
sólo) 1 663 1 9378,	
128 1 663 1 9375,	
(p<0 1 663 1 9359,	
tratado 1 663 1 9352,	
brazo 1 663 1 9351,	
0058 1 663 1 9339,	
sólo); 1 663 1 9337,	
29 1 663 1 9334,	
41 1 663 1 9328,	
globales 1 663 1 9317,	
solo) 1 663 1 9311,	
352 1 663 1 9308,	
docetaxel) 3 663 3 9305,9332,9373,	
0126) 1 663 1 9294,	
rama 1 663 1 9285,	
(100 1 663 1 9268,	
256 1 663 1 9258,	
255 1 663 1 9220,	
23 1 663 1 9201,	
indicando 1 663 1 9137,	
02) 1 663 1 9136,	
90; 1 663 1 9134,	
715) 1 663 1 9106,	
648; 1 663 1 9105,	
683 1 663 1 9100,	
671; 1 663 1 9087,	
703 1 663 1 9082,	
3074 1 663 1 9065,	
contienen 4 663 4 9062,9071,9142,9150,	
3097 1 663 1 9056,	
apoya 1 663 1 9032,	
M17032) 1 663 1 9031,	
M66001 1 663 1 9028,	
seis 1 663 1 9022,	
05) 1 663 1 8923,	
80 1 663 1 8920,	
99) 1 663 1 8900,	
inferioridad 1 663 1 8877,	
cono 1 663 1 8841,	
EOF 1 663 1 8778,	
continuada) 2 663 2 8777,8863,	
ECX 1 663 1 8738,	
central) 2 663 2 8737,8822,	
(60 2 663 2 8708,8752,	
m2 1 663 1 8697,	
(50 4 663 4 8695,8740,8780,8825,	
1002 1 663 1 8682,	
comparaba 1 663 1 8642,	
64 1 663 1 8605,	
global) 1 663 1 8583,	
(supervivencia 1 663 1 8582,	
(5-FU 2 663 2 8570,8629,	
cisplatino) 4 663 4 8564,8572,8623,8631,	
(Xeloda 5 663 5 8562,8621,9303,9330,9371,	
superviviencia 1 663 1 8553,	
04) 1 663 1 8548,	
63 1 663 1 8545,	
81; 1 663 1 8540,	
inferior 1 663 1 8517,	
22 1 663 1 8491,	
1-5 1 663 1 8489,	
156 1 663 1 8473,	
infusión 3 663 3 8461,8485,8500,	
(80 2 663 2 8457,8496,	
160 1 663 1 8430,	
(ML17032) 1 663 1 8424,	
utilización 3 663 3 8411,8659,9034,	
respaldan 2 663 2 8409,8657,	
protocolo; 1 663 1 8383,	
*PPP=población 1 663 1 8381,	
21) 1 663 1 8380,	
86; 1 663 1 8378,	
27) 1 663 1 8371,	
402 1 663 1 8365,	
393 1 663 1 8364,	
166 1 663 1 8345,	
23) 1 663 1 8327,	
363 2 663 2 8320,8373,	
401 1 663 1 8312,	
388 1 663 1 8311,	
146 2 663 2 8300,8353,	
24) 2 663 2 8298,8351,	
87; 3 663 3 8296,8325,8349,	
03 2 663 2 8294,8323,	
168 1 663 1 8292,	
PPP 4 663 4 8291,8310,8344,8363,	
252; 1 663 1 8271,	
N=313) 1 663 1 8267,	
N=251; 1 663 1 8265,	
(PPP* 2 663 2 8264,8268,	
12 2 663 2 8231,8251,	
dosificación 1 663 1 8143,	
esquema 1 663 1 8141,	
recibido 1 663 1 8113,	
627 1 663 1 8105,	
(NO16967) 1 663 1 8078,	
45% 1 663 1 8045,	
parcial) 1 663 1 8041,	
(XELIRI 2 663 2 8022,8053,	
80% 1 663 1 8021,	
indicaron 1 663 1 8193,	
horas 7 663 7 7977,8464,8503,8715,8759,8800,8845,	
118 1 663 1 7936,	
semanas); 1 663 1 7932,	
90 2 663 2 7925,7994,	
mg/kg 2 663 2 7919,7988,	
(7 2 663 2 7917,7986,	
(200 3 663 3 7902,8725,8810,	
período 1 663 1 7895,	
115 1 663 1 7868,	
21 1 663 1 7858,	
0604) 1 663 1 7824,	
KRK 1 663 1 7823,	
(AIO 1 663 1 7822,	
intermedio 1 663 1 7816,	
XELIRI 1 663 1 7809,	
0002) 1 663 1 7807,	
meses; 1 663 1 7805,	
0-8 1 663 1 7803,	
meses) 1 663 1 7789,	
supevivencia 1 663 1 7765,	
intervalos 1 663 1 7752,	
consistió 1 663 1 7693,	
(130 5 663 5 7683,7738,7971,8792,8837,	
(1000 5 663 5 7672,7701,7726,7952,8437,	
tercera 1 663 1 7668,	
(350 1 663 1 7658,	
consistía 1 663 1 7635,	
(n=410) 2 663 2 7625,7631,	
secuencial 2 663 2 7624,7634,	
recibir 4 663 4 7621,7871,7941,8133,	
*EPP=población 1 663 1 7562,	
99 1 663 1 7557,	
596 1 663 1 7555,	
88; 4 663 4 7550,7559,8316,8369,	
00 1 663 1 7548,	
91; 1 663 1 7538,	
02 2 663 2 7528,8376,	
12) 5 663 5 7507,7540,7561,8190,8207,	
83; 3 663 3 7505,8304,8357,	
553 1 663 1 7501,	
14) 4 663 4 7498,7532,8306,8359,	
549 1 663 1 7492,	
Un 1 663 1 9019,	
577 1 663 1 7491,	
16) 1 663 1 7486,	
(625 2 663 2 8769,8855,	
93; 1 663 1 7484,	
18) 1 663 1 7478,	
94; 1 663 1 7476,	
(0 16 663 16 7475,7483,7495,7504,7529,7537,7549,7558,8295,8303,8315,8324,8348,8356,8368,8377,	
05 2 663 2 7474,8367,	
259 4 663 4 7472,7480,7526,7534,	
EPP 4 663 4 7471,7490,7525,7544,	
Parámetro 8 663 8 7466,7487,7520,7541,8286,8307,8339,8360,	
Acontecimiento 4 663 4 7459,7513,8280,8333,	
Tiempo 4 663 4 7457,7511,8278,8331,	
Mediana 4 663 4 7455,7509,8276,8329,	
1017) 1 663 1 7453,	
N= 2 663 2 7452,8273,	
937; 1 663 1 7450,	
N=1017) 1 663 1 7446,	
ITT** 4 663 4 7445,7451,8266,8272,	
N=967; 1 663 1 7444,	
Resultados 2 663 2 7432,8252,	
resultado 1 663 1 7429,	
explicación 1 663 1 7425,	
influyen 1 663 1 7407,	
evaluación 1 663 1 7404,	
esquemas 1 663 1 7396,	
muestran 1 663 1 7390,	
sensibilidad 1 663 1 7389,	
Aunque 1 663 1 7385,	
44 1 663 1 7384,	
adicional 2 663 2 7315,8246,	
años; 2 663 2 7306,8227,	
22]) 1 663 1 7284,	
84; 2 663 2 7282,7496,	
5% 4 663 4 7280,7378,7464,7518,	
97 7 663 7 7279,7377,7463,7494,7517,8302,8355,	
01 2 663 2 7276,7536,	
similar 2 663 2 7260,8585,	
subgrupos 1 663 1 7253,	
comparando 1 663 1 7240,	
realizó 1 663 1 7235,	
11) 2 663 2 7216,7233,	
no-inferioridad 4 663 4 7193,7439,8175,8260,	
intención 8 663 8 7187,7299,7568,7773,8015,8169,8220,8386,	
aptos 1 663 1 7181,	
5-Fluorouracilo 1 663 1 7163,	
XELOX+ 1 663 1 7157,	
Capecitabina 2 663 2 7150,7158,	
bolus/perfusión 1 663 1 7139,	
Supervivencia 8 663 8 7467,7488,7521,7542,8287,8308,8340,8361,	
5-fluorouracilo 1 663 1 7137,	
2h 1 663 1 7136,	
Días 1 663 1 7125,	
Leucovorin 2 663 2 7123,7134,	
Día 2 663 2 7117,7144,	
(CCRm) 1 663 1 7112,	
NO16966 3 663 3 7111,7442,9029,	
Ensayo 3 663 3 7110,7441,8262,	
distintos 1 663 1 7099,	
placebo 3 663 3 7081,7084,8152,	
+ 24 663 24 7080,7083,7086,7090,7133,7242,7247,7257,7263,7949,8023,8030,8039,8047,8054,8563,8571,8622,8630,9291,9304,9331,9357,9372,	
cuatro 1 663 1 7072,	
1401 1 663 1 7067,	
2x2 2 663 2 7063,8684,	
FOLFOX-4 14 663 14 7054,7082,7089,7113,7132,7213,7225,7246,7262,7366,8138,8147,8180,8199,	
incluyeron 2 663 2 7051,7078,	
diferentes 2 663 2 7049,7076,	
grupos 2 663 2 7046,7073,	
634 1 663 1 7040,	
brazos 4 663 4 7038,7203,7210,8692,	
confianza 1 663 1 7375,	
etapa 2 663 2 7034,7057,	
(NO16966) 1 663 1 6997,	
regímenes 14 663 14 6969,7100,8884,8907,8936,8947,8964,8975,9060,9069,9094,9114,9140,9148,	
comparativos 1 663 1 6960,	
Actualmente 1 663 1 6954,	
392 1 663 1 6946,	
140 1 663 1 6932,	
0002 1 663 1 6923,	
p<0 1 663 1 6922,	
Mayo); 1 663 1 6921,	
(Xeloda) 3 663 3 6916,6934,6948,	
7% 3 663 3 6915,6919,9335,	
adición 1 663 1 8150,	
25 1 663 1 6914,	
investigador) 2 663 2 6912,9325,	
(evaluación 2 663 2 6910,9323,	
objetiva 2 663 2 6904,9316,	
días) 8 663 8 6898,7651,7680,7709,7734,7900,7969,8454,	
604 1 663 1 6864,	
Otros 2 663 2 6863,9257,	
considerándose 1 663 1 6858,	
reposo 1 663 1 6857,	
603 1 663 1 6837,	
SO14796) 1 663 1 6816,	
(SO14695; 1 663 1 6815,	
aleatorizados 6 663 6 6814,7043,7070,7939,8131,9261,	
multicéntricos 1 663 1 6812,	
diseñados 1 663 1 6811,	
idénticamente 1 663 1 6810,	
controlados 1 663 1 6809,	
actualidad 1 663 1 6769,	
0203) 1 663 1 6766,	
971] 1 663 1 6762,	
828 1 663 1 6754,	
739 1 663 1 6735,	
[IC 3 663 3 6731,6755,7277,	
849 1 663 1 6730,	
progresión 19 663 19 6725,6929,7200,7271,7335,7350,7416,7470,7524,7768,8006,8187,8290,8343,8530,8556,8595,9343,9367,	
5FU/LV 1 663 1 6718,	
superior 2 663 2 6716,9348,	
país 1 663 1 6707,	
linfáticos 1 663 1 6703,	
nódulos 1 663 1 6702,	
carcinoembriogénico 1 663 1 6700,	
382 2 663 2 8321,8374,	
basales 1 663 1 6697,	
sexo 1 663 1 6695,	
aleatorización 1 663 1 6694,	
modelo 1 663 1 6686,	
pre-especificaron 1 663 1 6677,	
estadístico 1 663 1 6675,	
plan 1 663 1 6672,	
frente 12 663 12 6664,7207,7244,7364,8025,8049,8178,8565,8624,8881,8904,9306,	
superioridad 1 663 1 6661,	
demostró 4 663 4 6659,6714,7191,8173,	
predefinido 1 663 1 6657,	
Cox 1 663 1 6656,	
quimioterapéuticos 1 663 1 6783,	
multivariante 1 663 1 6654,	
seguimiento 5 663 5 6639,7286,7317,8211,8245,	
mediana 12 663 12 6637,6925,6941,7763,8209,8550,8610,8925,8952,9074,9296,9362,	
060) 1 663 1 6634,	
74-1 1 663 1 6629,	
86 2 663 2 6624,8892,	
068) 1 663 1 6620,	
= 6 663 6 6618,6632,6740,6764,7449,8270,	
01; 2 663 2 6616,6630,	
77 1 663 1 6613,	
(IC 11 663 11 6609,6625,7461,7515,7781,7799,8282,8335,9084,9102,9130,	
índices 3 663 3 6603,6900,9313,	
dieron 1 663 1 6601,	
diferenciar 1 663 1 6588,	
aleatorizada 4 663 4 6584,6712,6909,9322,	
80-1 1 663 1 6578,	
95% 16 663 16 6576,6611,6627,6733,6757,7783,7801,8284,8337,8543,8603,8895,8918,9086,9104,9132,	
preespecificado 1 663 1 7239,	
92; 2 663 2 6573,7530,	
protocolo 4 663 4 6568,8163,8535,8873,	
supervivencia 26 663 26 6558,6590,6595,6722,6748,6943,7197,7229,7268,7332,7347,7355,7413,8003,8184,8203,8527,8581,8592,8615,8927,8955,9078,9124,9280,9298,	
intravenoso 1 663 1 6553,	
28 2 663 2 6541,6897,	
(sin 1 663 1 8148,	
425 2 663 2 6526,6889,	
442 1 663 1 9301,	
IV 6 663 6 6523,6534,6881,6886,7138,7164,	
Clínica 1 663 1 6515,	
(régimen 5 663 5 6512,6875,6920,6938,6952,	
FU 2 663 2 6509,8646,	
5- 2 663 2 6508,8645,	
820 1 663 1 7618,	
semanas) 19 663 19 6506,6545,6862,7914,7983,8001,8467,8493,8509,8706,8722,8750,8766,8790,8807,8835,8852,9256,9278,	
24 3 663 3 6505,6544,7370,	
ciclos 3 663 3 6500,6859,7746,	
administrándose 1 663 1 6498,	
(1250 4 663 4 6484,6843,7643,9226,	
1987 1 663 1 6478,	
aleatorizaron 9 663 9 6477,6836,6867,7617,7867,8429,8469,8681,9219,	
apoyan 7 663 7 6458,6817,7002,7582,7829,8083,9183,	
N 2 663 2 7448,8269,	
M66001) 1 663 1 6444,	
XACT; 1 663 1 6443,	
(ensayo 1 663 1 6442,	
aleatorizado 8 663 8 6440,7001,7581,7828,8082,8401,8640,9182,	
multicéntrico 7 663 7 6439,6999,7826,8080,8400,8639,9181,	
fase 9 663 9 6437,6807,6995,7576,7820,8076,8398,8637,9178,	
provenientes 3 663 3 6432,6802,9173,	
velocidad 1 663 1 6416,	
metabolizan 1 663 1 6412,	
proliferan 1 663 1 6407,	
células 1 663 1 6405,	
acentúan 1 663 1 6402,	
resultó 1 663 1 9281,	
privación 1 663 1 6395,	
equilibrado 1 663 1 6386,	
crear 1 663 1 6376,	
celular 2 663 2 6370,6390,	
división 1 663 1 6366,	
esenciales 1 663 1 6363,	
ADN 2 663 2 6358,6397,	
proteica 1 663 1 6353,	
ARN 3 663 3 6350,6361,6400,	
incorporación 1 663 1 6341,	
(ADN) 1 663 1 6339,	
desoxirribonucleico 1 663 1 6338,	
síntesis 2 663 2 6335,6352,	
interfiere 1 663 1 6332,	
timidílico 1 663 1 6329,	
desoxiuridílico 1 663 1 6325,	
metilación 1 663 1 6322,	
bloquea 1 663 1 6318,	
anabólica 1 663 1 6317,	
pruebas 2 663 2 6308,6586,	
factorial 2 663 2 7062,8679,	
(upregulation) 1 663 1 6298,	
estimulación 1 663 1 6297,	
sinérgico 1 663 1 6285,	
humano 1 663 1 6280,	
xenotrasplante 1 663 1 6277,	
modelos 1 663 1 6275,	
bajos 1 663 1 6273,	
391 1 663 1 6950,	
tumorales 1 663 1 6262,	
tejidos 2 663 2 6261,6266,	
encuentra 1 663 1 6259,	
(ThyPasa) 1 663 1 6257,	
fosforilasa 2 663 2 6256,6302,	
timidina 3 663 3 6255,6301,6380,	
final 1 663 1 6251,	
705 1 663 1 6759,	
responsable 1 663 1 6247,	
enzima 1 663 1 6246,	
enzimáticos 1 663 1 6240,	
pasos 1 663 1 6239,	
través 3 663 3 6236,8733,8818,	
activa 1 663 1 6234,	
(5-FU) 1 663 1 6230,	
5-fluorouracil 1 663 1 6229,	
citotóxico 1 663 1 6228,	
precursor 1 663 1 6226,	
actúa 1 663 1 6223,	
administrado 6 663 6 6219,6667,8727,8795,8812,8840,	
carbamato 1 663 1 6213,	
L01BC06 1 663 1 6208,	
ATC 1 663 1 6207,	
código 1 663 1 6206,	
(antimetabolito) 1 663 1 6205,	
citostático 1 663 1 6204,	
farmacoterapéutico 1 663 1 6203,	
Grupo 1 663 1 6202,	
farmacodinámicas 1 663 1 6201,	
Propiedades 1 663 1 6200,	
	5 1 663 1 6198,	
ESTE 1 663 1 6196,	
FARMACOLÓGICAS 1 663 1 6194,	
PROPIEDADES 1 663 1 6193,	
clínicas 1 663 1 6185,	
médica 1 663 1 6177,	
intervención 1 663 1 6176,	
individualizada 1 663 1 6174,	
carcinoma 1 663 1 8108,	
incluir 1 663 1 6172,	
manejo 1 663 1 6166,	
ósea 1 663 1 6164,	
médula 1 663 1 6163,	
así 3 663 3 6158,6263,6743,	
irritación 1 663 1 6154,	
agudas 1 663 1 6148,	
sobredosis 2 663 2 6147,6170,	
manifestaciones 2 663 2 6145,6184,	
6% 1 663 1 9329,	
Sobredosis 1 663 1 6143,	
notificado 1 663 1 6133,	
lagrimal 1 663 1 6119,	
13) 2 663 2 7552,8608,	
estenosis 1 663 1 6116,	
31) 1 663 1 8318,	
raras 2 663 2 6115,6122,	
contenga 1 663 1 9388,	
comercialización 1 663 1 6112,	
post- 1 663 1 6111,	
adicionales 1 663 1 6107,	
identificado 1 663 1 6102,	
Experiencia 1 663 1 6098,	
tromboembolia; 1 663 1 6081,	
letargo 1 663 1 6080,	
fiebre 2 663 2 6012,6097,	
periférica 2 663 2 6010,6095,	
letargo; 1 663 1 5995,	
epirubicina 8 663 8 5934,5955,6018,6039,8694,8739,8779,8824,	
cardiaca/infarto 1 663 1 5929,	
hipertensión 1 663 1 5926,	
isquemia 2 663 2 5849,5928,	
trombosis/embolia; 1 663 1 5838,	
nocturnos 1 663 1 5748,	
Sudores 1 663 1 5747,	
Cefalea 1 663 1 5729,	
17 1 663 1 5718,	
Gripe 1 663 1 5699,	
Rinitis 1 663 1 5698,	
350 1 663 1 5568,	
976] 1 663 1 6738,	
Hipomagnesemia 1 663 1 5491,	
Hipopotasemia 1 663 1 5490,	
06) 1 663 1 6579,	
16 2 663 2 5478,6918,	
ECF 1 663 1 8693,	
Infección 1 663 1 5459,	
segunda 6 663 6 5369,5405,7654,7722,8063,8096,	
procedentes 6 663 6 5350,6990,7309,7812,8071,8236,	
musculoesquléticos 1 663 1 5296,	
complementarias 2 663 2 5137,5778,	
GRADOS 4 663 4 5074,5077,5250,5253,	
LOS 4 663 4 5073,5076,5249,5252,	
TODOS 4 663 4 5072,5075,5248,5251,	
niveles 2 663 2 6270,6696,	
ML17032 1 663 1 5007,	
(grado 1 663 1 5002,	
4% 1 663 1 5001,	
grados) 1 663 1 4998,	
22% 1 663 1 4995,	
literatura 1 663 1 4927,	
concuerdan 1 663 1 4901,	
oxaliplatino) 1 663 1 4884,	
combinaciones 1 663 1 4863,	
(para 2 663 2 4861,4880,	
ensayo 19 663 19 4859,4976,5006,5180,5591,6435,6475,6993,7029,7575,7819,8074,8104,8396,8427,8636,8675,9176,9217,	
principal 3 663 3 4858,4975,5179,	
observada 1 663 1 4855,	
cardiaca/infarto; 1 663 1 5850,	
bevacizumab) 7 663 7 4787,4872,8024,8031,8048,8055,8154,	
contenían 4 663 4 7205,7212,9096,9116,	
(oxaliplatino 1 663 1 4785,	
4) 2 663 2 4746,4764,	
difieren 10 663 10 4736,4789,5034,5210,5420,5645,5806,5891,5959,6043,	
notificaron 2 663 2 4723,4774,	
Disminución 1 663 1 4704,	
infección 2 663 2 6011,6096,	
3/4 1 663 1 4698,	
Pacientes 3 663 3 4687,4695,4699,	
Anormalidad 1 663 1 4680,	
grados 3 663 3 4590,5835,5844,	
anormalidades 3 663 3 4584,4621,4689,	
Anormalidades 2 663 2 4569,4662,	
terapéuticos 2 663 2 4568,5786,	
procedimientos 2 663 2 4567,5785,	
complicaciones 3 663 3 4565,5783,6190,	
traumáticas 2 663 2 4562,5780,	
Lesiones 2 663 2 4561,5779,	
complementariass 1 663 1 4560,	
Exploraciones 3 663 3 4559,5136,5777,	
lugar 5 663 5 4555,5132,5307,5540,5773,	
generales 5 663 5 4550,5127,5302,5535,5768,	
reproductor 1 663 1 4544,	
(XELIRI) 2 663 2 7719,7879,	
aparato 1 663 1 4543,	
urinarios 3 663 3 4540,5533,5766,	
renales 3 663 3 4538,5531,5764,	
musculoesqueléticos 4 663 4 4532,5121,5525,5758,	
subcutáneo 5 663 5 4517,5119,5294,5523,5756,	
581 1 663 1 7500,	
tejido 10 663 10 4516,4535,5118,5124,5293,5299,5522,5528,5755,5761,	
piel 5 663 5 4513,5115,5290,5519,5752,	
hepatobiliares 2 663 2 4509,5111,	
XELOX 13 663 13 7052,7079,7085,7140,7206,7221,7241,7256,7363,8136,8145,8177,8195,	
mediastínicos 4 663 4 4505,5284,5513,5743,	
torácicos 4 663 4 4503,5282,5511,5741,	
respiratorios 4 663 4 4502,5281,5510,5740,	
vasculares 4 663 4 4500,5279,5508,5738,	
oído 2 663 2 4480,5104,	
oculares 3 663 3 4477,5277,5506,	
psquiátricos 3 663 3 4471,5097,5500,	
nutrición 5 663 5 4469,5095,5271,5498,5717,	
inmunológico 2 663 2 4462,5477,	
linfático 5 663 5 4458,5088,5264,5473,5710,	
Regímenes 1 663 1 7105,	
Trastornos 61 663 61 4451,4459,4463,4470,4472,4476,4478,4484,4499,4501,4506,4508,4510,4531,4537,4541,4549,5081,5089,5096,5098,5102,5108,5110,5112,5120,5126,5257,5265,5272,5276,5278,5280,5285,5287,5295,5301,5466,5474,5492,5499,5501,5505,5507,5509,5514,5516,5524,5530,5534,5703,5711,5731,5735,5737,5739,5744,5749,5757,5763,5767,	
demostraron 1 663 1 8874,	
especificadas 1 663 1 4450,	
NO16967 2 663 2 8263,9030,	
malignas 1 663 1 4447,	
benignas 1 663 1 4446,	
Infecciones 5 663 5 4428,5078,5254,5463,5700,	
Órganos 10 663 10 4427,4444,4498,4530,5064,5240,5457,5488,5696,5728,	
1/100 10 663 10 4420,4437,4491,4523,5068,5244,5453,5484,5692,5724,	
Clasificación 10 663 10 4415,4434,4488,4520,5059,5235,5448,5481,5687,5721,	
Frecuentes 12 663 12 4411,4412,4414,4677,5062,5063,5238,5239,5446,5447,5685,5686,	
Sistema 10 663 10 4408,4432,4486,4518,5057,5233,5443,5479,5682,5719,	
Resumen 5 663 5 4382,5014,5190,5379,5605,	
SO14695 1 663 1 9026,	
año 1 663 1 7314,	
comparables 1 663 1 4361,	
especialmente 1 663 1 4342,	
tratar 8 663 8 7189,7301,7570,7775,8017,8171,8222,8388,	
análisis 23 663 23 4310,4644,4876,5353,6645,6653,6674,7237,7293,7311,7329,7344,7353,7387,7410,7437,7815,8214,8239,8258,8533,8865,9053,	
partir 2 663 2 4307,4641,	
obtenida 2 663 2 4305,4639,	
Cada 3 663 3 4284,4617,4835,	
tres 6 663 6 4267,4319,4600,4653,8806,8851,	
asociadas 1 663 1 4257,	
>1900 1 663 1 4246,	
intervalo 2 663 2 4228,7373,	
gravedad 1 663 1 4224,	
decreciente 1 663 1 4222,	
orden 1 663 1 4221,	
1/100) 6 663 6 4214,4426,4443,4497,4529,4686,	
(1/1 6 663 6 4211,4423,4440,4494,4526,4683,	
actividad 1 663 1 9005,	
1/10) 17 663 17 4207,4418,4422,4439,4493,4525,4682,5066,5071,5242,5247,5451,5456,5487,5690,5695,5727,	
(1/10) 1 663 1 4203,	
Muy 9 663 9 4201,4410,4675,5061,5237,5445,5684,6114,6121,	
categorías 1 663 1 4200,	
(XELOX 2 663 2 8029,8046,	
frecuencia 15 663 15 4195,4230,4297,4631,4755,4818,4848,5050,5226,5436,5668,5822,5907,5975,6059,	
clasificar 1 663 1 4190,	
(eritrodisestesia 2 663 2 4187,4350,	
estomatitis) 1 663 1 4182,	
(especialmente 1 663 1 4176,	
gastrointestinales 7 663 7 4175,4341,4507,5109,5286,5515,5745,	
observadas 17 663 17 4172,4335,4387,4572,4591,4665,4739,4792,4800,5037,5213,5423,5648,5809,5894,5962,6046,	
diseño 3 663 3 4153,7061,8678,	
detallan 1 663 1 4146,	
post-comercialización 3 663 3 4139,6099,6130,	
metastásico) 1 663 1 4064,	
(como 1 663 1 4047,	
> 5 663 5 4040,4953,5157,5330,5567,	
realizados 3 663 3 4038,4150,8240,	
remotamente 1 663 1 4026,	
consideradas 1 663 1 4018,	
fatiga 2 663 2 4008,4183,	
mareos 1 663 1 4007,	
pequeña 1 663 1 4001,	
mucositis 1 663 1 6153,	
influencia 1 663 1 3989,	
máquinas 2 663 2 3987,3999,	
conducir 2 663 2 3984,3996,	
capacidad 2 663 2 3982,3994,	
Efectos 1 663 1 3979,	
reciba 1 663 1 3973,	
314) 1 663 1 8274,	
considerables 1 663 1 3957,	
detectado 1 663 1 3955,	
lactantes 1 663 1 3952,	
ratones 1 663 1 3951,	
materna 1 663 1 3949,	
leche 2 663 2 3948,3965,	
encaminadas 1 663 1 6180,	
elimina 1 663 1 3945,	
desconoce 1 663 1 3941,	
equivalentes 1 663 1 9145,	
feto 1 663 1 3939,	
potencial 1 663 1 3936,	
riesgo 14 663 14 3935,6571,6605,6728,6752,7274,7360,8538,8576,8589,8598,8890,8913,9121,	
acerca 2 663 2 3933,6773,	
utilizado 1 663 1 8983,	
informadas 1 663 1 3932,	
tratadas 1 663 1 3926,	
fértil 1 663 1 3916,	
edad 2 663 2 3915,6687,	
previsibles 1 663 1 3899,	
constituyen 1 663 1 3897,	
obtenidos 1 663 1 4116,	
animales 1 663 1 3894,	
teratogenia 1 663 1 3885,	
embrionaria 1 663 1 3883,	
mortalidad 1 663 1 3882,	
fetal 1 663 1 3870,	
daño 1 663 1 3869,	
causar 2 663 2 3868,4006,	
admitir 1 663 1 3864,	
mujeres 3 663 3 3859,3875,3913,	
Embarazo 1 663 1 3850,	
índice 6 663 6 3839,7358,8033,8574,8587,9119,	
186 1 663 1 9369,	
basados 7 663 7 3821,8885,8908,8937,8948,8965,8976,	
actuales 1 663 1 3815,	
después 2 663 2 3808,7168,	
instrucción 1 663 1 3796,	
EOX 1 663 1 8823,	
dio 1 663 1 3795,	
les 1 663 1 3794,	
clínicos 10 663 10 3792,4037,4123,4270,4322,4656,5364,6126,6806,9024,	
ensayos 15 663 15 3791,4036,4122,4149,4269,4321,4338,4602,4655,5363,6125,6805,6834,8996,9023,	
alimentos 4 663 4 3787,3826,3832,3836,	
farmacocinéticos 1 663 1 3778,	
produjo 2 663 2 3770,3881,	
global 20 663 20 4304,4638,4877,5354,6596,6749,6903,7174,7230,7356,7489,7543,8036,8204,8309,8362,8928,8956,9079,9125,	
exposición 1 663 1 3750,	
(respuesta 1 663 1 8037,	
significativas 1 663 1 3747,	
diferencias 2 663 2 3745,7393,	
produjeron 1 663 1 3744,	
seguidas 3 663 3 6493,6852,9235,	
bevacizumab 21 663 21 3741,3764,4090,5550,5562,5588,5625,5868,5889,7017,7087,7091,7243,7248,7258,7264,7849,7881,7916,7950,7985,	
oxaliplatino 32 663 32 3734,3739,3768,4086,4806,4831,4870,5315,5325,5349,5397,5548,5560,5586,5623,5659,5681,5936,5957,7010,7015,7682,7737,7948,7970,8091,8648,8791,8836,8903,8978,8987,	
diariamente 3 663 3 3713,8728,8813,	
administre 1 663 1 3712,	
pauta 1 663 1 3705,	
tromboembolia 1 663 1 6013,	
siga 1 663 1 3703,	
MTD 1 663 1 3692,	
rectal 1 663 1 3690,	
radioterapia 2 663 2 3686,3722,	
usando 1 663 1 3672,	
(MTD) 1 663 1 3667,	
Radioterapia 1 663 1 3662,	
sola 1 663 1 3661,	
empleó 1 663 1 3659,	
DMT 1 663 1 3640,	
MUI/m2 1 663 1 3636,	
(3 1 663 1 3635,	
alfa-2a 1 663 1 3634,	
interferón 1 663 1 3633,	
combinó 1 663 1 3631,	
alfa 1 663 1 3628,	
04 2 663 2 7482,8347,	
Interferón 1 663 1 3627,	
potenciales 1 663 1 3612,	
tumor 1 663 1 7406,	
P-450 1 663 1 3609,	
evitar 2 663 2 3598,3921,	
alopurinol 2 663 2 3588,3603,	
Alopurinol 1 663 1 3580,	
FBAL) 1 663 1 3579,	
(5'-DFUR 1 663 1 3576,	
principales 13 663 13 3574,4148,4159,4268,4320,4601,4654,5365,7294,7433,8215,8253,8866,	
hubo 1 663 1 3568,	
(5'-DFCR); 1 663 1 3566,	
pequeño 1 663 1 3554,	
SO14796 1 663 1 9027,	
Hubo 1 663 1 3552,	
generalmente 1 663 1 6271,	
magnesio 1 663 1 3546,	
aluminio 1 663 1 3542,	
hidróxido 2 663 2 3540,3544,	
estudió 1 663 1 3532,	
Antiácido 1 663 1 3530,	
viernes 1 663 1 3717,	
8 7 663 7 3529,4012,4716,5335,5378,7779,7797,	
administrarse 1 663 1 3513,	
sustitución 1 663 1 9038,	
metabolito 1 663 1 3565,	
Por 1 663 1 3507,	
fatal 1 663 1 3506,	
potencialmente 1 663 1 3505,	
fluoropirimidina 4 663 4 3503,3905,6215,8124,	
dihidropirimidin 1 663 1 3487,	
originada 1 663 1 3481,	
5-FU 22 663 22 3480,3577,3586,3595,6253,6314,6343,6374,6413,6529,6872,6888,8479,8519,8724,8809,8887,8950,9040,9072,9117,9151,	
clínicamente 3 663 3 3473,3746,3773,	
medicamento-medicamento 1 663 1 3472,	
oral) 1 663 1 3463,	
(30 1 663 1 3455,	
combina 2 663 2 3451,3684,	
intermitente 2 663 2 3433,3675,	
empleando 1 663 1 3430,	
(DMT) 1 663 1 3425,	
máxima 2 663 2 3423,3665,	
verse 1 663 1 3415,	
farmacodinamia 1 663 1 3408,	
metabolitos 5 663 5 3397,3575,3755,3784,3962,	
mostró 2 663 2 3380,6282,	
(leucovorina) 1 663 1 3379,	
ácido 8 663 8 3377,3383,3401,3419,3453,6324,6328,6337,	
folínico 6 663 6 3369,3378,3384,3402,3420,3454,	
Ácido 1 663 1 3368,	
(800 2 663 2 7883,8480,	
plasmática 1 663 1 3365,	
concentración 1 663 1 3364,	
regularmente 1 663 1 3349,	
crecimiento 2 663 2 6369,6384,	
síntomas 1 663 1 3333,	
conllevado 1 663 1 3332,	
aislados 1 663 1 3330,	
fenitoina 5 663 5 3326,3337,3345,3355,3367,	
anemia 2 663 2 6005,6079,	
plasmáticas 2 663 2 3324,3559,	
concentraciones 2 663 2 3323,3558,	
Fenitoina 1 663 1 3315,	
INR) 1 663 1 3306,	
(TP 1 663 1 3304,	
detectar 2 663 2 3297,3360,	
regular 1 663 1 3295,	
monitorizarse 1 663 1 3292,	
tomen 2 663 2 3283,3354,	
Aquellos 1 663 1 3280,	
3A4 2 663 2 3279,3619,	
1A2 2 663 2 3277,3616,	
isoenzimas 2 663 2 3276,3615,	
isoenzima 1 663 1 3268,	
inhibe 1 663 1 3266,	
indican 3 663 3 3262,7219,9001,	
afectó 1 663 1 3259,	
R-warfarina 1 663 1 3256,	
metabolismo 7 663 7 3254,4465,5091,5267,5494,5713,6312,	
Dado 2 663 2 3251,6354,	
91% 1 663 1 3250,	
INR 1 663 1 3248,	
57% 1 663 1 3243,	
S- 1 663 1 3240,	
aumentó 1 663 1 3235,	
20 3 663 3 3227,6517,6877,	
administró 3 663 3 3222,3729,4594,	
farmacocinética 3 663 3 3217,3392,3549,	
finalizar 1 663 1 3206,	
mes 1 663 1 3204,	
primer 1 663 1 3203,	
casos 3 663 3 3200,3329,6134,	
producen 1 663 1 3183,	
fenprocumon 1 663 1 3179,	
sangrado 2 663 2 3163,6157,	
coagulación 2 663 2 3161,3303,	
parámetros 3 663 3 3159,3301,3777,	
Anticoagulantes 1 663 1 3149,	
sólo 3 663 3 3141,3444,9267,	
realizado 2 663 2 3140,6445,	
(en 1 663 1 4925,	
fracaso 1 663 1 4077,	
han 21 663 21 3139,3582,3954,4243,4750,4813,4950,5045,5154,5221,5327,5431,5564,5663,5817,5902,5970,6054,6101,6132,7320,	
interacciones 4 663 4 3137,3584,3611,3621,	
estudios 3 663 3 3135,3855,3888,	
(p=0 1 663 1 9293,	
formas 1 663 1 3131,	
Interacción 4 663 4 3124,3144,3606,3785,	
glucosa-galactosa 1 663 1 3116,	
(Lapp 1 663 1 3111,	
lactasa 1 663 1 3107,	
galactosa 1 663 1 3104,	
tracto 1 663 1 5461,	
intolerancia 1 663 1 3101,	
raros 1 663 1 3099,	
hereditarios 1 663 1 3098,	
problemas 1 663 1 3097,	
excipiente 1 663 1 3093,	
conjunto 1 663 1 9054,	
contiene 2 663 2 3089,3539,	
Como 2 663 2 3086,3812,	
3) 3 663 3 3085,3528,5003,	
normal 1 663 1 3078,	
disminuyen 1 663 1 3029,	
desciende 1 663 1 3019,	
>2 1 663 1 3003,	
AST) 1 663 1 3001,	
aminotransferasas 2 663 2 2998,3027,	
ULN 4 663 4 2994,3006,3024,3034,	
(HR) 1 663 1 7361,	
>3 1 663 1 2991,	
embarazadas 2 663 2 3860,3876,	
bilirrubina 2 663 2 2990,3018,	
presenten 1 663 1 2982,	
hepáticas 3 663 3 2969,2999,3028,	
existan 1 663 1 2965,	
independientemente 2 663 2 2962,3699,	
ausencia 1 663 1 2933,	
5) 1 663 1 2929,	
convenientemente 2 663 2 2921,3314,	
96 2 663 2 7503,9129,	
ajustará 2 663 2 2920,3313,	
protrombina) 1 663 1 2917,	
(INR 1 663 1 2913,	
respuesta 5 663 5 2911,6902,8035,8040,9315,	
estrechamente 1 663 1 2909,	
anticoagulantes 4 663 4 2898,3171,3284,3623,	
concomitante 3 663 3 2894,3341,3601,	
2C9 3 663 3 2887,3269,3617,	
**ITT=población 2 663 2 7566,8384,	
P450 1 663 1 2886,	
citocromo 2 663 2 2885,3608,	
isoenzimático 1 663 1 2884,	
posible 1 663 1 4023,	
inhibición 3 663 3 2879,3484,6348,	
probablemente 1 663 1 2875,	
sugieren 1 663 1 2872,	
resultados 10 663 10 2871,3261,4160,4314,4940,7218,7342,8192,8393,8633,	
Mayo) 2 663 2 6939,6953,	
Estos 2 663 2 2870,3895,	
S-warfarina 1 663 1 2869,	
(+57%) 1 663 1 2866,	
medio 2 663 2 2865,7287,	
AUC 2 663 2 2864,3237,	
iniciar 1 663 1 3191,	
significativo 2 663 2 2861,3774,	
incremento 2 663 2 2860,3320,	
lunes 1 663 1 3715,	
warfarina 4 663 4 2856,3177,3230,3241,	
única 2 663 2 2854,3225,	
medicamentosa 1 663 1 2848,	
interacción 6 663 6 2847,2874,3133,3216,3471,3493,	
estudio 3 663 3 2845,3213,3371,	
cumarina 6 663 6 2842,2901,3152,3174,3287,3626,	
derivados 7 663 7 2840,2899,3150,3172,3285,3624,3902,	
Anticoagulación 1 663 1 2838,	
(CEA) 1 663 1 6701,	
antiácido 1 663 1 3537,	
agravarse 1 663 1 2832,	
éstos 1 663 1 2830,	
cardíacos 2 663 2 4485,5736,	
presencia 1 663 1 3766,	
alteración 2 663 2 2824,3156,	
diabetes 1 663 1 2820,	
mellitus 2 663 2 2807,2821,	
Diabetes 1 663 1 2806,	
Bevacizumab 3 663 3 3763,7135,7159,	
cerebrales 1 663 1 2799,	
metástasis 2 663 2 2798,2968,	
p 5 663 5 2796,6617,6631,6739,6763,	
periférico 2 663 2 2781,2795,	
central 2 663 2 2779,2793,	
nervioso 7 663 7 2778,2792,4475,5101,5275,5504,5734,	
sistema 15 663 15 2777,2791,2883,4457,4461,4474,5087,5100,5263,5274,5472,5476,5503,5709,5733,	
Enfermedad 1 663 1 2775,	
hipo- 2 663 2 2752,2767,	
hipercalcemia 3 663 3 2748,2754,2769,	
Hipo- 1 663 1 2746,	
(ALT 1 663 1 3000,	
importante 2 663 2 2736,3389,	
cardiaca 1 663 1 2735,	
intoxicaciones 2 663 2 4563,5781,	
antecedentes 1 663 1 2732,	
cardiomiopatía 1 663 1 2724,	
notificadas 11 663 11 4890,4908,4914,5023,5199,5388,5614,5795,5878,5946,6030,	
pecho 2 663 2 2717,2741,	
cardiacas 1 663 1 2714,	
arritmias 2 663 2 2713,2737,	
coronaria 1 663 1 2704,	
arterial 1 663 1 2703,	
previo 2 663 2 2700,8115,	
historial 1 663 1 2699,	
comunes 1 663 1 2694,	
cambios 1 663 1 2685,	
súbita 1 663 1 2683,	
muerte 2 663 2 2682,6389,	
febril 3 663 3 5861,6008,6093,	
cardiogénico 1 663 1 2681,	
shock 1 663 1 2680,	
disritmias 1 663 1 2679,	
angina 3 663 3 2678,2715,2739,	
miocardio 2 663 2 2677,2720,	
infarto 2 663 2 2675,2718,	
incluye 2 663 2 2674,9055,	
cardiotoxicidad 1 663 1 2666,	
asociado 1 663 1 2664,	
Cardiotoxicidad 1 663 1 2661,	
disminuir 2 663 2 2656,3591,	
recoge 7 663 7 2651,4136,4768,4959,5163,5336,5573,	
publicados 1 663 1 2646,	
secundario 1 663 1 2636,	
profiláctico 1 663 1 2635,	
(piridoxina) 1 663 1 2631,	
B6 1 663 1 2630,	
vitamina 1 663 1 2629,	
utilizan 2 663 2 2619,4197,	
disminuirse 1 663 1 2613,	
Después 1 663 1 2600,	
intensidad 1 663 1 2596,	
informes 1 663 1 2645,	
disminuya 1 663 1 2594,	
hipersensibilidad 1 663 1 5848,	
desaparezca 1 663 1 2590,	
presenta 1 663 1 2573,	
incapacidad 1 663 1 2560,	
causa 1 663 1 2556,	
malestar 1 663 1 2554,	
fuerte 1 663 1 2553,	
posibles 1 663 1 6189,	
gastrointestinal 2 663 2 6155,9051,	
intenso 1 663 1 2547,	
vesículas 1 663 1 2544,	
ulceración 1 663 1 2541,	
húmeda 1 663 1 2540,	
descamación 1 663 1 2539,	
afecta 1 663 1 2519,	
Oxaliplatino 5 663 5 3726,7114,7115,7141,7142,	
produciendo 1 663 1 2515,	
doloroso 1 663 1 2508,	
adultos 1 663 1 3143,	
normales 2 663 2 2494,6267,	
actividades 3 663 3 2493,2522,2566,	
altera 1 663 1 2491,	
incomodidad 2 663 2 2488,2517,	
significativa 1 663 1 3474,	
pies 3 663 3 2486,2514,2551,	
términos 8 663 8 6720,6746,7195,7227,7266,8182,8201,8525,	
indolora 1 663 1 2478,	
tumefacción 2 663 2 2477,2510,	
ITT 8 663 8 7479,7499,7533,7553,8299,8319,8352,8372,	
hormigueo 1 663 1 2476,	
disestesia/parestesia 1 663 1 2475,	
entumecimiento 1 663 1 2474,	
quimioterapia) 1 663 1 2464,	
inducido 1 663 1 2462,	
acral 1 663 1 2461,	
eritema 3 663 3 2460,2480,2507,	
plantar 1 663 1 2458,	
3000 4 663 4 3436,3653,3678,4041,	
palmo- 1 663 1 2457,	
conocido 1 663 1 2451,	
(también 1 663 1 2450,	
Síndrome 1 663 1 2448,	
desencadenante 1 663 1 2443,	
realizarán 1 663 1 2433,	
desencadenantes 1 663 1 2427,	
causas 1 663 1 2426,	
corregido 1 663 1 2422,	
hayan 1 663 1 2421,	
rehidratado 1 663 1 2416,	
confirmó 1 663 1 7340,	
haya 1 663 1 2415,	
88 1 663 1 6608,	
reiniciará 1 663 1 2408,	
inmediato 1 663 1 2396,	
mayor) 1 663 1 2392,	
(o 1 663 1 2391,	
rapidez 1 663 1 2382,	
vómitos 4 663 4 2375,4179,4345,6151,	
anorexia 1 663 1 2372,	
inicio 2 663 2 2368,6705,	
corregir 2 663 2 2365,6182,	
manos 3 663 3 2483,2512,2549,	
prevenir 2 663 2 2363,6187,	
deshidratación 3 663 3 2360,2387,2405,	
2) 4 663 4 2357,2447,3847,6244,	
sea 2 663 2 2352,2435,	
Neoplasias 1 663 1 4445,	
realizará 1 663 1 2350,	
parenteral 1 663 1 2344,	
soporte 2 663 2 2343,6179,	
melenas 1 663 1 2337,	
10 9 663 9 2334,4431,7095,7104,8158,8618,8931,8959,8970,	
incontinencia 1 663 1 2322,	
(docetaxel 3 663 3 9310,9336,9377,	
9 10 663 10 2319,4056,4767,5572,5604,6142,6649,8626,8932,8942,	
nocturnas 1 663 1 2308,	
deposiciones 1 663 1 2307,	
deposiciones/día 3 663 3 2305,2320,2335,	
aumento 6 663 6 2300,2315,2332,3361,3497,3555,	
define 4 663 4 2292,2472,2504,2536,	
CTC 1 663 1 2291,	
bolo 1 663 1 6669,	
NCIC 1 663 1 2290,	
loperamida) 1 663 1 2288,	
(ej 1 663 1 2287,	
antidiarreicos 1 663 1 2285,	
tratamientos 3 663 3 2284,6110,6129,	
deshidratarse 2 663 2 2279,2379,	
llegaran 1 663 1 2277,	
electrolitos 3 663 3 2275,2812,2827,	
reposición 1 663 1 2273,	
administrarles 1 663 1 2270,	
severa 1 663 1 2268,	
cuidadosamente 2 663 2 2262,2948,	
controlado 8 663 8 2424,6441,6998,7579,7825,8079,8402,9180,	
monitorizar 4 663 4 2261,2908,2947,3348,	
sido 1 663 1 2251,	
tolerada 2 663 2 3424,3666,	
inducir 1 663 1 2244,	
Diarrea 1 663 1 2241,	
reducir 1 663 1 2237,	
suspender 1 663 1 2235,	
requieren 1 663 1 2225,	
reversibles 1 663 1 2222,	
bolus 7 663 7 6531,6885,7166,8699,8743,8783,8828,	
mayoría 1 663 1 2216,	
Todos 1 663 1 7744,	
palmo-plantar) 3 663 3 2214,4188,4351,	
eritrodisestesia 2 663 2 2213,2456,	
cutánea 2 663 2 2211,2454,	
0001) 1 663 1 9360,	
(reacción 1 663 1 2210,	
estomatitis 2 663 2 2205,4346,	
abdominal 2 663 2 2203,4181,	
diarrea 10 663 10 2201,2248,2267,2294,2309,2326,2377,4177,4343,6152,	
5-FU/LV 3 663 3 6552,6600,6666,	
tóxicos 1 663 1 2195,	
efectos 3 663 3 2194,3898,6392,	
precauciones 1 663 1 2189,	
Advertencias 1 663 1 2187,	
594 1 663 1 7546,	
utilizar 3 663 3 2182,3986,3998,	
contraindicaciones 1 663 1 2170,	
existen 4 663 4 2169,2644,3854,6771,	
brivudina 2 663 2 2167,3524,	
relacionados 3 663 3 2163,2984,3520,	
químicamente 2 663 2 2162,3519,	
análogos 3 663 3 2161,3466,3518,	
sorivudina 4 663 4 2158,3477,3491,3515,	
trombocitopenia 3 663 3 2134,6006,6091,	
neutropenia 7 663 7 2132,5860,5924,5994,6007,6078,6092,	
leucopenia 3 663 3 2131,5993,6077,	
lactancia 3 663 3 2127,3852,3970,	
embarazo 3 663 3 2124,3911,3923,	
(DPD) 1 663 1 2121,	
dehidrogenasa 2 663 2 2120,3488,	
corregirá 1 663 1 2403,	
deficiencia 3 663 3 2117,3105,6378,	
probada 1 663 1 2116,	
fluorouracilo 1 663 1 2112,	
inesperadas 1 663 1 2097,	
disfunción 1 663 1 2956,	
Antecedentes 1 663 1 2092,	
Contraindicaciones 1 663 1 2091,	
posteriores 1 663 1 2609,	
irinotecan 13 663 13 2056,2071,5791,5804,5866,5887,7600,7657,7712,7847,7878,7901,8117,	
precaución 5 663 5 2044,2728,2763,2785,2816,	
aumentarse 1 663 1 2042,	
podría 2 663 2 2041,2655,	
combinar 1 663 1 2011,	
(950 1 663 1 2001,	
empezar 1 663 1 1989,	
lactasa) 1 663 1 3112,	
fluoropirimidinas 2 663 2 2101,2671,	
graves 3 663 3 1964,2095,2135,	
conduce 1 663 1 6345,	
mayor 14 663 14 1946,2381,4754,4817,5049,5225,5435,5667,5821,5906,5974,6058,6415,9282,	
observado 16 663 16 1944,2252,2751,3155,3318,3583,4751,4814,5046,5222,5432,5664,5818,5903,5971,6055,	
aconseja 2 663 2 1928,1988,	
comparación 13 663 13 1922,4757,4820,5052,5228,5438,5670,5824,5909,5977,6061,7173,7251,	
conducen 1 663 1 1915,	
incluyendo 2 663 2 1912,4151,	
versus 6 663 6 6599,6917,6935,6949,9333,9374,	
medicamentos 5 663 5 1906,3128,3148,4907,9405,	
perfiles 1 663 1 4353,	
desarrollaron 1 663 1 1901,	
astenia 1 663 1 2373,	
65 2 663 2 1899,2060,	
( 17 663 17 1898,4417,4419,4436,4490,4522,4681,5065,5067,5241,5243,5450,5452,5483,5689,5691,5723,	
ancianos 1 663 1 1897,	
utilizó 1 663 1 1889,	
jóvenes 2 663 2 1885,1926,	
compara 1 663 1 1880,	
años 7 663 7 1877,1936,1975,1986,2024,2063,6650,	
frecuentes 15 663 15 1873,4202,4204,4210,4676,4679,4889,5837,5845,5859,5923,5992,6004,6076,6090,	
embargo 4 663 4 1858,3399,3862,7327,	
(ensayos 1 663 1 9025,	
Sin 3 663 3 1857,3398,7326,	
Durante 2 663 2 1843,2122,	
47% 1 663 1 8052,	
Ancianos 1 663 1 1842,	
años) 2 663 2 1841,1900,	
encontrado 1 663 1 7423,	
(menores 1 663 1 1838,	
hay 1 663 1 1834,	
""Ancianos"") 1 663 1 1832,	
siguiente 1 663 1 1831,	
aplicables 1 663 1 1816,	
son 8 663 8 1815,2221,3925,4360,5417,5642,6362,9144,	
posológico 1 663 1 1809,	
recomendaciones 1 663 1 1806,	
Estas 3 663 3 1805,2689,3180,	
disminuye 2 663 2 1792,3837,	
calculado 1 663 1 1791,	
aclaramiento 1 663 1 1788,	
incluida 2 663 2 1774,6565,	
especificándose 1 663 1 1769,	
adversa 2 663 2 1759,2442,	
reacción 4 663 4 1758,2441,2453,6320,	
dihidropirimidina 1 663 1 2119,	
desarrolla 1 663 1 1756,	
paciente 5 663 5 1755,2418,2496,2528,2559,	
rápidamente 2 663 2 1750,6409,	
p=0 2 663 2 7806,9338,	
monitorización 2 663 2 1747,1931,	
malabsorción 2 663 2 2324,3114,	
cuidadosa 2 663 2 1746,1930,	
precisa 1 663 1 1736,	
obtenido 5 663 5 4244,4951,5155,5328,5565,	
51-80 1 663 1 1732,	
necesaria 1 663 1 1708,	
provienen 1 663 1 4033,	
lapones 1 663 1 3110,	
consistirá 1 663 1 1688,	
recomienda 5 663 5 1682,1743,2073,2624,3828,	
libre 19 663 19 3758,6559,6591,6723,7198,7269,7333,7348,7414,7468,7522,7766,8004,8185,8288,8341,8528,8554,8593,	
general 2 663 2 1673,7345,	
producida 1 663 1 6303,	
población 17 663 17 1672,3077,4119,6564,6583,6711,6908,7178,7185,7297,7771,8013,8161,8167,8218,8871,9321,	
respecto 2 663 2 1669,3074,	
ml/min) 4 663 4 1665,1733,2155,3072,	
30-50 2 663 2 1664,3071,	
adversas 45 663 45 1647,1861,1904,1950,1963,2220,2691,3055,4014,4017,4165,4193,4217,4256,4289,4328,4386,4720,4771,4840,4887,4905,4962,5018,5166,5194,5339,5383,5413,5576,5609,5638,5794,5831,5840,5852,5871,5916,5939,5984,5997,6023,6068,6083,6106,	
leve 2 663 2 1726,2959,	
reacciones 39 663 39 1646,1860,1903,1949,1962,2094,2219,2690,3054,3181,4016,4164,4192,4216,4255,4288,4327,4385,4719,4770,4839,4886,4904,4961,5017,5165,5193,5338,5382,5412,5575,5608,5637,5793,5846,5870,5938,6022,6105,	
Poco 2 663 2 4413,4678,	
incidencia 7 663 7 1643,1947,3052,4303,4637,4854,4982,	
[Cockcroft 1 663 1 1639,	
ml/min 2 663 2 1638,1797,	
creatinina 6 663 6 1632,1661,1729,1790,2150,3070,	
(aclaramiento 5 663 5 1630,1659,1727,2148,3068,	
contraindicado 2 663 2 1623,3908,	
hepatitis 2 663 2 1618,6139,	
cirrosis 1 663 1 1616,	
relativa 1 663 1 1611,	
combinado 6 663 6 2178,4311,4645,7666,7710,9288,	
ajuste 4 663 4 1603,1737,1779,1808,	
recomendar 1 663 1 1601,	
insuficiencia 13 663 13 1598,1613,1627,1656,1677,1702,1723,1813,2139,2145,2943,3065,6136,	
suficientes 1 663 1 1594,	
eficacia 9 663 9 1593,2658,2939,3593,3819,4162,7435,8255,8868,	
seguridad 14 663 14 1591,2937,3817,4115,4237,4316,4355,4650,4879,4942,5146,5319,5359,5554,	
datos 22 663 22 1589,2935,3814,3896,4113,4235,4648,5144,5317,5357,5552,6431,6772,6801,6959,6989,7308,7572,7811,8070,8235,9172,	
dispone 3 663 3 1587,1608,6957,	
hepática 8 663 8 1584,1599,1614,2140,2931,2944,2957,6137,	
Insuficiencia 4 663 4 1583,1619,2930,3049,	
continua 6 663 6 1527,1546,3706,8486,8731,8816,	
especiales 3 663 3 1515,1582,2190,	
poblaciones 3 663 3 1514,1581,4364,	
743) 1 663 1 9088,	
indicaciones 1 663 1 1509,	
aplicación 1 663 1 1505,	
advertencia 1 663 1 1502,	
(REAL-2) 1 663 1 8672,	
Esta 2 663 2 1501,3492,	
reanudar 2 663 2 1485,3015,	
permanentemente 1 663 1 1482,	
interrumpido 1 663 1 1481,	
agente 5 663 5 1461,2184,4733,4900,4922,	
ajustar 2 663 2 1456,1853,	
relacionadas 15 663 15 1443,1867,1956,1965,4027,4166,4329,4963,5019,5167,5195,5340,5384,5577,5610,	
están 2 663 2 1442,3820,	
considera 1 663 1 1437,	
reiniciar 2 663 2 1422,1496,	
necesarios 1 663 1 1420,	
requerimientos 2 663 2 1419,1494,	
II 1 663 1 7821,	
retrasará 1 663 1 1413,	
añadido 2 663 2 4292,4843,	
dolor 3 663 3 2202,2546,4180,	
Gault]) 1 663 1 1641,	
retrasar 1 663 1 1394,	
necesario 6 663 6 1393,1782,1852,2234,2353,2436,	
comienzo 1 663 1 1386,	
agente(s) 4 663 4 1383,1404,1477,1577,	
sangre 5 663 5 4454,5084,5260,5469,5706,	
otro(s) 4 663 4 1382,1403,1476,1576,	
Cuando 2 663 2 1886,2614,	
el(los) 3 663 3 1381,1475,1575,	
etapas 1 663 1 7032,	
conforme 1 663 1 1372,	
anterior 1 663 1 1368,	
utiliza 4 663 4 1324,1346,1523,1542,	
Modificaciones 2 663 2 1316,1516,	
plaquetas 1 663 1 1301,	
debajo 5 663 5 1290,1304,1635,1794,2152,	
realizada 2 663 2 1274,7175,	
prevista 1 663 1 1272,	
laboratorio 5 663 5 1270,4571,4586,4623,4664,	
relacionado 1 663 1 6294,	
prueba 1 663 1 1268,	
Si 9 663 9 1266,1384,1429,1471,1783,2016,2168,2383,2571,	
100 1 663 1 1257,	
trombocitos 1 663 1 1255,	
depresión 1 663 1 6160,	
electrocardiograma 1 663 1 2688,	
< 19 663 19 1247,1256,4206,4213,4421,4425,4438,4442,4492,4496,4524,4528,4685,5070,5246,5455,5486,5694,5726,	
leucovorin 5 663 5 6511,6520,6874,6880,7170,	
neutrófilos 2 663 2 1246,1287,	
reproductora 1 663 1 3891,	
basal 7 663 7 1244,1633,1662,1679,1704,1725,1730,	
recuento 4 663 4 1243,1253,1285,1299,	
Hematología 1 663 1 1238,	
hiperbilirrubinemia 1 663 1 1233,	
e 12 663 12 1232,1748,2096,2753,3543,4429,5079,5255,5464,5701,5927,6175,	
mano-pie 14 663 14 1231,2209,2212,2449,2455,2467,2499,2531,2575,2603,2641,4186,4349,4985,	
síndrome 11 663 11 1230,2208,2466,2498,2530,2574,2602,2640,4185,4348,4984,	
0 38 663 38 1227,1293,2992,3022,6572,6577,6607,6612,6619,6623,6628,6633,6729,6734,6737,6741,6753,6758,6761,6765,7281,7493,7502,7556,8301,8354,8539,8544,8568,8599,8604,8891,8896,8899,8914,8919,9128,9133,	
versión 1 663 1 1225,	
Nacional 1 663 1 1222,	
US 1 663 1 1221,	
Deshidratación 1 663 1 2358,	
Terapia 5 663 5 1217,6422,6975,8056,9155,	
ó 3 663 3 2306,2579,6507,	
cumplan 2 663 2 1417,1492,	
Evaluación 1 663 1 1214,	
Programa 1 663 1 1212,	
(CTCAE) 1 663 1 1210,	
(250 1 663 1 7713,	
Adversas 1 663 1 1209,	
Reacciones 10 663 10 1208,4013,5830,5839,5851,5915,5983,5996,6067,6082,	
Terminológicos 1 663 1 1205,	
factores 1 663 1 6680,	
(versión 1 663 1 1200,	
CTG) 1 663 1 1199,	
(NCIC 1 663 1 1198,	
Canadá 1 663 1 1197,	
Institute 2 663 2 1195,1224,	
National 1 663 1 1193,	
Mayo 2 663 2 6516,6876,	
Group 1 663 1 1191,	
neuropatía 3 663 3 2801,6009,6094,	
Trial 1 663 1 1190,	
Clinical 1 663 1 1189,	
exploratorio 1 663 1 7238,	
realizar 4 663 4 1361,1554,1744,2564,	
Comunes 2 663 2 1185,1206,	
Criterios 2 663 2 1184,1204,	
*Según 1 663 1 1182,	
permanente 3 663 3 1173,1179,2228,	
-3ª 1 663 1 1156,	
procede 3 663 3 1120,1164,1181,	
No 8 663 8 1119,1163,1180,1585,1606,1833,2406,3853,	
-4ª 1 663 1 1112,	
50% 3 663 3 1111,1155,2255,	
85; 1 663 1 8600,	
75% 4 663 4 1108,1152,1691,2000,	
-2ª 3 663 3 1106,1153,1174,	
100% 1 663 1 1105,	
0-1 2 663 2 1104,1151,	
grado 37 663 37 1103,1150,1649,1761,1863,1908,1952,2296,2311,2328,2389,2469,2501,2533,2577,2598,2605,3056,4691,4697,4701,5854,5857,5873,5876,5918,5921,5941,5944,5986,5989,5999,6002,6070,6073,6085,6088,	
remita 2 663 2 1101,1148,	
Interrumpir 6 663 6 1098,1114,1145,1158,1170,1176,	
aparición 11 663 11 1097,1107,1110,1113,1144,1154,1157,1169,1175,2246,2542,	
Toxicidad 1 663 1 1187,	
-1ª 3 663 3 1096,1143,1168,	
nivel 2 663 2 1086,1091,	
Mantener 2 663 2 1084,1089,	
(índice 8 663 8 6569,6726,6750,7272,8536,8596,8888,8911,	
· 4 663 4 1081,1093,1121,1165,	
ciclo/dosis 2 663 2 1080,1142,	
(CAIRO) 1 663 1 7578,	
próximo 2 663 2 1079,1141,	
toxicidad* 2 663 2 1077,1139,	
Ajuste 2 663 2 1072,1134,	
ciclo 8 663 8 1070,1132,1277,1328,1350,1389,1432,3720,	
602 1 663 1 7554,	
Cambios 2 663 2 1064,1126,	
Grados 2 663 2 1062,1124,	
Continuo) 1 663 1 1061,	
(Ciclo 1 663 1 1055,	
Reducción 1 663 1 1050,	
Pauta 1 663 1 1048,	
función 5 663 5 1042,2438,4300,4634,4851,	
recomendadas 1 663 1 1040,	
posológicas 1 663 1 1039,	
modificaciones 4 663 4 1038,1338,1534,2429,	
incluyen 11 663 11 1036,2200,4253,4582,5829,5914,5982,6066,6149,7097,8234,	
continuación 2 663 2 1034,4134,	
A 2 663 2 1033,4133,	
sustituidas 1 663 1 1032,	
serán 1 663 1 1031,	
debido 2 663 2 1027,1398,	
administradas 1 663 1 1026,	
antígeno 1 663 1 6699,	
Las 18 663 18 1021,1337,1533,2428,3912,4015,4163,4215,4326,4711,4885,5411,5636,5792,5869,5937,6021,6144,	
día) 2 663 2 2006,3638,	
presente 1 663 1 1016,	
caso 3 663 3 1012,1811,2978,	
IC 5 663 5 6574,8541,8601,8893,8916,	
inmediatamente 2 663 2 1008,7167,	
interrumpir 7 663 7 1007,1311,1749,1800,2583,2972,3968,	
necesidad 2 663 2 1005,2340,	
informar 1 663 1 995,	
Se 21 663 21 993,1742,1927,2259,2280,2662,2725,2749,2760,2782,2813,2970,3346,3596,3940,3966,6100,7234,7616,7866,8468,	
interrupción 3 663 3 990,1918,2227,	
continuar 2 663 2 980,1448,	
enumeran 1 663 1 4219,	
podrá 3 663 3 979,1484,3014,	
cantidades 1 663 1 3956,	
ungueales 1 663 1 977,	
lesiones 1 663 1 976,	
gusto 1 663 1 974,	
alteraciones 10 663 10 972,2809,3298,4174,4340,4552,5129,5304,5537,5770,	
conversión 1 663 1 6250,	
alopecia 1 663 1 971,	
ej 2 663 2 970,2797,	
vida 3 663 3 967,2525,2569,	
(1/100 1 663 1 4205,	
amenazantes 1 663 1 964,	
lleguen 1 663 1 961,	
empeoren 1 663 1 959,	
probable 2 663 2 957,4024,	
considere 1 663 1 953,	
médico 3 663 3 952,1436,6167,	
toxicidades 2 663 2 949,1440,	
momento 4 663 4 945,6643,7290,7401,	
ningún 3 663 3 944,3569,3771,	
incrementarse 1 663 1 942,	
deberá 3 663 3 941,2181,2393,	
concomitantemente 3 663 3 3169,3288,3356,	
reduzca 1 663 1 937,	
vez 1 663 1 934,	
aumentada 3 663 3 1667,3061,3416,	
Una 1 663 1 933,	
reducción 6 663 6 929,988,1710,1994,2075,2346,	
(interrupción 1 663 1 925,	
dosis) 1 663 1 932,	
modificación 1 663 1 921,	
y/o 9 663 9 920,1252,2484,2487,2513,2550,2552,3162,4928,	
sintomático 2 663 2 919,2638,	
mediante 4 663 4 917,8676,8729,8814,	
controlar 1 663 1 916,	
-3º 1 663 1 1109,	
debida 2 663 2 908,2876,	
8) 5 663 5 2745,2774,2805,4809,4834,	
General 1 663 1 905,	
posológicos 2 663 2 901,1579,	
Ajustes 2 663 2 900,1578,	
1050 1 663 1 892,	
1400 1 663 1 871,	
1750 2 663 2 858,898,	
1200 1 663 1 851,	
1600 2 663 2 848,891,	
750 1 663 1 842,	
1100 2 663 2 841,899,	
600 3 663 3 822,832,7545,	
Número 1 663 1 799,	
2800 1 663 1 770,	
19 3 663 3 769,894,6642,	
2650 1 663 1 763,	
18 3 663 3 762,887,1840,	
07 4 663 4 759,884,7381,8314,	
2500 1 663 1 753,	
06 2 663 2 752,877,	
Grado 7 663 7 1082,1094,1122,1166,4673,6025,6028,	
93 2 663 2 749,874,	
2300 2 663 2 743,895,	
1950 1 663 1 756,	
92 3 663 3 742,867,8915,	
Hipersensibilidad 1 663 1 2102,	
79 2 663 2 739,864,	
2150 3 663 3 733,773,888,	
78 2 663 2 732,857,	
67 2 663 2 729,854,	
2000 6 663 6 723,766,878,3445,3645,3695,	
66 2 663 2 722,847,	
53 2 663 2 719,844,	
950 1 663 1 717,	
1450 3 663 3 716,774,838,	
1800 3 663 3 713,746,868,	
52 2 663 2 712,837,	
(todos 1 663 1 4996,	
39 2 663 2 709,834,	
1300 5 663 5 706,757,767,828,861,	
1650 2 663 2 703,736,	
(EPP* 2 663 2 7443,7447,	
27 2 663 2 699,824,	
descrito 2 663 2 2712,3469,	
1150 3 663 3 696,747,818,	
- 41 663 41 694,700,710,720,724,730,740,750,754,760,825,835,845,855,865,875,879,885,1937,2052,4703,5069,5245,5454,5458,5485,5489,5693,5697,5725,5730,5746,6113,6120,6736,6760,7786,8710,8754,8794,8839,	
1500 3 663 3 693,726,881,	
26 2 663 2 692,817,	
) 6 663 6 690,815,7465,7519,8285,8338,	
(m 2 663 2 689,814,	
Superficie 2 663 2 684,805,	
38 2 663 2 702,827,	
1250 3 663 3 680,1697,2046,	
Tabla 34 663 34 660,775,1046,1366,1560,1772,4250,4380,4579,4660,4745,4763,4766,4808,4833,4957,5012,5161,5188,5334,5377,5571,5603,7094,7103,7215,7232,7324,7430,8157,8189,8206,8230,8250,	
Dosis 10 663 10 657,682,685,797,801,803,806,808,810,1052,	
Cálculo 3 663 3 654,662,777,	
habían 1 663 1 8112,	
tratados 23 663 23 647,1263,2025,2064,2707,3166,4390,4668,4726,4777,5026,5202,5391,5617,5798,5881,5949,6033,9058,9067,9092,9112,9264,	
administrar 3 663 3 643,1683,3829,	
iniciará 1 663 1 640,	
dexametasona 1 663 1 638,	
conjuntivo 5 663 5 4536,5125,5300,5529,5762,	
oral 4 663 4 636,2904,6222,7151,	
vía 9 663 9 635,2903,3462,6221,6316,6522,6533,8736,8821,	
74% 1 663 1 8028,	
corticoide 1 663 1 633,	
Técnica 1 663 1 626,	
Ficha 1 663 1 625,	
De 1 663 1 621,	
semanas 20 663 20 620,1058,1331,1353,3725,6492,6503,6851,7121,7131,7148,7596,7603,7755,7843,7852,7891,7960,8445,9234,	
900 2 663 2 872,5331,	
hora 3 663 3 617,9253,9275,	
administrada 1 663 1 614,	
intravenosa 3 663 3 613,9250,9272,	
colestásica 1 663 1 6140,	
perfusión 13 663 13 612,7905,7921,7974,7990,8712,8730,8756,8797,8815,8842,9249,9271,	
75 4 663 4 609,1306,8897,9246,	
secciones 1 663 1 3080,	
combinada 1 663 1 603,	
iniciadas 1 663 1 557,	
deberán 2 663 2 555,1261,	
técnica 5 663 5 552,1379,1470,1573,4932,	
ficha 5 663 5 551,1378,1469,1572,4931,	
acuerdo 5 663 5 548,622,1363,1463,1566,	
apropiado 4 663 4 546,4298,4632,4849,	
antiemético 1 663 1 545,	
hidratación 1 663 1 541,	
mantener 1 663 1 539,	
premedicación 2 663 2 537,630,	
cisplatino 22 663 22 535,554,563,2617,2660,4865,4938,4948,4972,4992,5032,6020,6041,8456,8495,8514,8523,8650,8707,8751,8910,8967,	
reciban 2 663 2 530,2892,	
moderada 7 663 7 1018,1658,1680,1705,2961,3067,4003,	
influye 1 663 1 519,	
infestaciones 5 663 5 4430,5080,5256,5465,5702,	
biológicos 1 663 1 512,	
inclusión 2 663 2 509,6683,	
continuada 1 663 1 503,	
625 1 663 1 492,	
seguido 5 663 5 481,6882,7892,7961,8446,	
1000 8 663 8 469,727,737,795,831,882,1718,7592,	
­ 6 663 6 468,6614,8546,8606,8898,8921,	
800 8 663 8 467,697,707,821,852,862,2083,7839,	
reducirse 1 663 1 465,	
En 38 663 38 454,567,1674,1699,1720,1938,2053,2113,2128,2136,2142,2705,2843,2888,2932,3211,3788,3950,4107,4140,4248,4577,6274,6473,6580,6651,6670,6767,6832,7092,7171,7249,7756,8102,8159,8425,8673,9215,	
Tratamiento 3 663 3 447,1060,2156,	
meses 14 663 14 446,3189,7780,7798,8010,8249,8561,8569,8620,8628,8933,8944,8961,8972,	
duración 3 663 3 430,8579,8613,	
Existen 1 663 1 6307,	
109/L 4 663 4 1251,1259,1295,1308,	
7 14 663 14 427,488,599,2317,2907,3978,4714,5162,5189,7796,7802,7899,7968,8453,	
descanso 8 663 8 425,486,602,6497,7897,7966,8451,9240,	
periodo 5 663 5 423,484,7964,8243,8449,	
seguidos 3 663 3 420,597,6524,	
aumentos 1 663 1 2983,	
días 21 663 21 419,428,480,489,596,600,3186,6536,6542,6892,6933,6937,6947,6951,8488,9083,9101,9302,9309,9370,9376,	
14 7 663 7 418,479,595,7650,7679,7708,7733,	
144 1 663 1 6936,	
durante 40 663 40 417,478,594,615,902,1275,1430,1766,1784,2755,2833,3338,3718,3909,6108,6123,6490,6504,6543,6849,7156,7336,7417,7594,7649,7678,7707,7732,7841,7889,7906,7922,7958,7975,8443,8459,8498,9232,9251,9273,	
mg/m2) 1 663 1 416,	
500 1 663 1 415,	
total 5 663 5 412,3762,7934,8038,8471,	
diaria 3 663 3 411,2526,2570,	
equivalente 4 663 4 407,6550,7223,8197,	
noche; 1 663 1 406,	
semana 2 663 2 6855,9238,	
mañana 1 663 1 403,	
(por 1 663 1 400,	
veces 22 663 22 397,475,495,591,2004,2049,2086,3458,6487,6846,7153,7160,7646,7675,7704,7729,7886,7955,8440,8772,8858,9229,	
administrados 2 663 2 395,7750,	
administra 4 663 4 363,473,500,3873,	
Cáncer 8 663 8 348,450,564,1219,6417,8389,9011,9152,	
Monoterapia 5 663 5 347,4233,4576,6792,9379,	
recomendada 4 663 4 342,358,431,574,	
respectivamente 2 663 2 340,6635,	
tablas 1 663 1 336,	
recogen 5 663 5 333,4111,4717,5416,5641,	
000 7 663 7 330,4212,4424,4441,4495,4527,4684,	
cardiaco 1 663 1 2722,	
mg/m2 58 663 58 327,331,394,470,493,589,610,681,796,1698,1719,2002,2047,2084,3437,3446,3646,3654,3679,3696,6485,6518,6527,6844,6878,6890,7593,7644,7659,7673,7684,7702,7714,7727,7739,7840,7884,7903,7953,7972,8438,8458,8481,8497,8709,8726,8741,8753,8770,8781,8793,8811,8826,8838,8856,9227,9247,9269,	
250 4 663 4 326,393,588,5158,	
intoxicación 1 663 1 3335,	
iniciales 1 663 1 321,	
corporal 5 663 5 318,672,688,787,813,	
superficie 3 663 3 317,671,786,	
según 6 663 6 315,669,784,1555,2351,2434,	
reducida 8 663 8 314,668,683,783,802,804,1686,2030,	
estándar 4 663 4 312,666,781,2286,	
dosis 52 663 52 311,320,356,410,460,522,572,607,665,675,780,790,924,939,986,1022,1066,1074,1088,1128,1136,1319,1341,1458,1518,1537,1605,1685,1694,1712,1715,1740,1781,1855,1996,2028,2038,2078,2199,2239,2348,2431,2608,2853,2923,3224,3309,3422,3664,7589,7836,9244,	
cálculo 1 663 1 308,	
intolerable 1 663 1 306,	
toxicidad 13 663 13 305,907,1017,1029,1045,1321,1343,1520,1539,2020,3413,3500,3890,	
progresiva 1 663 1 302,	
enfermedad 7 663 7 301,2702,2734,2789,6561,6593,9346,	
observa 4 663 4 300,1282,2019,2385,	
metaanálisis 2 663 2 9018,9020,	
interrumpirá 1 663 1 297,	
advertidas 1 663 1 3919,	
El 16 663 16 294,307,2465,2497,2529,3007,6165,7028,7285,7632,7689,8032,8573,9052,9118,9340,	
comida 2 663 2 293,3811,	
siguientes 5 663 5 290,4199,6104,6679,8690,	
minutos 5 663 5 289,3807,7908,7926,7995,	
30 8 663 8 288,1637,1796,2154,3806,7907,7923,7992,	
agua 1 663 1 284,	
ingerir 1 663 1 282,	
deben 8 663 8 281,1360,1553,2612,3118,3291,3917,3930,	
Los 27 663 27 276,1239,2193,2369,3134,4234,4352,4939,5143,5316,5551,6391,6430,6800,6899,6988,7217,7571,7810,8069,8191,8392,8632,8864,8995,9171,9312,	
antineoplásicos 1 663 1 275,	
agentes 13 663 13 274,511,1336,1358,1411,1428,1532,1551,1894,2175,4102,4784,6782,	
experiencia 3 663 3 269,1835,4138,	
clínico 11 663 11 267,3214,4860,4977,5181,5592,6436,6994,8075,8397,9177,	
correspondiente) 1 663 1 4933,	
día 44 663 44 399,477,497,593,2051,2088,3439,3448,3460,3648,3656,3698,6489,6848,7155,7162,7648,7662,7677,7687,7706,7717,7731,7742,7888,7910,7928,7957,7979,7997,8442,8483,8505,8702,8718,8746,8762,8774,8786,8803,8831,8848,8860,9231,	
prescrito 1 663 1 264,	
efecto 9 663 9 2592,3273,3388,3405,3534,3570,3772,6284,6372,	
x 8 663 8 1250,1258,1294,1307,2993,3005,3023,3033,	
administración 17 663 17 259,561,911,1407,1424,2585,2851,2974,3824,3834,3878,4030,4558,5135,5310,5543,5776,	
Posología 2 663 2 255,341,	
antraciclinas 3 663 3 252,9389,9400,	
posterior 4 663 4 250,946,1778,7058,	
indicada 1 663 1 247,	
limitan 1 663 1 2197,	
esté 1 663 1 246,	
quimioterápico 1 663 1 232,	
taxanos 2 663 2 227,9385,	
monoterapia 41 663 41 210,365,1820,1849,3012,3429,3671,4046,4129,4241,4264,4359,4394,4597,4672,4743,4761,4796,4824,4912,4918,5041,5056,5217,5232,5427,5442,5652,5674,5813,5828,5898,5913,5966,5981,6050,6065,6964,7793,9000,9042,	
Población 4 663 4 7454,7508,8275,8328,	
antraciclina 3 663 3 204,236,9214,	
incluido 3 663 3 202,4626,7321,	
haber 1 663 1 201,	
debe 23 663 23 200,262,464,994,1310,1447,1455,1799,2260,2362,2582,2726,2761,2783,2814,2906,2946,2971,3347,3512,3597,3967,6171,	
previa 1 663 1 199,	
terapia 10 663 10 198,249,2669,2893,3193,4708,4893,6173,9209,9398,	
náuseas 6 663 6 2204,2374,4010,4178,4344,6150,	
La 37 663 37 197,355,429,508,906,1642,2215,2289,2345,2359,3051,3833,3877,3988,4765,4956,4981,5160,5333,5570,6209,6231,6245,6340,6636,6924,6940,8002,8208,8549,8609,8924,8951,9073,9279,9295,9361,	
citotóxica 4 663 4 196,4080,6217,9210,	
niños 1 663 1 1837,	
quimioterapia 3 663 3 195,4079,9386,	
fallo 5 663 5 193,225,2721,9207,9383,	
localmente 5 663 5 188,220,386,9167,9202,	
mama 14 663 14 187,219,354,385,566,583,4063,4074,4368,4548,5185,9154,9166,9200,	
docetaxel 24 663 24 172,570,605,628,644,653,1941,2015,2036,3043,4070,4867,5142,5152,5176,5208,6289,6306,9161,9191,9242,9266,9292,9358,	
platino 3 663 3 163,3757,3761,	
urinario 1 663 1 5462,	
incluya 3 663 3 162,234,9212,	
régimen 8 663 8 160,231,515,2177,3432,3674,7398,8122,	
combinación 83 663 83 157,170,449,458,517,533,568,650,1333,1355,1529,1548,1826,1891,1939,2034,2054,2067,2621,3039,3373,3732,3737,4068,4084,4099,4132,4710,4730,4781,4804,4829,4882,4895,4924,4936,4946,4970,5030,5140,5150,5174,5206,5313,5323,5347,5395,5546,5558,5584,5621,5657,5679,5789,5802,5864,5885,5932,5953,6016,6037,6287,6779,6971,6977,7008,7013,7598,7630,7692,7845,7876,7946,8058,8089,8119,8512,8521,8985,9048,9157,9189,9355,	
anticoagulante 3 663 3 2912,2925,3311,	
avanzado 15 663 15 155,189,221,387,4106,8391,8408,8423,8656,8671,8994,9010,9017,9168,9203,	
gástrico 12 663 12 154,451,4105,4980,8390,8407,8422,8655,8670,8993,9009,9016,	
línea 22 663 22 151,5370,5406,5598,5631,6827,6974,6983,7023,7609,7640,7655,7669,7698,7723,7761,7859,8064,8097,8129,8419,8667,	
grave 4 663 4 1020,1629,2141,2147,	
primera 17 663 17 150,5367,5402,5597,5630,6826,6973,6982,7022,7608,7639,7697,7760,7857,8128,8418,8666,	
metastásico 30 663 30 138,191,223,380,389,584,4058,4075,4094,4283,4369,4373,4407,4616,5186,5376,5410,5602,5635,6799,6831,6987,7027,7615,7865,8068,8101,8110,9170,9205,	
colorrectal 28 663 28 137,351,379,453,4057,4093,4282,4325,4372,4406,4615,4659,5375,5409,5601,5634,6421,6798,6830,6967,6986,7026,7614,7864,8067,8100,8109,9014,	
1) 13 663 13 128,142,167,176,346,507,1201,1979,5011,7663,7688,7718,7743,	
5 32 663 32 127,141,166,175,345,506,755,765,772,859,1249,1978,3004,3032,3123,3846,4143,4580,4661,5010,6192,6243,6539,6895,7305,7778,7784,7918,7987,8559,8567,8619,	
apartado 17 663 17 126,140,165,174,344,505,1977,2355,2445,2743,2772,2803,2927,3526,3845,5009,6242,	
(ver 27 663 27 125,139,164,173,343,504,1827,1976,2354,2444,2742,2771,2802,2926,3079,3525,3844,4744,4762,4807,4832,5008,6241,7214,7231,8188,8205,	
Dukes) 2 663 2 124,6457,	
C 2 663 2 122,6455,	
(estadio 2 663 2 121,6454,	
aptos; 1 663 1 7565,	
0212) 1 663 1 6742,	
III 11 663 11 120,442,6438,6453,6808,6996,7577,8077,8399,8638,9179,	
conducto 1 663 1 6118,	
estadio 3 663 3 119,441,6452,	
inicial 15 663 15 357,461,523,573,676,791,1695,1716,1741,1856,2029,2079,7035,7590,7837,	
colon 15 663 15 118,350,373,440,4053,4278,4378,4402,4610,6419,6429,6451,6472,6791,9013,	
cáncer 57 663 57 116,136,153,185,217,371,378,383,438,581,3689,4051,4055,4061,4072,4092,4104,4276,4281,4324,4366,4371,4376,4400,4405,4608,4614,4658,4979,5183,5374,5408,5600,5633,6279,6427,6449,6470,6789,6797,6829,6966,6985,7025,7613,7863,8066,8099,8406,8421,8654,8669,8992,9008,9050,9164,9198,	
pacientes 92 663 92 114,183,215,241,436,528,646,998,1240,1596,1625,1654,1675,1700,1721,1875,1883,1896,1924,1934,1970,1981,2022,2058,2114,2129,2137,2143,2258,2265,2370,2696,2706,2730,2765,2787,2818,2890,2941,2954,3063,3095,3165,3281,3352,3799,4042,4247,4389,4667,4725,4776,4955,5025,5159,5201,5332,5390,5569,5616,5797,5880,5948,6032,6447,6468,6479,6838,6865,7041,7068,7180,7564,7611,7619,7861,7869,7937,8106,8404,8431,8474,8652,8683,9057,9066,9091,9109,9196,9221,9259,9393,	
cirugía 2 663 2 112,6691,	
Sorivudina 1 663 1 3464,	
adyuvante 11 663 11 110,369,434,4049,4274,4379,4398,4606,6423,6466,6787,	
tratamiento 115 663 115 109,134,148,181,213,295,368,376,433,456,544,579,904,918,927,982,1000,1010,1078,1116,1140,1160,1279,1313,1391,1396,1434,1450,1473,1487,1498,1752,1768,1786,1802,1824,1845,1870,1920,1959,1968,1991,2099,2230,2398,2410,2634,2757,2835,2987,3008,3037,3208,3232,3708,3974,4048,4127,4169,4273,4332,4397,4605,4988,5022,5198,5372,5387,5400,5595,5613,5628,6465,6481,6786,6824,6840,6870,6980,7020,7048,7075,7102,7107,7255,7338,7419,7606,7623,7628,7633,7637,7652,7665,7690,7695,7748,7758,7855,7872,7942,8061,8094,8114,8126,8134,8416,8434,8477,8664,8990,9046,9194,9223,9287,	
indicado 9 663 9 106,131,145,178,208,1375,1466,1557,1569,	
está 9 663 9 105,130,144,177,206,1622,1666,3060,3907,	
observó 1 663 1 2858,	
Xeloda 193 663 193 104,129,143,168,205,260,279,323,360,463,525,531,576,651,659,678,793,913,1002,1024,1054,1265,1315,1325,1347,1370,1400,1445,1452,1489,1500,1524,1543,1563,1621,1804,1847,1887,1998,2032,2040,2069,2081,2242,2400,2587,2611,2615,2709,2759,2837,2896,2952,2976,3010,3041,3168,3195,3210,3234,3290,3343,3358,3375,3394,3410,3427,3510,3605,3642,3660,3669,3802,3830,3857,3866,3880,3906,3928,3943,3976,3991,4004,4032,4044,4066,4082,4097,4231,4239,4262,4357,4392,4574,4595,4670,4706,4728,4741,4759,4779,4794,4802,4822,4827,4897,4910,4916,4934,4944,4968,4990,5028,5039,5054,5138,5148,5172,5204,5215,5230,5311,5321,5345,5393,5425,5440,5544,5556,5582,5619,5650,5655,5672,5677,5787,5800,5811,5826,5862,5883,5896,5911,5930,5951,5964,5979,6014,6035,6048,6063,6425,6462,6483,6546,6598,6663,6713,6777,6794,6821,6842,6962,7006,7586,7642,7700,7791,7833,7874,7882,7944,7951,8087,8413,8436,8510,8661,8768,8854,8979,8998,9003,9036,9063,9097,9143,9159,9187,9225,9290,9356,9381,	
terapéuticas 1 663 1 103,	
cae 2 663 2 1288,1302,	
Indicaciones 1 663 1 102,	
	"4 1 663 1 100,	
CLÍNICOS 1 663 1 99,	
DATOS 1 663 1 98,	
fluidos 1 663 1 2271,	
4 53 663 53 97,253,725,735,745,849,880,890,897,1167,1236,1237,1652,1765,1866,1911,1955,2089,2185,2186,2302,2329,2356,2446,2744,2773,2804,2928,3047,3059,3081,3084,3122,3527,3848,3977,4011,4251,4381,4694,4702,5858,5877,5922,5945,5990,6003,6029,6074,6089,6141,8691,8971,	
" 2 663 2 96,6191,	
""Xeloda"" 1 663 1 92,	
(Días) 4 663 4 7460,7514,8281,8334,	
lados 1 663 1 90,	
""150"" 1 663 1 85,	
marca 1 663 1 84,	
biconvexa 1 663 1 81,	
oblonga 1 663 1 80,	
forma 12 663 12 79,257,502,1118,1162,1172,1178,1526,1545,3294,8776,8862,	
trombosis/embolia 1 663 1 5925,	
frecuentemente 2 663 2 4171,4334,	
provoca 2 663 2 3495,6382,	
claro 1 663 1 77,	
melocotón 1 663 1 76,	
color 1 663 1 75,	
Comprimidos 1 663 1 70,	
11 2 663 2 7325,7431,	
	"Comprimidos 1 663 1 66,	
FARMACÉUTICA 1 663 1 65,	
Tablas 1 663 1 4712,	
FORMA 1 663 1 64,	
3 61 663 61 63,619,695,705,715,839,870,1047,1057,1123,1226,1330,1352,1367,1561,1650,1763,1773,1864,1909,1953,2090,2312,2534,2580,2606,3021,3057,3573,5855,5874,5919,5942,5987,6000,6026,6071,6086,6502,6861,7147,7602,7754,7804,7851,7913,7931,7982,8000,8466,8492,8508,8627,8705,8721,8749,8765,8789,8834,9255,9277,	
sección 6 663 6 60,1235,1830,3046,4109,4142,	
ver 5 663 5 59,1234,3044,3620,8155,	
excipientes 2 663 2 58,2109,	
completa 3 663 3 56,798,7426,	
lista 1 663 1 55,	
consultar 1 663 1 53,	
Para 10 663 10 52,526,947,1228,1980,3035,3610,4189,6708,8139,	
o 85 663 85 190,222,237,303,381,388,490,928,960,975,989,1019,1059,1202,1296,1401,1617,1651,1764,1865,1954,1973,1984,2061,2110,2133,2159,2236,2321,2336,2338,2364,2376,2423,2459,2479,2563,2593,2637,2747,2768,2780,2794,2800,2808,2822,2914,2966,2995,3025,3058,3113,3178,3305,3516,3709,3735,3753,3759,3782,4002,4025,4088,4747,4810,4873,4913,5042,5218,5428,5660,5814,5899,5967,6051,7011,7053,7122,7149,7626,8137,8153,9169,9204,9390,	
anhidra 2 663 2 51,3091,	
renal 10 663 10 1620,1628,1657,1678,1703,1724,1814,2146,3050,3066,	
lactosa 2 663 2 50,3090,	
6 16 663 16 47,61,445,2240,2304,3724,3849,4713,4958,5013,6648,7787,8009,8248,8560,8943,	
15 2 663 2 46,5187,	
Excipiente 1 663 1 45,	
capecitabina 19 663 19 44,2104,2881,3265,3551,3561,3730,3752,3781,3843,3959,6210,6232,6281,7671,7725,8643,8880,8939,	
	150 1 663 1 41,	
CUANTITATIVA 1 663 1 40,	
Y 1 663 1 39,	
CUALITATIVA 1 663 1 38,	
COMPOSICIÓN 1 663 1 37,	
2 54 663 54 36,254,339,402,414,687,714,744,751,758,761,768,771,776,812,820,829,830,840,850,860,869,876,883,886,893,896,1095,1762,2297,2390,2502,2578,3031,3048,3082,6491,6850,7037,7120,7128,7130,7595,7788,7842,7976,8225,8444,8463,8502,8758,8799,8844,9233,	
película 3 663 3 35,69,73,	
recubiertos 3 663 3 33,67,71,	
comprimidos 2 663 2 32,277,	
mg 5 663 5 31,42,48,3228,3456,	
150 2 663 2 30,4954,	
	Xeloda 1 663 1 29,	
MEDICAMENTO 2 663 2 28,6197,	
interrumpirse 1 663 1 2394,	
NOMBRE 1 663 1 26,	
1 112 663 112 24,25,62,101,325,329,337,392,587,616,661,691,698,701,704,708,711,718,721,728,731,734,738,741,748,764,816,819,823,826,833,836,843,846,853,856,863,866,873,889,1083,1248,1292,2470,2599,4144,4692,6199,6495,6537,6615,6854,6893,7118,7126,7145,7275,7283,7304,7369,7380,7383,7473,7477,7481,7485,7497,7506,7527,7531,7535,7539,7547,7551,7560,7785,7911,7929,7980,7998,8226,8293,8297,8305,8313,8317,8322,8326,8346,8350,8358,8366,8370,8375,8379,8506,8547,8607,8703,8719,8747,8763,8787,8804,8832,8849,8922,8960,9135,9237,9252,9274,	
PRODUCTO 1 663 1 23,	
DEL 2 663 2 22,27,	
grupo 3 663 3 4295,4629,4846,	
CARACTERÍSTICAS 1 663 1 21,	
LAS 1 663 1 20,	
DE 2 663 2 19,6195,	
RESUMEN 1 663 1 18,	
O 1 663 1 17,	
absorción 1 663 1 3841,	
pre-existente 1 663 1 2770,	
TÉCNICA 1 663 1 16,	
FICHA 1 663 1 15,	
tuvo 1 663 1 7030,	
información 2 663 2 12,1610,	
mg/ 1 663 1 8696,	
investigador 1 663 1 4021,	
Toda 1 663 1 10,	
medicamento 5 663 5 9,14,2013,3088,3121,	
Basica 1 663 1 7,	
	Información 1 663 1 6,	
PELICULAR 1 663 1 5,	
CUBIERTA 1 663 1 4,	
COMP 1 663 1 3,	
laberinto 2 663 2 4483,5107,	
60 6 663 6 2,1876,1935,1972,1983,2023,	
150MG 1 663 1 1,	
Cancer 2 663 2 1194,1223,	
XELODA 1 663 1 0,	
