	Prospectos 1 503 1 5756,	
TEXTO 1 503 1 5755,	
REVISIÓN 1 503 1 5753,	
2005 1 503 1 5749,	
Septiembre 1 503 1 5748,	
AUTORIZACIÓN/REVALIDACIÓN 1 503 1 5744,	
PRIMERA 1 503 1 5743,	
FECHA 2 503 2 5740,5751,	
	9 1 503 1 5739,	
NÚMERO 1 503 1 5734,	
COMERCIALIZACIÓN 2 503 2 5731,5738,	
AUTORIZACIÓN 3 503 3 5729,5736,5747,	
LA 3 503 3 5728,5742,5746,	
TITULAR 1 503 1 5726,	
procede 1 503 1 5724,	
manipulación 1 503 1 5722,	
uso/ 1 503 1 5721,	
Instrucciones 1 503 1 5719,	
Strip 1 503 1 5698,	
recipiente 1 503 1 5697,	
contenido 1 503 1 5695,	
Naturaleza 1 503 1 5693,	
original 1 503 1 5690,	
envase 1 503 1 5689,	
Conservar 1 503 1 5686,	
25ºC 1 503 1 5685,	
conservación 1 503 1 5678,	
Precauciones 1 503 1 5675,	
validez 1 503 1 5670,	
Período 1 503 1 5668,	
172) 1 503 1 5653,	
(E- 1 503 1 5652,	
rojo 1 503 1 5651,	
Alter 4 503 4 5643,5656,5703,5711,	
(E-172) 1 503 1 5640,	
amarillo 1 503 1 5639,	
hierro 2 503 2 5638,5650,	
Óxido 1 503 1 5636,	
dibehenato 1 503 1 5634,	
Hidrocloruro 1 503 1 5629,	
silicio 1 503 1 5627,	
Dióxido 1 503 1 5625,	
maiz 1 503 1 5622,	
Almidón 1 503 1 5620,	
microcristalina 1 503 1 5618,	
Celulosa 1 503 1 5617,	
Relación 1 503 1 5613,	
	6 1 503 1 5611,	
FARMACEUTICOS 1 503 1 5610,	
pre-neoplásica 1 503 1 5606,	
neoplásica 1 503 1 5604,	
morfológicos 1 503 1 5599,	
funcionales 1 503 1 5595,	
consideran 1 503 1 5589,	
oxifílica 1 503 1 5587,	
hiperplasia 1 503 1 5585,	
oxifílicas 1 503 1 5581,	
células 1 503 1 5580,	
túbulos 2 503 2 5577,5583,	
tumorígenos 1 503 1 5571,	
plazo 1 503 1 5559,	
neoplásico 1 503 1 5554,	
Potencial 1 503 1 5553,	
genotóxicas 1 503 1 5552,	
posea 1 503 1 5548,	
concluir 1 503 1 5545,	
permiten 1 503 1 5544,	
comprobación 1 503 1 5542,	
distintos 1 503 1 5540,	
sistemas 1 503 1 5539,	
mutagenicidad 1 503 1 5536,	
Mutagenicidad 1 503 1 5531,	
inmunotóxico 1 503 1 5528,	
ningún 1 503 1 5526,	
toxicología 1 503 1 5522,	
ensayos 2 503 2 5520,5534,	
Inmunotoxicología 1 503 1 5517,	
fenómenos 1 503 1 5505,	
asegurar 1 503 1 5502,	
Botal 1 503 1 5497,	
persistencia 1 503 1 5493,	
retraso 1 503 1 5488,	
reversible 1 503 1 5477,	
anuria 1 503 1 5474,	
fetales 1 503 1 5472,	
contracturas 1 503 1 5468,	
pulmonar 1 503 1 5467,	
hipoplasia 1 503 1 5466,	
craneofacial 1 503 1 5465,	
deformidad 1 503 1 5464,	
nacido 1 503 1 5461,	
perjudiciales 1 503 1 5454,	
(supuestamente 1 503 1 5444,	
conjunción 1 503 1 5441,	
notificado 1 503 1 5436,	
tercer 1 503 1 5429,	
administrados 1 503 1 5422,	
partir 1 503 1 5405,	
descendencia 1 503 1 5403,	
(dilatación 1 503 1 5396,	
irreversible 2 503 2 5395,5479,	
daño 1 503 1 5393,	
fetal 1 503 1 5388,	
períodos 1 503 1 5387,	
hembra 2 503 2 5377,5384,	
macho 1 503 1 5373,	
fertilidad 1 503 1 5367,	
teratogénicas 1 503 1 5365,	
propiedades 2 503 2 5364,5549,	
revelaron 1 503 1 5363,	
conejo 1 503 1 5359,	
Toxicología 1 503 1 5347,	
toleraron 1 503 1 5333,	
desviación 1 503 1 5318,	
signos 1 503 1 5316,	
encontrado 1 503 1 5315,	
250 1 503 1 5305,	
yuxtaglomerular 1 503 1 5294,	
aparato 1 503 1 5293,	
detectó 1 503 1 5288,	
renina 1 503 1 5276,	
producción 1 503 1 5274,	
(prueba 1 503 1 5267,	
farmacodinámica 1 503 1 5264,	
expresión 1 503 1 5260,	
atrofia 1 503 1 5246,	
tóxicos 1 503 1 5244,	
toleradas 1 503 1 5237,	
característicos 1 503 1 5226,	
prematuridad 1 503 1 5487,	
farmacodinámicos 1 503 1 5223,	
términos 1 503 1 5222,	
explicados 1 503 1 5220,	
distal) 1 503 1 5213,	
tubular 2 503 2 5212,5247,	
(atrofia 1 503 1 5211,	
morfología 1 503 1 5209,	
evidencias 1 503 1 5204,	
aparecieron 1 503 1 5202,	
defecto 1 503 1 5527,	
desviaciones 1 503 1 5185,	
produjeron 2 503 2 5184,5392,	
40 1 503 1 5182,	
orden 1 503 1 5180,	
diarias 4 503 4 5178,5232,5303,5335,	
Beagle 1 503 1 5160,	
perro 6 503 6 5159,5171,5255,5296,5310,5329,	
c 2 503 2 5156,5413,	
1000 1 503 1 5153,	
rata 8 503 8 5149,5170,5176,5240,5251,5358,5563,5575,	
ratón 2 503 2 5146,5561,	
mg/kg 9 503 9 5143,5154,5183,5199,5235,5306,5339,5342,5411,	
DL50 1 503 1 5138,	
toxicidad 1 503 1 5134,	
Toxicidad 2 503 2 5122,5161,	
seguridad 1 503 1 5121,	
preclínicos 1 503 1 5119,	
toxicológicos 1 503 1 5353,	
Datos 1 503 1 5118,	
destacable 1 503 1 5100,	
acumulación 1 503 1 5099,	
observó 2 503 2 5097,5484,	
sujetos 1 503 1 5084,	
sucede 1 503 1 5082,	
igual 1 503 1 5080,	
resultando 1 503 1 5060,	
activación 1 503 1 5055,	
retarda 1 503 1 5053,	
mg) 1 503 1 5046,	
óxido 1 503 1 5648,	
(10 1 503 1 5045,	
normal 1 503 1 5037,	
personas 1 503 1 5033,	
lentamente 1 503 1 5029,	
diminuyen 1 503 1 5027,	
altas 2 503 2 5021,5042,	
da 1 503 1 5017,	
proporcional 1 503 1 5011,	
jóvenes 1 503 1 4992,	
obtenidas 1 503 1 4988,	
son 2 503 2 4984,5225,	
cinética 1 503 1 4978,	
76 1 503 1 4975,	
65 1 503 1 4973,	
sanos 3 503 3 4971,4991,5085,	
probandos 2 503 2 4970,4990,	
73% 1 503 1 4965,	
respectivamente 2 503 2 4963,5343,	
500 1 503 1 4950,	
litros 2 503 2 4937,4951,	
90 1 503 1 4936,	
sistémico 2 503 2 4931,4944,	
múltiple 1 503 1 4922,	
17 1 503 1 4916,	
13 1 503 1 4914,	
efectivo 1 503 1 4907,	
plasma 1 503 1 4896,	
estable 1 503 1 4892,	
larga 1 503 1 4873,	
pesar 1 503 1 4870,	
unión 2 503 2 4865,4954,	
saturable 1 503 1 4864,	
estrecha 1 503 1 4859,	
disociación 1 503 1 4854,	
lenta 1 503 1 4853,	
terminal 3 503 3 4826,4848,4875,	
mutagénicas 1 503 1 5550,	
horas) 1 503 1 4821,	
15 1 503 1 4820,	
aproximada 2 503 2 4818,4840,	
intermedia 1 503 1 4813,	
Seguida 1 503 1 4809,	
aproximado 1 503 1 4805,	
distribución 3 503 3 4793,4930,4943,	
polifásica 1 503 1 4791,	
disminuyen 1 503 1 4788,	
anemia 1 503 1 5191,	
plasmáticas 3 503 3 4785,4829,5023,	
media 5 503 5 4753,4804,4817,4839,4906,	
hora 2 503 2 4743,4762,	
alrededor 1 503 1 4740,	
plasmática 1 503 1 4735,	
concentración 2 503 2 4734,4767,	
picos 2 503 2 4732,4764,	
simultánea 1 503 1 4717,	
56% 2 503 2 4714,4967,	
absorción 2 503 2 4706,4730,	
distintas 1 503 1 4701,	
representa 1 503 1 4696,	
detección 1 503 1 4690,	
medirse 1 503 1 4685,	
Tal 1 503 1 4682,	
rápidamente 1 503 1 4677,	
absorbe 1 503 1 4676,	
nocivos 1 503 1 5346,	
pasa 1 503 1 4669,	
mamíferos 1 503 1 4664,	
estudios 4 503 4 4662,5165,5352,5556,	
Incompatibilidades 1 503 1 5661,	
2% 1 503 1 4659,	
ascendía 1 503 1 4657,	
metabolizado 1 503 1 4656,	
representan 1 503 1 4637,	
dicetopiperacina 1 503 1 4636,	
ramipril- 1 503 1 4635,	
glucurónido 1 503 1 4631,	
identificado 1 503 1 4623,	
90% 1 503 1 4613,	
80 1 503 1 4611,	
lentificación 1 503 1 5072,	
bilis 2 503 2 4603,4620,	
excretó 1 503 1 4596,	
cantidad 2 503 2 4588,4646,	
biliares 1 503 1 4584,	
drenaje 1 503 1 4581,	
30% 1 503 1 4568,	
indicando 1 503 1 4558,	
metabolitos 4 503 4 4552,4594,4616,4627,	
70% 1 503 1 4546,	
vías 3 503 3 4535,4583,4702,	
eliminaron 1 503 1 4532,	
metabolitos); 1 503 1 4527,	
(como 1 503 1 4524,	
sido 2 503 2 4519,5421,	
50% 2 503 2 4512,4530,	
intravenosa 3 503 3 4507,4541,4926,	
60% 2 503 2 4500,4514,	
heces 1 503 1 4496,	
excreta 1 503 1 4493,	
radiactividad 2 503 2 4490,4692,	
40% 1 503 1 4487,	
radiactivamente 1 503 1 4484,	
Tras 5 503 5 4474,4504,4538,4569,4923,	
vía 1 503 1 4470,	
20% 2 503 2 4465,4643,	
aproximadamente 15 503 15 4463,4485,4498,4510,4528,4544,4566,4585,4638,4660,4760,4901,4938,4949,4968,	
activación/metabolización 1 503 1 4460,	
resultado 3 503 3 4457,5019,5446,	
(ácido) 1 503 1 4455,	
ramiprilato-dicetopiperacina 1 503 1 4454,	
(éster) 1 503 1 4445,	
ramipril-dicetopiperacina 1 503 1 4444,	
transformado 2 503 2 4442,4452,	
glucuronizado 2 503 2 4440,4450,	
activado 1 503 1 4434,	
hígado) 1 503 1 4430,	
principalmente 1 503 1 4427,	
efectúa 1 503 1 4426,	
(hidrólisis 1 503 1 4423,	
""primer 1 503 1 4409,	
sufre 1 503 1 4401,	
profármaco 2 503 2 4399,4462,	
farmacocinéticas 1 503 1 4397,	
alteró 1 503 1 5370,	
observaron 1 503 1 4386,	
8% 1 503 1 4379,	
10% 1 503 1 4369,	
significativamente 1 503 1 4359,	
exposición 1 503 1 5510,	
global 1 503 1 4351,	
población 2 503 2 4350,4375,	
desarrollo 1 503 1 4336,	
congestiva 2 503 2 4330,5094,	
retrasa 1 503 1 4321,	
15% 1 503 1 4319,	
16% 1 503 1 4310,	
metabolización 1 503 1 4406,	
mortalidad 1 503 1 4306,	
incidencia 1 503 1 4293,	
22% 1 503 1 4288,	
preventiva 1 503 1 4279,	
9200 1 503 1 4275,	
estándar 1 503 1 4272,	
recién 1 503 1 5460,	
terapia 1 503 1 4271,	
habitual) 1 503 1 4258,	
fumador 1 503 1 4257,	
HDL 1 503 1 4256,	
bajos 1 503 1 4253,	
elevados 1 503 1 4248,	
(microalbuminuria 1 503 1 4245,	
factor 1 503 1 4241,	
periférica) 1 503 1 4231,	
55 1 503 1 4203,	
realizado 1 503 1 4198,	
(rebote) 1 503 1 4187,	
exacerbado 1 503 1 4185,	
rápido 1 503 1 4183,	
brusca 1 503 1 4175,	
aparece 1 503 1 5248,	
años 4 503 4 4170,4204,4976,5672,	
demostrado 3 503 3 4154,4666,5130,	
3-4 1 503 1 4150,	
gradualmente 1 503 1 4147,	
continuado 1 503 1 4142,	
24 2 503 2 4133,4607,	
habitualmente 1 503 1 4131,	
general 1 503 1 4111,	
horas 7 503 7 4095,4116,4134,4608,4776,4808,4917,	
1-2 1 503 1 4094,	
transcurridas 1 503 1 4093,	
mayoría 1 503 1 4077,	
compensatoria 1 503 1 4070,	
elevación 1 503 1 4069,	
supina 1 503 1 4067,	
ortostática 1 503 1 4065,	
posición 1 503 1 4064,	
filtrado 1 503 1 4048,	
significativos 1 503 1 4040,	
producen 1 503 1 4038,	
Generalmente 1 503 1 4035,	
resistencia 1 503 1 4032,	
marcada 1 503 1 4028,	
Características 1 503 1 4020,	
alta 1 503 1 4011,	
meses 1 503 1 3995,	
glomerular 2 503 2 3988,4049,	
filtración 1 503 1 3987,	
tasa 1 503 1 3982,	
mostró 1 503 1 3977,	
completaron 1 503 1 3973,	
97 1 503 1 3970,	
persistente 1 503 1 3968,	
ml/min) 1 503 1 3965,	
20-70 1 503 1 3964,	
(aclaramiento 1 503 1 3961,	
manifiesta 3 503 3 3960,4146,4340,	
diabéticos 3 503 3 3957,4355,4382,	
mayoria 1 503 1 3954,	
166 1 503 1 3950,	
27 1 503 1 3947,	
mg/día 2 503 2 3945,4267,	
administró 2 503 2 3933,4260,	
placebo 5 503 5 3931,3991,4197,4346,4366,	
controlado 2 503 2 3929,4195,	
ciego 1 503 1 3928,	
doble 1 503 1 3927,	
aleatorizado 1 503 1 3926,	
estudio 4 503 4 3925,3975,4194,4281,	
reduce 5 503 5 3920,4285,4304,4332,4357,	
necesidad 2 503 2 3907,4314,	
disminuye 1 503 1 3896,	
garganta) 1 503 1 3889,	
cosquilleo 1 503 1 3886,	
indeseables 1 503 1 3879,	
responsable 1 503 1 3875,	
acción 1 503 1 3872,	
medida 1 503 1 3870,	
determinarse 1 503 1 3867,	
podido 1 503 1 3866,	
animal 1 503 1 3862,	
experimentación 1 503 1 3861,	
endotelioprotectores 1 503 1 3857,	
cardioprotectores 1 503 1 3855,	
contribuye 1 503 1 3851,	
probablemente 1 503 1 3850,	
actividad 2 503 2 3846,5263,	
causa 1 503 1 3834,	
liberación 1 503 1 3829,	
estimula 1 503 1 3827,	
produce 4 503 4 3819,4026,4057,4181,	
plasmático 2 503 2 3799,4044,	
vasodilatador 1 503 1 3795,	
bradicinina 3 503 3 3794,3818,3849,	
escisión 2 503 2 3791,3815,	
mayores 2 503 2 4019,4201,	
activa 1 503 1 3785,	
vasconstrictora 1 503 1 3784,	
sustancia 3 503 3 3783,4549,5230,	
cataliza 1 503 1 3774,	
II) 2 503 2 3771,5286,	
cininasa 1 503 1 3770,	
revascularizaciones 1 503 1 4316,	
angiotensina; 1 503 1 3769,	
convertidora 1 503 1 3766,	
I 2 503 2 3763,3780,	
dipeptidilcarboxipeptidasa 1 503 1 3762,	
enzima 3 503 3 3761,3765,3773,	
activo 3 503 3 3755,3796,4420,	
exhaustivos 1 503 1 5533,	
C09AA 1 503 1 3748,	
ATC 1 503 1 3747,	
Código 1 503 1 3746,	
respecto 2 503 2 4344,4364,	
solos 1 503 1 3745,	
farmacoterapéutico 1 503 1 3740,	
Grupo 1 503 1 3739,	
farmacodinámicas 2 503 2 3738,4021,	
conservar 1 503 1 5680,	
Propiedades 2 503 2 3737,4396,	
	"5 1 503 1 3735,	
ESTE 1 503 1 3733,	
DE 8 503 8 3732,5727,5730,5735,5737,5741,5745,5752,	
(tales 1 503 1 4214,	
FARMACOLÓGICAS 1 503 1 3731,	
PROPIEDADES 1 503 1 3730,	
" 2 503 2 3728,5607,	
""Contraindicaciones"" 1 503 1 3727,	
ramiprilato 23 503 23 3710,3750,3833,4422,4436,4447,4543,4564,4625,4629,4769,4831,4856,4894,4947,4961,4983,4997,5009,5025,5059,5078,5102,	
proceso 3 503 3 3704,4404,5074,	
aceleración 1 503 1 3702,	
fetal) 1 503 1 5451,	
pH 1 503 1 3695,	
encontraron 1 503 1 4554,	
variación 1 503 1 3693,	
forzada 1 503 1 3692,	
eficacia 1 503 1 3688,	
relativa 1 503 1 3685,	
catecolaminas 1 503 1 3675,	
electrolitos 3 503 3 3669,5188,5321,	
Además 2 503 2 3662,4302,	
intensiva 1 503 1 3661,	
vigilancia 1 503 1 3660,	
preservarse 1 503 1 3656,	
dado 2 503 2 3653,5566,	
controlarse 1 503 1 3651,	
orgánicas 1 503 1 3649,	
vitales 1 503 1 3647,	
funciones 1 503 1 3646,	
Las 2 503 2 3645,4783,	
minutos) 1 503 1 3644,	
30 1 503 1 3643,	
primeros 1 503 1 3642,	
través 1 503 1 4687,	
sódico; 1 503 1 3636,	
adsorbentes 1 503 1 3634,	
lavado 1 503 1 3629,	
absorbido 1 503 1 3626,	
haya 1 503 1 3625,	
Glicerol 1 503 1 5633,	
todavía 1 503 1 3622,	
eliminar 1 503 1 3618,	
necesarias 1 503 1 3616,	
tomarán 1 503 1 3613,	
dependerá 1 503 1 3595,	
aplicar 1 503 1 3594,	
electrolíticos 1 503 1 3587,	
sobredosificación 1 503 1 3578,	
Sobredosis 1 503 1 3574,	
9 1 503 1 3573,	
antinucleares 1 503 1 3571,	
anticuerpos 1 503 1 3570,	
eosinofilia 1 503 1 3555,	
fiebre 1 503 1 3553,	
artralgia 1 503 1 3552,	
vasculitis 1 503 1 3550,	
líbido 1 503 1 3546,	
musculares 1 503 1 3540,	
calambres 1 503 1 3539,	
metálico) 1 503 1 3532,	
sabor 1 503 1 3531,	
gusto 1 503 1 3528,	
sentido 1 503 1 3526,	
parestesias 1 503 1 3523,	
confusión 1 503 1 3517,	
sueño 1 503 1 3516,	
temblor 1 503 1 3513,	
inquietud 1 503 1 3512,	
nerviosismo 1 503 1 3511,	
Trastornos 1 503 1 3507,	
Otras 1 503 1 3504,	
interacción"" 1 503 1 3497,	
""Interacción 1 503 1 3488,	
esclerodermia) 1 503 1 3472,	
eritematoso 1 503 1 3470,	
lupus 1 503 1 3469,	
colágeno 1 503 1 3466,	
enfermedades 1 503 1 3463,	
frecuencia 2 503 2 3455,4073,	
presentan 1 503 1 3452,	
Estos 2 503 2 3445,4383,	
pancitopenia 1 503 1 3444,	
ósea 1 503 1 3442,	
médula 1 503 1 3441,	
depresión 2 503 2 3438,3521,	
neutropenia) 1 503 1 3427,	
(registrándose 1 503 1 3425,	
leucocitos 1 503 1 3424,	
plaquetas 1 503 1 3421,	
hematíes 1 503 1 3413,	
número 2 503 2 3411,3419,	
moderada 1 503 1 3407,	
motivado 1 503 1 5277,	
cambios 5 503 5 3404,3446,4039,5206,5598,	
hepatitis 1 503 1 3394,	
trastorno 1 503 1 3385,	
colestática 1 503 1 3381,	
ictericia 1 503 1 3380,	
sérica 1 503 1 3379,	
bilirrubina 1 503 1 3378,	
y/o 1 503 1 3376,	
hepáticas 1 503 1 3375,	
pancreatitis 1 503 1 3371,	
pancreáticas) 1 503 1 3370,	
superior 5 503 5 3363,3989,5139,5151,5683,	
abdominal 1 503 1 3362,	
gastritis 1 503 1 3357,	
causado 1 503 1 3354,	
similar 1 503 1 3352,	
estreñimiento 1 503 1 3344,	
digestivos 1 503 1 3343,	
mucosa 1 503 1 3340,	
inflamación 1 503 1 3337,	
irritación 1 503 1 3335,	
sequedad 1 503 1 3332,	
tracto 1 503 1 3328,	
desarrollarse 1 503 1 3324,	
Bajo 1 503 1 3319,	
digestivo 2 503 2 3318,3329,	
inmediatamente 1 503 1 3314,	
disnea 1 503 1 3309,	
empeore 1 503 1 3307,	
desarrolle 1 503 1 3305,	
broncoespasmo 1 503 1 3299,	
bronquitis 1 503 1 3291,	
sinusitis 1 503 1 3290,	
rinitis 1 503 1 3289,	
obliga 1 503 1 3267,	
variaciones 1 503 1 5324,	
éxito 1 503 1 3261,	
inhibidor 1 503 1 3255,	
cambio 1 503 1 3252,	
fumadores 1 503 1 3247,	
eliminación 6 503 6 3706,4560,4704,4755,4798,5076,	
frecuentemente 1 503 1 3241,	
mialgia 1 503 1 3551,	
ocurre 1 503 1 3239,	
Esta 3 503 3 3226,3772,4846,	
irritativa 2 503 2 3220,3298,	
seca 1 503 1 3219,	
tos 4 503 4 3218,3265,3297,3882,	
aparición 3 503 3 3216,4361,5573,	
Cuadro 1 503 1 3398,	
Debido 1 503 1 3205,	
respiratorio 1 503 1 3204,	
oligohidramnios 1 503 1 5443,	
oral 10 503 10 3341,4099,4121,4471,4477,4572,4681,4748,5106,5126,	
Aparato 2 503 2 3203,3317,	
realice 1 503 1 3200,	
cuenta 1 503 1 3197,	
influencia 1 503 1 3185,	
reproducción 2 503 2 5350,5356,	
informar 2 503 2 3166,3313,	
onicolisis 1 503 1 3156,	
luz 1 503 1 3154,	
cutánea 1 503 1 3151,	
pengifoide 1 503 1 3147,	
psoriasiforme 1 503 1 3145,	
Con 3 503 3 3134,3428,3556,	
fenómeno 1 503 1 3131,	
conversión 1 503 1 3776,	
alopecia 1 503 1 3125,	
multiforme; 1 503 1 3124,	
liquenoide; 1 503 1 3122,	
máculopapular 1 503 1 3120,	
enantema 2 503 2 3119,3149,	
exantema 2 503 2 3117,3144,	
urticaria 2 503 2 3116,3162,	
enzimas 2 503 2 3369,3374,	
prurito 2 503 2 3111,3160,	
conjuntivitis 1 503 1 3110,	
crónica 2 503 2 5162,5168,	
sensación 2 503 2 3107,3884,	
acompañado 1 503 1 3105,	
zonas 1 503 1 3103,	
enrojecimiento 1 503 1 3101,	
mucosas 1 503 1 3100,	
mujeres 2 503 2 3243,5424,	
cutáneas 2 503 2 3098,3104,	
además 2 503 2 3094,3143,	
presentarse 1 503 1 3093,	
Pueden 2 503 2 3092,3400,	
maleolar 1 503 1 3091,	
p 3 503 3 3087,5155,5412,	
vital 2 503 2 3073,3397,	
situación 1 503 1 3070,	
laringe 1 503 1 3065,	
garganta 1 503 1 3063,	
alternativo 1 503 1 3057,	
diuresis 1 503 1 3691,	
inmediata 1 503 1 3042,	
requieren 1 503 1 3039,	
Son 1 503 1 3030,	
edemas 1 503 1 3028,	
aparecido 1 503 1 3027,	
calor 1 503 1 3109,	
anafilácticas 2 503 2 3015,3178,	
sanguíneos 1 503 1 3013,	
agujero 1 503 1 5495,	
vasos 1 503 1 3012,	
cardíaco 1 503 1 3010,	
rendimiento 1 503 1 3009,	
mejora 1 503 1 3007,	
atribuirse 1 503 1 3004,	
principio 1 503 1 2990,	
Al 2 503 2 2989,5079,	
están 1 503 1 2981,	
fármaco 2 503 2 3603,3757,	
diabética) 1 503 1 2978,	
último 1 503 1 2965,	
plasmáticos 5 503 5 2962,4765,5067,5189,5322,	
dar 1 503 1 2949,	
aldosterona 3 503 3 2947,3831,3841,	
secreción 2 503 2 2945,3839,	
II 5 503 5 2942,3679,3787,3809,3825,	
suele 1 503 1 3227,	
angiotensina 7 503 7 2941,3678,3779,3786,3808,3824,5285,	
formación 4 503 4 2939,3806,4416,5283,	
disminuir 1 503 1 2934,	
preexistente 1 503 1 2921,	
proteinuria 2 503 2 2920,3967,	
administran 2 503 2 2911,5040,	
urea 1 503 1 2904,	
obtenerse 1 503 1 2994,	
manifestación 2 503 2 2893,3127,	
Como 4 503 4 2892,3822,4456,5259,	
sanguínea 2 503 2 2891,3450,	
asociación 1 503 1 2883,	
significativa) 1 503 1 2870,	
vida 6 503 6 2851,4752,4803,4816,4838,4905,	
aguda 3 503 3 2846,5123,5135,	
Durante 1 503 1 2826,	
electrolítico 1 503 1 2825,	
Riñón 1 503 1 2822,	
normalizada 1 503 1 2818,	
subsiguiente) 1 503 1 2798,	
accidente 1 503 1 2795,	
suspender 1 503 1 3269,	
isquémico 1 503 1 2792,	
ataque 1 503 1 2791,	
subsiguientes) 1 503 1 2786,	
pecho 1 503 1 2781,	
angina 1 503 1 2779,	
(con 2 503 2 2778,2790,	
isquemia 2 503 2 2776,2788,	
cerebrales 1 503 1 2771,	
arterias 1 503 1 2770,	
Principalmente 1 503 1 2757,	
exacerbados 1 503 1 2751,	
verse 1 503 1 2750,	
vasculares 2 503 2 2748,3464,	
circulatorios 1 503 1 2744,	
adecuada 1 503 1 2731,	
vómitos 2 503 2 2724,3348,	
insuficiente 1 503 1 2720,	
Depleción 1 503 1 2710,	
previo 1 503 1 2706,	
trata 1 503 1 2697,	
gravedad 3 503 3 2693,3175,3608,	
colesterol 2 503 2 4250,4255,	
reviste 1 503 1 2692,	
maligna 1 503 1 2685,	
severa 2 503 2 2683,3409,	
Hipertensión 1 503 1 2682,	
probable 1 503 1 2677,	
marcado 2 503 2 2665,4483,	
Un 1 503 1 2663,	
(período 1 503 1 4814,	
simultáneamente 1 503 1 2662,	
administrado 3 503 3 2661,3601,4468,	
exagerado 1 503 1 2629,	
causadas 1 503 1 2615,	
ejemplo 1 503 1 2613,	
aislados 2 503 2 2604,3393,	
conocimiento 1 503 1 2601,	
pérdida 3 503 3 2599,3518,3536,	
pudiendo 1 503 1 2597,	
somnolencia 1 503 1 2596,	
segundo 1 503 1 5427,	
entorpecimiento 1 503 1 2594,	
renal) 1 503 1 5400,	
ansiedad 2 503 2 2593,3522,	
visuales 1 503 1 2591,	
auditivos 1 503 1 2589,	
acúfenos 1 503 1 2587,	
sudoración 2 503 2 2586,2726,	
inhibe 1 503 1 3759,	
cardíacas 2 503 2 2584,2609,	
arritmias 2 503 2 2583,2608,	
ortostatismo 1 503 1 2582,	
Aparte 1 503 1 4431,	
adaptación 1 503 1 2580,	
trastornos 7 503 7 2577,2588,2590,2743,3342,3514,3586,	
palpitaciones 1 503 1 2576,	
observados 1 503 1 3858,	
inestabilidad 1 503 1 2563,	
debilidad 1 503 1 2561,	
fatiga 1 503 1 2560,	
concentrarse) 1 503 1 2553,	
dificultades 1 503 1 2551,	
acompañados 1 503 1 2549,	
(a 2 503 2 2547,3364,	
mareos 1 503 1 2546,	
crecimiento 1 503 1 5490,	
síntomas 3 503 3 2544,3582,3611,	
aparecer 8 503 8 2543,2574,2775,3081,3288,3401,3549,3580,	
deseado 1 503 1 2541,	
infiere 2 503 2 4651,5525,	
consecuencia 5 503 5 2531,2716,2800,3280,5507,	
comienzo 2 503 2 2525,4323,	
reactivo 1 503 1 5271,	
Sobre 1 503 1 2522,	
Presión 1 503 1 2520,	
adversas 2 503 2 2519,3506,	
Reacciones 1 503 1 2518,	
8 3 503 3 2517,5341,5733,	
ingesta 2 503 2 2513,2719,	
inicio 2 503 2 2507,4082,	
ocurrir 2 503 2 2504,2598,	
manejo 1 503 1 2499,	
conducción 1 503 1 2495,	
influir 1 503 1 2492,	
reaccionar 1 503 1 2487,	
disminución 2 503 2 2472,2554,	
maquinaria 2 503 2 2470,2501,	
utilizar 1 503 1 2469,	
vehículos 2 503 2 2467,2497,	
conducir 1 503 1 2466,	
capacidad 3 503 3 2464,2480,2557,	
Efectos 1 503 1 2461,	
7 2 503 2 2460,5725,	
producto 1 503 1 2458,	
cantidades 1 503 1 2456,	
pequeñas 1 503 1 2455,	
ingerir 1 503 1 2454,	
éste 1 503 1 2452,	
evitar 1 503 1 2450,	
materna 2 503 2 2448,4672,	
leche 2 503 2 2447,4671,	
hijo 1 503 1 2445,	
alimentar 1 503 1 2442,	
mostrar 1 503 1 5242,	
ésta 2 503 2 2438,3999,	
feto 2 503 2 2421,5457,	
daños 1 503 1 2418,	
existe 1 503 1 2413,	
tenerse 1 503 1 3195,	
contrario 1 503 1 2412,	
De 2 503 2 2410,5518,	
trimestre 2 503 2 2394,5430,	
primer 1 503 1 2393,	
realizarse 1 503 1 2383,	
apetito 1 503 1 3520,	
medicación 1 503 1 2379,	
quedase 1 503 1 2368,	
reemplazarse 1 503 1 2359,	
embarazada 2 503 2 2348,2369,	
quedarse 1 503 1 2347,	
intención 1 503 1 2345,	
tuviera 1 503 1 2343,	
indispensable 2 503 2 2339,2429,	
sea 2 503 2 2338,2407,	
gestación 3 503 3 2324,2397,5433,	
excluirse 1 503 1 2315,	
embarazo 2 503 2 2308,2313,	
6 9 503 9 2298,4115,5608,5659,5666,5673,5691,5717,5718,	
antihipertensivo 2 503 2 2294,2703,	
dieta 1 503 1 2289,	
biodisponible 1 503 1 4473,	
sal 1 503 1 2286,	
toma 1 503 1 2284,	
Sal 1 503 1 2279,	
alcohol 2 503 2 2277,2515,	
potenciar 1 503 1 2273,	
Alcohol 1 503 1 2270,	
""Contraindicaciones"") 1 503 1 2268,	
detectado 3 503 3 2253,4092,4520,	
condiciones 2 503 2 3658,4919,	
progresan 1 503 1 2223,	
temperatura 1 503 1 5682,	
anafilactoide 1 503 1 2219,	
Membranas 1 503 1 2204,	
atenuación 1 503 1 2198,	
000 1 503 1 5142,	
presumiblemente 1 503 1 2192,	
indometacina) 1 503 1 2174,	
acetilsalicílico 1 503 1 2172,	
(ácido 1 503 1 2171,	
realizaron 1 503 1 5164,	
estiroideos 1 503 1 2170,	
Antiinflamatorios 1 503 1 2168,	
neurotóxicos 1 503 1 2164,	
cardiotóxicos 1 503 1 2162,	
taquicardia 1 503 1 2575,	
efectos 9 503 9 2161,3854,3878,4384,5217,5243,5345,5453,5570,	
aumentar 2 503 2 2157,2899,	
séricos 1 503 1 2153,	
niveles 5 503 5 2152,4016,4247,4252,5066,	
empeorar 2 503 2 2918,3228,	
incremento 4 503 4 2149,2281,3843,4186,	
producir 2 503 2 2147,2417,	
Esto 2 503 2 2145,5016,	
excreción 3 503 3 2140,2930,4994,	
reducen 1 503 1 2138,	
posiblemente 2 503 2 2136,3206,	
MINISTERIO 3 503 3 2122,4952,5701,	
(ver 1 503 1 2116,	
No 5 503 5 2104,3680,5662,5679,5723,	
séricas 2 503 2 2101,2905,	
aparentemente 1 503 1 4533,	
concentraciones 4 503 4 2100,4784,4828,5022,	
heparina 1 503 1 2093,	
Sales 2 503 2 2086,2124,	
glicina 1 503 1 5631,	
administración"") 1 503 1 2084,	
""Posología 1 503 1 2080,	
miocárdica 1 503 1 2777,	
empleo"" 1 503 1 2076,	
""Advertencias 3 503 3 2071,2117,3499,	
apartados 1 503 1 2070,	
consultar 2 503 2 2068,3724,	
relativo 2 503 2 2065,4945,	
prever 1 503 1 2057,	
hay 1 503 1 2055,	
anestésicos) 1 503 1 2054,	
tricíclicos 1 503 1 2053,	
humanos 1 503 1 5486,	
antidepresivos 1 503 1 2052,	
nitratos 1 503 1 2051,	
potencial 2 503 2 2047,2702,	
Antihipertensores 1 503 1 2039,	
tisular 2 503 2 2034,3801,	
sensibilidad 1 503 1 2033,	
sospecha 1 503 1 2024,	
glucemia 1 503 1 2022,	
intensificación 2 503 2 2016,3129,	
sulfonilurea) 1 503 1 2012,	
derivados 1 503 1 2009,	
insulina 2 503 2 2007,2037,	
pelvis 1 503 1 5399,	
Aproximadamente 1 503 1 4609,	
Antidiabéticos 1 503 1 2004,	
hemograma 1 503 1 2002,	
alteraciones 2 503 2 1999,5594,	
hemático 4 503 4 1993,3399,3486,5327,	
cuadro 3 503 3 1992,3485,5326,	
litio 4 503 4 2126,2144,2155,2166,	
alterar 1 503 1 1990,	
citostáticos 1 503 1 1984,	
corticosteroides 1 503 1 1982,	
inmunosupresores 1 503 1 1981,	
Alopurinol 1 503 1 1980,	
esté 1 503 1 1976,	
sustancias 4 503 4 1972,1987,2045,2182,	
interacciones 1 503 1 1969,	
Deberán 1 503 1 1965,	
interacción 1 503 1 1964,	
formas 4 503 4 1962,2362,3383,3495,	
medicamentos 4 503 4 1959,3480,3492,5758,	
Interacción 1 503 1 1955,	
diarrea 2 503 2 1952,3345,	
estómago 3 503 3 1950,3351,3631,	
molestias 2 503 2 1948,3358,	
cabeza 1 503 1 1947,	
dolor 2 503 2 1945,3349,	
provocar 1 503 1 1944,	
Puede 2 503 2 1943,2624,	
elevadas 1 503 1 1942,	
perjudicial 1 503 1 1939,	
excipiente 1 503 1 1936,	
glicerol 1 503 1 1934,	
contener 1 503 1 1933,	
adversas"" 2 503 2 1929,2078,	
""Reacciones 2 503 2 1928,2077,	
hemoglobina 1 503 1 3417,	
apartado 2 503 2 1927,3726,	
fase 6 503 6 1914,4796,4812,4825,4847,4874,	
leucopenia 1 503 1 1906,	
detectar 1 503 1 1903,	
leucocitaria 1 503 1 1899,	
fórmula 2 503 2 1898,3449,	
sodio 2 503 2 1892,2955,	
nivel 4 503 4 1890,2540,3568,3798,	
espironolactona) 1 503 1 1871,	
procainamida 1 503 1 1983,	
ahorradores 3 503 3 1866,2090,2986,	
frecuente 4 503 4 1852,1911,2967,3214,	
sérico 1 503 1 1848,	
potasio 9 503 9 1847,1868,1876,2088,2092,2103,2115,2961,2988,	
periódicamente 3 503 3 1845,1888,1896,	
trasplante 3 503 3 1840,2874,3911,	
previa 1 503 1 1835,	
eritema 1 503 1 3123,	
irrelevante 1 503 1 1820,	
especialmente 5 503 5 1806,2505,2684,3293,5300,	
primeras 2 503 2 1802,4606,	
líquidos 3 503 3 1789,2712,2733,	
reposición 3 503 3 1787,2730,3665,	
piernas 1 503 1 1783,	
decúbito 2 503 2 1780,3237,	
Raynaud 1 503 1 3133,	
colocación 1 503 1 1776,	
podrá 1 503 1 1769,	
excesivo 2 503 2 1764,2619,	
importante 1 503 1 1753,	
posibilidad 3 503 3 1747,2013,3719,	
descartarse 1 503 1 1745,	
aumente 1 503 1 1735,	
aumento 13 503 13 1721,1994,2097,2643,2655,2959,2996,3367,3372,3566,5063,5270,5291,	
regularmente 1 503 1 1709,	
sales 4 503 4 1874,2113,2142,2714,	
controlará 1 503 1 1708,	
correspondientes 1 503 1 1706,	
correctoras 1 503 1 1705,	
agudo 2 503 2 1693,1752,	
magnitud 1 503 1 1689,	
valorar 1 503 1 1687,	
extenso 1 503 1 4403,	
A 3 503 3 1684,4869,5192,	
agranulocitosis 1 503 1 3437,	
relevante) 2 503 2 1683,1829,	
pronunciado 3 503 3 1669,2887,5290,	
descenso 10 503 10 1668,1692,1751,1763,2618,2628,2664,2886,2953,3984,	
particular 1 503 1 1664,	
supongan 1 503 1 1662,	
necesario 4 503 4 1653,1701,1771,1886,	
También 5 503 5 1651,3079,3277,3547,5482,	
intensidad 1 503 1 3085,	
desarrollar 1 503 1 1635,	
puedan 1 503 1 1634,	
presenten 1 503 1 1632,	
potencialmente 1 503 1 1622,	
fármacos 2 503 2 1621,2700,	
tratada 1 503 1 1618,	
maligno 1 503 1 1605,	
particularmente 4 503 4 1602,1611,1799,2852,	
sostenido 1 503 1 4167,	
orina 7 503 7 3001,4503,4523,4557,4599,4618,4694,	
subsiguiente 1 503 1 1591,	
pronunciada 1 503 1 1584,	
afectar 2 503 2 2478,3483,	
probabilidad 3 503 3 1580,1997,3173,	
mayor 3 503 3 1579,3454,4000,	
dada 1 503 1 1577,	
controlados 1 503 1 1568,	
deben 1 503 1 1566,	
grupos 2 503 2 1563,1921,	
siguientes 6 503 6 1562,1968,2856,3096,3403,3583,	
superiores 2 503 2 5201,5308,	
mantiene 1 503 1 4160,	
potencian 1 503 1 2031,	
deterioro 3 503 3 1556,1592,2835,	
arterial 18 503 18 1552,1588,1673,1697,1712,1757,1768,2476,2521,2538,2570,2623,2633,2669,2808,2821,4033,4191,	
presión 18 503 18 1551,1587,1672,1696,1711,1756,1767,2475,2537,2569,2622,2632,2668,2807,2820,2890,4062,4190,	
excesiva 4 503 4 1548,2572,2727,2804,	
demostró 1 503 1 4282,	
caída 3 503 3 1547,1583,2803,	
impedir 1 503 1 1545,	
adecuadas 1 503 1 1543,	
toman 1 503 1 1540,	
balance 1 503 1 2824,	
continuará 1 503 1 1536,	
comenzará 1 503 1 1534,	
relevantes 1 503 1 1527,	
clínicamente 1 503 1 1526,	
cuadros 1 503 1 1524,	
volumen) 1 503 1 1521,	
angiotensina-convertasa 1 503 1 3744,	
sobrecarga 1 503 1 1519,	
frente 1 503 1 1515,	
cuidadosamente 1 503 1 1514,	
ratas 3 503 3 5372,5376,5383,	
sopesarse 1 503 1 1513,	
medidas 6 503 6 1511,1542,1704,1774,3076,3615,	
impotencia 1 503 1 3541,	
(Sin 1 503 1 1503,	
hipovolemia 1 503 1 1493,	
deshidratación 1 503 1 1491,	
corregir 1 503 1 1489,	
regular 1 503 1 1486,	
médica 1 503 1 1485,	
supervisión 1 503 1 1484,	
requiere 2 503 2 1483,3075,	
diarreas 1 503 1 2723,	
especiales 3 503 3 1476,2074,5676,	
recomendable 1 503 1 2106,	
precauciones 4 503 4 1475,2073,2119,3501,	
Advertencias 1 503 1 1473,	
tratados 5 503 5 1465,1879,2983,3476,4006,	
utlilizarse 1 503 1 1462,	
boca 1 503 1 3334,	
método 1 503 1 1456,	
dextrano 3 503 3 1454,2212,2266,	
sulfato 4 503 4 1452,2210,2264,3635,	
densidad 2 503 2 1450,2262,	
lipoproteínica 2 503 2 1447,2259,	
aféresis 2 503 2 1446,2258,	
similares 3 503 3 1443,2255,4985,	
observado 5 503 5 1441,2607,3142,3436,3564,	
urinario 1 503 1 3696,	
incluya 1 503 1 1434,	
alcanza 2 503 2 4108,4887,	
cambiando 1 503 1 1428,	
utilizando 3 503 3 1422,1977,5537,	
hemofiltración) 1 503 1 1421,	
urgencia 2 503 2 1419,3078,	
membrana 2 503 2 1414,1426,	
tipo 5 503 5 1412,1424,1604,3606,5228,	
concomitante 4 503 4 1404,1863,2109,2179,	
evitarse 2 503 2 1401,2322,	
Deberá 2 503 2 1400,2321,	
raras 1 503 1 3019,	
fabricante) 1 503 1 1399,	
instrucciones 1 503 1 1397,	
(Ver 3 503 3 1395,2267,3487,	
ECA 23 503 23 1394,1438,1470,2030,2131,2187,2249,2337,2357,2405,3037,3054,3139,3191,3212,3258,3276,3286,3433,3561,4868,5419,5516,	
inhibidores 19 503 19 1391,1435,1467,2027,2128,2184,2246,2334,2354,2402,3051,3136,3188,3273,3430,3558,3741,5416,5513,	
angioneuróticos 1 503 1 3029,	
poliacrilonitrilo) 2 503 2 1386,2241,	
alto 3 503 3 1383,2209,2237,	
flujo 4 503 4 1382,2208,2236,4043,	
alcanzan 2 503 2 4739,4771,	
membranas 2 503 2 1380,2234,	
determinadas 1 503 1 1379,	
diálisis 7 503 7 1377,1417,2206,2231,3699,3721,3909,	
transcurso 3 503 3 1374,2228,2372,	
shock 4 503 4 1371,2225,2674,3585,	
vasodilatación 1 503 1 3821,	
evolucionar 4 503 4 1369,2672,2842,3067,	
incluían 1 503 1 5463,	
hipersensibilidad 3 503 3 1366,2218,3150,	
reducidas 1 503 1 4833,	
anafilactoides 3 503 3 1364,3017,3180,	
leve 1 503 1 3086,	
reacciones 10 503 10 1363,1442,2216,2254,3014,3097,3113,3177,3325,3505,	
descrito 3 503 3 1362,2215,5665,	
(en 1 503 1 2063,	
han 15 503 15 1361,1440,2214,2252,2606,3026,3141,3435,4622,4665,5314,5420,5435,5565,5664,	
lactancia 4 503 4 1359,2301,2434,5391,	
Embarazo 2 503 2 1357,2299,	
inestables 1 503 1 1355,	
hipotensos 1 503 1 1352,	
Pacientes 1 503 1 1351,	
aórtica 1 503 1 1347,	
mitral 1 503 1 1345,	
único 2 503 2 1342,4418,	
riñón 2 503 2 1341,2876,	
potenciación 1 503 1 2059,	
unilateral 2 503 2 1337,1827,	
bilateral 1 503 1 1335,	
significativa 6 503 6 1334,1349,1650,2741,2767,4291,	
celular 1 503 1 5586,	
hemodinámicamente 10 503 10 1333,1348,1354,1649,1682,1819,1828,2740,2766,2869,	
extremidades 1 503 1 5471,	
controlar 5 503 5 1654,1795,1844,1887,1895,	
arteria 6 503 6 1331,1647,1817,1825,2738,2867,	
Estenosis 3 503 3 1328,1344,2735,	
angioneurótico 3 503 3 1326,3060,3083,	
edema 3 503 3 1325,3059,3082,	
Antecedentes 1 503 1 1323,	
excipientes 2 503 2 1318,5615,	
Hipersensibilidad 1 503 1 1310,	
Contraindicaciones 1 503 1 1308,	
comida 1 503 1 4722,	
comidas 1 503 1 1305,	
líquido 1 503 1 1299,	
abundante 1 503 1 1298,	
masticar 1 503 1 1296,	
empleo"") 2 503 2 2121,3503,	
ingerirse 1 503 1 1294,	
deberán 3 503 3 1293,1512,3650,	
Los 9 503 9 1289,1561,2742,4661,4731,4763,5351,5532,5555,	
Forma 1 503 1 1286,	
tolere 1 503 1 1171,	
dependiendo 1 503 1 1166,	
debe 8 503 8 1164,1458,1843,1909,2195,2304,3312,4850,	
diabética 4 503 4 1151,2928,3894,3918,	
precaución 1 503 1 987,	
Ello 1 503 1 2502,	
luego 1 503 1 984,	
día) 1 503 1 981,	
(1 1 503 1 973,	
inhibición 4 503 4 3034,3209,3283,3812,	
posible 7 503 7 972,1555,1905,2386,3171,3279,3639,	
baja 3 503 3 971,1449,2261,	
significativo 2 503 2 4727,4908,	
iniciar 1 503 1 963,	
indicados 1 503 1 1924,	
tratar 1 503 1 957,	
mono 6 503 6 5173,5258,5299,5312,5331,5361,	
decisión 1 503 1 955,	
tomada 1 503 1 953,	
embargo 6 503 6 950,1504,2923,3263,3712,5215,	
Sin 5 503 5 949,2922,3262,3711,5214,	
atenuar 1 503 1 2291,	
(NYHA/IV) 1 503 1 943,	
experiencia 2 503 2 933,3684,	
suficiente 1 503 1 932,	
dispone 2 503 2 930,3682,	
Todavía 2 503 2 927,3863,	
única 4 503 4 918,4089,4106,4128,	
administrarse 2 503 2 915,2305,	
dividida 1 503 1 912,	
total 7 503 7 910,2999,4251,4307,4372,4491,4647,	
Posteriormente 1 503 1 907,	
deba 2 503 2 895,1178,	
Después 1 503 1 879,	
veces 5 503 5 873,2222,2548,3365,5439,	
administrar 2 503 2 868,3049,	
recomienda 7 503 7 867,898,962,1181,1488,1794,1894,	
tolera 1 503 1 862,	
noche 2 503 2 857,3231,	
únicas 1 503 1 844,	
divididos 1 503 1 840,	
diarios 3 503 3 703,837,5110,	
antagonista 1 503 1 592,	
adicional 3 503 3 585,1741,4244,	
lugar 4 503 4 567,2626,2833,2950,	
usual 1 503 1 540,	
intervalos 3 503 3 532,901,1184,	
consiste 1 503 1 528,	
médico 6 503 6 474,803,1127,1270,3168,3316,	
control 5 503 5 473,802,1126,1269,1908,	
estricto 4 503 4 472,801,1125,1268,	
iniciarse 4 503 4 469,799,1122,1265,	
pregelatinizado 1 503 1 5623,	
sólo 7 503 7 467,797,1120,1263,1532,4697,5249,	
metabolito 2 503 2 3754,4419,	
sustitución 1 503 1 2376,	
Por 5 503 5 459,789,1112,1255,2309,	
reducirse 4 503 4 458,788,1111,1254,	
hepática 7 503 7 448,778,1101,1244,3389,4407,5052,	
reducción 16 503 16 421,751,1234,2019,2534,2566,2936,3405,3533,3543,3803,3836,3979,4029,4059,5280,	
transitorio 1 503 1 2793,	
acción) 3 503 3 417,747,1230,	
paso"" 1 503 1 4410,	
duración 4 503 4 414,744,1227,4172,	
(sinónimos 1 503 1 3764,	
(dependiendo 3 503 3 411,741,1224,	
período 8 503 8 408,738,1221,2432,4750,4801,4836,4903,	
días 7 503 7 404,734,878,906,1217,4845,4900,	
ó 4 503 4 402,732,1215,3943,	
durante 25 503 25 400,406,730,736,876,1213,1219,1300,1387,1444,1572,1800,2242,2306,2391,2430,2752,3021,3221,3640,3946,4132,4604,5113,5385,	
mínimo 4 503 4 399,729,1212,4711,	
interrupción 5 503 5 392,722,1205,3041,4174,	
comenzar 3 503 3 384,714,1500,	
reducida 4 503 4 369,698,1090,4999,	
considerarse 9 503 9 362,390,582,691,720,1083,1203,1966,3717,	
24% 1 503 1 4343,	
deberá 17 503 17 361,389,468,690,719,798,1082,1121,1202,1264,2094,2314,2349,2382,2439,3165,3194,	
ulterior 1 503 1 1750,	
diurético 17 503 17 360,381,397,426,436,588,689,711,727,756,766,1081,1201,1210,1239,1740,2660,	
pretratados 9 503 9 357,378,433,686,708,763,1078,1198,1626,	
así 6 503 6 353,682,1074,2646,3788,4311,	
importante) 3 503 3 352,681,1073,	
cerebral 6 503 6 351,680,1072,1681,2789,2797,	
estenosis 10 503 10 348,677,1069,1644,1678,1814,1822,2747,2765,2864,	
e 24 503 24 346,676,1067,1385,1416,1675,1813,1870,2006,2041,2050,2239,2528,2562,2863,2974,3088,3468,3530,3534,3588,3628,3881,5478,	
continuarse 1 503 1 2814,	
(p 18 503 18 345,675,1066,1384,1415,1674,1812,1869,2005,2040,2049,2238,2862,2973,3467,3529,3627,3880,	
concomitantemente 3 503 3 1538,1978,2909,	
especial 8 503 8 343,673,986,1064,1570,1656,2690,2907,	
alteración 2 503 2 3524,5048,	
constituir 3 503 3 341,671,1062,	
intrauterino 1 503 1 5491,	
pueda 5 503 5 340,670,1061,1744,2453,	
hipotensión 5 503 5 339,669,1060,3584,5473,	
reacción 4 503 4 337,667,1058,2559,	
hemofiltración 2 503 2 3697,3723,	
primera 4 503 4 1716,1730,2636,2650,	
grave 6 503 6 329,659,942,1050,1601,1614,	
casos 9 503 9 326,656,1047,2327,2603,2855,3250,3392,5437,	
debiéndose 1 503 1 3048,	
debido 3 503 3 2975,4210,4233,	
corregida 3 503 3 324,654,1045,	
está 5 503 5 322,652,1043,3235,4998,	
salina 5 503 5 320,650,1041,1497,1640,	
prolonga 1 503 1 4130,	
volumen 9 503 9 318,648,1039,1638,1792,2998,3667,4928,4941,	
depleción 5 503 5 316,646,1037,1496,1636,	
Cuando 8 503 8 314,644,892,1035,1175,1522,5038,5414,	
caso 18 503 18 307,482,810,1028,1135,1278,1339,1700,1760,1854,1860,2176,2390,3158,3301,3576,3655,3715,	
máxima 10 503 10 303,478,556,633,806,921,1024,1131,1192,1274,	
25 12 503 12 296,372,440,624,701,770,870,974,1017,1093,1156,3940,	
proteínas 2 503 2 2932,4956,	
generalmente 4 503 4 293,1014,2815,3266,	
diaria 17 503 17 290,302,429,477,557,632,759,911,920,969,1011,1023,1130,1191,1273,4878,5195,	
corporal 3 503 3 287,616,1008,	
superficie 3 503 3 286,615,1007,	
m2 3 503 3 284,613,1005,	
73 3 503 3 283,612,1004,	
ml/min 3 503 3 280,609,1001,	
20 3 503 3 279,608,1000,	
50 4 503 4 277,606,998,5410,	
máximo 2 503 2 4102,4138,	
creatinina 7 503 7 275,604,996,2901,3963,4018,5015,	
aclaramiento 5 503 5 273,602,994,5007,5013,	
renal 31 503 31 271,600,992,1332,1560,1596,1648,1798,1818,1826,1834,1841,1857,2739,2839,2845,2868,2897,2972,3460,3590,3912,4045,4562,4995,5004,5036,5210,5394,5450,5476,	
insuficiencia 24 503 24 270,447,599,777,825,940,991,1100,1243,1508,1609,1833,1856,2844,2880,2896,2971,3459,3589,4328,5003,5092,5449,5475,	
En 30 503 30 267,376,444,566,596,706,774,988,1097,1196,1240,1758,1877,2175,2602,3018,3157,3248,3300,3575,3890,3913,3923,3969,4075,4192,4969,5174,5309,5328,	
mantenimiento 2 503 2 260,542,	
Si 5 503 5 858,2340,2365,2422,2564,	
habitual 1 503 1 258,	
Dosis 6 503 6 257,832,919,1152,1190,5231,	
10 9 503 9 255,261,561,923,4266,4479,4641,5141,5750,	
aumentarla 2 503 2 253,983,	
semanas 7 503 7 251,537,1189,1803,3948,4151,5115,	
tres 1 503 1 250,	
mañana 1 503 1 852,	
semana 1 503 1 243,	
considerará 1 503 1 3671,	
después 6 503 6 240,247,1302,4117,4744,4777,	
completamente 3 503 3 323,653,1044,	
doblarla 4 503 4 239,530,899,1182,	
incrementar 3 503 3 235,525,569,	
recomendado 2 503 2 233,523,	
procedimiento 2 503 2 232,522,	
El 19 503 19 231,521,1479,2280,2809,2913,3058,3591,3749,3842,4100,4122,4135,4398,4446,4630,4673,4749,4902,	
paciente 13 503 13 230,520,860,891,1170,1778,2342,2367,2437,2482,3164,3234,3311,	
respuesta 9 503 9 228,450,518,780,888,1103,1246,5591,5603,	
según 2 503 2 226,516,	
gradual 1 503 1 225,	
incrementarse 11 503 11 222,456,515,786,881,896,1109,1165,1179,1252,3182,	
día 8 503 8 218,266,511,553,580,629,875,1161,	
vez 7 503 7 216,509,952,979,1159,2817,4863,	
ramipril 102 503 102 214,264,299,313,375,388,443,454,489,507,551,564,573,627,643,705,718,773,784,817,839,926,977,1020,1034,1096,1107,1142,1250,1285,1292,1312,1406,1482,1531,1576,1725,1974,2111,2137,2194,2202,2296,2320,2381,2409,2426,2639,2756,2812,2830,2916,3025,3046,3225,3322,3620,3708,3758,3895,3919,3934,3976,4013,4025,4053,4144,4179,4261,4284,4303,4400,4438,4467,4482,4509,4525,4577,4590,4633,4654,4668,4674,4708,4719,4737,4757,4782,4787,4886,4933,4958,4980,5044,5057,5069,5112,5128,5266,5381,5530,5547,	
recomendada 5 503 5 207,500,620,834,1154,	
inicial 16 503 16 206,291,368,430,499,619,697,760,833,865,1012,1089,1153,1174,1915,4794,	
desensibilización 1 503 1 3202,	
dosis 62 503 62 205,220,237,289,301,367,424,428,476,498,513,527,539,555,571,618,631,696,754,758,805,843,864,883,894,909,917,968,1010,1022,1088,1129,1163,1173,1177,1237,1272,1717,1723,1731,1737,1941,2637,2645,2651,2657,3937,4009,4088,4105,4127,4264,4517,4877,4911,4921,5041,5177,5194,5302,5334,5408,	
prevención 1 503 1 203,	
indicación 2 503 2 200,5568,	
- 43 503 43 196,490,565,595,818,1143,1309,1322,1327,1343,1350,1356,1597,1606,1624,1629,1641,1713,1727,1979,2003,2038,2085,2123,2167,2203,2250,2269,2278,2681,2686,2704,2709,2734,2857,2871,2877,5616,5619,5624,5628,5632,5635,	
individual 2 503 2 195,889,	
tolerancia 1 503 1 194,	
buscado 1 503 1 190,	
antihipertensor 7 503 7 189,2048,2062,4085,4124,4137,4158,	
función 9 503 9 186,885,1559,1595,1797,2838,3388,5035,5051,	
establecerá 1 503 1 184,	
posología 1 503 1 182,	
náuseas 2 503 2 2585,3346,	
permitida 10 503 10 304,479,558,634,807,922,1025,1132,1193,1275,	
La 32 503 32 181,204,219,300,427,475,512,538,554,630,757,804,1021,1128,1162,1271,2471,2935,3172,3802,4022,4050,4173,4715,4792,4953,4993,5124,5245,5366,5378,5572,	
efecto 11 503 11 188,2061,2200,2275,2293,4084,4101,4123,4136,4157,4726,	
administración 31 503 31 180,364,395,584,693,725,1085,1208,1288,1403,2108,2178,3632,3673,4023,4051,4098,4120,4476,4506,4540,4571,4680,4716,4747,4780,4925,5105,5125,5167,5379,	
forma 7 503 7 178,224,1851,2082,4278,4290,4790,	
Posología 5 503 5 176,197,491,819,1144,	
manifiesta) 1 503 1 167,	
Se 12 503 12 1360,1439,1487,1793,1842,1893,2023,2213,2251,3612,4152,5163,	
macroalbuminuria 1 503 1 165,	
renovascular 2 503 2 1811,2861,	
incipiente) 1 503 1 162,	
(nefropatía 2 503 2 161,166,	
progresión 2 503 2 158,4325,	
periférica 2 503 2 153,4034,	
vascular 4 503 4 152,2796,4213,4230,	
miocardio) 1 503 1 144,	
clínica 4 503 4 140,146,4222,4227,	
historia 4 503 4 139,145,4221,4226,	
( 1 503 1 135,	
coronaria 7 503 7 134,349,678,1070,1679,2762,4220,	
preverse 2 503 2 2095,2196,	
cardiaca 1 503 1 133,	
enfermedad 8 503 8 132,151,1810,2761,2860,4212,4218,4229,	
riesgo 16 503 16 128,172,344,674,1065,1517,1665,1923,2159,2415,2848,3072,3396,4207,4243,4334,	
muerte 3 503 3 121,4300,5481,	
ictus 4 503 4 119,148,4224,4298,	
Prevención 2 503 2 114,155,	
primario 1 503 1 112,	
hiperaldosteronismo 1 503 1 111,	
cefalea 2 503 2 2592,3510,	
debida 1 503 1 109,	
tratamiento 52 503 52 105,245,386,452,463,493,716,782,793,822,936,965,1105,1116,1147,1248,1259,1389,1431,1480,1502,1529,1574,1805,1862,1917,2244,2318,2332,2352,2364,2374,2400,2424,2509,2527,2754,2810,2828,2914,2992,3023,3044,3056,3223,3271,3320,3592,3997,4141,4166,4177,	
adecuado 1 503 1 102,	
Ramipril 9 503 9 99,2271,2302,4331,4356,5642,5655,5702,5710,	
microalbuminuria 4 503 4 97,160,3922,4363,	
Aluminio/Aluminio 1 503 1 5700,	
caracterizados 1 503 1 95,	
incipiente 2 503 2 89,3917,	
hipertensos 5 503 5 84,94,4056,4390,5088,	
normotensos 2 503 2 82,4393,	
inicialmente 1 503 1 913,	
sean 3 503 3 81,1525,5506,	
insulin-dependientes 2 503 2 79,93,	
pacientes 67 503 67 78,91,124,169,268,332,356,377,432,445,466,597,637,662,685,707,762,775,796,938,960,989,1053,1077,1098,1119,1197,1241,1262,1464,1506,1565,1598,1607,1625,1630,1642,1660,1676,1808,1831,1838,1878,2679,2759,2858,2872,2878,2925,2969,3295,3457,3475,3891,3914,3951,3955,3971,4003,4055,4080,4200,4276,4389,4579,5001,5090,	
mellitus 3 503 3 76,3902,4236,	
diabetes 3 503 3 75,3901,4235,	
nefropatía 8 503 8 88,1150,2927,2977,3893,3916,3959,4339,	
renales 3 503 3 72,4537,5578,	
complicaciones 2 503 2 71,3898,	
miocardio 6 503 6 66,118,831,948,2785,4297,	
caulquiera 1 503 1 1315,	
infarto 7 503 7 64,116,142,829,946,2783,4295,	
posterior 3 503 3 62,827,944,	
cardíaca 11 503 11 61,826,941,1509,1610,2688,2881,4074,4219,4329,5093,	
Insuficiencia 2 503 2 60,2687,	
calcio 2 503 2 58,594,	
antagonistas 1 503 1 56,	
diuréticos 10 503 10 54,1628,1865,1884,2042,2067,2089,2708,2912,2985,	
antihipertensores 2 503 2 52,1623,	
combinación 1 503 1 49,	
equilibrio 2 503 2 3509,4891,	
o 77 503 77 47,55,83,120,137,149,319,330,350,405,418,457,589,649,660,679,735,748,787,1040,1051,1071,1110,1218,1231,1253,1301,1313,1336,1346,1353,1420,1427,1494,1535,1615,1633,1639,1680,1790,1821,1836,1858,1872,2173,2406,2652,2694,2713,2721,2725,2763,2782,2787,2794,2979,3064,3121,3128,3146,3306,3336,3461,3471,3473,3698,3709,3722,3910,4225,4232,4299,4626,4882,5200,5307,5605,	
monoterapia 1 503 1 46,	
esencial 2 503 2 44,4413,	
hipertensión 8 503 8 43,108,328,496,658,1049,1600,4246,	
Este 4 503 4 1455,1907,1930,4280,	
Tratamiento 3 503 3 40,68,2705,	
elevado 3 503 3 127,171,4209,	
· 6 503 6 39,59,67,98,113,154,	
terapéuticas 1 503 1 38,	
Indicaciones 1 503 1 37,	
	"4 1 503 1 35,	
CLINICOS 1 503 1 34,	
DATOS 2 503 2 33,5609,	
4 14 503 14 32,174,1306,1471,1472,1953,2297,2459,2516,3572,4775,4842,4899,5674,	
FARMACEUTICA 1 503 1 30,	
FORMA 1 503 1 29,	
afectación 1 503 1 3090,	
debidos 2 503 2 2745,3031,	
3 14 503 14 28,403,536,733,905,1188,1216,1307,3994,4113,4807,5117,5197,5667,	
lengua 1 503 1 3062,	
levantadas 1 503 1 1784,	
CUANTITATIVA 1 503 1 26,	
Y 1 503 1 25,	
CUALITATIVA 1 503 1 24,	
antecedentes 1 503 1 4216,	
COMPOSICION 1 503 1 23,	
	 4 503 4 21,27,31,5732,	
MEDICAMENTO 2 503 2 20,3734,	
exenta 1 503 1 5132,	
DEL 2 503 2 19,5754,	
Piel 1 503 1 3011,	
interrumpirse 1 503 1 2350,	
NOMBRE 1 503 1 18,	
atención 2 503 2 1571,1657,	
1 21 503 21 17,36,282,295,371,439,611,623,700,769,869,903,1003,1016,1092,1155,3736,3939,4742,4761,5612,	
ocasiones 1 503 1 3020,	
información 1 503 1 14,	
Toda 1 503 1 12,	
cardiovascular 5 503 5 122,129,173,4208,4301,	
medicamento 4 503 4 11,16,1321,1931,	
Basica 1 503 1 9,	
	Información 1 503 1 8,	
Comprimidos 1 503 1 7,	
28 3 503 3 6,5708,5715,	
comprimidos 6 503 6 5,1290,5707,5709,5714,5716,	
mg 38 503 38 4,212,256,262,297,311,373,441,487,505,549,562,578,625,641,702,771,815,836,848,871,924,975,1018,1032,1094,1140,1157,1195,1283,4480,4575,4884,5109,5646,5658,5706,5713,	
5 32 503 32 3,211,310,486,504,546,548,577,640,814,835,847,1031,1139,1194,1282,1954,3729,3942,3944,4394,4574,4844,4881,5108,5116,5338,5645,5657,5692,5705,5712,	
región 1 503 1 3361,	
2 30 503 30 2,22,175,210,401,485,503,534,545,731,813,842,846,1138,1186,1214,1281,3941,4169,4395,4773,4880,5114,5198,5234,5337,5644,5660,5671,5704,	
ALTER 1 503 1 1,	
concentrarse 1 503 1 2484,	
RAMIPRIL 1 503 1 0,	
