lote 1 458 1 5368,	
autorización 1 458 1 5346,	
Tamaño 1 458 1 5316,	
preparada 1 458 1 5310,	
Esta 1 458 1 5307,	
añade 1 458 1 5291,	
Aspecto 1 458 1 5252,	
pH 1 458 1 5251,	
activo 1 458 1 5220,	
NeoSpect? 1 458 1 5216,	
	¿Qué 1 458 1 5214,	
ADICIONAL 1 458 1 5213,	
correcta 1 458 1 5208,	
asegurará 1 458 1 5205,	
Personal 1 458 1 5201,	
fecha 2 458 2 5182,5193,	
comuníqueselo 1 458 1 5151,	
nota 1 458 1 5131,	
mencionados 1 458 1 5135,	
mareo 1 458 1 5125,	
notificadas 1 458 1 5106,	
	Al 1 458 1 5074,	
ADVERSOS 1 458 1 5073,	
EFECTOS 1 458 1 5072,	
POSIBLES 1 458 1 5071,	
trazas 1 458 1 5064,	
rápidamente 1 458 1 5062,	
eliminar 1 458 1 5061,	
beba 1 458 1 5057,	
recomendarle 1 458 1 5055,	
sintomático 1 458 1 5051,	
le 1 458 1 5046,	
cualificado 2 458 2 5032,5202,	
administrado 2 458 2 5027,5048,	
Sólo 1 458 1 5023,	
similar 1 458 1 5022,	
estrictas 1 458 1 5001,	
días 1 458 1 4996,	
2-3 1 458 1 4995,	
perderá 1 458 1 4989,	
99mTc­depreotida 1 458 1 4983,	
exploración 1 458 1 4967,	
será 4 458 4 4957,5013,5024,5047,	
vena 2 458 2 4942,5315,	
­ 2 458 2 4928,4971,	
555 1 458 1 4927,	
mayores 1 458 1 4909,	
CÓMO 1 458 1 4896,	
maquinaria 1 458 1 4894,	
Conducción 1 458 1 4860,	
doctor 2 458 2 4843,5053,	
informar 1 458 1 4840,	
recientemente 1 458 1 4827,	
tomando 1 458 1 4823,	
farmacéutico 1 458 1 4820,	
productos 1 458 1 4810,	
Toma 1 458 1 4796,	
rápida 1 458 1 4794,	
líquidos 2 458 2 4783,5059,	
ingestión 1 458 1 4781,	
incrementarse 1 458 1 4779,	
posibles 1 458 1 4760,	
riegos 1 458 1 4757,	
tendrá 1 458 1 4753,	
cantidades 1 458 1 4745,	
pequeñas 1 458 1 4744,	
implica 1 458 1 4740,	
informarlo 1 458 1 4705,	
mencionadas 1 458 1 4703,	
padece 3 458 3 4685,4692,4697,	
hijo 2 458 2 4665,4859,	
componentes 2 458 2 4644,5232,	
alérgico 1 458 1 4634,	
use 2 458 2 4629,5188,	
USAR 2 458 2 4626,4897,	
ANTES 1 458 1 4624,	
exámenes 1 458 1 4611,	
incluye 2 458 2 4610,5174,	
evaluación 1 458 1 4608,	
tumor 1 458 1 4606,	
iluminará 1 458 1 4595,	
acumula 1 458 1 4590,	
área 1 458 1 4587,	
(scan) 1 458 1 4578,	
tomará 1 458 1 4574,	
maligno 1 458 1 4571,	
cancerígeno 1 458 1 4570,	
compuesto 2 458 2 4564,4592,	
inyecta 1 458 1 4562,	
supuesto 1 458 1 4554,	
muestren 1 458 1 4549,	
proporcionar 1 458 1 4546,	
tumoral 2 458 2 4530,4556,	
tejido 3 458 3 4529,4555,4569,	
valiosa 1 458 1 4524,	
exactamente 1 458 1 4509,	
mostrará 1 458 1 4508,	
scan 3 458 3 4505,4507,4965,	
conocida 1 458 1 4502,	
foto 3 458 3 4501,4577,4598,	
exterior 1 458 1 4493,	
detectarse 1 458 1 4490,	
ésta 1 458 1 4488,	
pequeña 1 458 1 4484,	
sustancia 2 458 2 4481,5298,	
(por 1 458 1 4473,	
particular 1 458 1 4470,	
zona 1 458 1 4469,	
temporalmente 1 458 1 4466,	
almacena 1 458 1 4465,	
usado 1 458 1 4448,	
Tipo 1 458 1 4440,	
SE 1 458 1 4438,	
QUÉ 2 458 2 4432,4437,	
adicional 1 458 1 4430,	
relación 1 458 1 4805,	
Información 1 458 1 4429,	
Conservación 1 458 1 4425,	
Posibles 1 458 1 4421,	
informe 2 458 2 4395,4815,	
grave 2 458 2 4394,5150,	
descritos 2 458 2 4391,5147,	
sufre 3 458 3 4385,4674,5141,	
mencionado 1 458 1 4379,	
adverso 1 458 1 4377,	
aprecia 1 458 1 4374,	
médico 8 458 8 4371,4398,4522,4573,4708,4751,4818,5154,	
consulte 1 458 1 4368,	
duda 1 458 1 4367,	
Si 11 458 11 4364,4373,4632,4652,4659,4672,4683,4690,4696,5041,5130,	
leerlo 1 458 1 4362,	
volver 1 458 1 4360,	
Conserve 1 458 1 4354,	
da 1 458 1 4348,	
Le 1 458 1 4347,	
detenidamente 1 458 1 4344,	
lea 1 458 1 4343,	
favor 2 458 2 4342,4814,	
Por 2 458 2 4341,4813,	
micrograms 1 458 1 4334,	
Tc 2 458 2 4323,4328,	
adherir 1 458 1 4318,	
adhesiva 1 458 1 4316,	
OTROS 1 458 1 4314,	
Titular 1 458 1 5343,	
UNIDADES 1 458 1 4312,	
VOLUMEN 1 458 1 4309,	
PESO 1 458 1 4308,	
	Lote 1 458 1 4304,	
PRIMARIOS 1 458 1 4257,	
PEQUEÑOS 1 458 1 4255,	
INCLUIRSE 1 458 1 4253,	
16 1 458 1 4245,	
GENERALES 1 458 1 4233,	
Lote 1 458 1 4230,	
FABRICANTE 2 458 2 4229,4303,	
permanezca 1 458 1 4985,	
LOTE 2 458 2 4227,4301,	
NÚMERO 2 458 2 4225,4299,	
EU/1/00/154/001 1 458 1 4218,	
NOMBRE 1 458 1 4190,	
CORRESPONDA) 1 458 1 4180,	
CONTACTO 1 458 1 4174,	
ESTÉN 1 458 1 4172,	
MATERIALES 1 458 1 4170,	
UTILIZADO 1 458 1 4166,	
ELIMINACIÓN 1 458 1 4162,	
25ºC 1 458 1 4150,	
15ºC 1 458 1 4148,	
-10ºC 1 458 1 4136,	
	Conservar 1 458 1 4131,	
CONSERVACIÓN 2 458 2 4130,5156,	
	CAD 2 458 2 4125,4297,	
CADUCIDAD 2 458 2 4124,4296,	
NECESARIO 1 458 1 4120,	
ES 2 458 2 4119,4433,	
SI 1 458 1 4118,	
ESPECIALES 3 458 3 4117,4128,4160,	
OTRAS 1 458 1 4115,	
fuera 2 458 2 4104,5160,	
Reconstituir 1 458 1 4075,	
Agente 1 458 1 4069,	
ADMINISTRACIÓN 3 458 3 4068,4265,4281,	
VÍA(S) 2 458 2 4066,4263,	
ENVASE 1 458 1 4058,	
únicamente 1 458 1 4538,	
CONTENIDO 2 458 2 4056,4306,	
s 1 458 1 4051,	
estannoso 2 458 2 4041,5238,	
	-D-glucoheptonato 1 458 1 4037,	
EXCIPIENTES 1 458 1 4036,	
Cada 1 458 1 4023,	
ACTIVO(S) 1 458 1 4022,	
PRINCIPIO(S) 1 458 1 4021,	
Depreotida 3 458 3 4019,4026,4275,	
EMBALAJE 1 458 1 4004,	
QUE 4 458 4 3999,4098,4171,4251,	
PROSPECTO 2 458 2 3993,4330,	
III 1 458 1 3990,	
EFICAZ 1 458 1 3984,	
UTILIZACIÓN 1 458 1 3981,	
RELACIÓN 1 458 1 3978,	
EN 7 458 7 3977,4002,4173,4247,4254,4307,4311,	
resumen 1 458 1 3965,	
anexo 1 458 1 3963,	
(Véase 1 458 1 3962,	
restringida 1 458 1 3961,	
médica 2 458 2 3960,4240,	
prescripción 2 458 2 3959,4239,	
sujeto 2 458 2 3957,4237,	
Medicamento 2 458 2 3956,4236,	
AL 1 458 1 3950,	
IMPUESTAS 1 458 1 3949,	
RESTRICCIONES 2 458 2 3944,3976,	
O 4 458 4 3943,3975,4167,4310,	
· 13 458 13 3941,3973,4353,4363,4372,4631,4651,4658,4671,4682,4689,5217,5229,	
lotes 1 458 1 3924,	
responsable 2 458 2 3918,5363,	
fabricante 1 458 1 3917,	
dirección 1 458 1 3915,	
Nombre 1 458 1 3913,	
IMPORTACIÓN 1 458 1 3907,	
CONDICIONES 6 458 6 3894,3938,3942,3974,4127,4232,	
LOS 3 458 3 3891,3911,4169,	
LIBERACIÓN 2 458 2 3889,3909,	
FABRICACIÓN 2 458 2 3885,3903,	
europa 1 458 1 3877,	
http 1 458 1 3874,	
Medicamentos 1 458 1 3872,	
Agencia 1 458 1 3869,	
Vía 2 458 2 4086,4276,	
web 1 458 1 3866,	
pagina 1 458 1 3865,	
disponible 1 458 1 3862,	
90 1 458 1 3853,	
obtenerse 1 458 1 3847,	
satisfactoria 1 458 1 3844,	
B) 1 458 1 3840,	
+ 1 458 1 3839,	
partes 1 458 1 3827,	
Total 1 458 1 3824,	
Tras 1 458 1 4943,	
0) 1 458 1 3817,	
75-1 1 458 1 3816,	
DISPENSACIÓN 2 458 2 3946,4235,	
Radioactividad 2 458 2 3804,3823,	
edetato 3 458 3 3798,4043,5240,	
glucoheptonato 2 458 2 3796,5234,	
× 1 458 1 3787,	
100 3 458 3 3786,3820,3836,	
40) 1 458 1 3783,	
(Rf 2 458 2 3779,3814,	
dará 1 458 1 4600,	
SG 1 458 1 3777,	
acuosa 1 458 1 3774,	
Radiactividad 1 458 1 3766,	
= 4 458 4 3764,3785,3802,3819,	
no-movible 1 458 1 3761,	
Porcentaje 3 458 3 3758,3788,3833,	
sigue 1 458 1 3757,	
interpretar 1 458 1 3753,	
Contar 1 458 1 3741,	
(75% 1 458 1 3727,	
75 1 458 1 3726,	
(40% 1 458 1 3704,	
40 1 458 1 3703,	
Rf 2 458 2 3700,3723,	
realice 1 458 1 4963,	
cortar 2 458 2 3695,3718,	
describe 1 458 1 3690,	
Cortar 1 458 1 3685,	
seque 1 458 1 3677,	
Retirar 1 458 1 3667,	
mueva 1 458 1 3658,	
frente 3 458 3 3654,3713,3737,	
emea 1 458 1 3876,	
costado 1 458 1 3640,	
contacto 1 458 1 3637,	
estén 1 458 1 3635,	
lados 1 458 1 3631,	
cubeta 3 458 3 3625,3644,3672,	
lado 1 458 1 3622,	
apoye 1 458 1 3619,	
línea 1 458 1 3608,	
depósito 1 458 1 3603,	
respectivo 1 458 1 3598,	
segunda 1 458 1 3578,	
detrás 2 458 2 3559,3678,	
sequen 1 458 1 3543,	
	Prospectos 1 458 1 5386,	
hipodérmica 1 458 1 3536,	
origen 3 458 3 3528,3710,3734,	
microlitros) 1 458 1 3523,	
5-10 1 458 1 3522,	
gota 1 458 1 3520,	
Depositar 1 458 1 3518,	
lápiz 1 458 1 3506,	
Marcar 1 458 1 3499,	
solvente 6 458 6 3497,3573,3583,3595,3610,3656,	
afecte 1 458 1 4886,	
vapores 1 458 1 3495,	
equilibren 1 458 1 3493,	
profundidad 1 458 1 3482,	
separadas 1 458 1 3479,	
SCSS 5 458 5 3476,3586,3717,3813,3832,	
Verter 1 458 1 3471,	
diario 1 458 1 3468,	
MAM 5 458 5 3464,3473,3571,3694,3778,	
metanol 1 458 1 3454,	
Metanol/Acetato 1 458 1 3442,	
EXTERIOR 1 458 1 4005,	
caducidad 3 458 3 3441,5184,5195,	
mes 2 458 2 3433,3439,	
mezclar 1 458 1 3421,	
tapar 1 458 1 3405,	
aforado 1 458 1 3392,	
matraz 2 458 2 3391,3404,	
Amonio 2 458 2 3375,3461,	
Acetato 2 458 2 3373,3459,	
(MAM) 2 458 2 3372,3448,	
2) 2 458 2 3364,3972,	
inferior 3 458 3 3359,3514,3770,	
disolver 2 458 2 3355,3409,	
según 1 458 1 3341,	
Añadir 4 458 4 3333,3377,3396,3412,	
(La 1 458 1 3324,	
quede 2 458 2 3320,3604,	
Continuar 1 458 1 3317,	
MANTENERSE 1 458 1 4102,	
contenedor; 1 458 1 3298,	
periódicamente 1 458 1 3281,	
agitar 3 458 3 3280,3310,3407,	
sólido 6 458 6 3278,3291,3308,3323,3388,3411,	
destilada 4 458 4 3273,3336,3402,3414,	
mililitros 1 458 1 3270,	
cromatografía; 1 458 1 3266,	
desechar 1 458 1 4185,	
cámara 3 458 3 3264,3362,4584,	
Colocar 4 458 4 3554,3565,3576,3587,	
fondo 2 458 2 3261,3296,	
añadiendo 1 458 1 3252,	
prepararse 2 458 2 3251,3466,	
Saturada 1 458 1 3248,	
Sodio 1 458 1 3247,	
1) 1 458 1 3242,	
contador 1 458 1 3240,	
G 1 458 1 3237,	
21 2 458 2 3236,5361,	
(MAM)2 1 458 1 3219,	
(v/v) 2 458 2 3218,3371,	
1M 5 458 5 3215,3368,3376,3445,3462,	
amonio 5 458 5 3214,3367,3387,3428,3444,	
Metanol/acetato 2 458 2 3212,3365,	
gramos 2 458 2 3255,3383,	
abajo) 2 458 2 3210,3224,	
) 3 458 3 3209,3223,3363,	
(SCSS) 2 458 2 3204,3249,	
saturada 2 458 2 3203,3330,	
Solución 2 458 2 3199,3243,	
tapas 1 458 1 3198,	
cromatografía 2 458 2 3195,3649,	
cm) 1 458 1 3190,	
ITLC-SG 8 458 8 3185,3503,3568,3580,3693,3716,3812,3831,	
Gelman 2 458 2 3184,3502,	
tiras 4 458 4 3183,3501,3589,3687,	
Dos 2 458 2 3182,3192,	
cromatográficos 1 458 1 3177,	
depreotida) 1 458 1 4924,	
valoración 1 458 1 3165,	
Puede 3 458 3 3162,3250,4357,	
Control 1 458 1 3159,	
asépticos 1 458 1 3153,	
utilice 1 458 1 3151,	
cuidadosamente 2 458 2 3149,3450,	
siga 1 458 1 3146,	
bacteriostáticos 1 458 1 3140,	
conservantes 1 458 1 3139,	
biológica 1 458 1 3123,	
adversa 1 458 1 3113,	
bacteriostático 1 458 1 3103,	
diluyente 2 458 2 3086,3105,	
oxidantes 1 458 1 3071,	
agentes 1 458 1 3070,	
Una 2 458 2 3060,3227,	
adversamente 1 458 1 3054,	
afectar 2 458 2 3053,3110,	
oxidante 1 458 1 3041,	
Cualquier 2 458 2 3040,4980,	
(reducido) 1 458 1 3039,	
divalente 1 458 1 3038,	
lugar 1 458 1 3021,	
protección 2 458 2 3009,3681,	
mantenerse 2 458 2 3007,3293,	
radiactivo; 1 458 1 2990,	
ITLC 2 458 2 2969,3775,	
90% 1 458 1 2967,	
demostrando 1 458 1 2958,	
investigación 1 458 1 2957,	
radiofarmacéutico 1 458 1 4447,	
establecieron 1 458 1 2952,	
conforme 1 458 1 2922,	
calcula 1 458 1 2921,	
exceder 1 458 1 2906,	
diluido 1 458 1 2903,	
vez 1 458 1 2902,	
generador 1 458 1 2900,	
eluido 1 458 1 2898,	
concentración 1 458 1 2895,	
mililitro 1 458 1 2892,	
advertencia 1 458 1 2870,	
Notas 1 458 1 2868,	
utilizarlo 1 458 1 2858,	
extrañas 1 458 1 2841,	
clara 1 458 1 2836,	
segura 2 458 2 2823,5036,	
distancia 3 458 3 2822,3707,3730,	
permita 1 458 1 2814,	
decoloración 1 458 1 2801,	
partículas 2 458 2 2799,2840,	
ácido 2 458 2 4045,5243,	
buscando 1 458 1 2798,	
visualmente 2 458 2 2797,2816,	
inspeccionar 2 458 2 2796,2815,	
parenterales 1 458 1 2793,	
PRECAUCIONES 1 458 1 4159,	
adherirla 1 458 1 2786,	
etiqueta 3 458 3 2782,5171,5200,	
completar 1 458 1 2780,	
Medir 1 458 1 2776,	
impedir 1 458 1 2772,	
podría 3 458 3 2771,3052,3109,	
puesto 2 458 2 2768,4724,	
corriente 1 458 1 2767,	
enfriarse 1 458 1 2764,	
continuar 1 458 1 2759,	
ambiente 1 458 1 2756,	
minutos) 1 458 1 2753,	
(aproximadamente 3 458 3 2751,3521,4920,	
temperatura 2 458 2 2749,2755,	
enfríe 1 458 1 2747,	
condiciones 4 458 4 2741,4680,4701,5176,	
manteniendo 2 458 2 2729,3348,	
colocado 1 458 1 2722,	
reacción 2 458 2 2717,3016,	
transferir 1 458 1 2713,	
Seguidamente 1 458 1 2712,	
polvo 2 458 2 2710,5271,	
c 1 458 1 4050,	
disolución 1 458 1 2707,	
segundos 1 458 1 2703,	
suavemente 1 458 1 2700,	
Agitar 1 458 1 2699,	
eu/ 1 458 1 3878,	
normalizar 1 458 1 2693,	
igual 2 458 2 2686,5075,	
gas 1 458 1 2680,	
extraer 1 458 1 2676,	
retirar 1 458 1 2671,	
Antes 2 458 2 2669,4412,	
advertencias 1 458 1 2665,	
Un 1 458 1 4453,	
notas 1 458 1 2663,	
protegido 1 458 1 2658,	
ml) 1 458 1 2654,	
cantidad 2 458 2 2917,4485,	
convenientemente 1 458 1 2640,	
(diluido 1 458 1 2639,	
GBq 2 458 2 2630,2910,	
inyectar 1 458 1 2623,	
ejemplo 1 458 1 4474,	
blindada 1 458 1 2622,	
Utilizando 1 458 1 2619,	
desinfección 1 458 1 2617,	
alcohol 1 458 1 2615,	
torunda 1 458 1 2613,	
tapón 1 458 1 2608,	
blindado 2 458 2 2603,2789,	
contenedor 1 458 1 2602,	
colocarlo 1 458 1 2599,	
30 1 458 1 2596,	
alcance 3 458 3 2592,4106,5162,	
Dejar 3 458 3 2588,2742,3651,	
vertical 4 458 4 2577,2734,2850,3592,	
posición 4 458 4 2576,2733,2849,3591,	
plomado 2 458 2 2574,2828,	
protector 2 458 2 2571,2719,	
hirviendo 3 458 3 2567,2586,2728,	
agua 8 458 8 2566,2585,2727,2766,3272,3335,3401,3413,	
Preparar 1 458 1 2562,	
calibrado 1 458 1 2560,	
adecuadamente 2 458 2 2559,3422,	
inmediatamente 1 458 1 2549,	
medirse 1 458 1 2548,	
jeringas 1 458 1 2537,	
reconstituido 2 458 2 2532,2942,	
impermeables 1 458 1 2520,	
guantes 1 458 1 2519,	
principio 2 458 2 2511,5219,	
aséptica 1 458 1 2508,	
local 1 458 1 2504,	
Esto 1 458 1 4518,	
conformes 1 458 1 2500,	
residuos 2 458 2 2499,3302,	
radiactiva 3 458 3 2495,2896,5299,	
oportunas 1 458 1 2491,	
Deben 1 458 1 2486,	
gotas 2 458 2 2481,3541,	
(CUANDO 1 458 1 4179,	
procedente 1 458 1 2478,	
contaminación 2 458 2 2477,2494,	
riesgo 1 458 1 2466,	
supone 1 458 1 2464,	
CON 2 458 2 3979,4176,	
Instrucciones 1 458 1 2454,	
Eur) 1 458 1 2453,	
(Ph 1 458 1 2452,	
utiliza 3 458 3 2443,4410,4534,	
exigencias 1 458 1 2421,	
residuo 3 458 3 2414,3322,4187,	
eliminarse 1 458 1 2412,	
RADIOFARMACOS 1 458 1 2399,	
PREPARACION 1 458 1 2397,	
PARA 2 458 2 2395,4436,	
INSTRUCCIONES 2 458 2 2394,4242,	
permanece 1 458 1 2385,	
corto 1 458 1 2367,	
seis 1 458 1 2372,	
Debido 3 458 3 2365,4477,4997,	
(2 1 458 1 3186,	
740 2 458 2 2363,4929,	
correspondiente 1 458 1 2354,	
016 1 458 1 2352,	
dio 1 458 1 2347,	
1991) 1 458 1 2345,	
Press 1 458 1 2344,	
inyectado 2 458 2 4463,4958,	
(Pergamon 1 458 1 2343,	
60 2 458 2 2342,2387,	
publicación 1 458 1 2341,	
ICRP 1 458 1 2340,	
acuerdo 2 458 2 2338,2418,	
(DE) 1 458 1 2334,	
Med 1 458 1 2329,	
Nucl 1 458 1 2328,	
Soc 1 458 1 2327,	
rev 1 458 1 2326,	
Nº 1 458 1 2324,	
estéril 1 458 1 3134,	
Pamphlet 1 458 1 2323,	
MIRD 1 458 1 2321,	
estándar 1 458 1 2320,	
método 2 458 2 2319,4901,	
cálculos 1 458 1 2312,	
0038 1 458 1 2310,	
0042 1 458 1 2305,	
Ovarios 1 458 1 2303,	
superior 4 458 4 2300,3614,3662,3808,	
grueso 2 458 2 2299,2307,	
delgado 1 458 1 2295,	
Intestino 3 458 3 2294,2298,2306,	
0084 1 458 1 2293,	
Útero 1 458 1 2291,	
0089 1 458 1 2290,	
Etiquetar 1 458 1 3434,	
Vejiga 1 458 1 2287,	
010 1 458 1 2286,	
Páncreas 1 458 1 2284,	
012 1 458 1 2283,	
Glándulas 1 458 1 2280,	
014 2 458 2 2276,2279,	
cardíaca 1 458 1 2274,	
Pared 1 458 1 2273,	
015 1 458 1 2272,	
Superficie 1 458 1 2269,	
Hígado 1 458 1 2266,	
021 2 458 2 2265,2268,	
ósea 2 458 2 2263,2270,	
Médula 1 458 1 2262,	
024 1 458 1 2261,	
Tiroides 1 458 1 2259,	
Glándula 1 458 1 2258,	
031 1 458 1 2257,	
Testículos 1 458 1 2255,	
042 1 458 1 2254,	
Bazo 1 458 1 2252,	
090 1 458 1 2251,	
Riñones 1 458 1 2249,	
diana 1 458 1 2247,	
Órgano 1 458 1 2246,	
receta 1 458 1 4835,	
estimada 1 458 1 2245,	
urinaria 2 458 2 2235,2288,	
mGy/MBq 2 458 2 2226,2248,	
descendente 1 458 1 2224,	
orden 1 458 1 2223,	
enumerados 1 458 1 2218,	
continuación 3 458 3 2214,2661,3692,	
agente 2 458 2 2210,2539,	
kg) 1 458 1 2202,	
adulto 1 458 1 2199,	
individuales 1 458 1 2196,	
órganos 1 458 1 2195,	
Basado 1 458 1 2181,	
peso 1 458 1 2180,	
kg 1 458 1 2178,	
70 1 458 1 2177,	
individuo 1 458 1 2175,	
84 2 458 2 2171,2357,	
88 1 458 1 2168,	
típicamente 1 458 1 2165,	
efectiva 2 458 2 2155,2333,	
estable 1 458 1 2149,	
cuasi 1 458 1 2148,	
considerado 1 458 1 2147,	
tecnecio-99 1 458 1 2143,	
período 2 458 2 2136,2368,	
keV 1 458 1 2133,	
140 1 458 1 2132,	
energía 1 458 1 2130,	
gamma 1 458 1 2127,	
emisión 1 458 1 2124,	
UTILIZA 1 458 1 4439,	
isomérica 1 458 1 2122,	
desintegra 1 458 1 2119,	
tecnecio-(99mTc) 1 458 1 2117,	
DOSIMETRIA 1 458 1 2115,	
tira 14 458 14 3532,3552,3567,3579,3617,3634,3665,3669,3697,3720,3746,3773,3811,3830,	
REVISIÓN 1 458 1 2111,	
10 9 458 9 2107,2702,2737,3189,3269,3283,3313,3846,4158,	
2006 1 458 1 2106,	
01 1 458 1 2105,	
31 1 458 1 2104,	
ADVERTENCIAS 1 458 1 4116,	
11 5 458 5 2101,2114,2170,2356,4189,	
29 1 458 1 2100,	
AUTORIZACIÓN/RENOVACIÓN 1 458 1 2096,	
FECHA 4 458 4 2092,2108,4122,4294,	
EU/1/00/154/002 2 458 2 2090,4221,	
	EU/1/00/154/001 1 458 1 2089,	
NÚMEROS 2 458 2 2084,4213,	
FRANCIA 5 458 5 2082,3936,4211,5360,5380,	
USO 2 458 2 3948,4244,	
cedex 5 458 5 2081,3935,4210,5359,5379,	
Mantener 1 458 1 5159,	
manipulado 1 458 1 5025,	
YVETTE 5 458 5 2080,3934,4209,5358,5378,	
GIF 5 458 5 2078,3932,4207,5356,5376,	
91192 5 458 5 2077,3931,4206,5355,5375,	
32 5 458 5 2076,3930,4205,5354,5374,	
P 5 458 5 2075,3929,4204,5353,5373,	
calibrador 2 458 2 2556,3749,	
B 10 458 10 2074,3803,3818,3893,3928,3937,4203,4329,5352,5372,	
international 5 458 5 2073,3927,4202,5351,5371,	
bio 5 458 5 2072,3926,4201,5350,5370,	
	CIS 1 458 1 2071,	
COMERCIALIZACIÓN 5 458 5 2070,2088,3955,4199,4217,	
AUTORIZACIÓN 10 458 10 2068,2086,2099,3883,3896,3901,3940,3953,4197,4215,	
LA 11 458 11 2067,2094,2098,2110,2396,3882,3888,3900,3906,3980,4196,	
añadir 2 458 2 3267,3303,	
TITULAR 5 458 5 2065,3880,3898,3951,4194,	
tamaños 2 458 2 2052,5340,	
contenga 1 458 1 3069,	
comercialización 3 458 3 2048,5336,5348,	
Posible 2 458 2 2047,5335,	
suministra 1 458 1 2032,	
aluminio 1 458 1 2029,	
cápsulas 1 458 1 2027,	
sellan 1 458 1 2025,	
butilo 1 458 1 2022,	
goma 2 458 2 2020,2610,	
tapones 1 458 1 2018,	
cierran 1 458 1 2016,	
ml 6 458 6 2012,3231,3395,3399,3420,4326,	
tipo 1 458 1 2008,	
vidrio 1 458 1 2007,	
presenta 1 458 1 2003,	
recipiente 1 458 1 1999,	
Naturaleza 1 458 1 1995,	
radioactivos 1 458 1 1992,	
materiales 1 458 1 1991,	
nacional 1 458 1 1989,	
legislación 2 458 2 1988,2503,	
conformidad 1 458 1 1985,	
realizarse 3 458 3 1983,3163,4969,	
apropiado 1 458 1 1974,	
blindaje 3 458 3 1973,2522,3561,	
cinco 1 458 1 3254,	
utilizando 8 458 8 1972,2317,2554,2953,3173,3533,4494,4582,	
15 8 458 8 1967,2593,2752,2852,3285,3315,3398,4241,	
reconstituida 3 458 3 1957,2819,2847,	
debajo 2 458 2 1953,4139,	
­10 1 458 1 1949,	
congelador 2 458 2 1947,4134,	
Conservar 3 458 3 1944,1954,2843,	
conservación 2 458 2 1943,5207,	
ºC 8 458 8 1937,1950,1968,1971,2594,2597,2853,2856,	
adición 1 458 1 2996,	
25 3 458 3 1936,1970,2855,	
demostradas 1 458 1 1931,	
Equipo 3 458 3 3178,3239,4335,	
sido 1 458 1 1930,	
adquiridos 1 458 1 4833,	
estabilidad 1 458 1 1928,	
EL 3 458 3 4003,4099,4177,	
pureza 4 458 4 1924,2961,3115,3168,	
radiomarcado 4 458 4 1911,4565,4934,4956,	
meses 1 458 1 1904,	
validez 1 458 1 1902,	
Período 1 458 1 1900,	
separada 1 458 1 1897,	
cánula 1 458 1 1896,	
mezclarse 1 458 1 1888,	
incompatibilidad 1 458 1 1884,	
ausencia 1 458 1 1880,	
Incompatibilidades 1 458 1 1878,	
pH) 1 458 1 1875,	
(ajuste 1 458 1 1873,	
hidróxido 3 458 3 1871,4048,5246,	
clorhídrico 3 458 3 1869,4046,5244,	
Ácido 1 458 1 1868,	
disódico 3 458 3 1867,4044,5241,	
Edetato 1 458 1 1866,	
-D-glucoheptonato 1 458 1 1863,	
esencial) 1 458 1 1862,	
(excipiente 1 458 1 1861,	
50 3 458 3 1859,3394,3419,	
dihidrato 6 458 6 1858,1865,4039,4042,5236,5239,	
estaño 2 458 2 1857,3035,	
Cloruro 2 458 2 1855,3245,	
Lista 1 458 1 1852,	
	6 1 458 1 1850,	
FARMACÉUTICOS 1 458 1 1849,	
carcinogénico 1 458 1 1841,	
potencial 1 458 1 1840,	
evaluar 1 458 1 1838,	
llevado 1 458 1 1833,	
humanos 2 458 2 1829,2187,	
jeringa 3 458 3 2621,2673,3228,	
seres 2 458 2 1828,2186,	
relevantes 1 458 1 1822,	
consideraron 1 458 1 1821,	
tumor) 1 458 1 4476,	
tóxicos 1 458 1 1812,	
micronúcleos 1 458 1 1807,	
vivo 1 458 1 1802,	
clastogénico 1 458 1 1800,	
resultó 1 458 1 1799,	
ratón 2 458 2 1796,1809,	
linfoma 1 458 1 1794,	
Ames 1 458 1 1788,	
mutagénico 1 458 1 1782,	
preclínicos 1 458 1 1775,	
tamaño 1 458 1 5255,	
Datos 1 458 1 1774,	
plasmáticas 1 458 1 1765,	
proteínas 1 458 1 1764,	
14 2 458 2 3997,4231,	
mencionada 1 458 1 1754,	
decir 1 458 1 1737,	
(>90%) 1 458 1 1732,	
predominantemente 1 458 1 1731,	
naturalmente 1 458 1 4990,	
inyectada 1 458 1 1726,	
18% 1 458 1 1720,	
apareció 1 458 1 1714,	
subsiguiente 1 458 1 3346,	
orina 3 458 3 1707,1749,2483,	
abdomen 1 458 1 1704,	
radiactividad 12 458 12 1701,1725,1728,1746,2384,2778,2919,4487,4514,4747,4992,5010,	
localización 4 458 4 1697,4527,4551,4604,	
DEBE 3 458 3 4000,4101,4252,	
0050 2 458 2 2297,2302,	
mostró 1 458 1 1695,	
completo 2 458 2 1694,2943,	
procede 1 458 1 3988,	
cuerpo 5 458 5 1693,4472,4517,4988,5069,	
externa 2 458 2 1691,2473,	
TEXTO 1 458 1 2113,	
gammagrafía 1 458 1 1690,	
ml/min/kg 2 458 2 1680,1688,	
promedió 2 458 2 1676,1684,	
aclaramiento 2 458 2 1674,1682,	
entrenado 1 458 1 5030,	
l/kg 1 458 1 1672,	
(A 1 458 1 3838,	
estacionario 1 458 1 1666,	
volumen 4 458 4 1661,2678,2688,2872,	
terminal 1 458 1 1654,	
minutos 4 458 4 1649,2738,3286,3316,	
previsto 1 458 1 2925,	
distribución 4 458 4 1645,1663,3122,4511,	
adversos 5 458 5 4390,4423,5084,5133,5146,	
media 2 458 2 1643,1653,	
vida 2 458 2 1642,1652,	
farmacocinética 1 458 1 1638,	
características 2 458 2 1636,3968,	
marca 1 458 1 3417,	
confiere 1 458 1 1635,	
trazador 2 458 2 1634,3125,	
demostrado 1 458 1 1631,	
ambas 1 458 1 3826,	
farmacocinéticas 1 458 1 1624,	
Europa 1 458 1 1620,	
ampliamente 1 458 1 1617,	
PET 1 458 1 1613,	
especificidad 1 458 1 1608,	
sensibilidad 1 458 1 1606,	
obteniendo 1 458 1 1604,	
liberación 2 458 2 3921,5366,	
siguen 1 458 1 1603,	
obtenida 1 458 1 1598,	
Positrones) 1 458 1 1593,	
preparado 1 458 1 3172,	
Tomografía 1 458 1 1589,	
(Fluorodesoxiglucosa 1 458 1 1587,	
18FDG-PET 1 458 1 1586,	
partir 4 458 4 1584,2204,2939,3732,	
resultados 2 458 2 1575,3755,	
introducir 1 458 1 2569,	
dar 2 458 2 1574,4520,	
biopsias 1 458 1 1570,	
aprobado 1 458 1 5384,	
seguimiento 1 458 1 1565,	
final 2 458 2 2514,3014,	
hacerse 1 458 1 1563,	
debería 2 458 2 1562,4704,	
estandard 1 458 1 1555,	
patrón 1 458 1 1554,	
considera 2 458 2 1551,4882,	
toratocomía 1 458 1 1549,	
plomo 3 458 3 2721,3563,3683,	
notificados) 1 458 1 1547,	
5-8% 1 458 1 1543,	
través 1 458 1 2825,	
negativos 3 458 3 1538,1546,1578,	
falsos 3 458 3 1537,1545,1577,	
envase 4 458 4 2405,2812,5257,5318,	
porcentaje 1 458 1 1535,	
CIS 4 458 4 3925,4200,5349,5369,	
vista 3 458 3 1532,4110,5166,	
LOTES 2 458 2 3892,3912,	
abiertas 1 458 1 1530,	
toracotomías 1 458 1 1529,	
49 1 458 1 1526,	
fina 1 458 1 1521,	
Pulmones 1 458 1 2277,	
aguja 4 458 4 1520,3234,3535,3549,	
cubetas 4 458 4 3193,3478,3556,3647,	
fundamentalmente 1 458 1 1516,	
histológicas 1 458 1 1513,	
muestras 1 458 1 1512,	
embargo 5 458 5 1510,1611,2992,4749,4879,	
Sin 3 458 3 1509,1610,4878,	
limitados 1 458 1 4812,	
5-96 1 458 1 1490,	
66 1 458 1 1489,	
5% 2 458 2 1487,1499,	
87 2 458 2 1486,1498,	
Precauciones 2 458 2 1940,2057,	
cm 5 458 5 1479,1508,3187,3487,3510,	
iguales 2 458 2 1474,1503,	
lesiones 3 458 3 1473,1495,1502,	
8% 1 458 1 1471,	
81 1 458 1 1470,	
NPSs 1 458 1 1467,	
corporal 1 458 1 2750,	
7%) 2 458 2 1463,1491,	
63 1 458 1 1461,	
84% 1 458 1 1459,	
TC/radiografía 1 458 1 1454,	
malignidad 1 458 1 1443,	
reciente 1 458 1 1438,	
respectivamente 1 458 1 1433,	
61-78% 1 458 1 1432,	
establecimiento 1 458 1 5021,	
96-98% 1 458 1 1430,	
radiografía 1 458 1 1425,	
correspondientes 1 458 1 1420,	
valores 2 458 2 1411,2216,	
72% 1 458 1 1409,	
sur 5 458 5 2079,3933,4208,5357,5377,	
52- 1 458 1 1408,	
intervalo 1 458 1 1405,	
estuvo 1 458 1 1402,	
positivo 3 458 3 1401,1419,1449,	
rango 1 458 1 1395,	
50% 1 458 1 1391,	
30- 1 458 1 1390,	
adrenales 1 458 1 2281,	
enfermedad 3 458 3 1388,4687,4694,	
nuevamente 1 458 1 3311,	
prevalencia 3 458 3 1385,1397,1441,	
envases 4 458 4 2014,2034,2054,5342,	
90-96% 1 458 1 1382,	
TC 1 458 1 1373,	
asociado 3 458 3 1371,1423,1452,	
negativo 4 458 4 1367,1415,1483,1561,	
predictivo 6 458 6 1366,1400,1414,1418,1448,1482,	
pivotales 1 458 1 1363,	
ingesta 1 458 1 1356,	
normal 1 458 1 1353,	
fisiológica 1 458 1 1352,	
resto 1 458 1 4981,	
respuesta 1 458 1 1351,	
diferentes 1 458 1 1348,	
observaron 1 458 1 1346,	
(hipersensible) 1 458 1 4635,	
(TTG) 1 458 1 1343,	
	Mantener 1 458 1 4103,	
oral 2 458 2 1337,1357,	
test 4 458 4 1336,1787,1792,1805,	
sanos 3 458 3 1333,1629,1771,	
1976) 1 458 1 2330,	
voluntarios 3 458 3 1332,1628,1770,	
farmacodinámicos 1 458 1 1324,	
efectos 9 458 9 1323,1347,1811,1843,4389,4422,5083,5132,5145,	
estudiando 1 458 1 1321,	
hora/fecha 1 458 1 4327,	
estudio 2 458 2 1319,1436,	
desarolla 1 458 1 1296,	
humanas 1 458 1 1290,	
tumorales 1 458 1 1289,	
membranas 1 458 1 1288,	
e 3 458 3 1284,2568,3752,	
radiactivo 7 458 7 2416,2540,4188,4593,4650,5039,5284,	
Lewis 1 458 1 1283,	
ratas 1 458 1 1282,	
pancreáticos 1 458 1 1280,	
demostró 1 458 1 1275,	
SSTR 1 458 1 1273,	
unión 2 458 2 1269,1302,	
manipule 1 458 1 2529,	
hiper-expresados 1 458 1 1260,	
Qué 1 458 1 4403,	
Estos 1 458 1 1257,	
subtipo 1 458 1 1252,	
(SSTR) 1 458 1 1251,	
receptor 1 458 1 1248,	
afinidad 4 458 4 1246,1266,1299,1312,	
alta 3 458 3 1245,1298,1699,	
animales 2 458 2 1236,1818,	
vitro 3 458 3 1231,1286,1784,	
in 4 458 4 1230,1285,1783,1801,	
sintético 1 458 1 1220,	
protegen 1 458 1 5003,	
péptido 3 458 3 1219,1309,1330,	
basado 1 458 1 1215,	
tecnecio 6 458 6 1208,2375,2435,3790,4649,5283,	
detallada 1 458 1 3857,	
05 1 458 1 1201,	
A 6 458 6 1200,3765,3784,3879,3897,3995,	
V09I 1 458 1 1199,	
ATC 1 458 1 1198,	
Código 1 458 1 1197,	
Radiofármaco 1 458 1 1187,	
farmacoterapéutico 1 458 1 1186,	
Grupo 1 458 1 1185,	
farmacodinámicas 1 458 1 1184,	
conservar 1 458 1 4146,	
Propiedades 2 458 2 1183,1623,	
	5 1 458 1 1181,	
ESTE 1 458 1 1179,	
FARMACOLÓGICAS 1 458 1 1177,	
PROPIEDADES 1 458 1 1176,	
vitales 1 458 1 1174,	
funciones 1 458 1 1173,	
mantenimiento 2 458 2 1170,3033,	
dirigirse 1 458 1 1167,	
solvente) 2 458 2 3715,3739,	
sobredosis 3 458 3 1160,1165,5045,	
casos 1 458 1 1158,	
descrito 1 458 1 1157,	
Sobredosis 2 458 2 1153,5040,	
9 6 458 6 1152,2091,3379,3643,3740,4126,	
rojos 1 458 1 1146,	
scanner 1 458 1 4613,	
glóbulos 1 458 1 1145,	
disminución 1 458 1 1141,	
total; 1 458 1 1140,	
proteína 2 458 2 1139,1149,	
total 5 458 5 1137,1150,1675,2651,2779,	
LDH 1 458 1 1135,	
neutrófilos 1 458 1 1132,	
monocitos 1 458 1 1130,	
eosinófilos 1 458 1 1129,	
esté 2 458 2 4656,4850,	
AAF 3 458 3 1541,1560,1572,	
basófilos 1 458 1 1128,	
sangre 1 458 1 1127,	
leucocitos 1 458 1 1125,	
Mezclar 1 458 1 3449,	
recuento 2 458 2 1123,1143,	
laboratorio 2 458 2 1118,1238,	
2000 1 458 1 2102,	
observados 2 458 2 1113,1813,	
cambios 1 458 1 1112,	
clínicas 1 458 1 1110,	
asegurar 1 458 1 2705,	
circunstancias 1 458 1 1109,	
determinadas 1 458 1 1108,	
BRAILLE 1 458 1 4248,	
justificadas 1 458 1 1106,	
altas 2 458 2 1103,1609,	
mSv 3 458 3 1100,2172,2358,	
Utilizar 1 458 1 2505,	
20 2 458 2 1099,1657,	
ACONDICIONAMIENTOS 1 458 1 4256,	
efectiva) 1 458 1 1095,	
equivalente 1 458 1 1094,	
(dosis 1 458 1 1093,	
proporcionada 1 458 1 1092,	
utilizan 1 458 1 1083,	
pruebas 2 458 2 1079,4450,	
parte 11 458 11 1076,1743,3349,3358,3452,3457,3513,3613,3661,3769,3807,	
mayor 3 458 3 1075,1742,5108,	
administradas 1 458 1 1072,	
1-94 1 458 1 1462,	
bajas 1 458 1 1068,	
( 1 458 1 1542,	
dadas 1 458 1 1066,	
frecuencia 2 458 2 1065,5109,	
ocurrirán 1 458 1 1062,	
actual 1 458 1 1056,	
± 1 458 1 3380,	
fertilidad 1 458 1 1846,	
evidencia 1 458 1 1055,	
nuclear 2 458 2 1053,1087,	
diagnósticas 1 458 1 1050,	
relacionan 1 458 1 2212,	
investigaciones 1 458 1 1049,	
hereditarios 1 458 1 1044,	
defectos 1 458 1 1043,	
baño 3 458 3 2564,2583,2725,	
desarrollo 5 458 5 1041,3558,3575,3585,3597,	
posibilidad 2 458 2 1039,4847,	
cáncer 1 458 1 1036,	
reutilizarse 1 458 1 3332,	
inducción 1 458 1 1034,	
vinculada 1 458 1 1031,	
esperado 1 458 1 1023,	
resultado 1 458 1 1021,	
necesidad 1 458 1 1017,	
Incubar 1 458 1 2735,	
cuenta 3 458 3 1015,2489,4755,	
teniendo 1 458 1 1013,	
lograr 1 458 1 1011,	
aún 1 458 1 1616,	
pueda 1 458 1 1010,	
baja 1 458 1 1007,	
* 8 458 8 5111,5115,5117,5119,5121,5124,5126,5128,	
sea 2 458 2 1004,3342,	
resultante 2 458 2 1003,2156,	
administrada 3 458 3 994,2160,2543,	
amamantando 2 458 2 4662,4856,	
INFORMACIÓN 4 458 4 3998,4246,4249,5212,	
actividad 4 458 4 993,2159,2542,2625,	
viales 5 458 5 2005,2039,4062,4223,5327,	
beneficio 1 458 1 991,	
justificada 1 458 1 986,	
ionizante 2 458 2 983,1029,	
fatiga 2 458 2 974,5129,	
enrojecimiento 2 458 2 972,5127,	
mareos 1 458 1 971,	
abdominal 2 458 2 970,5123,	
diarrea 2 458 2 968,5120,	
vómitos 3 458 3 967,2484,5118,	
cabeza 2 458 2 965,5114,	
añadido 2 458 2 2691,2884,	
dolor 4 458 4 963,969,5112,5122,	
1%) 1 458 1 956,	
beneficios 1 458 1 4759,	
individual 1 458 1 2934,	
- 9 458 9 955,1969,2169,2595,2854,3776,3781,3837,4149,	
1% 2 458 2 954,2381,	
calculada 1 458 1 2336,	
(0 1 458 1 953,	
medicina 2 458 2 1052,1086,	
éstas 1 458 1 949,	
aparición 1 458 1 946,	
intensidad 2 458 2 943,5103,	
transitorias 2 458 2 940,5100,	
comunicadas 3 458 3 938,961,5098,	
mayoría 2 458 2 933,5093,	
adversas 4 458 4 931,937,1061,5097,	
Reacciones 1 458 1 930,	
8 9 458 9 929,2083,2167,2239,2629,2909,3032,3684,4121,	
máquinas 4 458 4 914,927,4864,4877,	
utilizar 9 458 9 913,926,2518,2830,3096,4093,4152,4876,4893,	
toque 1 458 1 3550,	
conducir 4 458 4 911,924,4874,4890,	
semidesintegración 2 458 2 2138,2370,	
capacidad 4 458 4 909,922,4872,4888,	
Efectos 1 458 1 906,	
DIRECCIÓN 1 458 1 4192,	
7 7 458 7 905,2064,2415,2842,3126,3666,4114,	
contraindicada 1 458 1 900,	
materna 1 458 1 895,	
leche 1 458 1 894,	
excretada 2 458 2 891,1747,	
desconoce 1 458 1 887,	
ETIQUETADO 2 458 2 3991,3996,	
Lactancia 1 458 1 885,	
ionizantes 1 458 1 884,	
radiaciones 1 458 1 883,	
impliquen 1 458 1 882,	
técnicas 2 458 2 878,1084,	
Deberá 3 458 3 873,1893,4839,	
//www 1 458 1 3875,	
demuestre 1 458 1 870,	
embarazada 3 458 3 866,4657,4852,	
considerarse 2 458 2 865,874,	
menstruación 1 458 1 863,	
retraso 1 458 1 860,	
presente 2 458 2 858,3042,	
mujer 1 458 1 856,	
posible 3 458 3 853,990,4654,	
indicios 1 458 1 850,	
buscarse 1 458 1 848,	
reproductora 1 458 1 846,	
radiactivos 1 458 1 841,	
administrar 1 458 1 839,	
Cuando 3 458 3 836,4560,5289,	
utilizarse 4 458 4 1894,1915,3084,3430,	
3) 1 458 1 835,	
embarazo 2 458 2 831,854,	
contraindicado 1 458 1 829,	
consecuencia 1 458 1 826,	
feto 1 458 1 824,	
recibidas 1 458 1 821,	
implican 1 458 1 817,	
bilirrubina 1 458 1 1136,	
embarazadas 1 458 1 815,	
alternativas 1 458 1 879,	
mujeres 2 458 2 814,843,	
cabo 2 458 2 812,1835,	
llevados 1 458 1 810,	
radionucleidos 1 458 1 809,	
procedimientos 3 458 3 807,3152,3176,	
interacciones 2 458 2 799,4807,	
razonablemente 1 458 1 1012,	
específicos 1 458 1 785,	
estudios 11 458 11 784,919,1234,1277,1362,1626,1816,1836,1882,2979,4869,	
han 7 458 7 782,917,1156,1630,1832,1929,4867,	
ADVERTENCIA 3 458 3 3544,3626,4095,	
interacción 2 458 2 779,787,	
formas 1 458 1 777,	
Interacción 1 458 1 770,	
5 28 458 28 769,1175,1256,1524,1621,1648,1669,1772,1918,1933,1964,1994,2011,2038,2775,2862,3031,3226,3486,3564,4061,4063,4155,4222,4305,4424,5155,5326,	
evitará 1 458 1 764,	
13 3 458 3 761,3994,4224,	
relacionadas 1 458 1 4681,	
múltiples 1 458 1 756,	
Tecnecio-99m 1 458 1 3763,	
eficacia 2 458 2 753,2948,	
reflejan 1 458 1 748,	
edad 3 458 3 741,845,4723,	
hay 3 458 3 734,793,3301,	
Materiales 1 458 1 3180,	
niños 4 458 4 727,4113,4717,5169,	
mellitus 1 458 1 718,	
diabetes 2 458 2 717,4676,	
administre 1 458 1 711,	
disuelto 1 458 1 5279,	
utilizada 1 458 1 3075,	
receptores 5 458 5 700,1225,1258,1304,1316,	
une 5 458 5 698,1223,1243,1758,4567,	
Puesto 1 458 1 692,	
glucosa 3 458 3 691,1342,1359,	
tolerancia 2 458 2 688,1339,	
afectan 1 458 1 685,	
somatostatina 5 458 5 683,702,1227,1250,1306,	
análogos 1 458 1 680,	
parámetros 1 458 1 1116,	
insulinomas 2 458 2 677,715,	
severa 1 458 1 673,	
hipoglucemia 1 458 1 672,	
MÉTODO 1 458 1 3469,	
producir 1 458 1 671,	
octreotido 1 458 1 669,	
acetato 3 458 3 667,3385,3426,	
terapia 1 458 1 665,	
primeras 2 458 2 658,4786,	
hospital 2 458 2 5017,5204,	
durante 12 458 12 656,901,1334,2386,2523,2701,2736,3154,3282,3312,3431,4784,	
frecuente 2 458 2 655,952,	
permitir 3 458 3 652,3538,4792,	
adecuada 2 458 2 650,3010,	
hidratación 1 458 1 649,	
recomendarse 1 458 1 647,	
vejiga 3 458 3 645,2234,4777,	
absorbida 3 458 3 642,2244,4774,	
adecuado 3 458 3 633,2604,3241,	
Tapar 1 458 1 3645,	
manejo 1 458 1 632,	
FIGURAR 1 458 1 4001,	
mediante 4 458 4 630,1517,1571,2120,	
precaución 2 458 2 620,706,	
contrario 1 458 1 872,	
tenerse 2 458 2 618,2487,	
distribuido 1 458 1 1618,	
También 1 458 1 616,	
personal 2 458 2 614,5029,	
radiación 16 458 16 612,629,641,820,982,1002,1028,1071,1091,1582,1977,2126,2191,2243,2472,4773,	
absorbidas 1 458 1 2192,	
minimizar 4 458 4 607,622,637,4769,	
medidas 1 458 1 602,	
manipulada 1 458 1 596,	
debe 13 458 13 594,864,984,995,1166,1887,1914,1982,2411,2888,2905,3006,3073,	
medicamentos 10 458 10 591,774,791,840,1892,2792,4800,4830,5079,5388,	
(GMP) 1 458 1 589,	
Fabricación 1 458 1 588,	
Correcta 1 458 1 587,	
Normas 1 458 1 585,	
requerimientos 1 458 1 582,	
49% 1 458 1 1445,	
cumpliendo 1 458 1 579,	
asépticas 1 458 1 577,	
tomarse 3 458 3 575,601,4499,	
Deberán 1 458 1 574,	
padre 1 458 1 1735,	
farmacéutica 1 458 1 573,	
calidad 3 458 3 572,3056,3161,	
(NPSs) 1 458 1 1379,	
radiológica 1 458 1 568,	
seguridad 5 458 5 567,604,750,1777,2945,	
requisitos 1 458 1 565,	
satisfagan 1 458 1 562,	
manera 1 458 1 560,	
usuario 4 458 4 557,2516,2784,3145,	
preparados 1 458 1 554,	
deben 2 458 2 552,847,	
radiofármacos 3 458 3 551,1981,2463,	
Los 15 458 15 550,744,806,1111,1228,1291,1410,1625,1810,2013,2215,2311,2791,4801,5230,	
aspiración 1 458 1 1518,	
locales 2 458 2 549,2422,	
competentes 1 458 1 548,	
oficiales 1 458 1 547,	
organismos 1 458 1 546,	
apropiadas 4 458 4 543,578,605,5179,	
realizado 3 458 3 783,918,4868,	
licencias 1 458 1 542,	
y/o 4 458 4 541,1870,4047,5245,	
normas 3 458 3 540,3148,5000,	
sujetos 1 458 1 537,	
están 3 458 3 536,758,2217,	
traslado 1 458 1 533,	
almacenamiento 3 458 3 531,1979,5178,	
recepción 1 458 1 530,	
Su 3 458 3 529,4572,5052,	
asistenciales 1 458 1 527,	
	Reconstituir 1 458 1 4282,	
centros 1 458 1 526,	
cualificadas 1 458 1 524,	
Cubrirlas 1 458 1 3488,	
sólo 2 458 2 521,757,	
utilizado 4 458 4 520,2410,4544,5014,	
radiofármaco 5 458 5 517,1212,3158,4454,5066,	
disminuida 1 458 1 515,	
hepática 2 458 2 514,4695,	
radioactividad 1 458 1 503,	
exposición 6 458 6 500,609,624,979,1025,4742,	
incremento 2 458 2 497,1120,	
probable 2 458 2 496,4883,	
excreción 1 458 1 494,	
menor 5 458 5 493,1097,1313,1595,1646,	
	Etiqueta 1 458 1 4315,	
función 3 458 3 488,513,988,	
insuficiencia 1 458 1 485,	
cuidado 4 458 4 481,508,598,4668,	
especial 4 458 4 480,507,4585,4667,	
Es 3 458 3 477,504,3141,	
disponibles 5 458 5 476,736,759,796,4803,	
fácilmente 1 458 1 475,	
deberán 3 458 3 473,600,2795,	
PRIMERA 1 458 1 2095,	
apropiados 1 458 1 472,	
esencial 2 458 2 466,3142,	
anafilaxis 1 458 1 464,	
tratamiento 4 458 4 461,468,1162,5050,	
reanimación 1 458 1 458,	
técnica 2 458 2 456,2507,	
práctica 1 458 1 453,	
familiaridad 1 458 1 450,	
anafilactoides 1 458 1 444,	
Europea 1 458 1 3870,	
anafilácticas 1 458 1 442,	
producirse 1 458 1 440,	
inyectables 1 458 1 438,	
farmacéuticas 1 458 1 437,	
vaciado 2 458 2 654,2231,	
especialidades 1 458 1 436,	
ocurre 1 458 1 432,	
Como 2 458 2 431,4417,	
paciente 4 458 4 430,626,977,2929,	
administrarse 1 458 1 427,	
deberá 11 458 11 426,617,646,704,2517,2547,2763,3292,3465,3845,4778,	
marcar 3 458 3 424,4077,4284,	
(EMEA) 1 458 1 3873,	
12) 1 458 1 418,	
apartado 4 458 4 417,833,3207,3221,	
(ver 4 458 4 416,832,3206,3220,	
Fabricante 1 458 1 5362,	
destinado 2 458 2 402,4906,	
contenido 5 458 5 398,420,1997,2983,3128,	
conteniendo 1 458 1 2040,	
especiales 4 458 4 394,1941,2058,4496,	
Advertencias 1 458 1 391,	
lactancia 4 458 4 388,804,903,4838,	
Embarazo 4 458 4 386,802,805,4836,	
NeoSpect 43 458 43 375,400,422,725,1370,1422,1451,1600,2030,2423,2987,3132,4266,4324,4332,4405,4415,4419,4427,4434,4443,4535,4536,4542,4627,4630,4646,4670,4715,4739,4885,4898,4904,4933,4955,4979,5011,5080,5158,5189,5210,5253,5268,	
excipientes 2 458 2 373,1854,	
hipersensibilidad 1 458 1 366,	
leve 2 458 2 944,5104,	
reacciones 6 458 6 364,441,936,958,1060,5096,	
Antecedentes 1 458 1 362,	
pulmones 1 458 1 4581,	
material 5 458 5 1913,2408,2954,3760,5038,	
Contraindicaciones 1 458 1 361,	
evitarse 1 458 1 355,	
Debe 2 458 2 354,3083,	
sola 1 458 1 352,	
indicado 1 458 1 349,	
está 14 458 14 348,401,828,899,1030,1615,1730,3027,3861,4661,4822,4855,4905,5309,	
transición 1 458 1 2121,	
repetida 4 458 4 345,358,743,767,	
presión 1 458 1 2695,	
Administración 2 458 2 344,742,	
Ver 3 458 3 340,2061,2659,	
ajustar 1 458 1 337,	
necesario 5 458 5 336,478,505,838,3343,	
renal 4 458 4 333,489,1683,4688,	
población 2 458 2 331,4735,	
Leer 1 458 1 4088,	
datos 9 458 9 326,735,745,795,1229,1292,2184,4730,4802,	
dispone 2 458 2 324,4728,	
debido 2 458 2 319,490,	
aparece 1 458 1 5197,	
años 4 458 4 318,731,4721,4912,	
18 6 458 6 317,730,1903,4331,4720,4911,	
indican 2 458 2 1239,1293,	
menores 5 458 5 315,728,1476,1505,4718,	
No 17 458 17 306,334,719,780,915,1154,1830,2829,3095,3537,3545,3627,3987,4628,4709,4865,5187,	
Niños 1 458 1 305,	
ajuste 2 458 2 301,5249,	
ningún 1 458 1 300,	
requiere 1 458 1 299,	
recomienda 3 458 3 308,721,4711,	
indica 2 458 2 295,1057,	
inyecciones 1 458 1 755,	
clínicos 3 458 3 294,746,2980,	
ensayos 1 458 1 293,	
basada 2 458 2 290,3028,	
Tenga 1 458 1 4666,	
ESPECIAL 1 458 1 4096,	
obtuvieron 1 458 1 1515,	
años) 1 458 1 287,	
(>65 1 458 1 286,	
ancianos 1 458 1 285,	
GOT 1 458 1 1134,	
tecnecio-99m 4 458 4 282,3793,3801,4932,	
MBq 6 458 6 280,2163,2364,2937,4325,4930,	
555-740 3 458 3 279,2162,2936,	
marcado 8 458 8 277,2534,2774,3081,3794,3799,4925,5281,	
vial) 1 458 1 276,	
(un 1 458 1 275,	
aproximadamente 7 458 7 270,1656,1685,3253,3268,3397,3484,	
recomendada 3 458 3 268,1328,4915,	
náuseas 2 458 2 966,5116,	
La 28 458 28 266,288,449,664,932,945,992,1024,1202,1265,1579,1689,1727,1741,2331,2460,2541,2894,2916,2944,3015,3423,3855,4607,4913,4966,5092,5170,	
adultos 1 458 1 265,	
Dosis 4 458 4 263,283,1101,2241,	
óptima 1 458 1 259,	
interpretación 1 458 1 258,	
GPT 1 458 1 1133,	
necesarias 1 458 1 255,	
son 6 458 6 254,1119,1259,4811,5110,5233,	
inyección 10 458 10 251,663,1713,1960,2207,2927,4790,4939,4977,5313,	
siguientes 5 458 5 248,1920,2864,3175,4157,	
asume 1 458 1 2229,	
horas 15 458 15 247,659,1658,1709,1919,1934,1965,2141,2240,2373,2388,2863,4156,4787,4973,	
obtenidas 1 458 1 241,	
Único) 1 458 1 240,	
desinfectar 1 458 1 2606,	
Fotón 1 458 1 239,	
Emisión 2 458 2 237,1591,	
realizados 1 458 1 2316,	
Computarizada 1 458 1 235,	
(Tomografía 1 458 1 234,	
SPECT 1 458 1 233,	
Las 3 458 3 231,957,5105,	
9% 3 458 3 227,2647,3093,	
0 30 458 30 226,1686,2250,2253,2256,2260,2264,2267,2271,2275,2278,2282,2285,2289,2292,2296,2301,2304,2309,2351,2380,2646,3092,3381,3485,3702,3725,3780,3782,3815,	
tri-compartimental 1 458 1 1639,	
sódico 10 458 10 225,1864,1872,2643,3091,3202,4038,4049,5235,5247,	
cloruro 14 458 14 224,2642,3090,3100,3201,3257,3275,3288,3305,3327,3338,3351,4040,5237,	
diluida 2 458 2 222,2876,	
conveniente 1 458 1 217,	
MÍNIMA 1 458 1 4250,	
obtener 3 458 3 213,1019,2931,	
añada 1 458 1 2913,	
dosis 22 458 22 211,267,304,339,353,639,818,1000,1069,1089,1327,1580,1723,2154,2189,2314,2332,2558,2933,3751,4771,4914,	
única 2 458 2 210,4940,	
cristal 1 458 1 2827,	
intravenosa 4 458 4 207,2208,4087,4277,	
vía 1 458 1 206,	
administra 2 458 2 204,4936,	
Tc-depreotida 5 458 5 202,347,593,1756,1779,	
99m 6 458 6 201,346,592,1755,1778,4322,	
99mTc- 2 458 2 199,1739,	
plasmática 1 458 1 1729,	
marcaje 5 458 5 188,2441,3018,4145,4945,	
reconstitución 5 458 5 186,1908,2439,4143,4321,	
Después 5 458 5 183,1905,2400,4140,4181,	
claro 1 458 1 3507,	
frecuentemente 1 458 1 960,	
eliminación 6 458 6 182,535,2060,2497,4795,5008,	
radioquímica 4 458 4 1925,2962,3116,3169,	
manipulación 3 458 3 180,5006,5035,	
considere 1 458 1 4762,	
instrucciones 1 458 1 177,	
dan 1 458 1 175,	
12 4 458 4 173,2063,2393,4212,	
99mTc-depreotida 16 458 16 253,312,415,827,889,898,1241,1271,1295,1885,2459,2950,3026,3525,3835,5306,	
En 12 458 12 170,825,1045,1317,1360,1392,1434,1531,1705,1879,3841,4399,	
radiosótopos 1 458 1 169,	
imágen 1 458 1 167,	
experiencia 2 458 2 162,289,	
(AAF) 1 458 1 1522,	
personas 4 458 4 160,523,2469,5089,	
autorizados 2 458 2 158,528,	
previo 1 458 1 2970,	
Nuclear 1 458 1 157,	
Medicinea 1 458 1 156,	
servicios 1 458 1 154,	
hospitalario 1 458 1 151,	
El 24 458 24 145,397,419,467,1161,1307,1480,1673,1681,1978,2000,2116,2515,2760,2871,2982,3127,3135,3287,3463,4586,4736,5218,5258,	
efecto 1 458 1 4376,	
x 2 458 2 3188,3821,	
administración 11 458 11 144,357,448,766,2361,2392,2461,2553,2805,2973,4903,	
forma 9 458 9 142,198,1734,1753,3112,3600,4393,5149,5305,	
Posología 2 458 2 140,4899,	
directamente 1 458 1 428,	
solitarios 2 458 2 137,1378,	
nódulos 2 458 2 135,1376,	
pacientes 13 458 13 133,314,483,510,675,713,762,1527,1558,1767,2546,2976,4908,	
tórax 4 458 4 131,1427,1456,4622,	
X 2 458 2 129,4620,	
------------------------------------------------------------------------------------------------ 1 458 1 3822,	
rayos 2 458 2 128,4619,	
equilibrio 1 458 1 2580,	
o 25 458 25 127,152,376,443,716,1475,1504,1842,1951,2474,2535,2837,3337,4137,4383,4618,4638,4647,4677,4819,4824,4853,4891,5018,5139,	
NO 1 458 1 4165,	
mSv/MBq 1 458 1 2353,	
(TC) 2 458 2 126,4617,	
Insuficiencia 1 458 1 332,	
computarizada 2 458 2 125,4616,	
p/v 3 458 3 228,2648,3094,	
tomografía 2 458 2 124,4615,	
escáner 1 458 1 122,	
combinación 1 458 1 120,	
inicial 1 458 1 118,	
detección 2 458 2 117,1194,	
después 8 458 8 114,445,660,1710,2389,2993,4974,5190,	
cámaras 1 458 1 4495,	
pulmón 2 458 2 113,4559,	
malignos 2 458 2 110,1264,	
tumores 4 458 4 109,1196,1263,1279,	
sospecha 2 458 2 107,5043,	
existe 2 458 2 106,4845,	
	1 1 458 1 4059,	
gammagráficas 2 458 2 104,4074,	
imágenes 4 458 4 103,232,4073,4547,	
diagnóstico 10 458 10 101,165,1022,1081,1189,1214,4071,4452,4456,4541,	
producto 14 458 14 96,146,709,2001,2152,3080,3970,4442,4446,4459,4767,5173,5186,5259,	
12% 1 458 1 1761,	
Este 4 458 4 95,516,4506,5381,	
terapéuticas 1 458 1 94,	
Indicaciones 1 458 1 93,	
/ 1 458 1 2103,	
	4 1 458 1 91,	
pulmonares 2 458 2 136,1377,	
CLÍNICOS 1 458 1 90,	
DATOS 2 458 2 89,1848,	
(MIRD 1 458 1 2322,	
4 29 458 29 88,138,246,342,343,359,389,390,768,800,834,904,928,1151,1217,1679,1708,1939,2238,2711,2981,3225,3553,3971,4052,4298,4420,4972,5070,	
blanco 1 458 1 84,	
Polvo 1 458 1 83,	
Sobre 1 458 1 1556,	
reactivo 1 458 1 79,	
% 1 458 1 3854,	
	Equipo 1 458 1 78,	
FARMACÉUTICA 2 458 2 77,4054,	
FORMA 4 458 4 76,4053,4064,4279,	
3 18 458 18 75,360,1254,1478,1507,1671,1687,1773,1899,2618,2956,3211,3378,3530,4033,4293,4416,4895,	
reactivo) 1 458 1 74,	
incluida 1 458 1 70,	
(no 1 458 1 69,	
tomado 1 458 1 4826,	
sodio 21 458 21 68,196,385,2451,2638,2881,3005,3051,3067,3102,3259,3277,3290,3307,3329,3340,3353,4085,4292,4954,5303,	
(99mTc) 17 458 17 66,194,383,1209,2376,2436,2449,2636,2879,3003,3049,3065,3791,4083,4290,4952,5301,	
pertecnetato 16 458 16 65,193,382,2448,2635,2690,2878,3002,3048,3064,3107,3792,4082,4289,4951,5300,	
precauciones 3 458 3 393,576,2492,	
inyectable 24 458 24 63,87,191,215,230,380,413,1204,2431,2446,2633,2645,2846,2883,3000,3046,3062,3088,3098,3171,4080,4287,4949,5274,	
(IC 2 458 2 1460,1488,	
solución 34 458 34 62,86,190,219,229,379,412,1203,1956,2430,2445,2632,2644,2685,2809,2818,2833,2845,2875,2882,2999,3045,3061,3087,3097,3325,3424,3436,4079,4286,4948,5273,5295,5308,	
reconstituirá 1 458 1 59,	
Se 3 458 3 58,763,886,	
6 18 458 18 56,801,1847,1876,1898,1938,1993,2055,2056,2140,2790,3082,3238,3650,4094,4313,4428,5211,	
sección 5 458 5 55,172,341,2062,3743,	
ver 1 458 1 54,	
completa 2 458 2 53,2708,	
lista 2 458 2 52,2221,	
Para 10 458 10 50,102,212,636,975,1073,2150,2437,4531,4768,	
trifluoroacetato 3 458 3 47,4030,5226,	
depreotida 16 458 16 45,49,200,274,368,695,1206,1740,2046,2433,4032,4637,5224,5228,5325,5334,	
contiene 8 458 8 41,2839,3138,4025,4482,5215,5321,5330,	
clínico 5 458 5 615,1320,1437,1566,1826,	
vial 25 458 25 40,2531,2573,2591,2657,2675,2698,2715,2731,2745,2761,2788,2887,2915,2941,2985,3130,3136,4024,4060,4220,4919,5293,5320,5329,	
	Cada 1 458 1 39,	
CUANTITATIVA 1 458 1 38,	
Y 10 458 10 37,3908,3947,3983,3992,4055,4065,4191,4262,4435,	
CUALITATIVA 1 458 1 36,	
COMPOSICIÓN 1 458 1 35,	
2 18 458 18 34,139,244,1253,1622,1677,1877,2587,2668,2893,3191,3222,3498,4020,4278,4411,4623,4970,	
radiofarmacéutica 6 458 6 33,82,4018,4274,4340,5267,	
preparación 16 458 16 32,81,409,2428,2457,2867,3013,3024,3059,3078,3156,3843,4017,4273,4339,5266,	
reactivos 5 458 5 30,4015,4271,4337,5264,	
DIRECTO 1 458 1 4175,	
equipo 6 458 6 28,73,471,4013,4269,5262,	
microgramos 12 458 12 27,43,272,1860,2044,4012,4028,4268,4922,5223,5323,5332,	
47 12 458 12 26,42,271,2043,4011,4027,4267,4333,4921,5222,5322,5331,	
medio 1 458 1 2200,	
	NeoSpect 2 458 2 25,4010,	
MEDICAMENTO 6 458 6 24,1180,3986,4009,4100,4261,	
requerida 1 458 1 2626,	
DENOMINACIÓN 3 458 3 22,4007,4259,	
LISTA 1 458 1 4034,	
SEGURA 1 458 1 3982,	
PRODUCTO 3 458 3 20,4164,4178,	
DEL 11 458 11 19,23,2112,3985,4008,4057,4163,4193,4228,4260,4302,	
grupo 3 458 3 329,739,4733,	
CARACTERÍSTICAS 1 458 1 18,	
LAS 1 458 1 17,	
DE 43 458 43 16,1178,2066,2069,2085,2087,2093,2097,2109,2398,3881,3884,3887,3890,3895,3899,3902,3905,3910,3939,3945,3952,3954,4035,4067,4097,4123,4129,4161,4168,4195,4198,4214,4216,4226,4234,4243,4264,4280,4295,4300,4625,5157,	
RESUMEN 1 458 1 15,	
(70 1 458 1 2201,	
I 3 458 3 14,2009,3964,	
ANEXO 2 458 2 13,3989,	
información 5 458 5 10,3856,4349,4523,4601,	
Toda 2 458 2 8,855,	
medicamento 4 458 4 7,12,3860,4352,	
sufran 1 458 1 5091,	
Basica 1 458 1 5,	
RESPONSABLE 2 458 2 3886,3904,	
	Información 1 458 1 4,	
VIAL 1 458 1 3,	
1 35 458 35 2,21,57,92,1182,1668,1717,1851,2036,2325,2561,2628,2653,2666,2885,2908,3181,3205,3208,3216,3217,3230,3369,3370,3382,3446,3447,3470,3509,4006,4219,4258,4402,4431,5319,	
prospecto 7 458 7 4090,4346,4356,4382,4401,5138,5382,	
47MCG 1 458 1 1,	
NEOSPECT 1 458 1 0,	
