	Prospectos 1 580 1 4208,	
" 1 580 1 4207,	
Mantener 1 580 1 4196,	
etiqueta 1 580 1 4191,	
fecha 1 580 1 4184,	
superada 1 580 1 4182,	
reabsorbe) 1 580 1 4130,	
(se 1 580 1 4129,	
residual 1 580 1 4121,	
retirar 1 580 1 4118,	
extremo 1 580 1 4107,	
sujetarla 1 580 1 4104,	
separa 1 580 1 4099,	
asegurarse 1 580 1 4081,	
lentamente 1 580 1 4079,	
presionar 1 580 1 4078,	
deje 1 580 1 4076,	
minutos) 1 580 1 4075,	
(3 1 580 1 4072,	
Pasado 1 580 1 4068,	
humedecido 1 580 1 4055,	
Coloque 1 580 1 4024,	
adherido 1 580 1 4011,	
quedar 1 580 1 4010,	
Humedezca 1 580 1 3994,	
aplicación) 1 580 1 3992,	
humedecer 1 580 1 3986,	
necesario 3 580 3 3985,4007,4117,	
(si 1 580 1 3971,	
colóquela 1 580 1 3965,	
extraiga 1 580 1 3955,	
quirúrgicamente 1 580 1 3947,	
abundantes 1 580 1 3943,	
hemorragias 1 580 1 3942,	
colocar 1 580 1 3935,	
Limpie 1 580 1 3926,	
grande 1 580 1 3924,	
darle 1 580 1 3919,	
adecuado 1 580 1 3917,	
recortar 1 580 1 3912,	
pequeñas 1 580 1 3909,	
necesitan 1 580 1 3895,	
quedando 1 580 1 3874,	
completamente 2 580 2 3871,3975,	
cubrir 1 580 1 3870,	
Observe 1 580 1 3865,	
depende 1 580 1 3859,	
necesita 1 580 1 3853,	
postesterilización) 1 580 1 3789,	
(no 1 580 1 3785,	
siguiente 1 580 1 3758,	
sector 1 580 1 3751,	
profesionales 1 580 1 3749,	
Esta 1 580 1 3741,	
------------------------------------------------------------------------------------------------------------------------------- 1 580 1 3740,	
aprobado 1 580 1 3737,	
070 1 580 1 3733,	
09 1 580 1 3732,	
521 1 580 1 3731,	
LT-01109 1 580 1 3727,	
UAB 1 580 1 3724,	
Lietuva 1 580 1 3722,	
0082 1 580 1 3721,	
784 1 580 1 3720,	
371 1 580 1 3719,	
19 1 580 1 3716,	
Riga 1 580 1 3715,	
LV-1013 1 580 1 3714,	
Duntes 1 580 1 3712,	
Kingdom 1 580 1 3708,	
United 1 580 1 3707,	
Latvija 2 580 2 3706,3710,	
Sverige 1 580 1 3693,	
746 1 580 1 3691,	
358 1 580 1 3689,	
persona 2 580 2 3793,3807,	
641601 1 580 1 3686,	
+39 1 580 1 3684,	
Helsinki 1 580 1 3682,	
FIN-00101 1 580 1 3681,	
I-20126 1 580 1 3679,	
1406 1 580 1 3678,	
Temolo 1 580 1 3673,	
Libero 1 580 1 3672,	
Ab 1 580 1 3670,	
Finland 1 580 1 3669,	
Leiras 1 580 1 3668,	
Oy 1 580 1 3667,	
l 1 580 1 3666,	
Suomi/Finland 1 580 1 3661,	
Italia 2 580 2 3660,3663,	
Sími 1 580 1 3653,	
2600 1 580 1 3652,	
421 1 580 1 3650,	
Danmörk 1 580 1 3647,	
Bratislava 1 580 1 3646,	
SK-821 1 580 1 3644,	
7B 1 580 1 3641,	
Plynárenská 1 580 1 3640,	
Slovenská 1 580 1 3631,	
110 1 580 1 3629,	
96 1 580 1 3628,	
23 1 580 1 3627,	
386 1 580 1 3625,	
0021 1 580 1 3622,	
642 1 580 1 3621,	
+353 1 580 1 3619,	
SI-1000 1 580 1 3616,	
IRL-Dublin 1 580 1 3614,	
ulica 1 580 1 3612,	
Dalmatinova 1 580 1 3611,	
Campus 1 580 1 3610,	
Business 1 580 1 3609,	
Citywest 1 580 1 3608,	
Ljubljana 2 580 2 3607,3617,	
Podruznica 1 580 1 3606,	
Castledrive 1 580 1 3605,	
Limited 1 580 1 3601,	
Products 1 580 1 3600,	
Slovenija 1 580 1 3598,	
Ireland 1 580 1 3597,	
40212123848 1 580 1 3596,	
85 1 580 1 3592,	
04 1 580 1 3591,	
42 1 580 1 3590,	
33 1 580 1 3588,	
Bucureti 1 580 1 3583,	
Suresnes 1 580 1 3582,	
F-92150 1 580 1 3581,	
Sect 1 580 1 3579,	
nr 1 580 1 3577,	
Vod 1 580 1 3576,	
Despot 1 580 1 3575,	
Strada 1 580 1 3574,	
Pages 1 580 1 3573,	
SAS 1 580 1 3568,	
România 2 580 2 3565,3570,	
France 2 580 2 3564,3567,	
00 1 580 1 3562,	
99 1 580 1 3561,	
714 1 580 1 3560,	
34 1 580 1 3558,	
Madrid 1 580 1 3553,	
E-28023 1 580 1 3552,	
20 2 580 2 3549,3690,	
Alsasua 1 580 1 3548,	
Calle 1 580 1 3547,	
Portugal 1 580 1 3541,	
9570 1 580 1 3539,	
672 1 580 1 3538,	
210 1 580 1 3537,	
30 1 580 1 3536,	
T 2 580 2 3534,3699,	
GR-152 1 580 1 3532,	
196 1 580 1 3531,	
z 1 580 1 3528,	
Sp 1 580 1 3527,	
S 3 580 3 3524,3544,3664,	
Polska 1 580 1 3521,	
569 1 580 1 3520,	
6112 1 580 1 3519,	
+372 1 580 1 3518,	
Tallinn 1 580 1 3516,	
EE-10127 1 580 1 3515,	
20T 1 580 1 3514,	
SEFA 1 580 1 3510,	
Österreich 1 580 1 3508,	
Eesti 1 580 1 3507,	
3030 1 580 1 3506,	
6676 1 580 1 3505,	
47 1 580 1 3504,	
7531-36660 1 580 1 3501,	
+49 1 580 1 3500,	
Gynj 1 580 1 3725,	
Asker 1 580 1 3498,	
N-1372 1 580 1 3497,	
Konstanz 1 580 1 3496,	
852 1 580 1 3494,	
Drammensveien 1 580 1 3493,	
Moltkestr 1 580 1 3491,	
AS 2 580 2 3490,3511,	
Norge 1 580 1 3484,	
Deutschland 2 580 2 3483,3486,	
8777 1 580 1 3482,	
(023) 1 580 1 3480,	
Tlf 3 580 3 3472,3502,3556,	
Hoofddorp 1 580 1 3471,	
NL-2130AA 1 580 1 3470,	
31 2 580 2 3467,3533,	
Postbus 1 580 1 3466,	
bv 1 580 1 3463,	
ApS 1 580 1 3461,	
Nederland 1 580 1 3458,	
Danmark 2 580 2 3457,3460,	
Id-Danimarka 1 580 1 3456,	
244 1 580 1 3455,	
044 1 580 1 3454,	
239 1 580 1 3453,	
+420 1 580 1 3452,	
Tel 11 580 11 3451,3479,3499,3517,3594,3618,3623,3648,3683,3717,3729,	
21 1 580 1 3446,	
142 1 580 1 3445,	
994 1 580 1 3442,	
Milano 1 580 1 3680,	
Novodvorská 1 580 1 3441,	
s 2 580 2 3437,3635,	
Malta 1 580 1 3435,	
republika 2 580 2 3434,3632,	
Ceská 1 580 1 3433,	
77 4 580 4 3430,3476,3657,3703,	
46 4 580 4 3429,3475,3656,3702,	
45 4 580 4 3428,3474,3655,3701,	
Te 1 580 1 3426,	
Budapest 1 580 1 3425,	
H-1146 1 580 1 3424,	
Roskilde 6 580 6 3423,3450,3469,3555,3643,3698,	
DK-4000 6 580 6 3422,3449,3468,3554,3642,3697,	
17 1 580 1 3421,	
út 1 580 1 3420,	
Hermina 1 580 1 3419,	
Kft 1 580 1 3416,	
Pharma 3 580 3 3415,3489,3543,	
Magyarország 1 580 1 3412,	
Belgique/Belgien 1 580 1 3411,	
464 1 580 1 3408,	
32 1 580 1 3406,	
+ 14 580 14 3405,3427,3473,3503,3535,3557,3587,3595,3624,3649,3654,3688,3700,3718,	
Tél/Tel 1 580 1 3404,	
020656-RO 1 580 1 3585,	
Brussels 2 580 2 3401,3403,	
B-1080 2 580 2 3400,3402,	
Gentsesteenweg 2 580 2 3394,3399,	
615 2 580 2 3393,3398,	
Gand 2 580 2 3392,3397,	
Chaussée 2 580 2 3390,3395,	
Belgium 2 580 2 3387,3389,	
Luxembourg/Luxemburg 1 580 1 3385,	
België/Belgique/Belgien 1 580 1 3384,	
titular 1 580 1 3378,	
dirigiéndose 1 580 1 3373,	
Ísland 1 580 1 3630,	
respecto 1 580 1 3369,	
fabricante 1 580 1 3354,	
32A 1 580 1 3578,	
autorización 2 580 2 3350,3381,	
países 1 580 1 3346,	
disponibles 1 580 1 3339,	
estén 2 580 2 3338,4019,	
Es 1 580 1 3334,	
3cm 2 580 2 3321,3330,	
disponible 1 580 1 3281,	
Aspecto 1 580 1 3253,	
e 1 580 1 3249,	
IU 1 580 1 3230,	
cm2) 2 580 2 3224,3233,	
5mg 1 580 1 3222,	
(5 1 580 1 3221,	
	"¿Que 1 580 1 3212,	
ADICIONAL 1 580 1 3211,	
almacenar 1 580 1 3206,	
requerirá 1 580 1 3205,	
comuníqueselo 1 580 1 3196,	
mencionados 1 580 1 3180,	
nota 1 580 1 3176,	
Usted 1 580 1 3166,	
podrían 1 580 1 3157,	
reiteradamente 1 580 1 3141,	
provocar 1 580 1 3112,	
basados 1 580 1 3106,	
Todos 1 580 1 3103,	
fabrica 1 580 1 3096,	
	Al 1 580 1 3076,	
ADVERSOS 1 580 1 3075,	
EFECTOS 1 580 1 3074,	
POSIBLES 1 580 1 3073,	
desaparecerá 1 580 1 3069,	
disolverá 1 580 1 3067,	
Seguidamente 1 580 1 3063,	
detener 1 580 1 3060,	
colocará 1 580 1 3053,	
50 1 580 1 3593,	
administrará 1 580 1 3046,	
tratando 1 580 1 3044,	
le 2 580 2 3042,3045,	
(2 1 580 1 3228,	
	El 1 580 1 3039,	
CÓMO 1 580 1 3036,	
registro 1 580 1 3030,	
mantener 2 580 2 3028,4061,	
finalidad 1 580 1 3026,	
recibir 1 580 1 3008,	
(como 1 580 1 2995,	
determinados 1 580 1 2991,	
padezcan 1 580 1 2990,	
esté 2 580 2 2986,3043,	
cuyo 1 580 1 2983,	
(VHC) 1 580 1 2939,	
hepatitis 3 580 3 2930,2937,2949,	
(VIH) 1 580 1 2926,	
tipos 2 580 2 2906,2992,	
inactivar 1 580 1 2855,	
procesamiento 1 580 1 2846,	
asimismo 1 580 1 2842,	
incluyen 1 580 1 2841,	
fabricantes 1 580 1 2835,	
indicios 1 580 1 2829,	
posibles 1 580 1 2828,	
donación 1 580 1 2819,	
pruebas 1 580 1 2816,	
realización 1 580 1 2814,	
+370 1 580 1 3730,	
portadores 1 580 1 2808,	
puedan 2 580 2 2806,2854,	
exclusión 1 580 1 2801,	
garantizar 1 580 1 2799,	
cuidadosa 1 580 1 2787,	
están 1 580 1 2784,	
dichas 1 580 1 2782,	
adoptan 1 580 1 2769,	
fabrican 1 580 1 2757,	
importante 2 580 2 2747,3774,	
receta 1 580 1 2745,	
adquiridos 1 580 1 2743,	
recientemente 1 580 1 2737,	
Informe 1 580 1 2727,	
Uso 1 580 1 2722,	
(hipersensible) 1 580 1 2705,	
r 3 580 3 3438,3636,3665,	
use 1 580 1 2700,	
USAR 2 580 2 2697,3037,	
ANTES 1 580 1 2695,	
internos 1 580 1 2693,	
órganos 1 580 1 2692,	
(hemostasia) 1 580 1 2690,	
parar 1 580 1 2686,	
desaparece 1 580 1 2671,	
disuelve 2 580 2 2666,4125,	
local) 1 580 1 2658,	
(hemostasia 1 580 1 2657,	
coagula 1 580 1 2656,	
adhiere 1 580 1 2647,	
significa 1 580 1 2642,	
forman 1 580 1 2636,	
activan 1 580 1 2634,	
salina) 1 580 1 2627,	
fluido 1 580 1 2619,	
entra 1 580 1 2614,	
amarilla 3 580 3 2587,2601,3270,	
TachoSil? 3 580 3 2584,2678,3214,	
actúa 1 580 1 2583,	
	¿Cómo 1 580 1 2582,	
UTILIZA 1 580 1 2581,	
SE 1 580 1 2580,	
QUÉ 2 580 2 2574,2579,	
adicional 1 580 1 2572,	
Conservación 2 580 2 2567,4168,	
Posibles 1 580 1 2563,	
Qué 1 580 1 2545,	
informe 1 580 1 2537,	
descritos 2 580 2 2533,3192,	
adversos 5 580 5 2532,2565,3086,3178,3191,	
efectos 5 580 5 2531,2564,3085,3177,3190,	
sufre 2 580 2 2527,3186,	
mencionado 1 580 1 2521,	
adverso 1 580 1 2519,	
aprecia 1 580 1 2516,	
médico 6 580 6 2513,2540,2730,3040,3052,3199,	
duda 1 580 1 2509,	
- 4 580 4 2505,2514,3232,3234,	
leerlo 1 580 1 2504,	
Puede 2 580 2 2499,3365,	
Conserve 1 580 1 2496,	
representante 1 580 1 3375,	
detenidamente 1 580 1 2495,	
Lea 2 580 2 2491,3756,	
	B 1 580 1 2485,	
Titular 1 580 1 3347,	
UNIDADES 1 580 1 2453,	
VOLUMEN 1 580 1 2450,	
PESO 1 580 1 2449,	
	Leer 1 580 1 2429,	
secundario) 1 580 1 2410,	
figura 1 580 1 4188,	
ALUMINIO 1 580 1 2408,	
(ininterrumpidas) 1 580 1 3944,	
BOLSA 1 580 1 2406,	
ETIQUETA 1 580 1 2403,	
PRIMARIOS 1 580 1 2402,	
ACONDICIONAMIENTOS 1 580 1 2401,	
PEQUEÑOS 1 580 1 2400,	
INCLUIRSE 1 580 1 2398,	
OTROS 2 580 2 2393,2484,	
	Lote 2 580 2 2391,2445,	
	NYCOMED 1 580 1 2380,	
	TachoSil 1 580 1 2370,	
primario) 1 580 1 2365,	
TIRAS 1 580 1 2363,	
Langebjerg 6 580 6 3417,3443,3464,3550,3638,3695,	
tomando 1 580 1 2733,	
BLÍSTERS 1 580 1 2361,	
INCLUIR 1 580 1 2359,	
MÍNIMA 2 580 2 2357,2395,	
BRAILLE 1 580 1 2355,	
16 3 580 3 2352,2884,3726,	
INSTRUCCIONES 2 580 2 2349,3753,	
15 2 580 2 2348,2487,	
GENERALES 1 580 1 2340,	
Lote 1 580 1 2337,	
LOTE 3 580 3 2336,2390,2444,	
13 1 580 1 2333,	
EU/1/04/277/004 1 580 1 2324,	
solicitar 1 580 1 3366,	
0cm 2 580 2 2320,2329,	
EU/1/04/277/003 1 580 1 2315,	
EU/1/04/277/002 1 580 1 2306,	
8cm 6 580 6 2305,2311,2314,3305,3312,3315,	
5cm 6 580 6 2302,2323,2332,3302,3324,3333,	
EU/1/04/277/001 1 580 1 2297,	
NÚMERO(S) 1 580 1 2292,	
D-78467 1 580 1 3495,	
12 1 580 1 2291,	
NYCOMED 1 580 1 2281,	
acuerdo 1 580 1 2265,	
establecerá 1 580 1 2263,	
materiales 1 580 1 2259,	
utilizados 2 580 2 2255,3034,	
Cod 1 580 1 3584,	
CORRESPONDA) 1 580 1 2248,	
(CUANDO 1 580 1 2247,	
DICHO 1 580 1 2245,	
MATERIALES 1 580 1 2240,	
UTILIZADO 1 580 1 2236,	
NO 1 580 1 2235,	
ELIMINACIÓN 1 580 1 2232,	
PARA 2 580 2 2230,2578,	
PRECAUCIONES 1 580 1 2228,	
	No 3 580 3 2220,2699,3204,	
CONSERVACIÓN 2 580 2 2219,3201,	
ESPECIALES 2 580 2 2217,2229,	
11 11 580 11 2214,2270,3410,3431,3432,3477,3478,3658,3659,3704,3705,	
{MM/AAAA} 4 580 4 2213,2386,2440,3739,	
CADUCIDAD 3 580 3 2211,2384,2438,	
volver 2 580 2 2205,2502,	
NECESARIO 1 580 1 2194,	
ES 2 580 2 2193,2575,	
SI 1 580 1 2192,	
ESPECIAL(ES) 1 580 1 2191,	
ADVERTENCIA(S) 1 580 1 2190,	
OTRA(S) 1 580 1 2189,	
niños 2 580 2 2187,4206,	
vista 2 580 2 2184,4203,	
alcance 2 580 2 2180,4199,	
fuera 3 580 3 2178,4006,4197,	
	Mantener 1 580 1 2177,	
MANTENERSE 1 580 1 2176,	
ESPECIAL 1 580 1 2170,	
prospecto 8 580 8 2164,2431,2494,2498,2524,2543,3183,3735,	
C 1 580 1 2938,	
ADMINISTRACIÓN 3 580 3 2158,2418,2428,	
VÍA(S) 2 580 2 2156,2416,	
ENVASE 1 580 1 2111,	
hidrocloruro 2 580 2 2102,3250,	
citrato 2 580 2 2100,3247,	
(E101) 1 580 1 2097,	
riboflavina 2 580 2 2096,3243,	
albúmina 2 580 2 2094,3241,	
	Colágeno 1 580 1 2092,	
EXCIPIENTES 1 580 1 2091,	
Praha 1 580 1 3447,	
CARTÓN 1 580 1 2065,	
determinadas 1 580 1 2770,	
CAJA 1 580 1 2063,	
caducidad 1 580 1 4186,	
EXTERIOR 1 580 1 2062,	
EMBALAJE 1 580 1 2061,	
EL 2 580 2 2060,2173,	
FIGURAR 1 580 1 2058,	
QUE 3 580 3 2056,2172,2396,	
INFORMACIÓN 4 580 4 2055,2353,2356,3210,	
PROSPECTO 2 580 2 2050,2486,	
ETIQUETADO 2 580 2 2048,2053,	
III 1 580 1 2047,	
designado 1 580 1 2042,	
estatal 1 580 1 2039,	
laboratorio 1 580 1 2038,	
realizada 1 580 1 2035,	
2001/83/EC 1 580 1 2027,	
Directiva 1 580 1 2026,	
114 1 580 1 2023,	
artículo 1 580 1 2022,	
conformidad 1 580 1 2019,	
oficial 2 580 2 2014,2030,	
sanitario 1 580 1 3752,	
Liberación 1 580 1 2013,	
OTRAS 1 580 1 2011,	
EFICAZ 1 580 1 2005,	
UTILIZACIÓN 1 580 1 2002,	
Instrucciones 1 580 1 3837,	
CON 1 580 1 2000,	
RELACIÓN 1 580 1 1999,	
EN 7 580 7 1998,2059,2354,2360,2399,2448,2452,	
2) 1 580 1 1993,	
Características 1 580 1 1988,	
Resumen 1 580 1 1985,	
Anexo 1 580 1 1983,	
(Véase 1 580 1 1982,	
restringida 1 580 1 1981,	
sujeto 2 580 2 1977,2344,	
Medicamento 2 580 2 1976,2343,	
AL 1 580 1 1969,	
IMPUESTAS 1 580 1 1968,	
USO 3 580 3 1967,2351,3755,	
DISPENSACIÓN 2 580 2 1965,2342,	
RESTRICCIONES 2 580 2 1963,1997,	
· 6 580 6 1960,1994,2010,3775,3790,3804,	
Nycomed 26 580 26 1943,3355,3386,3388,3413,3414,3436,3440,3459,3462,3485,3488,3509,3522,3526,3542,3546,3566,3569,3599,3602,3633,3634,3662,3694,3709,	
lotes 4 580 4 1942,2017,2033,3033,	
liberación 2 580 2 1939,2029,	
responsables 1 580 1 1936,	
Alemania 1 580 1 1927,	
Marburg/Lahn 1 580 1 1926,	
D-35002 1 580 1 1925,	
1230 1 580 1 1924,	
humedecida 2 580 2 3976,4093,	
Box 2 580 2 1923,3677,	
O 7 580 7 1922,1962,1996,2237,2362,2451,3676,	
P 2 580 2 1921,3675,	
Behring 1 580 1 1919,	
CSL 1 580 1 1918,	
activo(s) 1 580 1 1917,	
principio(s) 1 580 1 1915,	
fabricante(s) 2 580 2 1911,1935,	
los) 3 580 3 1910,1914,1934,	
social 2 580 2 1907,1931,	
razón 2 580 2 1906,1930,	
Nombre 2 580 2 1904,1928,	
BIOLÓGICO(S) 1 580 1 1888,	
PRINCIPIO(S) 2 580 2 1887,2074,	
CONDICIONES 7 580 7 1876,1954,1961,1995,2012,2216,2339,	
B 3 580 3 1875,1953,2931,	
LOTES 2 580 2 1874,1903,	
LOS 3 580 3 1873,1902,2239,	
LIBERACIÓN 2 580 2 1871,1900,	
RESPONSABLE(S) 2 580 2 1868,1897,	
FABRICACIÓN 2 580 2 1867,1896,	
será 2 580 2 2034,3984,	
TITULAR(ES) 2 580 2 1862,1891,	
ACTIVO(S) 3 580 3 1860,1889,2075,	
BIOLÓGICO 1 580 1 1858,	
(S) 2 580 2 1857,1859,	
PRINCIPIO 1 580 1 1856,	
LOS) 2 580 2 1855,1886,	
(DE 2 580 2 1854,1885,	
FABRICANTE(S) 2 580 2 1852,1883,	
II 1 580 1 1850,	
Sujete 1 580 1 4037,	
TEXTO 1 580 1 1847,	
REVISIÓN 1 580 1 1845,	
10 3 580 3 1841,2054,2227,	
2004 1 580 1 1840,	
esterilizar 1 580 1 2207,	
06 2 580 2 1839,3409,	
08 1 580 1 1838,	
AUTORIZACIÓN/RENOVACIÓN 1 580 1 1834,	
PRIMERA 1 580 1 1833,	
FECHA 5 580 5 1830,1842,2209,2382,2436,	
	EU/1/04/277/001-004 1 580 1 1828,	
NÚMERO 4 580 4 1823,2334,2388,2442,	
Linz 4 580 4 1820,1951,2289,3363,	
A-4020 4 580 4 1819,1950,2288,3362,	
25 4 580 4 1818,1949,2287,3361,	
Strasse 4 580 4 1817,1948,2286,3360,	
Peter 4 580 4 1816,1947,2285,3359,	
GmbH 7 580 7 1814,1920,1945,2283,3357,3487,3603,	
Austria 8 580 8 1813,1821,1944,1952,2282,2290,3356,3364,	
	Nycomed 1 580 1 1812,	
COMERCIALIZACIÓN 8 580 8 1811,1827,1881,1959,1975,2280,2296,2379,	
AUTORIZACIÓN 11 580 11 1809,1825,1837,1865,1879,1894,1957,1973,2278,2294,2377,	
abra 2 580 2 3798,3811,	
LA 16 580 16 1808,1832,1836,1844,1864,1870,1878,1893,1899,1956,1972,2001,2231,2277,2376,2405,	
debilitado 1 580 1 2987,	
TITULAR 4 580 4 1806,1970,2275,2374,	
locales 2 580 2 1804,2269,	
requerimientos 1 580 1 1803,	
desecho 2 580 2 1797,2261,	
utilizado 1 580 1 1792,	
ajustar 1 580 1 1783,	
recortarse 1 580 1 1781,	
superponerse 2 580 2 1777,3902,	
deberán 2 580 2 1776,3901,	
éstas 2 580 2 1775,3900,	
utilizan 1 580 1 1770,	
bordes 2 580 2 1759,3884,	
ó 2 580 2 1754,3879,	
dejando 1 580 1 1749,	
cubra 1 580 1 1745,	
ligeramente 1 580 1 1724,	
cuidadosamente 1 580 1 3927,	
presionando 1 580 1 1722,	
prehumedecimiento 1 580 1 1721,	
intensa 1 580 1 1716,	
alternativa 1 580 1 1708,	
fórceps 2 580 2 1705,4114,	
extremos 1 580 1 1698,	
sitio 2 580 2 1693,4066,	
mantenerse 1 580 1 1690,	
suelte 1 580 1 1688,	
evitar 2 580 2 1683,2773,	
guante 3 580 3 1676,4054,4090,	
separarse 1 580 1 1674,	
sujetar 1 580 1 1668,	
previamente 3 580 3 1655,3959,3995,	
humedeciendo 1 580 1 1654,	
intervenirse 1 580 1 3946,	
evitarse 1 580 1 1653,	
cubiertos 2 580 2 1648,4020,	
quirúrgicos 4 580 4 1645,1660,4000,4017,	
instrumentos 4 580 4 1644,1657,3997,4014,	
afinidad 1 580 1 1633,	
fuerte 1 580 1 1632,	
Debido 1 580 1 1629,	
húmeda 2 580 2 1628,4059,	
compresa 4 580 4 1627,1679,4058,4092,	
	CAD 3 580 3 2212,2385,2439,	
humedecidos 1 580 1 1623,	
guantes 5 580 5 1622,1647,1659,3999,4016,	
ayuda 3 580 3 1619,1702,4111,	
fácilmente 1 580 1 1607,	
procedimiento 1 580 1 1601,	
minutos 3 580 3 1599,1736,4051,	
periodo 2 580 2 1594,1730,	
ligera 1 580 1 1590,	
ejerciendo 2 580 2 1588,4040,	
hemorragia 4 580 4 1584,1715,2688,3062,	
aplica 2 580 2 1578,1617,	
justo 1 580 1 1565,	
humedecerse 1 580 1 1556,	
extraer 1 580 1 1549,	
Después 2 580 2 1547,1666,	
desinfectantes 1 580 1 1543,	
zona 1 580 1 1535,	
limpiarse 1 580 1 1533,	
Antes 2 580 2 1528,2554,	
condiciones 4 580 4 1526,3795,3809,3844,	
utiliza 5 580 5 1524,2552,2677,2681,3140,	
recubrimiento 3 580 3 1519,3800,3823,	
abrir 4 580 4 1517,3761,3821,3832,	
estéril 6 580 6 1504,1521,1554,3815,3836,3953,	
esterilizado 2 580 2 1500,1510,	
entorno 2 580 2 1498,1509,	
abrirse 2 580 2 1495,1506,	
postesterilización 1 580 1 1488,	
embalaje 7 580 7 1483,1553,3763,3813,3834,3951,4195,	
abierto 2 580 2 1481,3784,	
intactos 2 580 2 1478,3779,	
Utilice 5 580 5 1475,3816,3827,3838,4052,	
consecuencia 1 580 1 1474,	
manipularse 1 580 1 1472,	
estériles 6 580 6 1469,1527,3769,3797,3810,3845,	
embalajes 4 580 4 1468,1477,3768,3778,	
listo 1 580 1 1463,	
manipulaciones 1 580 1 1459,	
envases 2 580 2 1450,3289,	
tamaños 2 580 2 1448,3284,	
comercialización 3 580 3 1444,3352,3383,	
Posible 1 580 1 1443,	
Envase 8 580 8 1396,1408,1420,1431,3296,3306,3316,3325,	
Presentaciones 2 580 2 1395,3277,	
separado 1 580 1 1394,	
prescripción 2 580 2 1979,2346,	
envasada 1 580 1 1392,	
Cada 1 580 1 1389,	
desecante 1 580 1 1384,	
incluye 1 580 1 1381,	
laca 1 580 1 1379,	
laminado 1 580 1 1377,	
poliestireno 1 580 1 1373,	
blister 2 580 2 1371,1502,	
interior 6 580 6 1366,1503,1520,3814,3835,3952,	
(VHB) 1 580 1 2932,	
papel 2 580 2 1361,1376,	
cloruro 2 580 2 2098,3245,	
formado 2 580 2 1356,1368,	
exterior 5 580 5 1355,1388,1491,3801,3824,	
doble 1 580 1 1352,	
envase 5 580 5 1351,1354,1365,1387,3259,	
presenta 4 580 4 1348,1462,3287,3766,	
Averigüe 1 580 1 3846,	
recipiente 1 580 1 1345,	
contenido 2 580 2 1343,3257,	
Naturaleza 1 580 1 1341,	
25ºC 3 580 3 1338,2226,4177,	
superior 3 580 3 1336,2224,4175,	
tee 1 580 1 3513,	
temperatura 3 580 3 1335,2223,4174,	
conservación 1 580 1 1331,	
utilizarse 2 580 2 1323,1513,	
aluminio 6 580 6 1321,1363,1493,2201,3803,3826,	
bolsa 5 580 5 1319,1359,1383,1490,2199,	
abierta 2 580 2 1317,2197,	
Una 3 580 3 1315,1479,2195,	
años 1 580 1 1314,	
validez 1 580 1 1312,	
Incompatibilidades 1 580 1 1305,	
L-arginina 3 580 3 1302,2104,3252,	
Hidrocloruro 1 580 1 1300,	
Citrato 1 580 1 1298,	
sódico 6 580 6 1297,1299,2099,2101,3246,3248,	
Cloruro 1 580 1 1296,	
(E-101) 2 580 2 1295,3244,	
Riboflavina 1 580 1 1294,	
Albúmina 1 580 1 1292,	
28 1 580 1 3571,	
equino 3 580 3 1291,2093,3240,	
Colágeno 1 580 1 1290,	
FARMACÉUTICOS 1 580 1 1284,	
agudo 1 580 1 1281,	
tóxico 1 580 1 1280,	
síntoma 1 580 1 1277,	
ningún 2 580 2 1276,4119,	
mostrado 1 580 1 1275,	
especies 1 580 1 1271,	
distintas 1 580 1 1270,	
monodosis 1 580 1 1268,	
toxicidad 1 580 1 1266,	
preclínicos 1 580 1 1260,	
irritación 1 580 1 1255,	
señales 1 580 1 1253,	
restos 1 580 1 1251,	
Vilnius 1 580 1 3728,	
quedaban 1 580 1 1249,	
después 5 580 5 1244,1515,3819,3830,3970,	
semanas 1 580 1 1243,	
24 2 580 2 1242,3615,	
Aproximadamente 1 580 1 1241,	
14 1 580 1 2338,	
DEARIVADOS 1 580 1 2243,	
Periodo 1 580 1 1310,	
reabsorbible 1 580 1 1240,	
granulación 1 580 1 1239,	
tejido 3 580 3 1237,2652,2661,	
degradado 1 580 1 1235,	
fagocitosis 1 580 1 1229,	
fibrinolisis 1 580 1 1227,	
proceso 1 580 1 1225,	
través 1 580 1 1222,	
endógena 1 580 1 1220,	
hayan 1 580 1 3783,	
metabolizó 1 580 1 1212,	
Cómo 1 580 1 2559,	
progresivo 1 580 1 1206,	
biodegradación 1 580 1 1203,	
DEBE 3 580 3 2057,2175,2397,	
mostró 1 580 1 1201,	
hombre 1 580 1 1195,	
farmacocinéticos 1 580 1 1192,	
localmente 1 580 1 1176,	
aplicarse 4 580 4 1175,1564,1718,1741,	
farmacocinéticas 1 580 1 1171,	
aire 1 580 1 1167,	
fuga 1 580 1 1165,	
superioridad 1 580 1 1158,	
documentar 1 580 1 1156,	
podido 1 580 1 1155,	
pulmonar 1 580 1 1152,	
tejidos 1 580 1 1149,	
investigar 1 580 1 1145,	
189) 1 580 1 1143,	
= 1 580 1 1142,	
(n 1 580 1 1141,	
controlado 1 580 1 1140,	
clínico 1 580 1 1139,	
cuidado 1 580 1 1681,	
ensayo 1 580 1 1138,	
posterior 1 580 1 1137,	
Un 3 580 3 1136,1353,1364,	
superficial 1 580 1 1135,	
renal 1 580 1 1134,	
tumor 1 580 1 1133,	
hígado 1 580 1 1119,	
parcial 1 580 1 1117,	
resección 2 580 2 1116,1131,	
suave 1 580 1 4042,	
intervención 3 580 3 1114,1129,3050,	
sometieron 2 580 2 1111,1126,	
240 1 580 1 1107,	
sirve 1 580 1 1091,	
adhesivas 1 580 1 1086,	
buenas 1 580 1 1084,	
estable 1 580 1 1082,	
mecánicamente 1 580 1 1081,	
firme 1 580 1 1079,	
red 2 580 2 1078,2638,	
creándose 1 580 1 1076,	
XIII 1 580 1 1075,	
separación 2 580 2 1751,3876,	
endógeno 1 580 1 1074,	
""Nycomed"" 1 580 1 3723,	
factor 1 580 1 1073,	
cruzados 1 580 1 1070,	
eliminar 2 580 2 1800,2857,	
enlaces 1 580 1 1069,	
unida 1 580 1 1067,	
adherida 2 580 2 1057,4088,	
fuertemente 1 580 1 1056,	
mantiene 1 580 1 1051,	
coágulo 2 580 2 1047,1208,	
sólo 2 580 2 1173,1248,	
formar 1 580 1 1045,	
espontánea 1 580 1 1043,	
polimerizan 1 580 1 1040,	
monómeros 1 580 1 1035,	
convierte 1 580 1 1033,	
fisiológica 2 580 2 1026,1664,	
coagulación 1 580 1 1025,	
fase 1 580 1 1022,	
última 1 580 1 1021,	
reacción 1 580 1 1012,	
produce 1 580 1 1010,	
parcialmente 1 580 1 1000,	
esparcen 1 580 1 999,	
disuelven 1 580 1 996,	
fisiológica) 1 580 1 989,	
salina 5 580 5 988,1562,1665,3963,4004,	
solución 6 580 6 987,1561,1663,2626,3962,4003,	
linfa 2 580 2 984,2623,	
fisiológicos 1 580 1 980,	
colágeno 6 580 6 974,1055,1233,1635,3239,3265,	
superficie 7 580 7 969,1003,1060,1581,1610,2650,3929,	
seca 1 580 1 966,	
Pirita 1 580 1 3512,	
capa 2 580 2 965,994,	
B02BC30 1 580 1 956,	
ATC 1 580 1 955,	
código 1 580 1 954,	
Hemostático 1 580 1 952,	
St 4 580 4 1815,1946,2284,3358,	
farmacoterapéutico 1 580 1 951,	
Grupo 1 580 1 950,	
farmacodinámicas 1 580 1 949,	
conservar 3 580 3 1333,2221,4172,	
Propiedades 2 580 2 948,1170,	
FARMACOLÓGICAS 1 580 1 945,	
PROPIEDADES 1 580 1 944,	
sobredosis 1 580 1 942,	
descrito 1 580 1 939,	
Sobredosis 1 580 1 935,	
consulte 2 580 2 928,2510,	
antivírica 1 580 1 927,	
componentes 6 580 6 916,991,2719,2752,3151,3237,	
anticuerpos 2 580 2 913,3159,	
crearse 1 580 1 912,	
¿Para 1 580 1 2674,	
excepcional 1 580 1 910,	
Investigaciones 1 580 1 907,	
fiebre 2 580 2 906,3169,	
aparecer 1 580 1 905,	
Frecuentemente 1 580 1 903,	
lugar 1 580 1 899,	
alteraciones 1 580 1 896,	
generales 1 580 1 894,	
Trastornos 1 580 1 893,	
vasculares 1 580 1 879,	
componente 2 580 2 875,4120,	
hipersensibles 1 580 1 872,	
repetida 1 580 1 868,	
particularmente 1 580 1 860,	
darse 1 580 1 859,	
Dichas 1 580 1 856,	
anafilácticos 2 580 2 855,3128,	
derivar 2 580 2 852,3125,	
aislados 2 580 2 847,3120,	
selladores 2 580 2 842,919,	
tratados 1 580 1 840,	
alérgicas 5 580 5 837,850,3114,3123,3131,	
excepcionales 3 580 3 831,3117,3156,	
inmunitario 2 580 2 828,2985,	
Afecciones 2 580 2 825,878,	
sistema 3 580 3 824,827,2984,	
órgano 2 580 2 822,3058,	
clase 1 580 1 820,	
podrá 1 580 1 3167,	
enumeran 1 580 1 814,	
continuación 3 580 3 812,1008,1567,	
adversas 2 580 2 810,817,	
Reacciones 1 580 1 809,	
cuerpo 1 580 1 2669,	
procede 3 580 3 806,1307,2009,	
máquinas 1 580 1 804,	
capacidad 1 580 1 799,	
Efectos 1 580 1 796,	
necesidad 1 580 1 793,	
clara 1 580 1 792,	
02 2 580 2 3645,3685,	
exista 1 580 1 790,	
período 2 580 2 785,4046,	
administrarse 1 580 1 779,	
tomado 1 580 1 2736,	
consiguiente 2 580 2 776,1186,	
(acondicionamiento 2 580 2 2364,2409,	
Por 3 580 3 775,1185,2076,	
postnatal 1 580 1 774,	
perinatal 1 580 1 772,	
gestación 1 580 1 768,	
curso 1 580 1 765,	
feto 1 580 1 763,	
embrión 1 580 1 760,	
desarrollo 2 580 2 758,771,	
reproducción 1 580 1 756,	
concierne 1 580 1 753,	
España 1 580 1 3540,	
evaluar 1 580 1 747,	
son 3 580 3 744,3218,3238,	
drepanocítica 1 580 1 2998,	
animales 3 580 3 743,1199,1272,	
experimentales 1 580 1 741,	
Los 5 580 5 739,1263,2834,3215,3235,	
566 1 580 1 3481,	
embarazo 1 580 1 733,	
seguridad 4 580 4 725,749,926,1262,	
controlados 1 580 1 723,	
establecido 1 580 1 719,	
lactancia 3 580 3 715,737,787,	
Embarazo 1 580 1 713,	
aplicar 1 580 1 708,	
posible 5 580 5 705,1179,1486,3335,3787,	
medida 2 580 2 704,1163,	
mayor 1 580 1 703,	
sustancias 1 580 1 700,	
eliminarse 1 580 1 698,	
Debe 1 580 1 697,	
antisépticas) 1 580 1 696,	
pesados 1 580 1 692,	
metales 1 580 1 691,	
yodo 1 580 1 689,	
alcohol 1 580 1 688,	
contengan 1 580 1 687,	
contacto 3 580 3 683,976,2616,	
entrar 1 580 1 681,	
degradarse 1 580 1 679,	
Puh/Tel 1 580 1 3687,	
base 1 580 1 673,	
soluciones 3 580 3 671,685,695,	
similar 1 580 1 664,	
manera 6 580 6 663,909,1042,1216,1707,1743,	
2051 1 580 1 3604,	
transmitan 1 580 1 2776,	
De 3 580 3 662,908,1706,	
farmacológicas 1 580 1 661,	
interacciones 1 580 1 660,	
formales 1 580 1 658,	
estudios 6 580 6 657,740,1097,1191,1197,1264,	
realizado 3 580 3 656,1096,1190,	
ADVERTENCIA 1 580 1 2169,	
interacción 1 580 1 652,	
Producto 1 580 1 1990,	
formas 1 580 1 650,	
Interacción 1 580 1 643,	
Información 2 580 2 2571,2746,	
relación 2 580 2 634,4161,	
establecer 2 580 2 632,4159,	
lote 5 580 5 625,640,3021,4152,4167,	
nombre 3 580 3 620,3016,4147,	
registre 3 580 3 618,3011,4145,	
administre 2 580 2 612,4139,	
vez 6 580 6 609,1316,1480,2196,4136,4181,	
encarecidamente 3 580 3 606,3005,4133,	
Se 5 580 5 604,1094,1380,3003,4131,	
5000 1 580 1 3692,	
hemolítica) 2 580 2 603,3002,	
anemia 4 580 4 602,2994,2997,3001,	
(por 4 580 4 600,693,981,2620,	
eritropoyesis 1 580 1 599,	
aumento 1 580 1 596,	
inmunodeficiencia 2 580 2 594,2924,	
personas 4 580 4 592,2804,2982,3091,	
fetal) 2 580 2 589,2979,	
	INFORMACIÓN 1 580 1 2394,	
(infección 2 580 2 588,2978,	
embarazadas 3 580 3 587,782,2977,	
queda 3 580 3 1066,2662,4087,	
mujeres 3 580 3 586,781,2976,	
grave 4 580 4 584,2536,2974,3195,	
infección 3 580 3 578,2890,2968,	
B19 4 580 4 576,581,2966,2971,	
Hellas 1 580 1 3523,	
parvovirus 4 580 4 575,580,2965,2970,	
Estas 2 580 2 562,2952,	
VHA 1 580 1 561,	
así 3 580 3 554,2811,2940,	
VHC 1 580 1 553,	
VHB 1 580 1 550,	
VIH 1 580 1 548,	
envoltura 6 580 6 545,560,572,2918,2946,2962,	
efectivas 2 580 2 541,2914,	
consideran 2 580 2 540,2913,	
adoptadas 2 580 2 538,2911,	
Humedézcala 1 580 1 3958,	
patógenos 1 580 1 535,	
aparición 2 580 2 531,2901,	
reciente 2 580 2 530,2900,	
desconocidos 2 580 2 527,2897,	
aplicable 2 580 2 524,2894,	
Esto 4 580 4 521,1651,2641,2891,	
infecciosos 1 580 1 520,	
agentes 1 580 1 519,	
transmisión 2 580 2 517,2887,	
posibilidad 2 580 2 515,2885,	
excluir 2 580 2 511,2880,	
administrar 2 580 2 497,2866,	
pesar 2 580 2 492,2861,	
A 11 580 11 491,811,1007,1851,1882,2052,2358,2860,2950,3525,3545,	
virus 12 580 12 490,526,543,558,570,2831,2859,2896,2916,2921,2944,2960,	
eliminación 3 580 3 488,1456,2250,	
adherirse 1 580 1 1641,	
inactivación 1 580 1 486,	
efectivos 1 580 1 483,	
fabricación 1 580 1 482,	
pasos 2 580 2 480,2843,	
inclusión 1 580 1 478,	
marcadores 1 580 1 472,	
detectar 2 580 2 471,2827,	
médica 2 580 2 1980,2347,	
reservas 2 580 2 464,2823,	
(VHA) 1 580 1 2951,	
donaciones 1 580 1 459,	
examen 1 580 1 456,	
donantes 2 580 2 454,2790,	
selección 2 580 2 451,2786,	
encuentran 1 580 1 449,	
plasma 8 580 8 446,466,506,2766,2794,2825,2852,2875,	
sangre 17 580 17 444,504,983,1029,1542,1638,1650,2622,2654,2763,2792,2849,2873,3101,3109,3979,4022,	
partir 5 580 5 442,502,2760,2871,3098,	
preparados 1 580 1 440,	
medicamentos 8 580 8 439,647,2726,2740,2758,3081,3105,4210,	
derivadas 1 580 1 435,	
infecciones 6 580 6 434,475,2777,2810,2833,2908,	
prevenir 1 580 1 433,	
medidas 9 580 9 430,495,537,563,2771,2783,2864,2910,2953,	
Entre 2 580 2 428,2781,	
shocks 3 580 3 427,854,3127,	
vigentes 1 580 1 422,	
médicos 2 580 2 421,3747,	
hospital 1 580 1 3014,	
durante 6 580 6 731,1592,1728,2682,3048,4044,	
estándares 1 580 1 420,	
observarse 1 580 1 418,	
deben 2 580 2 417,3945,	
shock 1 580 1 416,	
inmediatamente 6 580 6 412,1325,1514,2203,3829,3969,	
NOMBRE 2 580 2 2271,2372,	
interrumpirse 1 580 1 409,	
Si 6 580 6 404,1768,2506,2515,3175,3893,	
conducir 1 580 1 801,	
anafilaxia 1 580 1 403,	
hipotensión 1 580 1 401,	
dificultosa 1 580 1 400,	
respiración 1 580 1 399,	
pecho 1 580 1 398,	
dichos 1 580 1 406,	
presión 4 580 4 395,1591,1615,4043,	
generalizada 1 580 1 394,	
urticaria 1 580 1 393,	
picores 1 580 1 392,	
síntomas 2 580 2 391,407,	
inicia 1 580 1 1019,	
siguientes 1 580 1 390,	
presentarse 1 580 1 387,	
Las 5 580 5 382,536,2909,3129,3941,	
permite 1 580 1 1602,	
alérgico 3 580 3 381,2704,3146,	
tipo 2 580 2 380,2838,	
hipersensibilidad 3 580 3 378,385,834,	
reacciones 9 580 9 376,383,816,836,849,857,3113,3122,3130,	
proteínicos 1 580 1 373,	
productos 4 580 4 372,667,2253,2840,	
igual 2 580 2 368,3077,	
Al 2 580 2 367,975,	
involuntariamente 2 580 2 363,889,	
aparecen 1 580 1 405,	
administra 3 580 3 362,865,888,	
preparado 5 580 5 360,500,863,886,2869,	
vida 1 580 1 357,	
riesgo 1 580 1 354,	
tromboembólicas 2 580 2 352,883,	
complicaciones 2 580 2 351,882,	
producirse 6 580 6 350,375,833,881,3134,3158,	
Pueden 2 580 2 349,880,	
gastrointestinales 1 580 1 348,	
anastomosis 1 580 1 347,	
vascular 1 580 1 344,	
Cuando 2 580 2 2611,2755,	
neurocirugía 1 580 1 341,	
anteriores 1 580 1 3132,	
producto 9 580 9 339,627,877,1790,3023,3208,3255,3279,4154,	
específicos 2 580 2 333,473,	
Leer 1 580 1 2162,	
datos 1 580 1 332,	
obtenido 1 580 1 331,	
intravascular 4 580 4 327,366,892,1184,	
Abra 1 580 1 3949,	
fibrina 8 580 8 844,921,1037,1049,1065,1210,1219,2640,	
utilizar 6 580 6 324,803,2167,2202,2434,3776,	
No 14 580 14 323,328,653,716,805,936,1177,1306,1332,2008,2204,4115,4171,4178,	
DESECHO 1 580 1 2242,	
especiales 3 580 3 313,1329,1454,	
precauciones 1 580 1 312,	
Advertencias 1 580 1 310,	
activos 4 580 4 300,2595,3163,3217,	
adhiera 1 580 1 1606,	
principios 4 580 4 299,2594,3162,3216,	
Hipersensibilidad 1 580 1 296,	
material 1 580 1 1795,	
Contraindicaciones 1 580 1 295,	
detalladas 1 580 1 292,	
instrucciones 1 580 1 290,	
Consulte 1 580 1 283,	
local 8 580 8 282,322,953,1256,2161,2424,2689,3376,	
CONTENIDO 2 580 2 2109,2447,	
únicamente 7 580 7 279,319,788,1476,3745,3777,3842,	
Este 4 580 4 276,316,1600,3734,	
vía 5 580 5 273,326,365,891,1183,	
Lista 1 580 1 1287,	
Método 1 580 1 271,	
cm) 1 580 1 270,	
o 45 580 45 263,301,445,487,505,528,595,690,761,783,835,869,985,1624,1646,1677,1772,1793,2040,2256,2525,2624,2713,2734,2764,2832,2850,2856,2874,2898,2902,2988,2999,3142,3184,3439,3529,3530,3637,3748,3897,3998,4015,4056,4091,	
recomienda 4 580 4 247,605,3004,4132,	
invasiva 1 580 1 245,	
minimamente 1 580 1 244,	
ejemplo 9 580 9 241,601,694,982,1540,1700,1710,2621,4109,	
185 1 580 1 1122,	
menor 2 580 2 238,253,	
propiedades 1 580 1 1085,	
heridas 2 580 2 236,3907,	
caso 4 580 4 234,414,1712,3905,	
DIRECCIÓN 1 580 1 2273,	
7 4 580 4 230,795,1805,2188,	
total 3 580 3 228,1105,3292,	
aplicado 1 580 1 226,	
casos 7 580 7 220,830,846,940,3116,3119,3155,	
informado 1 580 1 218,	
cm); 1 580 1 215,	
8 15 580 15 214,257,261,808,1406,1414,1418,1822,2122,2128,2132,2208,2462,2468,2472,	
Precauciones 2 580 2 1328,1453,	
cm 28 580 28 211,258,262,266,1403,1407,1415,1419,1426,1430,1437,1441,1756,2119,2123,2129,2133,2138,2142,2147,2151,2459,2463,2469,2473,2478,2482,3881,	
(de 5 580 5 208,255,1909,1913,1933,	
habitualmente 1 580 1 202,	
han 7 580 7 200,330,655,938,1095,1189,1274,	
individuales 2 580 2 199,460,	
carácter 1 580 1 1205,	
dosis 1 580 1 198,	
clínicos 3 580 3 196,722,1098,	
ensayos 2 580 2 195,721,	
En 10 580 10 194,232,413,829,845,1196,2541,3118,3154,3903,	
Tél 1 580 1 3586,	
responsable 1 580 1 193,	
dicha 1 580 1 993,	
cirujano 1 580 1 192,	
criterio 1 580 1 190,	
según 3 580 3 188,818,1801,	
adaptarse 1 580 1 184,	
aplicación 3 580 3 180,1247,1531,	
completo 4 580 4 513,2673,2882,3071,	
herida 17 580 17 178,1006,1063,1538,1613,1672,1727,1748,1762,3864,3873,3887,3932,3968,3973,4036,4102,	
Datos 1 580 1 1259,	
tamaño 8 580 8 175,239,254,1785,3848,3855,3861,3916,	
diferentes 1 580 1 3283,	
determinado 1 580 1 172,	
rue 1 580 1 3572,	
sellador 1 580 1 1093,	
vendrá 1 580 1 171,	
paciente 6 580 6 169,187,616,637,4143,4164,	
clínicas 1 580 1 167,	
necesidades 1 580 1 166,	
función 1 580 1 163,	
establecerse 1 580 1 160,	
debe 15 580 15 159,183,408,778,1174,1322,1471,1505,1512,1532,1555,1673,1740,1799,3869,	
utilice 1 580 1 158,	
esponjas 15 580 15 154,207,231,251,1411,1434,1774,2125,2144,2308,2326,3295,3309,3328,3899,	
número 4 580 4 152,623,3019,4150,	
pediátricos 1 580 1 150,	
pacientes 6 580 6 149,839,871,1108,1123,2780,	
documentado 1 580 1 147,	
suficientemente 1 580 1 146,	
Su 1 580 1 142,	
experiencia 1 580 1 141,	
cirujanos 1 580 1 139,	
limitado 3 580 3 136,568,2958,	
El 9 580 9 131,151,1030,1207,1501,1789,3051,3278,3854,	
efecto 5 580 5 567,1279,2045,2518,2957,	
x 22 580 22 212,259,267,1404,1416,1427,1438,2120,2130,2139,2148,2303,2312,2321,2330,2460,2470,2479,3303,3313,3322,3331,	
administración 6 580 6 129,275,411,902,1181,3172,	
forma 7 580 7 127,867,963,1788,2535,3194,3920,	
Posología 2 580 2 125,130,	
1) 1 580 1 122,	
apartado 1 580 1 120,	
Tachosil 1 580 1 2419,	
(ver 1 580 1 119,	
insuficientes 2 580 2 118,745,	
demuestran 2 580 2 116,1100,	
estándar 3 580 3 115,431,1162,	
técnicas 1 580 1 114,	
hemostasia 2 580 2 111,1102,	
sido 1 580 1 201,	
mejorar 1 580 1 109,	
cirugía 5 580 5 107,243,343,1151,2684,	
apoyo 1 580 1 105,	
tratamiento 3 580 3 103,425,1161,	
indicado 2 580 2 101,4071,	
terapéuticas 1 580 1 98,	
Indicaciones 1 580 1 97,	
	4 1 580 1 95,	
CLÍNICOS 1 580 1 94,	
DATOS 2 580 2 93,1283,	
fluidos 3 580 3 979,1546,3982,	
4 41 580 41 92,123,213,256,260,293,308,309,641,711,794,807,931,932,933,1327,1405,1413,1417,1992,2105,2121,2127,2131,2304,2310,2313,2387,2441,2461,2467,2471,2562,3072,3304,3311,3314,3448,3492,3674,4023,	
amarillo 3 580 3 91,1573,4030,	
2060 1 580 1 3651,	
trombina 9 580 9 87,675,961,1017,2598,2632,2711,3226,3275,	
fibrinógeno 9 580 9 85,959,1014,1031,2596,2629,2707,3219,3272,	
sujeta 1 580 1 1587,	
recubierta 2 580 2 83,3266,	
sellado 3 580 3 1147,1374,2663,	
está 9 580 9 82,100,135,145,1391,2732,3280,3743,3974,	
activa 4 580 4 77,1570,2610,4027,	
cara 7 580 7 76,1569,2586,2600,2609,3269,4026,	
(esterilizado) 1 580 1 1367,	
La 14 580 14 75,179,577,1064,1230,1489,1568,1614,1737,1778,2249,2585,2599,2967,	
hueso 1 580 1 74,	
presentaciones 1 580 1 3342,	
color 4 580 4 73,90,1572,4029,	
esponja 49 580 49 71,80,677,710,972,1053,1231,1390,1399,1423,1558,1576,1686,1738,1767,1779,2071,2115,2135,2299,2317,2420,2455,2465,2475,2489,2590,2604,2613,2645,3055,3065,3263,3299,3319,3840,3850,3858,3868,3892,3914,3937,3957,3988,4033,4039,4063,4085,4128,	
	Esponja 2 580 2 66,2112,	
FARMACÉUTICA 3 580 3 65,2107,2154,	
FORMA 4 580 4 64,2106,2153,2426,	
3 23 580 23 63,206,265,294,1258,1309,1313,1425,1436,1596,1733,2088,2137,2146,2319,2328,2381,2435,2477,2558,3035,3993,4048,	
6 18 580 18 61,286,287,712,1282,1285,1303,1308,1326,1339,1451,1452,1848,2168,2483,2570,3209,3713,	
sección 4 580 4 60,285,930,1991,	
ver 2 580 2 59,289,	
excipientes 3 580 3 58,306,1289,	
destinada 1 580 1 3744,	
completa 1 580 1 56,	
lista 1 580 1 55,	
Para 6 580 6 53,922,1682,2159,2422,4080,	
UI 2 580 2 52,2087,	
0 3 580 3 51,2086,3229,	
humana 12 580 12 49,738,1293,2084,2095,2712,2925,3102,3110,3227,3242,3276,	
u 1 580 1 669,	
Trombina 2 580 2 48,2083,	
Via 1 580 1 3671,	
mg 2 580 2 47,2082,	
5 37 580 37 45,46,121,210,269,642,943,946,1168,1257,1340,1402,1429,1433,1440,1442,1598,1735,2080,2081,2118,2141,2143,2150,2152,2325,2392,2446,2458,2481,2566,3200,3294,3327,4050,4067,4074,	
humano 9 580 9 44,447,507,2079,2708,2767,2876,3220,3273,	
Fibrinógeno 2 580 2 43,2078,	
cm2 2 580 2 42,2077,	
contiene 4 580 4 40,958,2592,3213,	
TachoSil 49 580 49 39,68,99,134,155,182,613,727,777,957,1172,1200,1324,1346,1460,1511,1522,1550,1604,1639,1669,1719,1739,2488,2547,2557,2561,2569,2591,2664,2679,2701,2721,2754,3009,3047,3082,3094,3138,3165,3174,3260,3764,3817,3828,3841,4008,4140,4170,	
cuantitativa 1 580 1 38,	
exigencias 1 580 1 2268,	
biológico(s) 1 580 1 1916,	
cualitativa 1 580 1 36,	
	Composición 1 580 1 35,	
CUANTITATIVA 1 580 1 34,	
Y 11 580 11 33,1861,1890,1966,2004,2049,2108,2155,2272,2415,2577,	
CUALITATIVA 1 580 1 32,	
COMPOSICIÓN 1 580 1 31,	
2 32 580 32 30,50,124,268,307,1169,1304,1410,1428,1439,1755,2073,2085,2124,2140,2149,2307,2322,2331,2371,2425,2480,2553,2694,3308,3323,3332,3407,3580,3613,3880,3948,	
medicamentosa 6 580 6 29,67,2072,2113,2421,2490,	
Esponja 1 580 1 28,	
	Tachosil 2 580 2 27,2070,	
MEDICAMENTO 6 580 6 26,2007,2069,2174,2369,2414,	
DENOMINACIÓN 4 580 4 24,2067,2367,2412,	
LISTA 1 580 1 2089,	
SEGURA 1 580 1 2003,	
PRODUCTO 3 580 3 22,2234,2246,	
DEL 13 580 13 21,25,1846,1853,1884,2006,2068,2110,2233,2274,2368,2373,2413,	
CARACTERÍSTICAS 1 580 1 20,	
LAS 1 580 1 19,	
DE 52 580 52 18,1807,1810,1824,1826,1831,1835,1843,1863,1866,1869,1872,1877,1880,1892,1895,1898,1901,1955,1958,1964,1971,1974,2064,2090,2157,2171,2210,2218,2238,2241,2244,2276,2279,2293,2295,2335,2341,2350,2375,2378,2383,2389,2404,2407,2417,2427,2437,2443,2696,3202,3754,	
RESUMEN 1 580 1 17,	
I 2 580 2 16,1984,	
ANEXO 3 580 3 15,1849,2046,	
información 4 580 4 12,923,3368,3742,	
Toda 1 580 1 10,	
91 1 580 1 3559,	
medicamento 8 580 8 9,14,277,317,499,2868,3153,3372,	
sufran 1 580 1 3093,	
Basica 1 580 1 7,	
	Información 1 580 1 6,	
Dinamarca 1 580 1 3563,	
semejantes 1 580 1 668,	
8CM 1 580 1 5,	
5X4 1 580 1 4,	
9 11 580 11 3,209,934,1401,1829,2051,2117,2215,2301,2457,3301,	
SIA 1 580 1 3711,	
ESPONJA 1 580 1 2,	
1 35 580 35 1,23,62,96,204,947,1286,1398,1422,1753,2066,2114,2134,2298,2316,2366,2411,2454,2464,2474,2544,2573,3298,3318,3418,3444,3465,3551,3589,3620,3626,3639,3696,3878,3925,	
TACHOSIL 5 580 5 0,2576,2698,3038,3203,	
