	Prospectos 1 109 1 9174,	
efe 1 109 1 9173,	
22 1 109 1 9150,	
«ECE» 1 109 1 5524,	
TEXTO 1 109 1 5456,	
REVISIÓN 1 109 1 5454,	
2007 1 109 1 5449,	
01 1 109 1 5448,	
16 1 109 1 5447,	
AUTORIZACIÓN/RENOVACIÓN 1 109 1 5443,	
PRIMERA 1 109 1 5442,	
FECHA 2 109 2 5439,5451,	
EU/1/06/371/034 1 109 1 5437,	
EU/1/06/371/027 1 109 1 5436,	
EU/1/06/371/026 1 109 1 5435,	
EU/1/06/371/007 1 109 1 5432,	
EU/1/06/371/006 1 109 1 5431,	
EU/1/06/371/004 1 109 1 5429,	
EU/1/06/371/003 1 109 1 5428,	
EU/1/06/371/002 1 109 1 5427,	
EU/1/06/371/001 1 109 1 5426,	
Reino 1 109 1 5418,	
5AB 1 109 1 5417,	
RH12 1 109 1 5416,	
Sussex 1 109 1 5415,	
Road 1 109 1 5412,	
Wimblehurst 1 109 1 5411,	
Limited 1 109 1 5410,	
	Novartis 1 109 1 5408,	
AUTORIZACIÓN 3 109 3 5405,5423,5446,	
LA 4 109 4 5404,5441,5445,5453,	
TITULAR 1 109 1 5402,	
manipulaciones 1 109 1 5398,	
tamaños 1 109 1 5387,	
comercializados 1 109 1 5385,	
(4x70) 1 109 1 5376,	
múltiples 1 109 1 5373,	
envases 2 109 2 5372,5389,	
unidosis 1 109 1 5346,	
precortado 1 109 1 5345,	
Blister 1 109 1 5344,	
280 3 109 3 5339,5366,5375,	
90 1 109 1 5336,	
56 2 109 2 5335,5363,	
Tamaños 2 109 2 5328,5360,	
blister 2 109 2 5318,5350,	
PVC/PVDC 2 109 2 5316,5348,	
envase 3 109 3 5313,5330,5362,	
contenido 1 109 1 5311,	
humedad 1 109 1 5306,	
protegerlo 1 109 1 5303,	
embalaje 1 109 1 5300,	
Conservar 1 109 1 5297,	
Precauciones 2 109 2 5286,5392,	
validez 1 109 1 5281,	
14 3 109 3 5323,5332,5355,	
Periodo 1 109 1 5279,	
Incompatibilidades 1 109 1 5274,	
4000 1 109 1 5270,	
Macrogol 1 109 1 5269,	
hierro 1 109 1 5267,	
óxido 1 109 1 5265,	
Amarillo 1 109 1 5264,	
(E171) 1 109 1 5263,	
titanio 1 109 1 5262,	
Dióxido 1 109 1 5260,	
Recubrimiento 1 109 1 5258,	
Estearato 1 109 1 5255,	
coloidal 1 109 1 5253,	
Sílice 1 109 1 5252,	
Tipo 1 109 1 5250,	
Crospovidona 1 109 1 5249,	
microcristalina 1 109 1 5248,	
Celulosa 1 109 1 5247,	
Núcleo 1 109 1 5244,	
	6 1 109 1 5239,	
FARMACÉUTICOS 1 109 1 5238,	
carcinogénesis 1 109 1 5235,	
clastogenicidad 1 109 1 5233,	
mutagenicidad 1 109 1 5232,	
separado 1 109 1 5227,	
nivel 1 109 1 5197,	
corporal) 1 109 1 5195,	
peso 1 109 1 5194,	
(reducción 1 109 1 5191,	
modestos 1 109 1 5187,	
12 2 109 2 5139,5170,	
patas 1 109 1 5133,	
falanges 1 109 1 5128,	
esternón 1 109 1 5126,	
uréteres 2 109 2 5122,5161,	
incidencias 1 109 1 5119,	
embrio-fetal 1 109 1 5114,	
desarrollo 2 109 2 5113,5206,	
hallaron 1 109 1 5087,	
arteriolar 1 109 1 5085,	
hipertrofia 1 109 1 5083,	
conservación 1 109 1 5289,	
instersticial 1 109 1 5081,	
linfocítica 1 109 1 5080,	
dilatación 1 109 1 5074,	
túbulo 1 109 1 5072,	
basofilia/hialinización 1 109 1 5070,	
encontraron 2 109 2 5062,5160,	
Naturaleza 1 109 1 5309,	
8-13 1 109 1 5042,	
5-11 2 109 2 5027,5098,	
(exposición 3 109 3 5025,5096,5169,	
También 2 109 2 5014,5158,	
machos 1 109 1 5013,	
hembras 1 109 1 5010,	
estomacal 1 109 1 5007,	
Lista 1 109 1 5241,	
mucosa 1 109 1 5006,	
erosión 1 109 1 5003,	
ulceración 1 109 1 5001,	
exposiciones 2 109 2 4996,5136,	
clínicas 3 109 3 4984,5050,5147,	
veces 7 109 7 4981,5029,5047,5100,5144,5171,5215,	
macho 1 109 1 4968,	
glandular 1 109 1 4965,	
estómago 1 109 1 4964,	
inflamación 2 109 2 4962,5079,	
histopatológicos 1 109 1 4960,	
signos 2 109 2 4959,5186,	
clínica 5 109 5 4947,5032,5103,5174,5218,	
relevancia 1 109 1 4946,	
2) 1 109 1 4934,	
peso) 1 109 1 4921,	
temperatura 1 109 1 5293,	
(comparados 1 109 1 4916,	
COMERCIALIZACIÓN 2 109 2 5407,5425,	
hallada 1 109 1 4912,	
valores 1 109 1 4904,	
40-60% 1 109 1 4882,	
correlación 1 109 1 4848,	
total 1 109 1 4842,	
espera 1 109 1 4828,	
afecta 1 109 1 4820,	
70% 1 109 1 4791,	
superior 2 109 2 4788,5294,	
medio 1 109 1 4784,	
sistémico 1 109 1 4783,	
(AUC) 1 109 1 4774,	
curva 1 109 1 4773,	
declinar 1 109 1 4765,	
tiende 1 109 1 4763,	
años) 1 109 1 4717,	
(menores 1 109 1 4714,	
pediátricos 1 109 1 4713,	
Poblaciones 1 109 1 4710,	
extensión 1 109 1 4689,	
6-8 1 109 1 4682,	
total) 1 109 1 4653,	
30% 2 109 2 4650,4838,	
dosis) 2 109 2 4609,4619,	
delanteras 1 109 1 5134,	
heces 1 109 1 4603,	
farmacológicamente 1 109 1 4594,	
10% 1 109 1 4586,	
bajas 1 109 1 4583,	
meses 1 109 1 5283,	
hidroxi 1 109 1 4579,	
identificado 1 109 1 4574,	
20% 1 109 1 4568,	
recupera 1 109 1 4561,	
transforma 1 109 1 4555,	
sérica 1 109 1 4550,	
albúmina 1 109 1 4549,	
dilatados 2 109 2 5123,5162,	
(94-97%) 1 109 1 4545,	
proporción 1 109 1 4540,	
elevada 1 109 1 4539,	
tejidos 1 109 1 4533,	
distribuye 1 109 1 4529,	
litros 1 109 1 4521,	
17 2 109 2 4520,6704,	
acompaña 1 109 1 4483,	
AUC 4 109 4 4480,4588,4782,4884,	
obstante 1 109 1 4476,	
30°C 1 109 1 5296,	
ayunas 1 109 1 4474,	
grupos 1 109 1 4464,	
dosificación 1 109 1 4454,	
(Cmax) 1 109 1 4438,	
40% 1 109 1 4432,	
AUC) 3 109 3 4426,4906,5222,	
(medida 2 109 2 4424,4901,	
t½ß 1 109 1 4415,	
h 2 109 2 4413,4450,	
<1 1 109 1 4412,	
(t½ 1 109 1 4411,	
multiexponencial 1 109 1 4410,	
cinética 1 109 1 4407,	
Horsham 1 109 1 5413,	
23% 1 109 1 4403,	
2-4 1 109 1 4395,	
excreta 1 109 1 4371,	
60% 1 109 1 4364,	
13% 1 109 1 4616,	
original 2 109 2 4361,5301,	
diez 1 109 1 4356,	
continua 1 109 1 4351,	
estacionario 2 109 2 4344,4513,	
50 1 109 1 4336,	
30 3 109 3 4334,5282,5334,	
semivida 3 109 3 4328,4655,4778,	
bifásica 1 109 1 4325,	
plasma 2 109 2 4323,4577,	
Excreción 2 109 2 4317,4596,	
inactivos 1 109 1 4316,	
metabolitos 3 109 3 4315,4367,4565,	
90%) 1 109 1 4310,	
unido 1 109 1 4297,	
fármaco 2 109 2 4294,4622,	
97 1 109 1 4291,	
vitro 1 109 1 4279,	
in 1 109 1 4278,	
21 1 109 1 4274,	
distribución 2 109 2 4271,4507,	
Distribución 2 109 2 4267,4503,	
ve 1 109 1 4260,	
biodisponiblidad 1 109 1 4255,	
80% 1 109 1 4253,	
64% 1 109 1 4250,	
calculado 1 109 1 4247,	
absoluta 2 109 2 4244,4400,	
biodisponibilidad 3 109 3 4243,4398,4699,	
6-12 1 109 1 4240,	
alcanzan 4 109 4 4237,4346,4392,4671,	
máximas 3 109 3 4233,4388,4741,	
Después 4 109 4 4219,4377,4624,4663,	
Absorción 2 109 2 4218,4376,	
lineal 1 109 1 4216,	
farmacocinética 2 109 2 4215,4815,	
muestran 1 109 1 4213,	
Linearidad 1 109 1 4209,	
farmacocinéticas 2 109 2 4208,4723,	
angiográficamente 1 109 1 4204,	
terminal 1 109 1 4331,	
documentada 1 109 1 4203,	
coronaria 1 109 1 4202,	
vasoespástica 1 109 1 4198,	
estable 1 109 1 4195,	
post 1 109 1 4180,	
respuesta 1 109 1 4156,	
raza 1 109 1 4151,	
sexo 2 109 2 4148,4919,	
inaceptable 1 109 1 4127,	
similar 3 109 3 4106,4140,4745,	
rápida 1 109 1 4080,	
mantuvo 1 109 1 4062,	
seguimiento 1 109 1 4053,	
lisinopril/hidroclorotiazida 1 109 1 4038,	
36/29 1 109 1 4027,	
redujo 1 109 1 4020,	
titulado 2 109 2 4015,4043,	
régimen 2 109 2 4008,4036,	
EU/1/06/371/005 1 109 1 5430,	
basal 1 109 1 4004,	
110 1 109 1 3994,	
130 1 109 1 3988,	
67% 1 109 1 3934,	
78% 1 109 1 3920,	
respectivamente 2 109 2 3864,4684,	
9/2 2 109 2 3861,3961,	
0/4 1 109 1 3856,	
sistólica/diastólica 2 109 2 3853,3958,	
produjo 2 109 2 3845,3950,	
adición 2 109 2 3837,3945,	
continuaron 2 109 2 3831,3939,	
53% 1 109 1 3826,	
mg/160 7 109 7 3808,3820,3928,4013,4018,5463,5578,	
75% 1 109 1 3800,	
ensayo) 2 109 2 3789,3909,	
<90 2 109 2 3784,3904,	
valle 2 109 2 3781,3901,	
(basada 1 109 1 5219,	
normalización 2 109 2 3773,3893,	
mostró 2 109 2 3771,3891,	
persistió 1 109 1 3754,	
sola 1 109 1 3749,	
dependiente 2 109 2 3738,9166,	
aditiva 2 109 2 3732,9160,	
excluidos 2 109 2 3721,9149,	
último 2 109 2 3717,9145,	
cerebrovascular 2 109 2 3714,9142,	
accidente 2 109 2 3713,9141,	
miocardio 3 109 3 3711,4183,9139,	
infarto 3 109 3 3709,4181,9137,	
controlada 2 109 2 3705,9133,	
pobremente 2 109 2 3704,9132,	
diabetes 2 109 2 3701,9129,	
tipo 4 109 4 3698,3702,9126,9130,	
­ 4 109 4 3695,3719,9123,9147,	
elevado 2 109 2 3694,9122,	
mmHg) 3 109 3 3688,4006,9116,	
<110 2 109 2 3687,9115,	
disminuyen 1 109 1 4421,	
95 2 109 2 3685,9113,	
(presión 5 109 5 3679,3778,3898,4002,9107,	
adultos 2 109 2 3669,9097,	
incluyeron 2 109 2 3668,9096,	
400 2 109 2 3652,9080,	
Más 2 109 2 3649,9077,	
Amlodipino/Valsartán 3 109 3 3648,4662,9076,	
acontecimientos 2 109 2 3645,9073,	
rebote 2 109 2 3642,9070,	
brusca 3 109 3 3632,4070,9060,	
mantiene 2 109 2 3625,9053,	
semanas 2 109 2 3622,9050,	
alcanzarse 2 109 2 3617,9045,	
repetidas 2 109 2 3605,9033,	
24 3 109 3 3595,3756,9023,	
alcanza 2 109 2 3585,9013,	
única 2 109 2 3566,8994,	
mayoría 2 109 2 3555,8983,	
afectar 2 109 2 3548,8976,	
disminución 3 109 3 3542,4868,8970,	
da 2 109 2 3538,8966,	
regulación 2 109 2 3528,8956,	
conocidos 2 109 2 3521,8949,	
hormonales 2 109 2 3517,8945,	
receptores 2 109 2 3516,8944,	
bloquea 2 109 2 3514,8942,	
05%) 2 109 2 3508,8936,	
68 2 109 2 3495,8923,	
tiazídico 2 109 2 3488,8916,	
diurético 2 109 2 3487,8915,	
19% 2 109 2 3481,8909,	
sujetos 2 109 2 3473,8901,	
5% 5 109 5 3470,3496,4292,8898,8924,	
19 3 109 3 3469,7619,8897,	
antecedentes 4 109 4 3455,3707,8883,9135,	
ensayo 7 109 7 3450,3475,3759,3879,3983,8878,8903,	
respectivamente) 2 109 2 3447,8875,	
9% 2 109 2 3446,8874,	
frente 2 109 2 3443,8871,	
(2 2 109 2 3441,8869,	
05) 2 109 2 3425,8853,	
<0 4 109 4 3424,3507,8852,8935,	
inferior 2 109 2 3422,8850,	
inhibidor 8 109 8 3411,3437,3464,3502,8839,8865,8892,8930,	
comparó 2 109 2 3407,8835,	
tos 8 109 8 3399,3418,3457,3490,8827,8846,8885,8918,	
sólo 1 109 1 4559,	
asocien 2 109 2 3396,8824,	
P 2 109 2 3384,8812,	
sustancia 2 109 2 3383,8811,	
h) 1 109 1 4418,	
potencia 2 109 2 3378,8806,	
Dado 2 109 2 3366,8794,	
bradiquinina 4 109 4 3365,3380,8793,8808,	
degrada 2 109 2 3363,8791,	
angiontensina 2 109 2 3360,8788,	
I 4 109 4 3358,3699,8786,9127,	
convierte 2 109 2 3355,8783,	
quininasa 2 109 2 3352,8780,	
conocida 2 109 2 3350,8778,	
veces) 2 109 2 3334,8762,	
62 1 109 1 4646,	
20 4 109 4 3332,4045,7950,8760,	
afinidad 2 109 2 3328,8756,	
agonista 2 109 2 3319,8747,	
contrarrestar 2 109 2 3308,8736,	
parece 2 109 2 3307,8735,	
bloquear 2 109 2 3304,8732,	
estimular 2 109 2 3298,8726,	
elevados 2 109 2 3285,8713,	
conocidas 2 109 2 3277,8705,	
responsable 2 109 2 3273,8701,	
AT1 10 109 10 3272,3294,3313,3324,3338,8700,8722,8741,8752,8766,	
subtipo 4 109 4 3271,3301,8699,8729,	
selectivamente 2 109 2 3267,8695,	
Actúa 2 109 2 3266,8694,	
específico 2 109 2 3261,8689,	
potente 2 109 2 3259,8687,	
electrocardiográficos 2 109 2 3247,8675,	
parámetros 2 109 2 3246,8674,	
observaron 6 109 6 3241,4958,5016,5118,5185,8669,	
angina 4 109 4 3238,4194,4197,8666,	
auriculoventricular 2 109 2 3214,8642,	
conducción 2 109 2 3213,8641,	
sinoauricular 2 109 2 3210,8638,	
nódulo 2 109 2 3209,8637,	
modifica 2 109 2 3205,8633,	
intactos 4 109 4 3190,3217,8618,8645,	
influyeron 1 109 1 4153,	
rango 4 109 4 3184,3742,8612,9170,	
administró 6 109 6 3181,3197,3228,8609,8625,8656,	
negativo 2 109 2 3178,8606,	
inotrópico 2 109 2 3177,8605,	
asociado 5 109 5 3173,3638,4076,8601,9066,	
hemodinámicos 2 109 2 3168,8596,	
izquierdo 2 109 2 3162,8590,	
ventrículo 2 109 2 3161,8589,	
final 4 109 4 3158,3787,3907,8586,	
diastólica 7 109 7 3157,3681,3780,3900,3993,8585,9109,	
sedestación 5 109 5 3684,3783,3903,4025,9112,	
dP/dt 2 109 2 3152,8580,	
influencia 2 109 2 3148,8576,	
índice 2 109 2 3145,8573,	
demostrado 2 109 2 3139,8567,	
ventricular 2 109 2 3133,8561,	
marcha) 2 109 2 3127,8555,	
ejercicio 2 109 2 3125,8553,	
reposo 2 109 2 3121,8549,	
Unido 1 109 1 5419,	
mediciones 2 109 2 3114,8542,	
igual 2 109 2 3103,8531,	
proteinuria 2 109 2 3101,8529,	
modificar 2 109 2 3094,8522,	
plasmático 4 109 4 3090,4631,4841,8518,	
flujo 2 109 2 3089,8517,	
glomerular 2 109 2 3086,8514,	
filtración 4 109 4 3085,3098,8513,8526,	
tasa 5 109 5 3083,3096,4686,8511,8524,	
descenso 2 109 2 3071,8499,	
dieron 2 109 2 3067,8495,	
normal 4 109 4 3061,3134,8489,8562,	
hipertensos 6 109 6 3056,3654,3990,4288,8484,9082,	
jóvenes 4 109 4 3049,4749,4802,8477,	
correlacionan 2 109 2 3042,8470,	
catecolamina 2 109 2 3036,8464,	
crónico 2 109 2 3022,8450,	
acompañan 2 109 2 3018,8446,	
arteriales 2 109 2 3004,8432,	
(o 2 109 2 3126,8554,	
presiones 2 109 2 3003,8431,	
resultando 2 109 2 2997,8425,	
Tras 2 109 2 2983,8411,	
células 2 109 2 2976,8404,	
interior 2 109 2 2973,8401,	
movimiento 2 109 2 2964,8392,	
son 4 109 4 2961,4460,4695,8389,	
contracción 2 109 2 2952,8380,	
procesos 2 109 2 2950,8378,	
unión 2 109 2 2942,8370,	
une 5 109 5 2937,3512,4536,8365,8940,	
sugieren 2 109 2 2933,8361,	
experimentales 2 109 2 2932,8360,	
resistencia 4 109 4 2922,3074,8350,8502,	
reducciones 4 109 4 2919,3011,8347,8439,	
causando 3 109 3 2918,4766,8346,	
relajante 2 109 2 2911,8339,	
inactivo 1 109 1 4595,	
antihipertensiva 4 109 4 2904,3571,8332,8999,	
acción 2 109 2 2903,8331,	
mecanismo 2 109 2 2900,8328,	
liso 6 109 6 2897,2916,2959,8325,8344,8387,	
98 2 109 2 5337,5364,	
cardiaco 6 109 6 2895,2955,3146,8323,8383,8574,	
músculo 8 109 8 2894,2915,2954,2958,8322,8343,8382,8386,	
iones 4 109 4 2889,2967,8317,8395,	
entrada 2 109 2 2885,8313,	
componente 2 109 2 2879,8307,	
grado 2 109 2 2869,8297,	
aditivo 2 109 2 2862,8290,	
pertenece 2 109 2 2836,8264,	
complementarios 2 109 2 2824,8252,	
mecanismos 2 109 2 2823,8251,	
combina 2 109 2 2818,8246,	
ATC 2 109 2 2815,8243,	
código 2 109 2 2814,8242,	
(amlodipino) 6 109 6 2813,4980,5046,5143,5214,8241,	
dihidropiridina 2 109 2 2812,8240,	
combinaciones 2 109 2 2807,8235,	
(valsartán) 6 109 6 2806,4976,5043,5140,5211,8234,	
Grupo 2 109 2 2798,8226,	
farmacodinámicas 2 109 2 2797,8225,	
conservar 1 109 1 5291,	
Propiedades 3 109 3 2796,4207,8224,	
	5 2 109 2 2794,8222,	
ESTE 2 109 2 2792,8220,	
PROPIEDADES 2 109 2 2789,8217,	
" 2 109 2 2787,8215,	
reducción 12 109 12 3000,3578,3607,3731,3847,3952,4478,4486,8428,9006,9035,9159,	
hemodiálisis 2 109 2 2786,8214,	
mediante 3 109 3 2785,4902,8213,	
probable 4 109 4 2778,3387,8206,8815,	
bloqueo 4 109 4 2770,3291,8198,8719,	
171/113 1 109 1 4005,	
revertir 2 109 2 2766,8194,	
beneficioso 2 109 2 2764,8192,	
intravenoso 2 109 2 2761,8189,	
gluconato 2 109 2 2758,8186,	
contraindicación 2 109 2 2754,8182,	
dado 2 109 2 2750,8178,	
vascular 12 109 12 2745,2898,2917,2923,2960,3075,8173,8326,8345,8351,8388,8503,	
tono 2 109 2 2744,8172,	
restaurar 2 109 2 2742,8170,	
vasoconstrictor 2 109 2 2740,8168,	
útil 2 109 2 2738,8166,	
orina 4 109 4 2735,4374,4613,8163,	
aleatorizado 2 109 2 3761,3881,	
circulante 3 109 3 2729,4295,8157,	
líquido 2 109 2 2728,8156,	
respiratoria 2 109 2 2718,8146,	
Europharm 1 109 1 5409,	
funciones 2 109 2 2715,8143,	
activo 7 109 7 2709,3262,3766,3886,3986,8137,8690,	
debida 2 109 2 2700,8128,	
disminuir 2 109 2 2688,8116,	
horas 14 109 14 2679,3575,3589,3596,3757,4241,4337,4396,4661,4683,8107,9003,9017,9024,	
sanos 3 109 3 2674,4915,8102,	
voluntarios 3 109 3 2673,4914,8101,	
carbón 2 109 2 2670,8098,	
gástrico 2 109 2 2666,8094,	
lavado 2 109 2 2665,8093,	
inducción 2 109 2 2660,8088,	
terapéutico 3 109 3 3187,4491,8615,	
reciente 2 109 2 2655,8083,	
ingestión 5 109 5 2653,2683,4264,8081,8111,	
fatal 2 109 2 2649,8077,	
resultado 2 109 2 2648,8076,	
shock 2 109 2 2645,8073,	
llegar 2 109 2 2642,8070,	
prolongada 2 109 2 2639,8067,	
marcada 2 109 2 2636,8064,	
sistémica 3 109 3 2635,4856,8063,	
refleja 2 109 2 2630,8058,	
vasodilatación 4 109 4 2624,2996,8052,8424,	
pronunciada 2 109 2 2612,8040,	
posiblemente 4 109 4 2610,2628,8038,8056,	
síntoma 2 109 2 2604,8032,	
principal 2 109 2 2603,8031,	
sobredosis 8 109 8 2599,2606,2616,2703,8027,8034,8044,8131,	
Síntomas 2 109 2 2594,8022,	
6% 2 109 2 3442,8870,	
Sobredosis 2 109 2 2593,8021,	
suero) 2 109 2 2590,8018,	
(vasculitis 2 109 2 2587,8015,	
hipersensibilidad 2 109 2 2586,8014,	
especialmente 2 109 2 2573,8001,	
insomnio 2 109 2 2565,7993,	
sinusitis 2 109 2 2562,7990,	
altas 2 109 2 2561,7989,	
respiratorias 2 109 2 2560,7988,	
vías 2 109 2 2559,7987,	
infecciones 2 109 2 2556,7984,	
virales 2 109 2 2555,7983,	
indicación 2 109 2 2538,7966,	
erupción 2 109 2 2518,7946,	
ALT 2 109 2 2516,7944,	
AST 2 109 2 2514,7942,	
colestática 2 109 2 2511,7939,	
ictericia 2 109 2 2510,7938,	
anginoso 2 109 2 2509,7937,	
Pueden 4 109 4 2506,2566,7934,7994,	
multiforme 2 109 2 2505,7933,	
vasculitis 2 109 2 2501,7929,	
trombocitopenia 2 109 2 2500,7928,	
hepatitis 2 109 2 2499,7927,	
pancreatitis 2 109 2 2498,7926,	
conjuntamente 2 109 2 3198,8626,	
periférica 6 109 6 2497,2625,2924,7925,8053,8352,	
7-8 2 109 2 4353,5045,	
neuropatía 2 109 2 2496,7924,	
mialgia 2 109 2 2495,7923,	
humor 2 109 2 2494,7922,	
malestar 2 109 2 2491,7919,	
leucopenia 2 109 2 2490,7918,	
urinaria 2 109 2 2489,7917,	
impotencia 2 109 2 2484,7912,	
hiperglucemia 2 109 2 2483,7911,	
ginecomastia 2 109 2 2482,7910,	
gingival 2 109 2 2481,7909,	
gastritis 2 109 2 2479,7907,	
rinitis 4 109 4 2478,2563,7906,7991,	
disnea 2 109 2 2477,7905,	
dispepsia 2 109 2 2476,7904,	
intestinales 2 109 2 2475,7903,	
hábitos 2 109 2 2474,7902,	
vómito 4 109 4 2463,2662,7891,8090,	
observada 2 109 2 2460,7888,	
reacción 2 109 2 2456,7884,	
medicación 4 109 4 2449,2548,7877,7976,	
causal 4 109 4 2446,2545,7874,7973,	
asociación 4 109 4 2445,2544,7873,7972,	
independientemente 4 109 4 2442,2541,7870,7969,	
registradas 2 109 2 2433,7861,	
adicionales 4 109 4 2432,2526,7860,7954,	
Otras 4 109 4 2429,2523,7857,7951,	
producto 2 109 2 2427,7855,	
observado 6 109 6 2421,2633,4846,5201,7849,8061,	
haberse 2 109 2 2420,7848,	
observadas 7 109 7 2404,2466,2527,4948,7832,7894,7955,	
previamente 2 109 2 2403,7831,	
individuales 5 109 5 2399,2410,4709,7827,7838,	
1% 2 109 2 2389,7817,	
sopesada 2 109 2 2381,7809,	
uniformemente 2 109 2 2380,7808,	
NA 4 109 4 2368,2369,7796,7797,	
10 22 109 22 2365,2366,3807,3840,3917,3927,3942,3975,4017,4039,4109,4120,4302,4991,5057,5142,5154,5321,5353,5450,7793,7794,	
C09DB01 2 109 2 2816,8244,	
9 15 109 15 2339,2351,2370,2372,2592,3722,3862,4417,4975,5438,7767,7779,7798,7800,8020,	
320 2 109 2 2328,7756,	
160 14 109 14 2327,3797,3834,3876,3948,4986,5034,5052,5105,5149,5176,5488,5597,7755,	
Biotransformación 2 109 2 4303,4551,	
40 2 109 2 2325,7753,	
experimentaron 5 109 5 2321,3489,4124,7749,8917,	
(mg) 4 109 4 2320,2364,7748,7792,	
% 2 109 2 2315,7743,	
ciego 4 109 4 2303,3763,3883,7731,	
amlodipino/valsartán 9 109 9 2291,2393,3806,3818,3926,4094,4128,7719,7821,	
menor 2 109 2 2282,7710,	
adverso 2 109 2 2276,7704,	
adicional 6 109 6 2266,2395,3848,3953,7694,7823,	
Información 4 109 4 2265,2394,7693,7822,	
Ansiedad 2 109 2 2264,7692,	
significativamente 3 109 3 3421,4821,8849,	
psiquiátricos 2 109 2 2262,7690,	
eréctil 2 109 2 2260,7688,	
Disfunción 2 109 2 2259,7687,	
mama 2 109 2 2257,7685,	
reproductor 2 109 2 2253,7681,	
aparato 2 109 2 2252,7680,	
inmunológico 2 109 2 2247,7675,	
fatiga 2 109 2 2243,7671,	
periférico 10 109 10 2242,2273,2309,2323,2379,7670,7701,7737,7751,7807,	
facial 2 109 2 2240,7668,	
Edema 2 109 2 2236,7664,	
alteraciones 2 109 2 2229,7657,	
generales 2 109 2 2227,7655,	
NÚMERO(S) 1 109 1 5421,	
Hipotensión 4 109 4 2222,2225,7650,7653,	
vasculares 2 109 2 2219,7647,	
gripe 2 109 2 2217,7645,	
infestaciones 2 109 2 2214,7642,	
e 6 109 6 2213,2585,4184,5082,7641,8013,	
Infecciones 4 109 4 2212,2554,7640,7982,	
crónica 2 109 2 4196,4896,	
sensación 2 109 2 2209,7637,	
musculares 2 109 2 2208,7636,	
Espasmos 2 109 2 2207,7635,	
artralgia 2 109 2 2205,7633,	
ó 4 109 4 5322,5338,5354,5365,	
lumbalgia 2 109 2 2204,7632,	
articulaciones 2 109 2 2203,7631,	
Inflamación 2 109 2 2200,7628,	
musculoesqueléticos 2 109 2 2193,7621,	
prurito 4 109 4 2190,2520,7618,7948,	
exantema 2 109 2 2189,7617,	
Hiperhidrosis 2 109 2 2188,7616,	
eritema 4 109 4 2186,2504,7614,7932,	
Erupción 2 109 2 2185,7613,	
subcutáneo 2 109 2 2182,7610,	
tejido 4 109 4 2181,2196,7609,7624,	
EU/1/06/371/008 1 109 1 5433,	
piel 2 109 2 2178,7606,	
urinarios 2 109 2 2171,7599,	
renales 2 109 2 2169,7597,	
seca 6 109 6 2167,3419,3458,7595,8847,8886,	
boca 2 109 2 2166,7594,	
abdominal 2 109 2 2164,7592,	
Diarrea 2 109 2 2161,7589,	
gastrointestinales 2 109 2 2158,7586,	
faringolaringeo 2 109 2 2156,7584,	
dolor 6 109 6 2155,2163,2508,7583,7591,7936,	
Tos 2 109 2 2154,7582,	
mediastínicos 2 109 2 2151,7579,	
Tinnitus 2 109 2 2146,7574,	
Vértigo 2 109 2 2144,7572,	
laberinto 2 109 2 2141,7569,	
angioedema 4 109 4 2502,2584,7930,8012,	
oído 2 109 2 2138,7566,	
visuales 2 109 2 2135,7563,	
Talco 1 109 1 5271,	
Alteraciones 2 109 2 2134,7562,	
parestesia 2 109 2 2130,7558,	
postural 2 109 2 2129,7557,	
somnolencia 2 109 2 2127,7555,	
Mareo 2 109 2 2126,7554,	
<120 1 109 1 3997,	
Cefalea 2 109 2 2123,7551,	
Frecuente 6 109 6 2122,2215,2235,7550,7643,7663,	
nervioso 2 109 2 2121,7549,	
Síncope 2 109 2 2117,7545,	
Rara 20 109 20 2116,2133,2145,2172,2187,2206,2224,2248,2258,2263,7544,7561,7573,7600,7615,7634,7652,7676,7686,7691,	
dependientes 2 109 2 2962,8390,	
palpitaciones 2 109 2 2115,7543,	
Taquicardia 2 109 2 2114,7542,	
frecuente 16 109 16 2113,2125,2143,2153,2160,2184,2199,2221,7541,7553,7571,7581,7588,7612,7627,7649,	
cardiacos 2 109 2 2111,7539,	
Trastornos 28 109 28 2110,2118,2131,2136,2147,2157,2168,2175,2192,2218,2226,2244,2250,2261,7538,7546,7559,7564,7575,7585,7596,7603,7620,7646,7654,7672,7678,7689,	
intervalo 2 109 2 2108,7536,	
gravedad 3 109 3 2104,5067,7532,	
decreciente 2 109 2 2102,7530,	
orden 2 109 2 2101,7529,	
presentan 3 109 3 2099,4866,7527,	
aislados 2 109 2 2094,7522,	
(<1/10 2 109 2 2090,7518,	
estreñimiento 2 109 2 2165,7593,	
000) 4 109 4 2087,2091,7515,7519,	
<1/1 2 109 2 2086,7514,	
respiratorios 2 109 2 2148,7576,	
(1/10 2 109 2 2084,7512,	
cuyo 1 109 1 4832,	
<1/100); 2 109 2 2082,7510,	
000 6 109 6 2081,2085,3333,7509,7513,8761,	
(1/1 2 109 2 2080,7508,	
<1/10); 2 109 2 2077,7505,	
(1/100 2 109 2 2076,7504,	
(1/10); 2 109 2 2074,7502,	
siguiente 4 109 4 2070,2314,7498,7742,	
frecuencia 10 109 10 2067,2109,2488,3029,3551,7495,7537,7916,8457,8979,	
clasificado 2 109 2 2062,7490,	
Las 9 109 9 2057,2095,2400,3038,4941,7485,7523,7828,8466,	
recibieron 12 109 12 2051,2288,2296,3477,3485,3655,7479,7716,7724,8905,8913,9083,	
613 2 109 2 2047,7475,	
175 2 109 2 2044,7472,	
clínicos 16 109 16 2040,2301,2425,2437,2531,3222,3403,3646,7468,7729,7853,7865,7959,8650,8831,9074,	
ensayos 17 109 17 2039,2300,2424,2436,2530,3221,3402,3663,4051,7467,7728,7852,7864,7958,8649,8830,9091,	
utilizando 2 109 2 2068,7496,	
cinco 2 109 2 2038,7466,	
evaluada 2 109 2 2036,7464,	
Reacciones 4 109 4 2028,2464,7456,7892,	
8 11 109 11 2027,2342,2357,3857,4449,5026,5097,5420,7455,7770,7785,	
cansancio 2 109 2 2025,7453,	
mareo 6 109 6 2023,2128,2614,7451,7556,8042,	
ocasionalmente 2 109 2 2020,7448,	
vehículos 2 109 2 2011,7439,	
(E172) 1 109 1 5268,	
Al 4 109 4 2009,3102,7437,8530,	
máquinas 6 109 6 1995,2008,2014,7423,7436,7442,	
utilizar 6 109 6 1994,2007,2013,7422,7435,7441,	
conducir 6 109 6 1992,2005,2010,7420,7433,7438,	
capacidad 4 109 4 1990,2003,7418,7431,	
Efectos 2 109 2 1987,7415,	
7 9 109 9 1986,2522,3445,5320,5331,5352,5401,7414,8873,	
madre 2 109 2 1984,7412,	
importancia 4 109 4 1978,3525,7406,8953,	
teniendo 2 109 2 1974,7402,	
interrumpir 2 109 2 1968,7396,	
decisión 2 109 2 1965,7393,	
tomarse 2 109 2 1963,7391,	
potenciales 4 109 4 1959,2415,7387,7843,	
adversas 19 109 19 1958,2029,2059,2097,2402,2414,2431,2465,2525,4943,7386,7457,7487,7525,7830,7842,7859,7893,7953,	
Debido 2 109 2 1954,7382,	
periodo 2 109 2 1951,7379,	
ratas 4 109 4 1949,4967,5116,7377,	
excretó 2 109 2 1944,7372,	
materna 3 109 3 1941,5190,7369,	
alimento 1 109 1 4468,	
leche 4 109 4 1940,1947,7368,7375,	
excretan 2 109 2 1937,7365,	
desconoce 2 109 2 1931,7359,	
prolongado 4 109 4 1929,3629,7357,9057,	
parto 2 109 2 1928,7356,	
Nasofaringitis 2 109 2 2216,7644,	
Sin 2 109 2 1922,7350,	
equivalentes 1 109 1 4696,	
feto 2 109 2 1921,7349,	
salud 2 109 2 1919,7347,	
calcio 14 109 14 1916,2760,2775,2842,2891,2969,3112,7344,8188,8203,8270,8319,8397,8540,	
expuestos 2 109 2 1903,7331,	
embarazos 2 109 2 1902,7330,	
limitado 2 109 2 1900,7328,	
canales 8 109 8 2773,2980,3110,3519,8201,8408,8538,8947,	
número 2 109 2 1899,7327,	
3) 2 109 2 1893,7321,	
descrito 2 109 2 1880,7308,	
acuerdo 2 109 2 1877,7305,	
reproductiva 2 109 2 1875,7303,	
interrupción 2 109 2 3631,9059,	
valsartán/amlodipino 2 109 2 1871,7299,	
obtenidos 2 109 2 1896,7324,	
animales 7 109 7 1868,3189,3216,4953,7296,8617,8644,	
mujeres 2 109 2 1863,7291,	
cuidadosamente 2 109 2 1841,7269,	
tratadas 2 109 2 1836,7264,	
madres 2 109 2 1833,7261,	
lactantes 4 109 4 1831,1961,7259,7389,	
reduciendo 2 109 2 2863,8291,	
cráneo 2 109 2 1829,7257,	
Datos 1 109 1 4937,	
ultrasonidos 2 109 2 1822,7250,	
realizar 2 109 2 1818,7246,	
partir 2 109 2 1810,7238,	
produce 8 109 8 1804,1846,2994,3729,7232,7274,8422,9157,	
seguridad"") 2 109 2 1800,7228,	
preclínicos 3 109 3 1798,4938,7226,	
""Datos 2 109 2 1797,7225,	
hiperpotasemia) 2 109 2 1791,7219,	
(fallo 2 109 2 1788,7216,	
craneal) 2 109 2 1784,7212,	
osificación 3 109 3 1783,5130,7211,	
retraso 2 109 2 1780,7208,	
ovalado 1 109 1 5513,	
oral 7 109 7 3265,3565,4223,4381,4667,8693,8993,	
conjuntivo 2 109 2 2197,7625,	
oligohidramnios 2 109 2 1779,7207,	
(disminución 2 109 2 1774,7202,	
West 1 109 1 5414,	
humana 2 109 2 1773,7201,	
fetotoxicidad 2 109 2 1772,7200,	
induce 2 109 2 1771,7199,	
clase 2 109 2 1698,7126,	
riesgos 2 109 2 1694,7122,	
existir 4 109 4 1693,1925,7121,7353,	
mantuvieron 2 109 2 3872,3971,	
conlleva 2 109 2 1676,7104,	
específicos 4 109 4 1671,2982,7099,8410,	
epidemiológicos 2 109 2 1670,7098,	
Blisters 1 109 1 5314,	
hay 10 109 10 1668,1856,2596,2753,3369,7096,7284,8024,8181,8797,	
Aunque 2 109 2 1666,7094,	
pequeño 4 109 4 1662,3142,7090,8570,	
embargo 4 109 4 1656,1923,7084,7351,	
concluyente; 2 109 2 1654,7082,	
transmembrana 2 109 2 2886,8314,	
exposición 12 109 12 1639,1761,1806,4423,4855,4888,4971,5040,5217,7067,7189,7234,	
teratogenicidad 2 109 2 1636,7064,	
evidencia 3 109 3 1630,5230,7058,	
segundo 6 109 6 1616,1766,1812,7044,7194,7240,	
contraindicado 2 109 2 1609,7037,	
primer 4 109 4 1600,1647,7028,7075,	
lactancia 6 109 6 1582,1953,1970,7010,7381,7398,	
benigna) 2 109 2 1569,6997,	
prostática 2 109 2 1568,6996,	
hiperplasia 4 109 4 1567,2480,6995,7908,	
tricíclicos 2 109 2 1560,6988,	
humanos 6 109 6 3193,3202,3219,8621,8630,8647,	
antidepresivos 2 109 2 1559,6987,	
hipotensores 2 109 2 1556,6984,	
media 5 109 5 2376,3682,4399,7804,9110,	
prueba 2 109 2 1820,7248,	
adversos 8 109 8 1555,1907,3243,3647,6983,7335,8671,9075,	
taquicardia 2 109 2 2629,8057,	
efectos 9 109 9 1554,1906,2768,3242,5204,6982,7334,8196,8670,	
cuyas 2 109 2 1832,7260,	
causar 2 109 2 1553,6981,	
alfabloqueantes 4 109 4 1545,1561,6973,6989,	
eliminación 7 109 7 2733,4319,4330,4409,4780,5395,8161,	
neonatal 2 109 2 1787,7215,	
frecuentemente 6 109 6 1542,2459,2468,6970,7887,7896,	
utilizados 2 109 2 1541,6969,	
antihipertensivos 6 109 6 1537,1540,2821,6965,6968,8249,	
agentes 4 109 4 1536,1539,6964,6967,	
ciento 1 109 1 4358,	
realizado 4 109 4 1517,1999,6945,7427,	
glibenclamida 2 109 2 1508,6936,	
hidroclorotiazida 2 109 2 1506,6934,	
indometacina 2 109 2 1505,6933,	
atenolol 2 109 2 1504,6932,	
furosemida 2 109 2 1502,6930,	
inicia 2 109 2 3568,8996,	
siguientes 7 109 7 1498,2454,2553,4956,6926,7882,7981,	
significativas 2 109 2 1488,6916,	
clinicamente 2 109 2 1487,6915,	
interacciones 2 109 2 1486,6914,	
hallado 2 109 2 1485,6913,	
adecuada 2 109 2 1478,6906,	
hidratación 2 109 2 1477,6905,	
así 3 109 3 1474,5077,6902,	
sérico 2 109 2 1459,6887,	
riesgo 12 109 12 1447,1634,1665,1674,1926,3692,6875,7062,7093,7102,7354,9120,	
producir 2 109 2 1444,6872,	
Además 2 109 2 1431,6859,	
atenuación 2 109 2 1427,6855,	
simultáneamente 2 109 2 1421,6849,	
administran 5 109 5 1415,3603,4706,6843,9031,	
AINEs 6 109 6 1410,1423,1442,6838,6851,6870,	
medial 1 109 1 5084,	
(>3 2 109 2 1407,6835,	
acetilsalicílico 2 109 2 1406,6834,	
COX-2 2 109 2 1404,6832,	
selectivos 4 109 4 1403,1412,6831,6840,	
(AINEs) 2 109 2 1400,6828,	
Medicamentos 2 109 2 1396,6824,	
afecte 2 109 2 1380,6808,	
prescribe 2 109 2 1376,6804,	
plasmáticos 7 109 7 1371,3037,3284,4340,6799,8465,8712,	
sustancias 6 109 6 1358,1499,2857,6786,6927,8285,	
Diuréticos 2 109 2 1342,6770,	
séricos 2 109 2 1335,6763,	
exhaustivo 2 109 2 1331,6759,	
necesaria 2 109 2 1326,6754,	
resulta 3 109 3 1325,4875,6753,	
toxicidad 7 109 7 1301,1786,1874,5189,6729,7214,7302,	
litio 6 109 6 1297,1316,1337,6725,6744,6765,	
séricas 3 109 3 1295,4544,6723,	
reversibles 2 109 2 1291,6719,	
días 1 109 1 4354,	
aumentos 3 109 3 1290,4767,6718,	
Durante 2 109 2 1278,6706,	
Litio 2 109 2 1277,6705,	
orales 2 109 2 1265,6693,	
hipoglicemiantes 2 109 2 1264,6692,	
antibioticos 2 109 2 1261,6689,	
esteroideos 4 109 4 1260,1399,6688,6827,	
cimetidina 4 109 4 1256,1500,6684,6928,	
simeticona) 2 109 2 1255,6683,	
proteínas 2 109 2 4300,4543,	
generalmente 4 109 4 2280,3140,7708,8568,	
magnesio 3 109 3 1254,5257,6682,	
aluminio 2 109 2 1251,6679,	
hidróxido 4 109 4 1249,1252,6677,6680,	
monitorizados 2 109 2 1842,7270,	
(gel 2 109 2 1247,6675,	
antiácidos 2 109 2 1246,6674,	
sildenafilo 2 109 2 1244,6672,	
atorvastatina 2 109 2 1243,6671,	
warfarina 4 109 4 1242,1501,6670,6929,	
ácido 2 109 2 1405,6833,	
digoxina 4 109 4 1241,1503,6669,6931,	
sublingual 2 109 2 1240,6668,	
nitroglicerina 2 109 2 1239,6667,	
duración 2 109 2 1238,6666,	
larga 2 109 2 1237,6665,	
nitratos 2 109 2 1235,6663,	
ECA 18 109 18 1234,1286,1644,3348,3374,3414,3440,3467,3505,6662,6714,7072,8776,8802,8842,8868,8895,8933,	
betabloqueantes 6 109 6 1230,3200,3232,6658,8628,8660,	
tiazídicos 2 109 2 1229,6657,	
segura 2 109 2 1225,6653,	
púrpura 2 109 2 2517,7945,	
administrado 2 109 2 1222,6650,	
extracelulares 2 109 2 2970,8398,	
Otros 6 109 6 1217,1481,1535,6645,6909,6963,	
cuenta 8 109 8 1212,1530,1976,2018,6640,6958,7404,7446,	
A 9 109 9 1209,1302,1527,4995,5038,5251,6637,6730,6955,	
retirada 3 109 3 1208,4069,6636,	
después 10 109 10 1205,2680,3558,3597,4347,4451,6633,8108,8986,9025,	
inductor 2 109 2 1203,6631,	
clínico 4 109 4 1190,3451,6618,8879,	
control 8 109 8 1189,1330,1465,4101,4135,6617,6758,6893,	
Está 4 109 4 1186,1608,6614,7036,	
plasmáticas 10 109 10 1182,3040,4232,4301,4387,4457,4674,4740,6610,8468,	
concentraciones 12 109 12 1181,1294,3039,4231,4386,4456,4582,4673,4739,6609,6722,8467,	
lugar 10 109 10 1179,2232,2621,3068,3539,6607,7660,8049,8496,8967,	
dar 4 109 4 1178,2620,6606,8048,	
conjunta 2 109 2 1176,6604,	
perforatum) 2 109 2 1173,6601,	
Hypericum 2 109 2 1172,6600,	
rifampicina 2 109 2 1171,6599,	
primidona] 2 109 2 1170,6598,	
fosfenitoína 2 109 2 1169,6597,	
fenitoína 2 109 2 1168,6596,	
fenobarbital 2 109 2 1167,6595,	
carbamacepina 2 109 2 1166,6594,	
ej 6 109 6 1165,1544,1558,6593,6972,6986,	
[p 2 109 2 1164,6592,	
anticonvulsivos 2 109 2 1163,6591,	
pediátrica 1 109 1 4726,	
(agentes 2 109 2 1162,6590,	
estudió 1 109 1 3980,	
Inductores 2 109 2 1160,6588,	
medida 2 109 2 1157,6585,	
mayor 8 109 8 1156,1446,2868,3330,6584,6874,8296,8758,	
itraconazol 2 109 2 1146,6574,	
ketoconazol 2 109 2 1145,6573,	
potentes 2 109 2 1140,6568,	
eficiente 2 109 2 3092,8520,	
posibilidad 2 109 2 1135,6563,	
excluir 4 109 4 1133,1660,6561,7088,	
amlodipino) 2 109 2 1129,6557,	
50% 3 109 3 1123,4442,6551,	
aproximadamente 14 109 14 1121,4273,4289,4333,4416,4430,4440,4519,4566,4635,4880,4973,5138,6549,	
aumenta 4 109 4 1119,1125,6547,6553,	
plasmática 5 109 5 1118,1152,4436,6546,6580,	
concentración 5 109 5 1117,1151,4435,6545,6579,	
(la 2 109 2 1116,6544,	
vía 4 109 4 1114,3264,6542,8692,	
pesadez 2 109 2 2211,7639,	
probablemente 4 109 4 1113,2638,6541,8066,	
metabolismo 2 109 2 1110,6538,	
inhibe 6 109 6 1108,2883,3346,6536,8311,8774,	
diltiazem 4 109 4 1107,1159,6535,6587,	
mostrado 5 109 5 1105,2687,4283,6533,8115,	
Un 6 109 6 1097,3758,3878,5317,5349,6525,	
CYP3A4 8 109 8 1096,1115,1142,1161,6524,6543,6570,6589,	
año 3 109 3 3718,4067,9146,	
Inhibidores 2 109 2 1095,6523,	
ligadas 4 109 4 1085,1267,6513,6695,	
ritonavir) 2 109 2 1147,6575,	
Interacciones 6 109 6 1084,1266,1509,6512,6694,6937,	
interacción 4 109 4 1083,1520,6511,6948,	
formas 2 109 2 1081,6509,	
Interacción 2 109 2 1074,6502,	
diferente 3 109 3 1068,4169,6496,	
población 4 109 4 1065,4166,4725,6493,	
estudiado 5 109 5 1061,4162,4175,4189,6489,	
vasodilatadores 2 109 2 1041,6469,	
Como 3 109 3 1037,4826,6465,	
obstructiva 4 109 4 1036,1057,6464,6485,	
hipertrófica 4 109 4 1035,1056,6463,6484,	
cardiomiopatía 4 109 4 1034,1055,6462,6483,	
mitral 4 109 4 1033,1052,6461,6480,	
aórtica 4 109 4 1031,1050,6459,6478,	
valvular 2 109 2 1030,6458,	
comparación 10 109 10 1026,3492,3823,3866,3931,3965,4030,4799,6454,8920,	
empeoramiento 4 109 4 1020,1449,6448,6877,	
Poco 16 109 16 2112,2124,2142,2152,2159,2183,2198,2220,7540,7552,7570,7580,7587,7611,7626,7648,	
incidencia 11 109 11 1018,2283,2306,2375,3416,5064,6446,7711,7734,7803,8844,	
significativa 9 109 9 1015,2691,2699,3149,4488,6443,8119,8127,8577,	
aclaramiento 7 109 7 4630,4641,4652,4760,4833,4840,4870,	
diferencia 2 109 2 1014,6442,	
hubo 3 109 3 1013,5229,6441,	
pesar 5 109 5 1009,1303,4444,6437,6731,	
pulmonar 2 109 2 1007,6435,	
edema 19 109 19 1006,2237,2239,2241,2272,2308,2322,2378,4113,4126,4144,6434,7665,7667,7669,7700,7736,7750,7806,	
casos 4 109 4 1004,2093,6432,7521,	
aumento 13 109 13 1002,1456,1663,2485,3080,3143,4878,6430,6884,7091,7913,8508,8571,	
asoció 2 109 2 998,6426,	
isquémica 2 109 2 996,6424,	
etiología 2 109 2 994,6422,	
Classification) 2 109 2 992,6420,	
adversa 2 109 2 2457,7885,	
Association 2 109 2 991,6419,	
Heart 2 109 2 990,6418,	
York 2 109 2 989,6417,	
(New 2 109 2 988,6416,	
NYHA 2 109 2 987,6415,	
(menos 1 109 1 4584,	
IV 2 109 2 984,6412,	
III 2 109 2 982,6410,	
clases 2 109 2 981,6409,	
(PRAISE-2) 2 109 2 973,6401,	
controlado 5 109 5 968,3764,3884,3984,6396,	
plazo 3 109 3 967,4056,6395,	
estudio 11 109 11 964,1098,2451,2550,4001,5111,5182,6392,6526,7879,7978,	
Estas 2 109 2 3010,8438,	
similares 7 109 7 961,1695,4461,5018,5089,6389,7123,	
resultados 2 109 2 960,6388,	
registrado 4 109 4 959,1289,6387,6717,	
Con 2 109 2 955,6383,	
muerte 2 109 2 954,6382,	
AT2 4 109 4 3302,3343,8730,8771,	
aguda 2 109 2 952,6380,	
ocasiones) 2 109 2 948,6376,	
raras 6 109 6 947,2083,2089,6375,7511,7517,	
han 14 109 14 958,1288,1484,1516,1998,2061,4282,4466,6386,6716,6912,6944,7426,7489,	
(en 2 109 2 946,6374,	
progresiva 2 109 2 944,6372,	
lugares 2 109 2 2940,8368,	
elevación 5 109 5 2512,2719,4079,7940,8147,	
azotemia 2 109 2 943,6371,	
área 1 109 1 4770,	
oliguria 2 109 2 941,6369,	
antagonistas 18 109 18 934,1416,1436,1885,1912,2800,2840,2848,3390,6362,6844,6864,7313,7340,8228,8268,8276,8818,	
(ECA) 2 109 2 932,6360,	
alopecia 2 109 2 2470,7898,	
conversión 2 109 2 928,6356,	
enzima 2 109 2 926,6354,	
convención 2 109 2 2071,7499,	
inhibidores 12 109 12 923,1138,1231,1283,1402,1641,6351,6566,6659,6711,6830,7069,	
asocia 2 109 2 919,6347,	
actividad 6 109 6 914,3318,3570,6342,8746,8998,	
torácicos 2 109 2 2149,7577,	
depender 2 109 2 911,6339,	
renina-angiotensina-aldosterona 4 109 4 900,917,6328,6345,	
posible 3 109 3 1193,4945,6621,	
inhibición 2 109 2 897,6325,	
consecuencia 2 109 2 894,6322,	
función 25 109 25 891,908,1452,1468,1777,1825,2064,2571,3059,3118,3132,3207,4851,6319,6336,6880,6896,7205,7253,7492,7999,8487,8546,8560,8635,	
cambios 6 109 6 888,2492,5017,5088,6316,7920,	
pueda 2 109 2 910,6338,	
anticiparse 2 109 2 887,6315,	
susceptibles 2 109 2 885,6313,	
cardiaca 19 109 19 882,905,978,1024,2716,3030,3119,3552,3697,4186,6310,6333,6406,6452,8144,8458,8547,8980,9125,	
promedio 1 109 1 4886,	
farmacoterapéutico 2 109 2 2799,8227,	
primaria 2 109 2 880,6308,	
enfermedad 7 109 7 879,2588,4200,4894,4929,6307,8016,	
alterado 2 109 2 876,6304,	
antagonista 4 109 4 864,3252,6292,8680,	
aumentadas 2 109 2 5068,5120,	
deben 4 109 4 859,1718,6287,7146,	
hiperaldosteronismo 2 109 2 856,6284,	
Los 22 109 22 853,1538,1830,1865,1894,2930,2949,3282,3689,4276,4338,4419,4861,6281,6966,7258,7293,7322,8358,8377,8710,9117,	
neutropenia 2 109 2 2564,7992,	
primario 4 109 4 852,857,6280,6285,	
Hiperaldosteronismo 2 109 2 851,6279,	
>30 2 109 2 832,6260,	
(aproximadamente 6 109 6 3331,4308,4604,4614,4648,8759,	
posología 2 109 2 818,6246,	
ajustar 2 109 2 816,6244,	
especial 5 109 5 772,1044,5400,6200,6472,	
hígado 3 109 3 769,4313,6197,	
extensamente 5 109 5 766,4307,4530,4556,6194,	
metaboliza 3 109 3 765,4306,6193,	
bilis 2 109 2 760,6188,	
través 4 109 4 757,2978,6185,8406,	
inalterado 3 109 3 755,4623,6183,	
principalmente 4 109 4 754,4546,4620,6182,	
elimina 3 109 3 753,4599,6181,	
Valsartán 23 109 23 751,1942,2319,2521,3248,3249,3314,3344,3509,4375,4404,4534,4552,4597,6179,7370,7747,7949,8676,8677,8742,8772,8937,	
trasplante 2 109 2 747,6175,	
recientemente 2 109 2 745,6173,	
sufrido 2 109 2 744,6172,	
hayan 4 109 4 743,1834,6171,7262,	
seguro 2 109 2 737,6165,	
experiencia 8 109 8 733,1308,1857,2597,6161,6736,7285,8025,	
existe 2 109 2 732,6160,	
Actualmente 2 109 2 730,6158,	
Trasplante 2 109 2 728,6156,	
riñón 2 109 2 727,6155,	
único 2 109 2 726,6154,	
multicéntrico 2 109 2 3760,3880,	
bilateral 2 109 2 715,6143,	
estenosis 6 109 6 714,721,1049,6142,6149,6477,	
dispone 3 109 3 703,4720,6131,	
Estenosis 4 109 4 696,1029,6124,6457,	
frecuentes 12 109 12 690,1510,2073,2075,2079,2712,6118,6938,7501,7503,7507,8140,	
compuesto 1 109 1 4831,	
iónicos 4 109 4 2981,3520,8409,8948,	
ortostática 2 109 2 2223,7651,	
controles 4 109 4 689,2711,6117,8139,	
cabo 2 109 2 684,6112,	
apoyo 2 109 2 2707,8135,	
llevarse 2 109 2 682,6110,	
) 2 109 2 680,6108,	
(heparina 2 109 2 678,6106,	
puedan 6 109 6 672,1148,1360,6100,6576,6788,	
medicamentos 17 109 17 670,1078,1245,1257,1263,1526,1550,1700,6098,6506,6673,6685,6691,6954,6978,7128,9176,	
u 2 109 2 667,6095,	
contengan 4 109 4 665,1354,6093,6782,	
sustitutos 4 109 4 660,1349,6088,6777,	
ahorradores 4 109 4 657,1343,6085,6771,	
diuréticos 6 109 6 656,1228,2578,6084,6656,8006,	
suplementos 4 109 4 653,1346,6081,6774,	
concomitante 18 109 18 651,1094,1216,1275,1281,1312,1395,1434,1534,6079,6522,6644,6703,6709,6740,6823,6862,6962,	
El 20 109 20 649,2602,2757,2878,2899,3590,3744,4268,4355,4504,4735,4781,5196,6077,8030,8185,8306,8327,9018,9172,	
Hiperpotasemia 2 109 2 648,6076,	
persiste 2 109 2 3593,9021,	
(p 8 109 8 1543,1557,3423,3506,6971,6985,8851,8934,	
continuarse 2 109 2 647,6075,	
estabilizada 2 109 2 643,6071,	
sido 8 109 8 642,1653,1835,2035,6070,7081,7263,7463,	
haya 2 109 2 641,6069,	
vez 4 109 4 637,3658,6065,9086,	
Una 2 109 2 636,6064,	
salina 2 109 2 635,6063,	
fisiológica 2 109 2 634,6062,	
solución 2 109 2 633,6061,	
intravenosa 4 109 4 631,4517,4628,6059,	
l/h 2 109 2 4638,4647,	
perfusión 2 109 2 630,6058,	
administrar 2 109 2 628,6056,	
supino 4 109 4 623,3007,6051,8435,	
decúbito 4 109 4 622,3006,6050,8434,	
posición 2 109 2 620,6048,	
paciente 4 109 4 618,1480,6046,6908,	
colocarse 2 109 2 616,6044,	
presenta 6 109 6 611,1872,2858,6039,7300,8286,	
Si 8 109 8 609,1322,1802,2651,6037,6750,7230,8079,	
inicio 4 109 4 606,1471,6034,6899,	
médica 2 109 2 604,6032,	
poliuria 2 109 2 2174,7602,	
supervisión 2 109 2 603,6031,	
condición 2 109 2 593,6021,	
corregir 2 109 2 591,6019,	
necesario 6 109 6 590,627,815,6018,6055,6243,	
Es 4 109 4 589,2776,6017,8204,	
suele 2 109 2 3616,9044,	
angiotensina 28 109 28 588,867,931,939,1419,1439,1888,2803,2851,3257,3280,3287,3357,3393,6016,6295,6359,6367,6847,6867,7316,8231,8279,8685,8708,8715,8785,8821,	
receptor 22 109 22 585,936,1914,3254,3270,3293,3300,3312,3323,3337,3342,6013,6364,7342,8682,8698,8721,8728,8740,8751,8765,8770,	
l/kg 1 109 1 4275,	
bloqueadores 4 109 4 583,3107,6011,8535,	
diuréticos) 4 109 4 579,1546,6007,6974,	
elevadas 3 109 3 577,4998,6005,	
reciben 2 109 2 575,6003,	
sal 6 109 6 573,663,1352,6001,6091,6780,	
FARMACOLÓGICAS 2 109 2 2790,8218,	
(tales 2 109 2 564,5992,	
activado 4 109 4 563,2671,5991,8099,	
renina-angiotensina 4 109 4 562,874,5990,6302,	
sistema 12 109 12 561,873,899,916,2120,2246,5989,6301,6327,6344,7548,7674,	
sintomática 2 109 2 555,5983,	
presentarse 10 109 10 553,1425,2022,2507,2567,5981,6853,7450,7935,7995,	
Puede 5 109 5 552,2736,5381,5980,8164,	
tratados 17 109 17 549,861,2576,3135,3428,3434,3499,3804,3816,3924,5977,6289,8004,8563,8856,8862,8927,	
complicaciones 4 109 4 548,3674,5976,9102,	
4% 2 109 2 541,5969,	
0 17 109 17 540,2324,2329,2331,2338,2343,2371,4645,5028,5099,5968,7752,7757,7759,7766,7771,7799,	
malformaciones 1 109 1 5124,	
83% 1 109 1 4606,	
excesiva 4 109 4 537,2626,5965,8054,	
hipotensión 16 109 16 536,554,612,1790,1847,2611,2634,2697,5964,5982,6040,7218,7275,8039,8062,8125,	
Hipromelosa 1 109 1 5259,	
observó 6 109 6 534,2271,5000,5208,5962,7699,	
placebo 8 109 8 532,970,1028,3666,5960,6398,6456,9094,	
controlados 12 109 12 530,2041,2304,3664,3793,3913,4088,4116,5958,7469,7732,9092,	
estudios 12 109 12 529,1518,1866,2000,3167,4277,4951,5957,6946,7294,7428,8595,	
volumen 10 109 10 527,571,2726,3165,4269,4505,5955,5999,8154,8593,	
y/o 10 109 10 525,572,942,953,1934,5953,6000,6370,6381,7362,	
tomado 1 109 1 4467,	
sodio 2 109 2 524,5952,	
depleción 4 109 4 522,569,5950,5997,	
secciones 6 109 6 514,1623,1849,5942,7051,7277,	
procede 5 109 5 508,1752,5276,5936,7180,	
inmediatamente 6 109 6 501,1745,2675,5929,7173,8103,	
deberá 4 109 4 499,1743,5927,7171,	
diagnostique 4 109 4 496,1740,5924,7168,	
conocido 6 109 6 487,1731,2277,5915,7159,7705,	
perfil 4 109 4 484,1728,5912,7156,	
tenga 4 109 4 482,1726,5910,7154,	
alternativo 8 109 8 480,512,1724,1756,5908,5940,7152,7184,	
antihipertensivo 13 109 13 479,1430,1574,1723,2861,3592,3746,5907,6858,7002,7151,8289,9020,	
deberán 4 109 4 474,1839,5902,7267,	
embarazadas 6 109 6 473,1717,1864,5901,7145,7292,	
quedarse 4 109 4 472,1716,5900,7144,	
62% 1 109 1 3812,	
planeando 4 109 4 471,1715,5899,7143,	
estén 5 109 5 470,1714,5384,5898,7142,	
ARAII 16 109 16 466,505,1613,1710,1749,1763,1808,1838,5894,5933,7041,7138,7177,7191,7236,7266,	
continuar 4 109 4 462,1706,5890,7134,	
considere 4 109 4 460,1704,5888,7132,	
Salvo 4 109 4 457,1701,5885,7129,	
durante 31 109 31 454,491,1198,1489,1598,1614,1645,1689,1735,1764,3123,3459,3594,3626,3755,4063,4352,5882,5919,6626,6917,7026,7042,7073,7117,7163,7192,8551,8887,9022,9054,	
oculares 2 109 2 2132,7560,	
(ARAII) 6 109 6 453,1597,1688,5881,7025,7116,	
II 32 109 32 452,868,1420,1440,1596,1687,1889,2804,2852,3258,3281,3288,3353,3361,3394,3703,5880,6296,6848,6868,7024,7115,7317,8232,8280,8686,8709,8716,8781,8789,8822,9131,	
Angiotensina 6 109 6 451,1595,1686,5879,7023,7114,	
Receptores 6 109 6 448,1592,1683,5876,7020,7111,	
Antagonistas 6 109 6 445,1589,1680,5873,7017,7108,	
tratamiento 42 109 42 443,464,478,503,511,608,645,921,1200,1473,1491,1564,1708,1722,1747,1755,1973,1981,3021,3461,3628,5871,5892,5906,5931,5939,6036,6073,6349,6628,6901,6919,6992,7136,7150,7175,7183,7401,7409,8449,8889,9056,	
ningún 2 109 2 442,5870,	
significativo 2 109 2 3026,8454,	
iniciar 6 109 6 441,509,1753,5869,5937,7181,	
debe 12 109 12 440,615,681,1962,2015,2908,5868,6043,6109,7390,7443,8336,	
Embarazo 4 109 4 437,1580,5865,7008,	
especiales 5 109 5 434,4711,5287,5393,5862,	
precauciones 2 109 2 433,5861,	
Advertencias 2 109 2 431,5859,	
muestra 3 109 3 3316,4405,8744,	
6) 4 109 4 428,519,5856,5947,	
embarazo 22 109 22 421,456,493,498,1603,1621,1650,1691,1737,1742,1815,5849,5884,5921,5926,7031,7049,7078,7119,7165,7170,7243,	
trimestre 12 109 12 419,1601,1619,1648,1770,1813,5847,7029,7047,7076,7198,7241,	
tercer 6 109 6 418,1618,1769,5846,7046,7197,	
Segundo 2 109 2 416,5844,	
diálisis 2 109 2 415,5843,	
sometidos 2 109 2 413,5841,	
antiinflamatorios 4 109 4 1258,1397,6686,6825,	
m2) 4 109 4 410,836,5838,6264,	
73 4 109 4 409,835,5837,6263,	
/1 4 109 4 408,834,5836,6262,	
ml/min 4 109 4 407,833,5835,6261,	
<30 2 109 2 406,5834,	
g/día) 2 109 2 1408,6836,	
(TFG 2 109 2 405,5833,	
biliar 2 109 2 399,5827,	
cirrosis 2 109 2 398,5826,	
grave 6 109 6 397,404,906,5825,5832,6334,	
Insuficiencia 6 109 6 395,402,881,5823,5830,6309,	
dihidropiridínicos 6 109 6 388,2944,2948,5816,8372,8376,	
derivados 4 109 4 387,2809,5815,8237,	
activos 2 109 2 385,5813,	
principios 2 109 2 384,5812,	
Hipersensibilidad 4 109 4 381,2249,5809,7677,	
Contraindicaciones 2 109 2 380,5808,	
eficacia 2 109 2 377,5805,	
seguridad 9 109 9 375,486,1730,2031,4940,5803,5914,7158,7459,	
Ninguna 1 109 1 5399,	
datos 11 109 11 373,705,1669,1895,2931,4722,5801,6133,7097,7323,8359,	
ausencia 4 109 4 371,1306,5799,6734,	
debido 2 109 2 368,5796,	
18 4 109 4 366,4716,5794,7229,	
indican 4 109 4 1869,1905,7297,7333,	
menores 4 109 4 364,1183,5792,6611,	
mmHg 9 109 9 3785,3858,3863,3905,3963,3995,3998,4028,4033,	
recomendado 2 109 2 359,5787,	
adolescentes 2 109 2 355,5783,	
Niños 2 109 2 353,5781,	
aumentar 11 109 11 350,673,1149,1361,1571,4809,5778,6101,6577,6789,6999,	
afectada 1 109 1 4261,	
mayores) 3 109 3 340,4734,5768,	
años 5 109 5 338,367,4732,5766,5795,	
(65 3 109 3 337,4731,5765,	
avanzada 12 109 12 336,345,1103,3053,4730,4753,4758,4797,5764,5773,6531,8481,	
edad 14 109 14 335,344,1102,3052,4146,4729,4752,4757,4796,4918,5763,5772,6530,8480,	
32/28 1 109 1 4032,	
Pacientes 6 109 6 333,520,4712,4727,5761,5948,	
máxima 9 109 9 326,804,3579,3608,4437,5754,6232,9007,9036,	
colestasis 6 109 6 323,401,801,5751,5829,6229,	
En 38 109 38 313,341,528,791,883,901,962,1218,2299,3054,3166,3220,3400,3448,3553,3999,4049,4085,4114,4754,4885,5109,5180,5741,5769,5956,6219,6311,6329,6390,6646,7727,8482,8594,8648,8828,8876,8981,	
4) 10 109 10 312,1341,1607,1628,1854,5740,6769,7035,7056,7282,	
apartado 11 109 11 310,423,1339,1605,1891,4932,5738,5851,6767,7033,7319,	
(ver 19 109 19 309,422,513,1338,1604,1622,1792,1848,1890,4931,5737,5850,5941,6766,7032,7050,7220,7276,7318,	
obstructivos 4 109 4 308,790,5736,6218,	
biliares 4 109 4 307,789,5735,6217,	
trastornos 4 109 4 306,788,5734,6216,	
administre 4 109 4 298,776,5726,6204,	
precaución 16 109 16 295,348,686,773,1045,1090,1391,4807,4924,5723,5776,6114,6201,6473,6518,6819,	
tenerse 7 109 7 294,771,2016,4923,5722,6199,7444,	
Debe 5 109 5 293,770,4922,5721,6198,	
hepática 18 109 18 292,304,317,396,750,782,795,4860,4865,4895,4930,5720,5732,5745,5824,6178,6210,6223,	
creatinina 4 109 4 286,846,5714,6274,	
potasio 28 109 28 283,655,659,666,677,695,843,1345,1348,1355,1365,1373,1384,1458,5711,6083,6087,6094,6105,6123,6271,6773,6776,6783,6793,6801,6812,6886,	
EU/1/06/371/025 1 109 1 5434,	
niveles 21 109 21 281,675,693,841,1334,1363,1370,1382,3034,3283,4339,5709,6103,6121,6269,6762,6791,6798,6810,8462,8711,	
extremidades 2 109 2 2722,8150,	
arteria 4 109 4 699,718,6127,6146,	
controlar 8 109 8 279,839,1368,2826,5707,6267,6796,8254,	
moderada 18 109 18 276,290,321,786,799,830,850,3678,4900,5192,5704,5718,5749,6214,6227,6258,6278,9106,	
reacciones 15 109 15 1957,2058,2096,2401,2413,2430,2524,4942,7385,7486,7524,7829,7841,7858,7952,	
leve 13 109 13 274,319,784,797,828,3676,4898,5702,5747,6212,6225,6256,9104,	
insuficiencia 31 109 31 271,288,303,316,781,794,825,848,904,950,977,1023,2582,3696,4185,4824,4864,5699,5716,5731,5744,6209,6222,6253,6276,6332,6378,6405,6451,8010,9124,	
posológico 6 109 6 266,1195,3743,5694,6623,9171,	
ajuste 4 109 4 265,1194,5693,6622,	
requiere 7 109 7 263,1089,1390,4806,5691,6517,6818,	
No 31 109 31 261,438,701,813,1058,1130,1270,1482,1514,1583,1855,1996,2595,4159,4475,4718,5275,5290,5689,5866,6129,6241,6486,6558,6698,6910,6942,7011,7283,7424,8023,	
renal 54 109 54 260,272,289,403,700,719,729,748,812,826,849,892,909,951,1453,1469,1778,1789,1826,2572,2583,3060,3076,3091,4642,4813,4825,4834,4852,5073,5688,5700,5717,5831,6128,6147,6157,6176,6240,6254,6277,6320,6337,6379,6881,6897,7206,7217,7254,8000,8011,8488,8504,8519,	
compuestos 3 109 3 2820,5225,8248,	
Alteración 10 109 10 259,291,749,811,4812,4859,5687,5719,6177,6239,	
contenga 2 109 2 252,5680,	
parcial 2 109 2 3320,8748,	
separados 2 109 2 248,5676,	
comprimidos/cápsulas 2 109 2 247,5675,	
recibiendo 4 109 4 242,582,5670,6010,	
están 5 109 5 241,581,4472,5669,6009,	
pasar 2 109 2 236,5664,	
conveniencia 2 109 2 233,5661,	
metabolito 2 109 2 4580,4592,	
Por 4 109 4 232,1460,5660,6888,	
directo 4 109 4 222,2912,5650,8340,	
cambio 4 109 4 221,3025,5649,8453,	
considerar 4 109 4 219,2658,5647,8086,	
adecuado 2 109 2 216,5644,	
clínicamente 5 109 5 215,2698,4487,5643,8126,	
sea 2 109 2 214,5642,	
Cuando 10 109 10 213,494,1413,1738,3601,5641,5922,6841,7166,9029,	
fija 4 109 4 212,231,5640,5659,	
combinación 29 109 29 209,228,1321,1324,1386,1513,1577,2054,2269,2290,2392,2854,3230,3724,3753,5637,5656,6749,6752,6814,6941,7005,7482,7697,7718,7820,8282,8658,9152,	
cambiar 6 109 6 206,475,1719,5634,5903,7147,	
primariamente 1 109 1 4600,	
valsartán) 5 109 5 203,4590,5037,5179,5631,	
decir 4 109 4 200,1144,5628,6572,	
(es 4 109 4 199,1143,5627,6571,	
Amlodipino 11 109 11 2352,2428,2877,3203,4210,4217,4304,7780,7856,8305,8631,	
componentes 10 109 10 198,258,2398,2409,2875,5626,5686,7826,7837,8303,	
individual 2 109 2 195,5623,	
titulación 2 109 2 191,5619,	
agua 2 109 2 187,5615,	
indica 1 109 1 4524,	
recomienda 28 109 28 180,189,278,347,602,838,1043,1272,1319,1328,1367,1463,1585,1817,5608,5617,5706,5775,6030,6266,6471,6700,6747,6756,6795,6891,7013,7245,	
Se 29 109 29 179,188,277,837,1088,1366,1389,1757,1930,2270,2631,3667,4173,4187,4572,4957,5086,5607,5616,5705,6265,6516,6794,6817,7185,7358,7698,8059,9095,	
alcanzar 2 109 2 4099,4133,	
alimentos 5 109 5 178,4266,4420,4502,5606,	
solos 4 109 4 171,2805,5599,8233,	
administrarse 5 109 5 153,174,4497,5581,5602,	
día 4 109 4 147,3660,5575,9088,	
recomendada 6 109 6 140,327,805,5568,5755,6233,	
dosis 46 109 46 139,194,211,230,255,325,352,576,803,2311,2385,2987,3063,3186,3564,3604,3615,3737,3750,4225,4571,4811,4983,5031,5049,5102,5146,5173,5567,5622,5639,5658,5683,5753,5780,6004,6231,7739,7813,8415,8491,8614,8992,9032,9043,9165,	
náuseas 2 109 2 2162,7590,	
La 37 109 37 138,1174,1629,2030,2374,2455,2615,2667,2696,2853,3530,3630,3723,3836,3944,4068,4145,4242,4254,4318,4397,4654,4685,4814,5566,6602,7057,7458,7802,7883,8043,8095,8124,8281,8958,9058,9151,	
bipedestación 2 109 2 3009,8437,	
efecto 26 109 26 1127,1429,1573,2275,2860,2910,3045,3176,3310,3371,3591,3745,4058,4490,5199,6555,6857,7001,7703,8288,8338,8473,8604,8738,8799,9019,	
administración 26 109 26 137,597,1175,1678,2234,2668,2985,3531,3561,3600,4222,4350,4380,4516,4627,4666,5565,6025,6603,7106,7662,8096,8413,8959,8989,9028,	
forma 8 109 8 135,1224,2690,4563,5076,5563,6652,8118,	
Posología 2 109 2 133,5561,	
monoterapia 12 109 12 130,225,1219,1493,2441,2535,5558,5653,6647,6921,7869,7963,	
anhidra 1 109 1 5254,	
o 55 109 55 127,167,176,305,339,389,400,600,720,787,1051,1053,1971,2012,2024,2579,2663,2676,3031,3099,3153,3163,3211,3218,3237,3712,4500,4733,5234,5555,5595,5604,5733,5767,5817,5828,6028,6148,6215,6479,6481,7399,7440,7452,8007,8091,8104,8459,8527,8581,8591,8639,8646,8665,9140,	
adecuadamente 8 109 8 124,162,3794,3914,4089,4117,5552,5590,	
Polaquiuria 2 109 2 2173,7601,	
controla 4 109 4 123,161,5551,5589,	
arterial 38 109 38 120,158,640,2749,2829,2866,2929,3015,3546,3583,3612,3680,3736,3777,3779,3852,3897,3899,3957,4003,4023,4084,4105,4139,4201,5548,5586,6068,8177,8257,8294,8357,8443,8974,9011,9040,9108,9164,	
presión 35 109 35 119,157,639,2748,2828,2865,2928,3014,3156,3545,3582,3611,3735,3776,3851,3896,3956,3992,4022,4083,4104,4138,5547,5585,6067,8176,8256,8293,8356,8442,8584,8973,9010,9039,9163,	
cuya 6 109 6 118,156,907,5546,5584,6335,	
pacientes 110 109 110 117,155,239,269,301,314,342,363,412,468,544,558,567,712,723,741,779,792,823,854,884,902,975,1047,1067,1100,1712,2045,2286,2317,2575,2580,2831,2990,3048,3055,3129,3234,3427,3453,3535,3557,3653,3690,3791,3803,3815,3829,3869,3911,3923,3937,3968,3989,4086,4115,4168,4178,4192,4287,4748,4755,4794,4862,4892,4927,5545,5583,5667,5697,5729,5742,5770,5791,5840,5896,5972,5986,5995,6140,6151,6169,6207,6220,6251,6282,6312,6330,6403,6475,6495,6528,7140,7473,7714,7745,8003,8008,8259,8418,8476,8483,8557,8662,8855,8881,8963,8985,9081,9118,	
indicado 4 109 4 115,1187,5543,6615,	
eliminen 2 109 2 2784,8212,	
está 7 109 7 114,358,875,4296,5542,5786,6303,	
Dafiro 58 109 58 113,142,148,172,182,250,299,356,551,599,614,710,739,777,820,1062,1522,1861,2033,2417,2601,2705,2817,2882,3656,3977,4010,4060,4072,4158,4163,4669,4694,5541,5570,5576,5600,5610,5678,5727,5784,5979,6027,6042,6138,6167,6205,6248,6490,6950,7289,7461,7845,8029,8133,8245,8310,9084,	
esencial 10 109 10 112,461,1705,2834,3672,5540,5889,7133,8262,9100,	
hipertensión 21 109 21 111,546,1071,2540,2833,2992,3236,3537,3640,3671,4172,5539,5974,6499,7968,8261,8420,8664,8965,9068,9099,	
Este 1 109 1 4591,	
Tratamiento 4 109 4 108,2650,5536,8078,	
exige 2 109 2 2706,8134,	
terapéuticas 7 109 7 107,2988,3064,4226,5535,8416,8492,	
Indicaciones 2 109 2 106,5534,	
	"4 2 109 2 104,5532,	
CLÍNICOS 2 109 2 103,5531,	
DATOS 3 109 3 102,5237,5530,	
4 60 109 60 101,131,311,378,424,425,427,429,430,515,518,1072,1276,1340,1578,1606,1624,1627,1850,1853,1985,2026,2335,2347,2349,2356,2363,2591,3621,4933,5213,5285,5529,5559,5739,5806,5852,5853,5855,5857,5858,5943,5946,6500,6768,7006,7034,7052,7055,7278,7281,7413,7454,7763,7775,7777,7784,7791,8019,9049,	
depresible 2 109 2 2238,7666,	
«NV» 1 109 1 96,	
cara 4 109 4 94,100,5522,5528,	
«NVR» 2 109 2 91,5519,	
impresión 2 109 2 90,5518,	
biselados 1 109 1 88,	
epidemiológica 2 109 2 1631,7059,	
bordes 1 109 1 87,	
oscuro 2 109 2 84,5515,	
amarillo 2 109 2 83,5514,	
redondo 1 109 1 82,	
Comprimido 2 109 2 78,5509,	
	Comprimido 2 109 2 74,5505,	
FARMACÉUTICA 2 109 2 73,5504,	
FORMA 2 109 2 72,5503,	
3 29 109 29 71,379,516,1625,1796,1851,2330,2345,2350,2354,2359,2367,3860,4680,4936,5210,5278,5502,5807,5944,7053,7224,7279,7758,7773,7778,7782,7787,7795,	
6 17 109 17 69,1579,2191,2337,3855,4660,4979,5236,5272,5277,5284,5307,5390,5391,5500,7007,7765,	
sección 4 109 4 68,1794,5499,7222,	
ver 2 109 2 67,5498,	
excipientes 5 109 5 66,394,5243,5497,5822,	
completa 2 109 2 64,5495,	
lista 2 109 2 63,5494,	
Para 3 109 3 61,5223,5492,	
valsartán 79 109 79 60,128,168,243,332,807,869,956,1269,1314,1388,1495,1882,1933,2052,2533,2608,2780,2844,3296,3408,3430,3478,3533,3634,3728,3796,3833,3875,3947,4176,4212,4383,4390,4428,4459,4495,4509,4526,4633,4657,4676,4701,4786,4858,4890,4989,5023,5055,5094,5108,5152,5167,5491,5556,5596,5671,5760,6235,6297,6384,6697,6742,6816,6923,7310,7361,7480,7961,8036,8208,8272,8724,8836,8858,8906,8961,9062,9156,	
80 8 109 8 57,169,329,809,2326,5757,6237,7754,	
besilato) 2 109 2 55,5486,	
(como 2 109 2 53,5484,	
amlodipino 96 109 96 52,54,126,164,201,245,763,972,999,1087,1112,1154,1185,1197,1226,1507,1909,1935,2056,2279,2297,2439,2618,2685,2695,2782,2835,2880,2906,2935,2993,3066,3137,3169,3226,3726,3839,3916,3941,3974,4091,4108,4119,4190,4228,4235,4257,4281,4321,4360,4369,4678,4703,4743,4762,4817,4872,4994,5060,5157,5483,5485,5554,5592,5629,5673,6191,6400,6427,6515,6540,6582,6613,6625,6654,6935,7337,7363,7484,7707,7725,7867,8046,8113,8123,8210,8263,8308,8334,8363,8421,8494,8565,8597,8654,9154,	
contiene 4 109 4 48,5319,5351,5479,	
recubierto 6 109 6 45,75,79,5476,5506,5510,	
comprimido 5 109 5 44,145,5246,5475,5573,	
	Cada 2 109 2 43,5474,	
CUANTITATIVA 2 109 2 42,5473,	
Y 2 109 2 41,5472,	
CUALITATIVA 2 109 2 40,5471,	
COMPOSICIÓN 2 109 2 39,5470,	
2 29 109 29 38,132,2046,2334,2340,2344,2348,2358,2360,2362,3574,3619,3960,4206,4637,4978,5273,5469,5560,7474,7762,7768,7772,7776,7786,7788,7790,9002,9047,	
película 13 109 13 37,47,77,81,5327,5343,5359,5370,5380,5468,5478,5508,5512,	
hemodinámicas 2 109 2 3115,8543,	
recubiertos 7 109 7 35,5325,5341,5357,5368,5378,5466,	
comprimidos 8 109 8 34,4708,5324,5340,5356,5367,5377,5465,	
mg 46 109 46 33,50,58,151,166,170,330,810,3798,3809,3821,3835,3841,3844,3877,3918,3929,3943,3949,3976,4014,4019,4042,4048,4093,4097,4110,4121,4131,4987,4992,5035,5053,5058,5106,5150,5155,5177,5464,5481,5489,5579,5594,5598,5758,6238,	
doble 5 109 5 2302,3762,3882,4909,7730,	
incluyendo 6 109 6 1401,2092,2710,6829,7520,8138,	
(GFR 2 109 2 831,6259,	
mg/80 4 109 4 32,150,4096,4130,	
5 44 109 44 31,49,149,165,1073,1795,1801,1892,2043,2332,2333,2341,2346,2353,2373,2388,2788,3819,3843,4012,4041,4047,4092,4095,4129,4205,4935,5308,5462,5480,5577,5593,6501,7223,7320,7471,7760,7761,7769,7774,7781,7801,7816,8216,	
	Dafiro 2 109 2 30,5461,	
paralelo 2 109 2 3770,3890,	
MEDICAMENTO 4 109 4 29,2793,5460,8221,	
interrumpirse 4 109 4 500,1744,5928,7172,	
NOMBRE 2 109 2 27,5458,	
atención 2 109 2 2724,8152,	
1 20 109 20 25,26,70,105,2336,2355,2361,2795,3651,3962,4974,5240,5457,5501,5533,7764,7783,7789,8223,9079,	
PRODUCTO 1 109 1 24,	
DEL 4 109 4 23,28,5455,5459,	
grupo 9 109 9 2838,2846,3769,3889,5021,5092,5165,8266,8274,	
CARACTERÍSTICAS 1 109 1 22,	
LAS 1 109 1 21,	
acciones 2 109 2 3276,8704,	
DE 10 109 10 20,2791,5403,5406,5422,5424,5440,5444,5452,8219,	
RESUMEN 1 109 1 19,	
O 1 109 1 18,	
absorción 3 109 3 2693,4692,8121,	
TÉCNICA 1 109 1 17,	
FICHA 1 109 1 16,	
información 1 109 1 13,	
Toda 1 109 1 11,	
cardiovascular 6 109 6 2708,3529,3693,8136,8957,9121,	
medicamento 4 109 4 10,15,1378,6806,	
mg/12 2 109 2 4040,4046,	
Basica 1 109 1 8,	
	Información 1 109 1 7,	
alteración 4 109 4 2471,2568,7899,7996,	
PELIC 1 109 1 6,	
4-6 2 109 2 3588,9016,	
CON 1 109 1 5,	
RECUB 1 109 1 4,	
COMP 1 109 1 3,	
28 2 109 2 2,5333,	
10MG/160MG 1 109 1 1,	
DAFIRO 1 109 1 0,	
