	Prospectos 1 524 1 9307,	
Antes 1 524 1 9304,	
utiliza 1 524 1 9302,	
Qué 1 524 1 9295,	
informe 1 524 1 9285,	
mencionado 1 524 1 9281,	
aprecia 1 524 1 9276,	
sufre 1 524 1 9271,	
adversos 1 524 1 9269,	
perjudicarles 1 524 1 9260,	
síntomas 1 524 1 9256,	
tengan 1 524 1 9253,	
personas 1 524 1 9251,	
le 1 524 1 9240,	
farmacéutico 2 524 2 9235,9290,	
duda 1 524 1 9229,	
leerlo 1 524 1 9224,	
volver 1 524 1 9222,	
Conserve 1 524 1 9214,	
empezar 1 524 1 9208,	
detenidamente 1 524 1 9205,	
Lea 1 524 1 9201,	
36 1 524 1 9193,	
34 1 524 1 9098,	
32 1 524 1 8835,	
29 1 524 1 8523,	
SUS 2 524 2 8313,9131,	
27 1 524 1 8297,	
con28 2 524 2 8193,8994,	
Envase 7 524 7 8185,8200,8216,8986,9001,9017,9033,	
	84 2 524 2 8180,8981,	
(INCLUYE 2 524 2 8140,8941,	
ESPECIAL(ES) 2 524 2 8020,8820,	
49 4 524 4 7962,8209,8762,9026,	
con14 4 524 4 7941,8224,8722,9041,	
múltiple 14 524 14 7934,7952,7971,8186,8201,8217,8715,8733,8752,8771,8987,9002,9018,9034,	
Componente 7 524 7 7930,7948,7967,8711,8729,8748,8767,	
ACTIVOS 4 524 4 7902,8157,8683,8958,	
BOX) 4 524 4 7887,8142,8668,8943,	
BLUE 4 524 4 7886,8141,8667,8942,	
MÚLTIPLES 4 524 4 7884,8139,8665,8940,	
INTERMEDIA 2 524 2 7881,8662,	
APARECER 2 524 2 7875,8656,	
Domingo 2 524 2 7871,8652,	
Viernes 2 524 2 7869,8650,	
Jueves 2 524 2 7868,8649,	
Miércoles 2 524 2 7867,8648,	
Martes 2 524 2 7866,8647,	
	Lunes 2 524 2 7865,8646,	
OTROS 2 524 2 7864,8645,	
	Lot 2 524 2 7862,8643,	
	EXP 2 524 2 7857,8638,	
BLÍSTER 4 524 4 7826,7827,8607,8608,	
TIRAS 2 524 2 7825,8606,	
INCLUIR 2 524 2 7821,8602,	
MÍNIMA 2 524 2 7819,8600,	
BRAILLE 6 524 6 7814,8123,8369,8595,8924,9187,	
GENERALES 6 524 6 7799,8108,8354,8580,8909,9172,	
Lote 6 524 6 7796,8105,8351,8577,8906,9169,	
LOTE 8 524 8 7795,7861,8104,8350,8576,8642,8905,9168,	
NÚMERO 8 524 8 7793,7859,8102,8348,8574,8640,8903,9166,	
13 6 524 6 7792,8101,8347,8573,8902,9165,	
EU/0/00/000/000 6 524 6 7791,8100,8346,8572,8901,9164,	
NUMERO(S) 2 524 2 7786,8567,	
CORRESPONDA) 6 524 6 7761,8070,8316,8542,8871,9134,	
(CUANDO 6 524 6 7760,8069,8315,8541,8870,9133,	
SU 4 524 4 7758,8067,8539,8868,	
DERIVADOS 6 524 6 7756,8065,8311,8537,8866,9129,	
MATERIALES 6 524 6 7755,8064,8310,8536,8865,9128,	
UTILIZADO 6 524 6 7751,8060,8306,8532,8861,9124,	
NO 6 524 6 7750,8059,8305,8531,8860,9123,	
ELIMINACIÓN 6 524 6 7747,8056,8302,8528,8857,9120,	
PRECAUCIONES 6 524 6 7744,8053,8299,8525,8854,9117,	
22 1 524 1 7732,	
	No 4 524 4 7725,8034,8280,8506,	
CONSERVACIÓN 6 524 6 7724,8033,8279,8505,8833,9096,	
ESPECIALES 14 524 14 7722,7745,8031,8054,8266,8277,8300,8503,8526,8831,8855,9083,9094,9118,	
	CAD 6 524 6 7719,8028,8274,8500,8828,9091,	
CADUCIDAD 8 524 8 7718,7856,8027,8273,8499,8637,8827,9090,	
NECESARIO 6 524 6 7714,8023,8269,8495,8823,9086,	
ES 6 524 6 7713,8022,8268,8494,8822,9085,	
(SIN 2 524 2 7885,8666,	
SI 6 524 6 7712,8021,8267,8493,8821,9084,	
ESPECIAL(es) 2 524 2 7711,8492,	
ADVERTENCIA(S) 6 524 6 7710,8019,8265,8491,8819,9082,	
vista 6 524 6 7704,8013,8259,8485,8813,9076,	
alcance 6 524 6 7700,8009,8255,8481,8809,9072,	
FUERA 6 524 6 7696,8005,8251,8477,8805,9068,	
MANTENERSE 6 524 6 7695,8004,8250,8476,8804,9067,	
prospecto 10 524 10 7681,7990,8236,8462,8790,9053,9204,9216,9284,9293,	
Vía 6 524 6 7677,7986,8232,8458,8786,9049,	
ADMINISTRACIÓN 6 524 6 7676,7985,8231,8457,8785,9048,	
VÍA(S) 6 524 6 7674,7983,8229,8455,8783,9046,	
CONTENIDO 6 524 6 7633,7922,8177,8419,8703,8978,	
	 8 524 8 7628,7917,8172,8414,8698,8834,8973,9097,	
EXCIPIENTES 6 524 6 7627,7916,8171,8413,8697,8972,	
ACTIVO(S) 2 524 2 7613,8399,	
ENVASE 8 524 8 7597,7635,7924,8179,8383,8421,8705,8980,	
PARA 4 524 4 7596,7882,8382,8663,	
CAJA 4 524 4 7595,7880,8381,8661,	
EXTERIOR 8 524 8 7594,7879,8134,8136,8380,8660,8935,8937,	
EL 12 524 12 7592,7692,7877,8001,8132,8247,8378,8473,8658,8801,8933,9064,	
QUE 12 524 12 7588,7691,7873,8000,8128,8246,8374,8472,8654,8800,8929,9063,	
21 1 524 1 7586,	
20 5 524 5 7583,7937,8220,8718,9037,	
PROSPECTO 2 524 2 7582,9192,	
III 1 524 1 7579,	
ANEXO 1 524 1 7578,	
EMEA 1 524 1 7577,	
petición 1 524 1 7574,	
riesgos) 1 524 1 7571,	
(Farmcovigilancia 1 524 1 7567,	
importante 1 524 1 7566,	
hito 1 524 1 7565,	
60 1 524 1 7555,	
vigentes 1 524 1 7539,	
afectar 1 524 1 7533,	
nueva 1 524 1 7529,	
reciba 1 524 1 7528,	
Además 1 524 1 7518,	
Seguridad 2 524 2 7516,7538,	
Periódico 1 524 1 7514,	
Informe 1 524 1 7513,	
presentarse 2 524 2 7506,7520,	
humano 1 524 1 7500,	
Directriz 1 524 1 7487,	
De 1 524 1 7483,	
CHMP 2 524 2 7482,7489,	
acordado 1 524 1 7479,	
PGR 3 524 3 7478,7504,7524,	
posterior 1 524 1 7476,	
presentado 1 524 1 7458,	
2007 1 524 1 7457,	
Mayo 1 524 1 7456,	
(PGR) 1 524 1 7451,	
detalladas 1 524 1 7432,	
adicionales 1 524 1 7429,	
realizar 1 524 1 7423,	
compromete 1 524 1 7421,	
TAC 1 524 1 7419,	
Riesgos 3 524 3 7417,7450,7495,	
Gestión 3 524 3 7415,7448,7493,	
Plan 4 524 4 7413,7435,7446,7541,	
mercado 1 524 1 7406,	
salga 1 524 1 7404,	
funcionamiento 1 524 1 7398,	
implementado 1 524 1 7395,	
Solicitud 2 524 2 7389,7467,	
Módulo 2 524 2 7383,7461,	
presentada 1 524 1 7380,	
2006) 1 524 1 7379,	
fecha 3 524 3 7375,7453,7560,	
(con 1 524 1 7374,	
versión 2 524 2 7372,7444,	
farmacovigilancia 2 524 2 7368,7431,	
garantizar 1 524 1 7363,	
Autorización 3 524 3 7358,7391,7469,	
Titular 1 524 1 7355,	
Farmacovigilancia 3 524 3 7353,7437,7543,	
Sistema 1 524 1 7351,	
OTRAS 1 524 1 7349,	
EFICAZ 1 524 1 7343,	
UTILIZACIÓN 1 524 1 7340,	
RELACIÓN 1 524 1 7337,	
sujeto 7 524 7 7328,7803,8112,8358,8584,8913,9176,	
Medicamento 7 524 7 7327,7802,8111,8357,8583,8912,9175,	
AL 1 524 1 7320,	
IMPUESTAS 1 524 1 7319,	
USO 13 524 13 7318,7759,7810,8068,8119,8314,8365,8540,8591,8869,8920,9132,9183,	
DISPENSACIÓN 7 524 7 7316,7801,8110,8356,8582,8911,9174,	
RESTRICCIONES 2 524 2 7314,7335,	
Italia 1 524 1 7303,	
Annunziata/NA 1 524 1 7302,	
Torre 1 524 1 7301,	
I-80058 1 524 1 7300,	
Schito 1 524 1 7298,	
Provinciale 1 524 1 7297,	
Contenido 1 524 1 9291,	
p 1 524 1 7294,	
S 1 524 1 7293,	
Farma 1 524 1 7292,	
lotes 1 524 1 7290,	
liberación 1 524 1 7287,	
fabricante 1 524 1 7283,	
Nombre 1 524 1 7279,	
CONDICIONES 17 524 17 7259,7305,7312,7333,7350,7721,7798,8030,8107,8276,8353,8502,8579,8830,8908,9093,9171,	
B 3 524 3 7258,7304,9191,	
LOTES 2 524 2 7257,7278,	
LOS 8 524 8 7256,7277,7754,8063,8309,8535,8864,9127,	
LIBERACIÓN 2 524 2 7254,7275,	
FABRICACIÓN 2 524 2 7250,7271,	
(3x30) 1 524 1 7152,	
15 7 524 7 6762,7807,8116,8362,8588,8917,9180,	
`IU' 1 524 1 3684,	
TEXTO 2 524 2 3633,7243,	
REVISIÓN 2 524 2 3631,7241,	
AUTORIZACIÓN/RENOVACIÓN 2 524 2 3623,7233,	
FECHA 12 524 12 3619,3628,7229,7238,7716,7854,8025,8271,8497,8635,8825,9088,	
NÚMERO(S) 6 524 6 3613,7223,8095,8341,8896,9159,	
Unido 8 524 8 3611,7221,7784,8093,8339,8565,8894,9157,	
Reino 8 524 8 3610,7220,7783,8092,8338,8564,8893,9156,	
5AB 8 524 8 3609,7219,7782,8091,8337,8563,8892,9155,	
RH12 8 524 8 3608,7218,7781,8090,8336,8562,8891,9154,	
Sussex 8 524 8 3607,7217,7780,8089,8335,8561,8890,9153,	
Horsham 8 524 8 3605,7215,7778,8087,8333,8559,8888,9151,	
Road 8 524 8 3604,7214,7777,8086,8332,8558,8887,9150,	
Wimblehurst 8 524 8 3603,7213,7776,8085,8331,8557,8886,9149,	
(CALENDARIO) 2 524 2 7828,8609,	
Limited 10 524 10 3602,7212,7775,7852,8084,8330,8556,8633,8885,9148,	
Europharm 10 524 10 3601,7211,7774,7851,8083,8329,8555,8632,8884,9147,	
	Novartis 4 524 4 3600,7210,7850,8631,	
COMERCIALIZACIÓN 21 524 21 3599,3617,7209,7227,7264,7310,7326,7772,7790,7849,8081,8099,8327,8345,8553,8571,8630,8882,8900,9145,9163,	
AUTORIZACIÓN 25 524 25 3597,3615,3626,7207,7225,7236,7248,7262,7269,7308,7324,7770,7788,7847,8079,8097,8325,8343,8551,8569,8628,8880,8898,9143,9161,	
LA 24 524 24 3596,3621,3625,3630,7206,7231,7235,7240,7247,7253,7261,7268,7274,7307,7323,7339,7769,7846,8078,8324,8550,8627,8879,9142,	
TITULAR 13 524 13 3594,7204,7245,7266,7321,7767,7844,8076,8322,8548,8625,8877,9140,	
realizará 2 524 2 3586,7196,	
contacto 2 524 2 3582,7192,	
hayan 2 524 2 3579,7189,	
materiales 2 524 2 3577,7187,	
utilizado 2 524 2 3572,7182,	
tamaños 2 524 2 3558,7168,	
comercializados 2 524 2 3556,7166,	
Puede 2 524 2 3552,7162,	
múltiples 2 524 2 3551,7161,	
(20x14) 2 524 2 3547,7157,	
(3x28) 2 524 2 3542,7150,	
envases 20 524 20 3539,3550,3560,7147,7160,7170,7938,7956,7975,8190,8205,8221,8719,8737,8756,8775,8991,9006,9022,9038,	
280 6 524 6 3536,3546,7144,7156,8211,9028,	
98 6 524 6 3534,3543,7142,7153,8195,9012,	
90 5 524 5 3533,7141,7151,7666,8996,	
84 4 524 4 3532,3541,7140,7149,	
56 4 524 4 3531,7139,7661,8447,	
50 4 524 4 3530,7138,7656,8442,	
considerando 1 524 1 7473,	
Envases 2 524 2 3524,7132,	
Blister 2 524 2 3521,7129,	
Naturaleza 2 524 2 3515,7123,	
protegerlo 8 524 8 3509,7117,7739,8047,8293,8519,8849,9112,	
original 8 524 8 3507,7115,7737,8045,8291,8517,8847,9110,	
embalaje 8 524 8 3506,7114,7736,8044,8290,8516,8846,9109,	
	7 2 524 2 7636,8422,	
Conservar 8 524 8 3503,7111,7733,8041,8287,8513,8843,9106,	
superior 8 524 8 3500,7108,7729,8038,8284,8510,8840,9103,	
temperatura 8 524 8 3499,7107,7728,8037,8283,8509,8839,9102,	
conservación 2 524 2 3495,7103,	
Precauciones 4 524 4 3492,3563,7100,7173,	
validez 2 524 2 3487,7095,	
procede 3 524 3 3482,7090,7347,	
171) 2 524 2 3477,7085,	
titanio 2 524 2 3475,7083,	
Dióxido 2 524 2 3473,7081,	
rojo 3 524 3 3470,3679,7078,	
172) 4 524 4 3466,3472,7074,7080,	
(E 6 524 6 3465,3471,3476,7073,7079,7084,	
negro 2 524 2 3464,7072,	
hierro 4 524 4 3463,3469,7071,7077,	
Óxido 4 524 4 3461,3467,7069,7075,	
Talco 2 524 2 3460,7068,	
Macrogol 2 524 2 3459,7067,	
coloidal 2 524 2 3456,7064,	
Sílice 2 524 2 3455,7063,	
Povidona 2 524 2 3454,7062,	
microcristalina 2 524 2 3453,7061,	
Estearato 2 524 2 3449,7057,	
Crospovidona 2 524 2 3448,7056,	
	6 2 524 2 3443,7051,	
FARMACÉUTICOS 2 524 2 3442,7050,	
esperados 2 524 2 3437,7045,	
consistentes 2 524 2 3426,7034,	
repetidas 2 524 2 3422,7030,	
hallazgos 2 524 2 3414,7022,	
OTRA(S) 6 524 6 7709,8018,8264,8490,8818,9081,	
central 2 524 2 3409,7017,	
nerviosa 2 524 2 3408,7016,	
adverso 3 524 3 3404,7012,9279,	
ningún 2 524 2 3402,7010,	
normativas 2 524 2 3591,7201,	
(300 2 524 2 3393,7001,	
superiores 2 524 2 3384,6992,	
exposiciones 2 524 2 3375,6983,	
dieron 2 524 2 3372,6980,	
administradas 2 524 2 3367,6975,	
postnatal 2 524 2 3358,6966,	
prenatal 2 524 2 3356,6964,	
desarrollo 2 524 2 3355,6963,	
100 2 524 2 3340,6948,	
teratogenicidad 2 524 2 3330,6938,	
embriofetal 2 524 2 3328,6936,	
evidencias 2 524 2 3325,6933,	
revelaron 4 524 4 3324,3401,6932,7009,	
INSTRUCCIONES 6 524 6 7808,8117,8363,8589,8918,9181,	
reproductiva 2 524 2 3320,6928,	
toxicidad 6 524 6 3319,3327,3419,6927,6935,7027,	
mamíferos 2 524 2 3309,6917,	
bacterianas 2 524 2 3306,6914,	
células 2 524 2 3305,6913,	
incluyeron 2 524 2 3300,6908,	
Entre 2 524 2 3295,6903,	
vitro 4 524 4 3291,3303,6899,6911,	
in 8 524 8 3290,3293,3302,3312,6898,6901,6910,6920,	
mutagenicidad 2 524 2 3289,6897,	
mutagénico 2 524 2 3284,6892,	
UNITARIO 2 524 2 7598,8384,	
carcinogénesis 2 524 2 3277,6885,	
250 4 524 4 3271,3363,6879,6971,	
Lista 2 524 2 3445,7053,	
mucosa 2 524 2 3267,6875,	
fecales 2 524 2 3256,6864,	
margen 2 524 2 3246,6854,	
estableciéndose 2 524 2 3244,6852,	
voluntarios 2 524 2 3236,6844,	
PRIMERA 2 524 2 3622,7232,	
apropiados 2 524 2 3230,6838,	
consideraron 2 524 2 3229,6837,	
márgenes 2 524 2 3223,6831,	
conocido 4 524 4 3221,3432,6829,7040,	
Aunque 2 524 2 3216,6824,	
significativos 2 524 2 3215,6823,	
estadísticamente 2 524 2 3214,6822,	
mg/kg/día 10 524 10 3210,3272,3336,3341,3364,6818,6880,6944,6949,6972,	
500 2 524 2 3209,6817,	
adenoma 2 524 2 3194,6802,	
registraron 2 524 2 3190,6798,	
Hipromelosa 2 524 2 3458,7066,	
observó 4 524 4 3186,3348,6794,6956,	
transgénicos 2 524 2 3183,6791,	
ratones 2 524 2 3182,6790,	
estudio 6 524 6 3168,3177,3275,6776,6785,6883,	
carcinógeno 4 524 4 3163,3188,6771,6796,	
potencial 10 524 10 3162,3187,3219,3283,3429,6770,6795,6827,6891,7037,	
significativamente 2 524 2 3123,6731,	
afectada 2 524 2 3122,6730,	
vio 2 524 2 3121,6729,	
correlaciona 2 524 2 3077,6685,	
observada 2 524 2 3074,6682,	
variabilidad 2 524 2 3073,6681,	
únicas 2 524 2 3069,6677,	
sanos 4 524 4 3063,3237,6671,6845,	
oscilaron 2 524 2 3048,6656,	
individuos 4 524 4 3044,3062,6652,6670,	
relativos 2 524 2 3040,6648,	
grados 2 524 2 3031,6639,	
diferentes 2 524 2 3030,6638,	
evaluó 4 524 4 3022,3165,6630,6773,	
relevante 2 524 2 3015,6623,	
peso 2 524 2 3007,6615,	
jóvenes 2 524 2 3004,6612,	
(> 2 524 2 2998,6606,	
· 6 524 6 7311,7332,7348,7525,7552,7572,	
elevado 2 524 2 2992,6600,	
independientemente 2 524 2 2975,6583,	
adultos 2 524 2 2974,6582,	
Características 2 524 2 2956,6564,	
hepatobiliar 2 524 2 2955,6563,	
lugar 4 524 4 2945,3373,6553,6981,	
transportadores 2 524 2 2942,6550,	
mecanismo 2 524 2 2936,6544,	
Un 2 524 2 2934,6542,	
linealidad 2 524 2 2933,6541,	
desviación 2 524 2 2930,6538,	
responsables 2 524 2 2927,6535,	
mecanismos 2 524 2 2926,6534,	
pronunciada 2 524 2 2916,6524,	
no-linealidad 2 524 2 2912,6520,	
~2 2 524 2 2898,6506,	
resultado 2 524 2 2894,6502,	
dio 2 524 2 2892,6500,	
incremento 4 524 4 2864,2896,6472,6504,	
respecto 2 524 2 2862,6470,	
proporcionalmente 2 524 2 2861,6469,	
aumentó 2 524 2 2858,6466,	
Linealidad/no-linealidad 2 524 2 2853,6461,	
l/h 2 524 2 2852,6460,	
plasmático 2 524 2 2846,6454,	
subsiguiente 2 524 2 2887,6495,	
orina 2 524 2 2835,6443,	
(TAC) 1 524 1 7361,	
recupera 2 524 2 2833,6441,	
Aproximadamente 2 524 2 2825,6433,	
metabolismo 2 524 2 2821,6429,	
responsable 3 524 3 2818,6426,7284,	
4% 2 524 2 2810,6418,	
(78%) 2 524 2 2804,6412,	
heces 2 524 2 2803,6411,	
inalterado 2 524 2 2800,6408,	
actividades 2 524 2 7428,7547,	
principalmente 2 524 2 2799,6407,	
elimina 2 524 2 2798,6406,	
34-41 2 524 2 2794,6402,	
(rango 2 524 2 2793,6401,	
40 2 524 2 2791,6399,	
semivida 2 524 2 2785,6393,	
Metabolismo 2 524 2 2781,6389,	
(47-51%) 2 524 2 2775,6383,	
magnesio 2 524 2 3451,7059,	
proteínas 2 524 2 2771,6379,	
unión 2 524 2 2766,6374,	
espacio 2 524 2 2763,6371,	
distribuye 2 524 2 2759,6367,	
litros 2 524 2 2752,6360,	
extravascular 2 524 2 2764,6372,	
135 2 524 2 2751,6359,	
distribución 2 524 2 2742,6350,	
intravenosa 4 524 4 2738,2843,6346,6451,	
Distribución 2 524 2 2734,6342,	
concentración 4 524 4 2728,2780,6336,6388,	
son 4 524 4 2722,3549,6330,7159,	
dichas 2 524 2 2720,6328,	
días; 2 524 2 2719,6327,	
plazo 2 524 2 2716,6324,	
diaria 2 524 2 2704,6312,	
única 4 524 4 2703,2874,6311,6482,	
70% 2 524 2 2696,6304,	
85% 2 524 2 2690,6298,	
2-3% 2 524 2 2676,6284,	
absoluta 2 524 2 2670,6278,	
1-3 2 524 2 2666,6274,	
alcanzan 4 524 4 2663,2713,6271,6321,	
máximas 2 524 2 2659,6267,	
concentraciones 10 524 10 2657,2706,2721,3255,3265,6265,6314,6329,6863,6873,	
Absorción 2 524 2 2651,6259,	
farmacocinéticas 2 524 2 2650,6258,	
electrocardiografía 2 524 2 2643,6251,	
comparador 2 524 2 2640,6248,	
ciego 4 524 4 2635,3202,6243,6810,	
aleatorizado 2 524 2 2633,6241,	
Electrofisiología 2 524 2 2619,6227,	
diana 2 524 2 2618,6226,	
órganos 2 524 2 2617,6225,	
daño 2 524 2 2615,6223,	
morbilidad 2 524 2 2612,6220,	
mortalidad 2 524 2 2611,6219,	
términos 2 524 2 2609,6217,	
beneficiosos 2 524 2 2607,6215,	
pueda 1 524 1 7532,	
aún 2 524 2 2602,6210,	
conoce 2 524 2 2601,6209,	
rebote 2 524 2 2590,6198,	
fertilidad 2 524 2 3352,6960,	
evidencia 2 524 2 2587,6195,	
cabo 2 524 2 2582,6190,	
gradualmente 2 524 2 2577,6185,	
revirtieron 2 524 2 2576,6184,	
cifras 2 524 2 2572,6180,	
(< 2 524 2 2555,6163,	
complicada 2 524 2 2543,6151,	
1%) 4 524 4 2537,2556,6145,6164,	
excesivo 2 524 2 2535,6143,	
registrado 4 524 4 2504,2624,6112,6232,	
(4 2 524 2 2499,6107,	
8%) 2 524 2 2494,6102,	
obtenida 4 524 4 2454,2729,6062,6337,	
adicional 4 524 4 2446,2479,6054,6087,	
obesos 2 524 2 2428,6036,	
DEBE 12 524 12 7589,7694,7874,8003,8129,8249,8375,8475,8655,8803,8930,9066,	
mostró 4 524 4 2420,3282,6028,6890,	
estudiar 2 524 2 2402,6010,	
diseñado 2 524 2 2400,6008,	
específicamente 2 524 2 2399,6007,	
mg) 4 524 4 2394,3394,6002,7002,	
Incompatibilidades 2 524 2 3480,7088,	
2% 2 524 2 2390,5998,	
11 11 524 11 2389,3250,4444,5997,6858,7762,8071,8317,8543,8872,9135,	
frente 2 524 2 2387,5995,	
mg/amlodipino 2 524 2 2384,5992,	
1% 2 524 2 2380,5988,	
(2 2 524 2 2379,5987,	
edema 2 524 2 2378,5986,	
menor 4 524 4 2375,2489,5983,6097,	
obtenido 2 524 2 2362,5970,	
coadministración 2 524 2 2351,5959,	
respondieron 4 524 4 2338,2431,5946,6039,	
PRINCIPIO(S) 6 524 6 7612,7901,8156,8398,8682,8957,	
combinó 2 524 2 2328,5936,	
toleradas 2 524 2 2319,5927,	
betabloqueante 2 524 2 2313,5921,	
antagonista 4 524 4 2304,2412,5912,6020,	
calcio 4 524 4 2301,2348,5909,5956,	
canales 4 524 4 2299,2346,5907,5954,	
bloqueante 4 524 4 2297,2344,5905,5952,	
combinaciones 4 524 4 2285,2316,5893,5924,	
eficaz 4 524 4 2277,2964,5885,6572,	
seguro 2 524 2 2275,5883,	
12 9 524 9 2262,5009,5870,7785,8094,8340,8566,8895,9158,	
adición 4 524 4 2438,2457,6046,6065,	
25 5 524 5 2259,2435,5867,6043,8051,	
acuerdo 3 524 3 3588,7198,7484,	
HCTZ 4 524 4 2258,2434,5866,6042,	
4/10 2 524 2 2254,5862,	
14 12 524 12 2253,3527,5861,7135,7641,7797,8106,8352,8427,8578,8907,9170,	
disminución 2 524 2 2251,5859,	
comparación 4 524 4 2248,3269,5856,6877,	
0/12 2 524 2 2244,5852,	
17 2 524 2 2243,5851,	
sistólica/diastólica 2 524 2 2241,5849,	
local 2 524 2 3431,7039,	
disminuyó 2 524 2 2238,5846,	
HCTZ) 2 524 2 2234,5842,	
Especificaciones 1 524 1 7536,	
- 6 524 6 2233,5841,9213,9225,9236,9261,	
(hidroclorotiazida 2 524 2 2232,5840,	
diurético 4 524 4 2231,2291,5839,5899,	
Comparado 2 524 2 2228,5836,	
10 14 524 14 2370,2393,2464,3627,5978,6001,6072,7237,7743,8052,8298,8524,8853,9116,	
ARA 2 524 2 2226,5834,	
clases 2 524 2 2217,5825,	
mostrado 2 524 2 2209,5817,	
dárselo 1 524 1 9248,	
75 4 524 4 2197,2881,5805,6489,	
426 2 524 2 2194,5802,	
mayores 4 524 4 2191,2200,5799,5808,	
864 2 524 2 2185,5793,	
duración 2 524 2 2164,5772,	
mantuvo 2 524 2 2158,5766,	
hipotensor 14 524 14 2153,2156,2212,2324,2359,2423,2534,5761,5764,5820,5932,5967,6031,6142,	
máximo 2 524 2 2151,5759,	
Tras 14 524 14 2141,2566,2652,2697,2735,2840,2868,5749,6174,6260,6305,6343,6448,6476,	
98% 2 524 2 2134,5742,	
respuesta 2 524 2 2129,5737,	
trough 2 524 2 2125,5733,	
(peak 2 524 2 2123,5731,	
medio 6 524 6 2122,2743,2847,5730,6351,6455,	
T/P 2 524 2 2121,5729,	
mañana 2 524 2 2116,5724,	
beneficio 2 524 2 2113,5721,	
(manteniendo 2 524 2 2111,5719,	
horas 6 524 6 2110,2667,2792,5718,6275,6400,	
24 2 524 2 2109,5717,	
mantenía 2 524 2 2101,5709,	
diastólica 4 524 4 2098,2130,5706,5738,	
sistólica 2 524 2 2096,5704,	
dosis-dependiente 2 524 2 2091,5699,	
reducción 6 524 6 2090,2445,2478,5698,6053,6086,	
produjo 2 524 2 2088,5696,	
Hipertensión 2 524 2 2068,5676,	
5-7 2 524 2 2718,6326,	
diferencias 2 524 2 2062,5670,	
clínicas 2 524 2 2059,5667,	
implicaciones 2 524 2 2058,5666,	
desconocen 2 524 2 2056,5664,	
independiente 6 524 6 2042,2167,2777,5650,5775,6385,	
Estas 2 524 2 2315,5923,	
similares 2 524 2 2025,5633,	
reducciones 2 524 2 2024,5632,	
observaron 2 524 2 2023,5631,	
50-80% 2 524 2 2021,5629,	
ampliamente 2 524 2 2760,6368,	
ARP 8 524 8 2014,2035,2067,2598,5622,5643,5675,6206,	
(ARP) 2 524 2 2007,5615,	
plasmática 2 524 2 2006,5614,	
INFORMACIÓN 14 524 14 7587,7812,7818,7872,8121,8127,8367,8373,8593,8599,8653,8922,8928,9185,	
actividad 2 524 2 2002,5610,	
compensatorio 2 524 2 1999,5607,	
causan 2 524 2 1996,5604,	
(ARA 2 524 2 1993,5601,	
(IECA 2 524 2 1983,5591,	
aclaramiento 4 524 4 2845,2954,6453,6562,	
diferencia 2 524 2 1977,5585,	
A 9 524 9 1976,5584,7244,7265,7295,7573,7584,7820,8601,	
II 6 524 6 1975,1992,2227,5583,5600,5835,	
disminuyendo 2 524 2 1965,5573,	
I 4 524 4 1963,1972,5571,5580,	
angiotensinógeno 2 524 2 1960,5568,	
conversión 2 524 2 1958,5566,	
bloqueando 2 524 2 1956,5564,	
activación 2 524 2 1955,5563,	
punto 2 524 2 1953,5561,	
Mediante 2 524 2 1941,5549,	
	Mantener 6 524 6 7697,8006,8252,8478,8806,9069,	
ovalado 1 524 1 3678,	
oral 14 524 14 1940,2655,2814,2839,5548,6263,6422,6447,7678,7987,8233,8459,8787,9050,	
vía 4 524 4 1939,2952,5547,6560,	
naturaleza 2 524 2 1933,5541,	
West 8 524 8 3606,7216,7779,8088,8334,8560,8889,9152,	
humana 2 524 2 1931,5539,	
potente 2 524 2 1927,5535,	
selectivo 2 524 2 1925,5533,	
irritativo 4 524 4 3220,3430,6828,7038,	
inhibidor 2 524 2 1923,5531,	
humedad 8 524 8 3512,7120,7742,8050,8296,8522,8852,9115,	
C09XA02 2 524 2 1919,5527,	
ATC 2 524 2 1918,5526,	
código 2 524 2 1917,5525,	
farmacoterapéutico 2 524 2 1912,5520,	
Grupo 2 524 2 1911,5519,	
farmacodinámicas 2 524 2 1910,5518,	
conservar 8 524 8 3497,7105,7726,8035,8281,8507,8837,9100,	
Propiedades 4 524 4 1909,2649,5517,6257,	
	5 2 524 2 1907,5515,	
MEDICAMENTO 23 524 23 1906,5514,7345,7602,7693,7749,7832,7891,8002,8058,8146,8248,8304,8388,8474,8530,8613,8672,8802,8859,8947,9065,9122,	
ESTE 2 524 2 1905,5513,	
FARMACOLÓGICAS 2 524 2 1903,5511,	
PROPIEDADES 2 524 2 1902,5510,	
soporte 2 524 2 1900,5508,	
produce 2 524 2 1891,5499,	
relacionada 2 524 2 1882,5490,	
prescripción 7 524 7 7330,7805,8114,8360,8586,8915,9178,	
sería 2 524 2 1880,5488,	
probable 2 524 2 1876,5484,	
manifestación 2 524 2 1874,5482,	
humanos 6 524 6 1872,3227,3392,5480,6835,7000,	
sobredosis 4 524 4 1870,1879,5478,5487,	
acerca 2 524 2 1867,5475,	
limitados 2 524 2 1866,5474,	
dispone 2 524 2 1863,5471,	
9 14 524 14 1860,2851,3248,3618,5468,6459,6856,7228,7720,8029,8275,8501,8829,9092,	
enfermedad 4 524 4 1854,3127,5462,6735,	
electrolitos 2 524 2 1842,5450,	
rutinario 2 524 2 1839,5447,	
control 2 524 2 1838,5446,	
agente 2 524 2 1829,5437,	
5%) 2 524 2 1823,5431,	
(5 2 524 2 1822,5430,	
normotensos 2 524 2 2053,5661,	
IECA 6 524 6 1808,2223,2294,5416,5831,5902,	
usó 2 524 2 1803,5411,	
clínico 4 524 4 1798,2398,5406,6006,	
ensayo 8 524 8 1797,2397,2632,3234,5405,6005,6240,6842,	
Celulosa 2 524 2 3452,7060,	
placebo) 2 524 2 1792,5400,	
Sobredosis 2 524 2 1861,5469,	
6% 4 524 4 1788,2828,5396,6436,	
9% 2 524 2 1784,5392,	
días 1 524 1 7556,	
aumentos 4 524 4 1771,1813,5379,5421,	
monoterapia 10 524 10 1769,2207,2272,2498,2548,5377,5815,5880,6106,6156,	
Sábado 2 524 2 7870,8651,	
receptores 8 524 8 1752,1988,2307,2415,5360,5596,5915,6023,	
antagonistas 4 524 4 1749,1985,5357,5593,	
(IECA) 2 524 2 1746,5354,	
convertidora 2 524 2 1743,5351,	
enzima 6 524 6 1742,1945,2817,5350,5553,6425,	
angiotensina 18 524 18 1736,1745,1755,1962,1971,1974,1991,2309,2417,5344,5353,5363,5570,5579,5582,5599,5917,6025,	
renina 10 524 10 1735,1916,1930,1946,2005,5343,5524,5538,5554,5613,	
fármacos 2 524 2 1729,5337,	
observa 2 524 2 1726,5334,	
plasmáticas 6 524 6 2658,2707,2772,6266,6315,6380,	
anemia 2 524 2 1721,5329,	
interrumpió 2 524 2 1715,5323,	
paciente 2 524 2 1714,5322,	
Ningún 2 524 2 1713,5321,	
respectivamente) 2 524 2 1712,5320,	
16 9 524 9 1706,5314,7128,7811,8120,8366,8592,8921,9184,	
mmol/l 2 524 2 1703,5311,	
05 2 524 2 1702,5310,	
0 10 524 10 1701,1705,1787,2827,3050,5309,5313,5395,6435,6658,	
aproximadamente 16 524 16 1700,2019,2674,2723,2750,2790,2807,2850,5308,5627,6282,6331,6358,6398,6415,6458,	
Holter 2 524 2 2646,6254,	
medios 2 524 2 1698,5306,	
(descensos 2 524 2 1697,5305,	
valores 4 524 4 1692,3056,5300,6664,	
descensos 2 524 2 1689,5297,	
elevada 2 524 2 2036,5644,	
pequeños 4 524 4 1688,1779,5296,5387,	
observado 4 524 4 1687,2529,5295,6137,	
hematocrito 4 524 4 1684,1696,5292,5304,	
Hemoglobina 2 524 2 1682,5290,	
úrico 2 524 2 1681,5289,	
glucosa 2 524 2 1675,5283,	
30°C 6 524 6 7731,8040,8286,8512,8842,9105,	
ayunas 4 524 4 1673,1677,5281,5285,	
triglicéridos 2 524 2 1671,5279,	
(HDL-C) 2 524 2 1669,5277,	
densidad 2 524 2 1668,5276,	
alta 2 524 2 1667,5275,	
comercialice 1 524 1 7412,	
realizados 2 524 2 3298,6906,	
lipoproteínas 2 524 2 1665,5273,	
total 4 524 4 1660,2815,5268,6423,	
colesterol 4 524 4 1659,1662,5267,5270,	
importantes 2 524 2 1656,5264,	
estándar 4 524 4 1642,2644,5250,6252,	
parámetros 2 524 2 1641,5249,	
131 1 524 1 7299,	
laboratorio 4 524 4 1623,1644,5231,5252,	
Datos 4 524 4 1621,3157,5229,6765,	
médico 4 524 4 1620,5228,9233,9288,	
comparado 2 524 2 1785,5393,	
contactar 2 524 2 1617,5225,	
interrumpir 2 524 2 1613,5221,	
producto 2 524 2 7403,7410,	
lengua) 2 524 2 1609,5217,	
labios 2 524 2 1607,5215,	
consulte 1 524 1 9230,	
directo 2 524 2 1924,5532,	
ojos 2 524 2 1606,5214,	
moderada 2 524 2 2774,6382,	
hinchazón 2 524 2 1601,5209,	
descrito 1 524 1 7369,	
tragar 2 524 2 1599,5207,	
respiración 2 524 2 1596,5204,	
dificultades 2 524 2 1593,5201,	
particular 2 524 2 1592,5200,	
adenocarcinoma 2 524 2 3200,6808,	
alérgica 2 524 2 1590,5198,	
sugieran 2 524 2 1587,5195,	
signos 2 524 2 1585,5193,	
administra 2 524 2 2967,6575,	
aparecen 2 524 2 1584,5192,	
Si 6 524 6 1583,1889,5191,5497,9226,9262,	
registrada 2 524 2 1575,5183,	
comparable 6 524 6 1572,2213,2451,5180,5821,6059,	
notificaron 2 524 2 1560,5168,	
raramente 4 524 4 1558,1632,5166,5240,	
angioedema 4 524 4 1548,1563,5156,5171,	
notificado 2 524 2 1545,5153,	
Rash 2 524 2 1542,5150,	
subcutáneo 2 524 2 1539,5147,	
tejido 2 524 2 1538,5146,	
piel 2 524 2 1535,5143,	
Diarrea 2 524 2 1531,5139,	
Frecuentes 2 524 2 1530,5138,	
gastrointestinales 2 524 2 1529,5137,	
Trastornos 4 524 4 1528,1532,5136,5140,	
Tabla 2 524 2 1526,5134,	
intervalo 8 524 8 1523,2105,2628,2877,5131,5713,6236,6485,	
gravedad 4 524 4 1519,3080,5127,6688,	
presentan 2 524 2 1514,5122,	
aislados 2 524 2 1509,5117,	
000) 2 524 2 1506,5114,	
(<1/10 2 524 2 1505,5113,	
000); 2 524 2 1502,5110,	
<1/1 2 524 2 1501,5109,	
(1/10 2 524 2 1499,5107,	
<1/100); 2 524 2 1497,5105,	
000 4 524 4 1496,1500,5104,5108,	
acordó 1 524 1 7441,	
(1/1 2 524 2 1495,5103,	
<1/10); 2 524 2 1492,5100,	
(1/100 2 524 2 1491,5099,	
(1/10); 2 524 2 1489,5097,	
EN 15 524 15 7336,7591,7813,7822,7876,8122,8131,8368,8377,8594,8603,8657,8923,8932,9186,	
frecuentes 12 524 12 1488,1490,1494,1541,1782,1821,5096,5098,5102,5149,5390,5429,	
inhibidores 4 524 4 1739,1980,5347,5588,	
convención 2 524 2 1486,5094,	
con49 2 524 2 7978,8778,	
siguiente 3 524 3 1485,5093,7512,	
utilizando 4 524 4 1483,2642,5091,6250,	
decreciente 4 524 4 1480,1517,5088,5125,	
orden 4 524 4 1479,1516,5087,5124,	
frecuencia 8 524 8 1477,1482,1525,2517,5085,5090,5133,6125,	
epígrafe 2 524 2 1475,5083,	
enumeran 2 524 2 1472,5080,	
(Tabla 2 524 2 1469,5077,	
9%) 2 524 2 1465,5073,	
6%) 2 524 2 1457,5065,	
(0 8 524 8 1456,1464,1783,2536,5064,5072,5391,6144,	
tos 4 524 4 1449,2492,5057,6100,	
frecuente 4 524 4 1442,2554,5050,6162,	
adversa 2 524 2 1440,5048,	
interrupción 4 524 4 1435,2568,5043,6176,	
requirieron 2 524 2 1433,5041,	
raras 6 524 6 1431,1498,1504,5039,5106,5112,	
sólo 2 524 2 1429,5037,	
transitorias 2 524 2 1427,5035,	
leves 2 524 2 1425,5033,	
general 2 524 2 1424,5032,	
indujo 6 524 6 2321,2443,2476,5929,6051,6084,	
Las 10 524 10 1419,1466,1510,2677,3365,5027,5074,5118,6285,6973,	
placebo 8 524 8 1418,1455,1580,2638,5026,5063,5188,6246,	
similar 6 524 6 1416,1451,2360,5024,5059,5968,	
exposición 2 524 2 2855,6463,	
global 2 524 2 1412,5020,	
étnico 8 524 8 1397,2178,2985,3010,5005,5786,6593,6618,	
respiratoria 2 524 2 3410,7018,	
origen 8 524 8 1396,2177,2984,3009,5004,5785,6592,6617,	
raza 2 524 2 1394,5002,	
7%) 2 524 2 2500,6108,	
corporal 6 524 6 1393,2175,2982,5001,5783,6590,	
masa 6 524 6 1392,2174,2981,5000,5782,6589,	
QT 2 524 2 2629,6237,	
índice 8 524 8 1390,2120,2172,2979,4998,5728,5780,6587,	
sexo 8 524 8 1388,2171,2977,3006,4996,5779,6585,6614,	
Poco 2 524 2 1540,5148,	
incidencia 12 524 12 1379,1411,1447,1571,2376,2490,4987,5019,5055,5179,5984,6098,	
año 2 524 2 1377,4985,	
meses 4 524 4 1366,3180,4974,6788,	
tratados 12 524 12 1361,1372,1461,1765,2522,2544,4969,4980,5069,5373,6130,6152,	
incluyen 2 524 2 1356,4964,	
800 2 524 2 1350,4958,	
II)) 2 524 2 1994,5602,	
adversas 12 524 12 1338,1382,1415,1421,1468,1512,4946,4990,5023,5029,5076,5120,	
Reacciones 2 524 2 1337,4945,	
insignificante 2 524 2 1334,4942,	
grave; 2 524 2 3103,6711,	
influencia 4 524 4 1320,3013,4928,6621,	
antihipertensiva 2 524 2 1318,4926,	
medicación 2 524 2 1317,4925,	
asociados 2 524 2 1314,4922,	
fatiga 2 524 2 1313,4921,	
mareos 2 524 2 1311,4919,	
producirse 2 524 2 1310,4918,	
ocasionalmente 2 524 2 1308,4916,	
maneje 2 524 2 1305,4913,	
conduzca 2 524 2 1302,4910,	
saturación 2 524 2 2939,6547,	
cuenta 2 524 2 1299,4907,	
tenerse 4 524 4 1297,3107,4905,6715,	
máquinas 4 524 4 1293,1332,4901,4940,	
realizado 4 524 4 1284,2280,4892,5888,	
aditivo 4 524 4 2325,2424,5933,6032,	
maquinaria 4 524 4 1280,1306,4888,4914,	
utilizar 12 524 12 1279,1292,1331,4887,4900,4939,7684,7993,8239,8465,8793,9056,	
conducir 6 524 6 1277,1290,1329,4885,4898,4937,	
capacidad 6 524 6 1275,1288,1327,4883,4896,4935,	
Efectos 2 524 2 1272,4880,	
DIRECCIÓN 6 524 6 7765,8074,8320,8546,8875,9138,	
7 15 524 15 1271,1349,3154,3526,3593,4879,4957,7134,7203,7708,8017,8263,8489,8817,9080,	
pecho 2 524 2 1269,4877,	
dando 2 524 2 1267,4875,	
periodo 2 524 2 1253,4861,	
excretó 2 524 2 1246,4854,	
materna 2 524 2 1243,4851,	
leche 4 524 4 1242,1249,4850,4857,	
excreta 2 524 2 1239,4847,	
desconoce 2 524 2 1235,4843,	
ETIQUETADO 2 524 2 7580,7585,	
Lactancia 2 524 2 1233,4841,	
detecta 2 524 2 1221,4829,	
riesgos 3 524 3 1210,4818,7551,	
potenciales 2 524 2 1209,4817,	
advertir 2 524 2 1199,4807,	
deben 4 524 4 1198,1612,4806,5220,	
actúen 2 524 2 1194,4802,	
médicos 2 524 2 1189,4797,	
segundo 2 524 2 1178,4786,	
contraindicado 2 524 2 1175,4783,	
quedarse 4 524 4 1171,1205,4779,4813,	
planeen 2 524 2 1170,4778,	
primer 2 524 2 1162,4770,	
actúe 4 524 4 1151,1831,4759,5439,	
Como 2 524 2 1147,4755,	
letalidad 2 524 2 1145,4753,	
fetales 2 524 2 1143,4751,	
malformaciones 2 524 2 1142,4750,	
graves 2 524 2 1141,4749,	
asociado 6 524 6 1139,1663,2039,4747,5271,5647,	
SRA 12 524 12 1136,1155,1197,1834,1950,1982,4744,4763,4805,5442,5558,5590,	
directamente 4 524 4 1133,1152,4741,4760,	
actúan 4 524 4 1132,1731,4740,5339,	
embargo 10 524 10 1128,1295,1794,3071,3105,4736,4903,5402,6679,6713,	
Sin 8 524 8 1127,1294,1793,3070,4735,4902,5401,6678,	
conejos 6 524 6 1122,3343,3371,4730,6951,6979,	
ratas 18 524 18 1120,1251,3173,3204,3279,3315,3338,3345,3369,4728,4859,6781,6812,6887,6923,6946,6953,6977,	
teratogénico 2 524 2 1118,4726,	
suficientes 2 524 2 1106,4714,	
existen 2 524 2 1104,4712,	
lactancia 4 524 4 1101,1255,4709,4863,	
Embarazo 4 524 4 1099,1102,4707,4710,	
significativa 2 524 2 1096,4704,	
reducen 4 524 4 1089,2685,4697,6293,	
grasa 4 524 4 1088,2684,4696,6292,	
contenido 6 524 6 1086,2682,3517,4694,6290,7125,	
alto 4 524 4 1085,2681,4693,6289,	
Período 2 524 2 3485,7093,	
alimentos 2 524 2 1076,4684,	
Ingesta 2 524 2 1074,4682,	
warfarina 2 524 2 1073,4681,	
Actualmente 2 524 2 2054,5662,	
evaluado 4 524 4 1064,1341,4672,4949,	
Warfarina 2 524 2 1060,4668,	
biliar 2 524 2 1059,4667,	
excreción 2 524 2 1058,4666,	
disminuye 4 524 4 1056,2012,4664,5620,	
(1 2 524 2 2493,6101,	
gastrointestinal 2 524 2 1052,4660,	
aumenta 2 524 2 1049,4657,	
conjunta 2 524 2 1044,4652,	
preclínicos 4 524 4 1039,3158,4647,6766,	
estudios 19 524 19 1038,1285,3287,3297,3301,3311,3317,3396,3417,4646,4893,6895,6905,6909,6919,6925,7004,7025,7425,	
cambios 2 524 2 1636,5244,	
terapéutica 2 524 2 1036,4644,	
fuera 6 524 6 7698,8007,8253,8479,8807,9070,	
máxima 4 524 4 1033,3389,4641,6997,	
(IPS) 1 524 1 7517,	
incluyendo 4 524 4 1507,2221,5115,5829,	
doble 8 524 8 1029,2634,2725,2891,4637,6242,6333,6499,	
Julio 1 524 1 7378,	
corresponde 2 524 2 1027,4635,	
600 6 524 6 1023,2883,3335,4631,6491,6943,	
demostró 4 524 4 1014,2273,4622,5881,	
controlados 8 524 8 1012,1557,1627,2526,4620,5165,5235,6134,	
doblara 2 524 2 1006,4614,	
alcanzaría 2 524 2 1003,4611,	
rango 2 524 2 1000,4608,	
presencia 2 524 2 994,4602,	
aumentados 2 524 2 992,4600,	
Es 2 524 2 985,4593,	
Cmax) 2 524 2 984,4592,	
(AUC 2 524 2 982,4590,	
Sistemas 1 524 1 7491,	
plasmáticos 4 524 4 979,991,4587,4599,	
8 17 524 17 974,1336,3051,3520,3612,4582,4944,6659,7222,7385,7463,7715,8024,8270,8496,8824,9087,	
veces 14 524 14 964,975,2903,3054,3251,3260,3383,4572,4583,6511,6662,6859,6868,6991,	
200 4 524 4 961,1371,4569,4979,	
ketoconazol 6 524 6 960,996,1048,4568,4604,4656,	
Ketoconazol 2 524 2 955,4563,	
hipervolemia 2 524 2 954,4562,	
casos 10 524 10 952,1508,1546,1561,2505,4560,5116,5154,5169,6113,	
subóptima 2 524 2 950,4558,	
utilización 4 524 4 949,1109,4557,4717,	
inhibición 2 524 2 1943,5551,	
posible 4 524 4 948,2935,4556,6543,	
evitar 2 524 2 946,4554,	
modifica 2 524 2 942,4550,	
efectos 15 524 15 934,1066,1654,2514,2606,2625,3435,4542,4674,5262,6122,6214,6233,7043,9268,	
controlado 2 524 2 2636,6244,	
monitorizar 2 524 2 932,4540,	
indica 2 524 2 2755,6363,	
recomienda 6 524 6 931,1260,1836,4539,4868,5444,	
respectivamente 6 524 6 927,2910,3385,4535,6518,6993,	
49% 2 524 2 926,4534,	
28% 2 524 2 923,4531,	
redujo 2 524 2 913,4521,	
furosemida 6 524 6 911,920,936,4519,4528,4544,	
concomitantemente 2 524 2 908,4516,	
Furosemida 2 524 2 904,4512,	
Niveles 2 524 2 1756,5364,	
necesaria 2 524 2 903,4511,	
larga 2 524 2 2163,5771,	
considera 3 524 3 902,4510,9263,	
sistémicas 2 524 2 3376,6984,	
comedicación 2 524 2 900,4508,	
aumento 8 524 8 887,971,1998,2045,4495,4579,5606,5653,	
provocar 2 524 2 885,4493,	
vivo 4 524 4 3294,3313,6902,6921,	
heparina) 2 524 2 883,4491,	
séricos 10 524 10 878,891,1757,1775,1817,4486,4499,5365,5383,5425,	
aumentar 4 524 4 875,2364,4483,5972,	
puedan 4 524 4 874,1204,4482,4812,	
u 4 524 4 870,1395,4478,5003,	
contengan 2 524 2 868,4476,	
sal 2 524 2 866,4474,	
sustitutos 2 524 2 863,4471,	
suplementos 2 524 2 860,4468,	
potasio 16 524 16 859,862,869,880,893,1759,1777,1819,4467,4470,4477,4488,4501,5367,5385,5427,	
ahorradores 2 524 2 857,4465,	
diuréticos 2 524 2 856,4464,	
afectan 2 524 2 848,4456,	
consecución 1 524 1 7562,	
sustancias 6 524 6 846,872,1130,4454,4480,4738,	
experiencia 2 524 2 841,4449,	
base 6 524 6 838,3253,3262,4446,6861,6870,	
necesita 2 524 2 828,4436,	
metabolicen 2 524 2 822,4430,	
induzcan 2 524 2 819,4427,	
esperar 4 524 4 813,987,4421,4595,	
P450 2 524 2 808,4416,	
citocromo 2 524 2 807,4415,	
enzimas 4 524 4 805,825,4413,4433,	
metaboliza 4 524 4 801,2806,4409,6414,	
CYP3A4 4 524 4 798,2824,4406,6432,	
induce 2 524 2 796,4404,	
CYP3A) 2 524 2 793,4401,	
CYP2E1 2 524 2 791,4399,	
CYP2D6 2 524 2 790,4398,	
CYP2C19 2 524 2 789,4397,	
CYP2C9 2 524 2 788,4396,	
CYP2C8 2 524 2 787,4395,	
(CYP1A2 2 524 2 786,4394,	
CYP450 2 524 2 785,4393,	
isoenzimas 2 524 2 784,4392,	
inhibe 4 524 4 782,1948,4390,5556,	
rifampicina) 2 524 2 771,4379,	
Juan 2 524 2 770,4378,	
San 2 524 2 769,4377,	
(hierba 2 524 2 767,4375,	
gpP 2 524 2 766,4374,	
inductores 2 524 2 763,4371,	
determinante 2 524 2 756,4364,	
factor 2 524 2 755,4363,	
(gpP) 2 524 2 752,4360,	
P 2 524 2 751,4359,	
glicoproteína 2 524 2 750,4358,	
demostrado 4 524 4 747,1079,4355,4687,	
obtenidos 2 524 2 3231,6839,	
animales 4 524 4 744,3424,4352,7032,	
(2x49) 2 524 2 3544,7154,	
reacción 4 524 4 1439,1589,5047,5197,	
experimentos 2 524 2 742,4350,	
disminuir 4 524 4 733,775,4341,4383,	
irbesartán 4 524 4 731,2459,4339,6067,	
sugieren 2 524 2 729,4337,	
preliminares 2 524 2 728,4336,	
ligeramente 2 524 2 723,4331,	
reducirse 2 524 2 722,4330,	
ácido 2 524 2 1680,5288,	
digoxina 2 524 2 720,4328,	
terapia 2 524 2 2407,6015,	
biodisponibilidad 8 524 8 718,759,777,2669,4326,4367,4385,6277,	
administran 2 524 2 715,4323,	
necesario 2 524 2 701,4309,	
Por 12 524 12 697,928,1217,1256,1824,3132,4305,4536,4825,4864,5432,6740,	
impacto 2 524 2 686,4294,	
50% 4 524 4 677,2990,4285,6598,	
envase 9 524 9 3519,7127,7933,7951,7970,8714,8732,8751,8770,	
porcentaje 2 524 2 1709,5317,	
aumentaron 2 524 2 674,4282,	
estacionario 10 524 10 671,2711,2747,2920,3060,4279,6319,6355,6528,6668,	
atorvastatina 4 524 4 663,692,4271,4300,	
administró 4 524 4 661,907,4269,4515,	
Cuando 5 524 5 659,905,4267,4513,7526,	
AUC 16 524 16 656,665,735,915,2693,2906,2987,3039,4264,4273,4343,4523,6301,6514,6595,6647,	
Cmax 14 524 14 653,668,738,918,2687,2909,3036,4261,4276,4346,4526,6295,6517,6644,	
30% 2 524 2 650,4258,	
20% 2 524 2 647,4255,	
Cada 6 524 6 7614,7903,8158,8400,8684,8959,	
cambio 2 524 2 644,4252,	
provocó 6 524 6 642,969,1653,4250,4577,5261,	
niveles 14 524 14 877,890,978,990,1774,1816,1969,4485,4498,4586,4598,5382,5424,5577,	
(19%) 2 524 2 641,4249,	
cimetidina 2 524 2 640,4248,	
(29%) 2 524 2 638,4246,	
amlodipino 14 524 14 637,696,2302,2349,2368,2392,2463,4245,4304,5910,5957,5976,6000,6071,	
metformina 4 524 4 635,694,4243,4302,	
(28%) 4 524 4 634,636,4242,4244,	
valsartán 8 524 8 633,693,2310,2418,4241,4301,5918,6026,	
concomitante 8 524 8 629,680,854,958,4237,4288,4462,4566,	
identificado 4 524 4 625,2924,4233,6532,	
hidroclorotiazida 8 524 8 621,1582,2292,2330,4229,5190,5900,5938,	
e 6 524 6 620,2776,3292,4228,6384,6900,	
ramipril 10 524 10 619,2295,2333,2475,2496,4227,5903,5941,6083,6104,	
isosorbida-5-mononitrato 2 524 2 618,4226,	
alopurinol 2 524 2 617,4225,	
embarazadas 6 524 6 1114,1172,1206,4722,4780,4814,	
celecoxib 2 524 2 615,4223,	
atenolol 4 524 4 614,2314,4222,5922,	
	14 2 524 2 7925,8706,	
acenocumarol 2 524 2 613,4221,	
compuestos 2 524 2 612,4220,	
inicia 2 524 2 939,4547,	
siguientes 3 524 3 611,4219,7557,	
(en 2 524 2 1591,5199,	
han 24 524 24 608,624,1063,1138,1283,1544,1686,2208,2279,2503,2623,2923,4216,4232,4671,4746,4891,5152,5294,5816,5887,6111,6231,6531,	
farmacocinética 12 524 12 606,690,1071,3018,3024,3116,4214,4298,4679,6626,6632,6724,	
comúnmente 2 524 2 592,4200,	
	Rasilez 8 524 8 7603,7833,7892,8147,8389,8614,8673,8948,	
utilizados 2 524 2 591,4199,	
relevantes 4 524 4 586,1638,4194,5246,	
interacciones 6 524 6 584,626,814,4192,4234,4422,	
conocen 2 524 2 583,4191,	
ADVERTENCIA 6 524 6 7688,7997,8243,8469,8797,9060,	
interacción 2 524 2 580,4188,	
formas 2 524 2 578,4186,	
Interacción 2 524 2 571,4179,	
riñón 2 524 2 568,4176,	
prescriban 2 524 2 1191,4799,	
único 2 524 2 567,4175,	
Comercialización 3 524 3 7360,7393,7471,	
bilateral 2 524 2 556,4164,	
unilateral 2 524 2 554,4162,	
estenosis 4 524 4 553,562,4161,4170,	
hay 2 524 2 543,4151,	
extremidades 2 524 2 1605,5213,	
arteria 4 524 4 540,559,4148,4167,	
Estenosis 2 524 2 537,4145,	
Se 28 524 28 515,894,1077,1234,1339,1543,1685,1862,2022,2278,2527,2805,3021,3189,4123,4502,4685,4842,4947,5151,5293,5470,5630,5886,6135,6413,6629,6797,	
renovascular 2 524 2 514,4122,	
nefrótico 2 524 2 511,4119,	
síndrome 2 524 2 510,4118,	
diálisis 2 524 2 509,4117,	
antecedentes 2 524 2 507,4115,	
locales 2 524 2 3592,7202,	
ml/min) 2 524 2 506,4114,	
30 10 524 10 505,3529,4113,7137,7455,7651,8437,8743,8760,9010,	
< 2 524 2 504,4112,	
estimada 2 524 2 503,4111,	
(TFG) 2 524 2 502,4110,	
alcanzó 2 524 2 2147,5755,	
glomerular 2 524 2 501,4109,	
filtración 2 524 2 500,4108,	
tasa 2 524 2 498,4106,	
hombres 2 524 2 495,4103,	
00 2 524 2 492,4100,	
177 2 524 2 488,4096,	
mujeres 10 524 10 486,1113,1168,1202,1264,4094,4721,4776,4810,4872,	
mg/dl 4 524 4 484,493,4092,4101,	
70 2 524 2 483,4091,	
micromol/l 4 524 4 480,489,4088,4097,	
sérica 2 524 2 478,4086,	
(creatinina 2 524 2 477,4085,	
hipertensos 18 524 18 472,521,1650,2017,2051,2071,2269,2427,2468,4080,4129,5258,5625,5659,5679,5877,6035,6076,	
estudiado 6 524 6 469,609,2182,4077,4217,5790,	
clínicos 18 524 18 464,604,1011,1556,1626,1647,2203,2282,2525,4072,4212,4619,5164,5234,5255,5811,5890,6133,	
ensayos 18 524 18 463,603,1010,1555,1625,1646,2202,2281,2524,4071,4211,4618,5163,5233,5254,5810,5889,6132,	
médica 9 524 9 458,4066,7331,7806,8115,8361,8587,8916,9179,	
EMBALAJE 8 524 8 7593,7878,8133,8135,8379,8659,8934,8936,	
supervisión 2 524 2 457,4065,	
estrecha 2 524 2 456,4064,	
administrar 2 524 2 447,4055,	
corregirse 2 524 2 444,4052,	
situación 2 524 2 442,4050,	
Esta 2 524 2 441,4049,	
significativo 2 524 2 687,4295,	
iniciar 6 524 6 436,452,1896,4044,4060,5504,	
después 4 524 4 434,2664,4042,6272,	
sintomática 4 524 4 433,1893,4041,5501,	
hipotensión 10 524 10 432,1881,1892,2507,2550,4040,5489,5500,6115,6158,	
sufrir 2 524 2 431,4039,	
diuréticos) 2 524 2 429,4037,	
elevadas 2 524 2 427,4035,	
reciben 2 524 2 425,4033,	
ej 4 524 4 422,882,4030,4490,	
(p 4 524 4 421,881,4029,4489,	
pioglitazona 2 524 2 616,4224,	
marcada 2 524 2 415,4023,	
volumen 8 524 8 410,417,1711,2740,4018,4025,5319,6348,	
consiguiente 4 524 4 1218,1967,4826,5575,	
sodio 4 524 4 407,420,4015,4028,	
depleción 4 524 4 405,414,4013,4022,	
persistente 2 524 2 396,4004,	
diarrea 4 524 4 393,1445,4001,5053,	
caso 4 524 4 391,3192,3999,6800,	
escasez 2 524 2 382,3990,	
cardiaca 8 524 8 378,1858,2518,2620,3986,5466,6126,6228,	
precaución 8 524 8 373,518,897,3108,3981,4126,4505,6716,	
3) 4 524 4 1126,1187,4734,4795,	
utilizarse 4 524 4 371,1159,3979,4767,	
ratio) 2 524 2 2126,5734,	
Aliskiren 24 524 24 369,780,794,799,1920,2796,2959,3280,3977,4388,4402,4407,5528,6404,6567,6888,7610,7840,7899,8154,8396,8621,8680,8955,	
durante 28 524 28 364,1160,1176,1214,1224,1362,1373,1549,1564,2102,2159,2557,3232,3415,3972,4768,4784,4822,4832,4970,4981,5157,5172,5710,5767,6165,6840,7023,	
hiperpotasemia 2 524 2 363,3971,	
riesgo 4 524 4 361,2047,3969,5655,	
mayor 2 524 2 360,3968,	
mellitus 4 524 4 357,1853,3965,5461,	
diabetes 6 524 6 356,601,1852,3964,4209,5460,	
comprometida 2 524 2 354,3962,	
función 6 524 6 352,1846,3407,3960,5454,7015,	
aquéllos 2 524 2 349,3957,	
y/o 12 524 12 348,355,408,418,496,1608,3956,3963,4016,4026,4104,5216,	
dirección 1 524 1 7281,	
(SRA) 2 524 2 347,3955,	
renina-angiotensina 4 524 4 346,851,3954,4459,	
sistema 7 524 7 345,850,1734,3953,4458,5342,7366,	
FIGURAR 4 524 4 7590,8130,8376,8931,	
inhiban 4 524 4 343,818,3951,4426,	
medicamentos 14 524 14 341,575,590,712,1192,1213,3949,4183,4198,4320,4800,4821,7497,9309,	
BLÍSTERS 2 524 2 7823,8604,	
conjuntamente 2 524 2 716,4324,	
tomando 2 524 2 338,3946,	
estén 8 524 8 337,997,1266,3555,3945,4605,4874,7165,	
Los 22 524 22 334,411,726,762,1037,1188,2201,3316,3395,3413,3538,3942,4019,4334,4370,4645,4796,5809,6924,7003,7021,7146,	
especiales 6 524 6 331,3493,3564,3939,7101,7174,	
precauciones 2 524 2 330,3938,	
Advertencias 2 524 2 328,3936,	
6) 2 524 2 325,3933,	
embarazo 10 524 10 321,1165,1183,1216,1223,3929,4773,4791,4824,4831,	
trimestre 6 524 6 319,1163,1181,3927,4771,4789,	
tercer 4 524 4 318,1180,3926,4788,	
Segundo 2 524 2 316,3924,	
activo 6 524 6 309,1937,2641,3917,5545,6249,	
principio 2 524 2 308,3916,	
Hipersensibilidad 2 524 2 306,3914,	
Contraindicaciones 2 524 2 305,3913,	
eficacia 4 524 4 298,388,3906,3996,	
seguridad 16 524 16 296,386,534,1016,1343,3160,3225,3399,3904,3994,4142,4624,4951,6768,6833,7007,	
Leer 6 524 6 7679,7988,8234,8460,8788,9051,	
datos 14 524 14 294,384,531,544,727,1105,1865,3902,3992,4139,4152,4335,4713,5473,	
falta 4 524 4 292,529,3900,4137,	
debido 8 524 8 289,379,526,1718,3897,3987,4134,5326,	
años 10 524 10 288,2189,2198,3171,3489,3896,5797,5806,6779,7097,	
indican 2 524 2 1040,4648,	
menores 2 524 2 285,3893,	
adolescentes 2 524 2 284,3892,	
actualización 3 524 3 7475,7502,7522,	
niños 8 524 8 282,3890,7707,8016,8262,8488,8816,9079,	
mmHg 4 524 4 2246,2256,5854,5864,	
recomendado 2 524 2 278,3886,	
está 4 524 4 277,1174,3885,4782,	
18 4 524 4 273,287,3881,3895,	
(menores 2 524 2 271,3879,	
pediátricos 2 524 2 270,3878,	
ESPECIAL 6 524 6 7689,7998,8244,8470,8798,9061,	
años) 6 524 6 254,274,3000,3862,3882,6608,	
65 6 524 6 253,2188,2999,3861,5796,6607,	
(mayores 2 524 2 251,3859,	
diabéticos 6 524 6 1811,2268,2469,5419,5876,6077,	
avanzada 6 524 6 250,268,2997,3858,3876,6605,	
edad 12 524 12 249,267,1389,2170,2978,2996,3857,3875,4997,5778,6586,6604,	
Pacientes 6 524 6 247,269,403,3855,3877,4011,	
hemoglobina 2 524 2 1694,5302,	
apartado 10 524 10 244,300,323,1124,1185,3852,3908,3931,4732,4793,	
hepática 8 524 8 225,239,3128,3150,3833,3847,6736,6758,	
2) 6 524 6 223,246,302,3831,3854,3910,	
primera 2 524 2 2510,6118,	
grave 17 524 17 216,242,394,476,525,3114,3131,3153,3824,3850,4002,4084,4133,6722,6739,6761,9273,	
peptídica 2 524 2 1935,5543,	
reacciones 10 524 10 1381,1414,1420,1467,1511,4989,5022,5028,5075,5119,	
leve 10 524 10 214,240,3101,3129,3151,3822,3848,6709,6737,6759,	
insuficiencia 24 524 24 212,238,377,474,523,1857,3033,3046,3083,3099,3112,3149,3820,3846,3985,4082,4131,5465,6641,6654,6691,6707,6720,6757,	
colon 2 524 2 3196,6804,	
asoció 4 524 4 1385,1634,4993,5242,	
inicial 14 524 14 208,234,263,2580,2733,3093,3143,3816,3842,3871,6188,6341,6701,6751,	
ajuste 14 524 14 204,230,259,703,831,3089,3139,3812,3838,3867,4311,4439,6697,6747,	
requiere 10 524 10 202,228,257,3087,3137,3810,3836,3865,6695,6745,	
No 39 524 39 200,226,255,542,581,622,826,1061,1103,1281,2501,2599,2621,2921,3085,3184,3481,3496,3808,3834,3863,4150,4189,4230,4434,4669,4711,4889,6109,6207,6229,6529,6693,6792,7089,7104,7346,8836,9099,	
renal 30 524 30 199,213,353,460,475,524,541,560,1847,1855,3034,3047,3084,3100,3113,3807,3821,3961,4068,4083,4132,4149,4168,5455,5463,6642,6655,6692,6708,6721,	
Insuficiencia 6 524 6 198,224,459,3806,3832,4067,	
hora 2 524 2 195,3803,	
preferiblemente 2 524 2 191,3799,	
clínicamente 8 524 8 585,1637,1655,3014,4193,5245,5263,6622,	
ligera 2 524 2 186,3794,	
comidas 4 524 4 1082,2678,4690,6286,	
comida 2 524 2 185,3793,	
tomarse 2 524 2 182,3790,	
debe 28 524 28 181,370,397,443,451,516,895,1158,1227,1296,1895,3106,3789,3978,4005,4051,4059,4124,4503,4766,4835,4904,5503,6714,7362,7505,7519,9247,	
1) 4 524 4 179,1470,3787,5078,	
5 37 524 37 178,222,245,301,570,1125,1901,2255,2341,2385,2647,3155,3382,3514,3786,3830,3853,3909,4178,4733,5509,5863,5949,5993,6255,6763,6990,7122,7377,7671,7863,7980,8226,8452,8644,8780,9043,	
secciones 4 524 4 174,218,3782,3826,	
(ver 14 524 14 173,217,243,299,322,1123,1184,3781,3825,3851,3907,3930,4731,4792,	
antihipertensivos 8 524 8 172,2033,2220,2565,3780,5641,5828,6173,	
agentes 10 524 10 171,816,2032,2219,2564,3779,4424,5640,5827,6172,	
combinación 12 524 12 168,1805,2029,2409,2471,2561,3776,5413,5637,6017,6079,6169,	
anhidra 2 524 2 3457,7065,	
o 73 524 73 166,310,449,481,490,512,555,561,599,639,654,695,820,940,1121,1166,1303,1312,1581,1597,1600,1678,1856,2190,2199,2462,2949,3257,3329,3339,3411,3433,3535,3545,3774,3918,4057,4089,4098,4120,4163,4169,4207,4247,4262,4303,4428,4548,4729,4774,4911,4920,5189,5205,5208,5286,5464,5798,5807,6070,6557,6865,6937,6947,7019,7041,7143,7155,7544,7568,9234,9274,9289,	
usarse 2 524 2 164,3772,	
tratamiento 48 524 48 154,366,400,438,454,595,944,1226,1230,1399,1437,1551,1566,1578,1615,1717,1898,2009,2145,2161,2265,2559,2570,2962,3762,3974,4008,4046,4062,4203,4552,4834,4838,5007,5045,5159,5174,5186,5223,5325,5506,5617,5753,5769,5873,6167,6178,6570,	
semanas 8 524 8 152,2143,2263,2585,3760,5751,5871,6193,	
ENVASES 4 524 4 7883,8138,8664,8939,	
primeras 2 524 2 151,3759,	
alcanza 2 524 2 146,3754,	
antihipertensivo 6 524 6 144,1886,2963,3752,5494,6571,	
85-90% 4 524 4 141,2149,3749,5757,	
recetado 1 524 1 9242,	
El 16 524 16 140,1398,2154,2816,2986,3005,3161,3748,5006,5762,6424,6594,6613,6769,7354,7418,	
300 30 524 30 134,1360,1407,2086,2139,2236,2441,2460,3242,3639,3656,3742,4968,5015,5694,5747,5844,6049,6068,6850,8390,8406,8597,8615,8674,8690,8926,8949,8965,9189,	
horas) 2 524 2 2795,6403,	
aumentarse 2 524 2 132,3740,	
controlada 2 524 2 128,3736,	
adecuadamente 6 524 6 127,2339,2432,3735,5947,6040,	
esté 3 524 3 126,3734,7394,	
arterial 12 524 12 124,2095,2450,2483,2575,2594,3732,5703,6058,6091,6183,6202,	
presión 14 524 14 123,2094,2240,2449,2482,2574,2593,3731,5702,5848,6057,6090,6182,6201,	
minimización 2 524 2 7549,7569,	
pacientes 76 524 76 118,210,236,265,335,375,412,471,520,551,564,1351,1460,1611,1649,1761,1810,1850,2016,2050,2070,2186,2195,2267,2335,2426,2467,2521,2539,2958,2973,2994,3003,3028,3097,3110,3125,3147,3726,3818,3844,3873,3943,3983,4020,4079,4128,4159,4172,4959,5068,5219,5257,5369,5418,5458,5624,5658,5678,5794,5803,5875,5943,6034,6075,6129,6147,6566,6581,6602,6611,6636,6705,6718,6733,6755,	
En 36 524 36 117,389,461,602,741,837,1009,1554,1624,1645,1760,2069,2266,2334,2395,2425,2466,3344,3725,3997,4069,4210,4349,4445,4617,5162,5232,5253,5368,5677,5874,5942,6003,6033,6074,6952,	
día 16 524 16 116,139,161,190,197,966,2077,2971,3724,3747,3769,3798,3805,4574,5685,6579,	
vez 14 524 14 114,137,159,188,2075,2486,2969,3722,3745,3767,3796,5683,6094,6577,	
recomendada 6 524 6 106,1034,3390,3714,4642,6998,	
dosis 68 524 68 105,130,207,233,262,426,705,833,1008,1018,1032,1404,2081,2137,2366,2511,2702,2732,2813,2831,2867,2873,2879,2890,3068,3092,3142,3206,3240,3332,3360,3366,3388,3421,3713,3738,3815,3841,3870,4034,4313,4441,4616,4626,4640,5012,5689,5745,5974,6119,6310,6340,6421,6439,6475,6481,6487,6498,6676,6700,6750,6814,6848,6940,6968,6974,6996,7029,	
La 40 524 40 104,627,678,717,956,1319,1378,1438,1446,1873,2034,2549,2668,2765,2784,2854,2911,3035,3115,3567,3712,4235,4286,4325,4564,4927,4986,5046,5054,5481,5642,6157,6276,6373,6392,6462,6519,6643,6723,7177,	
efecto 29 524 29 143,1723,1885,2065,2152,2155,2211,2323,2358,2404,2422,2533,2589,3403,3751,5331,5493,5673,5760,5763,5819,5931,5966,6012,6030,6141,6197,7011,9278,	
administración 30 524 30 103,628,679,957,1043,1629,2073,2107,2699,2737,2838,2842,2870,2886,3066,3711,4236,4287,4565,4651,5237,5681,5715,6307,6345,6446,6450,6478,6494,6674,	
forma 6 524 6 101,1095,2041,3709,4703,5649,	
Inhibidor 2 524 2 1913,5521,	
Posología 2 524 2 99,3707,	
Novartis 7 524 7 7291,7773,8082,8328,8554,8883,9146,	
esencial 4 524 4 96,1764,3704,5372,	
hipertensión 10 524 10 95,513,598,1763,2541,3703,4121,4206,5371,6149,	
Este 3 524 3 1722,5330,9237,	
Tratamiento 2 524 2 92,3700,	
terapéuticas 4 524 4 91,2286,3699,5894,	
Indicaciones 2 524 2 90,3698,	
	4 2 524 2 88,3696,	
CLÍNICOS 2 524 2 87,3695,	
DATOS 4 524 4 86,3441,3694,7049,	
4 45 524 45 85,97,175,176,219,220,303,324,326,327,569,1097,1186,1270,1335,1401,1859,3380,3491,3693,3705,3783,3784,3827,3828,3911,3932,3934,3935,4177,4705,4794,4878,4943,5467,6988,7099,7629,7858,7918,8173,8415,8639,8699,8974,	
`NVR' 2 524 2 81,3689,	
cara 4 524 4 79,1604,3687,5212,	
`IL' 1 524 1 76,	
30ºC 2 524 2 3502,7110,	
marcado 2 524 2 74,3682,	
biconvexo 2 524 2 73,3681,	
eliminación 8 524 8 2783,2787,3566,3568,6391,6395,7176,7178,	
frecuentemente 2 524 2 2531,6139,	
neonatal 2 524 2 1146,4754,	
claro 2 524 2 72,3680,	
rosa 1 524 1 71,	
redondo 1 524 1 70,	
Comprimido 2 524 2 69,3677,	
	Comprimido 2 524 2 65,3673,	
FARMACÉUTICA 8 524 8 64,3672,7631,7920,8175,8417,8701,8976,	
FORMA 14 524 14 63,3671,7630,7672,7919,7981,8174,8227,8416,8453,8700,8781,8975,9044,	
afectación 2 524 2 3349,6957,	
3 27 524 27 62,304,836,2245,2899,3156,3484,3670,3912,5853,6507,6764,7092,7624,7853,7913,7955,8168,8189,8410,8634,8694,8736,8755,8969,8990,9005,	
6 32 524 32 60,1098,1365,2902,3179,3259,3440,3478,3483,3490,3513,3561,3562,3668,4706,4973,6510,6787,6867,7048,7086,7091,7098,7121,7171,7172,7687,7996,8242,8468,8796,9059,	
sección 2 524 2 59,3667,	
ver 2 524 2 58,3666,	
excipientes 6 524 6 57,315,3447,3665,3923,7055,	
completa 2 524 2 55,3663,	
lista 2 524 2 54,3662,	
Para 2 524 2 52,3660,	
aliskiren 54 524 54 51,368,631,835,1111,1237,1888,1947,2011,2027,2382,2661,2672,2757,2768,2857,3020,3026,3042,3118,3145,3217,3322,3439,3659,3976,4239,4443,4719,4845,5496,5555,5619,5635,5990,6269,6280,6365,6376,6465,6628,6634,6650,6726,6753,6825,6930,7047,7623,7912,8167,8409,8693,8968,	
contiene 22 524 22 47,3655,7619,7908,7936,7954,7973,8163,8188,8203,8219,8405,8689,8717,8735,8754,8773,8964,8989,9004,9020,9036,	
recubierto 10 524 10 44,66,3652,3674,7616,7905,8160,8402,8686,8961,	
comprimido 8 524 8 43,3651,7615,7904,8159,8401,8685,8960,	
	Cada 2 524 2 42,3650,	
CUANTITATIVA 2 524 2 41,3649,	
Y 29 524 29 40,3648,7317,7342,7581,7632,7673,7752,7764,7921,7982,8061,8073,8176,8228,8307,8319,8418,8454,8533,8545,8702,8782,8862,8874,8977,9045,9125,9137,	
CUALITATIVA 2 524 2 39,3647,	
COMPOSICIÓN 2 524 2 38,3646,	
2 37 524 37 37,98,491,1359,2142,2648,2901,3053,3170,3479,3488,3645,3706,4099,4967,5750,6256,6509,6661,6778,7087,7096,7373,7464,7611,7841,7900,7974,8155,8204,8397,8622,8681,8774,8956,9021,9303,	
película 48 524 48 36,46,68,3644,3654,3676,7609,7618,7640,7645,7650,7655,7660,7665,7670,7839,7898,7907,7929,7947,7966,8153,8162,8184,8199,8215,8395,8404,8426,8431,8436,8441,8446,8451,8620,8679,8688,8710,8728,8747,8766,8954,8963,8985,9000,9016,9032,9200,	
recubiertos 38 524 38 34,3642,7607,7638,7643,7648,7653,7658,7663,7668,7837,7896,7927,7945,7964,8151,8182,8197,8213,8393,8424,8429,8434,8439,8444,8449,8618,8677,8708,8726,8745,8764,8952,8983,8998,9014,9030,9198,	
comprimidos 56 524 56 33,3537,3548,3641,7145,7158,7606,7637,7642,7647,7652,7657,7662,7667,7836,7895,7926,7942,7944,7961,7963,7979,8150,8181,8194,8196,8210,8212,8225,8392,8423,8428,8433,8438,8443,8448,8617,8676,8707,8723,8725,8742,8744,8761,8763,8779,8951,8982,8995,8997,9011,9013,9027,9029,9042,9197,	
Via 1 524 1 7296,	
mg 67 524 67 32,49,112,135,157,962,1024,1408,2084,2087,2140,2237,2260,2342,2355,2371,2386,2436,2442,2461,2465,2884,3243,3640,3657,3720,3743,3765,4570,4632,5016,5692,5695,5748,5845,5868,5950,5963,5979,5994,6044,6050,6069,6073,6492,6851,7605,7621,7817,7835,7894,7910,8126,8149,8165,8372,8391,8407,8598,8616,8675,8691,8927,8950,8966,9190,9196,	
150 25 524 25 31,48,111,156,479,2083,2354,2383,3719,3764,4087,5691,5962,5991,7604,7620,7816,7834,7893,7909,8125,8148,8164,8371,9195,	
Rasilez 120 524 120 30,108,162,180,275,402,440,448,465,536,549,588,658,673,682,708,725,740,761,779,909,968,981,1020,1046,1054,1068,1093,1115,1156,1232,1244,1322,1345,1402,1463,1553,1568,1631,1651,1767,1801,2079,2179,2205,2235,2270,2288,2320,2353,2419,2440,2473,2546,2604,3095,3638,3716,3770,3788,3883,4010,4048,4056,4073,4144,4157,4196,4266,4281,4290,4316,4333,4348,4369,4387,4517,4576,4589,4628,4654,4662,4676,4701,4723,4764,4840,4852,4930,4953,5010,5071,5161,5176,5239,5259,5375,5409,5687,5787,5813,5843,5878,5896,5928,5961,6027,6048,6081,6154,6212,6703,7815,8124,8370,8596,8925,9188,9194,9297,	
MEDICAMENT0 2 524 2 29,3637,	
to 2 524 2 2124,5732,	
interrumpirse 4 524 4 398,1228,4006,4836,	
NOMBRE 18 524 18 27,3635,7600,7763,7830,7842,7889,8072,8144,8318,8386,8544,8611,8623,8670,8873,8945,9136,	
1 41 524 41 25,26,61,89,482,973,1370,1376,1527,1908,2184,2809,3208,3378,3444,3634,3669,3697,4090,4581,4978,4984,5135,5516,5792,6417,6816,6986,7052,7384,7386,7462,7599,7829,7888,8143,8385,8610,8669,8944,9294,	
LISTA 6 524 6 7625,7914,8169,8411,8695,8970,	
SEGURA 1 524 1 7341,	
farmacológicos 4 524 4 3397,3436,7005,7044,	
marginalmente 2 524 2 802,4410,	
PRODUCTO 1 524 1 24,	
DEL 34 524 34 23,28,3632,3636,7242,7344,7601,7634,7748,7766,7831,7843,7890,7923,8057,8075,8145,8178,8303,8321,8387,8420,8529,8547,8612,8624,8671,8704,8858,8876,8946,8979,9121,9139,	
grupo 4 524 4 1454,1791,5062,5399,	
CARACTERÍSTICAS 1 524 1 22,	
LAS 1 524 1 21,	
siguiente) 2 524 2 2117,5725,	
DE 132 524 132 20,1904,3595,3598,3614,3616,3620,3624,3629,5512,7205,7208,7224,7226,7230,7234,7239,7246,7249,7252,7255,7260,7263,7267,7270,7273,7276,7306,7309,7315,7322,7325,7626,7675,7690,7717,7723,7746,7753,7757,7768,7771,7787,7789,7794,7800,7809,7845,7848,7855,7860,7915,7984,7999,8026,8032,8055,8062,8066,8077,8080,8096,8098,8103,8109,8118,8137,8170,8230,8245,8272,8278,8301,8308,8312,8323,8326,8342,8344,8349,8355,8364,8412,8456,8471,8498,8504,8527,8534,8538,8549,8552,8568,8570,8575,8581,8590,8626,8629,8636,8641,8696,8784,8799,8826,8832,8856,8863,8867,8878,8881,8897,8899,8904,8910,8919,8938,8971,9047,9062,9089,9095,9119,9126,9130,9141,9144,9160,9162,9167,9173,9182,	
RESUMEN 1 524 1 19,	
O 5 524 5 18,7313,7334,7824,8605,	
absorción 8 524 8 1051,1091,2654,2948,4659,4699,6262,6556,	
TÉCNICA 1 524 1 17,	
FICHA 1 524 1 16,	
ocasiones 2 524 2 1432,5040,	
tuvo 6 524 6 684,1409,2356,4292,5017,5964,	
información 2 524 2 13,7530,	
Toda 1 524 1 11,	
cardiovascular 6 524 6 2048,2613,3412,5656,6221,7020,	
medicamento 14 524 14 10,15,1149,3570,4757,7180,7686,7995,8241,8467,8795,9058,9212,9238,	
Basica 1 524 1 8,	
RESPONSABLE 2 524 2 7251,7272,	
PA/Alu/PVC 2 524 2 3523,7131,	
	Información 1 524 1 7,	
PEL 1 524 1 6,	
CON 2 524 2 5,7338,	
RECUB 1 524 1 4,	
COMPRIMIDOS 1 524 1 3,	
28 9 524 9 2,3528,7136,7646,7943,7960,8432,8724,8741,	
150MG 1 524 1 1,	
RASILEZ 1 524 1 0,	
