página 1 160 1 4113,	
aprobado 1 160 1 4100,	
9499 1 160 1 4096,	
276 1 160 1 4095,	
+370 1 160 1 4093,	
Vilnius 1 160 1 4091,	
LT-08234 1 160 1 4090,	
str 1 160 1 4088,	
Kubiliaus 1 160 1 4087,	
UAB 1 160 1 4084,	
300 1 160 1 4082,	
520 1 160 1 4081,	
1635 1 160 1 4080,	
44 1 160 1 4079,	
67455563 1 160 1 4076,	
+371 1 160 1 4075,	
Rga 1 160 1 4070,	
LV-1004 1 160 1 4069,	
Newbury 1 160 1 4068,	
Street 1 160 1 4067,	
Park 1 160 1 4066,	
58-244 1 160 1 4064,	
iela 1 160 1 4063,	
Bauskas 1 160 1 4062,	
prstvniecba 1 160 1 4059,	
(UK) 1 160 1 4055,	
Kingdom 1 160 1 4050,	
Latvija 1 160 1 4048,	
6440 1 160 1 4047,	
623 1 160 1 4046,	
46 1 160 1 4044,	
Tfn 1 160 1 4042,	
188 1 160 1 4041,	
757 1 160 1 4040,	
Sollentuna 1 160 1 4038,	
SE-192 1 160 1 4036,	
CY-1055 1 160 1 4035,	
Djupdalsvägen 1 160 1 4033,	
AB 1 160 1 4031,	
& 1 160 1 4028,	
02 1 160 1 4024,	
39 1 160 1 4023,	
(Milano) 1 160 1 4020,	
Segrate 1 160 1 4019,	
Palazzo 1 160 1 4012,	
Espoo/Esbo 1 160 1 4011,	
Due 1 160 1 4009,	
Milano 1 160 1 4008,	
Direzionale 1 160 1 4007,	
Centro 1 160 1 4006,	
snc 1 160 1 4003,	
Cervi 1 160 1 4002,	
fratelli 1 160 1 4001,	
Suomi/Finland 1 160 1 3993,	
Italia 1 160 1 3992,	
1215 1 160 1 3991,	
+421 1 160 1 3988,	
535 1 160 1 3985,	
+354 1 160 1 3984,	
Bratislava 1 160 1 3981,	
821 1 160 1 3979,	
Garðabær 1 160 1 3978,	
IS-210 1 160 1 3977,	
dolina 1 160 1 3975,	
Ruzová 1 160 1 3974,	
Hörgatún 1 160 1 3972,	
hf 1 160 1 3969,	
Vistor 1 160 1 3968,	
Slovenská 1 160 1 3966,	
	Prospectos 1 160 1 4127,	
404 1 160 1 3962,	
IRL-Dublin 1 160 1 3956,	
Tallaght 1 160 1 3951,	
Road 1 160 1 3948,	
Belgard 1 160 1 3947,	
Services 1 160 1 3943,	
Ltd 3 160 3 3938,3944,4056,	
(Ireland) 1 160 1 3937,	
Slovenija 1 160 1 3934,	
Paris 1 160 1 3930,	
Béranger 1 160 1 3926,	
rue 1 160 1 3925,	
Laboratoire 1 160 1 3919,	
România 1 160 1 3918,	
21018 1 160 1 4025,	
France 1 160 1 3917,	
567 1 160 1 3915,	
34 1 160 1 3913,	
(Madrid) 1 160 1 3910,	
Alcobendas 1 160 1 3909,	
E-28108 1 160 1 3908,	
21 1 160 1 3905,	
+351 1 160 1 3904,	
Amura 1 160 1 3896,	
Açores 1 160 1 3893,	
Schering-Plough 2 160 2 3887,3994,	
Portugal 1 160 1 3886,	
España 1 160 1 3885,	
Ul 1 160 1 3882,	
97300 1 160 1 3881,	
+30 1 160 1 3878,	
3000 1 160 1 3916,	
Polsce 1 160 1 3877,	
w 1 160 1 3876,	
Przedstawicielstwo 1 160 1 3875,	
55 1 160 1 3874,	
GR-174 1 160 1 3873,	
S 3 160 3 3871,3888,3995,	
63 1 160 1 3868,	
Polska 1 160 1 3867,	
71120-0 1 160 1 3866,	
+43 1 160 1 3864,	
863 1 160 1 3862,	
616 1 160 1 3861,	
+372 1 160 1 3859,	
Wien 1 160 1 3857,	
A-1030 1 160 1 3856,	
Tallinn 1 160 1 3855,	
99/Top 1 160 1 3851,	
Hauptstraße 1 160 1 3850,	
Landstraßer 1 160 1 3849,	
5-24 1 160 1 3848,	
tn 1 160 1 3847,	
Lastekodu 1 160 1 3846,	
OÜ 1 160 1 3842,	
Österreich 1 160 1 3838,	
Eesti 2 160 2 3837,3841,	
Oslo 1 160 1 3836,	
-0 1 160 1 3834,	
701 1 160 1 3833,	
+49 1 160 1 3830,	
Nydalen 1 160 1 3828,	
4366 1 160 1 3827,	
Pb 1 160 1 3826,	
Unterschleißheim 1 160 1 3825,	
85716 1 160 1 3824,	
Gjerdrumsvei 1 160 1 3822,	
Edisonstraße 1 160 1 3820,	
AS 1 160 1 3819,	
GmbH 2 160 2 3816,3845,	
Norge 1 160 1 3813,	
Deutschland 2 160 2 3812,3815,	
88911 1 160 1 3811,	
24 2 160 2 3810,3957,	
+31 1 160 1 3808,	
6600 1 160 1 3806,	
Utrecht 1 160 1 3800,	
NL-3542 1 160 1 3798,	
DK-2990 1 160 1 3796,	
49 2 160 2 3795,3804,	
Kobaltweg 1 160 1 3794,	
Møllevej 1 160 1 3792,	
V 1 160 1 3791,	
A/S 1 160 1 3788,	
Nederland 1 160 1 3785,	
Danmark 1 160 1 3784,	
263 1 160 1 3779,	
227 1 160 1 3777,	
+420 1 160 1 3776,	
CE 1 160 1 3799,	
Praha 1 160 1 3772,	
00 2 160 2 3771,3964,	
140 1 160 1 3770,	
95/97 1 160 1 3767,	
pruh 1 160 1 3766,	
Zelený 1 160 1 3765,	
Oyj 3 160 3 3762,3870,3971,	
Orion-yhtymä 2 160 2 3761,3970,	
Malta 1 160 1 3760,	
9095 1 160 1 3757,	
239 1 160 1 3756,	
+36 1 160 1 3754,	
4261 4 160 4 3752,3783,3955,4017,	
Budapest 1 160 1 3748,	
H-1139 1 160 1 3747,	
Espoo 4 160 4 3746,3774,3932,3950,	
emelet 1 160 1 3744,	
u 1 160 1 3741,	
Károly 1 160 1 3740,	
Pap 1 160 1 3739,	
Irodaház 1 160 1 3738,	
Xenter13 1 160 1 3737,	
Magyarország 1 160 1 3729,	
1711 2 160 2 3723,3728,	
650 2 160 2 3722,3727,	
+32 2 160 2 3720,3725,	
Tel 22 160 22 3719,3724,3749,3753,3775,3780,3801,3807,3829,3858,3863,3903,3911,3952,3958,3983,3987,4014,4021,4074,4077,4092,	
Brussel/Bruxelles/Brüssel 2 160 2 3716,3718,	
Plaine/Pleinlaan 2 160 2 3708,3713,	
SPRL 2 160 2 3701,3704,	
Belgium 2 160 2 3700,3703,	
Baxter 5 160 5 3699,3702,3789,3814,3843,	
Luxembourg/Luxemburg 1 160 1 3698,	
België/Belgique/Belgien 1 160 1 3697,	
titular 1 160 1 3691,	
dirigiéndose 1 160 1 3686,	
solicitar 1 160 1 3679,	
Pueden 1 160 1 3678,	
TURKU 1 160 1 3676,	
Fabricante 1 160 1 3668,	
autorización 2 160 2 3658,3694,	
Titular 1 160 1 3655,	
Envase 1 160 1 3628,	
lisos 1 160 1 3619,	
blancos 1 160 1 3617,	
envase 1 160 1 3613,	
Aspecto 1 160 1 3607,	
estearato 1 160 1 3605,	
sílice 1 160 1 3601,	
celulosa 1 160 1 3599,	
povidona 1 160 1 3594,	
citrato 1 160 1 3584,	
activo 1 160 1 3581,	
Fareston? 1 160 1 3577,	
	¿Qué 1 160 1 3575,	
ambiente 1 160 1 3571,	
medio 1 160 1 3570,	
proteger 1 160 1 3568,	
De 1 160 1 3563,	
necesita 1 160 1 3562,	
deshacerse 1 160 1 3556,	
Pregunte 1 160 1 3551,	
22 1 160 1 4065,	
basura 1 160 1 3550,	
aguas 1 160 1 3545,	
deben 1 160 1 3541,	
2-3a 1 160 1 3901,	
mes 1 160 1 3526,	
último 1 160 1 3523,	
etiqueta 1 160 1 3516,	
fecha 2 160 2 3509,3518,	
use 1 160 1 3504,	
comuníqueselo 1 160 1 3482,	
19 2 160 2 3477,3884,	
nota 1 160 1 3461,	
flujo 1 160 1 3458,	
vaginal 2 160 2 3453,3459,	
repentino 1 160 1 3449,	
inexplicada 1 160 1 3446,	
pantorrilla 1 160 1 3443,	
sensibilidad 1 160 1 3439,	
siguientes 1 160 1 3435,	
observa 1 160 1 3431,	
contactar 1 160 1 3426,	
Deberá 1 160 1 3425,	
(endometrio) 1 160 1 3421,	
útero 1 160 1 3420,	
pulmón 1 160 1 3414,	
piernas 1 160 1 3412,	
5022 1 160 1 3990,	
sanguíneos 1 160 1 3408,	
coágulos 1 160 1 3407,	
reversibles 1 160 1 3397,	
dificultad 2 160 2 3389,3444,	
hinchazón 2 160 2 3385,3437,	
posibles 1 160 1 3375,	
Otros 1 160 1 3374,	
cutánea 1 160 1 3369,	
local 1 160 1 3689,	
erupción 1 160 1 3368,	
mareado) 1 160 1 3367,	
(sentirse 1 160 1 3366,	
cansancio 1 160 1 3364,	
fluido 1 160 1 3362,	
descarga 1 160 1 3360,	
producir 1 160 1 3351,	
igual 1 160 1 3328,	
	Al 1 160 1 3327,	
ADVERSOS 1 160 1 3326,	
EFECTOS 1 160 1 3325,	
POSIBLES 1 160 1 3324,	
pregunte 1 160 1 3317,	
producto 2 160 2 3316,3609,	
indique 1 160 1 3305,	
interrumpido 1 160 1 3299,	
sólo 1 160 1 3296,	
interrumpe 1 160 1 3287,	
dan 1 160 1 3284,	
siga 1 160 1 3278,	
compensar 1 160 1 3263,	
continúe 1 160 1 3251,	
costumbre 1 160 1 3249,	
olvidara 2 160 2 3239,3268,	
indica 1 160 1 3529,	
recomienda 1 160 1 3234,	
olvidó 1 160 1 3230,	
cabeza 2 160 2 3228,3381,	
inmediatamente 1 160 1 3214,	
Contacte 1 160 1 3213,	
toma 1 160 1 3207,	
glicolato 1 160 1 3595,	
administrado 1 160 1 3201,	
día 2 160 2 3200,3524,	
dudas 1 160 1 3188,	
Consulte 1 160 1 3180,	
instrucciones 2 160 2 3172,3280,	
exactamente 1 160 1 3170,	
	Siga 1 160 1 3169,	
CÓMO 1 160 1 3166,	
coménteselo 1 160 1 3156,	
azúcares 1 160 1 3155,	
dicho 1 160 1 3149,	
importante 1 160 1 3129,	
Conducción 1 160 1 3109,	
administrarse 1 160 1 3103,	
periodo 1 160 1 3098,	
están 1 160 1 3096,	
nuevo 1 160 1 3074,	
prescriben 1 160 1 3072,	
ingresa 1 160 1 3065,	
antibióticos 1 160 1 3057,	
ketoconazol) 1 160 1 3054,	
fúngicas 1 160 1 3051,	
infecciones 1 160 1 3050,	
18 1 160 1 3047,	
epilepsia 1 160 1 3038,	
tratar 2 160 2 3036,3049,	
(medicamentos 1 160 1 3033,	
(previenen 1 160 1 3022,	
tiazídico 1 160 1 3019,	
comprenden 1 160 1 3014,	
I-20090 1 160 1 4018,	
encuentre 1 160 1 3007,	
receta 1 160 1 2994,	
adquiridos 1 160 1 2992,	
recientemente 1 160 1 2986,	
tomado 1 160 1 2985,	
Informe 1 160 1 2974,	
Toma 1 160 1 2969,	
residuales 1 160 1 3546,	
encuentra 1 160 1 2957,	
cree 1 160 1 2954,	
tomando 3 160 3 2950,2982,3083,	
esté 1 160 1 2949,	
Nivå 1 160 1 3797,	
regulares 1 160 1 2947,	
intervalos 1 160 1 2946,	
exámenes 1 160 1 2940,	
someterse 1 160 1 2938,	
pregunta 1 160 1 2934,	
Ísland 1 160 1 3965,	
respecto 2 160 2 2931,3682,	
contacte 2 160 2 2926,2963,	
favor 2 160 2 2925,2962,	
nivel 1 160 1 2920,	
controlar 1 160 1 2918,	
tratamiento) 1 160 1 2911,	
sangre 1 160 1 2907,	
(aumento 1 160 1 2899,	
podría 1 160 1 2896,	
óseas 1 160 1 2895,	
iniciar 1 160 1 2886,	
caso 2 160 2 2865,2960,	
cuidado 1 160 1 2846,	
especial 1 160 1 2845,	
graves 2 160 2 2843,3405,	
hepáticos 2 160 2 2842,3424,	
matriz 1 160 1 2836,	
revestimiento 2 160 2 2833,3418,	
engrosamiento 1 160 1 2831,	
(hipersensible) 1 160 1 2814,	
alérgico 1 160 1 2813,	
tome 3 160 3 2807,3243,3258,	
TOMAR 2 160 2 2804,3167,	
ANTES 1 160 1 2802,	
menopausia 2 160 2 2800,3100,	
después 2 160 2 2797,3506,	
tipos 1 160 1 2790,	
indicado 1 160 1 2784,	
SE 1 160 1 2776,	
PARA 1 160 1 2774,	
QUÉ 2 160 2 2770,2775,	
olvidadas 1 160 1 3266,	
Información 2 160 2 2767,3128,	
Conservación 1 160 1 2763,	
Posibles 1 160 1 2759,	
Cómo 1 160 1 2755,	
utiliza 1 160 1 2748,	
informe 3 160 3 2731,3076,3271,	
descritos 2 160 2 2727,3478,	
mencionado 1 160 1 2715,	
adverso 1 160 1 2713,	
aprecia 1 160 1 2710,	
sean 1 160 1 2702,	
personas 2 160 2 2695,3342,	
personalmente 1 160 1 2687,	
Vd 9 160 9 2686,2691,2811,2828,2839,2851,2879,2892,3206,	
le 4 160 4 2682,3064,3071,3147,	
farmacéutico 8 160 8 2677,2736,2968,2979,3185,3322,3487,3554,	
médico 16 160 16 2675,2734,2929,2966,2977,3079,3146,3159,3179,3183,3217,3276,3302,3320,3429,3485,	
consulte 1 160 1 2672,	
duda 2 160 2 2671,3310,	
Si 12 160 12 2668,2709,2891,2952,3062,3144,3205,3229,3238,3267,3306,3460,	
leerlo 1 160 1 2666,	
volver 1 160 1 2664,	
Puede 3 160 3 2661,2696,2995,	
Conserve 1 160 1 2658,	
representante 1 160 1 3688,	
detenidamente 1 160 1 2649,	
17 1 160 1 2640,	
	B 1 160 1 2638,	
OTROS 1 160 1 2637,	
	Lote 1 160 1 2635,	
BLISTER 1 160 1 2603,	
TIRAS 1 160 1 2602,	
BLISTERS 1 160 1 2600,	
INCLUIR 1 160 1 2598,	
BRAILLE 2 160 2 2397,2591,	
INFORMACION 2 160 2 2395,2589,	
16 4 160 4 2394,2588,3894,3963,	
15 3 160 3 2390,2584,3924,	
Lote 2 160 2 2379,2573,	
FABRICANTE 3 160 3 2378,2572,2634,	
LOTE 3 160 3 2376,2570,2632,	
NÚMERO 3 160 3 2374,2568,2630,	
13 2 160 2 2373,2567,	
12 3 160 3 2365,2559,3805,	
ORION 2 160 2 2358,2552,	
NOMBRE 3 160 3 2348,2542,2613,	
biselados 1 160 1 3620,	
CORRESPONDA) 2 160 2 2346,2540,	
(CUANDO 2 160 2 2345,2539,	
DIRECTO 2 160 2 2341,2535,	
CONTACTO 2 160 2 2340,2534,	
MATERIALES 2 160 2 2336,2530,	
NO 2 160 2 2331,2525,	
ELIMINACIÓN 2 160 2 2328,2522,	
sueño 1 160 1 3388,	
precisan 2 160 2 2319,2513,	
	No 3 160 3 2317,2511,2806,	
CONSERVACIÓN 3 160 3 2316,2510,3489,	
MM-AAAA 3 160 3 2311,2505,2628,	
	CAD 3 160 3 2310,2504,2627,	
CADUCIDAD 3 160 3 2309,2503,2626,	
NECESARIO 2 160 2 2305,2499,	
ES 3 160 3 2304,2498,2771,	
SI 2 160 2 2303,2497,	
ESPECIALES 6 160 6 2302,2314,2326,2496,2508,2520,	
vista 3 160 3 2295,2489,3499,	
alcance 3 160 3 2291,2485,3495,	
fuera 3 160 3 2289,2483,3493,	
MANTENERSE 2 160 2 2287,2481,	
Tenga 1 160 1 2844,	
ESPECIAL 2 160 2 2281,2475,	
prospecto 8 160 8 2275,2469,2648,2660,2718,2739,3468,4098,	
VÍA(S) 2 160 2 2270,2464,	
	30 2 160 2 2263,2457,	
ENVASE 2 160 2 2262,2456,	
CONTENIDO 2 160 2 2260,2454,	
p 3 160 3 2251,2445,3996,	
c 2 160 2 2249,2443,	
	Excipientes 2 160 2 2248,2442,	
EXCIPIENTES 2 160 2 2247,2441,	
ACTIVO(S) 2 160 2 2237,2431,	
PRINCIPIO(S) 2 160 2 2236,2430,	
CARTONAJE 2 160 2 2223,2417,	
PRIMARIO 2 160 2 2222,2416,	
ACONDICIONAMIENTO 2 160 2 2221,2415,	
DEFECTO 2 160 2 2218,2412,	
SU 2 160 2 2217,2411,	
caducidad 2 160 2 3511,3520,	
EXTERIOR 2 160 2 2214,2408,	
EMBALAJE 2 160 2 2213,2407,	
EL 8 160 8 2212,2220,2284,2343,2406,2414,2478,2537,	
DEBE 4 160 4 2209,2286,2403,2480,	
QUE 6 160 6 2208,2283,2337,2402,2477,2531,	
ETIQUETADO 2 160 2 2200,2205,	
III 1 160 1 2199,	
OTRAS 3 160 3 2196,2300,2494,	
EFICAZ 1 160 1 2190,	
UTILIZACIÓN 1 160 1 2187,	
4-6 1 160 1 3742,	
CON 3 160 3 2185,2342,2536,	
RELACIÓN 1 160 1 2184,	
médica 3 160 3 2178,2389,2583,	
prescripción 3 160 3 2177,2388,2582,	
sujeto 3 160 3 2175,2386,2580,	
AL 1 160 1 2167,	
IMPUESTAS 1 160 1 2166,	
USO 3 160 3 2165,2393,2587,	
DISPENSACIÓN 3 160 3 2163,2384,2578,	
Parandowskiego 1 160 1 3883,	
RESTRICCIONES 2 160 2 2161,2182,	
O 7 160 7 2160,2181,2215,2333,2409,2527,2601,	
Finlandia 1 160 1 2150,	
Turku 1 160 1 2149,	
FIN-20360 2 160 2 2148,3675,	
componentes 3 160 3 2823,3134,3588,	
Tengströminkatu 2 160 2 2146,3673,	
Pharma 12 160 12 2145,3672,3733,3787,3818,3840,3921,3936,4030,4054,4058,4086,	
c/o 1 160 1 3941,	
Orion 21 160 21 2142,2144,3661,3669,3671,3730,3732,3763,3786,3817,3839,3869,3922,3935,3939,3998,4029,4051,4053,4057,4085,	
lotes 1 160 1 2141,	
liberación 1 160 1 2138,	
fabricante(s) 1 160 1 2134,	
los) 1 160 1 2133,	
Edificio 1 160 1 3895,	
social 1 160 1 2131,	
razón 1 160 1 2130,	
Nombre 1 160 1 2128,	
AUTORIZACIÓN(ES) 1 160 1 2118,	
anormal 1 160 1 3440,	
CONDICIONES 9 160 9 2108,2152,2159,2180,2197,2313,2381,2507,2575,	
B 3 160 3 2107,2151,3790,	
LOTES 2 160 2 2106,2127,	
LOS 4 160 4 2105,2126,2335,2529,	
LIBERACIÓN 2 160 2 2103,2124,	
RESPONSABLE(S) 2 160 2 2100,2121,	
AUTORIZACIÓN(CIONES) 1 160 1 2097,	
LA(S) 1 160 1 2096,	
TITULAR(ES) 2 160 2 2094,2115,	
eu 2 160 2 2090,4125,	
//www 2 160 2 2088,4123,	
http 2 160 2 2087,4122,	
Medicamentos 2 160 2 2085,4120,	
Europea 2 160 2 2083,4118,	
Agencia 2 160 2 2082,4117,	
web 2 160 2 2079,4114,	
RG14 1 160 1 4072,	
pagina 1 160 1 2078,	
disponible 2 160 2 2075,4110,	
detallada 2 160 2 2070,4105,	
TEXTO 1 160 1 2066,	
REVISIÓN 1 160 1 2064,	
Agualva 2 160 2 3891,3898,	
2006 1 160 1 2059,	
1996 1 160 1 2054,	
febrero 2 160 2 2052,2057,	
Oaklea 1 160 1 4060,	
PT-2735-557 1 160 1 3897,	
14 4 160 4 2050,2055,2380,2574,	
AUTORIZACIÓN/RENOVACIÓN 1 160 1 2046,	
PRIMERA 1 160 1 2045,	
FECHA 5 160 5 2042,2061,2307,2501,2624,	
EU/1/96/004/002 3 160 3 2040,2372,2566,	
EU/1/96/004/001 3 160 3 2039,2371,2565,	
NÚMERO(S) 3 160 3 2034,2366,2560,	
ESPOO 4 160 4 2031,2363,2557,3666,	
FIN-02200 9 160 9 2030,2362,2556,3665,3745,3773,3931,3949,4010,	
Orionintie 9 160 9 2028,2360,2554,3663,3735,3768,3927,3945,4004,	
CORPORATION 4 160 4 2027,2359,2553,2622,	
Lea 1 160 1 2645,	
	ORION 2 160 2 2026,2621,	
COMERCIALIZACIÓN 10 160 10 2025,2038,2113,2157,2173,2357,2370,2551,2564,2620,	
AUTORIZACIÓN 11 160 11 2023,2036,2049,2111,2155,2171,2355,2368,2549,2562,2618,	
LA 14 160 14 2022,2044,2048,2063,2102,2110,2117,2123,2154,2170,2186,2354,2548,2617,	
TITULAR 5 160 5 2020,2168,2352,2546,2615,	
locales 1 160 1 2018,	
exigencias 1 160 1 2017,	
establecerá 1 160 1 2012,	
utilizados 2 160 2 2006,3034,	
+358 4 160 4 3750,3781,3953,4015,	
productos 1 160 1 2004,	
envases 4 160 4 1993,2010,3642,3654,	
comercialización 4 160 4 1987,3648,3660,3696,	
Posible 2 160 2 1986,3647,	
100 4 160 4 1984,2265,2459,3645,	
Envases 1 160 1 1981,	
PROSPECTO 2 160 2 2202,2639,	
cartón 2 160 2 1980,3638,	
sufre 2 160 2 2721,3471,	
estuche 2 160 2 1978,3636,	
aluminio 2 160 2 1976,3634,	
GENERALES 2 160 2 2382,2576,	
verde 2 160 2 1974,3632,	
PVC 2 160 2 1973,3631,	
Blister 2 160 2 1971,3629,	
recipiente 1 160 1 1970,	
contenido 1 160 1 1968,	
Naturaleza 1 160 1 1966,	
condiciones 4 160 4 1960,2320,2514,3533,	
requiere 2 160 2 1959,3532,	
conservación 5 160 5 1957,1963,2323,2517,3536,	
Precauciones 2 160 2 1954,1996,	
validez 1 160 1 1949,	
procede 2 160 2 1944,2194,	
Incompatibilidades 1 160 1 1942,	
coloidal 2 160 2 1938,3602,	
­toremifeno 1 160 1 2611,	
Sílice 1 160 1 1937,	
Celulosa 1 160 1 1935,	
Estearato 1 160 1 1933,	
almidón 3 160 3 1932,3590,3598,	
sódico 2 160 2 1930,3596,	
Glicolato 1 160 1 1929,	
Povidona 1 160 1 1928,	
HRA 1 160 1 3920,	
Lactosa 1 160 1 1927,	
maíz 2 160 2 1926,3592,	
Almidón 1 160 1 1924,	
Lista 1 160 1 1921,	
	6 1 160 1 1919,	
FARMACÉUTICOS 1 160 1 1918,	
actúa 1 160 1 1911,	
relevancia 1 160 1 1901,	
escasa 1 160 1 1900,	
consideran 1 160 1 1898,	
Qué 1 160 1 2741,	
Estos 2 160 2 1895,3012,	
respiratoria 2 160 2 3390,3445,	
origen 1 160 1 1891,	
dando 1 160 1 1890,	
pasarlo 1 160 1 2692,	
ratón 1 160 1 1889,	
especies 1 160 1 1886,	
determinadas 1 160 1 1885,	
osteosarcomas 1 160 1 1875,	
hiperostosis 1 160 1 1873,	
testiculares 1 160 1 1870,	
Tamaño 1 160 1 3639,	
ováricos 1 160 1 1868,	
carcinogénico 1 160 1 1859,	
resultado 1 160 1 1858,	
genotoxicidad 1 160 1 1855,	
Toremifeno 1 160 1 1851,	
toxicológicamente 1 160 1 1849,	
hallazgos 1 160 1 1846,	
crónica 1 160 1 1829,	
gástrica 1 160 1 1822,	
dilatación 1 160 1 1821,	
sido 1 160 1 1819,	
muerte 1 160 1 1815,	
causa 1 160 1 1812,	
repetida 1 160 1 1810,	
mg/kg 1 160 1 1805,	
aguda 2 160 2 1788,1827,	
seguridad 2 160 2 1785,1904,	
preclínicos 1 160 1 1783,	
tamaño 1 160 1 3611,	
Datos 1 160 1 1782,	
disminuida 1 160 1 1773,	
incrementada 1 160 1 1765,	
deteriorada 2 160 2 1746,1779,	
mol/l) 1 160 1 1733,	
176 1 160 1 1732,	
(creatinina 1 160 1 1731,	
alterada 2 160 2 1730,1750,	
31 1 160 1 3832,	
antiepilépticos) 1 160 1 1724,	
25 1 160 1 1707,	
activada 2 160 2 1704,1771,	
U/l) 1 160 1 1700,	
C/Cantabria 1 160 1 3900,	
329 1 160 1 1699,	
F-75003 1 160 1 3929,	
98 1 160 1 3880,	
GT 2 160 2 1698,1717,	
gamma 2 160 2 1697,1716,	
76 1 160 1 1693,	
ALT 2 160 2 1692,1711,	
U/l 5 160 5 1689,1694,1708,1713,1719,	
AST 2 160 2 1687,1706,	
normales 2 160 2 1682,1755,	
sujetos 3 160 3 1680,1681,1754,	
diez 1 160 1 1679,	
paralelos 1 160 1 1677,	
9300 1 160 1 3907,	
grupos 1 160 1 1676,	
abierto 1 160 1 1673,	
investigó 1 160 1 1669,	
farmacocinética 1 160 1 1665,	
mediador 1 160 1 1658,	
interviene 1 160 1 1656,	
N-desmetilación 1 160 1 1655,	
metabólica 1 160 1 1653,	
tamaños 2 160 2 1991,3652,	
ruta 1 160 1 1652,	
P450 1 160 1 1648,	
citocromo 1 160 1 1647,	
dependiente 1 160 1 1645,	
mixta 1 160 1 1644,	
oxidasa 1 160 1 1640,	
complejo 1 160 1 1625,	
polimórfico 1 160 1 1623,	
clínica 1 160 1 1613,	
eficacia 1 160 1 1611,	
positiva 1 160 1 1608,	
correlación 1 160 1 1607,	
existe 2 160 2 1606,1619,	
b) 1 160 1 1592,	
semanas 1 160 1 1591,	
eliminación 4 160 4 1575,1757,1999,2001,	
lenta 1 160 1 1574,	
orina 1 160 1 1566,	
suministrada 1 160 1 1559,	
10 9 160 9 1554,2060,2203,2324,2518,3751,3782,3954,4016,	
Alrededor 1 160 1 1552,	
circulación 1 160 1 1550,	
esperar 1 160 1 1549,	
Es 1 160 1 1547,	
heces 1 160 1 1542,	
elimina 2 160 2 1536,1561,	
biológica 1 160 1 1532,	
importancia 1 160 1 1531,	
atribuir 1 160 1 1530,	
United 1 160 1 4049,	
pueda 1 160 1 1529,	
NO-0402 1 160 1 3835,	
les 1 160 1 1528,	
emea 2 160 2 2089,4124,	
hormonales 2 160 2 1514,1841,	
Aunque 1 160 1 1508,	
N-didemetiltoremifeno 1 160 1 1507,	
N 1 160 1 1506,	
4-hidroxitoremifeno 1 160 1 1504,	
(deaminohidroxi) 1 160 1 1502,	
humano 1 160 1 1501,	
suero 2 160 2 1500,1585,	
importantes 2 160 2 1497,1512,	
metabolitos 4 160 4 1495,1546,1570,1762,	
detectado 1 160 1 1493,	
% 2 160 2 1490,1555,	
ESTÉN 2 160 2 2338,2532,	
> 1 160 1 1487,	
ligada 1 160 1 1486,	
proteína 1 160 1 1485,	
fracción 1 160 1 1482,	
353 1 160 1 3960,	
empezar 1 160 1 2652,	
medida 1 160 1 1476,	
plasmáticas 1 160 1 1472,	
débil 1 160 1 1461,	
antitumorígena 1 160 1 1459,	
similar 2 160 2 1455,1881,	
Tiene 1 160 1 1451,	
madre 2 160 2 1450,1466,	
compuesto 2 160 2 1449,1465,	
aproximadamente 1 160 1 1443,	
Su 1 160 1 1435,	
demetiltoremifeno 1 160 1 1423,	
ADICIONAL 1 160 1 3574,	
N- 1 160 1 1422,	
principal 3 160 3 1414,1651,1659,	
metaboliza 1 160 1 1411,	
diarios 1 160 1 1407,	
{MM/AAAA} 2 160 2 2067,4102,	
g/ml 1 160 1 1393,	
1EA 1 160 1 4073,	
adversos 8 160 8 2726,2761,3337,3347,3377,3402,3463,3476,	
media 6 160 6 1381,1427,1691,1696,1710,1715,	
lineal 1 160 1 1378,	
vía 2 160 2 1370,3203,	
ADVERTENCIAS 2 160 2 2301,2495,	
11 5 160 5 1365,1429,2206,2347,2541,	
A 10 160 10 1361,1597,2093,2114,2204,2597,3853,3872,3889,3997,	
albúmina 1 160 1 1360,	
proteinas 1 160 1 1354,	
99 2 160 2 1349,1488,	
(> 1 160 1 1348,	
ampliamente 2 160 2 1347,1412,	
intravenoso 1 160 1 1342,	
estudio 3 160 3 1341,1672,1736,	
del(de 1 160 1 2132,	
ausencia 1 160 1 1338,	
estimarse 1 160 1 1334,	
pudieron 1 160 1 1333,	
V) 1 160 1 1331,	
basal 1 160 1 1328,	
parámetros 1 160 1 1325,	
días 2 160 2 1319,1430,	
(eliminación) 1 160 1 1316,	
segunda 1 160 1 1314,	
(EMEA) 2 160 2 2086,4121,	
12) 1 160 1 1310,	
(distribución) 1 160 1 1302,	
fase 2 160 2 1301,1315,	
semivida 2 160 2 1297,1426,	
biexponencial 1 160 1 1295,	
ecuación 1 160 1 1294,	
FIGURAR 2 160 2 2210,2404,	
mediante 1 160 1 1292,	
describirse 1 160 1 1291,	
curva 1 160 1 1286,	
significativos 2 160 2 1284,1850,	
clínicamente 1 160 1 1283,	
alimento 1 160 1 1280,	
pico 1 160 1 1266,	
dolor 3 160 3 3226,3379,3448,	
retrasar 1 160 1 1263,	
absorción 1 160 1 1260,	
(media 2 160 2 1686,1705,	
extensión 1 160 1 1257,	
afecta 1 160 1 1254,	
Período 1 160 1 1947,	
alimentos 1 160 1 1252,	
ingestión 2 160 2 1250,1278,	
5) 1 160 1 1248,	
- 24 160 24 1247,1270,1309,1322,1397,1433,1690,1695,1709,1714,1720,2657,2667,2678,2708,2809,2826,2837,2849,2863,2890,2923,3578,3585,	
horas 3 160 3 1244,1272,1306,	
tres 2 160 2 1243,1494,	
séricas 3 160 3 1238,1355,1617,	
concentraciones 4 160 4 1236,1265,1578,1616,	
	Mantener 3 160 3 2288,2482,3492,	
oral 3 160 3 1234,1371,3204,	
Sverige 1 160 1 4027,	
rápidamente 1 160 1 1230,	
Ireland 1 160 1 3933,	
comparación 1 160 1 1752,	
absorbe 1 160 1 1229,	
Características 2 160 2 1224,1593,	
a) 1 160 1 1223,	
involucrados 1 160 1 1214,	
celular) 1 160 1 1210,	
ciclo 1 160 1 1209,	
cinética 3 160 3 1207,1376,1738,	
apoptosis 1 160 1 1202,	
inducción 1 160 1 1200,	
factor 1 160 1 1197,	
secreción 1 160 1 1195,	
oncogenes 1 160 1 1194,	
expresión 1 160 1 1191,	
máximas 1 160 1 1237,	
(cambios 1 160 1 1188,	
mecanismos 1 160 1 1187,	
antiestrogénico 1 160 1 1184,	
teóricamente 1 160 1 1509,	
principalmente 3 160 3 1180,1537,1912,	
antitumoral 3 160 3 1170,1218,1612,	
estrógeno-dependientes 1 160 1 1167,	
0 2 160 2 1391,1395,	
antitumorales 1 160 1 1163,	
efectos 11 160 11 1162,1513,1840,2725,2760,3336,3346,3376,3401,3462,3475,	
presenta 7 160 7 1161,2829,2840,2852,2859,2893,3151,	
troleandomicina) 1 160 1 3061,	
elevadas 1 160 1 1158,	
y/o 2 160 2 1155,3413,	
experimentales 1 160 1 1154,	
cánceres 1 160 1 1153,	
celular 1 160 1 1150,	
45 1 160 1 3803,	
replicación 1 160 1 1149,	
DNA 1 160 1 1146,	
síntesis 1 160 1 1144,	
+357-22 1 160 1 4039,	
inducida 1 160 1 1138,	
inhibe 1 160 1 1135,	
e 2 160 2 1134,1203,	
estradiol 1 160 1 1133,	
competencia 1 160 1 1130,	
específicamente 1 160 1 1124,	
une 3 160 3 1123,1346,1468,	
(LDL) 1 160 1 1119,	
densidad 1 160 1 1118,	
baja 3 160 3 1117,1524,1792,	
total 1 160 1 1111,	
sérico 2 160 2 1110,1416,	
colesterol 1 160 1 1109,	
moderadas 1 160 1 1105,	
(intervalo 5 160 5 1245,1307,1320,1394,1431,	
reducciones 1 160 1 1104,	
ratones 3 160 3 1088,1799,1863,	
estrogénicos 1 160 1 1086,	
7000 1 160 1 3986,	
cuatro 1 160 1 1675,	
hombre 3 160 3 1084,1419,1907,	
Court 1 160 1 4061,	
antiestrogénicos 1 160 1 1078,	
predominantemente 1 160 1 1077,	
esteroideos 1 160 1 1073,	
derivados 1 160 1 1071,	
embargo 1 160 1 1066,	
Sin 1 160 1 1065,	
Bd 2 160 2 3705,3710,	
seleccionada 1 160 1 1064,	
variable 1 160 1 1063,	
Lietuva 1 160 1 4083,	
afectado 1 160 1 1061,	
órgano 1 160 1 1060,	
género 1 160 1 1059,	
animal 1 160 1 1058,	
especie 1 160 1 1057,	
duración 1 160 1 1054,	
dependiendo 1 160 1 1051,	
farmacocinéticas 1 160 1 1222,	
ambas 1 160 1 1047,	
Vertriebs 1 160 1 3844,	
antiestrogénica 2 160 2 1045,1454,	
estrogénica 1 160 1 1044,	
INFORMACIÓN 4 160 4 2207,2401,2595,3573,	
actividad 3 160 3 1043,1453,1458,	
ejercer 1 160 1 1042,	
(utilizados 1 160 1 3046,	
años 1 160 1 1951,	
20) 1 160 1 1434,	
aparece 2 160 2 1035,3513,	
clomifeno 1 160 1 1032,	
tamoxifeno 1 160 1 1030,	
clase 1 160 1 1028,	
miembros 1 160 1 1025,	
Como 1 160 1 1023,	
trifeniletileno 2 160 2 1022,1075,	
esteroideo 1 160 1 1020,	
derivado 1 160 1 1018,	
08 1 160 1 3980,	
L02BA02 1 160 1 1013,	
ATC 1 160 1 1012,	
código 1 160 1 1011,	
Antiestrógenos 1 160 1 1010,	
farmacoterapéutico 1 160 1 1009,	
farmacodinámicas 1 160 1 1007,	
Propiedades 2 160 2 1006,1221,	
	5 1 160 1 1004,	
ESTE 1 160 1 1002,	
FARMACOLÓGICAS 1 160 1 1000,	
PROPIEDADES 1 160 1 999,	
sintomático 1 160 1 997,	
específicos 1 160 1 990,	
antídotos 1 160 1 989,	
680 2 160 2 985,1367,	
diarias 2 160 2 983,1363,	
mareos 1 160 1 980,	
cefalea 1 160 1 978,	
vértigos 1 160 1 977,	
observaron 1 160 1 976,	
sanos 1 160 1 974,	
voluntarios 1 160 1 973,	
lipoproteínas 1 160 1 1115,	
realizados 1 160 1 971,	
sobredosis 2 160 2 968,3221,	
Sobredosis 1 160 1 961,	
9 7 160 7 960,1392,1489,2041,2312,2506,3793,	
4) 1 160 1 958,	
EE-10115 1 160 1 3854,	
estrógenica 1 160 1 953,	
estimulación 2 160 2 952,1137,	
subyacente 1 160 1 950,	
magnésico 2 160 2 1934,3606,	
mecanismo 1 160 1 949,	
Esto 1 160 1 944,	
estrogénico 2 160 2 926,1883,	
parcialmente 1 160 1 925,	
debido 3 160 3 922,947,1335,	
Durante 1 160 1 915,	
comunicado 1 160 1 899,	
(ictericia) 1 160 1 896,	
alteraciones 3 160 3 889,3386,3455,	
transaminasas) 1 160 1 882,	
(aumentos 1 160 1 879,	
hepáticas 1 160 1 878,	
enzimas 1 160 1 877,	
niveles 1 160 1 875,	
cambios 4 160 4 872,935,1274,3415,	
asociado 2 160 2 870,1102,	
empleo) 1 160 1 863,	
pulmonar 2 160 2 852,2875,	
tromboflebitis 1 160 1 849,	
profunda 2 160 2 848,2872,	
venosa 2 160 2 847,2871,	
trombosis 2 160 2 846,2870,	
incluyen 1 160 1 845,	
aislados) 1 160 1 841,	
doble 2 160 2 1445,3261,	
incluyendo 4 160 4 839,939,2254,2448,	
(<1/10 1 160 1 837,	
<1/1 1 160 1 833,	
(>1/10 1 160 1 831,	
raras 3 160 3 830,836,886,	
UTILIZADO 2 160 2 2332,2526,	
<1/100) 1 160 1 829,	
DL-50 1 160 1 1795,	
000 4 160 4 828,832,838,1804,	
(>1/1 1 160 1 827,	
UTILIZA 1 160 1 2777,	
<1/10) 1 160 1 824,	
responsables 1 160 1 2135,	
(>1/100 1 160 1 823,	
(>1/10) 1 160 1 821,	
Ceská 1 160 1 3758,	
convenio 1 160 1 818,	
siguiente 2 160 2 817,3245,	
utilizando 2 160 2 815,1156,	
frecuencia 2 160 2 814,3354,	
función 8 160 8 811,892,1642,1702,1728,1744,1769,1777,	
ordenado 1 160 1 809,	
*Las 1 160 1 802,	
biliar 1 160 1 801,	
transaminasas 1 160 1 799,	
hepático 1 160 1 798,	
FABRICACIÓN 2 160 2 2099,2120,	
ictericia 1 160 1 796,	
coagulación 2 160 2 789,3024,	
ADMINISTRACIÓN 2 160 2 2272,2466,	
hemorrágicos 1 160 1 784,	
tromboembólico 1 160 1 783,	
debiera 1 160 1 3212,	
Medicamento 3 160 3 2174,2385,2579,	
plaquetarios 1 160 1 782,	
síntomas 3 160 3 2701,3219,3436,	
crecimiento 1 160 1 1199,	
acontecimientos 2 160 2 781,843,	
corneal 1 160 1 779,	
visuales 2 160 2 778,3396,	
opacidad 1 160 1 777,	
respiratorio 1 160 1 775,	
disnea 1 160 1 773,	
significativamente 2 160 2 1749,1764,	
psiquiátricos 1 160 1 770,	
periférico 1 160 1 767,	
central 1 160 1 765,	
perjudicarles 1 160 1 2697,	
nervioso 1 160 1 764,	
insomnio 1 160 1 761,	
faneras 1 160 1 757,	
piel 1 160 1 755,	
alopecia 1 160 1 754,	
000) 1 160 1 834,	
estreñimiento 2 160 2 748,3391,	
s 4 160 4 747,786,2250,2444,	
apetito 2 160 2 746,3394,	
vómitos 2 160 2 745,3399,	
gastrointestinale 1 160 1 744,	
pérdida 2 160 2 742,3392,	
edema 1 160 1 738,	
generales 2 160 2 736,1225,	
antiestrógeno 2 160 2 1915,2781,	
aumento 4 160 4 734,793,933,3382,	
reproductor 1 160 1 726,	
endometriales 1 160 1 724,	
pólipos 2 160 2 719,941,	
hipertrofia 2 160 2 718,920,	
Trastornos 10 160 10 715,731,740,749,758,768,771,776,780,790,	
frecuentes* 2 160 2 713,714,	
raras* 1 160 1 711,	
PRECAUCIONES 2 160 2 2325,2519,	
Raras* 1 160 1 709,	
Nada 1 160 1 708,	
Frecuentes* 1 160 1 707,	
Muy 2 160 2 706,710,	
Grupo 2 160 2 704,1008,	
órganos 2 160 2 702,712,	
clasificación 1 160 1 700,	
acuerdo 2 160 2 697,2014,	
Planta 1 160 1 3902,	
acción 1 160 1 690,	
debidas 1 160 1 687,	
mayoría 2 160 2 686,1831,	
leves 1 160 1 682,	
depresión 3 160 3 677,769,3373,	
mencionados 1 160 1 3465,	
mareo 4 160 4 675,760,3224,3371,	
picor 3 160 3 674,753,3370,	
rash 2 160 2 673,752,	
fatiga 2 160 2 671,733,	
leucorrea 2 160 2 670,727,	
uterino 3 160 3 669,722,3359,	
sangrado 3 160 3 668,717,3358,	
sudoración 3 160 3 667,737,3357,	
Allphar 1 160 1 3942,	
sofocos 3 160 3 666,732,3356,	
EN 12 160 12 2183,2211,2216,2219,2339,2396,2405,2410,2413,2533,2590,2599,	
frecuentes 4 160 4 664,820,822,826,	
reacciones 3 160 3 661,679,803,	
Las 3 160 3 660,678,1235,	
(CL 1 160 1 1329,	
adversas 4 160 4 659,662,695,804,	
Reacciones 2 160 2 658,694,	
8 9 160 9 657,2033,2147,2306,2500,3674,3823,4032,4045,	
nula 2 160 2 655,3127,	
influencia 3 160 3 643,1204,3115,	
máquinas 4 160 4 641,653,3113,3125,	
utilizar 5 160 5 640,652,2278,2472,3124,	
conducir 3 160 3 638,650,3122,	
capacidad 3 160 3 636,648,3120,	
Efectos 2 160 2 633,3281,	
DIRECCIÓN 2 160 2 2350,2544,	
7 6 160 6 632,2019,2092,2299,2493,4034,	
crías 1 160 1 620,	
antiepilépticos 1 160 1 3032,	
peso 3 160 3 616,739,3384,	
ganancia 1 160 1 614,	
disminución 1 160 1 611,	
observó 1 160 1 609,	
ratas 5 160 5 607,1080,1797,1817,1861,	
embarazo 2 160 2 605,3106,	
hospital 1 160 1 3068,	
durante 5 160 5 603,621,628,1517,3104,	
debería 2 160 2 601,626,	
humanos 2 160 2 598,1637,	
seres 1 160 1 597,	
potencial 1 160 1 595,	
Berkshire 1 160 1 4071,	
desconoce 1 160 1 592,	
Se 5 160 5 591,897,1467,1491,3233,	
(véase 1 160 1 588,	
INSTRUCCIONES 2 160 2 2391,2585,	
reproductiva 1 160 1 587,	
toxicidad 4 160 4 586,1787,1809,1826,	
mostrado 2 160 2 585,1854,	
animales 1 160 1 583,	
embarazadas 1 160 1 579,	
mujeres 3 160 3 578,729,2796,	
utilización 1 160 1 574,	
redondos 1 160 1 3618,	
suficientes 1 160 1 571,	
republika 2 160 2 3759,3967,	
existen 2 160 2 569,988,	
lactancia 5 160 5 559,623,630,3087,3108,	
embolismo 2 160 2 851,2874,	
Embarazo 2 160 2 557,3085,	
concomitante 1 160 1 549,	
estudiado 1 160 1 546,	
cuidadosamente 1 160 1 545,	
Corporation 9 160 9 2143,3662,3670,3731,3764,3923,3940,3999,4052,	
Debe 1 160 1 543,	
troleandomicina 1 160 1 542,	
ginecológicos 1 160 1 2941,	
eritromicina 2 160 2 540,3059,	
similares 2 160 2 539,1894,	
ligado 1 160 1 1036,	
antimicóticos 2 160 2 538,3045,	
ketoconazol 1 160 1 536,	
Ejemplos 1 160 1 530,	
metabólicas 1 160 1 529,	
sanguínea) 1 160 1 3025,	
rutas 1 160 1 528,	
210 1 160 1 3879,	
principales 1 160 1 527,	
responsable 2 160 2 524,1631,	
descrito 2 160 2 522,965,	
3A 2 160 2 518,1663,	
CYP 2 160 2 517,1662,	
enzimático 2 160 2 516,1626,	
sistema 6 160 6 515,721,763,774,797,1661,	
inhibido 1 160 1 507,	
dichos 1 160 1 498,	
resultados 2 160 2 1834,1896,	
simultáneo 1 160 1 494,	
evitar 1 160 1 491,	
hemorragia 2 160 2 483,3452,	
ayudará 1 160 1 3566,	
mayor 2 160 2 1475,3353,	
conduce 1 160 1 478,	
warfarina 2 160 2 476,3030,	
tipo 3 160 3 473,3018,3027,	
anticoagulantes 2 160 2 471,3021,	
antiestrógenos 1 160 1 468,	
conocida 1 160 1 465,	
89 1 160 1 3831,	
Existe 2 160 2 463,929,	
diaria 3 160 3 462,1600,3237,	
duplicar 1 160 1 459,	
resultar 1 160 1 457,	
casos 4 160 4 455,840,901,966,	
En 12 160 12 453,606,969,1089,1151,1649,1734,1806,1823,1862,2737,2864,	
sérica 3 160 3 447,1289,1377,	
concentración 6 160 6 446,1288,1380,1436,1516,2902,	
así 2 160 2 444,1871,	
reduciendo 1 160 1 443,	
metabolismo 4 160 4 440,502,1622,1633,	
venas 1 160 1 3410,	
velocidad 1 160 1 438,	
carbamazepina 2 160 2 434,3041,	
fenitoína 2 160 2 432,3042,	
fenobarbital 1 160 1 431,	
enzimáticos 1 160 1 428,	
inductores 1 160 1 427,	
aumentar 2 160 2 421,436,	
tiazida 1 160 1 419,	
base 1 160 1 417,	
%) 1 160 1 1351,	
diuréticos 2 160 2 415,3016,	
calcio 3 160 3 411,2904,2922,	
excreción 1 160 1 409,	
disminuyen 1 160 1 407,	
fármacos 5 160 5 405,499,533,552,806,	
interacciones 1 160 1 403,	
estudios 5 160 5 401,581,970,1807,1824,	
Borromini 1 160 1 4013,	
realizado 1 160 1 400,	
10) 1 160 1 1323,	
han 6 160 6 399,584,808,898,964,1492,	
ADVERTENCIA 2 160 2 2280,2474,	
interacción 2 160 2 396,464,	
formas 1 160 1 394,	
medicamentos 9 160 9 391,509,2973,2989,3013,3332,3538,3559,4129,	
Interacción 1 160 1 387,	
deberían 1 160 1 381,	
malabsorción 1 160 1 377,	
Lapp 1 160 1 374,	
lactasa 1 160 1 373,	
galactosa 1 160 1 369,	
intolerancia 2 160 2 366,3152,	
raros 2 160 2 364,3403,	
microcristalina 2 160 2 1936,3600,	
hereditarios 1 160 1 363,	
problemas 4 160 4 362,2841,3395,3423,	
027 1 160 1 3778,	
comprimido) 2 160 2 358,3143,	
(30 2 160 2 355,3140,	
cardiaca 1 160 1 351,	
general 4 160 4 345,1069,2862,2878,	
glucosa-galactosa 1 160 1 379,	
mal 2 160 2 343,2860,	
lábil 2 160 2 339,2856,	
disponibles 1 160 1 334,	
clínicos 1 160 1 333,	
Leer 2 160 2 2273,2467,	
datos 2 160 2 332,570,	
ve 1 160 1 506,	
ósea 2 160 2 323,908,	
metástasis 3 160 3 322,907,2894,	
principio 5 160 5 314,910,2909,2943,3580,	
hipercalcemia 4 160 4 312,425,903,2898,	
aparecer 2 160 2 311,919,	
Debido 2 160 2 307,1571,	
pecho 2 160 2 301,3451,	
tirar 1 160 1 3542,	
angina 1 160 1 299,	
compensada 1 160 1 297,	
cardíaca 2 160 2 295,2854,	
tratados 2 160 2 283,1722,	
proteínas 1 160 1 1471,	
generalmente 2 160 2 282,681,	
tromboembólica 1 160 1 277,	
enfermedad 1 160 1 276,	
8) 2 160 2 270,290,	
estrechamente 3 160 3 265,306,329,	
monitorizados 3 160 3 264,305,328,	
deberán 4 160 4 262,280,303,326,	
metabolito 1 160 1 1415,	
Por 2 160 2 487,2924,	
sustitución 1 160 1 260,	
terapia 1 160 1 258,	
historia 3 160 3 256,274,2868,	
(>30) 1 160 1 254,	
· 3 160 3 2158,2179,2195,	
elevado 2 160 2 253,486,	
corporal 2 160 2 252,617,	
masa 1 160 1 251,	
índice 1 160 1 249,	
diabetes 3 160 3 247,338,2855,	
hipertensión 1 160 1 245,	
presenten 1 160 1 244,	
ejemplo 2 160 2 240,3040,	
adicional 2 160 2 234,2768,	
riesgo 4 160 4 233,423,594,931,	
Los 17 160 17 230,271,291,359,404,426,580,842,1273,1324,1844,3218,3345,3400,3537,3586,3614,	
año 1 160 1 229,	
vez 2 160 2 227,1050,	
repetir 1 160 1 220,	
inhiben 1 160 1 513,	
Después 1 160 1 217,	
previamente 1 160 1 216,	
existente 1 160 1 215,	
endometrio 3 160 3 214,238,938,	
MÍNIMA 1 160 1 2596,	
int/ 2 160 2 2091,4126,	
atentamente 1 160 1 210,	
examinando 1 160 1 209,	
ginecológico 2 160 2 208,223,	
examen 2 160 2 207,222,	
realizar 1 160 1 205,	
deberá 2 160 2 204,219,	
FINLANDIA 5 160 5 2032,2364,2558,3667,3677,	
Antes 3 160 3 197,2750,2884,	
enterohepática 1 160 1 1551,	
especiales 8 160 8 194,861,1955,1961,1997,2321,2515,3534,	
precauciones 2 160 2 193,860,	
Advertencias 2 160 2 191,858,	
B-1050 2 160 2 3715,3717,	
excipientes 2 160 2 188,1923,	
anhidra 2 160 2 1939,3603,	
equilibrio 4 160 4 452,1388,1441,1583,	
o 29 160 29 183,246,255,298,346,375,1046,1701,2007,2129,2676,2719,2735,2817,2857,2873,2967,2978,2983,3069,3107,3184,3321,3438,3447,3454,3469,3486,3547,	
Hipersensibilidad 1 160 1 180,	
plazo 1 160 1 177,	
tratamiento 16 160 16 174,202,316,865,912,917,995,1056,1097,1519,2787,2887,3009,3253,3289,3293,	
contraindicaciones 1 160 1 171,	
son 13 160 13 170,534,665,680,1076,1166,1282,1848,3355,3378,3406,3589,3616,	
57 1 160 1 1688,	
severa 4 160 4 169,278,302,895,	
previa 1 160 1 164,	
+ 6 160 6 3802,3912,3959,4022,4043,4078,	
endometrial 5 160 5 163,723,725,730,921,	
hiperplasia 3 160 3 162,720,940,	
disposición 1 160 1 1327,	
Contraindicaciones 1 160 1 160,	
2b) 1 160 1 157,	
5 19 160 19 156,386,589,998,1219,1269,1318,1350,1780,1950,1965,2267,2461,2636,2762,3488,3709,3714,4094,	
(ver 5 160 5 153,266,286,853,954,	
alteración 3 160 3 151,212,1685,	
precaución 1 160 1 147,	
3) 2 160 2 590,1399,	
utilizarse 3 160 3 145,602,627,	
debe 8 160 8 144,490,1179,2690,2881,2937,3102,3297,	
recetado 1 160 1 2684,	
El 15 160 15 142,560,864,1014,1120,1168,1226,1343,1408,1413,1533,1624,1876,3292,3579,	
hepática 8 160 8 141,152,168,893,1643,1703,1770,1778,	
insuficiencia 6 160 6 138,167,294,350,371,2853,	
ajustar 2 160 2 132,2998,	
necesario 3 160 3 131,458,2997,	
lactosa 5 160 5 354,2255,2449,3139,3593,	
renal 5 160 5 128,139,412,1729,1745,	
Insuficiencia 2 160 2 127,140,	
diariamente 1 160 1 126,	
recomendada 4 160 4 119,1403,1601,3191,	
dosis 15 160 15 118,134,461,982,1157,1362,1402,1558,1599,3000,3190,3242,3260,3265,3270,	
náuseas 3 160 3 672,741,3365,	
La 16 160 16 117,161,642,1249,1285,1296,1379,1664,1756,1786,2000,2068,3114,3189,3517,4103,	
niños 4 160 4 116,2298,2492,3502,	
fenobarbital) 1 160 1 3043,	
precisa 1 160 1 112,	
indicación 1 160 1 111,	
hay 2 160 2 109,331,	
No 14 160 14 108,129,330,397,568,962,987,1618,1943,1958,2193,3101,3257,3503,	
efecto 6 160 6 924,1169,1183,1217,1880,2712,	
administración 5 160 5 107,200,1233,3174,3236,	
forma 6 160 6 105,1544,1568,2729,3480,3565,	
Posología 1 160 1 103,	
través 2 160 2 1539,1563,	
negativos 1 160 1 100,	
estrógenos 5 160 5 99,1039,1128,1141,1865,	
receptores 3 160 3 97,1038,1127,	
tumores 4 160 4 95,1867,1893,2792,	
recomendado 4 160 4 91,563,3090,3256,	
está 8 160 8 90,562,2074,2783,2981,3082,3089,4109,	
Fareston 33 160 33 88,114,352,576,599,624,2398,2592,2641,2743,2753,2757,2765,2782,2808,2825,2848,2883,2889,2951,3011,3084,3088,3136,3137,3176,3209,3232,3291,3295,3333,3505,3530,	
post-menopáusicas 3 160 3 87,567,1091,	
pacientes 25 160 25 86,93,136,149,231,242,272,292,320,325,336,341,348,360,566,905,1090,1596,1683,1721,1726,1742,1767,1775,3093,	
hormono-dependiente 1 160 1 84,	
metastásico 1 160 1 83,	
mama 4 160 4 82,1095,1177,2794,	
cáncer 6 160 6 80,236,728,943,1093,1175,	
elección 1 160 1 78,	
grave 2 160 2 2730,3481,	
primera 2 160 2 77,1300,	
hormonal 3 160 3 75,261,691,	
Este 2 160 2 2679,4097,	
Tratamiento 1 160 1 74,	
terapéuticas 1 160 1 73,	
Indicaciones 1 160 1 72,	
	4 1 160 1 70,	
vértigo 1 160 1 762,	
CLÍNICOS 1 160 1 69,	
DATOS 2 160 2 68,1917,	
4 25 160 25 67,101,158,189,190,269,289,385,555,631,656,856,857,957,959,1305,1432,1588,1953,2256,2450,2629,2758,3323,3821,	
cara 2 160 2 66,3627,	
impreso 2 160 2 63,3624,	
TO 2 160 2 61,3622,	
biselado 1 160 1 59,	
liso 1 160 1 58,	
redondo 1 160 1 57,	
blanco 2 160 2 56,3363,	
Cacem 1 160 1 3899,	
Comprimido 1 160 1 55,	
Kft 1 160 1 3734,	
	Comprimido 1 160 1 54,	
FARMACÉUTICA 3 160 3 53,2258,2452,	
VII 1 160 1 3743,	
FORMA 5 160 5 52,2257,2268,2451,2462,	
debidos 1 160 1 1275,	
tromboembólicos 1 160 1 844,	
3 10 160 10 51,159,703,1781,1946,2244,2438,2623,2754,3165,	
6 18 160 18 49,556,1396,1590,1916,1940,1945,1952,1964,1994,1995,2279,2473,2766,3572,3860,3976,4089,	
inducen 1 160 1 1866,	
sección 6 160 6 48,155,268,288,855,956,	
ver 2 160 2 47,1837,	
completa 1 160 1 46,	
lista 1 160 1 45,	
Teóricamente 1 160 1 500,	
Para 1 160 1 43,	
Excipientes 1 160 1 42,	
citrato) 5 160 5 41,2234,2243,2428,2437,	
(como 6 160 6 40,2233,2242,2427,2436,3058,	
toremifeno 46 160 46 37,143,179,182,285,318,442,496,504,554,561,645,693,867,914,928,1015,1034,1099,1121,1160,1172,1227,1344,1373,1383,1409,1479,1503,1521,1534,1635,1667,1740,1759,1790,1843,1877,1910,2232,2241,2426,2435,2816,3117,3583,	
contiene 4 160 4 36,353,3138,3576,	
comprimido 6 160 6 35,125,2253,2447,3195,3246,	
	Cada 1 160 1 34,	
CUANTITATIVA 1 160 1 33,	
obtienen 2 160 2 1240,1577,	
Y 11 160 11 32,2164,2189,2201,2259,2269,2349,2453,2463,2543,2773,	
CUALITATIVA 1 160 1 31,	
COMPOSICIÓN 1 160 1 30,	
2 20 160 20 29,102,1220,1246,1271,1308,1321,1803,1941,2235,2429,2612,2749,2801,3721,3726,3852,3973,3982,3989,	
comprimidos 11 160 11 28,1985,2231,2264,2266,2425,2458,2460,2644,3615,3646,	
Via 1 160 1 4000,	
mg 18 160 18 27,39,123,356,986,1368,1406,1604,2230,2239,2400,2424,2433,2594,2610,2643,3141,3198,	
60 16 160 16 26,38,62,122,1405,1603,2229,2238,2399,2423,2432,2593,2609,2642,3197,3623,	
	Fareston 5 160 5 25,2228,2422,2608,2778,	
MEDICAMENTO 8 160 8 24,1003,2192,2227,2285,2421,2479,2607,	
DENOMINACIÓN 4 160 4 22,2225,2419,2605,	
1 27 160 27 21,50,71,1005,1268,1398,1920,2029,2224,2252,2361,2418,2446,2555,2604,2740,2769,3664,3736,3755,3769,3865,3928,3946,3961,4005,4026,	
LISTA 2 160 2 2245,2439,	
SEGURA 1 160 1 2188,	
PRODUCTO 5 160 5 20,2330,2344,2524,2538,	
DEL 17 160 17 19,23,2065,2191,2226,2261,2329,2351,2377,2420,2455,2523,2545,2571,2606,2614,2633,	
Rue 1 160 1 3890,	
CARACTERÍSTICAS 1 160 1 18,	
433 1 160 1 3906,	
LAS 1 160 1 17,	
DE 58 160 58 16,1001,2021,2024,2035,2037,2043,2047,2062,2095,2098,2101,2104,2109,2112,2116,2119,2122,2125,2153,2156,2162,2169,2172,2246,2271,2282,2308,2315,2327,2334,2353,2356,2367,2369,2375,2383,2392,2440,2465,2476,2502,2509,2521,2528,2547,2550,2561,2563,2569,2577,2586,2616,2619,2625,2631,2803,3490,	
RESUMEN 1 160 1 15,	
I 1 160 1 14,	
ANEXO 2 160 2 13,2198,	
ocasiones 1 160 1 887,	
información 5 160 5 10,1620,2069,3681,4104,	
Toda 1 160 1 8,	
91 2 160 2 1718,3914,	
medicamento 10 160 10 7,12,384,2073,2656,2680,3075,3164,3685,4108,	
sufran 1 160 1 3344,	
Basica 1 160 1 5,	
	Información 1 160 1 4,	
COMPRIMIDOS 1 160 1 3,	
30 6 160 6 2,1712,1982,3643,3809,4037,	
60MG 1 160 1 1,	
FARESTON 5 160 5 0,2772,2805,3168,3491,	
