	Prospectos 1 327 1 9044,	
19 1 327 1 8799,	
18 1 327 1 8175,	
2776 1 327 1 6735,	
eu/ 1 327 1 6664,	
europa 1 327 1 6663,	
emea 1 327 1 6662,	
//www 1 327 1 6661,	
http 1 327 1 6660,	
(EMEA) 1 327 1 6659,	
Medicamento 1 327 1 6658,	
Agencia 1 327 1 6655,	
web 1 327 1 6652,	
página 1 327 1 6651,	
detallada 1 327 1 6643,	
TEXTO 1 327 1 6640,	
2003 1 327 1 6633,	
renovación 1 327 1 6630,	
última 1 327 1 6629,	
1998 1 327 1 6625,	
Octubre 2 327 2 6624,6632,	
16 3 327 3 6623,6631,7031,	
autorización 1 327 1 6622,	
AUTORIZACIÓN/RENOVACIÓN 1 327 1 6614,	
PRIMERA 1 327 1 6613,	
FECHA 2 327 2 6610,6635,	
EU/1/98/085/009 1 327 1 6608,	
	EU/1/98/085/001-003 1 327 1 6606,	
NÚMEROS 1 327 1 6601,	
Unido 1 327 1 6599,	
1DH 1 327 1 6596,	
UB8 1 327 1 6595,	
Road 1 327 1 6593,	
Sanderson 1 327 1 6592,	
Uxbridge 2 327 2 6589,6594,	
PHARMA 1 327 1 6587,	
SQUIBB 1 327 1 6586,	
	BRISTOL-MYERS 1 327 1 6585,	
COMERCIALIZACIÓN 2 327 2 6584,6605,	
AUTORIZACIÓN 3 327 3 6582,6603,6617,	
LA 4 327 4 6581,6612,6616,6637,	
TITULAR 1 327 1 6579,	
normativas 1 327 1 6576,	
acuerdo 1 327 1 6573,	
realizará 1 327 1 6571,	
contacto 1 327 1 6567,	
materiales 1 327 1 6562,	
utilizado 1 327 1 6557,	
manipulaciones 1 327 1 6551,	
tamaños 1 327 1 6540,	
comercializados 1 327 1 6538,	
unidosis 1 327 1 6531,	
precortado 1 327 1 6530,	
56 2 327 2 6481,6514,	
blisters 3 327 3 6474,6490,6506,	
láminas 4 327 4 6468,6484,6500,6519,	
PVC/PVDC/Aluminio 5 327 5 6460,6476,6492,6508,6533,	
blister 7 327 7 6453,6458,6469,6485,6501,6520,6529,	
lámina 1 327 1 6452,	
comprimidos; 5 327 5 6450,6466,6482,6498,6517,	
cartón 5 327 5 6447,6463,6479,6495,6512,	
Envases 5 327 5 6445,6461,6477,6493,6510,	
envase 1 327 1 6444,	
contenido 1 327 1 6442,	
Naturaleza 1 327 1 6440,	
humedad 1 327 1 6437,	
protegerlo 1 327 1 6434,	
embalaje 1 327 1 6431,	
Conservar 1 327 1 6428,	
temperatura 1 327 1 6424,	
conservación 1 327 1 6420,	
Precauciones 2 327 2 6417,6545,	
validez 1 327 1 6412,	
hierro 1 327 1 6399,	
maíz 1 327 1 6395,	
Almidón 1 327 1 6393,	
hidratada 1 327 1 6392,	
coloidal 1 327 1 6391,	
Sílice 1 327 1 6390,	
Estearato 1 327 1 6387,	
sódica 1 327 1 6384,	
Croscarmelosa 1 327 1 6383,	
Celulosa 1 327 1 6381,	
	6 1 327 1 6376,	
neoplasias 1 327 1 6372,	
disponible 2 327 2 6357,6648,	
genotóxico 1 327 1 6351,	
rojo 1 327 1 6400,	
equívocas 1 327 1 6347,	
evidencias 1 327 1 6346,	
experimentales 1 327 1 6342,	
conejo 1 327 1 6336,	
significativa 1 327 1 6324,	
resorción 1 327 1 6316,	
resolvieron 1 327 1 6305,	
subcutáneo) 1 327 1 6298,	
hidrouréter 1 327 1 6295,	
pélvica 1 327 1 6293,	
(aumento 1 327 1 6289,	
transitorios 1 327 1 6288,	
tóxicos 1 327 1 6287,	
mostrado 1 327 1 6285,	
carcinogenicidad 1 327 1 6276,	
parece 1 327 1 6265,	
consideraron 1 327 1 6242,	
Todos 1 327 1 6238,	
yuxtaglomerulares 2 327 2 6227,6263,	
originan 1 327 1 6213,	
hipotensores 1 327 1 6209,	
considerados 1 327 1 6203,	
creatinina) 1 327 1 6202,	
túbulos 1 327 1 6194,	
tubular 1 327 1 6193,	
(como 1 327 1 6189,	
macaco 1 327 1 6181,	
rata 3 327 3 6178,6302,6334,	
hematocrito) 1 327 1 6168,	
hematológicos 1 327 1 6165,	
causaron 1 327 1 6159,	
250 1 327 1 6150,	
órganos 1 327 1 6133,	
sistémica 1 327 1 6129,	
carcinogénico 2 327 2 6116,6353,	
clastogenicidad 2 327 2 6100,6274,	
mutagenicidad 2 327 2 6098,6273,	
bajas 1 327 1 6080,	
vieron 1 327 1 6061,	
hombre 1 327 1 6045,	
animales 4 327 4 6028,6041,6111,6281,	
materna 2 327 2 6011,6323,	
fetos 1 327 1 6300,	
producen 2 327 2 6009,6321,	
Estos 2 327 2 5974,6072,	
renina) 1 327 1 5960,	
productoras 1 327 1 5958,	
células 3 327 3 5957,6226,6261,	
estimulación 1 327 1 5954,	
liberación 1 327 1 5950,	
(bloqueo 1 327 1 5940,	
farmacológica 2 327 2 5937,6247,	
mayoría 1 327 1 5926,	
evitado 1 327 1 5915,	
parcialmente 1 327 1 5914,	
macacos; 1 327 1 5904,	
lesiones 1 327 1 5899,	
distensión 1 327 1 6192,	
administraron 2 327 2 5884,6089,	
Lista 1 327 1 6378,	
mucosa 1 327 1 5862,	
focal 1 327 1 5859,	
necrosis 1 327 1 5858,	
úlceras 1 327 1 5856,	
estómago 1 327 1 5855,	
(eritrocitos 2 327 2 5850,6166,	
descensos 2 327 2 5845,5905,	
renina-angiotensina; 1 327 1 5843,	
yuxtaglomerular 1 327 1 5829,	
hiperplasia/hipertrofia 3 327 3 5826,6223,6258,	
ligeros 2 327 2 5815,5844,	
caracterizados 1 327 1 5813,	
significativas) 1 327 1 5810,	
toxicológicas 1 327 1 5809,	
interaciones 1 327 1 5808,	
secundarios 2 327 2 5797,6205,	
mg/kg/día 7 327 7 5776,5886,5890,5895,6151,6156,6232,	
90/90 1 327 1 5775,	
10/10 2 327 2 5773,5894,	
observados 2 327 2 5764,5865,	
humanos 4 327 4 5760,5989,6256,6359,	
terapéutico 1 327 1 5758,	
relevancia 3 327 3 5754,5979,6268,	
hallazgos 4 327 4 5751,5975,6073,6240,	
meses 2 327 2 5747,5876,	
macacos 3 327 3 5744,5768,6234,	
ratas 6 327 6 5742,5766,5873,5997,6153,6229,	
potencial 2 327 2 5732,6115,	
preclínicos 1 327 1 5724,	
20 1 327 1 5675,	
farmacocinéticos 2 327 2 5644,5695,	
leche 1 327 1 5639,	
hematoencefálica 1 327 1 5633,	
placenta 1 327 1 5628,	
atraviesa 1 327 1 5626,	
61% 1 327 1 5613,	
500 1 327 1 6174,	
eliminada 1 327 1 5606,	
excreta 2 327 2 5592,5636,	
heces 1 327 1 5584,	
orina 2 327 2 5579,5594,	
recupera 1 327 1 5577,	
20% 1 327 1 5572,	
IV 1 327 1 5564,	
eliminan 1 327 1 5552,	
CYP3A4 1 327 1 5542,	
eritrocitarios 1 327 1 5849,	
isoenzima 1 327 1 5541,	
CYP2C9; 1 327 1 5539,	
P450 1 327 1 5538,	
citocromo 1 327 1 5537,	
oxida 1 327 1 5530,	
vitro 1 327 1 5525,	
in 1 327 1 5524,	
6%) 1 327 1 5521,	
(aproximadamente 1 327 1 5519,	
glucurónido 1 327 1 5518,	
oxidación 1 327 1 5510,	
glucurónida 1 327 1 5508,	
conjugación 1 327 1 5507,	
hígado 1 327 1 5501,	
inalterado 2 327 2 5495,5597,	
atribuye 1 327 1 5492,	
circulante 2 327 2 5490,5514,	
radioactividad 2 327 2 5488,5575,	
80-85% 1 327 1 5485,	
14C 2 327 2 5483,5569,	
30ºC 1 327 1 6427,	
marcado 2 327 2 5481,5567,	
intravenosa 1 327 1 5478,	
5-15 1 327 1 5471,	
oscila 1 327 1 5469,	
(18-40 1 327 1 5439,	
jóvenes 1 327 1 5438,	
años) 2 327 2 5433,5440,	
elevados 1 327 1 5427,	
Cmax 1 327 1 5420,	
AUC 1 327 1 5418,	
vida 1 327 1 5396,	
hipertensas 1 327 1 5387,	
ligeramente 1 327 1 5380,	
estudio 2 327 2 5375,5868,	
20%) 1 327 1 5372,	
(< 1 327 1 5371,	
limitada 1 327 1 5368,	
acumulación 2 327 2 5366,5401,	
observa 1 327 1 5364,	
repetidas 1 327 1 5362,	
diarias 1 327 1 5361,	
únicas 1 327 1 5360,	
Después 2 327 2 5354,5558,	
pauta 1 327 1 5347,	
días 1 327 1 5343,	
alcanzan 1 327 1 5339,	
estacionario 1 327 1 5337,	
terminal 1 327 1 5325,	
semivida 4 327 4 5322,5444,5464,5682,	
157-176 1 327 1 5314,	
Fecha 2 327 2 6618,6626,	
corporal 1 327 1 5307,	
Menos 1 327 1 5585,	
desconoce 1 327 1 5301,	
esperado; 1 327 1 5299,	
proporcional 1 327 1 5292,	
A 3 327 3 5282,6169,6250,	
600 2 327 2 5280,5286,	
presenta 1 327 1 5265,	
l/kg 1 327 1 5263,	
Periodo 1 327 1 6410,	
14 7 327 7 5262,6449,6455,6471,6487,6503,6509,	
83-1 1 327 1 5261,	
aparente 1 327 1 5256,	
litros 1 327 1 5241,	
distribución 2 327 2 5235,5258,	
sanguíneos 1 327 1 5231,	
celulares 1 327 1 5230,	
despreciable 2 327 2 5226,5546,	
96% 1 327 1 5223,	
unión 2 327 2 5213,5243,	
5-2 1 327 1 5195,	
50-80% 1 327 1 5173,	
60-80% 1 327 1 5170,	
absoluta 1 327 1 5167,	
Tras 2 327 2 5158,5473,	
ejercer 1 327 1 5155,	
biotransformación 1 327 1 5153,	
requieren 1 327 1 5152,	
adversa 1 327 1 5107,	
reacción 1 327 1 5106,	
1% 1 327 1 5099,	
8% 1 327 1 5095,	
0% 1 327 1 5087,	
periodo 1 327 1 5063,	
tipos 1 327 1 5033,	
0001) 1 327 1 5031,	
1/19 1 327 1 5020,	
21 2 327 2 5019,5689,	
8/24 1 327 1 5015,	
cinco 1 327 1 5010,	
PASSe/PADSe 1 327 1 5007,	
172/113 1 327 1 4996,	
basal 1 327 1 4991,	
Park 1 327 1 6591,	
= 1 327 1 4985,	
(p 2 327 2 4984,5028,	
comparado 1 327 1 4973,	
alcanzaron 1 327 1 4966,	
2%) 1 327 1 4958,	
(47 1 327 1 4957,	
siete 1 327 1 4954,	
90 5 327 5 4943,4971,5885,5889,6231,	
(PADSe 1 327 1 4941,	
controlada 1 327 1 4940,	
proporción 1 327 1 4934,	
principal 2 327 2 4927,5512,	
objetivo 1 327 1 4926,	
estable 1 327 1 4924,	
pecho 1 327 1 4923,	
angina 1 327 1 4921,	
5% 1 327 1 4914,	
hiperlipidemia 1 327 1 4904,	
parecen 2 327 2 5932,5976,	
34% 1 327 1 4902,	
(12%) 1 327 1 4895,	
doce 1 327 1 4892,	
Incompatibilidades 1 327 1 6405,	
2% 3 327 3 4881,4977,5587,	
pregelatinizado 1 327 1 6396,	
sólo 1 327 1 4879,	
superior 3 327 3 4874,4887,6425,	
tenía 2 327 2 4869,4882,	
original 1 327 1 6432,	
13% 1 327 1 4868,	
52 1 327 1 4864,	
varones 1 327 1 4855,	
perfusión 1 327 1 6218,	
58% 1 327 1 4846,	
semana 2 327 2 4832,4947,	
baja) 1 327 1 4829,	
evaluar 2 327 2 4822,6113,	
(antes 1 327 1 4820,	
sistemático 1 327 1 4819,	
escalado 1 327 1 4818,	
razón 1 327 1 4803,	
randomizados 1 327 1 4801,	
total 2 327 2 4796,5308,	
Un 1 327 1 4795,	
comparador 1 327 1 4788,	
ciego 1 327 1 4784,	
randomizado 1 327 1 4782,	
ensayo 3 327 3 4780,4853,4930,	
evaluada 1 327 1 4777,	
mmHg) 2 327 2 4775,4944,	
110 1 327 1 4774,	
PADSe 3 327 3 4773,4938,4969,	
(definida 1 327 1 4771,	
severa 1 327 1 4770,	
inicio 1 327 1 4767,	
eficacia 1 327 1 4759,	
razas 1 327 1 4757,	
obtenida 1 327 1 4752,	
aproxima 1 327 1 4749,	
evaluados 1 327 1 6024,	
antihipertensiva 1 327 1 4742,	
baja 1 327 1 4731,	
administra 2 327 2 4726,6048,	
inferior 2 327 2 4722,5297,	
notablemente 1 327 1 4721,	
negra 2 327 2 4719,4747,	
resto 1 327 1 5582,	
respuesta 4 327 4 4686,4709,4741,4824,	
mortalidad 3 327 3 4659,4677,6326,	
morbilidad 2 327 2 4656,4679,	
rebote 1 327 1 4635,	
específicamente 1 327 1 4626,	
estudiado 2 327 2 4625,4645,	
año 1 327 1 4620,	
mantuvo 1 327 1 4615,	
seguimiento 1 327 1 4606,	
6-8 1 327 1 4600,	
hematocrito); 1 327 1 5852,	
transcurridas 2 327 2 4599,5193,	
semanas 5 327 5 4594,4601,4792,5011,5066,	
sustancialmente 1 327 1 4591,	
evidente 1 327 1 4580,	
reductor 1 327 1 4568,	
1/7 1 327 1 4557,	
11 2 327 2 4556,4844,	
intervalo 1 327 1 4525,	
efectividad 1 327 1 4515,	
consistente 1 327 1 4510,	
detectarse 1 327 1 4496,	
respectivamente 6 327 6 4487,4843,5027,5118,5178,5320,	
76% 1 327 1 4474,	
consulta 1 327 1 4469,	
manguito 1 327 1 4466,	
medido 1 327 1 4464,	
100% 1 327 1 4460,	
pico-valle 2 327 2 4451,4463,	
0 6 327 6 4436,4986,5016,5030,5083,5260,	
8/10 1 327 1 4435,	
15 1 327 1 4434,	
medias 1 327 1 4423,	
24 4 327 4 4418,4431,4491,5622,	
período 1 327 1 4416,	
100 1 327 1 6155,	
esperada 1 327 1 4409,	
diana 1 327 1 6134,	
3-6 1 327 1 4377,	
alcanza 2 327 2 4374,5192,	
9/6 1 327 1 4358,	
ajustada 1 327 1 4345,	
proporcionó 1 327 1 4336,	
respectivamente) 1 327 1 4320,	
(13 1 327 1 4313,	
sistólica 1 327 1 4310,	
observó 3 327 3 4299,4494,5289,	
les 2 327 2 4287,5883,	
responder 1 327 1 4284,	
pacientes) 1 327 1 4268,	
22 1 327 1 4267,	
(7 1 327 1 4264,	
limitados 1 327 1 4263,	
disponen 1 327 1 4259,	
13 2 327 2 4253,6148,	
sustracción 3 327 3 4248,4427,4563,	
nacimiento 1 327 1 6308,	
sistólica/diastólica 4 327 4 4245,4344,4424,4554,	
globales 1 327 1 4244,	
Hg 6 327 6 4225,4257,4319,4361,4438,4560,	
mm 6 327 6 4224,4256,4318,4360,4437,4559,	
post-dosificación) 2 327 2 4220,4355,	
valle 2 327 2 4217,4352,	
diastólica 2 327 2 4207,4312,	
dio 1 327 1 4199,	
diaria 4 327 4 4198,4324,4532,5353,	
única 4 327 4 4197,4323,4531,5352,	
dosis-dependientes 1 327 1 4165,	
reducciones 5 327 5 4163,4202,4243,4338,4422,	
da 3 327 3 4160,4239,4404,	
rangos 1 327 1 4156,	
máximos 1 327 1 4132,	
alcanzándose 2 327 2 4130,4595,	
horas 15 327 15 4124,4137,4147,4219,4354,4378,4419,4432,4492,5196,5207,5331,5472,5623,5690,	
revertir 1 327 1 4109,	
tiende 1 327 1 4107,	
conjunta 1 327 1 4104,	
renina-angiotensina- 1 327 1 4100,	
través 1 327 1 4095,	
Probablemente 1 327 1 4093,	
bicarbonato 1 327 1 4086,	
secreción 1 327 1 4072,	
plasmático 1 327 1 4062,	
reduce 2 327 2 4059,4673,	
diurética 1 327 1 4055,	
acción 2 327 2 4054,6246,	
equivalentes 1 327 1 4052,	
aproximadamente 5 327 5 4051,4133,4995,5221,5570,	
cantidades 1 327 1 4050,	
directa 2 327 2 4042,5834,	
incrementando 1 327 1 4039,	
túbulo 1 327 1 4037,	
reabsorción 1 327 1 4032,	
ejercen 1 327 1 4022,	
mecanismo 3 327 3 4015,4030,5304,	
totalmente 1 327 1 4012,	
inactivos 1 327 1 3996,	
metabolitos 2 327 2 3995,5550,	
bradiquinina 1 327 1 3993,	
genera 1 327 1 3986,	
(kininasa-II) 1 327 1 3982,	
recomendadas 1 327 1 3965,	
plasmática 6 327 6 3944,4069,5190,5367,5466,5489,	
aldosterona 3 327 3 3943,4074,4101,	
concentración 2 327 2 3941,5188,	
disminución 4 327 4 3938,4088,6161,6215,	
renina 3 327 3 3932,4068,5952,	
(AT1) 1 327 1 3924,	
antagonismo 1 327 1 3916,	
síntesis 1 327 1 3911,	
AT1 1 327 1 3902,	
mediadas 1 327 1 3898,	
bloquear 1 327 1 3891,	
Parece 1 327 1 3890,	
vía 5 327 5 3888,3909,5148,5504,5554,	
activo 3 327 3 3886,4004,4789,	
AT1) 1 327 1 3885,	
(subtipo 1 327 1 3884,	
selectivo 2 327 2 3878,3917,	
potente 1 327 1 3876,	
separado 1 327 1 3872,	
diurético 2 327 2 3846,4008,	
receptor 3 327 3 3840,3880,3901,	
antagonista 2 327 2 3838,3877,	
asociación 7 327 7 3835,3850,6003,6019,6103,6122,6364,	
ATC 1 327 1 3830,	
Código 1 327 1 3829,	
farmacoterapéutico 1 327 1 3823,	
Grupo 1 327 1 3822,	
conservar 1 327 1 6422,	
Propiedades 2 327 2 3820,5121,	
	5 1 327 1 3818,	
ESTE 1 327 1 3816,	
FARMACOLÓGICAS 1 327 1 3814,	
PROPIEDADES 1 327 1 3813,	
grado 1 327 1 3805,	
establecido 2 327 2 3803,4013,	
elimina 3 327 3 3797,5619,5664,	
antiarrítmicos 1 327 1 3793,	
asociadas 1 327 1 3781,	
acentuar 1 327 1 3777,	
somnolencia 1 327 1 3767,	
comunes 1 327 1 3761,	
excesiva 2 327 2 3755,4499,	
consecuencia 2 327 2 3751,5833,	
deshidratación 1 327 1 3749,	
hiponatremia) 1 327 1 3747,	
hipocloremia 1 327 1 3746,	
relacionada 1 327 1 3741,	
bradicardia 1 327 1 3735,	
taquicardia; 1 327 1 3731,	
líquidos 1 327 1 3717,	
supina 1 327 1 3711,	
posición 1 327 1 3710,	
colocado 1 327 1 3708,	
años 4 327 4 4866,4877,4890,6414,	
aparece 1 327 1 3702,	
activado 1 327 1 3680,	
vegetal 1 327 1 3679,	
carbón 1 327 1 3678,	
lavado 1 327 1 3675,	
emesis 1 327 1 3673,	
inducción 1 327 1 3670,	
medidas 1 327 1 3667,	
síntomas 2 327 2 3665,3759,	
ingestión 1 327 1 3658,	
depende 1 327 1 3652,	
manejo 1 327 1 3649,	
sintomático 1 327 1 3644,	
monitorizado 1 327 1 3638,	
sobredosis 5 327 5 3631,3689,3725,3737,3763,	
específica 1 327 1 3625,	
dispone 1 327 1 3622,	
6% 1 327 1 5084,	
Sobredosis 1 327 1 3619,	
9 3 327 3 3618,4359,6609,	
electrolíticas) 1 327 1 3610,	
(especialmente 1 327 1 3607,	
dependiente 1 327 1 3604,	
triglicéridos 1 327 1 3599,	
hiperglicemia 1 327 1 3591,	
glucosuria 1 327 1 3590,	
C09DA04 1 327 1 3831,	
fiebre 1 327 1 3576,	
0005) 1 327 1 4987,	
nefritis 2 327 2 3560,6190,	
espasmos 2 327 2 3554,3774,	
musculoesquelético 1 327 1 3548,	
fotosensibilidad 1 327 1 3543,	
cutáneo 1 327 1 3540,	
mujeres 2 327 2 5386,5414,	
cutáneas 1 327 1 3531,	
vasculitis 1 327 1 3528,	
(vasculitis 1 327 1 3527,	
necrotizante 1 327 1 3526,	
angeitis 1 327 1 3525,	
tóxica 1 327 1 3524,	
epidérmica 1 327 1 3523,	
comparar 1 327 1 4932,	
necrolisis 1 327 1 3522,	
Europea 1 327 1 6656,	
anafilácticas 1 327 1 3521,	
electrolítica 1 327 1 3744,	
subcutáneo 1 327 1 3519,	
piel 1 327 1 3515,	
posee 1 327 1 3854,	
intrahepática) 1 327 1 3511,	
colestática 1 327 1 3510,	
apetito 1 327 1 3505,	
gástrica 2 327 2 3501,5863,	
irritación 1 327 1 3500,	
anorexia 1 327 1 3497,	
pancreatitis 1 327 1 3496,	
pulmonar) 1 327 1 3493,	
origen 1 327 1 3906,	
respiratoria 1 327 1 3488,	
inhibe 1 327 1 3979,	
cardíacas 2 327 2 3477,3780,	
xantopsia 1 327 1 3473,	
borrosa 1 327 1 3471,	
agitación 1 327 1 3467,	
parestesia 1 327 1 3465,	
sueño 1 327 1 3459,	
trastornos 2 327 2 3457,3562,	
significativamente 4 327 4 3961,5450,5650,5701,	
psiquiátricos 1 327 1 3455,	
leucopenia 1 327 1 3452,	
neutropenia/agranulocitosis 1 327 1 3449,	
ósea 1 327 1 3448,	
médula 1 327 1 3447,	
plasmáticas 5 327 5 5217,5247,5334,5379,6197,	
anemia 2 327 2 3442,3450,	
linfático 1 327 1 3441,	
(independientemente 1 327 1 3418,	
abdominal 1 327 1 3413,	
dolor 1 327 1 3412,	
incluyen 3 327 3 3400,3433,3669,	
comunicadas 3 327 3 3393,3425,5040,	
potenciales 1 327 1 3383,	
anteriormente 2 327 2 3363,5930,	
además 1 327 1 3357,	
aislados 1 327 1 3337,	
ocurre 2 327 2 4698,5963,	
mialgia 1 327 1 3326,	
artralgia 1 327 1 3325,	
hepatitis 1 327 1 3311,	
hepatobiliares 2 327 2 3308,3507,	
disgeusia 1 327 1 3306,	
modelos 1 327 1 6341,	
dispepsia 1 327 1 3305,	
tos 1 327 1 3300,	
mediastínicos 2 327 2 3297,3486,	
torácicos 2 327 2 3295,3484,	
respiratorios 2 327 2 3294,3483,	
oido 1 327 1 3286,	
urticaria 2 327 2 3266,3546,	
postural 1 327 1 3481,	
cutánea 2 327 2 3264,3545,	
angioedema 1 327 1 3262,	
Raros 1 327 1 3254,	
inmunológico 1 327 1 3253,	
comercialización 1 327 1 3239,	
consiguiente 1 327 1 4077,	
sodio 2 327 2 3233,4046,	
creatina-cinasa 1 327 1 3224,	
BUN 1 327 1 3221,	
significativos 1 327 1 3217,	
clínicamente 2 327 2 3216,6137,	
parámetros 6 327 6 3208,5643,5694,5848,6057,6164,	
6/11 1 327 1 4254,	
cambios 4 327 4 3205,5763,5811,6184,	
presentaron 3 327 3 3204,5090,5103,	
REVISIÓN 1 327 1 6638,	
complementarias 2 327 2 3198,3578,	
Exploraciones 2 327 2 3197,3577,	
generales 3 327 3 3187,3402,3568,	
líbido 1 327 1 3185,	
sexual 1 327 1 3181,	
disfunción 1 327 1 3180,	
mama 1 327 1 3177,	
reproductor 1 327 1 3173,	
aparato 1 327 1 3172,	
envases 1 327 1 6542,	
relacionados 1 327 1 6243,	
micción 1 327 1 3169,	
anomalías 2 327 2 3166,3312,	
urinarios 3 327 3 3164,3330,3559,	
renales 5 327 5 3162,3328,3557,5812,6262,	
inflamación 1 327 1 3157,	
tejido 4 327 4 3153,3321,3518,3551,	
musculoesqueléticos 2 327 2 3150,3318,	
náuseas/vómitos 1 327 1 3145,	
rubor 1 327 1 3140,	
vasculares 2 327 2 3137,3479,	
edema 3 327 3 3135,3492,6297,	
síncope 2 327 2 3132,5074,	
ortostático 1 327 1 3127,	
mencionados 1 327 1 5931,	
mareo 4 327 4 3123,3126,3466,5104,	
Frecuentes 5 327 5 3122,3144,3165,3195,3218,	
aditivas 1 327 1 4164,	
nervioso 3 327 3 3121,3280,3463,	
Trastornos 31 327 31 3118,3128,3136,3142,3149,3161,3170,3186,3250,3267,3277,3284,3293,3301,3307,3317,3327,3401,3434,3454,3460,3468,3474,3478,3482,3494,3506,3512,3547,3556,3567,	
comunicaron 2 327 2 3113,5071,	
irbesartan/ 1 327 1 3110,	
adición 2 327 2 4183,4546,	
25 2 327 2 3103,4539,	
(rando 1 327 1 3096,	
898 1 327 1 3090,	
mmHg 4 327 4 4972,4997,5017,5022,	
recomendado 1 327 1 3080,	
rango 2 327 2 3077,5273,	
raza 3 327 3 3071,4718,4746,	
edad 5 327 5 3069,4693,4857,4871,4884,	
sexo 2 327 2 3067,4696,	
relacionó 1 327 1 3064,	
recibieron 3 327 3 3055,3093,5770,	
tratados 7 327 7 3048,3201,4962,4981,5044,5058,5111,	
frecuente 2 327 2 3044,4910,	
laboratorio 2 327 2 3041,3210,	
cefalea 1 327 1 3283,	
debida 1 327 1 3034,	
alteran 1 327 1 4028,	
discontinuación 1 327 1 3033,	
grupos 3 327 3 3030,5079,5110,	
irbesartan/hidroclorotiazida 14 327 14 3027,3050,3203,3241,4613,4807,4834,5024,5736,5780,5897,5987,6020,6104,	
rápidamente 2 327 2 3719,5605,	
diferente 1 327 1 3023,	
realizados 2 327 2 3011,6279,	
placebo 9 327 9 3010,3031,3056,3086,4213,4250,4348,4429,4565,	
37 1 327 1 3100,	
frente 3 327 3 3008,3084,4346,	
controlados 5 327 5 3007,3083,4174,4275,4536,	
ensayos 2 327 2 3005,3082,	
Irbesartan/hidroclorotiazida 2 327 2 3003,5727,	
gravedad 2 327 2 3002,3662,	
decreciente 1 327 1 3000,	
orden 1 327 1 2999,	
estreñimiento 1 327 1 3499,	
000) 1 327 1 2987,	
hubo 3 327 3 6095,6125,6270,	
raras(< 1 327 1 2985,	
000); 1 327 1 2983,	
1/10 2 327 2 2979,2986,	
1/100); 1 327 1 2976,	
000 2 327 2 2974,2980,	
1/1 2 327 2 2973,2982,	
1/10); 2 327 2 2964,2969,	
( 7 327 7 2963,2966,2972,2978,5431,6149,6173,	
frecuentes 11 327 11 2962,2965,2971,3125,3131,3139,3147,3156,3179,3226,3411,	
según 1 327 1 2957,	
agrupadas 1 327 1 2956,	
encuentran 1 327 1 2955,	
mencionadas 2 327 2 2951,3362,	
adversas 11 327 11 2947,2950,2995,3117,3249,3361,3385,3392,3417,5039,5054,	
Reacciones 1 327 1 2946,	
8 8 327 8 2945,3388,4316,4791,5065,6522,6600,6695,	
mareos 1 327 1 2941,	
ocasionalmente 1 327 1 2932,	
cuenta 1 327 1 2930,	
aditivo 1 327 1 3858,	
maquinaria 1 327 1 2926,	
plazo 2 327 2 4609,4670,	
altere 1 327 1 2919,	
improbable 1 327 1 2916,	
propiedades 1 327 1 2913,	
Atendiendo 1 327 1 2910,	
ciento 2 327 2 4894,4956,	
realizado 3 327 3 2900,5713,6108,	
máquinas 2 327 2 2896,2909,	
conducir 3 327 3 2893,2906,2923,	
capacidad 3 327 3 2891,2904,2921,	
7 5 327 5 2887,3141,6499,6518,6578,	
intención 1 327 1 2875,	
tengan 1 327 1 2874,	
alternativa 1 327 1 2868,	
cambiarse 1 327 1 2864,	
Debido 1 327 1 2844,	
materno 1 327 1 2841,	
fetal 1 327 1 2835,	
ictericia 2 327 2 2834,3508,	
trombocitopenia 2 327 2 2831,3453,	
comunicado 3 327 3 2828,3245,3369,	
adultos 1 327 1 2825,	
observadas 1 327 1 2823,	
posiblemente 1 327 1 2820,	
electrolíticos 1 327 1 2818,	
persufión 1 327 1 2815,	
lineal 1 327 1 5268,	
umbilical 1 327 1 2808,	
53-93 1 327 1 5240,	
sangre 2 327 2 2805,3437,	
detectan 1 327 1 2803,	
placentaria 2 327 2 2800,2816,	
barrera 2 327 2 2799,5632,	
atraviesan 1 327 1 2797,	
monitorizados 1 327 1 2782,	
cuidadosamente 1 327 1 2781,	
tratadas 1 327 1 2776,	
hayan 2 327 2 2774,6564,	
madres 1 327 1 2773,	
cuyas 1 327 1 2772,	
lactantes 1 327 1 2771,	
reduciendo 1 327 1 3859,	
cráneo 1 327 1 2769,	
toxicológicos 1 327 1 5752,	
Datos 1 327 1 5723,	
ultrasonidos 1 327 1 2762,	
detectaron 1 327 1 5392,	
partir 1 327 1 2750,	
produce 4 327 4 2744,2786,3925,4549,	
hiperpotasemia) 1 327 1 2737,	
eliminación 6 327 6 3807,5324,5446,5684,6548,6553,	
neonatal 3 327 3 2733,2832,2837,	
dosis-dependiente 1 327 1 5270,	
craneal) 1 327 1 2730,	
asociaciones 1 327 1 3828,	
osificación 1 327 1 2729,	
retraso 1 327 1 2726,	
(disminución 1 327 1 2720,	
humana 1 327 1 2719,	
fetotoxicidad 1 327 1 2718,	
induce 1 327 1 2717,	
10 3 327 3 5277,6236,6634,	
ARA 1 327 1 2654,	
riesgos 1 327 1 2638,	
existir 1 327 1 2637,	
oculares 1 327 1 3469,	
(ARAII) 1 327 1 2631,	
soporte 1 327 1 3647,	
específicos 1 327 1 2615,	
epidemiológicos 2 327 2 2614,4662,	
datos 2 327 2 2613,4261,	
pequeño 1 327 1 2606,	
excluir 1 327 1 2604,	
concluyente; 1 327 1 2598,	
global 1 327 1 3017,	
exposición 3 327 3 2583,2707,2746,	
urea 2 327 2 5821,6200,	
teratogenicidad 1 327 1 2580,	
epidemiológica 1 327 1 2575,	
contraindicado 2 327 2 2552,2882,	
Está 1 327 1 2551,	
primer 3 327 3 2543,2591,2857,	
lactancia 2 327 2 2531,2885,	
hemolítica 1 327 1 3451,	
mielosupresor 1 327 1 2526,	
metotrexato) 1 327 1 2521,	
ciclofosfamida 1 327 1 2520,	
aborto 1 327 1 6314,	
citotóxicos 1 327 1 2518,	
amantadina 1 327 1 2507,	
independencia 1 327 1 3904,	
causados 1 327 1 2504,	
gástrico 2 327 2 2494,3676,	
neumonitis 1 327 1 3490,	
vaciamiento 1 327 1 2493,	
frecuencia 5 327 5 2491,2959,2992,3016,3700,	
gastrointestinal 1 327 1 2488,	
motilidad 1 327 1 2487,	
(fallo 1 327 1 2734,	
disminuyendo 1 327 1 2485,	
tiazida 1 327 1 2484,	
tipo 3 327 3 2483,2642,3533,	
atropina 1 327 1 2474,	
anticolinérgicos 1 327 1 2472,	
diazóxido 1 327 1 2469,	
beta-bloqueantes 1 327 1 2466,	
hiperglucémico 1 327 1 2463,	
aumentar 2 327 2 2460,3614,	
Otras 1 327 1 2455,	
D) 1 327 1 2454,	
vitamina 1 327 1 2453,	
prescriben 1 327 1 2438,	
Óxidos 1 327 1 6397,	
ajustar 1 327 1 2428,	
monitorizarse 2 327 2 2421,3698,	
Deben 1 327 1 2420,	
hemodiálisis 4 327 4 3799,3811,5660,5666,	
reducción 7 327 7 2416,4408,4498,4518,4551,5005,5800,	
Sales 2 327 2 2400,9039,	
alopurinol; 2 327 2 2399,9038,	
Poco 8 327 8 3124,3130,3138,3146,3155,3178,3225,3410,	
incidencia 4 327 4 2393,3058,5035,9032,	
probenecid 2 327 2 2381,9020,	
nivel 2 327 2 2367,9006,	
elevar 2 327 2 2365,9004,	
antigotosos 4 327 4 2348,2359,8987,8998,	
relajantes 2 327 2 2341,8980,	
tubocurarina) 2 327 2 2332,8971,	
esquelético 2 327 2 2330,8969,	
músculo 4 327 4 2329,2345,8968,8984,	
despolarizantes 4 327 4 2327,2343,8966,8982,	
Relajantes 2 327 2 2325,8964,	
utilizadas; 2 327 2 2324,8963,	
suficiente 2 327 2 2319,8958,	
aminas 2 327 2 2314,8953,	
noradrenalina) 2 327 2 2306,8945,	
presoras 4 327 4 2304,2315,8943,8954,	
Aminas 2 327 2 2303,8942,	
tiazídicos; 2 327 2 2302,8941,	
natriuréticos 2 327 2 2296,8935,	
esteroideo 2 327 2 2290,8929,	
antiinflamatorio 2 327 2 2288,8927,	
inducidas 2 327 2 2270,8909,	
cardiacas 2 327 2 2269,8908,	
arritmias 4 327 4 2268,3476,3779,8907,	
aparición 2 327 2 2266,8905,	
favorece 2 327 2 2264,8903,	
Glucósidos 2 327 2 2254,8893,	
hipopotasemia; 2 327 2 2253,8892,	
duración 3 327 3 4141,4794,5878,	
Corticosteroides 2 327 2 2242,8881,	
aniónico; 2 327 2 2241,8880,	
intercambio 2 327 2 2240,8879,	
resinas 2 327 2 2238,8877,	
modificada 2 327 2 2234,8873,	
Colestiramina 2 327 2 2225,8864,	
4); 2 327 2 2224,8863,	
orales 2 327 2 2208,8847,	
Business 1 327 1 6590,	
valores 4 327 4 3691,4967,5416,5819,	
(fármacos 2 327 2 2207,8846,	
antidiabéticos 4 327 4 2206,2220,8845,8859,	
potenciar 5 327 5 2201,2336,2523,8840,8975,	
Alcohol 2 327 2 2199,8838,	
conjuntamente 3 327 3 2198,4727,8837,	
interaccionar 2 327 2 2190,8829,	
siguientes 5 327 5 2187,3115,3247,5762,8826,	
coadministración 2 327 2 2176,8815,	
modificó 3 327 3 2173,5449,8812,	
rifampicina 2 327 2 2161,8800,	
inductores 2 327 2 2156,8795,	
evaluado 2 327 2 2151,8790,	
metabolizado 2 327 2 2145,8784,	
warfarina 2 327 2 2142,8781,	
administró 3 327 3 2138,5920,8777,	
significativas 3 327 3 2135,6138,8774,	
farmacodinámicas 4 327 4 2134,2914,3821,8773,	
farmacocinéticas 3 327 3 2132,5122,8771,	
observaron 8 327 8 2130,5377,5750,5783,5807,5902,6076,8769,	
glucuronización 2 327 2 2127,8766,	
(ictericia 1 327 1 3509,	
medida 3 327 3 2125,3865,8764,	
menor 2 327 2 2124,8763,	
CYP2C9 6 327 6 2121,2147,2158,8760,8786,8797,	
metaboliza 4 327 4 2117,5498,5602,8756,	
farmacocinética 8 327 8 2112,2164,2168,5135,5267,8751,8803,8807,	
modifica 2 327 2 2110,8749,	
clínicos 5 327 5 2106,3006,3038,4262,8745,	
estudios 11 327 11 2105,2901,4604,4661,5523,5714,6026,6109,6140,6278,8744,	
interacciones 7 327 7 2101,2131,2183,2456,8740,8770,8822,	
adicional 6 327 6 2098,2180,3350,4552,8737,8819,	
relación 2 327 2 3421,4690,	
nutrición 1 327 1 3273,	
Información 5 327 5 2097,2179,3349,8736,8818,	
periodicamente 2 327 2 2095,8734,	
comienzo 2 327 2 2089,8728,	
después 4 327 4 2087,2096,8726,8735,	
considerarse 2 327 2 2080,8719,	
hidratados 2 327 2 2077,8716,	
Los 15 327 15 2072,2470,2770,3600,3690,3756,4660,5032,5179,5415,5522,5761,6012,6277,8711,	
administrada 2 327 2 2066,8705,	
previa 2 327 2 2061,8700,	
empeoramiento 2 327 2 2036,8675,	
incremento 8 327 8 2032,2376,3219,3592,4301,5291,8671,9015,	
ECA 4 327 4 2016,2588,3981,8655,	
atenuación 2 327 2 2006,8645,	
ocurrir 2 327 2 2004,8643,	
selectivos) 2 327 2 2002,8641,	
AINEs 4 327 4 2000,2028,8639,8667,	
g/dia) 2 327 2 1998,8637,	
(> 2 327 2 1996,8635,	
salicilico 2 327 2 1995,8634,	
acetil 2 327 2 1994,8633,	
COX- 2 327 2 1991,8630,	
ejemplo 2 327 2 1989,8628,	
(por 2 327 2 1988,8627,	
antiinflamatorios 2 327 2 1985,8624,	
simultáneamente 2 327 2 1982,8621,	
administran 4 327 4 1977,2197,8616,8836,	
esteroideos 6 327 6 1974,1987,2279,8613,8626,8918,	
Antiinflamatorios 4 327 4 1972,2277,8611,8916,	
periódica 2 327 2 1968,8607,	
1-2 2 327 2 4593,5205,	
(incluyendo 2 327 2 3489,3581,	
antiarrítmicos) 2 327 2 1963,8602,	
digitálicos 5 327 5 1962,2255,3788,8601,8894,	
glucósidos 3 327 3 1961,3787,8600,	
verse 4 327 4 1953,2233,8592,8872,	
manifestaciones 1 327 1 3721,	
puedan 2 327 2 1952,8591,	
administre 2 327 2 1947,8586,	
afectados 5 327 5 1939,1954,6062,8578,8593,	
adecuada 4 327 4 1926,2431,2869,8565,	
monitorización 8 327 8 1925,1967,2082,4381,4447,8564,8606,8721,	
elevaciones 2 327 2 1918,8557,	
heparina 2 327 2 1914,8553,	
u 2 327 2 1901,8540,	
renina-angiotensina 3 327 3 1882,4707,8521,	
bloquean 2 327 2 1879,8518,	
aumenta 4 327 4 4063,4070,4288,5687,	
dada 2 327 2 1868,8507,	
sódica) 4 327 4 1864,1915,8503,8554,	
G 2 327 2 1863,8502,	
penicilina 2 327 2 1862,8501,	
carbenoxolona 2 327 2 1861,8500,	
midió 1 327 1 4441,	
visión 1 327 1 3470,	
anfotericina 2 327 2 1860,8499,	
laxantes 2 327 2 1859,8498,	
kaliuréticos 2 327 2 1858,8497,	
pérdida 5 327 5 1849,3503,4081,4111,8488,	
asociados 2 327 2 1846,8485,	
potencie 2 327 2 1841,8480,	
ahorrador 2 327 2 1821,8460,	
cuarenta 1 327 1 4952,	
atenuado 2 327 2 1817,8456,	
deplecionante 2 327 2 1810,8449,	
697 1 327 1 4798,	
modifican 6 327 6 1805,3960,5182,5649,5700,8444,	
Medicamentos 8 327 8 1803,1938,2205,2347,8442,8577,8844,8986,	
máxima 1 327 1 5189,	
fuera 2 327 2 1793,8432,	
Si 4 327 4 1790,2742,3701,8429,	
recomendada 2 327 2 1785,8424,	
podría 7 327 7 1767,2003,2029,3733,8406,8642,8668,	
reducen 2 327 2 1757,8396,	
Además 4 327 4 1754,3236,6220,8393,	
raramente 2 327 2 1746,8385,	
Muy 10 327 10 1745,3274,3281,3290,3298,3303,3309,3323,3331,8384,	
toxicidad 11 327 11 1744,1773,2732,5731,5870,6010,6128,6131,6322,8383,8412,	
séricas 2 327 2 1738,8377,	
concentraciones 5 327 5 1737,5333,5378,6196,8376,	
reversibles 2 327 2 1734,8373,	
detectado 2 327 2 1732,8371,	
previamente 3 327 3 1702,3370,8341,	
elevadas 5 327 5 1686,5382,6145,6198,8325,	
previo 2 327 2 1683,8322,	
Al 4 327 4 1670,2922,5610,8309,	
beta-adrenérgicos 2 327 2 1669,8308,	
bloqueantes 2 327 2 1668,8307,	
necesaria 2 327 2 1794,8433,	
calcio-antagonistas 2 327 2 1666,8305,	
segura 2 327 2 1660,8299,	
administrados 4 327 4 1657,3718,6069,8296,	
(con 2 327 2 1644,8283,	
Irbesartan 15 327 15 1641,2115,3389,3794,3873,3977,3997,5141,5264,5496,5547,5661,6123,8280,8754,	
incrementarse 5 327 5 1632,2245,3612,8271,8884,	
Otros 2 327 2 1623,8262,	
interacción 3 327 3 1622,5837,8261,	
formas 2 327 2 1620,8259,	
Interacción 2 327 2 1613,8252,	
glucosa-galactosa 2 327 2 1610,8249,	
malabsorción 2 327 2 1608,8247,	
sugieren 1 327 1 4270,	
Lapp 2 327 2 1606,8245,	
lactasa 2 327 2 1605,8244,	
galactosa 2 327 2 1602,8241,	
intolerancia 2 327 2 1599,8238,	
raros 11 327 11 1597,3256,3275,3282,3291,3299,3304,3310,3324,3332,8236,	
microcristalina 1 327 1 6382,	
hereditarios 2 327 2 1596,8235,	
EU/1/98/085/007 1 327 1 6607,	
problemas 2 327 2 1595,8234,	
producto 2 327 2 1584,8223,	
Lactosa 3 327 3 1582,6385,8221,	
procede 4 327 4 1570,2698,6407,8209,	
inmediatamente 3 327 3 1562,2690,8201,	
diagnostique 3 327 3 1557,2685,8196,	
conocido 3 327 3 1548,2676,8187,	
seguridad 7 327 7 1547,2675,4513,4761,5726,6143,8186,	
perfil 4 327 4 1545,2673,5051,8184,	
tenga 3 327 3 1543,2671,8182,	
alternativo 6 327 6 1541,1574,2669,2702,8180,8213,	
cambiar 3 327 3 1535,2664,8174,	
embarazadas 4 327 4 1533,2662,2878,8172,	
quedarse 4 327 4 1532,2661,2877,8171,	
planeando 3 327 3 1531,2660,8170,	
estén 4 327 4 1530,2659,6537,8169,	
ARAII 10 327 10 1526,1567,2540,2557,2695,2709,2748,2778,8165,8206,	
continuar 3 327 3 1521,2650,8160,	
Salvo 3 327 3 1516,2645,8155,	
durante 20 327 20 1513,1552,1714,2541,2558,2589,2633,2680,2710,2838,2855,2883,2933,4430,4523,4616,5745,8152,8191,8353,	
II) 2 327 2 1512,8151,	
(ARA 2 327 2 1511,8150,	
II 8 327 8 1510,1981,2026,2630,2655,8149,8620,8665,	
deficiencia 2 327 2 1603,8242,	
Angiotensina 3 327 3 1509,2629,8148,	
incluidos 2 327 2 4850,4918,	
Receptores 3 327 3 1506,2627,8145,	
Antagonistas 3 327 3 1503,2624,8142,	
ningún 2 327 2 1500,8139,	
Embarazo 4 327 4 1495,2529,2532,8134,	
sistémico 2 327 2 1494,8133,	
eritematoso 4 327 4 1493,3535,3539,8132,	
lupus 4 327 4 1492,3534,3538,8131,	
activación 3 327 3 1490,4000,8129,	
exacerbación 2 327 2 1488,8127,	
casos 6 327 6 1486,2829,3255,3336,5072,8125,	
FARMACÉUTICOS 1 327 1 6375,	
probables 3 327 3 1471,3723,8110,	
son 6 327 6 1469,3728,3764,5144,5312,8108,	
bronquial 2 327 2 1467,8106,	
asma 2 327 2 1466,8105,	
alergia 2 327 2 1464,8103,	
antecedentes 4 327 4 1462,1476,8101,8115,	
hipersensibilidad 5 327 5 1454,2397,3260,8093,9036,	
Pueden 3 327 3 1450,2809,8089,	
cerebrovascular 2 327 2 1449,8088,	
accidente 2 327 2 1448,8087,	
diuréti 1 327 1 9043,	
miocardio 2 327 2 1445,8084,	
infarto 2 327 2 1443,8082,	
provocar 5 327 5 1441,2030,2810,8080,8669,	
isquémica 4 327 4 1435,1439,8074,8078,	
cardiopatía 2 327 2 1434,8073,	
excesivo 2 327 2 1426,8065,	
descenso 5 327 5 1425,2812,3227,4304,8064,	
Como 5 327 5 1418,2010,4697,8057,8649,	
aguda 6 327 6 1407,1417,2046,8046,8056,8685,	
afectan 3 327 3 1398,4704,8037,	
renal) 2 327 2 1375,8014,	
comienza 1 327 1 4120,	
subyacente 2 327 2 1369,8008,	
congestiva 2 327 2 1364,8003,	
cavitación 1 327 1 6292,	
diferencias 1 327 1 5393,	
cardíaca 2 327 2 1363,8002,	
(ej 16 327 16 1359,1855,1913,1960,2305,2331,2450,2473,2519,4734,7998,8494,8552,8599,8944,8970,	
evaluó 1 327 1 5729,	
renina-angiotensina-aldosterona 2 327 2 1358,7997,	
actividad 5 327 5 1355,4065,5157,5936,7994,	
principalmente 5 327 5 1352,2118,5532,7991,8757,	
dependen 2 327 2 1351,7990,	
vascular 2 327 2 1347,7986,	
tono 2 327 2 1346,7985,	
Generales 2 327 2 1342,7981,	
control 2 327 2 1339,7978,	
positivos 2 327 2 1336,7975,	
falsos 2 327 2 1335,7974,	
resultados 2 327 2 1334,7973,	
ocasionar 2 327 2 1333,7972,	
no-clínicos 1 327 1 6141,	
cantidad 2 327 2 1325,7964,	
dopaje 4 327 4 1323,1341,7962,7980,	
litio 12 327 12 1314,1719,1740,1762,1780,1802,7953,8358,8379,8401,8419,8441,	
continuación 1 327 1 2953,	
Litio 4 327 4 1307,1713,7946,8352,	
hipomagnesemia 4 327 4 1306,2260,7945,8899,	
digital 2 327 2 2272,8911,	
dar 3 327 3 1303,3771,7942,	
incrementar 11 327 11 1294,1768,1907,2391,2407,2477,2498,7933,8407,8546,9030,	
demostrado 4 327 4 1293,4664,6362,7932,	
paratiroidea 2 327 2 1283,7922,	
pruebas 2 327 2 1280,7919,	
Antes 2 327 2 1276,7915,	
subclínico 2 327 2 1275,7914,	
hiperparatiroidismo 2 327 2 1274,7913,	
indicativa 2 327 2 1272,7911,	
marcada 2 327 2 1268,7907,	
Una 3 327 3 1267,4321,7906,	
metabolismo 3 327 3 1264,3269,7903,	
conocidos 2 327 2 1262,7901,	
fijación 1 327 1 5225,	
desequilibrios 3 327 3 1261,2817,7900,	
ausencia 2 327 2 1259,7898,	
sérico 21 327 21 1257,1836,1921,1929,1944,1959,1971,2052,2371,2426,4092,5908,7896,8475,8560,8568,8583,8598,8610,8691,9010,	
segundo 3 327 3 2560,2712,2752,	
transitoria 3 327 3 1254,3472,7893,	
elevación 2 327 2 1251,7890,	
calcio 13 327 13 1247,1256,1266,2402,2412,2425,2435,2441,2449,7886,7895,7905,9041,	
urinaria 5 327 5 1245,1297,4082,7884,7936,	
excreción 7 327 7 1244,1296,2419,2513,4044,7883,7935,	
disminuir 4 327 4 1242,2309,7881,8948,	
requiere 3 327 3 1237,3999,7876,	
habitualmente 2 327 2 1235,7874,	
cloruros 3 327 3 1231,4048,7870,	
déficit 2 327 2 1229,7868,	
general 2 327 2 1227,7866,	
prevenga 2 327 2 1220,7859,	
fertilidad 3 327 3 6016,6039,6059,	
evidencia 7 327 7 1214,2574,6033,6096,6126,6271,7853,	
contengan 4 327 4 1206,1899,7845,8538,	
sustitutos 4 327 4 1201,1894,7840,8533,	
beperideno) 1 327 1 2475,	
suplementos 5 327 5 1197,1891,2439,7836,8530,	
ahorradores 4 327 4 1194,1888,7833,8527,	
Debe 2 327 2 1183,7822,	
plasmáticos 3 327 3 1180,3930,7819,	
controlado 1 327 1 4786,	
monitorizar 4 327 4 1177,1797,7816,8436,	
98 1 327 1 6497,	
cardiaco 2 327 2 1167,7806,	
fallo 3 327 3 1166,3339,7805,	
especialmente 8 327 8 1159,2053,2069,2250,7798,8692,8708,8889,	
hiperpotasemia 3 327 3 1158,3276,7797,	
aparecer 6 327 6 1157,1451,2940,3734,7796,8090,	
tenerse 1 327 1 2928,	
contrario 4 327 4 1149,1867,7788,8506,	
ACTH 4 327 4 1146,2243,7785,8882,	
corticosteroides 2 327 2 1144,7783,	
cordón 1 327 1 2807,	
inadecuada 2 327 2 1134,7773,	
conjuntivo 3 327 3 3154,3322,3552,	
oligohidramnios 1 327 1 2725,	
oral 12 327 12 1133,3889,5149,5161,5166,5200,5296,5476,5562,5617,5740,7772,	
ingesta 2 327 2 1132,7771,	
reciben 2 327 2 1130,7769,	
teratogénicos 2 327 2 5995,6332,	
diuresis 4 327 4 1126,3754,4119,7765,	
aumento 7 327 7 1123,2049,2607,4078,6370,7762,8688,	
El 18 327 18 1109,2861,3634,3648,3677,3915,4370,4461,4566,4845,4891,4925,4951,5082,5232,5305,5511,7748,	
inducida 7 327 7 1106,1223,2261,5944,7745,7862,8900,	
reducir 5 327 5 1103,2292,2511,7742,8931,	
concomitante 20 327 20 1099,1142,1189,1636,1717,1885,2019,2093,2386,3785,5125,7738,7781,7828,8275,8356,8524,8658,8732,9025,	
hipopotasemia 12 327 12 1096,1105,1112,1854,2257,3582,3769,7735,7744,7751,8493,8896,	
La 30 327 30 2062,2167,2384,2573,3032,3057,3736,3768,3849,4053,4118,4148,4226,4758,4856,4988,5123,5187,5212,5242,5321,5463,5598,5624,5925,6552,6641,8701,8806,9023,	
náuseas 3 327 3 1087,3765,7726,	
gastrointestinales 5 327 5 1085,3143,3302,3495,7724,	
oliguria 4 327 4 1081,1409,7720,8048,	
muscular 2 327 2 1079,7718,	
fatiga 4 327 4 1078,2943,3196,7717,	
calambres 2 327 2 1077,7716,	
musculares 4 327 4 1075,3555,3775,7714,	
dolores 2 327 2 1074,7713,	
inquietud 2 327 2 1073,7712,	
adormecimiento 2 327 2 1072,7711,	
letargo 2 327 2 1071,7710,	
debilidad 3 327 3 1070,3553,7709,	
sed 2 327 2 1069,7708,	
boca 2 327 2 1068,7707,	
degenerativos 1 327 1 6185,	
sequedad 2 327 2 1066,7705,	
indican 3 327 3 1062,5526,7701,	
signos 3 327 3 1060,3757,7699,	
Son 2 327 2 1059,7698,	
hipoclorémica) 2 327 2 1058,7697,	
alcalosis 2 327 2 1057,7696,	
hiponatremia 5 327 5 1055,1222,3584,7694,7861,	
(hipopotasemia 3 327 3 1054,3745,7693,	
hídrico 2 327 2 1051,7690,	
desequilibrio 6 327 6 1050,1064,3579,3951,7689,7703,	
producir 10 327 10 1049,1095,1249,1690,1917,7688,7734,7888,8329,8556,	
doble 1 327 1 4783,	
incluyendo 10 327 10 1046,1370,1665,2041,3335,6325,7685,8009,8304,8680,	
conejos 1 327 1 6310,	
adecuados 2 327 2 1043,7682,	
intervalos 2 327 2 1042,7681,	
macacos) 1 327 1 6158,	
electrolitos 8 327 8 1038,1136,2249,3693,4034,7677,7775,8888,	
realizarse 4 327 4 1034,1184,7673,7823,	
paciente 5 327 5 1028,3635,3651,3705,7667,	
igual 4 327 4 1023,4872,4885,7662,	
colestipol 2 327 2 2227,8866,	
electrolítico 6 327 6 1021,1053,3580,3952,7660,7692,	
Desequilibrio 2 327 2 1020,7659,	
amarillo 1 327 1 6402,	
gota 2 327 2 1019,7658,	
ataque 2 327 2 1017,7656,	
precipitarse 2 327 2 1015,7654,	
hiperuricemia 3 327 3 1013,3589,7652,	
deberán 3 327 3 1534,2779,8173,	
mínimos 2 327 2 1003,7642,	
amplia 1 327 1 6355,	
sido 7 327 7 1002,1656,2597,2775,6023,7641,8295,	
observado 9 327 9 999,1485,4632,5679,5993,6330,6345,7638,8124,	
(en 1 327 1 6228,	
han 28 327 28 998,1001,1292,1484,1655,1731,1748,2150,2827,2899,3244,3368,4663,5712,5992,6022,6107,6284,6329,6344,7637,7640,7931,8123,8294,8370,8387,8789,	
contenida 2 327 2 991,7630,	
triglicéridos; 2 327 2 979,7618,	
colesterol 3 327 3 977,3597,7616,	
Reino 1 327 1 6598,	
incrementos 6 327 6 972,1733,3926,5816,7611,8372,	
asociado 4 327 4 965,1404,7604,8043,	
latente 2 327 2 962,7601,	
mellitus 4 327 4 961,1170,7600,7809,	
diabetes 4 327 4 960,1169,7599,7808,	
manifestarse 2 327 2 958,7597,	
11-15 1 327 1 5330,	
biodisponibilidad 3 327 3 2479,5165,5184,	
terapia 9 327 9 954,1098,1673,2092,2867,7593,7737,8312,8731,	
Durante 5 327 5 952,1477,5061,7591,8116,	
hipoglucemiantes 2 327 2 951,7590,	
agentes 10 327 10 950,1624,1639,1663,2471,5145,7589,8263,8278,8302,	
insulina 2 327 2 947,7586,	
dosificación 6 327 6 945,2379,2433,5349,7584,9018,	
ajustes 6 327 6 942,2214,2352,7581,8853,8991,	
necesarios 6 327 6 941,2213,2351,7580,8852,8990,	
diabéticos 3 327 3 938,4900,7577,	
determinaciones 2 327 2 1035,7674,	
glucosa 2 327 2 935,7574,	
tolerancia 2 327 2 932,7571,	
modificar 2 327 2 930,7569,	
endocrinos 2 327 2 924,7563,	
metabólicos 2 327 2 922,7561,	
Efectos 3 327 3 921,2888,7560,	
metabolito 1 327 1 5513,	
Por 8 327 8 912,1147,1774,1865,7551,7786,8413,8504,	
renina- 2 327 2 910,7549,	
sistema 17 327 17 909,1357,1401,1881,3120,3252,3279,3440,3462,4099,4706,5828,5842,7548,7996,8040,8520,	
posible 4 327 4 1838,2043,8477,8682,	
inhibición 3 327 3 907,5943,7546,	
actúan 2 327 2 905,7544,	
antihipertensivos 12 327 12 903,1423,1625,1640,1664,2298,7542,8062,8264,8279,8303,8937,	
medicamentos 25 327 25 902,1617,1845,1877,1904,1950,1984,2188,2358,2443,2517,2644,3792,4702,5792,7541,8256,8484,8516,8543,8589,8623,8827,8997,9046,	
responden 2 327 2 898,7537,	
proteínas 2 327 2 5216,5246,	
magnesio 3 327 3 1299,6389,7938,	
generalmente 2 327 2 896,7535,	
aldosteronismo 2 327 2 894,7533,	
primario 4 327 4 890,895,7529,7534,	
Aldosteronismo 2 327 2 889,7528,	
reduzca 2 327 2 1218,7857,	
especial 2 327 2 875,7514,	
inalterada 1 327 1 5620,	
vasodilatadores 2 327 2 872,7511,	
determinados 1 327 1 3791,	
sucede 6 327 6 869,1025,1419,7508,7664,8058,	
obstructiva 4 327 4 867,888,7506,7527,	
hipertrófica 4 327 4 866,887,7505,7526,	
cardiomiopatía 4 327 4 865,886,7504,7525,	
mitral 4 327 4 864,883,7503,7522,	
aórtica 4 327 4 862,881,7501,7520,	
valvular 2 327 2 861,7500,	
clínica 2 327 2 852,7491,	
hepático 2 327 2 848,7487,	
coma 2 327 2 847,7486,	
aportes 1 327 1 3713,	
precipitar 2 327 2 845,7484,	
podrían 2 327 2 844,7483,	
hidroelectrolítico 4 327 4 843,1065,7482,7704,	
alteraciones 13 327 13 840,1084,1941,1956,3182,3189,3404,3570,3609,7479,7723,8580,8595,	
progresiva 2 327 2 836,7475,	
enfermedad 6 327 6 834,1367,1437,7473,8006,8076,	
deberá 7 327 7 813,1560,2688,2863,3706,7452,8199,	
basofílicos 1 327 1 6195,	
laberinto 1 327 1 3289,	
60 2 327 2 805,7444,	
embargo 10 327 10 788,981,1827,2600,5389,5442,6055,7427,7620,8466,	
Sin 7 327 7 787,1826,5388,5441,6054,7426,8465,	
asociada 3 327 3 761,4114,7400,	
uremia 4 327 4 760,1408,7399,8047,	
producirse 6 327 6 759,1012,2252,7398,7651,8891,	
sometidos 2 327 2 726,7365,	
recientemente 2 327 2 725,7364,	
úrico 4 327 4 714,2370,7353,9009,	
digoxina 2 327 2 2170,8809,	
ácido 6 327 6 713,1993,2369,7352,8632,9008,	
potasio 46 327 46 710,1182,1196,1199,1207,1807,1812,1823,1835,1851,1890,1893,1900,1912,1920,1928,1943,1958,1970,2051,3235,3957,4084,4091,4113,5907,7349,7821,7835,7838,7846,8446,8451,8462,8474,8490,8529,8532,8539,8551,8559,8567,8582,8597,8609,8690,	
séricos 13 327 13 708,1039,1800,1910,2410,3231,3696,3955,5824,7347,7678,8439,8549,	
niveles 16 327 16 707,975,1179,1799,1909,2409,2423,3230,3595,3929,3954,7346,7614,7818,8438,8548,	
periódicos 2 327 2 704,7343,	
controles 2 327 2 703,7342,	
medicamento) 1 327 1 3424,	
utiliza 2 327 2 693,7332,	
trasplante 4 327 4 689,728,7328,7367,	
similar 2 327 2 685,7324,	
preverse 2 327 2 682,7321,	
descrito 5 327 5 678,1749,6313,7317,8388,	
Aunque 6 327 6 673,1090,2610,4621,7312,7729,	
intersticial 2 327 2 3561,6191,	
angiotensina-II 15 327 15 672,1396,3827,3842,3883,3897,3914,3923,3935,3987,5947,6068,6086,7311,8035,	
receptores 5 327 5 669,1393,3920,7308,8032,	
antagonistas 11 327 11 666,1390,1978,2022,3824,6065,6083,7305,8029,8617,8661,	
Control 2 327 2 1321,7960,	
angiotensina 13 327 13 663,911,1387,1729,1980,2025,5973,7302,7550,8026,8368,8619,8664,	
conversión 7 327 7 660,1384,1726,5971,7299,8023,8365,	
enzima 9 327 9 658,1382,1724,3984,5535,5969,7297,8021,8363,	
reactivación 1 327 1 3536,	
inhibidores 12 327 12 655,1379,1721,1990,2013,2585,5966,7294,8018,8360,8629,8652,	
tratan 2 327 2 653,7292,	
funcionante 2 327 2 651,7290,	
único 2 327 2 650,7289,	
ligeras 2 327 2 839,7478,	
riñón 4 327 4 649,5609,6188,7288,	
multicéntrico 1 327 1 4781,	
bilateral 2 327 2 637,7276,	
estenosis 8 327 8 636,643,880,1371,7275,7282,7519,8010,	
metabólica 1 327 1 4001,	
presentan 3 327 3 635,2997,7274,	
mayor 5 327 5 623,1114,3864,7262,7753,	
existe 7 327 7 621,716,850,4682,7260,7355,7489,	
renovascular 2 327 2 620,7259,	
Hipertensión 2 327 2 619,7258,	
33 1 327 1 4976,	
extremidades 1 327 1 3160,	
arteria 8 327 8 616,640,646,1374,7255,7279,7285,8013,	
Estenosis 4 327 4 613,860,7252,7499,	
situaciones 2 327 2 603,7242,	
similares 4 327 4 1751,2639,5049,8390,	
Estas 3 327 3 602,5898,7241,	
vómitos 4 327 4 601,1089,7240,7728,	
diarrea 4 327 4 599,3148,3498,7238,	
restrictivas 2 327 2 596,7235,	
dietas 2 327 2 595,7234,	
prolongados 2 327 2 592,7231,	
útil 1 327 1 3683,	
tratamientos 2 327 2 591,7230,	
75 1 327 1 4889,	
tinnitus 1 327 1 3292,	
observarse 2 327 2 579,7218,	
riesgo 23 327 23 574,624,1110,1174,1695,1770,1933,2034,2500,2578,2609,2618,3344,3949,4675,7213,7263,7749,7813,8334,8409,8572,8673,	
factores 2 327 2 572,7211,	
hipertensos 4 327 4 569,3014,3092,7208,	
sintomática 4 327 4 566,581,7205,7220,	
hipotensión 23 327 23 565,577,580,626,1080,1406,1697,2203,2736,2787,3133,3480,3703,3729,5091,7204,7216,7219,7265,7719,8045,8336,8842,	
media 6 327 6 4343,4553,4858,4992,5397,5465,	
mg/6 1 327 1 3102,	
prueba 1 327 1 2760,	
adversos 6 327 6 2503,3020,3037,3061,3602,6036,	
relacionado 2 327 2 562,7201,	
raras 6 327 6 558,1412,2977,3213,7197,8051,	
- 5 327 5 551,618,6597,7190,7257,	
Hipotensión 2 327 2 550,7189,	
(24 2 327 2 4218,4353,	
especiales 4 327 4 547,6418,6546,7186,	
transcurrido 1 327 1 3655,	
Advertencias 2 327 2 544,7183,	
colestasis 2 327 2 541,7180,	
cirrosis 5 327 5 538,1118,5705,7177,7757,	
hipercalcemia 4 327 4 534,1269,7173,7908,	
sulfinpirazona 2 327 2 2383,9022,	
refractaria 2 327 2 533,7172,	
Hipopotasemia 2 327 2 532,7171,	
Lactancia 3 327 3 518,2879,7157,	
6) 6 327 6 517,522,1581,7156,7161,8220,	
embarazo 16 327 16 510,1515,1554,1559,2546,2565,2594,2635,2682,2687,2755,2860,7149,8154,8193,8198,	
trimestre 8 327 8 508,2544,2563,2592,2716,2753,2858,7147,	
tercer 4 327 4 507,2562,2715,7146,	
día) 1 327 1 4739,	
Segundo 2 327 2 505,7144,	
degrada 1 327 1 3991,	
sulfonamida) 2 327 2 504,7143,	
derivado 2 327 2 501,7140,	
EEIG 1 327 1 6588,	
fármaco 4 327 4 500,2287,7139,8926,	
(la 2 327 2 496,7135,	
biliar 3 327 3 539,5555,7178,	
sulfonamida 2 327 2 495,7134,	
derivados 2 327 2 492,7131,	
fármacos 2 327 2 491,7130,	
activos 3 327 3 477,5146,7116,	
principios 2 327 2 476,7115,	
68% 2 327 2 4472,5252,	
Hipersensibilidad 2 327 2 473,7112,	
Contraindicaciones 2 327 2 472,7111,	
bloqueo 1 327 1 4097,	
niños 2 327 2 467,7106,	
experiencia 9 327 9 465,717,851,1870,6356,7104,7356,7490,8509,	
hay 6 327 6 464,1213,2612,6032,7103,7852,	
adolescentes 4 327 4 462,469,7101,7108,	
Niños 2 327 2 460,7099,	
facilitadores 1 327 1 2444,	
ancianos 8 327 8 446,459,2071,5430,5462,7085,7098,8710,	
Pacientes 4 327 4 445,552,7084,7191,	
moderada 6 327 6 440,797,4369,5709,7079,7436,	
reacciones 19 327 19 1452,2395,2822,2949,2994,3116,3248,3258,3360,3384,3391,3416,3520,3530,3541,5038,5053,8091,9034,	
leve 10 327 10 438,795,1233,1252,4367,5707,7077,7434,7872,7891,	
cardíacos 2 327 2 3129,3475,	
presencia 4 327 4 1161,2236,7800,8875,	
alteración 6 327 6 414,432,4907,5654,7053,7071,	
precaución 12 327 12 410,816,824,876,1186,2068,7049,7455,7463,7515,7825,8707,	
3) 5 327 5 444,749,2741,7083,7388,	
utilizarse 6 327 6 408,733,822,7047,7372,7461,	
deben 14 327 14 407,604,821,1033,1588,2074,2663,3697,7046,7243,7460,7672,8227,8713,	
tiazidas 28 327 28 406,820,928,956,1010,1045,1240,1289,1291,1756,2263,2458,2496,2509,2796,2843,4027,7045,7459,7567,7595,7649,7684,7879,7928,7930,8395,8902,	
indujo 2 327 2 6183,6222,	
presentaban 1 327 1 4903,	
Las 18 327 18 405,1044,1239,1290,2495,2508,2795,2948,3390,3415,3666,3720,4026,5332,7044,7683,7878,7929,	
indicado 2 327 2 398,7037,	
hepática 23 327 23 394,403,418,436,536,818,832,835,859,1119,3316,5692,5719,7033,7042,7057,7075,7175,7457,7471,7474,7498,7758,	
y/o 9 327 9 390,588,1165,3674,3776,5795,7029,7227,7804,	
sal 11 327 11 389,587,598,1204,1897,3715,7028,7226,7237,7843,8536,	
corrija 2 327 2 1704,8343,	
depleción 13 327 13 387,554,585,1691,1706,2247,3743,7026,7193,7224,8330,8345,8886,	
esquelético; 2 327 2 2346,8985,	
corregirse 4 327 4 385,605,7024,7244,	
debe 15 327 15 384,732,1284,1498,2064,2079,2927,3636,3640,7023,7371,7923,8137,8703,8718,	
tratamiento 53 327 53 381,610,900,926,967,1008,1030,1141,1238,1287,1377,1479,1501,1523,1539,1564,1573,1682,2451,2652,2667,2692,2701,2840,2862,2935,3628,3643,3686,4667,4765,4950,5002,5068,5081,7020,7249,7539,7565,7606,7647,7669,7780,7877,7926,8016,8118,8140,8162,8178,8203,8212,8321,	
Hidroclorotiazida 3 327 3 3414,4005,6337,	
iniciar 12 327 12 379,608,1499,1571,1671,2699,5345,7018,7247,8138,8210,8310,	
intravascular 2 327 2 376,7015,	
volumen 15 327 15 375,391,556,589,1693,1708,4061,5233,5255,7014,7030,7195,7228,8332,8347,	
utilización 9 327 9 764,1873,1884,3428,3784,6367,7403,8512,8523,	
Depleción 2 327 2 373,7012,	
cutánea) 1 327 1 3529,	
4) 15 327 15 372,1712,1789,1937,2276,2550,2572,2794,3348,3588,7011,8351,8428,8576,8915,	
secciones 9 327 9 367,512,1576,2567,2789,3971,7006,7151,8215,	
ml/min 8 327 8 365,786,802,5319,5676,7004,7425,7441,	
diferencia 1 327 1 4683,	
aclaramiento 8 327 8 360,781,1759,5306,5671,6999,7420,8398,	
cuyo 6 327 6 359,780,1345,6998,7419,7984,	
insuficiencia 27 327 27 357,402,629,698,737,778,792,858,1163,1362,1415,2044,3333,3487,5718,6996,7041,7268,7337,7376,7417,7431,7497,7802,8001,8054,8683,	
realizar 15 327 15 348,422,450,702,771,1278,2758,5407,5454,6987,7061,7089,7341,7410,7917,	
tiazídico 2 327 2 3847,4009,	
preciso 2 327 2 347,6986,	
tiazídicos 18 327 18 344,767,970,1093,1482,1680,2194,2389,2405,4021,6983,7406,7609,7732,8121,8319,8833,9028,	
lugar 12 327 12 341,1304,3192,3407,3573,3772,4161,4200,4240,4405,6980,7943,	
aplásica 1 327 1 3443,	
asa 2 327 2 339,6978,	
diuréticos 42 327 42 337,343,594,766,969,1032,1092,1108,1193,1225,1481,1679,1688,1857,1887,2193,2295,2301,2388,2404,2482,4020,4117,6976,6982,7233,7405,7608,7671,7731,7747,7832,7864,8120,8318,8327,8496,8526,8832,8934,8940,9027,	
taquicardia 3 327 3 1082,3134,7721,	
efectos 21 327 21 995,1750,2153,2294,2502,3019,3036,3060,3601,5132,5929,5994,6013,6035,6208,6286,6331,7634,8389,8792,8933,	
preferible 2 327 2 335,6974,	
mg/kg/día) 2 327 2 6175,6237,	
población 2 327 2 331,6970,	
En 25 327 25 329,750,936,1004,1171,1226,2988,3004,3081,3945,4170,4295,4379,4533,4602,5373,5667,6139,6309,6968,7389,7575,7643,7810,7865,	
componente 4 327 4 327,1152,6966,7791,	
debido 5 327 5 325,1150,2413,6964,7789,	
ortostática; 2 327 2 2204,8843,	
utilizar 5 327 5 323,2895,2908,2925,6962,	
locales 1 327 1 6577,	
ml/min) 8 327 8 319,531,745,806,6958,7170,7384,7445,	
30 13 327 13 318,364,530,744,785,801,5014,6957,7003,7169,7383,7424,7440,	
depresión 2 327 2 3444,3456,	
< 15 327 15 317,529,743,804,2968,2975,2981,4942,4970,5029,5674,6956,7168,7382,7443,	
máximo 1 327 1 4598,	
creatinina 18 327 18 316,362,528,711,742,783,800,3222,3695,5673,5823,6955,7001,7167,7350,7381,7422,7439,	
(aclaramiento 8 327 8 314,526,740,798,6953,7165,7379,7437,	
función 24 327 24 312,417,435,756,831,1282,1349,2039,2059,2085,2723,2765,3315,3565,6951,7056,7074,7395,7470,7921,7988,8678,8698,8724,	
primera 2 327 2 4586,6621,	
grave 15 327 15 309,404,525,537,627,739,1365,5720,6948,7043,7164,7176,7266,7378,8004,	
Insuficiencia 14 327 14 303,393,523,535,686,817,5640,5691,6942,7032,7162,7174,7325,7456,	
5) 7 327 7 302,1211,1320,3976,6941,7850,7959,	
antihipertensivo 11 327 11 298,1540,1628,2009,2668,3857,4025,6937,8179,8267,8648,	
necesario 12 327 12 290,421,449,770,2374,5406,5453,6929,7060,7088,7409,9013,	
sea 6 327 6 289,363,784,6928,7002,7423,	
Cuando 9 327 9 288,1555,1945,2683,4439,4723,6927,8194,8584,	
irbesartan/25 4 327 4 280,1651,6919,8290,	
decoloración 1 327 1 5853,	
mantiene 1 327 1 4590,	
deterioro 6 327 6 308,753,828,6947,7392,7467,	
superiores 5 327 5 275,4208,5284,6172,6914,	
administrar 6 327 6 273,336,814,6912,6975,7453,	
corregidas 1 327 1 4211,	
recomienda 23 327 23 272,322,701,874,916,1176,1310,1796,1923,1965,2535,2757,2852,6911,6961,7340,7513,7555,7815,7949,8435,8562,8604,	
No 40 327 40 270,345,419,715,768,849,1212,1496,1587,2128,2148,2533,2897,3620,3800,4010,4642,4681,5404,5451,5710,5748,5990,6094,6105,6269,6327,6406,6421,6909,6984,7058,7354,7407,7488,7851,8135,8226,8767,8787,	
(no 1 327 1 5805,	
mg/25 5 327 5 251,3107,4293,4836,6890,	
300 23 327 23 223,240,250,266,277,1648,3106,4176,4191,4229,4279,4292,4483,4835,4841,6670,6683,6862,6879,6889,6905,6916,8287,	
controle 2 327 2 212,6851,	
apropiado 2 327 2 197,6836,	
considere 5 327 5 196,1519,2648,6835,8158,	
clínico 2 327 2 194,6833,	
vista 2 327 2 193,6832,	
punto 5 327 5 191,4216,4351,4506,6830,	
fijas 2 327 2 187,6826,	
combinaciones 2 327 2 186,6825,	
directo 2 327 2 180,6819,	
cambio 2 327 2 179,6818,	
considerar 2 327 2 177,6816,	
sialadenitis 1 327 1 3502,	
Se 9 327 9 175,963,1922,2703,2826,4258,6814,7602,8561,	
hidroclorotiazida) 5 327 5 174,1654,3111,6813,8293,	
e 19 327 19 173,628,1642,2209,3583,4152,4652,5025,5034,5128,5142,5176,5825,6006,6119,6812,7267,8281,8848,	
(irbesartan 2 327 2 172,6811,	
individuales 3 327 3 171,3378,6810,	
componentes 7 327 7 170,3356,3377,3853,5140,5229,6809,	
mediante 3 327 3 165,4445,6804,	
ajuste 12 327 12 162,350,424,452,772,5409,5456,6801,6989,7063,7091,7411,	
precauciones 2 327 2 546,7185,	
recomendable 2 327 2 160,6799,	
Puede 7 327 7 158,578,2372,6534,6797,7217,9011,	
alimentos 3 327 3 157,5180,6796,	
día 5 327 5 153,287,4403,6792,6926,	
vez 5 327 5 151,285,4401,6790,6924,	
administrarse 11 327 11 149,204,228,254,293,3641,6788,6843,6867,6893,6932,	
Karvezide 70 327 70 147,198,222,244,249,265,291,324,383,395,428,456,563,612,680,694,722,730,854,920,993,1154,1191,1316,1630,1766,1782,1948,2847,2880,2918,3387,3633,3832,4453,4476,4482,4628,4688,4763,5163,5186,6786,6837,6861,6883,6888,6904,6930,6963,7022,7034,7067,7095,7202,7251,7319,7333,7361,7369,7493,7559,7632,7793,7830,7955,8269,8405,8421,8587,	
x 2 327 2 6515,6523,	
efecto 30 327 30 684,1627,1809,1820,1829,2008,2311,2338,2462,2525,3856,4024,4371,4450,4462,4489,4567,4597,4611,4647,5545,6350,7323,8266,8448,8459,8468,8647,8950,8977,	
administración 31 327 31 146,720,1188,1716,2018,2284,2385,2622,2854,3194,3409,3575,4103,4127,4530,4583,5124,5160,5199,5357,5475,5561,5739,5786,6785,7359,7827,8355,8657,8923,9024,	
Posología 2 327 2 142,6781,	
1) 4 327 4 139,487,6778,7126,	
hemoglobina 2 327 2 5851,6167,	
apartado 29 327 29 137,300,442,485,520,747,1209,1318,1710,1787,1935,2222,2274,2548,2739,3346,6776,6939,7081,7124,7159,7386,7848,7957,8349,8426,8574,8861,8913,	
(ver 38 327 38 136,299,366,441,484,511,519,746,1208,1317,1575,1709,1786,1934,2221,2273,2547,2566,2738,2788,3345,3970,6775,6938,7005,7080,7123,7150,7158,7385,7847,7956,8214,8348,8425,8573,8860,8912,	
monoterapia 17 327 17 135,183,221,3399,3432,3969,4181,4544,4713,5060,5117,5794,6053,6071,6774,6822,6860,	
adecuadamente 12 327 12 129,213,237,263,2076,4173,4537,6768,6852,6876,6902,8715,	
controla 6 327 6 128,236,262,6767,6875,6901,	
arterial 23 327 23 125,209,233,259,1430,3862,4169,4206,4308,4342,4386,4413,4444,4503,4522,4572,4990,5804,6764,6848,6872,6898,8069,	
presión 23 327 23 124,208,232,258,1429,3861,4168,4205,4307,4341,4385,4412,4443,4502,4521,4571,4989,5803,6763,6847,6871,6897,8068,	
cuya 9 327 9 123,207,231,257,4937,6762,6846,6870,6896,	
pacientes 119 327 119 122,206,230,256,306,333,355,400,412,430,458,568,583,633,696,724,735,751,776,790,826,856,878,892,937,1006,1116,1121,1128,1139,1172,1344,1360,1432,1458,1473,1528,1593,1931,2055,2073,2282,2657,2872,3013,3047,3091,3200,3342,3947,4171,4273,4297,4363,4534,4716,4744,4754,4799,4849,4861,4898,4917,4936,4961,4980,5043,5057,5089,5102,5429,5461,5652,5658,5668,5703,5716,6761,6845,6869,6895,6945,6972,6994,7039,7051,7069,7097,7207,7222,7272,7335,7363,7374,7390,7415,7429,7465,7495,7517,7531,7576,7645,7755,7760,7767,7778,7811,7983,7999,8071,8097,8112,8167,8232,8570,8694,8712,8921,	
indicada 2 327 2 120,6759,	
está 10 327 10 119,397,1784,2881,3740,4011,6647,6758,7036,8423,	
fija 4 327 4 118,811,6757,7450,	
dosis 57 327 57 117,164,274,352,426,454,774,810,984,1645,1685,2217,2355,3074,3079,3095,3098,3603,3964,4158,4196,4290,4322,4527,4587,4730,4827,5275,5283,5351,5359,5412,5459,5590,5616,5771,5984,6000,6078,6136,6144,6170,6251,6319,6756,6803,6913,6991,7065,7093,7413,7449,7623,8284,8324,8856,8994,	
0-3 1 327 1 5317,	
combinación 26 327 26 115,808,1312,1778,1792,2063,3366,4149,4227,4278,4388,4576,4650,4965,5047,5114,5735,5779,5922,6091,6754,7447,7951,8417,8431,8702,	
Esta 2 327 2 114,6753,	
esencial 5 327 5 113,1520,2649,6752,8159,	
hipertensión 6 327 6 112,2938,4365,4633,4769,6751,	
Este 1 327 1 4488,	
pobre 2 327 2 2058,8697,	
Tratamiento 2 327 2 109,6748,	
terapéuticas 5 327 5 108,4159,5985,6252,6747,	
Indicaciones 2 327 2 107,6746,	
	4 2 327 2 105,6744,	
vértigo 1 327 1 3464,	
CLÍNICOS 2 327 2 104,6743,	
DATOS 3 327 3 103,6374,6742,	
4 66 327 66 102,140,301,368,371,443,470,513,514,516,521,542,543,748,1210,1319,1536,1577,1580,1611,1711,1788,1936,2223,2275,2527,2549,2568,2571,2790,2793,2886,2944,3347,3587,3617,3972,3973,3975,4136,6416,6483,6741,6779,6940,7007,7010,7082,7109,7152,7153,7155,7160,7181,7182,7387,7849,7958,8216,8219,8250,8350,8427,8575,8862,8914,	
conlleva 1 327 1 2620,	
grabado 2 327 2 97,6736,	
2775 1 327 1 96,	
número 2 327 2 95,6734,	
periódicas 2 327 2 1036,7675,	
cara 4 327 4 92,101,6731,6740,	
troquelado 2 327 2 89,6728,	
pico 2 327 2 4372,4507,	
susceptibles 2 327 2 1905,8544,	
corazón 2 327 2 88,6727,	
ovalada 2 327 2 85,6724,	
forma 8 327 8 84,144,1659,2430,4041,6723,6783,8298,	
biconvexo 2 327 2 81,6720,	
blanquecino 2 327 2 80,6719,	
equilibrio 2 327 2 842,7481,	
o 95 327 95 79,132,155,216,242,478,488,600,642,664,833,882,884,948,1000,1014,1052,1076,1088,1145,1200,1219,1366,1388,1410,1436,1446,1460,1465,1489,1607,1677,2133,2258,2382,2442,2833,2836,2924,2942,3039,3072,3789,3907,4694,4812,4838,4873,4886,5477,5563,5656,6042,6050,6099,6275,6296,6315,6335,6352,6718,6771,6794,6855,6881,7117,7127,7239,7281,7303,7472,7521,7523,7587,7639,7653,7691,7715,7727,7784,7839,7858,8005,8027,8049,8075,8085,8099,8104,8128,8246,8316,8772,8897,9021,	
Blanco 2 327 2 78,6717,	
	Comprimido 2 327 2 77,6716,	
FARMACÉUTICA 2 327 2 76,6715,	
FORMA 2 327 2 75,6714,	
debidos 2 327 2 5909,5933,	
3 22 327 22 74,369,471,1578,1997,2569,2791,4314,4317,4913,5021,5098,5316,5342,5722,6409,6413,6713,7008,7110,8217,8636,	
6 17 327 17 72,486,2528,2632,4144,4222,5746,5875,6373,6403,6408,6415,6438,6543,6544,6711,7125,	
sección 3 327 3 71,3586,6710,	
ver 3 327 3 70,3585,6709,	
excipientes 5 327 5 69,483,6380,6708,7122,	
completa 2 327 2 67,6706,	
lista 2 327 2 66,6705,	
consultar 2 327 2 64,6703,	
sugeridas 1 327 1 3668,	
Para 2 327 2 63,6702,	
monohidrato 3 327 3 60,6386,6699,	
renal 64 327 64 304,313,358,524,617,630,641,647,687,690,699,729,738,757,779,793,1164,1350,1368,1416,1760,2040,2045,2060,2086,2514,2724,2735,2766,3334,3340,3566,4038,5311,5557,5641,5655,6219,6294,6943,6952,6997,7163,7256,7269,7280,7286,7326,7329,7338,7368,7377,7396,7418,7432,7803,7989,8007,8055,8399,8679,8684,8699,8725,	
lactosa 4 327 4 59,1586,6698,8225,	
65 4 327 4 56,4876,5432,6694,	
26 1 327 1 55,	
Excipiente 2 327 2 54,6693,	
hidroclorotiazida 72 327 72 53,133,215,283,328,497,990,1047,1327,1456,1643,1815,1832,2108,2185,2231,2334,2363,2849,3430,3606,3616,3739,3809,3848,4058,4129,4151,4189,4238,4335,4399,4542,4578,4641,4653,4672,4733,5127,5143,5177,5211,5249,5468,5599,5625,5686,5892,5912,5918,6007,6051,6093,6120,6692,6772,6854,6922,6967,7136,7629,7686,7966,8095,8282,8454,8471,8747,8824,8870,8973,9002,	
12 12 327 12 49,986,4146,4185,4234,4331,4357,4395,4735,5531,6688,7625,	
ambulatoria 2 327 2 4382,4448,	
erupción 2 327 2 3263,3544,	
irbesartan 82 327 82 47,131,217,239,1101,1155,1217,1675,1753,1825,2103,2114,2139,2166,2178,3397,3727,3843,3967,4106,4153,4179,4194,4232,4329,4393,4548,4574,4638,4651,4711,4724,4814,4840,4983,5026,5129,5175,5202,5219,5237,5327,5370,5384,5403,5422,5480,5494,5517,5528,5566,5596,5646,5697,5839,5888,5924,5939,6005,6049,6118,6147,6182,6221,6249,6254,6283,6686,6770,6856,6878,7740,7794,7856,8314,8392,8464,8742,8753,8778,8805,8817,	
contiene 7 327 7 43,1329,1585,2848,6682,7968,8224,	
comprimido 4 327 4 42,62,6681,6701,	
	Cada 2 327 2 41,6680,	
CUANTITATIVA 2 327 2 40,6679,	
Y 2 327 2 39,6678,	
CUALITATIVA 2 327 2 38,6677,	
COMPOSICIÓN 2 327 2 37,6676,	
temprana 1 327 1 6317,	
2 14 327 14 36,141,392,1992,4123,4558,4804,5094,5120,6404,6467,6675,6780,8631,	
comprimidos 7 327 7 35,6456,6472,6488,6504,6525,6674,	
mg 57 327 57 34,45,51,57,202,219,226,241,248,252,269,278,281,988,1649,1652,3104,3108,4177,4187,4192,4230,4236,4282,4294,4327,4333,4391,4397,4457,4480,4486,4540,4737,4811,4816,4837,4842,5278,5281,5287,6673,6684,6690,6696,6841,6858,6865,6880,6887,6891,6908,6917,6920,7627,8288,8291,	
5 40 327 40 33,50,138,201,225,247,268,987,1612,2160,2740,3101,3812,4186,4235,4255,4281,4332,4396,4456,4479,4485,4736,4810,4865,4948,5119,5206,5318,5721,6439,6672,6689,6777,6840,6864,6886,6907,7626,8251,	
150 14 327 14 31,44,199,218,245,4326,4390,4454,4477,4808,4815,6838,6857,6884,	
	Karvezide 2 327 2 30,6669,	
paralelo 1 327 1 4785,	
MEDICAMENTO 3 327 3 29,3817,6668,	
interrumpirse 5 327 5 1285,1561,2689,7924,8200,	
NOMBRE 2 327 2 27,6666,	
1 15 327 15 25,26,73,106,3819,4223,4805,5194,6377,6451,6516,6524,6665,6712,6745,	
PRODUCTO 1 327 1 24,	
DEL 4 327 4 23,28,6639,6667,	
grupo 3 327 3 2990,3026,5000,	
CARACTERÍSTICAS 1 327 1 22,	
LAS 1 327 1 21,	
acciones 1 327 1 3894,	
DE 9 327 9 20,3815,6580,6583,6602,6604,6611,6615,6636,	
RESUMEN 1 327 1 19,	
O 1 327 1 18,	
absorción 4 327 4 2229,2447,5295,8868,	
TÉCNICA 1 327 1 17,	
FICHA 1 327 1 16,	
insulina) 2 327 2 2210,8849,	
ocasiones 5 327 5 559,1413,3214,7198,8052,	
información 3 327 3 13,3624,6642,	
Toda 1 327 1 11,	
cardiovascular 4 327 4 1438,4680,4908,8077,	
medicamento 13 327 13 10,15,297,1331,1591,2144,6211,6555,6646,6936,7970,8230,8783,	
mg/12 15 327 15 32,200,224,246,267,4280,4455,4478,4484,4809,6671,6839,6863,6885,6906,	
Basica 1 327 1 8,	
	Información 1 327 1 7,	
1/100 1 327 1 2967,	
OVALA 1 327 1 6,	
BICONV 1 327 1 5,	
COMP 1 327 1 4,	
28 2 327 2 3,6465,	
5MG 1 327 1 2,	
300/12 1 327 1 1,	
KARVEZIDE 1 327 1 0,	
