	Prospectos 1 668 1 8393,	
int/ 1 668 1 8392,	
Lietuva 1 668 1 8353,	
534 1 668 1 8351,	
Kingdom 1 668 1 8333,	
Latvija 1 668 1 8331,	
74 1 668 1 8320,	
357 1 668 1 8317,	
M 1 668 1 8310,	
(Z 1 668 1 8308,	
358 2 668 2 8302,8343,	
Puh/Tel 1 668 1 8300,	
02 1 668 1 8297,	
39 1 668 1 8296,	
Suomi/Finland 1 668 1 8284,	
Italia 1 668 1 8283,	
020 1 668 1 8282,	
259 1 668 1 8280,	
(1) 1 668 1 8279,	
+354 1 668 1 8272,	
SímiTel 1 668 1 8271,	
hf 1 668 1 8266,	
Vistor 1 668 1 8265,	
395 1 668 1 8254,	
d 1 668 1 8245,	
Medis 1 668 1 8244,	
(21) 1 668 1 8234,	
66 1 668 1 8230,	
47 1 668 1 8227,	
(0)1 1 668 1 8226,	
Reprezentan 1 668 1 8221,	
România 1 668 1 8213,	
France 1 668 1 8212,	
5300 1 668 1 8211,	
302 1 668 1 8210,	
351 1 668 1 8207,	
570 1 668 1 8202,	
34 3 668 3 8200,8203,8319,	
(Produtos 1 668 1 8195,	
Portugal 1 668 1 8188,	
696 1 668 1 8184,	
2109974000 1 668 1 8178,	
+30 1 668 1 8176,	
z 1 668 1 8173,	
Sp 1 668 1 8172,	
28 1 668 1 8168,	
129180-0 1 668 1 8167,	
+43 1 668 1 8164,	
0100 4 668 4 8162,8305,8346,8362,	
+358 2 668 2 8159,8359,	
Österreich 1 668 1 8150,	
(0)2173 1 668 1 8139,	
49 2 668 2 8138,8329,	
GmbH 2 668 2 8132,8157,	
Norge 1 668 1 8130,	
(0)76-573 1 668 1 8126,	
+31 1 668 1 8124,	
46 3 668 3 8120,8146,8324,	
A/S 3 668 3 8110,8135,8315,	
Nederland 1 668 1 8107,	
Farmacêuticos) 1 668 1 8196,	
36 1 668 1 8105,	
+356 1 668 1 8100,	
411 1 668 1 8098,	
221 1 668 1 8096,	
42 2 668 2 8093,8277,	
Pharmasud 1 668 1 8089,	
r 2 668 2 8087,8269,	
s 2 668 2 8086,8268,	
Malta 1 668 1 8084,	
republika 2 668 2 8083,8264,	
Ceská 1 668 1 8082,	
0060 1 668 1 8081,	
391 1 668 1 8080,	
Tel 20 668 20 8077,8091,8099,8123,8136,8142,8158,8163,8179,8198,8205,8231,8248,8255,8275,8294,8322,8341,8347,8358,	
99 2 668 2 8075,8185,	
962 1 668 1 8074,	
(0) 5 668 5 8072,8095,8166,8182,8326,	
359 1 668 1 8071,	
Te 1 668 1 8069,	
Tél/Tel 1 668 1 8061,	
00 6 668 6 8060,8067,8122,8148,8261,8330,	
92 2 668 2 8059,8066,	
(0)2 2 668 2 8057,8064,	
+32 2 668 2 8055,8062,	
Tel/Tél 1 668 1 8054,	
V 3 668 3 8047,8053,8114,	
/N 2 668 2 8046,8052,	
S 6 668 6 8044,8050,8191,8216,8219,8287,	
Luxembourg/Luxemburg 1 668 1 8041,	
België/Belgique/Belgien 1 668 1 8040,	
contacto 1 668 1 8021,	
póngase 1 668 1 8019,	
recibido 1 668 1 8018,	
vídeo 1 668 1 8008,	
incluye 1 668 1 8001,	
paquete 1 668 1 7995,	
haber 1 668 1 7992,	
titular 2 668 2 7981,8027,	
dirigiéndose 1 668 1 7976,	
Ísland 1 668 1 8262,	
respecto 1 668 1 7972,	
solicitar 1 668 1 7969,	
locales 1 668 1 7967,	
Representantes 1 668 1 7966,	
Ashton-under-Lyne 1 668 1 7943,	
Responsable 1 668 1 7934,	
Batch 1 668 1 7926,	
fabricación 2 668 2 7915,7937,	
comercialización 3 668 3 7910,7986,8032,	
autorización 4 668 4 7908,7919,7984,8030,	
Aspecto 1 668 1 7877,	
color 2 668 2 7841,7897,	
plástico 3 668 3 7839,7866,7895,	
hidróxido 1 668 1 7823,	
	Composición 1 668 1 7803,	
ADICIONAL 1 668 1 7802,	
ambiente 1 668 1 7798,	
proteger 1 668 1 7795,	
De 1 668 1 7790,	
necesita 1 668 1 7789,	
773 1 668 1 8097,	
deshacerse 1 668 1 7779,	
Pregunte 1 668 1 7774,	
tirar 1 668 1 7766,	
desechado 1 668 1 7760,	
diluidas 1 668 1 7730,	
) 1 668 1 8311,	
soluciones 1 668 1 7727,	
conserve 1 668 1 7726,	
Conservar 1 668 1 7720,	
mes 1 668 1 7716,	
último 1 668 1 7713,	
fecha 2 668 2 7699,7708,	
suicidas 1 668 1 7648,	
pensamientos 1 668 1 7647,	
alergia 1 668 1 7646,	
cutánea 1 668 1 7627,	
heces 1 668 1 7625,	
involuntarias 1 668 1 7623,	
involuntarias) 1 668 1 7621,	
memoria) 1 668 1 7617,	
(pérdidas 1 668 1 7615,	
conciliar 1 668 1 7606,	
agitado) 1 668 1 7595,	
desorganizado 1 668 1 7593,	
comportamiento 1 668 1 7592,	
incoherente 1 668 1 7590,	
discurso 1 668 1 7589,	
(un 1 668 1 7582,	
dormido 1 668 1 7564,	
quedarse 1 668 1 7563,	
táctil 1 668 1 7557,	
tacto 1 668 1 7555,	
medianoche 1 668 1 7566,	
articulaciones 1 668 1 7541,	
confusión/desorientación 1 668 1 7526,	
temblores 1 668 1 7525,	
estómago 1 668 1 7511,	
Náuseas 1 668 1 7491,	
producir 2 668 2 7425,7587,	
igual 1 668 1 7418,	
	Al 1 668 1 7417,	
EFECTOS 1 668 1 7415,	
POSIBLES 1 668 1 7414,	
experimentar 1 668 1 7380,	
Deberá 1 668 1 7356,	
olvidada 1 668 1 7349,	
compensar 1 668 1 7345,	
próxima 1 668 1 7337,	
salte 1 668 1 7326,	
descrito 1 668 1 7319,	
procedimiento 1 668 1 7318,	
continúe 2 668 2 7315,7365,	
tómela 1 668 1 7309,	
vacío 1 668 1 7298,	
589 1 668 1 8259,	
llevar 1 668 1 7288,	
urgencia 1 668 1 7286,	
ayuda 1 668 1 7283,	
solicite 1 668 1 7281,	
accidente 1 668 1 7280,	
epiléptica 1 668 1 7267,	
disminuida 2 668 2 7259,7644,	
dificultad 4 668 4 7248,7561,7570,7604,	
movilidad 1 668 1 7246,	
comuníqueselo 1 668 1 7223,	
débil 1 668 1 7222,	
Tape 1 668 1 7206,	
beba 1 668 1 7193,	
Sentado 1 668 1 7189,	
despierte 1 668 1 7173,	
enseguida 1 668 1 7169,	
luego 1 668 1 7167,	
tape 1 668 1 7163,	
sentado 1 668 1 7159,	
Beba 1 668 1 7155,	
gírelo 1 668 1 7143,	
acuéstese 1 668 1 7168,	
dormir 1 668 1 7090,	
justo 2 668 2 7086,7197,	
cerca 1 668 1 7082,	
Coloque 1 668 1 7078,	
Aclare 1 668 1 7072,	
ciérrelo 1 668 1 7061,	
derecha) 1 668 1 7055,	
(a 1 668 1 7053,	
gire 1 668 1 7042,	
Ponga 1 668 1 7034,	
Repita 1 668 1 7008,	
botella 1 668 1 6970,	
mantenga 1 668 1 6968,	
fluirá 1 668 1 6959,	
tirando 1 668 1 6952,	
prescrita 1 668 1 6947,	
mano 2 668 2 6943,6951,	
Figura 4 668 4 6931,6975,7006,7070,	
(Ver 4 668 4 6930,6974,7005,7069,	
Eesti 1 668 1 8149,	
centro 2 668 2 6919,6983,	
punta 1 668 1 6912,	
continuación 2 668 2 6909,8039,	
usos 1 668 1 6906,	
sólo 1 668 1 6884,	
Esto 1 668 1 6883,	
cuello 1 668 1 6876,	
inserte 2 668 2 6873,6910,	
mesa 1 668 1 6866,	
vertical 3 668 3 6863,6872,6973,	
ponga 1 668 1 6860,	
quitar 1 668 1 6857,	
izquierda) 2 668 2 6854,7154,	
reloj 3 668 3 6851,7052,7151,	
agujas 3 668 3 6849,7050,7149,	
Finland 4 668 4 8154,8293,8337,8357,	
sentido 3 668 3 6845,7047,7145,	
desenrosque 1 668 1 6843,	
Slovenija 1 668 1 8239,	
Quite 3 668 3 6834,6979,7124,	
usarlo 1 668 1 6829,	
proporcionados 1 668 1 7001,	
tapones 2 668 2 6810,7036,	
ayudarle 1 668 1 6792,	
sígalas 1 668 1 6787,	
preparar 1 668 1 6780,	
siguientes 3 668 3 6776,6907,7446,	
menor 1 668 1 6770,	
Prepare 1 668 1 6733,	
mejor 1 668 1 6717,	
despertará 1 668 1 6696,	
asegurarse 2 668 2 6693,7097,	
despertador 2 668 2 6691,7095,	
necesitar 2 668 2 6689,7092,	
Puede 3 668 3 6688,7091,7968,	
Tome 2 668 2 6661,6669,	
repartidos 1 668 1 6650,	
gradualmente 1 668 1 6639,	
aumentar 1 668 1 6638,	
podrá 1 668 1 6637,	
prescribiendo 1 668 1 7366,	
dudas 1 668 1 6610,	
indicadas 1 668 1 6598,	
	Siga 1 668 1 6590,	
sepa 1 668 1 6552,	
vez 4 668 4 6548,6832,6889,7739,	
empiece 1 668 1 6542,	
requiera 1 668 1 6527,	
NOTA 1 668 1 6955,	
realice 1 668 1 6518,	
utilice 2 668 2 6514,7694,	
conduzca 2 668 2 6512,6564,	
Conducción 1 668 1 6497,	
Consulte 2 668 2 6486,6602,	
interrumpir 1 668 1 6483,	
tomen 1 668 1 6480,	
pasa 1 668 1 6472,	
cree 1 668 1 6441,	
conocen 2 668 2 6421,7460,	
moderar 1 668 1 6406,	
Debe 2 668 2 6405,7287,	
Nordic 3 668 3 8109,8134,8314,	
ingiriendo 2 668 2 6380,6399,	
cucharadas) 1 668 1 7032,	
pasado 1 668 1 6355,	
afectarle 2 668 2 6351,6504,	
Oy 4 668 4 8153,8292,8336,8356,	
pudiendo 1 668 1 6350,	
mesa) 1 668 1 6349,	
encuentra 1 668 1 6344,	
ingerida 1 668 1 6336,	
CÓMO 1 668 1 6587,	
precise 1 668 1 6330,	
exclusivamente 1 668 1 6324,	
absorber 1 668 1 6320,	
capaz 1 668 1 6318,	
cantidad 3 668 3 6311,6333,6706,	
horas) 2 668 2 6300,6728,	
tres 2 668 2 6299,6727,	
incrementados 1 668 1 6288,	
esté 1 668 1 6279,	
Slovenská 1 668 1 8263,	
bebidas 1 668 1 6273,	
adquiridos 1 668 1 6263,	
recientemente 1 668 1 6257,	
utilizado 1 668 1 6256,	
Informe 2 668 2 6245,7435,	
45 1 668 1 8117,	
humor 1 668 1 6237,	
dado 3 668 3 6221,6337,7473,	
instrucciones 4 668 4 6217,6593,6777,6785,	
prepare 1 668 1 6944,	
interrumpa 1 668 1 6209,	
aconseje 1 668 1 6466,	
Cuando 3 668 3 6208,6541,7171,	
comprobar 1 668 1 6195,	
presionando 1 668 1 6839,	
cuidadosamente 1 668 1 6191,	
seguirá 1 668 1 6190,	
naturaleza 1 668 1 6180,	
comunicárselo 1 668 1 6162,	
raro) 1 668 1 6120,	
(trastorno 1 668 1 6118,	
Central 1 668 1 6080,	
Nervioso 1 668 1 6079,	
Sistema 1 668 1 6078,	
hígado 1 668 1 6058,	
padece 3 668 3 6049,6116,6123,	
tenido 2 668 2 6044,6088,	
problemas 4 668 4 6034,6056,6127,6357,	
caracterizado 1 668 1 6007,	
metabólico 2 668 2 6005,6119,	
componentes 2 668 2 5996,7816,	
(hipersensible) 1 668 1 5985,	
alérgico 1 668 1 5984,	
tome 3 668 3 5979,7331,7340,	
TOMAR 2 668 2 5976,6588,	
sorpresa 1 668 1 5972,	
haga 2 668 2 6570,6927,	
risa 1 668 1 5970,	
rabia 1 668 1 5967,	
emocional 1 668 1 5964,	
reacción 1 668 1 5963,	
consciencia 1 668 1 5958,	
debilidad 2 668 2 5951,7514,	
repentina 2 668 2 5949,5965,	
normalmente 1 668 1 5932,	
incluir 2 668 2 5923,7243,	
acción 1 668 1 5900,	
UTILIZA 1 668 1 5887,	
SE 1 668 1 5886,	
PARA 1 668 1 5884,	
QUÉ 2 668 2 5880,5885,	
Posibles 1 668 1 5869,	
utiliza 2 668 2 5858,6509,	
p 1 668 1 8288,	
Contenido 1 668 1 5847,	
informe 4 668 4 5841,6128,6445,7672,	
mencionado 2 668 2 5837,7668,	
adverso 2 668 2 5835,7666,	
aprecia 2 668 2 5832,7663,	
tengan 1 668 1 5809,	
personas 3 668 3 5807,6186,7432,	
le 4 668 4 5796,6064,6554,7989,	
farmacéutico 9 668 9 5791,5846,6250,6491,6607,7228,7412,7677,7777,	
duda 2 668 2 5785,7400,	
leerlo 1 668 1 5780,	
volver 4 668 4 5778,6758,7200,7377,	
Conserve 1 668 1 5770,	
Lea 2 668 2 5757,6782,	
	B 1 668 1 5749,	
OTROS 1 668 1 5748,	
Titular 2 668 2 7905,7916,	
UNIDADES 1 668 1 5735,	
VOLUMEN 1 668 1 5732,	
PESO 1 668 1 5730,	
	Lote 1 668 1 5725,	
	Leer 1 668 1 5696,	
VÍA 1 668 1 5682,	
FRASCO 1 668 1 5674,	
ETIQUETA 1 668 1 5672,	
BRAILLE 1 668 1 5663,	
INSTRUCCIONES 1 668 1 5657,	
NÚMERO 2 668 2 5641,5722,	
Devolver 1 668 1 5602,	
CORRESPONDA) 1 668 1 5601,	
(CUANDO 1 668 1 5600,	
SU 1 668 1 5598,	
DERIVADOS 1 668 1 5596,	
MATERIALES 1 668 1 5595,	
UTILIZADO 1 668 1 5591,	
ELIMINACIÓN 1 668 1 5587,	
determinada 2 668 2 6296,6724,	
PRECAUCIONES 1 668 1 5584,	
	No 2 668 2 5576,5978,	
CONSERVACIÓN 2 668 2 5575,7679,	
{mes/año} 2 668 2 5570,5720,	
	Cad 2 668 2 5569,5719,	
CADUCIDAD 2 668 2 5568,5718,	
cerrado 1 668 1 5564,	
Psicosis 1 668 1 7581,	
empujando 1 668 1 7002,	
herméticamente 1 668 1 5563,	
Mantener 2 668 2 5560,5704,	
NECESARIO 1 668 1 5559,	
ES 2 668 2 5558,5881,	
SI 1 668 1 5557,	
ESPECIALES 3 668 3 5556,5573,5585,	
OTRAS 1 668 1 5554,	
vista 3 668 3 5549,5711,7689,	
alcance 3 668 3 5545,5707,7685,	
MANTENERSE 1 668 1 5541,	
Tenga 1 668 1 6025,	
ESPECIAL 1 668 1 5535,	
ENVASE 1 668 1 5510,	
CONTENIDO 2 668 2 5508,5728,	
	Agua 1 668 1 5497,	
EXCIPIENTES 1 668 1 5496,	
ACTIVO(S) 1 668 1 5487,	
PRINCIPIO(S) 1 668 1 5486,	
ACONDICIONAMIENTO 1 668 1 5470,	
caducidad 2 668 2 7701,7710,	
ml/día) 2 668 2 6620,6649,	
EXTERIOR 1 668 1 5466,	
EMBALAJE 1 668 1 5465,	
EL 3 668 3 5464,5469,5538,	
DEBE 2 668 2 5461,5540,	
QUE 2 668 2 5460,5537,	
PROSPECTO 2 668 2 5454,5750,	
III 1 668 1 5451,	
ANEXO 1 668 1 5450,	
UTILIZACIÓN 1 668 1 5442,	
Instrucciones 1 668 1 6771,	
CON 1 668 1 5440,	
RELACIÓN 1 668 1 5439,	
Características 1 668 1 5428,	
Técnica 1 668 1 5423,	
LOTE 2 668 2 5643,5724,	
Ficha 1 668 1 5422,	
Anexo 1 668 1 5420,	
restringido 1 668 1 5418,	
especial 3 668 3 5415,6026,6561,	
prescripción 2 668 2 5413,5654,	
sujeto 2 668 2 5411,5652,	
AL 1 668 1 5403,	
IMPUESTAS 1 668 1 5402,	
explican 1 668 1 6778,	
RESTRICCIONES 2 668 2 5397,5437,	
· 2 668 2 5394,5434,	
lote 1 668 1 5384,	
nombre 1 668 1 5374,	
Magyarország 1 668 1 8068,	
especificar 1 668 1 5372,	
organismo 2 668 2 6316,6712,	
impreso 1 668 1 5368,	
prospecto 9 668 9 5367,5527,5698,5760,5772,5840,5849,7671,8364,	
5TA 2 668 2 5363,7963,	
LU5 2 668 2 5362,7962,	
03 1 668 1 8236,	
Bedfordshire 2 668 2 5361,7961,	
Dunstable 2 668 2 5360,7960,	
Park 2 668 2 5359,7959,	
Avenue 2 668 2 5357,7957,	
ADVERTENCIAS 1 668 1 5555,	
11 4 668 4 5353,5610,7953,8127,	
UCB 27 668 27 5349,5621,7922,7949,8042,8048,8085,8108,8111,8131,8133,8151,8155,8169,8170,8189,8193,8214,8218,8240,8267,8285,8290,8313,8334,8338,8354,	
9RR 2 668 2 5346,7946,	
OL7 2 668 2 5345,7945,	
Lancashire 2 668 2 5344,7944,	
under 1 668 1 5342,	
médica 3 668 3 5414,5655,7284,	
Ashton 1 668 1 5341,	
Bardsley 2 668 2 5340,7942,	
of 2 668 2 5339,7941,	
Limited 2 668 2 5337,7939,	
Recipharm 2 668 2 5336,7938,	
lotes 1 668 1 5335,	
liberación 2 668 2 5332,5382,	
Tél 1 668 1 8222,	
responsable 3 668 3 5329,5379,7912,	
fabricante 2 668 2 5328,5378,	
Nombre 1 668 1 5324,	
AUTORIZACIÓNES 1 668 1 5314,	
B 3 668 3 5303,5387,8113,	
LOTES 2 668 2 5302,5323,	
{número} 2 668 2 5645,5726,	
LOS 3 668 3 5301,5322,5594,	
LIBERACIÓN 2 668 2 5299,5320,	
RESPONSABLES 2 668 2 5296,5317,	
FABRICACIÓN 2 668 2 5295,5316,	
TITULARES 2 668 2 5290,5311,	
eu/ 1 668 1 5288,	
europa 1 668 1 5287,	
emea 2 668 2 5286,8390,	
//www 2 668 2 5285,8389,	
(EMEA) 2 668 2 5283,8387,	
debiera 2 668 2 7235,7275,	
Medicamento 4 668 4 5282,5410,5651,8386,	
estarlo 1 668 1 6444,	
Europea 2 668 2 5280,8384,	
levantará 1 668 1 7100,	
Agencia 2 668 2 5279,8383,	
Vía 2 668 2 5523,5690,	
web 2 668 2 5276,8380,	
página 2 668 2 5275,8379,	
disponible 2 668 2 5272,8376,	
detallada 2 668 2 5267,8371,	
TEXTO 1 668 1 5264,	
REVISIÓN 1 668 1 5262,	
13/10/2005 1 668 1 5256,	
AUTORIZACIÓN/RENOVACIÓN 1 668 1 5252,	
PRIMERA 1 668 1 5251,	
FECHA 4 668 4 5248,5259,5566,5716,	
EU/1/05/312/001 2 668 2 5246,5639,	
NÚMERO(S) 2 668 2 5241,5634,	
original 1 668 1 7724,	
SL1 3 668 3 5236,5629,7930,	
desconoce 1 668 1 5896,	
Berkshire 3 668 3 5235,5628,7929,	
Slough 3 668 3 5234,5627,7928,	
Road 3 668 3 5233,5626,7927,	
Bath 2 668 2 5232,5625,	
208 3 668 3 5231,5624,7925,	
Ltd 9 668 9 5230,5351,5623,7924,7951,8090,8243,8312,8340,	
Pharma 19 668 19 5229,5350,5622,7923,7950,8043,8049,8112,8152,8156,8171,8190,8194,8215,8286,8291,8335,8339,8355,	
COMERCIALIZACIÓN 7 668 7 5227,5245,5309,5393,5409,5620,5638,	
abra 1 668 1 6892,	
LA 13 668 13 5224,5250,5254,5261,5292,5298,5306,5319,5390,5406,5441,5617,5671,	
TITULAR 3 668 3 5222,5404,5615,	
requerimientos 1 668 1 5219,	
seguir 3 668 3 6215,7204,7357,	
precisa 1 668 1 5218,	
manipulaciones 1 668 1 5216,	
HDPE 1 668 1 5207,	
rosca 1 668 1 5202,	
cierres 1 668 1 5200,	
aparato 1 668 1 5183,	
beber 1 668 1 6276,	
Woodside 2 668 2 5358,7958,	
tubo 1 668 1 5179,	
acrilonitrilo 1 668 1 5177,	
estireno 1 668 1 5175,	
ETR 1 668 1 5167,	
elastómera 1 668 1 5166,	
biomédica 1 668 1 5165,	
silástica 1 668 1 5164,	
válvula 2 668 2 5163,5169,	
frasco 19 668 19 5143,5154,6799,6818,6838,6862,6869,6878,6894,6903,6924,6937,6988,7706,7742,7837,7854,7858,7893,	
precinto 3 668 3 5134,6821,7847,	
LDPE 3 668 3 5132,5161,5181,	
interno 1 668 1 5130,	
229 4 668 4 8161,8304,8345,8361,	
revestimiento 1 668 1 5129,	
HDPE/polipropileno 1 668 1 5127,	
cierre 1 668 1 5119,	
PET 1 668 1 5117,	
envase 7 668 7 5112,5140,5562,6794,7723,7851,7883,	
contenido 3 668 3 5110,7746,7881,	
Naturaleza 1 668 1 5108,	
condiciones 2 668 2 5102,5579,	
conservación 3 668 3 5097,5105,5582,	
Precauciones 2 668 2 5094,5210,	
24 5 668 5 5090,6660,7736,8121,8147,	
utilizada 1 668 1 5088,	
preparación 1 668 1 5085,	
dilución 1 668 1 5075,	
40 6 668 6 5071,7753,8128,8233,8321,8327,	
Conservación 1 668 1 5873,	
apertura 4 668 4 5070,6922,6986,7757,	
validez 1 668 1 5065,	
mezclarse 1 668 1 5049,	
Incompatibilidades 1 668 1 5044,	
Lote 1 668 1 5644,	
Hidróxido 2 668 2 5035,5501,	
ajustar 3 668 3 5032,5039,6066,	
málico 3 668 3 5030,5500,7821,	
Ácido 2 668 2 5029,5499,	
12 2 668 2 5028,5633,	
purificada 3 668 3 5027,5498,7819,	
Agua 1 668 1 5026,	
Lista 1 668 1 5023,	
	6 1 668 1 5021,	
FARMACÉUTICOS 1 668 1 5020,	
roedores 1 668 1 5017,	
evidentes 1 668 1 5015,	
tolerancia 2 668 2 5002,5008,	
conflictivos 1 668 1 4998,	
resultados 1 668 1 4997,	
producido 1 668 1 4996,	
elevada) 1 668 1 6055,	
GABA-miméticos 1 668 1 4986,	
determinados 1 668 1 4984,	
morfina 1 668 1 4982,	
aspectos 1 668 1 4976,	
único 1 668 1 4972,	
discriminativo 1 668 1 4971,	
estímulo 1 668 1 4970,	
+45 1 668 1 8143,	
muestran 1 668 1 4965,	
discriminación 1 668 1 4962,	
fetotoxicidad 1 668 1 4959,	
desarrollo 1 668 1 4948,	
asociación 1 668 1 4942,	
establecer 1 668 1 4940,	
descendencia 1 668 1 4924,	
perinatal 1 668 1 4915,	
mg/kg/día 1 668 1 4899,	
expuestas 1 668 1 4894,	
embrio-fetal 1 668 1 4891,	
esperma 1 668 1 4886,	
parámetros 1 668 1 4884,	
tumores 1 668 1 4869,	
identificaron 1 668 1 4868,	
carcinogenicidad 1 668 1 4859,	
altas 2 668 2 4853,4936,	
mortalidad 2 668 2 4848,4914,	
interpretación 1 668 1 4843,	
ligero 1 668 1 4835,	
ratones 2 668 2 4831,4992,	
carcinogénico 1 668 1 4824,	
NTP 1 668 1 4821,	
clasificado 1 668 1 4818,	
veces) 1 668 1 4815,	
64 3 668 3 4814,4903,8104,	
esperadas 1 668 1 4807,	
profármaco 1 668 1 4797,	
(GBL) 1 668 1 4796,	
Butironolactona 1 668 1 4795,	
Gamma 1 668 1 4794,	
vivo 1 668 1 4789,	
farmacia 1 668 1 5605,	
clastogénico 1 668 1 4785,	
mutagénico 1 668 1 4783,	
NOEL 1 668 1 4770,	
exposiciones 1 668 1 4764,	
órganos 1 668 1 4762,	
corporal 2 668 2 4753,4757,	
desagües 1 668 1 7769,	
secundarios 2 668 2 4749,6226,	
estuvieron 1 668 1 4738,	
envases 1 668 1 7782,	
relacionados 3 668 3 4734,4740,4870,	
patológica 1 668 1 4730,	
macro 1 668 1 4728,	
micro- 1 668 1 4726,	
hallazgo 1 668 1 4717,	
produjo 1 668 1 4715,	
Vacíe 1 668 1 6989,	
(52 1 668 1 4712,	
semanas) 2 668 2 4709,4713,	
(90 1 668 1 4705,	
preclínicos 1 668 1 4693,	
Raza 1 668 1 4673,	
disfunción 1 668 1 4667,	
minutos) 1 668 1 4650,	
basura 1 668 1 7773,	
22 4 668 4 4649,5751,8183,8318,	
59 1 668 1 4645,	
(t1/2 1 668 1 4642,	
control 1 668 1 4641,	
sujetos 1 668 1 4640,	
considerablemente 1 668 1 4625,	
(con 1 668 1 4617,	
ADMINISTRACIÓN 3 668 3 5522,5684,5695,	
C 2 668 2 4616,4633,	
tampones 1 668 1 7872,	
ascitis) 2 668 2 4610,4618,	
Clase 4 668 4 4607,4615,4632,4635,	
ml/min/kg 2 668 2 4592,4602,	
reducido 2 668 2 4588,4744,	
cirróticos 1 668 1 4582,	
Lyne 1 668 1 5343,	
AUC 1 668 1 4576,	
valores 1 668 1 4574,	
mg/kg 1 668 1 4572,	
representante 2 668 2 7978,8024,	
detenidamente 2 668 2 5761,6783,	
monos 1 668 1 4994,	
paso) 1 668 1 4564,	
69 1 668 1 8260,	
hepático 1 668 1 4561,	
(metabolismo 1 668 1 4560,	
sufre 5 668 5 4555,5827,6104,6141,7658,	
Enfermedad 1 668 1 4549,	
EFICAZ 1 668 1 5445,	
renal; 1 668 1 4529,	
farmacocinético 1 668 1 4521,	
estudio 2 668 2 4520,4857,	
papel 1 668 1 4506,	
riñón 2 668 2 4502,6060,	
Renal 1 668 1 4498,	
Insuficiencia 1 668 1 4497,	
pediátricos 1 668 1 4480,	
avanzadas 1 668 1 4462,	
Poblaciones 1 668 1 4457,	
excreción 2 668 2 4452,4510,	
humana 2 668 2 4440,4907,	
orina 3 668 3 4439,6144,7532,	
inalterado 1 668 1 4436,	
5% 1 668 1 4432,	
través 1 668 1 4423,	
eliminado 1 668 1 4421,	
completamente 1 668 1 4412,	
realiza 1 668 1 4410,	
aclaramiento 2 668 2 4404,4585,	
	UCB 1 668 1 5228,	
cruzada 1 668 1 5009,	
Eliminación 1 668 1 4402,	
dificultan 1 668 1 4841,	
alcanzados 1 668 1 4398,	
elevados 1 668 1 4395,	
Qué 1 668 1 5851,	
Estos 1 668 1 4390,	
[378 1 668 1 4386,	
mM 1 668 1 4385,	
evaluado 1 668 1 4677,	
CYP3A 1 668 1 4380,	
CYP2E1 1 668 1 4378,	
CYP2D6 1 668 1 4377,	
CYP2C19 1 668 1 4376,	
CYP2C9 1 668 1 4375,	
identificado 1 668 1 4346,	
(jeringa 1 668 1 5190,	
formación 1 668 1 4336,	
dar 1 668 1 4332,	
cítrico 1 668 1 4330,	
incorpora 1 668 1 4325,	
CoA 1 668 1 4321,	
Acetil 1 668 1 4320,	
4-dihidroxibutirato 1 668 1 4318,	
alternativa 1 668 1 4310,	
-cetoglutarato 1 668 1 4307,	
semialdehido 1 668 1 4302,	
transhidrogenasa 1 668 1 4296,	
mitocondrial 1 668 1 4294,	
oxidoreductasa 1 668 1 4293,	
Krebs 1 668 1 4280,	
succínico 3 668 3 4267,4275,4303,	
biotransformado 1 668 1 4264,	
semialdehído 2 668 2 4261,4271,	
quitará 1 668 1 6826,	
succinato 2 668 2 4260,4270,	
conversión 2 668 2 4254,4300,	
cataliza 2 668 2 4252,4298,	
NADP+ 1 668 1 4247,	
ligada 1 668 1 4245,	
citosólica 1 668 1 4244,	
-oxidación 2 668 2 4237,4315,	
polipropileno 1 668 1 5197,	
secundariamente 1 668 1 4235,	
ciclo 3 668 3 4229,4279,4327,	
dióxido 4 668 4 4222,4285,4338,4416,	
produciendo 1 668 1 4221,	
principal 1 668 1 4214,	
Metabolismo 1 668 1 4203,	
260 1 668 1 8235,	
proteínas 1 668 1 4201,	
unido 1 668 1 4199,	
presenta 3 668 3 4198,6002,7829,	
firmemente 1 668 1 6929,	
1% 1 668 1 4196,	
exactamente 1 668 1 6591,	
(microgramos)/ml 1 668 1 4193,	
300 2 668 2 4191,8298,	
Con 1 668 1 4182,	
ml/kg 1 668 1 4181,	
190-384 1 668 1 4180,	
distribución 1 668 1 4177,	
Tlf 1 668 1 8115,	
aparente 2 668 2 4175,4587,	
volumen 1 668 1 4174,	
hidrófilo 1 668 1 4171,	
compuesto 3 668 3 4170,4873,5125,	
Distribución 1 668 1 4163,	
37% 1 668 1 4160,	
(AUC) 1 668 1 4157,	
58% 1 668 1 4148,	
(Cmax) 1 668 1 4145,	
h) 1 668 1 4136,	
h 1 668 1 4132,	
resultado 1 668 1 4121,	
grasa 1 668 1 4118,	
inmediatamente 3 668 3 4111,6163,7282,	
(tanto 1 668 1 6148,	
únicas 1 668 1 4099,	
proporcionalmente 1 668 1 4093,	
Convulsión 1 668 1 7639,	
aumentan 1 668 1 4080,	
plasmáticos 1 668 1 4075,	
(hacia 2 668 2 6852,7152,	
niveles 2 668 2 4074,4391,	
farmacocinéticos 1 668 1 4068,	
ocho 1 668 1 4066,	
osciló 1 668 1 4058,	
fuera 3 668 3 5543,5705,7683,	
máxima 2 668 2 4056,4144,	
plasmática 2 668 2 4055,4143,	
concentración 2 668 2 4054,4142,	
respectivamente 2 668 2 4047,4619,	
142 1 668 1 4043,	
78 1 668 1 4041,	
administradas 1 668 1 4036,	
equivalentes 1 668 1 4035,	
535 1 668 1 8273,	
pico) 1 668 1 4020,	
2º 1 668 1 4019,	
medias 1 668 1 4016,	
máximas 1 668 1 4015,	
alegría 1 668 1 5969,	
plasmáticas 2 668 2 4014,4202,	
perros 2 668 2 4711,4768,	
concentraciones 3 668 3 4013,4183,4382,	
25% 1 668 1 4011,	
aproximada 1 668 1 4009,	
necesite 1 668 1 6579,	
absoluta 1 668 1 4008,	
Absorción 1 668 1 3993,	
repetidas 1 668 1 3992,	
g) 1 668 1 3984,	
(~50%) 1 668 1 4773,	
duplica 1 668 1 3975,	
37 2 668 2 8103,8253,	
frente 2 668 2 3963,4648,	
curva 1 668 1 3962,	
área 1 668 1 3959,	
lineal 1 668 1 3956,	
hora 3 668 3 3951,6295,6723,	
metabolitos 2 668 2 3942,4347,	
disminuyen 3 668 3 3933,6309,6704,	
retrasan 1 668 1 3931,	
sensibilidad 1 668 1 7552,	
grasas 1 668 1 3930,	
ricas 1 668 1 3928,	
oral; 1 668 1 3925,	
Ireland 2 668 2 8238,8242,	
absorbe 3 668 3 3916,3999,6710,	
inferiores 1 668 1 3903,	
ningún 4 668 4 3896,4519,4536,4716,	
observó 2 668 2 3895,4956,	
similar 2 668 2 3880,4978,	
numéricamente 1 668 1 3879,	
p<0 1 668 1 3870,	
29 3 668 3 3858,8228,8328,	
medios/2 1 668 1 3855,	
prolongado 1 668 1 3816,	
olvidó 2 668 2 7300,7304,	
continuada 1 668 1 3808,	
España 1 668 1 8187,	
evaluar 1 668 1 3805,	
designó 1 668 1 3802,	
estable 1 668 1 3795,	
continuar 1 668 1 3785,	
meses 1 668 1 3779,	
44 3 668 3 3778,8204,8229,	
0008 1 668 1 3758,	
-16 1 668 1 3756,	
0529 1 668 1 3749,	
-10 1 668 1 3747,	
23 3 668 3 3745,3754,6161,	
31 1 668 1 3744,	
pérdidas 3 668 3 6142,7529,7622,	
5235 1 668 1 3740,	
-4 1 668 1 3730,	
20 4 668 4 3728,3736,8076,8186,	
controlar 1 668 1 6331,	
33 4 668 4 3727,3735,3753,8224,	
Ataques 2 668 2 3714,3854,	
semana) 1 668 1 3679,	
severa 1 668 1 3671,	
hinchazón 1 668 1 7537,	
moderada 2 668 2 3669,6183,	
narcolépticos 2 668 2 3665,3767,	
incluyeron 2 668 2 3662,3764,	
004 1 668 1 3650,	
Modafinilo 2 668 2 3641,3655,	
(56) 1 668 1 3629,	
ENSAYO 1 668 1 3617,	
objetiva 1 668 1 3605,	
restantes 1 668 1 3590,	
folleto 1 668 1 8003,	
aumentó 2 668 2 3582,4128,	
primeras 1 668 1 3578,	
equivalente 2 668 2 3562,3571,	
Durante 1 668 1 3543,	
+ 20 668 20 3529,3654,8070,8078,8092,8116,8137,8180,8199,8206,8223,8232,8249,8256,8276,8295,8301,8316,8323,8342,	
respondedores 1 668 1 3500,	
(1er 1 668 1 4017,	
considerando 1 668 1 3497,	
analizaron 1 668 1 3496,	
*Los 1 668 1 3492,	
(54 1 668 1 3488,	
30 3 668 3 3480,3487,8237,	
002 1 668 1 3477,	
1) 2 668 2 3475,6932,	
cansancio 1 668 1 7517,	
(47 2 668 2 3474,3481,	
32 4 668 4 3473,4647,8119,8145,	
7) 1 668 1 3468,	
(21 1 668 1 3467,	
Respondedores* 1 668 1 3453,	
<0 3 668 3 3436,3483,3490,	
13 4 668 4 3432,3466,5257,5640,	
(55) 3 668 3 3429,3486,3640,	
-2 3 668 3 3424,3434,3634,	
(63) 3 668 3 3419,3479,3642,	
119 1 668 1 3417,	
15 3 668 3 3412,3422,5656,	
(68) 2 668 2 3409,3472,	
-0 2 668 2 3404,3647,	
16 2 668 2 3402,5660,	
17 5 668 5 3400,3410,3420,3430,5455,	
(60) 2 668 2 3399,3465,	
p) 2 668 2 3397,3463,	
(valor 2 668 2 3396,3462,	
(n)] 2 668 2 3392,3459,	
comparado 2 668 2 3391,3458,	
hacerse 1 668 1 6886,	
final 2 668 2 3384,3623,	
implica 1 668 1 4241,	
referencia 5 668 5 3382,3390,3393,3457,3684,	
Punto 5 668 5 3380,3383,3622,3718,3845,	
0-24) 1 668 1 3369,	
procede 1 668 1 5449,	
EES 1 668 1 3358,	
655 1 668 1 8352,	
(CGI-c) 1 668 1 3352,	
usando 1 668 1 3342,	
severidad 1 668 1 3329,	
(EES) 1 668 1 3323,	
Epworth 2 668 2 3322,3366,	
cambios 3 668 3 3310,4748,6235,	
Caja 1 668 1 5472,	
primarias 1 668 1 3305,	
escalada 1 668 1 3300,	
semana 1 668 1 3298,	
periodo 3 668 3 3295,3545,4928,	
incluyó 1 668 1 3287,	
Funcionales 1 668 1 3279,	
FOSQ 1 668 1 3276,	
Cambio; 1 668 1 3275,	
Clínica 2 668 2 3273,3349,	
Global 2 668 2 3272,3348,	
regla 1 668 1 4428,	
Impresión 2 668 2 3271,3347,	
involuntarias; 1 668 1 3268,	
embarazada 1 668 1 6439,	
diurnas 1 668 1 3267,	
siestas 1 668 1 3266,	
Número 3 668 3 3264,3712,3843,	
vigilia; 1 668 1 3261,	
Test 1 668 1 3256,	
MWT 3 668 3 3254,3607,3612,	
Epworth; 1 668 1 3253,	
ESS 1 668 1 3248,	
excesiva; 1 668 1 3247,	
Somnolencia 4 668 4 3245,3252,3321,3365,	
Ninguno 1 668 1 3236,	
55 2 668 2 3235,3765,	
Su 2 668 2 6635,7987,	
Siestas 2 668 2 3225,3262,	
(ESS)/CGI-c/ 1 668 1 3224,	
136 2 668 2 3222,3663,	
Cataplejía 2 668 2 3221,3234,	
­ 10 668 10 3217,3244,3249,3255,3263,3270,3277,3777,4158,4812,	
Arquitectura 1 668 1 3209,	
punto 5 668 5 3377,3387,3452,3626,3682,	
231 1 668 1 3208,	
(MWT) 1 668 1 3207,	
sueño/ 1 668 1 3203,	
CGI-c 4 668 4 3202,3269,3442,3494,	
MWT/Arquitectura 1 668 1 3193,	
246 2 668 2 3192,3288,	
(ESS); 1 668 1 3191,	
Primaria 1 668 1 3184,	
Secundaria 1 668 1 3181,	
Eficacia 2 668 2 3179,3180,	
N= 1 668 1 3177,	
carcinógeno 1 668 1 4828,	
Sodio 1 668 1 3170,	
(60 1 668 1 7027,	
utilizando 2 668 2 3166,6253,	
Clínicos 1 668 1 3164,	
Ensayos 1 668 1 3163,	
Resultados 4 668 4 3161,3278,3706,3838,	
Resumen 7 668 7 3159,3355,3440,3610,3704,3836,5425,	
Tabla 6 668 6 3157,3353,3438,3608,3702,3834,	
tarde 4 668 4 3156,6687,7115,7181,	
segunda 8 668 8 3147,4291,6678,6700,7080,7104,7195,7324,	
administraba 1 668 1 3139,	
48 2 668 2 8140,8181,	
dividía 1 668 1 3130,	
excepción 1 668 1 3119,	
retiraron 1 668 1 3106,	
2); 1 668 1 3104,	
fase 1 668 1 3098,	
(media 1 668 1 3672,	
(excepto 1 668 1 3095,	
incluirse 1 668 1 3080,	
requisito 1 668 1 3078,	
Ensayo 21 668 21 3070,3103,3121,3178,3188,3204,3219,3232,3285,3361,3445,3510,3615,3659,3709,3716,3761,3799,3841,3852,3874,	
placebo 7 668 7 3055,3395,3461,3532,3561,3570,3797,	
paralelos 1 668 1 3051,	
grupos 2 668 2 3050,4851,	
ciego 2 668 2 3048,3547,	
incluyendo 1 668 1 7504,	
doble 4 668 4 3047,3546,4579,7343,	
aleatorizados 2 668 2 3045,3783,	
incrementó 1 668 1 4917,	
multicéntricos 1 668 1 3044,	
7000 1 668 1 8274,	
cuatro 2 668 2 3042,4038,	
efectividad 1 668 1 3024,	
incluidos 1 668 1 3012,	
80% 1 668 1 3008,	
Más 1 668 1 3006,	
aclarar 1 668 1 3005,	
United 1 668 1 8332,	
pueda 1 668 1 6522,	
aún 1 668 1 3003,	
mecanismos 1 668 1 3000,	
implicados 1 668 1 2998,	
REM 1 668 1 2993,	
períodos 1 668 1 2990,	
inicio 1 668 1 2988,	
fases 1 668 1 2971,	
consolidando 2 668 2 2956,5890,	
(delta) 1 668 1 2954,	
lenta 1 668 1 2953,	
onda 1 668 1 2952,	
promoviendo 1 668 1 2948,	
actúa 2 668 2 2947,5889,	
parece 1 668 1 2941,	
produce 5 668 5 2936,4889,4968,6198,6555,	
latencia 1 668 1 2980,	
exacto 2 668 2 2928,5901,	
mecanismo 2 668 2 2927,5898,	
fragmentado 1 668 1 2922,	
gestantes) 1 668 1 4912,	
nocturno 4 668 4 2921,2959,2968,5893,	
reduciendo 1 668 1 2918,	
arquitectura 1 668 1 2915,	
modifica 1 668 1 2913,	
Cómo 1 668 1 5865,	
diurna 5 668 5 2903,3246,3314,3539,3600,	
excesiva 4 668 4 2901,3315,3601,7253,	
reduce 2 668 2 2899,2984,	
hidroxibutírico 1 668 1 2888,	
ácido 6 668 6 2887,4231,4266,4274,4329,7820,	
N07XX04 1 668 1 2886,	
ATC 1 668 1 2885,	
Frasco 2 668 2 5113,5513,	
código 1 668 1 2884,	
feocromocitomas 1 668 1 4839,	
promedio 1 668 1 4178,	
primaria 4 668 4 3593,3687,3819,4240,	
farmacoterapéutico 1 668 1 2878,	
Grupo 4 668 4 2877,3370,3447,3619,	
Propiedades 2 668 2 2875,3909,	
	5 1 668 1 2873,	
ESTE 1 668 1 2871,	
FARMACOLÓGICAS 1 668 1 2869,	
PROPIEDADES 1 668 1 2868,	
rápido 1 668 1 2861,	
Danmark 1 668 1 8106,	
extracorpórea 1 668 1 2842,	
reducción 1 668 1 4139,	
hemodiálisis 1 668 1 2836,	
estudiado 4 668 4 2832,4097,4466,4484,	
sobredosis 3 668 3 2826,2846,7239,	
mostrándole 1 668 1 8009,	
naloxona 1 668 1 2820,	
recomendar 2 668 2 2816,2856,	
suficientes 1 668 1 2814,	
centrales 1 668 1 2806,	
3WE 3 668 3 5237,5630,7931,	
reversión 1 668 1 2800,	
esperar 3 668 3 2799,4092,4535,	
flumazenilo 1 668 1 2796,	
Tras 5 668 5 2792,4069,4565,5068,5073,	
sedantes) 1 668 1 2791,	
consulte 1 668 1 5786,	
(sin 2 668 2 2787,4609,	
rápida 1 668 1 2783,	
inducción 1 668 1 2782,	
considerarse 1 668 1 2780,	
mayores 2 668 2 4475,6187,	
activa 1 668 1 2772,	
apareamiento 1 668 1 4880,	
profundo 1 668 1 2763,	
nauseoso 1 668 1 2755,	
FIGURAR 1 668 1 5462,	
mediante 3 668 3 2750,3317,4227,	
miedo 1 668 1 5968,	
aérea 1 668 1 2749,	
protección 1 668 1 2745,	
izquierdo) 1 668 1 2742,	
lateral 1 668 1 2741,	
(decúbito 1 668 1 2740,	
adecuada 1 668 1 2739,	
posición 4 668 4 2738,6871,6972,7064,	
producirse 2 668 2 2728,6224,	
gástrico 1 668 1 2722,	
lavado 1 668 1 2721,	
sustancias 1 668 1 2715,	
sospecha 1 668 1 2709,	
intravenosa 1 668 1 2706,	
+44 1 668 1 8348,	
559 2 668 2 8058,8065,	
atropina 1 668 1 2705,	
responde 1 668 1 2700,	
abierto 1 668 1 7740,	
intactos 1 668 1 2697,	
tendinosos 1 668 1 2696,	
reflejos 1 668 1 2695,	
supone 1 668 1 4313,	
muscular 2 668 2 2691,5954,	
hipotonía 1 668 1 2690,	
bioquímica 1 668 1 4721,	
así 3 668 3 2687,5005,5936,	
inconsciencia 1 668 1 2686,	
acompañarse 1 668 1 2684,	
hipotermia 1 668 1 2682,	
bradicardia 2 668 2 2680,2699,	
elimina 1 668 1 3937,	
artificial 1 668 1 2670,	
ventilación 1 668 1 2669,	
intubación 3 668 3 2667,2751,2775,	
necesaria 1 668 1 2665,	
amenazada 1 668 1 2663,	
verse 2 668 2 2662,6287,	
podría 1 668 1 2661,	
vida 1 668 1 2660,	
situaciones 1 668 1 2654,	
visto 1 668 1 2651,	
Hay 1 668 1 2639,	
tónico-clónicos 1 668 1 2638,	
general 4 668 4 3330,4429,4882,6178,	
ataques 6 668 6 2637,3675,3699,3831,5924,7373,	
opere 1 668 1 6565,	
mioclonías 2 668 2 2635,7618,	
profundidad 3 668 3 2629,2645,7642,	
elevadas 1 668 1 2621,	
A 15 668 15 2618,4608,4636,5289,5310,5456,5668,6908,8045,8051,8192,8217,8220,8289,8309,	
También 2 668 2 2612,2995,	
disminuidas 1 668 1 2611,	
resistentes 1 668 1 5203,	
psicomotrices 1 668 1 2610,	
habilidades 1 668 1 2609,	
presistémico 1 668 1 4558,	
cefalea 1 668 1 2607,	
alterado) 1 668 1 2605,	
(incluso 1 668 1 2600,	
observar 1 668 1 2598,	
coma 4 668 4 2595,2631,2762,7264,	
ataxia 1 668 1 2593,	
agitado 1 668 1 2591,	
combativo 1 668 1 2590,	
deban 1 668 1 6065,	
confusional 1 668 1 2589,	
Sverige 1 668 1 8306,	
rápidamente 3 668 3 2585,3917,4000,	
establecida 1 668 1 3558,	
fluctuar 1 668 1 2584,	
conciencia 4 668 4 2581,2604,2733,7258,	
grados 1 668 1 2576,	
diferentes 1 668 1 2575,	
abajo 1 668 1 6841,	
derivan 1 668 1 2538,	
parte 1 668 1 2535,	
sobredosificación 1 668 1 2526,	
asociados 2 668 2 2523,2557,	
Sobredosis 1 668 1 2515,	
normal 1 668 1 2455,	
variabilidad 1 668 1 2454,	
elevada 3 668 3 2437,4847,7630,	
caídas 2 668 2 2425,7538,	
terapéuticos 1 668 1 2423,	
procedimientos 1 668 1 2422,	
(57) 1 668 1 3656,	
complicaciones 1 668 1 2420,	
traumáticas 1 668 1 2417,	
Lesiones 1 668 1 2416,	
sanguínea 2 668 2 2415,7629,	
presión 7 668 7 2414,5152,6882,6928,7132,7628,7860,	
aumento 3 668 3 2411,4754,4836,	
peso 6 668 6 2410,4752,4756,4759,4920,7613,	
pérdida 5 668 5 2408,2731,5956,6232,7611,	
Investigaciones 1 668 1 2405,	
periférico 1 668 1 2404,	
edema 1 668 1 2403,	
embriaguez 2 668 2 2402,7520,	
sensación 3 668 3 2400,7518,7556,	
fatiga 1 668 1 2399,	
65 1 668 1 4477,	
astenia 1 668 1 2398,	
lugar 2 668 2 2394,4333,	
generales 1 668 1 2389,	
enuresis 1 668 1 2384,	
urinarios 1 668 1 2382,	
renales 2 668 2 2380,6363,	
artralgia 1 668 1 2378,	
musculares 3 668 3 2377,7536,7620,	
calambres 2 668 2 2376,7535,	
huesos 1 668 1 2374,	
microgramos)/ml] 1 668 1 4389,	
musculoesqueléticos 1 668 1 2367,	
urticaria 2 668 2 2365,7645,	
local 2 668 2 7979,8025,	
disminuyó 1 668 1 4925,	
erupción 2 668 2 2362,7626,	
sudoración 4 668 4 2359,2606,7252,7533,	
PVC 1 668 1 5138,	
001 5 668 5 3427,3437,3484,3491,3871,	
subcutáneo 1 668 1 2357,	
tejido 2 668 2 2356,2369,	
piel 1 668 1 2353,	
diarrea 2 668 2 2345,7512,	
(de 1 668 1 3978,	
abdominal 1 668 1 2343,	
vómitos 3 668 3 2341,7257,7508,	
raza 1 668 1 4682,	
hombres) 1 668 1 2339,	
(la 2 668 2 2329,4125,	
gastrointestinales 1 668 1 2325,	
ronquidos 2 668 2 2319,7574,	
mediastínicos 1 668 1 2316,	
torácicos 1 668 1 2314,	
quite 1 668 1 7182,	
vasculares 1 668 1 2309,	
borrosa 4 668 4 2307,2617,7251,7507,	
visión 4 668 4 2306,2616,7250,7506,	
oculares 1 668 1 2304,	
convulsión 1 668 1 2302,	
inquietas 2 668 2 2299,7610,	
amnesia 2 668 2 2295,7614,	
sedación 3 668 3 2291,4742,7559,	
parestesia 1 668 1 2290,	
hipoestesia 1 668 1 2289,	
temblor 1 668 1 2282,	
parálisis 4 668 4 2278,5939,5953,7521,	
Muy 2 668 2 2271,2326,	
suicida 1 668 1 2266,	
insomio 1 668 1 2261,	
CONDICIONES 6 668 6 5304,5388,5395,5435,5572,5647,	
anormal 5 668 5 2255,6159,7394,7558,7598,	
aconsejable 1 668 1 4652,	
Poco 5 668 5 2250,2292,2346,2360,2406,	
auto-administración 1 668 1 4989,	
nerviosismo 2 668 2 2249,7567,	
mantenimiento 2 668 2 2248,3258,	
pesadillas 2 668 2 2235,7527,	
(ESS; 1 668 1 3367,	
desorientación 1 668 1 2234,	
anormales 2 668 2 2232,7516,	
sueños 2 668 2 2231,7515,	
anorexia 2 668 2 2227,7513,	
Frecuentes 12 668 12 2226,2230,2277,2305,2310,2317,2340,2358,2375,2383,2397,2424,	
metabolismo 5 668 5 2221,2862,4210,4557,4685,	
hipersensibilidad 1 668 1 2218,	
27 1 668 1 7799,	
ANTES 1 668 1 5974,	
conocidas 5 668 5 2217,2264,2301,2321,2364,	
microgramos)/ml 1 668 1 4046,	
inmunológico 1 668 1 2215,	
Trastornos 13 668 13 2212,2219,2228,2267,2303,2308,2312,2324,2350,2366,2379,2388,7501,	
disponibles) 1 668 1 2211,	
partir 2 668 2 2207,6766,	
estimarse 1 668 1 2205,	
(no 1 668 1 2203,	
conocida 2 668 2 2202,7637,	
1/10000) 1 668 1 2199,	
(< 1 668 1 2198,	
1/1000); 1 668 1 2195,	
1/10000 1 668 1 2193,	
1/100); 1 668 1 2190,	
1/1000 1 668 1 2188,	
1/100 1 668 1 2181,	
1/10); 2 668 2 2178,2184,	
( 6 668 6 2177,2180,2187,2192,4045,4388,	
Frecuencia 1 668 1 2173,	
20% 1 668 1 2169,	
10% 1 668 1 2167,	
presentes 1 668 1 2164,	
Agregue 1 668 1 7016,	
mencionados 1 668 1 5055,	
mareo 3 668 3 2158,2273,7492,	
son 6 668 6 2157,4392,6170,6175,7029,7817,	
notificadas 1 668 1 2153,	
leve 1 668 1 6181,	
reacciones 1 668 1 2151,	
Las 6 668 6 2150,3303,4012,4763,6477,6775,	
adversas 2 668 2 2149,2152,	
Reacciones 1 668 1 2148,	
8 9 668 9 2147,3195,3213,3549,3646,3971,4444,5240,5565,	
DISPENSACIÓN 2 668 2 5399,5650,	
requerir 1 668 1 2141,	
peligrosa 3 668 3 2139,6524,6577,	
resultar 2 668 2 2138,6576,	
pudiera 3 668 3 2137,6443,6575,	
tarea 1 668 1 2135,	
pesada 3 668 3 2129,6516,6568,	
Cheyne-Stokes 1 668 1 2676,	
manejo 1 668 1 2126,	
vehículos 1 668 1 2125,	
conducción 1 668 1 2123,	
extremo 1 668 1 2120,	
EDS 4 668 4 3190,3206,3223,3243,	
ensayo 4 668 4 3083,3125,3693,3825,	
cuidado 3 668 3 2119,6027,6562,	
siguiente 2 668 2 2115,6559,	
día 3 668 3 2114,6558,7714,	
Foster 2 668 2 5356,7956,	
compararon 1 668 1 3513,	
induce 1 668 1 2109,	
les 1 668 1 2108,	
descubren 1 668 1 2104,	
comienzan 1 668 1 2096,	
Desde 1 668 1 2092,	
coordinación 1 668 1 2072,	
alerta 4 668 4 2068,2143,6528,6583,	
requieran 1 668 1 2066,	
emprender 1 668 1 2063,	
influencia 1 668 1 2050,	
adaptador 4 668 4 5150,6880,6896,7856,	
gran 1 668 1 2049,	
máquinas 4 668 4 2042,2058,6501,6510,	
utilizar 6 668 6 2041,2057,2075,5530,5701,6494,	
conducir 4 668 4 2039,2055,2078,7262,	
capacidad 2 668 2 2037,2053,	
DIRECCIÓN 1 668 1 5613,	
7 9 668 9 2033,2516,3403,3413,3635,3776,5221,5553,7170,	
oponerse 1 668 1 2769,	
materna 3 668 3 2021,4952,6476,	
leche 2 668 2 2020,6475,	
excreta 1 668 1 2017,	
http 2 668 2 5284,8388,	
conoce 2 668 2 2010,2925,	
ETIQUETADO 2 668 2 5452,5457,	
Lactancia 1 668 1 2007,	
recuerde 1 668 1 7313,	
-7 1 668 1 3738,	
fetal/neonatal 1 668 1 1990,	
malformativa 1 668 1 1988,	
toxicidad 3 668 3 1987,4890,4951,	
segundo 4 668 4 1979,7013,7186,7208,	
embarazadas 2 668 2 1976,6428,	
mujeres 3 668 3 1975,2336,6427,	
limitados 1 668 1 1973,	
Datos 2 668 2 1972,4692,	
embarazo 4 668 4 1971,1984,2006,6458,	
trimestre 2 668 2 1969,1982,	
tricarboxílico 1 668 1 4232,	
primer 3 668 3 1968,4563,7128,	
Leer 1 668 1 5525,	
datos 4 668 4 1957,2210,2537,3493,	
dispone 1 668 1 1955,	
3) 2 668 2 1952,7007,	
adecuados 1 668 1 1958,	
conejos 2 668 2 1948,4954,	
comercialización; 1 668 1 7921,	
ratas 7 668 7 1946,4704,4766,4826,4861,4893,4991,	
embrioletalidad 1 668 1 1942,	
teratogenicidad 1 668 1 1936,	
consta 1 668 1 5156,	
evidencias 1 668 1 1934,	
mostrado 3 668 3 1933,2574,5014,	
raro 1 668 1 6006,	
lactancia 5 668 5 1926,2026,4930,6418,6485,	
Embarazo 3 668 3 1924,1927,6416,	
tricíclicos 1 668 1 1921,	
4847 1 668 1 8141,	
incrementa 2 668 2 1911,3968,	
prueba 4 668 4 6814,7066,7139,7874,	
media 4 668 4 4127,4150,4162,4643,	
adversos 12 668 12 1910,2492,2556,5825,5871,7427,7445,7487,7498,7577,7633,7656,	
maquinaria 4 668 4 2076,2128,6515,6567,	
aditivo 1 668 1 1897,	
usado 3 668 3 1882,5609,7751,	
noche 6 668 6 1879,3141,6368,6397,6668,7338,	
cardíacos 1 668 1 6361,	
presencia 1 668 1 4305,	
alteración 2 668 2 1873,2286,	
evaluó 1 668 1 1870,	
aproximadamente 3 668 3 1858,7018,7030,	
agentes 1 668 1 1853,	
Escala 3 668 3 3250,3319,3363,	
asociada 2 668 2 1851,2712,	
administrado 3 668 3 1848,2964,3520,	
realizado 2 668 2 1836,4518,	
etosuximida) 1 668 1 1832,	
fenitoina 1 668 1 1830,	
valproato 1 668 1 1829,	
Lifepharma 1 668 1 8307,	
enzima 3 668 3 1826,4243,4292,	
Después 1 668 1 6855,	
[g/día 2 668 2 3379,3455,	
inhiben 1 668 1 1824,	
36-(1) 1 668 1 8079,	
estimulan 1 668 1 1822,	
hay 2 668 2 1813,2812,	
hepáticas 2 668 2 1796,4373,	
isoenzimas 2 668 2 1795,4372,	
principalmente 2 668 2 3938,4739,	
actividades 3 668 3 1792,2064,4369,	
significativa 2 668 2 1790,4456,	
inhibe 2 668 2 1787,4366,	
antidepresivos 4 668 4 1883,1900,1920,3108,	
humanos 5 668 5 1779,1841,4358,4776,4809,	
hepáticos 2 668 2 1778,4357,	
microsomas 2 668 2 1777,4356,	
agregados 2 668 2 1775,4354,	
26 3 668 3 3866,4708,7395,	
in-vitro 1 668 1 1773,	
Estudios 5 668 5 1772,1928,4204,4960,4987,	
protones 1 668 1 1771,	
(PIBA) 1 668 1 7861,	
bomba 1 668 1 1769,	
(SOREMPs) 1 668 1 2994,	
inhibidores 1 668 1 1766,	
manera 3 668 3 1763,1850,2771,	
aparecen 1 668 1 6174,	
administra 2 668 2 1761,1914,	
dosificación 1 668 1 1748,	
significativo 4 668 4 1739,4507,4559,4718,	
ligera 1 668 1 4958,	
clínicamente 1 668 1 1738,	
gástrico) 1 668 1 1733,	
pH 3 668 3 1732,5034,5041,	
altera 2 668 2 1730,3989,	
(medicamento 1 668 1 1728,	
omeprazol 1 668 1 1727,	
combinada 1 668 1 1725,	
termopolímero 1 668 1 5173,	
farmacodinámicas 2 668 2 1719,2876,	
interacciones 1 668 1 1718,	
valorado 1 668 1 1717,	
Toma 1 668 1 6266,	
incorporó 1 668 1 3293,	
(psicoestimulante) 1 668 1 1711,	
modafinilo 4 668 4 1710,3524,3530,3554,	
USO 3 668 3 5401,5599,5659,	
(hipnótico) 1 668 1 1708,	
zolpidem 1 668 1 1707,	
Deutschland 1 668 1 8129,	
tartrato 1 668 1 1705,	
(antidepresivo) 1 668 1 1704,	
protriptilina 1 668 1 1703,	
clorhidrato 1 668 1 1701,	
farmacocinética 7 668 7 1693,1742,3953,3986,4468,4486,4544,	
retención 1 668 1 5171,	
F1 1 668 1 4933,	
demostraron 1 668 1 1690,	
conectivo 1 668 1 2370,	
estudios 6 668 6 1681,1837,1866,1944,4067,4350,	
u 2 668 2 1675,2837,	
graduado 1 668 1 5186,	
sedantes 1 668 1 1674,	
hipnóticos 1 668 1 1673,	
combinación 1 668 1 1671,	
usarse 2 668 2 1669,6205,	
1000 1 668 1 4898,	
alcohólica 1 668 1 1658,	
bebida 1 668 1 1657,	
ADVERTENCIA 1 668 1 5534,	
ámbar 3 668 3 5114,7842,7898,	
interacción 5 668 5 1622,1683,1692,1818,1839,	
Producto 1 668 1 5430,	
formas 2 668 2 1620,2839,	
medicamentos 12 668 12 1617,1722,1820,6021,6075,6100,6244,6260,7422,7762,7786,8395,	
Interacción 1 668 1 1613,	
psicóticos 2 668 2 1605,2507,	
alucinación 1 668 1 1602,	
somnolencia 10 668 10 1601,2281,2503,2902,3313,3538,3599,6556,7390,7524,	
ansiedad 5 668 5 1596,2242,2498,7385,7560,	
cabeza 8 668 8 1595,2163,2276,2497,6231,7256,7384,7495,	
dolor 11 668 11 1593,2161,2274,2342,2495,6229,7254,7382,7493,7509,7539,	
insomnio 7 668 7 1592,2243,2244,2494,5944,7381,7505,	
(Pharma) 1 668 1 8241,	
observaron 2 668 2 1589,2490,	
raras 4 668 4 1586,2191,2197,2487,	
AUTORIZACIÓN 9 668 9 5225,5243,5255,5293,5307,5391,5407,5618,5636,	
carbono 4 668 4 4224,4287,4340,4418,	
abstinencia 3 668 3 1584,2485,2561,	
narcolepsia/cataplejía 2 668 2 1575,2476,	
garantizar 1 668 1 2736,	
natural 1 668 1 1554,	
deberse 2 668 2 1549,2450,	
embargo 7 668 7 1546,1713,1938,2447,2852,2940,7470,	
386 1 668 1 8257,	
abandonar 2 668 2 1538,2439,	
reaparecer 2 668 2 1532,2432,	
biotransformación 2 668 2 4312,4414,	
valorados 1 668 1 1520,	
Dosis 2 668 2 3187,3711,	
retirada 1 668 1 1504,	
síndrome 5 668 5 1502,1582,2296,2483,2559,	
rebote 1 668 1 1500,	
Efecto 1 668 1 1499,	
epilepsia 2 668 2 1490,6105,	
crisis 2 668 2 1465,7266,	
epilépticos 1 668 1 1461,	
Niños 1 668 1 1431,	
vigilarse 1 668 1 1419,	
recibiendo 2 668 2 1414,6018,	
estén 1 668 1 1413,	
limitada 2 668 2 1394,2532,	
Existe 1 668 1 1390,	
sistémica 2 668 2 1354,4156,	
exposición 3 668 3 1353,4155,4906,	
ayudará 1 668 1 7793,	
conduce 1 668 1 6507,	
mayor 3 668 3 1352,2334,2534,	
Una 3 668 3 4290,4308,7738,	
aumentada 1 668 1 1346,	
semivida 3 668 3 1343,3945,4621,	
alterada 2 668 2 1331,7247,	
comprometida 1 668 1 1322,	
función 6 668 6 1320,1329,1339,1427,4528,4540,	
arterial 2 668 2 1318,6054,	
hipertensión 4 668 4 1317,2311,6052,6359,	
cardíaca 2 668 2 1316,6051,	
modificaciones 1 668 1 1303,	
inconscientes 1 668 1 2767,	
(dosis 1 668 1 1292,	
ml)) 2 668 2 1287,1299,	
tercer 1 668 1 1981,	
(para 1 668 1 1277,	
adicional 2 668 2 1269,5878,	
diaria 3 668 3 1268,3128,4027,	
recibirán 1 668 1 1265,	
Ingesta 1 668 1 1254,	
correspondan 1 668 1 1253,	
incompleta 1 668 1 3921,	
conjuntamente 1 668 1 1918,	
tomando 4 668 4 1249,3771,6280,7358,	
émbolo 2 668 2 6954,7004,	
adecuadamente 1 668 1 1248,	
analizados 1 668 1 1247,	
contrario 2 668 2 6846,7146,	
tenerse 2 668 2 1230,2717,	
ideación 1 668 1 2265,	
autolesión 1 668 1 1228,	
completo 1 668 1 6585,	
herida 1 668 1 1226,	
específico 1 668 1 1222,	
clínico 1 668 1 1221,	
trastorno 4 668 4 1220,5918,6004,7583,	
no-REM) 1 668 1 1215,	
pregunte 1 668 1 7407,	
ocurrida 1 668 1 1211,	
Sin 3 668 3 1712,2851,7469,	
(parasomnia 1 668 1 1210,	
verdadero 1 668 1 1208,	
corresponden 1 668 1 1206,	
eliminación 5 668 5 1345,2841,4216,4623,5213,	
claro 1 668 1 1197,	
sonambulismo 7 668 7 1183,1209,1237,1244,2236,6156,7528,	
I 1 668 1 5421,	
etiologías 1 668 1 1178,	
pertinentes 1 668 1 1175,	
pruebas 2 668 2 1174,2813,	
fecal 3 668 3 1162,2349,4453,	
urinaria 4 668 4 1160,2387,6149,7569,	
incontinencia 5 668 5 1159,2348,2386,6147,7568,	
recibían 1 668 1 3017,	
medio 7 668 7 2245,3373,3721,3848,4050,4921,7797,	
experimenta 1 668 1 1158,	
especialmente 1 668 1 1144,	
emesis 2 668 2 2599,2726,	
vigilando 2 668 2 1143,1374,	
supervisados 1 668 1 1142,	
suicidio 3 668 3 1139,2260,7603,	
depresiva 1 668 1 1135,	
enfermedad 3 668 3 1134,1557,2458,	
historial 1 668 1 1131,	
e 7 668 7 1125,2681,3292,4790,5943,6146,7822,	
cuidadosa 1 668 1 1124,	
requiere 3 668 3 1122,1757,5101,	
minuciosa 1 668 1 1110,	
inmediata 2 668 2 1108,1126,	
observación 2 668 2 1107,1127,	
requieren 1 668 1 1105,	
conducta 1 668 1 1097,	
anomalías 1 668 1 1094,	
pensamiento 5 668 5 1092,2254,6158,7393,7597,	
agitación 4 668 4 1086,2257,7244,7600,	
alucinaciones 9 668 9 1084,2256,2504,5942,6153,6239,7391,7588,7599,	
paranoia 3 668 3 1083,2253,7596,	
psicosis 2 668 2 1082,2252,	
incluyen 5 668 5 1081,7490,7500,7580,7638,	
Otros 2 668 2 1078,2879,	
apropiada 1 668 1 1077,	
Manteniendo 2 668 2 6867,6935,	
- 31 668 31 3200,3230,3241,3406,3469,3636,3731,4146,4151,5354,5769,5781,5792,5817,5981,5999,6014,6030,6038,6046,6069,6084,6101,6113,6298,6726,7813,7826,7954,8094,8278,	
individual 2 668 2 1076,7348,	
PRIMARIO 1 668 1 5471,	
intervención 1 668 1 1075,	
observados 1 668 1 1070,	
fecal) 1 668 1 6151,	
ocurre 1 668 1 1067,	
permanecen 2 668 2 1058,3002,	
confusión 4 668 4 1056,2233,6152,7245,	
grado 1 668 1 1054,	
Tmax 1 668 1 4126,	
percibir 1 668 1 1052,	
neuropsiquiátricos 2 668 2 1048,1080,	
Efectos 2 668 2 1047,2034,	
entregado 1 668 1 7993,	
riesgo 3 668 3 1043,1224,1815,	
incremento 3 668 3 1041,2626,4084,	
aumenta 2 668 2 2969,2978,	
dada 1 668 1 1037,	
retrasada 1 668 1 4124,	
mejoraron 1 668 1 3504,	
previa 1 668 1 2789,	
benzodiazepinas 1 668 1 1034,	
evitar 1 668 1 1029,	
Benzodiazepinas 1 668 1 1026,	
50 1 668 1 1012,	
cuenta 3 668 3 1008,1232,2719,	
2) 9 668 9 1002,1326,1362,1385,1800,4672,5083,5433,6976,	
incrementar 1 668 1 992,	
nocturna 2 668 2 989,2385,	
respiración 6 668 6 988,1876,2648,2674,4426,7573,	
hubo 1 668 1 980,	
estimulantes 4 668 4 973,1854,3022,3090,	
concomitante 5 668 5 971,1032,1764,3019,3088,	
(0)1-46 1 668 1 8252,	
recibieron 1 668 1 969,	
administró 1 668 1 961,	
deseados 1 668 1 6201,	
% 3 668 3 953,1013,1861,	
80 2 668 2 952,1860,	
Aproximadamente 1 668 1 950,	
subyacentes 2 668 2 949,1179,	
respiratorios 3 668 3 948,2313,6035,	
Deben 1 668 1 940,	
signos 3 668 3 933,2520,4732,	
valorar 1 668 1 928,	
ADVERSOS 1 668 1 7416,	
propia 2 668 2 1552,2453,	
recomendada) 1 668 1 925,	
epilépticas 1 668 1 1466,	
veces 4 668 4 921,3972,4904,6666,	
NO 1 668 1 5590,	
(dos 3 668 3 920,6297,6725,	
única 2 668 2 915,4568,	
(Ensayos 1 668 1 3056,	
ayunas 1 668 1 911,	
sanos 3 668 3 909,1688,4595,	
cabría 1 668 1 4091,	
observado 5 668 5 906,1464,1941,2564,2624,	
episodios 4 668 4 1021,1205,1242,6154,	
apnea 3 668 3 899,1023,2678,	
Además 1 668 1 887,	
vitro 3 668 3 884,4352,4792,	
in 4 668 4 883,4351,4788,4791,	
modelos 1 668 1 882,	
animales 5 668 5 880,1930,4206,4910,4932,	
porfirogénica 1 668 1 878,	
INFORMACIÓN 4 668 4 5459,5661,5667,7801,	
actividad 3 668 3 877,6520,6573,	
demostrado 1 668 1 876,	
larga 1 668 1 4627,	
considera 4 668 4 866,5819,7211,7650,	
Pacientes 6 668 6 858,1327,1386,1460,4459,4479,	
puesto 1 668 1 6900,	
producidos 1 668 1 847,	
VÍA(S) 1 668 1 5520,	
advertidos 2 668 2 843,1650,	
deberán 10 668 10 841,1005,1068,1140,1171,1245,1301,1648,2116,6482,	
Por 4 668 4 836,1404,4427,6713,	
INCLUIR 1 668 1 5669,	
depresores 5 668 5 829,1636,1677,2805,6076,	
potenciar 2 668 2 826,1633,	
alcohol 7 668 7 814,853,1627,4981,5011,6083,6277,	
central 2 668 2 808,1645,	
perjudicarles 1 668 1 5816,	
nervioso 4 668 4 807,1644,2270,2883,	
sistema 5 668 5 806,1643,2214,2269,2882,	
Depresión 2 668 2 804,885,	
180 5 668 5 5145,5515,5736,7844,7900,	
posibilidad 2 668 2 803,1039,	
excluir 3 668 3 801,1177,1893,	
reciben 2 668 2 791,1151,	
fertilidad 1 668 1 4881,	
comprometidas 1 668 1 2652,	
evidencia 3 668 3 782,1579,2481,	
existe 1 668 1 780,	
Aunque 5 668 5 778,1558,2459,2752,6167,	
terapéutico 2 668 2 777,2570,	
particularmente 1 668 1 7553,	
rango 3 668 3 774,2569,3368,	
superior 3 668 3 772,1536,2344,	
g/día) 1 668 1 771,	
inseguro 1 668 1 867,	
250 1 668 1 770,	
(18 3 668 3 768,1298,6648,	
mental 5 668 5 2069,2144,6529,6584,7584,	
repetida 2 668 2 767,4698,	
frecuencia 13 668 13 764,1535,1907,2156,2200,2330,2435,2643,2986,3696,3828,7635,7640,	
GHB 13 668 13 761,1610,1811,2512,2543,2553,2828,4249,4799,4874,4901,4967,5004,	
ilícito 3 668 3 759,2541,7480,	
notificado 5 668 5 752,1182,2615,2634,2673,	
positivos 1 668 1 749,	
casos 5 668 5 748,753,2640,7461,7474,	
aprobado 1 668 1 8367,	
seguimiento 1 668 1 745,	
estrecho 1 668 1 744,	
realizar 3 668 3 742,1172,2132,	
intoxicaciones 1 668 1 2418,	
antecedentes 1 668 1 736,	
clínica 2 668 2 731,4722,	
especialista 1 668 1 725,	
SNC 8 668 8 717,820,831,939,975,1679,1856,2897,	
depresor 3 668 3 715,818,2895,	
nocturnas 2 668 2 6145,7530,	
(GHB) 1 668 1 711,	
polipropileno) 1 668 1 5192,	
considerar 1 668 1 1302,	
hidroxibutirato 1 668 1 710,	
gamma 1 668 1 709,	
sódica 2 668 2 707,2551,	
sal 5 668 5 706,2550,6335,6347,6410,	
activo 6 668 6 698,714,3101,3112,3185,7808,	
principio 4 668 4 697,713,4531,7807,	
dependencia 4 668 4 695,755,787,7476,	
Potencial 1 668 1 691,	
respiratoria 10 668 10 690,886,897,903,936,1046,2323,2657,7249,7643,	
< 3 668 3 2183,2189,2194,	
depresión 11 668 11 689,896,902,935,1045,1114,2237,2322,2656,6045,7534,	
Cuestionario 1 668 1 3281,	
inducir 2 668 2 688,895,	
paso 3 668 3 6788,6790,7010,	
especiales 8 668 8 681,943,4458,5095,5103,5211,5220,5580,	
precauciones 2 668 2 680,942,	
Advertencias 1 668 1 678,	
Lda 1 668 1 8197,	
barbitúricos 2 668 2 675,6024,	
opioides 2 668 2 673,6022,	
fármacos 5 668 5 672,985,2880,3021,4985,	
habían 1 668 1 3769,	
tratados 8 668 8 670,1100,1117,1186,1469,3884,3900,7466,	
están 1 668 1 668,	
deshidrogenasa 5 668 5 659,1812,4250,4272,6013,	
succinato-semialdehído- 2 668 2 658,6012,	
déficit 2 668 2 656,6010,	
contraindicado 2 668 2 651,664,	
está 10 668 10 650,663,1196,5271,5934,6017,6252,6438,7297,8375,	
Oxibato 7 668 7 647,660,3168,3637,3651,3863,5482,	
Hipersensibilidad 1 668 1 636,	
mioclonía 1 668 1 2294,	
Contraindicaciones 1 668 1 635,	
aparece 2 668 2 4435,7703,	
años 5 668 5 632,1459,4478,4496,5067,	
indican 4 668 4 1780,1986,4207,4359,	
menores 4 668 4 629,1456,4493,4772,	
adolescentes 3 668 3 618,1433,1445,	
establecido 4 668 4 610,1437,1477,3040,	
recibir 3 668 3 596,2098,4448,	
aparecer 2 668 2 594,2758,	
Unit 2 668 2 5352,7952,	
pudieran 1 668 1 593,	
cognitiva 2 668 2 591,1430,	
y/o 4 668 4 590,1093,1136,1429,	
GENERALES 1 668 1 5648,	
motora 3 668 3 589,1428,2073,	
funciones 1 668 1 588,	
alteraciones 6 668 6 585,1336,2391,2578,4525,7549,	
intenso 1 668 1 7219,	
cama 3 668 3 7085,7162,7192,	
(1 2 668 2 4810,4902,	
posibles 3 668 3 584,735,932,	
(presión 1 668 1 6053,	
Vale 2 668 2 5338,7940,	
vigilar 1 668 1 582,	
preciso 1 668 1 581,	
butadieno 1 668 1 5176,	
avanzada 5 668 5 574,579,1389,1403,1411,	
edad 6 668 6 573,578,1388,1402,1410,4461,	
ingesta 6 668 6 562,1267,1308,2711,6408,6538,	
reducir 3 668 3 560,1306,4653,	
dietéticas 2 668 2 558,1304,	
medidas 4 668 4 557,1251,2858,3304,	
En 13 668 13 548,575,1363,1526,2426,3123,3508,3657,3759,3872,4855,4953,6184,	
renal 4 668 4 547,553,1321,4541,	
respuesta 5 668 5 533,1377,3604,3877,5960,	
estrechamente 4 668 4 531,583,1375,1420,	
monitorizando 1 668 1 530,	
(SNC) 2 668 2 809,6081,	
presentan 11 668 11 527,551,655,871,1018,1020,1314,1341,1574,2475,2910,	
mitad 3 668 3 523,1373,4663,	
reducirse 2 668 2 520,1370,	
hepática 6 668 6 515,529,1330,1340,4550,4668,	
insuficiencia 6 668 6 514,528,546,552,1315,6050,	
entra 1 668 1 4276,	
baja 1 668 1 509,	
excepto 2 668 2 3068,5052,	
comenzarse 1 668 1 504,	
deberá 11 668 11 503,726,1028,1229,1369,1418,2735,6160,6214,6750,7758,	
(contracciones 1 668 1 7619,	
combinado 3 668 3 812,851,1625,	
ajuste 2 668 2 502,1758,	
días 5 668 5 500,4706,5072,6749,7754,	
Periodo 1 668 1 5063,	
14 5 668 5 499,5355,5646,6748,7955,	
durante 21 668 21 496,965,1163,1212,1877,1966,1977,2004,2027,2079,2729,3575,3586,3775,4926,5927,6411,6456,6530,6745,7733,	
medicación 3 668 3 495,4450,7371,	
interrumpe 4 668 4 493,6740,7351,7369,	
habitual 1 668 1 6614,	
Si 22 668 22 490,1065,1155,2707,5782,5818,6121,6136,6364,6437,6739,7210,7229,7268,7299,7303,7321,7350,7367,7396,7649,8014,	
producto 5 668 5 485,5607,7406,7879,8013,	
realizados 2 668 2 482,3165,	
Cambio 8 668 8 3351,3372,3374,3449,3720,3724,3847,3850,	
controlados 3 668 3 481,1525,3053,	
clínicos 9 668 9 480,968,1194,1524,1563,1867,2464,3016,4733,	
ensayos 11 668 11 479,967,1193,1523,1562,2463,3015,3043,3094,3116,4787,	
Duración 1 668 1 3182,	
evaluados 2 668 2 476,3338,	
Placebo 5 668 5 3398,3464,3628,3726,3857,	
específicamente 3 668 3 475,1519,3803,	
sido 4 668 4 474,1518,4817,8366,	
han 18 668 18 473,751,905,1463,1517,1716,1835,1881,1932,2563,2573,2633,2650,4096,4345,4995,5013,7472,	
interrupción 4 668 4 465,1509,1608,2510,	
efectos 26 668 26 462,828,846,1079,1506,1590,1635,2491,2555,2804,3515,4945,5824,5870,6169,6200,6225,6285,6423,7426,7444,7486,7497,7576,7632,7655,	
Interrupción 1 668 1 456,	
diluirse 2 668 2 446,6323,	
dispensarse 1 668 1 440,	
353 1 668 1 8250,	
empezar 2 668 2 5764,6760,	
medida 8 668 8 436,3316,3344,3592,3602,3686,3818,5185,	
cambio 1 668 1 3326,	
Cada 3 668 3 434,5139,7850,	
niños 14 668 14 433,606,616,1443,5124,5205,5552,5714,6207,6816,7068,7141,7692,7876,	
resistente 2 668 2 431,5122,	
seguridad 11 668 11 430,612,1439,1479,4695,5121,5136,6812,6823,7137,7849,	
eu 1 668 1 8391,	
metabolizado 2 668 2 1808,4283,	
tapón 7 668 7 428,6836,6859,7044,7126,7135,7184,	
caja 1 668 1 7292,	
EN 8 668 8 5438,5463,5468,5662,5670,5729,5731,5734,	
rica 1 668 1 4116,	
frecuentes 14 668 14 2176,2179,2186,2251,2272,2293,2327,2347,2361,2407,6172,7489,7499,7579,	
preparen 1 668 1 410,	
farmacocinéticas 1 668 1 3910,	
ambas 2 668 2 405,6734,	
considerará 1 668 1 1073,	
después 9 668 9 401,2084,4112,4446,6301,6535,6729,7119,7696,	
calculada 1 668 1 4908,	
nuevo 2 668 2 394,7334,	
vía 8 668 8 387,2748,3522,4213,4239,4309,4316,6663,	
tomarse 3 668 3 385,941,6291,	
Uso 6 668 6 380,510,542,569,604,6240,	
comida 1 668 1 4115,	
(Tmax) 1 668 1 4057,	
comidas 4 668 4 379,3927,6304,6732,	
Información 1 668 1 5877,	
nutrición 1 668 1 2225,	
relación 1 668 1 376,	
constante 1 668 1 369,	
mantener 2 668 2 367,2117,	
grave 2 668 2 5829,7660,	
primera 10 668 10 358,3136,5069,6547,6671,6831,6888,7122,7157,7307,	
momento 2 668 2 351,371,	
acostarse 7 668 7 350,391,416,3144,6675,6738,7202,	
horas 15 668 15 346,400,2083,3154,4039,4064,4445,5091,5929,6534,6685,7111,7118,7179,7737,	
receta 1 668 1 6265,	
estimada 1 668 1 2174,	
comer 1 668 1 344,	
(que 1 668 1 6342,	
tratar 3 668 3 342,365,5906,	
terapia 3 668 3 1165,1540,2441,	
biodisponibilidad 2 668 2 334,4007,	
psiquiátricos 1 668 1 2229,	
significativamente 2 668 2 332,4367,	
reducen 1 668 1 331,	
alcanzar 1 668 1 4052,	
alimentos 5 668 5 330,4746,6271,6308,6703,	
Dado 4 668 4 327,1801,2723,4499,	
nivel 1 668 1 326,	
µg 3 668 3 4044,4192,4387,	
previamente 2 668 2 323,7320,	
ajustado 1 668 1 322,	
haya 2 668 2 321,7750,	
paciente 6 668 6 319,492,733,1157,1235,3337,	
g 9 668 9 314,919,1276,1291,3981,4030,4104,6383,6402,	
-1 1 668 1 3414,	
individuales 1 668 1 310,	
inicialmente 1 668 1 308,	
administrar 1 668 1 307,	
dosificador 7 668 7 303,426,444,7015,7026,7130,7188,	
tenga 1 668 1 6560,	
vaso 9 668 9 302,425,443,7014,7025,7129,7165,7187,7209,	
estará 2 668 2 6379,6398,	
ensayado 1 668 1 4800,	
agua 10 668 10 299,451,4226,4289,4342,6326,7022,7076,7732,7818,	
60 3 668 3 296,448,7019,	
diluir 2 668 2 294,6773,	
toma 10 668 10 287,455,2087,6072,6138,6366,6388,7230,7270,7278,	
Antes 3 668 3 284,990,5860,	
90 1 668 1 282,	
dosificadores 7 668 7 280,5079,5195,6808,7000,7040,7870,	
Es 2 668 2 4651,6327,	
vasos 7 668 7 279,5078,5194,6807,6999,7039,7869,	
10 5 668 5 275,3643,5188,5258,5583,	
CYP1A2 1 668 1 4374,	
graduada 5 668 5 273,423,6804,6916,7864,	
jeringa 10 668 10 272,422,6803,6915,6940,6962,6981,6994,7074,7863,	
omite 1 668 1 7322,	
provisto 2 668 2 269,419,	
viene 2 668 2 268,418,	
superiores 3 668 3 262,2567,4100,	
18 5 668 5 259,631,1458,4495,5458,	
graves 1 668 1 255,	
cuestión 1 668 1 5386,	
acontecimientos 1 668 1 1909,	
síntomas 7 668 7 254,1149,2522,3034,3333,5812,7237,	
aparición 7 668 7 252,785,1088,1112,1146,1422,5948,	
posible 5 668 5 251,1872,1895,6062,6328,	
excederse 1 668 1 242,	
No 39 668 39 240,304,607,976,1195,1434,1474,1833,1868,1890,1953,1995,2008,2022,2216,2263,2300,2320,2363,2811,2829,2923,4094,4343,4463,4481,4674,4937,5217,5448,6274,6419,6449,6467,6511,7339,7458,7693,7725,	
Reino 7 668 7 5238,5347,5364,5631,7932,7947,7964,	
incrementos 3 668 3 237,535,1379,	
semanas 9 668 9 235,3196,3214,3227,3238,3550,3579,3589,3856,	
indica 2 668 2 7719,8037,	
recomienda 10 668 10 228,403,624,1451,1496,1997,2024,6108,6434,6451,	
Se 14 668 14 227,402,750,926,1027,1180,1300,1462,1880,2596,2632,2671,3084,3936,	
ó 1 668 1 223,	
dárselo 1 668 1 5804,	
75 4 668 4 221,1275,4131,6382,	
0 25 668 25 220,1274,3415,3416,3425,3426,3435,3476,3649,3733,3737,3739,3742,3746,3748,3751,3757,3860,3862,3869,3947,4060,4130,4135,6381,	
ejemplo 2 668 2 219,1828,	
(por 2 668 2 218,1827,	
disminuyendo 1 668 1 211,	
21 5 668 5 3674,3861,4811,8102,8209,	
aumentando 1 668 1 209,	
9 31 668 31 196,246,1296,2514,3201,3218,3231,3242,3421,3428,3431,3485,3584,3630,3631,3633,3645,3750,3868,3890,3983,4029,4590,5247,5571,6392,6646,8160,8303,8344,8360,	
máximo 2 668 2 194,6644,	
fármaco 5 668 5 187,817,2844,4434,4964,	
disnea 1 668 1 2318,	
obtenida 1 668 1 184,	
tolerabilidad 1 668 1 183,	
eficacia 9 668 9 181,614,1441,1482,3308,3596,3690,3807,3822,	
acuerdo 1 668 1 178,	
click 1 668 1 7059,	
piernas 2 668 2 2298,7609,	
ajustarse 1 668 1 176,	
ml/dosis) 5 668 5 172,208,226,6632,6659,	
(4 2 668 2 170,6630,	
previo 1 668 1 1132,	
g/dosis 5 668 5 169,206,222,6629,6657,	
25 3 668 3 168,4571,6628,	
iguales 4 668 4 165,202,3134,6625,	
repartida 4 668 4 161,198,4031,6621,	
Xyrem) 1 668 1 160,	
(9 5 668 5 157,207,1286,6619,6658,	
g/día 16 668 16 152,197,217,247,260,1285,1297,3574,3585,3734,3743,3752,3891,3906,6618,6647,	
5 45 668 45 151,171,205,216,225,313,397,918,1284,1361,1612,1799,1951,2867,3151,3199,3405,3408,3411,3471,3644,3703,3729,3755,3907,3948,3980,4061,4103,4598,4690,5066,5107,5517,5727,5872,6375,6617,6631,6656,6682,7033,7110,7176,7678,	
sentir 1 668 1 7057,	
recomendada 1 668 1 147,	
inicial 7 668 7 146,518,924,1368,2262,4656,6613,	
dosis 78 668 78 145,164,174,201,213,239,244,257,291,309,359,374,406,435,507,517,537,766,776,796,914,923,994,1279,1367,1381,1569,2470,2566,2619,3127,3133,3137,3148,3302,3378,3454,3557,3564,3621,3794,3886,3902,3977,3991,4026,4034,4087,4098,4400,4567,4655,4804,4854,4935,6068,6370,6390,6612,6624,6641,6653,6672,6679,6701,6735,6769,6946,7081,7105,7123,7158,7196,7308,7325,7328,7342,7347,	
4) 10 668 10 143,191,266,489,541,568,603,3061,3489,7071,	
apartado 15 668 15 141,189,264,487,539,566,601,1000,1324,1360,1383,1798,1950,4670,5081,	
(ver 16 668 16 140,188,263,486,538,565,600,999,1323,1359,1382,1797,1949,4669,5080,5419,	
abuso 6 668 6 135,693,723,6098,7455,7463,	
202 1 668 1 8281,	
potencial 7 668 7 133,686,721,893,1816,4829,7453,	
conocido 3 668 3 132,720,7457,	
debido 5 668 5 130,248,2859,4832,4844,	
drogas 3 668 3 126,740,6095,	
anatomía 1 668 1 4729,	
6) 1 668 1 3482,	
permitió 1 668 1 3085,	
muestra 2 668 2 1577,2478,	
consumo 4 668 4 124,738,4743,6093,	
historia 3 668 3 122,730,1553,	
activos 1 668 1 4348,	
analizar 2 668 2 120,727,	
deben 9 668 9 119,306,341,355,364,555,927,2062,7765,	
especialistas 2 668 2 118,1004,	
porfiria 3 668 3 860,872,6117,	
Los 24 668 24 117,362,461,1049,1128,1257,1333,1505,1646,1680,2059,2554,2571,3780,4349,4731,6702,7236,7485,7496,7575,7631,7761,7814,	
precisan 1 668 1 5578,	
sueño 26 668 26 116,1025,1214,1600,2240,2280,2502,2917,2920,2950,2958,2967,2976,2982,2992,3211,3283,5892,5920,5926,5941,6234,7389,7503,7523,7608,	
trastornos 14 668 14 114,947,1090,1424,1598,1604,2238,2283,2500,2506,6360,7387,7543,7546,	
experiencia 5 668 5 109,1392,1560,2461,6090,	
médico 21 668 21 107,5789,5844,6131,6166,6189,6220,6248,6448,6463,6489,6601,6605,6636,6754,7226,7362,7410,7438,7675,7988,	
dirección 3 668 3 104,5326,5376,	
mantenerse 1 668 1 101,	
iniciarse 1 668 1 99,	
debe 20 668 20 98,175,241,293,384,439,519,1668,2716,2779,5048,5086,5371,5803,6204,6275,6290,6322,6757,6885,	
reflejo 1 668 1 2754,	
tratamiento 25 668 25 97,112,458,467,970,1060,1260,1511,1886,2029,2823,3018,3031,3100,3111,3173,3535,3787,4737,6019,6211,6413,6742,6762,7353,	
recetado 1 668 1 5798,	
El 29 668 29 96,696,724,810,861,1223,1623,1663,1842,2043,2544,2889,2960,3284,3798,3911,4048,4164,4273,4403,4551,4777,5366,6817,6895,6956,7447,7806,7892,	
efecto 12 668 12 982,1737,1896,2112,2938,3897,4537,4679,4877,5834,7214,7665,	
administración 13 668 13 95,1724,2396,2703,2788,2794,3924,4003,4023,4071,4106,4697,6595,	
forma 6 668 6 93,1789,3920,3940,7792,7831,	
Posología 1 668 1 91,	
adultos 4 668 4 88,1687,4594,5913,	
(0)1753 1 668 1 8350,	
pacientes 69 668 69 87,129,340,363,512,525,544,549,571,576,628,653,666,789,840,869,908,931,945,956,1016,1050,1099,1116,1129,1185,1258,1312,1334,1365,1400,1408,1455,1468,1488,1528,1572,1647,1863,2060,2095,2172,2428,2473,2572,2760,2766,2908,3011,3063,3289,3502,3552,3664,3766,3781,3883,3899,4474,4492,4523,4581,4604,4612,4629,4665,5912,6478,7465,	
mínimo 1 668 1 230,	
cataplejía 17 668 17 85,1530,1889,2241,2430,2906,3067,3074,3667,3677,3701,3833,5910,5938,5946,7375,7542,	
narcolepsia 12 668 12 83,1019,2911,3037,3065,3176,3291,3335,3542,5908,5915,7468,	
Este 4 668 4 5045,5098,5793,8363,	
Tratamiento 2 668 2 80,3183,	
terapéuticas 5 668 5 79,797,1570,2471,4401,	
Indicaciones 1 668 1 78,	
/ 14 668 14 3212,8056,8063,8101,8118,8125,8144,8165,8177,8208,8225,8251,8325,8349,	
	4 1 668 1 76,	
pulmonares 1 668 1 6037,	
vértigo 3 668 3 1597,2499,7386,	
CLÍNICOS 1 668 1 75,	
DATOS 2 668 2 74,5019,	
(Krebs) 1 668 1 4233,	
4 65 668 65 73,89,142,150,190,204,265,312,399,488,540,567,602,633,676,677,917,1001,1283,1325,1332,1384,1611,1922,2032,2146,2513,2974,3153,3198,3226,3233,3237,3407,3470,3577,3588,3609,3762,3800,3842,3853,3859,3875,3979,4102,4597,4600,4671,5082,5093,5432,5504,5721,5868,6374,6616,6655,6684,6978,7031,7077,7117,7178,7413,	
tomaron 1 668 1 3553,	
opalescente 2 668 2 72,7891,	
evolución 1 668 1 6193,	
ligeramente 2 668 2 71,7890,	
clara 5 668 5 69,783,1580,2480,7888,	
náuseas 3 668 3 2159,2328,2332,	
La 35 668 35 65,144,173,516,898,1087,1111,1723,1747,1906,2517,2533,2679,2698,3023,3135,3563,3591,3685,3817,3952,3985,4105,4238,4451,4620,4696,4793,4913,5265,5914,5945,6611,7707,8369,	
	Solución 2 668 2 63,5511,	
FARMACÉUTICA 2 668 2 62,5506,	
FORMA 4 668 4 61,5505,5518,5693,	
3 25 668 25 60,634,2972,3059,3220,3229,3240,3401,3423,3439,3660,3710,3717,3732,3970,4189,4317,4384,4691,5062,5493,5715,5864,6586,6934,	
6 31 668 31 58,1290,1923,2082,3216,3418,3478,3573,3632,3648,3741,3835,3888,3905,4442,5018,5042,5059,5060,5061,5092,5106,5208,5209,5533,5747,5876,6401,6533,7094,7800,	
sección 3 668 3 57,5058,5431,	
ver 1 668 1 56,	
excipientes 3 668 3 55,646,5025,	
completa 3 668 3 53,2070,2145,	
lista 1 668 1 52,	
consultar 2 668 2 50,6751,	
Para 2 668 2 49,6791,	
haciendo 2 668 2 2664,7131,	
sodio 110 668 110 48,139,156,338,471,564,599,640,649,662,705,794,824,835,857,864,891,964,998,1064,1104,1121,1154,1169,1190,1256,1264,1271,1310,1358,1398,1417,1473,1486,1515,1544,1567,1631,1640,1662,1666,1698,1746,1752,1785,1806,1845,1905,1917,1965,1994,2003,2015,2046,2091,2101,2445,2468,2530,2547,2810,2850,2866,2892,2935,2946,2963,3028,3519,3528,3568,3639,3653,3774,3791,3812,3865,3914,3997,4079,4110,4167,4187,4220,4258,4364,4408,4472,4490,4514,4548,4554,4660,4689,4702,4780,4865,5037,5484,5492,5503,5743,5989,6341,6385,6404,7450,7484,7812,7825,	
Unido 7 668 7 5239,5348,5365,5632,7933,7948,7965,	
oxibato 94 668 94 46,137,154,336,469,597,638,703,792,822,833,855,862,889,962,996,1062,1102,1119,1152,1167,1188,1262,1356,1396,1415,1471,1484,1513,1542,1565,1629,1638,1660,1664,1696,1744,1750,1783,1804,1843,1903,1915,1963,1992,2001,2013,2044,2089,2099,2443,2466,2528,2545,2808,2848,2864,2890,2933,2944,2961,3026,3517,3526,3566,3772,3789,3810,3912,3995,4077,4108,4165,4185,4218,4256,4362,4406,4470,4488,4512,4546,4552,4658,4687,4700,4778,4863,5490,5741,5987,7448,7482,7810,	
mg 1 668 1 44,	
contiene 7 668 7 42,5141,6340,6797,6819,7852,7899,	
Xyrem 79 668 79 41,267,289,361,382,383,408,417,438,460,684,700,1036,1281,1294,2031,3197,3215,3228,3239,5148,5664,5752,5853,5863,5867,5875,5902,5980,5998,6029,6112,6135,6139,6197,6202,6213,6268,6281,6289,6313,6321,6339,6372,6395,6415,6425,6455,6471,6481,6502,6540,6545,6597,6662,6708,6719,6744,6764,6774,6781,6796,7216,7232,7241,7272,7302,7332,7355,7359,7423,7695,7729,7744,7805,7827,7884,7999,8005,	
ml 16 668 16 39,158,276,283,297,449,5146,5189,5516,5737,6376,6393,7020,7028,7845,7901,	
	Un 1 668 1 38,	
CUANTITATIVA 1 668 1 37,	
Y 11 668 11 36,5400,5444,5453,5467,5507,5519,5592,5612,5681,5883,	
CUALITATIVA 1 668 1 35,	
(2-3) 1 668 1 347,	
COMPOSICIÓN 1 668 1 34,	
2 30 668 30 33,90,167,396,3058,3071,3122,3150,3205,3354,3511,3616,3618,3908,4063,4134,5043,5485,5692,5859,5973,6369,6389,6627,6681,6926,6977,7109,7175,8073,	
	Mantener 2 668 2 5542,7682,	
ovalado 1 668 1 5115,	
oral 18 668 18 32,64,67,388,3523,4004,4072,4569,4586,5481,5512,5524,5689,5691,5756,6664,7834,7904,	
solución 9 668 9 31,66,5480,5688,5739,5755,7833,7887,7903,	
mg/ml 7 668 7 30,5479,5489,5666,5687,5746,5754,	
alojamiento 1 668 1 5159,	
500 8 668 8 29,43,5478,5488,5665,5686,5745,5753,	
	Xyrem 4 668 4 28,5477,5685,5888,	
MEDICAMENTO 7 668 7 27,2872,5447,5476,5539,5589,5680,	
NOMBRE 4 668 4 25,5474,5611,5678,	
atención 2 668 2 2288,7548,	
1 30 668 30 23,24,59,77,215,224,1289,2874,3057,3158,3189,3286,3362,3433,3446,3867,3950,4591,4601,4813,5022,5473,5677,5850,5879,6400,6798,6833,6933,8258,	
LISTA 1 668 1 5494,	
SEGURA 1 668 1 5443,	
PRODUCTO 1 668 1 22,	
DEL 10 668 10 21,26,5263,5446,5475,5509,5588,5614,5673,5679,	
CARACTERÍSTICAS 1 668 1 20,	
LAS 2 668 2 19,5313,	
despierto 1 668 1 5935,	
DE 46 668 46 18,2870,5223,5226,5242,5244,5249,5253,5260,5291,5294,5297,5300,5305,5308,5312,5315,5318,5321,5389,5392,5398,5405,5408,5495,5521,5536,5567,5574,5586,5593,5597,5616,5619,5635,5637,5642,5649,5658,5675,5683,5694,5717,5723,5975,7680,	
RESUMEN 1 668 1 17,	
O 4 668 4 16,5396,5436,5733,	
absorción 2 668 2 3935,4123,	
TÉCNICA 1 668 1 15,	
FICHA 1 668 1 14,	
tuvo 2 668 2 4119,6356,	
ocasiones 2 668 2 1587,2488,	
información 6 668 6 11,2518,5266,7971,7997,8370,	
investigador 1 668 1 3341,	
Toda 1 668 1 9,	
791 1 668 1 8299,	
91 1 668 1 8201,	
medicamento 19 668 19 8,13,1685,2107,5046,5099,5270,5370,5532,5703,5768,5794,6496,6801,6957,6991,7294,7975,8374,	
sufran 1 668 1 7434,	
Basica 1 668 1 6,	
	Información 1 668 1 5,	
ORAL 1 668 1 4,	
SOL 1 668 1 3,	
durmiendo 1 668 1 7205,	
180ML 1 668 1 2,	
equilibrio 2 668 2 2285,7545,	
o 67 668 67 210,261,641,674,815,881,937,1161,1202,1216,1227,1319,1709,1823,1831,2071,2077,2130,2140,2246,3506,3559,3569,3796,4379,4723,4883,5424,5790,5830,5845,5952,5971,5990,6023,6036,6042,6059,6082,6096,6157,6249,6254,6362,6386,6440,6490,6508,6525,6569,6578,6606,7220,7227,7276,7411,7591,7594,7641,7661,7676,8088,8174,8175,8246,8247,8270,	
500MG/ML 1 668 1 1,	
XYREM 6 668 6 0,5676,5882,5977,6589,7681,	
