	Prospectos 1 626 1 5345,	
2004 1 626 1 5344,	
TEXTO 1 626 1 5341,	
REVISIÓN 1 626 1 5339,	
2000 2 626 2 5328,5334,	
JUNIO 1 626 1 5342,	
AUTORIZACIÓN/RENOVACIÓN 1 626 1 5319,	
PRIMERA 1 626 1 5318,	
FECHA 2 626 2 5315,5336,	
179 1 626 1 5313,	
182 1 626 1 5306,	
63 2 626 2 5305,5312,	
Registro 2 626 2 5304,5311,	
Nº 2 626 2 5303,5310,	
NÚMERO(S) 1 626 1 5295,	
(Madrid) 1 626 1 5293,	
Reyes 1 626 1 5292,	
Sebastián 1 626 1 5289,	
28700 1 626 1 5286,	
Algete 1 626 1 5283,	
Desvío 1 626 1 5282,	
23 1 626 1 5281,	
Madrid-Burgos 1 626 1 5279,	
Ctra 1 626 1 5278,	
A 1 626 1 5277,	
Farma 1 626 1 5275,	
Wyeth 1 626 1 5274,	
COMERCIALIZACIÓN 2 626 2 5272,5299,	
AUTORIZACIÓN 3 626 3 5270,5297,5322,	
LA 4 626 4 5269,5317,5321,5338,	
TITULAR 1 626 1 5267,	
presentaciones 1 626 1 5260,	
Presentaciones 1 626 1 5196,	
instrucciones 1 626 1 5192,	
requiere 1 626 1 5191,	
/ 3 626 3 5188,5225,5256,	
Instrucciones 1 626 1 5185,	
(PVC)/lámina 1 626 1 5180,	
Polivinilo 1 626 1 5179,	
Cloruro 1 626 1 5177,	
blister 3 626 3 5175,5204,5235,	
Envase 1 626 1 5174,	
recipiente 1 626 1 5173,	
contenido 1 626 1 5171,	
Naturaleza 1 626 1 5169,	
ambiente 1 626 1 5166,	
temperatura 1 626 1 5165,	
conservación 1 626 1 5162,	
Precauciones 1 626 1 5159,	
Tres 1 626 1 5155,	
Período 1 626 1 5152,	
Incompatibilidades 1 626 1 5145,	
(E-127) 1 626 1 5139,	
eritrosina 1 626 1 5138,	
(E-110) 1 626 1 5137,	
S 2 626 2 5136,5276,	
anaranjado 1 626 1 5135,	
amarillo 1 626 1 5134,	
(124 1 626 1 5105,	
Sacarosa 1 626 1 5104,	
(Premarin) 1 626 1 5102,	
(E-172) 1 626 1 5077,	
rojo 1 626 1 5076,	
hierro 1 626 1 5075,	
(E-211) 2 626 2 5069,5133,	
metilhidroxibenzoato 1 626 1 5065,	
propilhidroxibenzoato 1 626 1 5063,	
etilo) 2 626 2 5031,5095,	
propilenglicol 2 626 2 5027,5091,	
alcohol 2 626 2 5026,5090,	
Shelac 2 626 2 5022,5086,	
laca 2 626 2 5021,5085,	
purificada 2 626 2 5020,5084,	
(agua 2 626 2 5019,5083,	
negra 2 626 2 5018,5082,	
tinta 2 626 2 5017,5081,	
esteárico 2 626 2 5015,5079,	
ácido 2 626 2 5014,5078,	
indigotina 3 626 3 5012,5071,5141,	
titanio 3 626 3 5011,5062,5130,	
dióxido 3 626 3 5009,5060,5128,	
polivinilpirrolidona 3 626 3 5008,5059,5127,	
farmacéutico 3 626 3 5006,5057,5125,	
metilcelulosa 3 626 3 5004,5055,5123,	
magnésico 3 626 3 5003,5054,5122,	
estearato 3 626 3 5002,5053,5121,	
glicerol 3 626 3 5001,5052,5120,	
microcristalina 3 626 3 4998,5049,5117,	
celulosa 3 626 3 4997,5048,5116,	
carnauba 3 626 3 4996,5047,5115,	
cera 3 626 3 4994,5045,5113,	
tribásico 3 626 3 4993,5044,5112,	
cálcico 6 626 6 4990,4992,5041,5043,5109,5111,	
mg) 7 626 7 4987,5038,5106,5214,5227,5245,5258,	
(212 1 626 1 4985,	
Excipientes 2 626 2 4976,5096,	
FARMACÉUTICOS 1 626 1 4969,	
fuese 1 626 1 4960,	
evidencias 1 626 1 4956,	
hallaron 1 626 1 4955,	
extensa 1 626 1 4952,	
bibliográfica 1 626 1 4951,	
Además 1 626 1 4947,	
insignificante 1 626 1 4946,	
respuesta 1 626 1 4937,	
plasmática 1 626 1 4933,	
ejerce 1 626 1 4926,	
glucocorticosteroides 1 626 1 4921,	
receptores 1 626 1 4920,	
une 1 626 1 4916,	
combina 1 626 1 4910,	
sensible 1 626 1 4899,	
endocrino 1 626 1 4893,	
debido 1 626 1 4888,	
similares 1 626 1 4887,	
aparecer 1 626 1 4885,	
humanos 3 626 3 4882,4935,4966,	
rata 1 626 1 4880,	
causante 2 626 2 4876,4961,	
repetida 1 626 1 4870,	
estimulación 1 626 1 4869,	
células 1 626 1 4856,	
estimula 1 626 1 4853,	
sérica 1 626 1 4846,	
elevadas 1 626 1 4840,	
cortisol 1 626 1 4834,	
cree 2 626 2 4830,4866,	
200 1 626 1 4827,	
incrementó 1 626 1 4813,	
(adenomas 1 626 1 4804,	
pancreáticos 3 626 3 4803,4861,4964,	
islotes 2 626 2 4802,4860,	
celulares 1 626 1 4799,	
MPA) 1 626 1 4792,	
AUC- 1 626 1 4779,	
dietas 1 626 1 4769,	
g/kg/día 3 626 3 4766,4821,4828,	
5000 2 626 2 4765,4820,	
hembras 1 626 1 4758,	
ratas 3 626 3 4757,4848,4896,	
cérvix 1 626 1 4743,	
especies 1 626 1 4734,	
sintéticos 1 626 1 4731,	
diabetogénica 1 626 1 4938,	
continuada 1 626 1 4722,	
seguridad 1 626 1 4719,	
preclínicos 1 626 1 4717,	
hidroxilación 1 626 1 4713,	
mediante 1 626 1 4710,	
metaboliza 1 626 1 4705,	
conjunta 1 626 1 4688,	
altera 1 626 1 4684,	
farmacocinética 1 626 1 4679,	
fármaco-fármaco 2 626 2 4666,4698,	
riñones 1 626 1 4651,	
excreción 1 626 1 4646,	
favorece 1 626 1 4644,	
corporales 1 626 1 4641,	
ionizan 1 626 1 4637,	
ácidos 1 626 1 4634,	
fuertemente 1 626 1 4633,	
portal 1 626 1 4627,	
través 2 626 2 4623,4648,	
vuelven 1 626 1 4619,	
apareció 1 626 1 4793,	
bilis; 1 626 1 4610,	
excretados 1 626 1 4607,	
Algunos 1 626 1 4604,	
hígado 4 626 4 4603,4621,4709,4746,	
principalmente 2 626 2 4600,4706,	
inactivación 1 626 1 4597,	
gastrointestinal 1 626 1 4592,	
tracto 1 626 1 4591,	
absorben 1 626 1 4586,	
farmacocinéticas 1 626 1 4576,	
DMO 1 626 1 4570,	
625/2 2 626 2 4555,4562,	
Premelle 2 626 2 4553,4560,	
tres 1 626 1 4548,	
Después 1 626 1 4546,	
déficit 1 626 1 4526,	
derivados 1 626 1 4513,	
Alivio 1 626 1 4509,	
Información 1 626 1 4504,	
inducido 1 626 1 4497,	
disminuye 1 626 1 4487,	
desprende 1 626 1 4470,	
promueven 1 626 1 4444,	
consecuencia 1 626 1 4435,	
previenen 1 626 1 4429,	
alivia 1 626 1 4421,	
acontece 1 626 1 4416,	
producción 1 626 1 4412,	
sustituyen 1 626 1 4408,	
Estos 1 626 1 4405,	
/- 1 626 1 4403,	
17 1 626 1 4402,	
equilin-sulfatos 1 626 1 4400,	
polietilénglicol 3 626 3 5007,5058,5126,	
ésteres 1 626 1 4396,	
activos 2 626 2 4394,4407,	
progesterona 1 626 1 4391,	
17-OH 1 626 1 4390,	
sintético 1 626 1 4388,	
derivado 1 626 1 4387,	
Medroxiprogesterona 1 626 1 4383,	
farmacodinámicas 1 626 1 4369,	
Propiedades 2 626 2 4368,4575,	
(E-216) 1 626 1 5064,	
ESTE 1 626 1 4363,	
FARMACOLÓGICAS 1 626 1 4361,	
PROPIEDADES 1 626 1 4360,	
" 1 626 1 4358,	
activado 1 626 1 4352,	
carbón 1 626 1 4351,	
gástrica 1 626 1 4348,	
evacuación 1 626 1 4347,	
estándar 1 626 1 4345,	
prácticas 1 626 1 4344,	
podrían 1 626 1 4340,	
notificados 1 626 1 4329,	
existen 1 626 1 4327,	
producir 2 626 2 4320,4863,	
patológicos 1 626 1 4314,	
graves 1 626 1 4312,	
contraceptivos 1 626 1 4304,	
estrógeno/progestágeno 1 626 1 4302,	
grandes 1 626 1 4299,	
niños 1 626 1 4297,	
ingestión 1 626 1 4295,	
informes 1 626 1 4292,	
Numerosos 1 626 1 4291,	
Trombosis 1 626 1 4282,	
colestásica 1 626 1 4275,	
pigmentación 1 626 1 4272,	
nodoso 1 626 1 4265,	
multiforme 1 626 1 4262,	
eritema 2 626 2 4261,4264,	
subcutáneas 1 626 1 4256,	
Corea 1 626 1 4253,	
hemangiomas 1 626 1 4248,	
malignas 1 626 1 4238,	
benignas 1 626 1 4236,	
estrógenos/progestágeno 1 626 1 4232,	
asociadas 1 626 1 4226,	
añade 1 626 1 4201,	
diagnosticadas 1 626 1 4157,	
serán 1 626 1 4156,	
comprendidas 1 626 1 4149,	
mejor 1 626 1 4129,	
(entre 1 626 1 4084,	
independientemente 1 626 1 4076,	
inician 1 626 1 4071,	
16 1 626 1 4005,	
tratamiento) 1 626 1 3981,	
deberían 1 626 1 3979,	
mujeres-año 1 626 1 3977,	
000 1 626 1 3976,	
invasivo 2 626 2 3973,4011,	
expuestas 1 626 1 3950,	
50 2 626 2 3946,4152,	
comprendida 1 626 1 3944,	
seguimiento 1 626 1 3939,	
serían 1 626 1 3922,	
(208 1 626 1 5036,	
32 1 626 1 3901,	
espera 1 626 1 3897,	
desarrollados 1 626 1 3885,	
países 1 626 1 3884,	
estimado 3 626 3 3871,3931,3989,	
partir 3 626 3 3854,3873,4589,	
calculado 1 626 1 3852,	
absoluto 1 626 1 3851,	
recibió 1 626 1 3847,	
comparación 1 626 1 3840,	
54) 1 626 1 3817,	
01-1 1 626 1 3816,	
24 1 626 1 3812,	
proporcionan 1 626 1 3803,	
68) 1 626 1 3796,	
25-1 1 626 1 3795,	
ósea 1 626 1 4434,	
(RR=1 2 626 2 3780,3790,	
monoterapia 2 626 2 3779,4186,	
12) 1 626 1 3772,	
88-2 1 626 1 3771,	
00 1 626 1 3767,	
(RR=2 1 626 1 3766,	
utilizado 1 626 1 3748,	
observado 2 626 2 3728,4783,	
diversos 1 626 1 3714,	
epidemiológico 1 626 1 3689,	
pancreático 1 626 1 4811,	
obtenida 1 626 1 3685,	
similar 2 626 2 3682,4065,	
49) 1 626 1 3680,	
21-1 3 626 3 3679,3699,3785,	
95% 6 626 6 3677,3697,3769,3783,3793,3814,	
(IC 3 626 3 3676,3696,3813,	
35 1 626 1 3675,	
estrógenos) 1 626 1 3671,	
80% 1 626 1 3659,	
51 1 626 1 3651,	
reanálisis 1 626 1 3646,	
procedente 3 626 3 3644,3712,4538,	
(RR) 1 626 1 3643,	
relativo 1 626 1 3642,	
actuales 2 626 2 3626,3909,	
usuarias 6 626 6 3625,3908,4016,4136,4182,4198,	
frente 2 626 2 3603,4939,	
De 3 626 3 3584,4120,4466,	
peso 1 626 1 3580,	
Investigaciones 1 626 1 3577,	
mediastínicos 1 626 1 3576,	
torácicos 1 626 1 3574,	
asma 1 626 1 3573,	
respiratorios 1 626 1 3572,	
Infarto 1 626 1 3565,	
lentes 1 626 1 3545,	
oculares 1 626 1 3544,	
glucosa 3 626 3 3538,4845,4932,	
metabólicos 1 626 1 3536,	
Intolerancia 2 626 2 3533,3541,	
anafilácticas/anafilact 1 626 1 3531,	
inmune 1 626 1 3530,	
pólipos) 1 626 1 3525,	
quistes 1 626 1 3523,	
fosfato 3 626 3 4991,5042,5110,	
fibroquísticas 1 626 1 3522,	
ovarios; 1 626 1 3515,	
mama; 1 626 1 3510,	
Neoplasmas 2 626 2 3507,4234,	
Candidiasis 1 626 1 3504,	
e 3 626 3 3502,4745,5140,	
Infecciones 1 626 1 3501,	
hepatobiliares 1 626 1 3500,	
Colecistopatía 1 626 1 3499,	
exantema; 1 626 1 3497,	
hirsutismo; 1 626 1 3496,	
anejos 1 626 1 3494,	
piel 2 626 2 3492,4260,	
Cloasma/melasma; 1 626 1 3491,	
alopecia; 1 626 1 3490,	
Acné; 1 626 1 3489,	
generales 1 626 1 3486,	
Edema 1 626 1 3485,	
superficial; 1 626 1 3482,	
Tromboflebitis 1 626 1 3479,	
psiquiátricos 1 626 1 3473,	
Cambios 2 626 2 3469,3578,	
Depresión 1 626 1 3468,	
óseo 1 626 1 3466,	
tico 1 626 1 3463,	
piernas 1 626 1 3462,	
musculoesquelé 1 626 1 3461,	
calambres 1 626 1 3458,	
Artralgias; 1 626 1 3456,	
migrañas) 1 626 1 3452,	
hipocalcemia 1 626 1 4280,	
nervioso 1 626 1 3451,	
epilepsia; 1 626 1 3449,	
Exacerbación 4 626 4 3443,3570,4251,4277,	
vértigo; 1 626 1 3442,	
Ansiedad 1 626 1 3441,	
ovariectomía 1 626 1 4441,	
s 1 626 1 3436,	
gastrointestinale 1 626 1 3433,	
Hinchazón 1 626 1 3430,	
Náuseas 1 626 1 3429,	
mamaria; 1 626 1 3424,	
ectóprion 1 626 1 3418,	
tensión 1 626 1 3415,	
reproductivo 1 626 1 3412,	
dismenorrea; 1 626 1 3405,	
sistema 5 626 5 3402,3446,3529,4625,4892,	
Galactorrea; 1 626 1 3400,	
Alteraciones 2 626 2 3397,4255,	
Sangrados; 1 626 1 3396,	
<1/1000 3 626 3 3376,3391,3563,	
<1/100 3 626 3 3375,3390,3562,	
<1/10 3 626 3 3374,3389,3561,	
>1/10 3 626 3 3373,3388,3560,	
>1/1000 3 626 3 3371,3386,3558,	
>1/100 3 626 3 3370,3385,3557,	
orgánico 3 626 3 3368,3383,3555,	
Raras 3 626 3 3367,3382,3554,	
frecuentes 6 626 6 3366,3369,3381,3384,3553,3556,	
incidencia 3 626 3 3876,4454,4808,	
Poco 3 626 3 3365,3380,3552,	
Frecuentes 3 626 3 3364,3379,3551,	
Muy 3 626 3 3363,3378,3550,	
Sistema 3 626 3 3362,3377,3549,	
67 1 626 1 3353,	
33 1 626 1 3345,	
(18 1 626 1 3343,	
58 1 626 1 3339,	
10% 1 626 1 3327,	
superior 1 626 1 3325,	
envase 2 626 2 5201,5232,	
porcentaje 1 626 1 3324,	
40 1 626 1 3309,	
45 2 626 2 3274,3791,	
benzoato 2 626 2 5067,5131,	
Dependiendo 1 626 1 4162,	
brazo 1 626 1 3269,	
HOPE 1 626 1 3245,	
(27 1 626 1 3237,	
90 1 626 1 3230,	
(12 1 626 1 3227,	
39 1 626 1 3222,	
(19 1 626 1 3220,	
64 1 626 1 3216,	
% 1 626 1 3205,	
comunicadas 2 626 2 3197,3317,	
reacciones 4 626 4 3195,3315,4224,4711,	
relacionada 2 626 2 3190,3293,	
adversa 2 626 2 3189,3292,	
reacción 2 626 2 3188,3291,	
comunicaron 2 626 2 3184,3287,	
%) 8 626 8 3183,3221,3228,3238,3286,3344,3351,3361,	
(46 2 626 2 3182,3285,	
41 1 626 1 3175,	
edades 4 626 4 3172,3306,4085,4148,	
53 2 626 2 3169,3303,	
tubular 1 626 1 4656,	
leiomiomas 1 626 1 3419,	
conjugados/2 1 626 1 3155,	
331 2 626 2 3145,3264,	
brazos 2 626 2 3142,3261,	
randomizada 2 626 2 3137,3256,	
asignadas 2 626 2 3134,3253,	
posmenopáusicas 2 626 2 3132,3251,	
2805 2 626 2 3130,3249,	
(HOPE) 1 626 1 3126,	
Estrogen 1 626 1 3124,	
adversas 4 626 4 3114,3196,3316,4225,	
Reacciones 2 626 2 3113,3528,	
Ictericia 1 626 1 4274,	
esperar 1 626 1 3100,	
utilización 1 626 1 3094,	
E-172 2 626 2 5023,5087,	
maquinaria 2 626 2 3091,3110,	
utilizar 2 626 2 3090,3109,	
capacidad 2 626 2 3086,3105,	
Lactancia 1 626 1 3072,	
fetotóxicos 1 626 1 3071,	
teratógenos 1 626 1 3069,	
recientes 2 626 2 3628,3911,	
mostraron 1 626 1 3067,	
inadvertida 1 626 1 3063,	
fetal 1 626 1 3062,	
abdominal; 1 626 1 3435,	
fecha 1 626 1 3054,	
realizados 1 626 1 3051,	
resultados 2 626 2 3044,4124,	
feto 1 626 1 3042,	
indican 4 626 4 3030,3739,4306,4675,	
exposiciones 1 626 1 3025,	
amplio 1 626 1 3023,	
disponibles 1 626 1 3019,	
produce 1 626 1 3002,	
lactancia 2 626 2 2991,3080,	
insulina 2 626 2 2986,4864,	
antidiabéticos 1 626 1 2983,	
requerida 1 626 1 2981,	
Cada 2 626 2 5200,5231,	
cambio 1 626 1 2977,	
Puede 1 626 1 2974,	
influyan 1 626 1 2970,	
controlarse 1 626 1 2963,	
III 3 626 3 2956,3211,3334,	
(20 1 626 1 3360,	
antitrombina 1 626 1 2955,	
tromboplastina 1 626 1 2949,	
coagulación 1 626 1 2943,	
alteraciones 3 626 3 2937,3407,4269,	
presentado 1 626 1 2936,	
refería 1 626 1 3059,	
secundarios 1 626 1 2933,	
sacarosa 2 626 2 4984,5035,	
necesarias 1 626 1 4342,	
libido; 1 626 1 3474,	
resultar 1 626 1 2930,	
17--estradiol 1 626 1 2926,	
incrementar 2 626 2 2921,4843,	
ketoconazol 1 626 1 2919,	
eritromicina 1 626 1 2917,	
cimetidina 1 626 1 2916,	
CYP3A4 1 626 1 2912,	
uterinos 2 626 2 2907,3420,	
patrón 1 626 1 2903,	
reducción 1 626 1 2894,	
traducirse 1 626 1 2891,	
inducir 1 626 1 2871,	
perforatum) 1 626 1 2868,	
(Hypericum 1 626 1 2867,	
Juan 1 626 1 2866,	
San 2 626 2 2865,5288,	
hierba 1 626 1 2863,	
45-65 1 626 1 4087,	
contengan 1 626 1 2862,	
plantas 1 626 1 2859,	
Preparaciones 1 626 1 2855,	
conducir 2 626 2 3088,3107,	
inductoras 1 626 1 2845,	
propiedades 1 626 1 2844,	
contrario 1 626 1 2842,	
P450 1 626 1 2838,	
cefaleas 2 626 2 3342,3447,	
potentes 1 626 1 2832,	
nelfinavir) 1 626 1 2828,	
ritonavir 1 626 1 2826,	
proteasa 1 626 1 2823,	
inhibidores 3 626 3 2820,2831,2909,	
precaución 1 626 1 2814,	
nevirapina 1 626 1 2809,	
rifabutina 1 626 1 2808,	
rifampicina 1 626 1 2807,	
antiinfecciosos 1 626 1 2805,	
fenilbutazona 1 626 1 2803,	
meprobamato 1 626 1 2802,	
producen 1 626 1 4599,	
carbamazepina) 1 626 1 2801,	
fenitoína 1 626 1 2800,	
Fenobarbital 1 626 1 2799,	
tumor 1 626 1 4810,	
P-450 1 626 1 2794,	
citocromo 2 626 2 2793,2837,	
específicamente 1 626 1 2789,	
fármacos 3 626 3 2788,2968,4682,	
metabolizadores 1 626 1 2786,	
prurito 1 626 1 3495,	
enzimas 3 626 3 2785,2791,2835,	
inducen 1 626 1 2783,	
sustancias 1 626 1 2778,	
concomitante 3 626 3 2776,2851,2966,	
aumentado 1 626 1 2772,	
ocurridas 2 626 2 3200,3321,	
interacción 3 626 3 2762,4665,4696,	
formas 1 626 1 2760,	
medicamentos 2 626 2 2757,5347,	
Interacciones 1 626 1 2753,	
evidencia 1 626 1 4537,	
fertilidad 1 626 1 2750,	
restablecerá 1 626 1 2748,	
media 3 626 3 3161,3298,3877,	
adversos 1 626 1 3035,	
anticonceptivo 1 626 1 2746,	
advertirse 1 626 1 2736,	
Aluminio 1 626 1 5182,	
incrementadas 1 626 1 2734,	
ceruloplasmina 1 626 1 2730,	
alfa-1-antitripsina 1 626 1 2728,	
renina/angiotensinógeno 1 626 1 2727,	
sustrato 1 626 1 2726,	
plasmáticas 2 626 2 2723,2924,	
respectivamente 1 626 1 2709,	
esteroides 2 626 2 2707,2854,	
corticoesteroides 1 626 1 2705,	
elevación 1 626 1 2700,	
dará 1 626 1 2696,	
edad 4 626 4 3163,3300,3943,4079,	
(SHBG) 1 626 1 2693,	
sexuales 1 626 1 2692,	
cantidad 1 626 1 2980,	
(CBG) 1 626 1 2685,	
sobredosificación 2 626 2 4331,4339,	
corticoides 1 626 1 2684,	
modificadas 1 626 1 2676,	
verse 2 626 2 2675,2732,	
séricas 1 626 1 2667,	
modifican 2 626 2 2664,2720,	
libres 1 626 1 2661,	
concentraciones 4 626 4 2656,2666,2711,2923,	
spotting; 1 626 1 3414,	
disminuida 1 626 1 2647,	
recaptación 1 626 1 2643,	
T3 3 626 3 2638,2645,2658,	
radioinmunoensayo) 2 626 2 2633,2641,	
Relación 1 626 1 4973,	
T4 2 626 2 2628,2660,	
vagina 1 626 1 4744,	
proteína) 1 626 1 2624,	
Clínicamente 1 626 1 2879,	
ligado 1 626 1 2622,	
(yodo 1 626 1 2621,	
refleja 2 626 2 2618,2650,	
circulante 1 626 1 2616,	
hormona 2 626 2 2614,2713,	
niveles 4 626 4 2611,2626,2636,2703,	
dando 1 626 1 2608,	
(TBG) 1 626 1 2607,	
(E-132) 3 626 3 5013,5072,5142,	
tiroidea 2 626 2 2606,2615,	
globulina 3 626 3 2605,2680,2687,	
aumentan 2 626 2 2601,4452,	
medicación 1 626 1 2598,	
definitiva 1 626 1 2596,	
retirar 1 626 1 2593,	
benignos 1 626 1 3511,	
vasculares 2 626 2 2587,3480,	
Sobredosificación 1 626 1 4290,	
lesiones 2 626 2 2586,4886,	
papiloedema 1 626 1 2584,	
tejido 1 626 1 3457,	
revelan 1 626 1 2583,	
análisis 1 626 1 2582,	
diplopía 1 626 1 2565,	
proptosis 1 626 1 2564,	
repentina 2 626 2 2558,2562,	
parcial 2 626 2 2555,2950,	
total 3 626 3 2553,3128,3247,	
visión 1 626 1 2552,	
recibían 1 626 1 2545,	
retina 3 626 3 2541,2590,4285,	
40) 2 626 2 3700,3786,	
notificado 1 626 1 2537,	
utilizados 1 626 1 2531,	
jóvenes 1 626 1 2526,	
aplicables 1 626 1 2521,	
consiste 1 626 1 4841,	
hallazgos 1 626 1 2519,	
desconoce 1 626 1 2516,	
beta 1 626 1 4857,	
65 4 626 4 2513,3178,3312,4154,	
contínuo 1 626 1 2500,	
comienzan 1 626 1 2497,	
demencia 1 626 1 2493,	
7 3 626 3 3082,5195,5266,	
Existen 1 626 1 2480,	
indicación 1 626 1 2479,	
eficacia 1 626 1 2476,	
cognitivo 1 626 1 2469,	
cognitiva 1 626 1 2464,	
disponga 1 626 1 2451,	
meta-análisis 1 626 1 4543,	
controladas 1 626 1 2441,	
diabéticas 1 626 1 2438,	
séricos 1 626 1 2708,	
carbohidratos 1 626 1 2435,	
metabolismo 5 626 5 2432,2764,2873,2884,4594,	
alteran 1 626 1 2430,	
sugieren 1 626 1 2425,	
recogidos 1 626 1 2421,	
reactivamente 1 626 1 4854,	
Aunque 1 626 1 2418,	
cardíacos 1 626 1 3568,	
alteración 1 626 1 2417,	
pancreatitis 2 626 2 2406,3432,	
lugar 3 626 3 2401,2609,2697,	
plasmáticos 1 626 1 2397,	
importantes 1 626 1 2394,	
etanol 2 626 2 5024,5088,	
elevaciones 1 626 1 2393,	
raramente 1 626 1 2390,	
descrito 4 626 4 2389,4222,4311,5149,	
dado 2 626 2 2385,2400,	
hormonas 4 626 4 2384,2691,2853,4902,	
u 1 626 1 2383,	
vigiladas 1 626 1 2376,	
pre-existente 1 626 1 2372,	
hipertrigliceridemia 1 626 1 2371,	
aumente 1 626 1 2367,	
circulantes 1 626 1 2360,	
principios 3 626 3 2359,4393,4406,	
precisarse 1 626 1 2975,	
plasmático 1 626 1 2356,	
nivel 2 626 2 2355,4782,	
terminal 1 626 1 2351,	
fase 3 626 3 2350,3210,3333,	
insuficiencia 1 626 1 2347,	
También 1 626 1 2338,	
procedentes 3 626 3 3589,3736,3799,	
líquidos 1 626 1 2337,	
retención 1 626 1 2335,	
causar 1 626 1 2334,	
cardiaca 1 626 1 2328,	
lactosa 3 626 3 4988,5039,5107,	
renal 2 626 2 2326,2348,	
vigilar 2 626 2 2319,2341,	
Otras 3 626 3 2315,2721,5259,	
supone 1 626 1 2303,	
presentó 1 626 1 4566,	
combinada 4 626 4 2302,3827,3954,4019,	
frecuentemente 1 626 1 3199,	
claro 1 626 1 2293,	
contienen 5 626 5 2269,2313,3636,3669,3704,	
años) 2 626 2 2265,4088,	
(al 1 626 1 2259,	
ovario 2 626 2 2251,2286,	
9 5 626 5 2236,4041,4289,5037,5314,	
1) 1 626 1 2223,	
sería 1 626 1 2215,	
adicionales 5 626 5 2214,3918,3968,4035,4054,	
11 1 626 1 2188,	
cerebral 2 626 2 2133,2166,	
secundario 1 626 1 2125,	
halló 1 626 1 2122,	
WHI) 1 626 1 2120,	
(ensayo 1 626 1 2119,	
exposición 1 626 1 3061,	
global 3 626 3 2112,3613,3720,	
ningún 2 626 2 2110,3101,	
morbilidad 1 626 1 2101,	
demostrado 2 626 2 2094,2475,	
Study) 1 626 1 2092,	
replacement 1 626 1 2091,	
Estrogen/progestin 1 626 1 2090,	
and 1 626 1 2089,	
Heart 1 626 1 2088,	
HERS 1 626 1 2087,	
escala 1 626 1 2084,	
gran 2 626 2 2083,2115,	
Dos 1 626 1 2079,	
columna 1 626 1 2631,	
combinado 5 626 5 2070,2144,2501,4230,4980,	
beneficio 2 626 2 2064,2111,	
muestran 3 626 3 2063,2486,2843,	
randomizados 1 626 1 2061,	
controlados 1 626 1 2060,	
clínicos 3 626 3 2059,2081,3018,	
ensayos 3 626 3 2058,2080,4545,	
MINISTERIO 5 626 5 2043,2534,3548,3903,5103,	
plasminógeno 1 626 1 2958,	
disnea) 1 626 1 2042,	
pecho 1 626 1 2041,	
repentino 1 626 1 2038,	
pierna 1 626 1 2036,	
dolorosa 1 626 1 2033,	
tumefacción 1 626 1 2032,	
tromboembólico 1 626 1 2029,	
unión 4 626 4 2603,2672,2682,2689,	
episodio 1 626 1 2028,	
resultado 1 626 1 2124,	
sugerir 1 626 1 2026,	
pueda 1 626 1 2025,	
síntoma 1 626 1 2023,	
observen 1 626 1 2018,	
contacto 2 626 2 2013,3547,	
pongan 1 626 1 2010,	
(ej 2 626 2 2798,2806,	
cuadro 2 626 2 1999,2404,	
movilidad 1 626 1 1990,	
(0 4 626 4 5212,5222,5243,5253,	
nuevo 1 626 1 1989,	
tenga 1 626 1 1987,	
Progestin 1 626 1 3123,	
reinstaurarse 1 626 1 1982,	
inferiores 1 626 1 1977,	
ortopédica 1 626 1 1974,	
abdominal 4 626 4 1970,3226,3349,3437,	
particularmente 1 626 1 1968,	
electiva 1 626 1 1967,	
prevea 1 626 1 1958,	
quirúrgicas 1 626 1 1953,	
intervenciones 1 626 1 1952,	
semanas 1 626 1 1949,	
temporal 1 626 1 1942,	
interrupción 1 626 1 1941,	
conveniente 1 626 1 1939,	
profilácticas 1 626 1 1933,	
búsqueda 1 626 1 4950,	
medidas 1 626 1 1932,	
prestará 1 626 1 1927,	
postoperatorio 1 626 1 1925,	
igual 1 626 1 1917,	
quirúrgica 1 626 1 1914,	
intestino 1 626 1 4617,	
intervención 1 626 1 1913,	
flujo; 1 626 1 3406,	
Tras 1 626 1 1911,	
encontraría 1 626 1 4037,	
cirugía 4 626 4 1909,1966,1969,1973,	
traumatismo 1 626 1 1906,	
prolongada 2 626 2 1902,1961,	
inmovilización 2 626 2 1901,1960,	
temporalmente 1 626 1 1898,	
incrementarse 1 626 1 1897,	
comenzar 1 626 1 1889,	
requieren 1 626 1 1874,	
anticoagulantes 1 626 1 1873,	
estén 1 626 1 1869,	
anticoagulante 1 626 1 1864,	
fondo 1 626 1 1853,	
evaluación 1 626 1 1851,	
realizado 3 626 3 1849,2576,4692,	
contraindicado 1 626 1 1844,	
considerarse 1 626 1 1843,	
recurrentes 1 626 1 1833,	
diferencial 1 626 1 2579,	
espontáneo 1 626 1 1832,	
aborto 1 626 1 1831,	
existencia 1 626 1 1822,	
estudiar 1 626 1 1820,	
predisposición 1 626 1 1816,	
Con 2 626 2 1809,3982,	
aumentar 1 626 1 1806,	
conocidos 1 626 1 1796,	
trombofílicos 2 626 2 1795,1857,	
varices 1 626 1 1781,	
influencia 1 626 1 1778,	
consenso 1 626 1 1774,	
existe 1 626 1 1773,	
No 7 626 7 1772,2046,2291,4326,4689,5146,5190,	
lupus 1 626 1 1768,	
30 3 626 3 1765,3695,3781,	
> 1 626 1 1764,	
corporal 1 626 1 1763,	
masa 2 626 2 1762,4433,	
severa 1 626 1 1759,	
obesidad 1 626 1 1758,	
mencionar 1 626 1 1753,	
caben 1 626 1 1752,	
Entre 1 626 1 1745,	
contraindicación 1 626 1 1744,	
constituya 1 626 1 1742,	
factor 1 626 1 1733,	
presente 1 626 1 1731,	
esté 1 626 1 1730,	
riesgo/beneficio 1 626 1 1725,	
balance 1 626 1 1724,	
actualidad 1 626 1 2424,	
consulta 1 626 1 1719,	
cuidadosamente 1 626 1 1717,	
presentan 1 626 1 3865,	
evaluarse 1 626 1 1716,	
Deberá 2 626 2 1715,2735,	
año 4 626 4 1706,2106,3118,3242,	
probable 3 626 3 1702,2365,2492,	
9) 1 626 1 1688,	
4) 4 626 4 1672,2240,4044,4092,	
= 4 626 4 1671,1687,2222,2239,	
estimación 8 626 8 1670,1686,2221,2238,3639,3681,4043,4130,	
(mejor 5 626 5 1669,1685,2220,2237,4042,	
6 14 626 14 1668,1948,2988,3821,3936,4967,4971,5143,5150,5157,5167,5183,5184,5194,	
seria 1 626 1 1664,	
periodo 2 626 2 1660,3921,	
adicional 1 626 1 1653,	
utilizan 4 626 4 1646,2154,2202,2848,	
sanas 2 626 2 1644,2139,	
orales 2 626 2 2984,4305,	
60-69 4 626 4 1637,1694,2194,2247,	
50-59 4 626 4 1627,1678,2184,2230,	
N-butil 2 626 2 5025,5089,	
1000 13 626 13 1624,1634,1675,1691,2181,2191,2226,2243,3907,3994,4014,4145,4818,	
período 2 626 2 1614,2171,	
TEV 11 626 11 1609,1657,1699,1739,1751,1786,1792,1801,1895,1937,2001,	
número 9 626 9 1605,1652,2160,2211,3022,3592,3915,4032,4051,	
manipulación 1 626 1 5189,	
estima 4 626 4 1602,1640,2157,2197,	
tratadas 8 626 8 1591,1596,1600,1871,2228,2245,3148,3996,	
veces 3 626 3 1586,4192,4771,	
encontrado 1 626 1 1579,	
randomizado 3 626 3 1574,2118,3601,	
Un 1 626 1 1571,	
tromboembolismo 2 626 2 1560,1829,	
desarrollar 1 626 1 1559,	
observación 1 626 1 1547,	
trombóticos 1 626 1 1541,	
tengan 1 626 1 1535,	
Women´s 1 626 1 3120,	
pacientes 12 626 12 1533,1590,1788,1836,1922,2323,2345,2414,2543,3166,3207,3330,	
TEV) 1 626 1 1531,	
validez 1 626 1 5154,	
(tromboembolismo 1 626 1 1528,	
embolia 3 626 3 1526,1569,3483,	
trombosis 3 626 3 1523,1565,2538,	
así 1 626 1 1521,	
cerebrovascular 2 626 2 1520,3453,	
accidente 4 626 4 1519,2131,2164,3450,	
miocardio 2 626 2 1517,3567,	
efectos 6 626 6 1511,2897,2932,3034,3068,4313,	
TRE 1 626 1 1498,	
venosos 1 626 1 1496,	
arteriales 1 626 1 1494,	
Efectos 2 626 2 1492,3083,	
TBG 1 626 1 2654,	
detección 1 626 1 1487,	
dificultar 1 626 1 1485,	
mamografías 1 626 1 1481,	
imágenes 1 626 1 1478,	
densidad 1 626 1 1475,	
estrógeno+progestágeno 2 626 2 1472,3756,	
especialmente 1 626 1 1469,	
placebo 4 626 4 1466,3605,3848,3998,	
comparado 3 626 3 1463,3741,4194,	
linfáticos 1 626 1 1462,	
ligeramente 1 626 1 1450,	
Datos 1 626 1 4716,	
tamaño 2 626 2 1449,3409,	
asoció 1 626 1 1443,	
WHI 6 626 6 1428,2484,3802,3863,3928,4541,	
estudio 7 626 7 1427,3244,3688,3862,4540,4663,4749,	
vías 1 626 1 1422,	
diferente 2 626 2 1419,2306,	
indicaron 1 626 1 1416,	
datos 12 626 12 1414,2056,2420,2481,3017,3588,3649,3735,3798,3857,3984,4660,	
porfiria 1 626 1 4279,	
diagnosticarían 1 626 1 4003,	
Los 15 626 15 1413,1532,2055,2599,2908,3016,3043,3734,3797,4392,4427,4442,4577,4628,4659,	
continua 2 626 2 1403,1433,	
combinaron 1 626 1 1395,	
mayor 10 626 10 1392,1451,1456,1556,1587,1910,3319,3721,3761,4193,	
resultó 1 626 1 1391,	
equinos 8 626 8 1387,1436,2504,3833,3960,4025,4670,4702,	
MWS 4 626 4 1378,3738,3859,3869,	
aproximadamente 4 626 4 1368,3899,4004,4141,	
pérdida 3 626 3 2550,4410,4431,	
basales 1 626 1 1363,	
valores 2 626 2 1362,4778,	
retornando 1 626 1 1359,	
aparente 1 626 1 1345,	
comienza 1 626 1 1342,	
tibolona 2 626 2 1322,3789,	
combinados 1 626 1 1318,	
tomando 2 626 2 1315,2819,	
revelado 1 626 1 1302,	
epidemiológicos 8 626 8 1300,1577,2290,3050,3596,3653,3716,4127,	
conectivo 1 626 1 3464,	
estudios 10 626 10 1299,1576,2289,3049,3595,3652,3715,4126,4468,4694,	
Study 3 626 3 1295,3125,3692,	
Women 2 626 2 1294,3691,	
Million 2 626 2 1293,3690,	
(WHI) 2 626 2 1291,3610,	
Initiative 2 626 2 1290,3609,	
Health 3 626 3 1289,3121,3608,	
(determinados 2 626 2 2629,2639,	
Women's 2 626 2 1288,3607,	
controlado 3 626 3 1287,1573,3602,	
clínico 6 626 6 1286,2117,3214,3337,3600,4507,	
padecer 1 626 1 1280,	
incremento 7 626 7 1275,1339,1506,2488,4174,4217,4795,	
malignidad 1 626 1 1261,	
>1/10000 3 626 3 3372,3387,3559,	
excluir 1 626 1 1260,	
biopsia 1 626 1 1257,	
realizando 1 626 1 1254,	
biológicamente 1 626 1 2716,	
hemorragia 1 626 1 1253,	
etiología 1 626 1 1250,	
investigarse 1 626 1 1248,	
interrumpido 1 626 1 1246,	
vez 1 626 1 1240,	
persisten 1 626 1 1238,	
aumenta 3 626 3 1353,3618,4111,	
iniciado 2 626 2 1234,1861,	
haber 1 626 1 1233,	
después 5 626 5 1228,1371,2510,3818,3933,	
cervical 1 626 1 3426,	
irregulares 1 626 1 1223,	
sangrados 2 626 2 1222,2906,	
hemorragias 2 626 2 1220,1226,	
producirse 1 626 1 1219,	
PBI 1 626 1 2620,	
suelen 2 626 2 1218,4884,	
meses 1 626 1 1215,	
Durante 2 626 2 1212,3092,	
triglicéridos 1 626 1 2396,	
8) 3 626 3 1211,1331,1714,	
importante 4 626 4 1205,1907,4215,4490,	
manera 5 626 5 1204,4213,4489,4874,4925,	
reduce 2 626 2 1202,4211,	
12 2 626 2 1194,4191,	
progestágeno 5 626 5 1190,1398,1412,4203,4475,	
adición 2 626 2 1187,4473,	
prolongados 1 626 1 1185,	
períodos 1 626 1 1184,	
reciben 1 626 1 1180,	
incrementa 3 626 3 1176,1473,4736,	
general 1 626 1 4355,	
libre 1 626 1 2714,	
descritas 1 626 1 1156,	
aparezcan 1 626 1 1151,	
migrañoso 1 626 1 1143,	
tipo 3 626 3 1142,1410,2135,	
cabeza 1 626 1 1141,	
dolor 7 626 7 1139,2037,3225,3233,3348,3356,3434,	
presión 1 626 1 1137,	
deterioro 2 626 2 1128,2468,	
ictericia 1 626 1 1126,	
IC 3 626 3 3768,3782,3792,	
inmediatamente 3 626 3 1116,2011,3015,	
isquémico 1 626 1 2136,	
suspender 2 626 2 1115,1373,	
continuar 1 626 1 1110,	
base 3 626 3 1104,2857,4775,	
reevaluarse 1 626 1 1094,	
diagnostica 1 626 1 1074,	
Prurito 1 626 1 1071,	
Asma 1 626 1 1067,	
Epilepsia 1 626 1 1065,	
(LES) 2 626 2 1054,1771,	
sistémico 2 626 2 1053,1770,	
eritematoso 2 626 2 1052,1769,	
reabsorbidos 1 626 1 4614,	
Lupus 1 626 1 1051,	
(grave) 1 626 1 1049,	
cefalea 2 626 2 1048,3219,	
Migraña 1 626 1 1046,	
distintas 1 626 1 1421,	
Colelitiasis 1 626 1 1044,	
vascular 6 626 6 1042,2132,2165,2539,4268,4283,	
Diabetes 1 626 1 1036,	
renales 1 626 1 1034,	
adenoma 1 626 1 1030,	
hepáticos 2 626 2 1027,4249,	
Trastornos 16 626 16 1026,1033,3392,3428,3438,3454,3467,3477,3484,3487,3498,3526,3532,3540,3564,3569,	
Hipertensión 2 626 2 1023,4287,	
grado 1 626 1 1021,	
familiares 3 626 3 1018,1757,1827,	
p 2 626 2 1012,4239,	
dependientes 1 626 1 1011,	
tumores 5 626 5 1009,1445,4798,4878,4963,	
conoce 1 626 1 2781,	
Factores 1 626 1 1005,	
continuación) 2 626 2 1003,1063,	
trastornos 2 626 2 999,1540,	
factores 5 626 5 995,1536,1747,1856,2951,	
disfunción 1 626 1 2325,	
Antecedentes 2 626 2 993,1056,	
uterino) 1 626 1 989,	
(fibroma 1 626 1 988,	
Leiomioma 1 626 1 987,	
paciente 2 626 2 985,1722,	
estrechamente 4 626 4 982,2320,2342,2375,	
vigilarse 1 626 1 981,	
previo 1 626 1 979,	
Km 2 626 2 5280,5284,	
embarazo 5 626 5 973,1145,2999,3004,3028,	
agravado 1 626 1 970,	
y/o 1 626 1 967,	
previamente 1 626 1 966,	
medicinales 1 626 1 2860,	
ocurrido 1 626 1 965,	
X 1 626 1 2954,	
situaciones 2 626 2 962,1125,	
años 30 626 30 1327,1349,1370,1617,1628,1638,1650,1663,1679,1695,2174,2185,2195,2209,2231,2248,2514,3170,3179,3304,3313,3822,3937,3949,4001,4047,4155,4549,4755,5156,	
aparece 4 626 4 958,1120,1997,2548,	
Si 6 626 6 957,1072,1224,2547,2580,3000,	
agravarse 1 626 1 950,	
recurrir 1 626 1 948,	
enumeran 1 626 1 946,	
seguidamente 1 626 1 944,	
endometriosis 2 626 2 940,991,	
diagnóstico 2 626 2 938,2578,	
exista 1 626 1 936,	
solos 4 626 4 931,1182,4119,4209,	
sustitutivo 2 626 2 928,2380,	
recibir 1 626 1 926,	
deberán 5 626 5 925,1093,1542,2373,2439,	
postmenopáusica 1 626 1 924,	
requieran 1 626 1 921,	
histerectomizadas 4 626 4 919,1201,2274,4503,	
corta 1 626 1 916,	
Vómitos; 1 626 1 3431,	
duración 5 626 5 912,1356,3621,4114,4165,	
menor 2 626 2 908,4929,	
caso 2 626 2 899,1148,	
clínicas 1 626 1 896,	
necesidades 1 626 1 895,	
adaptándolas 1 626 1 892,	
aceptadas 1 626 1 891,	
práctica 1 626 1 889,	
guías 1 626 1 887,	
acuerdo 3 626 3 884,3585,4121,	
periódicamente 1 626 1 882,	
carcinomas) 1 626 1 4806,	
advertidas 1 626 1 2006,	
El 13 626 13 1166,1266,1284,1892,1978,1992,2252,2763,3849,3868,4050,4525,4593,	
mamografía 1 626 1 879,	
(MWS) 2 626 2 1296,3693,	
incluyendo 1 626 1 878,	
plazo 3 626 3 2256,2299,4726,	
exploraciones 1 626 1 877,	
Las 12 626 12 876,917,941,1787,1865,2002,2368,2655,2665,2710,3194,3314,	
adelante) 1 626 1 875,	
mama"" 1 626 1 873,	
""cáncer 1 626 1 871,	
enfermera 1 626 1 869,	
médico 2 626 2 867,2016,	
informar 1 626 1 864,	
deben 3 626 3 863,880,2004,	
miembros 1 626 1 1976,	
pechos 1 626 1 859,	
detecten 1 626 1 856,	
cambios 4 626 4 854,2900,3475,3517,	
acerca 1 626 1 849,	
orientarse 1 626 1 845,	
Debe 1 626 1 844,	
condiciones 5 626 5 840,942,1081,1155,2316,	
estarán 1 626 1 835,	
frecuencia 4 626 4 834,1457,3320,4738,	
naturaleza 1 626 1 832,	
cuya 1 626 1 831,	
médicos 1 626 1 826,	
exámenes 1 626 1 825,	
recomiendan 1 626 1 824,	
Se 13 626 13 823,900,1113,1639,2196,2317,2515,2535,2811,2934,4220,4829,4865,	
anticonvulsivantes 1 626 1 2797,	
hepático) 1 626 1 1031,	
advertencias 1 626 1 817,	
Julio 2 626 2 5327,5333,	
contraindicaciones 1 626 1 815,	
cuenta 1 626 1 809,	
pelvis) 1 626 1 804,	
óxido 1 626 1 5073,	
(10 1 626 1 3350,	
estados 1 626 1 1794,	
mamas 6 626 6 802,3236,3359,3404,3423,3520,	
(incluyendo 3 626 3 801,3448,3521,	
física 1 626 1 800,	
exploración 1 626 1 799,	
familiar 1 626 1 797,	
personal 1 626 1 795,	
completa 2 626 2 794,1991,	
clínica 4 626 4 793,812,890,4697,	
historia 2 626 2 792,811,	
(THS) 1 626 1 788,	
significativo 1 626 1 1134,	
iniciar 1 626 1 780,	
Antes 1 626 1 778,	
médicos/seguimiento 1 626 1 777,	
Exámenes 1 626 1 776,	
coronarias 1 626 1 775,	
cardíacas 1 626 1 774,	
prevenir 4 626 4 772,1935,2052,2466,	
cardiovasculares 3 626 3 763,1512,2054,	
enfermedades 3 626 3 762,773,2053,	
aumento 11 626 11 754,1133,1304,2097,2127,2280,2652,2881,3401,3425,4246,	
asociado 4 626 4 751,1272,1503,2277,	
náuseas 1 626 1 4321,	
La 16 626 16 747,764,798,1186,1467,1497,1550,1696,2455,2642,3160,3297,4315,4536,4720,4807,	
superen 1 626 1 744,	
mantenerse 2 626 2 740,1543,	
riesgos 4 626 4 731,746,1098,1883,	
cuidadosa 3 626 3 728,1546,1877,	
valoración 2 626 2 727,1876,	
parámetros 2 626 2 2941,2973,	
anualmente 1 626 1 725,	
realizarse 3 626 3 722,790,881,	
mujer 4 626 4 715,843,1986,2817,	
vida 1 626 1 712,	
Almacenar 1 626 1 5163,	
(50 1 626 1 4770,	
calidad 1 626 1 710,	
negativamente 1 626 1 708,	
afectan 1 626 1 707,	
THS 37 626 37 699,736,748,765,822,1092,1101,1269,1324,1337,1468,1500,1551,1647,1710,1728,1804,1840,1886,2050,2155,2258,2301,2456,2533,3630,3664,3750,3826,3895,3913,3953,4018,4063,4075,4138,4206,	
recomendadas 1 626 1 690,	
exceder 1 626 1 687,	
ensayo 11 626 11 1285,1572,2116,2483,3213,3336,3599,3801,3927,3986,4506,	
cuidado 1 626 1 684,	
especial 2 626 2 683,1928,	
ponerse 1 626 1 682,	
debe 11 626 11 681,701,720,738,789,805,980,1981,1994,2458,3012,	
reabsorción 1 626 1 4655,	
hormonal 4 626 4 680,785,923,978,	
terapia 3 626 3 677,922,4354,	
En 15 626 15 675,716,1376,1425,1834,2113,2150,3115,3239,3925,4096,4334,4747,4881,4934,	
Porfiria 1 626 1 666,	
alteradas 1 626 1 664,	
sigan 1 626 1 663,	
función 4 626 4 661,837,1131,2463,	
pruebas 1 626 1 659,	
enfermedad 1 626 1 655,	
153 2 626 2 3180,3283,	
(WHI 1 626 1 2085,	
antecedente 1 626 1 653,	
estuvieron 1 626 1 3266,	
aguda 1 626 1 651,	
hepática 4 626 4 650,656,662,1132,	
excipientes 2 626 2 647,4975,	
activo 1 626 1 641,	
principio 1 626 1 640,	
79 1 626 1 3948,	
Hipersensibilidad 1 626 1 637,	
miocardio) 1 626 1 635,	
pertinencia 1 626 1 1108,	
infarto 2 626 2 633,1515,	
angina 1 626 1 632,	
reciente 1 626 1 629,	
mayores 1 626 1 4772,	
activa 2 626 2 627,2717,	
arterial 3 626 3 626,1024,1138,	
tromboembólica 1 626 1 625,	
Enfermedad 3 626 3 624,649,2044,	
conocida 3 626 3 622,638,3878,	
trombofílica 2 626 2 621,1817,	
Alteración 1 626 1 620,	
pulmonar) 1 626 1 618,	
Embarazo 1 626 1 2989,	
embolismo 1 626 1 617,	
dosis-dependiente 1 626 1 4796,	
Cefaleas 1 626 1 3440,	
profunda 2 626 2 616,1567,	
venosa 3 626 3 615,1524,1566,	
(trombosis 1 626 1 614,	
idiomático 1 626 1 609,	
infestaciones 1 626 1 3506,	
(TEV) 2 626 2 608,1562,	
venoso 6 626 6 607,1529,1549,1561,3481,4626,	
Tromboembolismo 3 626 3 606,1548,3478,	
tratada 1 626 1 604,	
Hiperplasia 1 626 1 600,	
vaginal 2 626 2 596,3505,	
Hemorragia 1 626 1 595,	
endometrio) 1 626 1 593,	
cáncer 21 626 21 591,1014,1172,1281,1308,1382,1489,2284,3513,3615,3723,3763,3807,3880,3970,4008,4056,4108,4159,4178,4243,	
ej 7 626 7 590,631,1013,1029,2031,2825,4240,	
continuarse 1 626 1 770,	
(p 5 626 5 589,630,1028,2030,2824,	
descartar 1 626 1 1813,	
malignos 2 626 2 583,3516,	
estrógeno-dependientes 2 626 2 582,4235,	
Tumores 1 626 1 581,	
personales 3 626 3 575,1755,1825,	
antecedentes 5 626 5 574,611,1754,1790,1824,	
mama 18 626 18 573,1016,1265,1283,1310,1384,1447,1491,3583,3617,3725,3765,3809,3882,3972,4010,4058,4742,	
Cáncer 7 626 7 571,1163,1263,2249,3508,3581,4093,	
beneficios 4 626 4 733,743,1096,1880,	
- 29 626 29 570,580,594,599,605,619,623,636,648,665,986,992,1004,1022,1025,1032,1035,1043,1045,1050,1055,1064,1066,1068,1070,4524,4559,4773,5287,	
disposición 1 626 1 4678,	
kg/m2) 1 626 1 1766,	
Contraindicaciones 2 626 2 569,1162,	
reinstaurar 1 626 1 782,	
lado 1 626 1 553,	
sustitución 2 626 2 679,787,	
Por 4 626 4 551,3905,3992,4012,	
empleo) 1 626 1 550,	
especiales 4 626 4 548,672,5160,5193,	
precauciones 2 626 2 547,671,	
Advertencias 2 626 2 545,669,	
apartado 6 626 6 542,1159,1209,1329,1712,4090,	
(ver 8 626 8 541,870,1001,1061,1208,1328,1711,4089,	
sospecha 3 626 3 577,585,1085,	
histerectomía 1 626 1 540,	
mejorar 1 626 1 2461,	
sometidas 1 626 1 537,	
sido 1 626 1 536,	
(en 1 626 1 3654,	
Osteoporosis 1 626 1 3122,	
han 14 626 14 535,969,1301,1502,1578,2093,2388,2399,2935,3747,4221,4310,4691,5148,	
+ 2 626 2 3962,4027,	
endometrial 4 626 4 526,1258,1262,4242,	
carcinoma 2 626 2 525,4463,	
endometrio 15 626 15 523,602,1060,1165,1174,4095,4106,4110,4161,4180,4245,4448,4458,4465,4496,	
hiperplasia 7 626 7 521,1058,1169,4104,4241,4456,4494,	
reducir 1 626 1 517,	
Debido 1 626 1 510,	
posible 4 626 4 509,1777,1815,2096,	
corto 1 626 1 508,	
eficaz 1 626 1 500,	
mínima 2 626 2 499,4658,	
dosis 9 626 9 498,689,909,4170,4300,4760,4816,4839,4941,	
casos 19 626 19 496,719,1607,1655,2162,2213,2391,3217,3223,3231,3340,3346,3354,3917,3967,4006,4034,4053,4328,	
utilizarse 3 626 3 492,2048,2459,	
empeoramiento 1 626 1 1076,	
climatéricos 2 626 2 490,697,	
continuación 2 626 2 484,3867,	
comienzo 2 626 2 480,4081,	
Tanto 1 626 1 477,	
siguiente 3 626 3 472,3887,3991,	
protrombina 1 626 1 2946,	
ciclo 4 626 4 463,473,1197,4482,	
20 1 626 1 460,	
sangrado 2 626 2 456,4323,	
aparición 8 626 8 453,1087,1697,1737,1784,2020,2561,3032,	
proteínas 2 626 2 2670,2722,	
generalmente 1 626 1 450,	
asocia 4 626 4 449,1553,3758,4533,	
28 3 626 3 445,465,475,	
15 2 626 2 443,1684,	
ó 1 626 1 436,	
administran 1 626 1 434,	
aparecen 3 626 3 1227,1611,2168,	
administra 2 626 2 430,514,	
día 4 626 4 424,442,459,469,	
primer 6 626 6 423,1020,1705,2105,3117,3241,	
comience 1 626 1 421,	
indica 1 626 1 3717,	
recomienda 2 626 2 417,556,	
embargo 2 626 2 411,4612,	
Sin 1 626 1 410,	
momento 1 626 1 409,	
iniciarse 3 626 3 406,703,768,	
sólo 2 626 2 2271,2312,	
menopáusicas 2 626 2 402,415,	
mayoría 2 626 2 399,3046,	
Para 7 626 7 397,691,1332,1597,3631,3701,3889,	
regulares 2 626 2 396,827,	
ciclos 1 626 1 395,	
desea 1 626 1 393,	
Dolor 1 626 1 3394,	
administrado 1 626 1 384,	
diseñado 1 626 1 381,	
migraña 1 626 1 2567,	
envases 1 626 1 377,	
descanso 1 626 1 375,	
conjugados/MPA 3 626 3 373,5221,5252,	
tomarse 1 626 1 363,	
debiendo 1 626 1 362,	
días 6 626 6 361,367,466,476,1195,4480,	
14 6 626 6 360,366,5206,5216,5237,5247,	
barniz 3 626 3 5005,5056,5124,	
Otosclerosis 1 626 1 1069,	
primeros 3 626 3 359,1214,1348,	
durante 27 626 27 357,501,828,951,971,975,1088,1183,1191,1325,1648,1703,2140,2207,2377,2442,2997,3005,3026,3078,3208,3331,3919,4417,4476,4529,4753,	
toma 1 626 1 345,	
(E-218) 1 626 1 5066,	
consistente 1 626 1 342,	
independiente 1 626 1 1408,	
progestágenos 9 626 9 341,1320,2769,2878,2889,3707,3831,3958,4023,	
secuencial 2 626 2 339,1405,	
Púrpura 1 626 1 4267,	
mellitus 1 626 1 1037,	
continuo 3 626 3 335,2069,2143,	
régimen 1 626 1 334,	
comprimidos 6 626 6 327,369,5207,5217,5238,5248,	
son 9 626 9 326,852,2520,2830,4395,4580,4606,4613,4632,	
Posología 1 626 1 319,	
prevención 1 626 1 314,	
sobredosis 1 626 1 4316,	
autorizadas 1 626 1 311,	
contraindicadas 1 626 1 307,	
están 2 626 2 306,1314,	
o 52 626 52 302,576,584,610,628,642,652,769,781,868,949,963,974,990,994,1039,1047,1083,1127,1146,1237,1321,1389,1404,1530,1568,1756,1793,1826,1830,1858,1908,2327,2465,2527,2554,2559,2566,2585,2632,2634,2715,2729,2985,3070,3108,3627,3787,3910,4237,4439,4478,	
hidrosolubles 1 626 1 4631,	
toleran 1 626 1 301,	
inicio 1 626 1 2444,	
fracturas 1 626 1 298,	
futuras 1 626 1 297,	
· 12 626 12 3888,3904,4233,4250,4254,4266,4273,4276,4281,4286,4508,4519,	
(índice 1 626 1 1760,	
elevado 2 626 2 295,3593,	
riesgo 38 626 38 294,519,757,997,1007,1167,1207,1278,1306,1341,1380,1418,1509,1538,1557,1581,1735,1749,1799,1808,1893,2099,2129,2282,2305,2490,3612,3641,3719,3760,3805,3850,4102,4132,4176,4219,4461,4492,	
postmenopáusicas 2 626 2 292,2524,	
osteoporosis 3 626 3 289,316,4523,	
Prevención 2 626 2 287,4520,	
vaginales 1 626 1 285,	
tópicos 1 626 1 284,	
productos 9 626 9 283,1335,2267,2310,2530,3633,3667,3702,3730,	
conjugados/ 1 626 1 3278,	
considerar 2 626 2 279,903,	
deberá 14 626 14 278,491,767,901,1114,1247,1819,2047,2318,2340,2568,2592,2812,2962,	
vaginitis 1 626 1 272,	
únicamente 2 626 2 266,3670,	
anteriores 1 626 1 1082,	
producto 1 626 1 265,	
metástasis 1 626 1 1459,	
prescriba 1 626 1 263,	
Cuando 4 626 4 261,428,4199,4908,	
atrófica 3 626 3 260,273,276,	
uretritis 2 626 2 259,275,	
pulmonar 2 626 2 1527,1570,	
Vaginitis 2 626 2 257,3503,	
aumentados 1 626 1 2612,	
haya 3 626 3 1848,1860,2575,	
menopausia 5 626 5 255,4419,4426,4438,4531,	
Irritabilidad 1 626 1 3472,	
asociados 1 626 1 252,	
estradiol 2 626 2 1390,4404,	
vasomotores 1 626 1 251,	
Síntomas 1 626 1 250,	
intacto 3 626 3 248,566,4100,	
útero 4 626 4 247,388,565,4099,	
alternativas 1 626 1 309,	
mujeres 54 626 54 245,291,386,401,413,533,563,848,918,1178,1199,1312,1598,1625,1635,1643,1676,1692,1866,2003,2138,2151,2182,2192,2200,2227,2244,2273,2369,2437,2495,2523,2739,3131,3146,3181,3250,3265,3284,3744,3845,3890,3941,3995,4015,4060,4069,4097,4134,4146,4325,4501,4785,4907,	
crecimiento 1 626 1 4446,	
síntomas 6 626 6 243,489,696,706,4423,4512,	
siguientes 5 626 5 242,365,1124,2940,3924,	
tratamiento 47 626 47 239,269,404,486,505,528,558,693,784,830,914,927,953,977,1090,1112,1118,1217,1236,1243,1358,1708,1863,1891,1944,1979,1993,2068,2142,2253,2379,2409,2446,2499,2571,3007,3144,3263,3271,3623,4073,4116,4167,4229,4336,4551,4787,	
indicado 4 626 4 236,531,2996,3077,	
está 8 626 8 235,380,530,2292,2646,2818,2995,3076,	
terapéuticas 3 626 3 232,310,4942,	
Indicaciones 1 626 1 231,	
	" 1 626 1 228,	
CLÍNICOS 1 626 1 227,	
DATOS 2 626 2 226,4968,	
fluidos 1 626 1 4640,	
diagnosticada 1 626 1 598,	
4 20 626 20 225,229,317,543,544,567,667,668,1160,1210,1330,1713,1946,2751,2987,3081,3111,4091,4288,5158,	
FARMACÉUTICA 1 626 1 218,	
VII 1 626 1 2952,	
FORMA 1 626 1 217,	
afectación 1 626 1 1041,	
tromboembólicos 2 626 2 1000,1493,	
3 11 626 11 216,286,568,1161,1585,1621,2178,2219,4715,4986,5151,	
equilenina 1 626 1 215,	
nutricionales 1 626 1 3539,	
dehidroestrona 1 626 1 213,	
9- 1 626 1 212,	
8 7 626 7 211,1631,3112,3141,3260,3966,5294,	
17-dihidroequilenina 2 626 2 205,210,	
17-dihidroequilina 2 626 2 204,206,	
17-estradiol 2 626 2 203,207,	
concomitantes 1 626 1 195,	
componentes 1 626 1 194,	
Contiene 1 626 1 192,	
equilina 2 626 2 191,209,	
estrona 3 626 3 186,208,4399,	
sódico 5 626 5 184,189,202,5068,5132,	
sulfato 6 626 6 183,188,201,4989,5040,5108,	
Es 2 626 2 179,1938,	
agua 2 626 2 178,4583,	
solubles 2 626 2 176,4581,	
menstruación 1 626 1 427,	
estrógeno 7 626 7 175,1010,2270,2314,2412,4486,4913,	
apoyo 1 626 1 4357,	
sulfatos 2 626 2 173,4397,	
sódicas 1 626 1 171,	
sales 1 626 1 170,	
forma 10 626 10 168,197,321,1402,1432,2557,2595,2850,3136,3255,	
presentes 1 626 1 166,	
preñadas 1 626 1 165,	
yeguas 1 626 1 164,	
orina 1 626 1 161,	
animales 1 626 1 4735,	
obtenidos 1 626 1 158,	
naturales 2 626 2 157,4729,	
exclusivamente 1 626 1 156,	
mezcla 2 626 2 153,181,	
oral 5 626 5 150,224,331,2410,4752,	
efecto 4 626 4 3102,4567,4833,4928,	
administración 13 626 13 149,223,323,330,905,1424,1430,2965,4349,4484,4687,4721,4751,	
medroxiprogesterona) 4 626 4 147,3838,3965,4030,	
conjugados/acetato 1 626 1 145,	
(estrógenos 4 626 4 144,3832,3959,4024,	
sea 1 626 1 1400,	
* 1 626 1 141,	
mg 17 626 17 79,88,101,118,127,140,355,438,3152,3157,3275,3281,4557,4564,4790,5224,5255,	
625 10 626 10 78,100,117,139,354,3151,5213,5223,5244,5254,	
0 11 626 11 77,99,116,138,353,2217,3150,3273,4039,4554,4561,	
efavirenz) 1 626 1 2810,	
USP* 4 626 4 76,98,115,137,	
) 6 626 6 75,85,97,114,124,136,	
I 6 626 6 74,84,96,113,123,135,	
C 6 626 6 73,83,95,112,122,134,	
cánceres 1 626 1 760,	
MPA 14 626 14 440,515,2149,2206,3159,3282,4333,4703,4762,4836,4911,4914,4944,4959,	
(D 6 626 6 72,82,94,111,121,133,	
recubiertos 11 626 11 68,90,107,129,221,328,370,5208,5218,5239,5249,	
monooleato 3 626 3 4999,5050,5118,	
Comprimidos 5 626 5 67,89,106,128,220,	
sólos 3 626 3 58,356,561,	
recubierto 5 626 5 54,62,349,4979,5099,	
comprimido 5 626 5 53,61,348,4978,5098,	
carcinomas 1 626 1 4740,	
único 1 626 1 52,	
(MPA) 3 626 3 49,2078,4382,	
acetato 15 626 15 48,86,125,1439,2075,2507,3037,3836,3963,4028,4381,4384,4672,5029,5093,	
medroxiprogesterona 9 626 9 47,81,120,1441,2077,2509,3039,4380,4674,	
conjugados 24 626 24 45,57,71,93,110,132,199,352,1388,1437,2073,2147,2204,2505,3834,3961,4026,4378,4579,4630,4669,4701,5211,5242,	
estrógenos 62 626 62 44,56,70,92,109,131,155,337,351,372,560,930,1181,1316,1317,1386,1435,2072,2146,2203,2332,2382,2428,2503,2546,2600,2767,2876,2887,3065,3154,3277,3637,3705,3733,3777,3829,3956,4021,4118,4172,4184,4208,4318,4377,4414,4428,4443,4499,4518,4528,4578,4605,4629,4668,4700,4728,5101,5210,5220,5241,5251,	
fija 2 626 2 42,4375,	
combinación 5 626 5 41,1471,3709,3755,4374,	
contiene 7 626 7 39,66,105,151,4372,5202,5233,	
nódulos 1 626 1 1461,	
cíclico 8 626 8 38,64,103,234,325,4371,5198,5229,	
CUANTITATIVA 1 626 1 35,	
Y 1 626 1 34,	
CUALITATIVA 1 626 1 33,	
COMPOSICIÓN 1 626 1 32,	
2 9 626 9 31,256,318,1583,1666,4189,4574,5144,5262,	
10 17 626 17 30,104,126,437,2264,3204,3975,4477,4789,5034,5230,5257,5309,5326,5331,5332,5335,	
deficiencia 1 626 1 4516,	
Cíclico 18 626 18 26,29,143,379,432,956,2363,2742,2993,3010,3074,3097,4982,5033,5301,5308,5324,5330,	
	 6 626 6 24,36,219,4365,4970,5273,	
MEDICAMENTO 2 626 2 23,4364,	
interrumpirse 3 626 3 1995,2569,3014,	
NOMBRE 1 626 1 21,	
atención 1 626 1 1929,	
1 19 626 19 20,230,249,2234,3139,3258,3279,3674,3678,3694,3698,3770,3784,3794,3811,3815,4367,4972,5285,	
PRODUCTO 1 626 1 19,	
DEL 3 626 3 18,22,5340,	
grupo 1 626 1 3843,	
CARACTERÍSTICAS 1 626 1 17,	
DE 9 626 9 16,4362,5268,5271,5296,5298,5316,5320,5337,	
RESUMEN 1 626 1 15,	
información 3 626 3 12,2454,3711,	
Toda 1 626 1 10,	
cardiovascular 3 626 3 2045,2065,2102,	
medicamento 4 626 4 9,14,3193,3296,	
Basica 1 626 1 7,	
	Información 1 626 1 6,	
RECUB 1 626 1 5,	
COMP 1 626 1 4,	
14+14 1 626 1 3,	
5 36 626 36 2,27,65,87,435,470,1369,1616,1649,1662,1682,2173,2208,2262,2752,3156,3280,3820,3935,4000,4046,4142,4359,4366,4556,4563,4573,4714,4983,5168,5199,5226,5263,5265,5302,5325,	
CICLICO 1 626 1 1,	
UNIPREMELLE 29 626 29 0,25,28,37,63,102,142,233,324,378,431,955,2362,2741,2992,3009,3073,3096,4370,4981,5032,5197,5228,5261,5264,5300,5307,5323,5329,	
