uso/manipulación 1 349 1 4441,	
Instrucciones 1 349 1 4439,	
PEAD 1 349 1 4400,	
Frasco 1 349 1 4398,	
Al 1 349 1 4389,	
PVDC 1 349 1 4388,	
PVC/PVDC/Al 5 349 5 4368,4377,4410,4421,4432,	
Blister 6 349 6 4367,4376,4386,4409,4420,4431,	
recipiente 1 349 1 4362,	
contenido 1 349 1 4360,	
Naturaleza 1 349 1 4358,	
Proteger 1 349 1 4352,	
seco 2 349 2 4340,4351,	
30°C 2 349 2 4337,4348,	
debajo 2 349 2 4335,4346,	
Mantener 2 349 2 4333,4344,	
conservación 1 349 1 4330,	
Precauciones 1 349 1 4327,	
validez 1 349 1 4312,	
procede 2 349 2 4307,4443,	
0551 1 349 1 4299,	
009/AP 1 349 1 4298,	
502 1 349 1 4297,	
negra 1 349 1 4296,	
Grosella 1 349 1 4295,	
Saborizante 1 349 1 4293,	
magnésico 1 349 1 4284,	
alumínico 1 349 1 4283,	
Silicato 1 349 1 4282,	
Carbonato 1 349 1 4273,	
Estearato 2 349 2 4267,4300,	
(E-172) 1 349 1 4266,	
amarillo 1 349 1 4265,	
hierro 1 349 1 4264,	
Oxido 1 349 1 4262,	
Povidona 2 349 2 4260,4288,	
Carboximetilalmidón 2 349 2 4257,4285,	
monohidrato 1 349 1 4256,	
Lactosa 1 349 1 4255,	
microcristalina 1 349 1 4254,	
Celulosa 1 349 1 4253,	
Comprimidos 2 349 2 4252,4271,	
FARMACEUTICOS 1 349 1 4250,	
ratones 1 349 1 4247,	
ratas 1 349 1 4245,	
Sacarina 1 349 1 4290,	
carcinogénico 1 349 1 4238,	
Carcinogenicidad 1 349 1 4234,	
hombre 1 349 1 4233,	
genético 1 349 1 4230,	
presenta 1 349 1 4228,	
mutagenicidad 1 349 1 4223,	
Mutagenicidad 1 349 1 4213,	
preclínicos 1 349 1 4210,	
Datos 1 349 1 4209,	
reducidas 1 349 1 4190,	
Deberán 1 349 1 4187,	
34 1 349 1 4181,	
respectivamente 1 349 1 4176,	
ml/min/kg 2 349 2 4167,4182,	
mediana 1 349 1 4152,	
grave 2 349 2 4137,4142,	
moderada 1 349 1 4135,	
cirrosis 4 349 4 4133,4134,4136,4141,	
tres 1 349 1 4126,	
distribuidos 1 349 1 4124,	
sanas 1 349 1 4113,	
grados 1 349 1 4106,	
personas 2 349 2 4103,4112,	
participaron 1 349 1 4101,	
realizó 1 349 1 4091,	
reducción 1 349 1 4082,	
debido 1 349 1 4079,	
incrementan 1 349 1 4075,	
utilizan 1 349 1 4048,	
Pacientes 2 349 2 4027,4086,	
30 3 349 3 4023,4391,4402,	
intervalo 1 349 1 3995,	
estudió 1 349 1 3964,	
Además 1 349 1 3962,	
grupos 3 349 3 3957,4127,4173,	
41 1 349 1 3952,	
48 1 349 1 3944,	
disminución 1 349 1 3942,	
31 3 349 3 3936,4003,4161,	
20 1 349 1 3933,	
Después 1 349 1 3914,	
relevante 1 349 1 3913,	
varió 1 349 1 3909,	
enrolados 1 349 1 3897,	
ancianos 5 349 5 3894,3961,3972,3988,4015,	
jóvenes 2 349 2 3892,3959,	
análisis 1 349 1 3885,	
45 1 349 1 3866,	
medios 1 349 1 3864,	
corta 1 349 1 3831,	
inferior 1 349 1 3820,	
altos 1 349 1 3815,	
ajustado 1 349 1 3800,	
únicamente 2 349 2 3793,3873,	
coadministra 2 349 2 3792,3872,	
70 2 349 2 3787,3940,	
medicación 1 349 1 3758,	
ampliamente 1 349 1 3754,	
general 1 349 1 3747,	
estaban 1 349 1 3740,	
valores 4 349 4 3739,3813,3863,3998,	
controles 3 349 3 3735,4117,4185,	
ml/min/kg) 2 349 2 3991,4007,	
comparado 1 349 1 3732,	
32% 1 349 1 3731,	
redujo 2 349 2 3728,3763,	
aparente 3 349 3 3726,3921,4155,	
Gilbert 1 349 1 3722,	
sujetos 2 349 2 3717,4052,	
35 2 349 2 3711,3927,	
24 3 349 3 3709,4102,4163,	
independientes 1 349 1 3697,	
heces 1 349 1 3690,	
Solo 1 349 1 3678,	
inalterado 1 349 1 3675,	
excreta 2 349 2 3674,3688,	
conjugado 1 349 1 3667,	
glucurónido 2 349 2 3666,4073,	
metabólico 1 349 1 3661,	
fundamentalmente 1 349 1 3660,	
mL/min 1 349 1 3654,	
14 2 349 2 3653,3766,	
39 2 349 2 3651,3990,	
aclaramiento 11 349 11 3639,3656,3692,3724,3799,3905,3920,3984,4000,4084,4154,	
Eliminación 1 349 1 3637,	
probables 1 349 1 3636,	
P450 1 349 1 3633,	
citocromo 1 349 1 3632,	
metabolizados 1 349 1 3628,	
interacciones 1 349 1 3623,	
dependiendo 1 349 1 3598,	
modesta 1 349 1 3596,	
induce 1 349 1 3590,	
transferasas 1 349 1 3577,	
UDP-glucuronil 1 349 1 3576,	
Metabolismo 1 349 1 3574,	
L/kg 1 349 1 3573,	
22 1 349 1 3572,	
92 1 349 1 3569,	
distribución 1 349 1 3566,	
toxicidad 1 349 1 3562,	
dar 1 349 1 3559,	
pueda 1 349 1 3558,	
desplazamiento 1 349 1 3553,	
55%; 1 349 1 3546,	
alrededor 1 349 1 3544,	
Distribución 1 349 1 3536,	
varían 1 349 1 3533,	
individuo 1 349 1 3530,	
estacionario 2 349 2 3525,3646,	
máximas 1 349 1 3520,	
interindividual 1 349 1 3516,	
examinada 1 349 1 3511,	
450 2 349 2 3505,4025,	
lineal 1 349 1 3503,	
farmacocinético 3 349 3 3501,3886,4094,	
afectada 3 349 3 3498,3755,4065,	
ve 3 349 3 3497,3753,4063,	
absorción 1 349 1 3494,	
ligeramente 1 349 1 3485,	
retrasa 1 349 1 3484,	
indicaron 1 349 1 3902,	
horas 6 349 6 3469,3712,3767,3788,3846,3869,	
produce 1 349 1 3465,	
pico 1 349 1 3460,	
primer 1 349 1 3457,	
insignificante 1 349 1 3454,	
intestino 1 349 1 3451,	
completa 1 349 1 3446,	
comparación 1 349 1 4178,	
absorbe 1 349 1 3445,	
Absorción 1 349 1 3442,	
farmacocinéticas 1 349 1 3441,	
150 2 349 2 3425,3981,	
cardíaca 1 349 1 3414,	
frecuencia 1 349 1 3413,	
incrementando 1 349 1 3406,	
600 1 349 1 3392,	
únicas 4 349 4 3387,3918,4021,4050,	
incrementaron 1 349 1 3374,	
notablemente 1 349 1 3365,	
diazepam 1 349 1 3363,	
10 2 349 2 3360,4166,	
000 1 349 1 3355,	
diferenciaron 2 349 2 3345,3431,	
sanos 5 349 5 3341,3649,3707,3973,4186,	
240 1 349 1 3334,	
diseñadas 1 349 1 3315,	
pruebas 2 349 2 3314,4221,	
Farmacodinamia 1 349 1 3312,	
evocados 1 349 1 3306,	
potenciales 1 349 1 3303,	
así 1 349 1 3300,	
epilépticas) 1 349 1 3299,	
generación 1 349 1 3296,	
clave 1 349 1 3293,	
papel 1 349 1 3292,	
juega 1 349 1 3290,	
calcio 1 349 1 4275,	
(aminoácido 1 349 1 3288,	
glutamato 2 349 2 3287,3311,	
Prospectos 1 349 1 4449,	
patológica 1 349 1 3285,	
liberación 1 349 1 3284,	
inhibe 1 349 1 3282,	
repetidamente 1 349 1 3280,	
hiperexcitadas 1 349 1 3279,	
cultivadas 1 349 1 3278,	
neuronas 1 349 1 3277,	
ambiente 2 349 2 4339,4350,	
Produce 1 349 1 3269,	
dependientes 1 349 1 3268,	
voltaje 2 349 2 3267,3274,	
dependiente 2 349 2 3261,3275,	
uso- 1 349 1 3260,	
bloqueante 1 349 1 3259,	
resultados 6 349 6 3249,3329,3418,3434,3879,4215,	
acción 2 349 2 3247,3305,	
	Mecanismos 1 349 1 3245,	
FARMACOLOGICAS 1 349 1 3244,	
PROPIEDADES 1 349 1 3243,	
gástrico 1 349 1 3241,	
lavado 1 349 1 3240,	
realizarse 1 349 1 3238,	
estuviera 1 349 1 3235,	
adecuado 1 349 1 3233,	
aplicar 1 349 1 3230,	
le 1 349 1 3228,	
ingresado 1 349 1 3222,	
sobredosis 1 349 1 3217,	
12% 1 349 1 3925,	
Tratamiento 1 349 1 3213,	
coma 1 349 1 3212,	
consciencia 1 349 1 3210,	
PVC/ 1 349 1 4387,	
nistagmo 1 349 1 3205,	
dado 1 349 1 3197,	
sobredosificación 1 349 1 3195,	
máxima 2 349 2 3193,3482,	
veces 2 349 2 3189,4078,	
10-20 1 349 1 3188,	
aguda 1 349 1 3183,	
ingestión 1 349 1 3182,	
Signos 1 349 1 3175,	
confusión 1 349 1 3171,	
trombocitopenia) 1 349 1 3169,	
leucopenia 1 349 1 3167,	
hematológicas 1 349 1 3165,	
agitación 1 349 1 3163,	
temblor 1 349 1 3162,	
irritabilidad/agresividad 1 349 1 3161,	
vómitos) 1 349 1 3160,	
gastrointestinal 1 349 1 3158,	
inestabilidad 1 349 1 3155,	
conjuntivitis 1 349 1 3149,	
estándar 1 349 1 3141,	
regímenes 1 349 1 3140,	
Otros 1 349 1 3129,	
insomnio 1 349 1 3128,	
somnolencia 2 349 2 3126,3151,	
mareo 2 349 2 3125,3150,	
cansancio 2 349 2 3122,3156,	
cabeza 2 349 2 3121,3154,	
dolor 2 349 2 3119,3152,	
informados 1 349 1 3110,	
informada 1 349 1 3014,	
incrementa 3 349 3 2996,3782,3861,	
concomitante 2 349 2 2993,3759,	
desenlace 1 349 1 2943,	
conllevan 1 349 1 2941,	
irreversibles 1 349 1 2938,	
Sobredosificación 1 349 1 3174,	
lesiones 1 349 1 2936,	
experimentan 1 349 1 2935,	
recupera 1 349 1 2927,	
Raramente 1 349 1 2894,	
desaparece 1 349 1 2883,	
comienzo 1 349 1 2879,	
maculopapular 1 349 1 2870,	
aspecto 1 349 1 2869,	
llevaron 1 349 1 2851,	
administró 2 349 2 2846,3770,	
5% 1 349 1 2838,	
tratados 1 349 1 2832,	
10% 3 349 3 2828,3672,3950,	
aparecieron 1 349 1 2822,	
ciego 1 349 1 2818,	
conducción 1 349 1 2806,	
relacionados 1 349 1 2803,	
específicos 1 349 1 2802,	
consultar 1 349 1 2796,	
terapias 1 349 1 2789,	
variación 2 349 2 2781,3515,	
neurológico 1 349 1 2770,	
media 1 349 1 3785,	
relacionado 1 349 1 3683,	
adversos 3 349 3 2767,3109,3131,	
clínicos 2 349 2 2760,2816,	
ensayos 4 349 4 2759,2815,3113,3901,	
placebo 4 349 4 2756,2847,3350,3437,	
Hidroxipropilcelulosa 1 349 1 4276,	
9 2 349 2 3173,4010,	
diferenció 1 349 1 2754,	
subjetivos 2 349 2 2751,3382,	
ml/min 3 349 3 3928,3937,3955,	
sedativos 2 349 2 2750,3381,	
desequilibrio 3 349 3 2746,3376,3409,	
oculares 3 349 3 2745,3373,3405,	
movimientos 3 349 3 2744,3372,3404,	
motora 3 349 3 2743,3370,3401,	
visual 3 349 3 2742,3369,3402,	
coordinación 3 349 3 2740,3367,3399,	
voluntarios 3 349 3 2730,3340,3971,	
Dos 1 349 1 2727,	
maquinaria 1 349 1 2726,	
vehículos 1 349 1 2723,	
capacidad 1 349 1 2720,	
Efectos 1 349 1 2717,	
artificial 1 349 1 2714,	
alimentación 1 349 1 2713,	
recibir 1 349 1 2712,	
pasar 1 349 1 2710,	
resulta 1 349 1 2704,	
lactantes 1 349 1 2702,	
alcanzan 1 349 1 2693,	
farmacológicos 2 349 2 2686,3253,	
niveles 1 349 1 2679,	
alcanzaron 1 349 1 2678,	
séricas 1 349 1 2675,	
alimentados 1 349 1 2669,	
sido 3 349 3 2668,3013,3579,	
sérica 1 349 1 2659,	
40-60% 1 349 1 2655,	
orden 1 349 1 2653,	
materna 3 349 3 2648,2672,2696,	
alimento 1 349 1 3488,	
leche 3 349 3 2647,2671,2695,	
pasa 1 349 1 2644,	
preliminares 1 349 1 2640,	
referente 1 349 1 2630,	
limitada 1 349 1 2627,	
Lactancia 1 349 1 2625,	
desarrollo 1 349 1 2624,	
feto 1 349 1 2622,	
compense 1 349 1 2617,	
beneficio 1 349 1 2611,	
opinión 1 349 1 2606,	
utilizado 1 349 1 2598,	
ocurre 1 349 1 2587,	
evaluar 2 349 2 2583,3317,	
relativos 1 349 1 2574,	
insuficientes 1 349 1 2573,	
teratogénicos 1 349 1 2567,	
mostraron 1 349 1 2565,	
utilizadas 1 349 1 2561,	
terapéuticas 1 349 1 2560,	
reproductiva 1 349 1 2549,	
toxicología 1 349 1 2548,	
embarazo 3 349 3 2542,2581,2601,	
madre 2 349 2 2534,2616,	
trata 1 349 1 2531,	
teórico 1 349 1 2523,	
Existe 2 349 2 2520,3512,	
Teratogenicidad 1 349 1 2510,	
humana 1 349 1 2509,	
experiencia 2 349 2 2500,4033,	
reproducción 1 349 1 2495,	
alteró 1 349 1 2488,	
Fertilidad 1 349 1 2482,	
lactancia 2 349 2 2481,2637,	
Embarazo 2 349 2 2479,2568,	
normalmente 3 349 3 2469,2651,2867,	
resuelven 1 349 1 2468,	
Estos 1 349 1 2465,	
borrosa 2 349 2 2451,3148,	
visión 2 349 2 2450,3147,	
diplopía 3 349 3 2449,2775,3146,	
ataxia 2 349 2 2448,3206,	
vértigo 2 349 2 2447,2773,	
central 2 349 2 2444,3327,	
nervioso 2 349 2 2443,3326,	
sistema 2 349 2 2442,3325,	
efectos 9 349 9 2439,2466,2566,2685,2749,2766,3130,3319,3380,	
semivida 7 349 7 2433,2998,3695,3702,3749,3761,3825,	
aumenta 1 349 1 2424,	
carbamazepina 1 349 1 3395,	
reduce 2 349 2 2418,2472,	
compite 1 349 1 2406,	
sódico 3 349 3 2404,3796,3876,	
aumentan 1 349 1 2398,	
inducen 1 349 1 2391,	
primidona) 1 349 1 2389,	
agentes 1 349 1 2382,	
médico 3 349 3 2377,2608,2799,	
comunicado 2 349 2 2375,3180,	
debería 2 349 2 2373,3237,	
menstrual 1 349 1 2372,	
hemorragia 1 349 1 2371,	
perfil 2 349 2 2369,3500,	
alteración 3 349 3 2366,3157,3207,	
orales 1 349 1 2364,	
anticonceptivos 1 349 1 2363,	
crónico 1 349 1 2359,	
introducción 2 349 2 2355,2462,	
oral 3 349 3 2345,3390,3473,	
anticonceptiva 1 349 1 2344,	
píldora 1 349 1 2343,	
levonorgestrel 1 349 1 2337,	
etinilestradiol 1 349 1 2335,	
afectó 1 349 1 2330,	
voluntarias 1 349 1 2327,	
realizado 1 349 1 2324,	
estudio 4 349 4 2323,3385,3715,4093,	
unión 2 349 2 2318,3538,	
lugar 3 349 3 2316,3198,3560,	
desplaza 1 349 1 2309,	
vitro 1 349 1 2304,	
in 1 349 1 2303,	
observaciones 1 349 1 2299,	
afecte 2 349 2 2290,3610,	
presentado 1 349 1 2285,	
controlados 1 349 1 2282,	
significativas 1 349 1 2266,	
clínicas 1 349 1 2265,	
consecuencias 1 349 1 2264,	
presentar 1 349 1 2263,	
sodio 4 349 4 3266,4259,4287,4292,	
probabilidades 1 349 1 2261,	
escaso 1 349 1 2258,	
propio 2 349 2 2252,3592,	
inducir 1 349 1 2250,	
oxidativo 1 349 1 2244,	
responsables 4 349 4 2241,2394,2412,3584,	
enzimas 5 349 5 2240,2393,2411,3583,3630,	
significativa 1 349 1 2237,	
clínicamente 2 349 2 2236,3912,	
inhibición 1 349 1 2235,	
inducción 1 349 1 2233,	
origine 1 349 1 2232,	
± 1 349 1 3652,	
fertilidad 2 349 2 2490,2508,	
evidencia 3 349 3 2228,2286,3606,	
asociación 1 349 1 2207,	
similares 1 349 1 2205,	
casos 1 349 1 2204,	
producido 1 349 1 2203,	
fatal 2 349 2 2197,2944,	
resultado 1 349 1 2196,	
disfunción 1 349 1 2189,	
rabdomiolisis 1 349 1 2188,	
epilépticus 1 349 1 2184,	
status 1 349 1 2183,	
doble 3 349 3 2427,2817,3003,	
incluyendo 4 349 4 2182,2907,3204,3890,	
convulsivas 1 349 1 2180,	
referentes 1 349 1 2176,	
literatura 1 349 1 2175,	
informes 2 349 2 2172,2437,	
7 2 349 2 2716,3845,	
Existen 2 349 2 2171,2436,	
precaución 1 349 1 2162,	
glucurónido; 1 349 1 2156,	
sustitución 1 349 1 4281,	
metabolito 2 349 2 2155,4072,	
acumulación 1 349 1 2153,	
esperar 1 349 1 2151,	
alteraron 3 349 3 2145,3364,3396,	
plasmáticas 8 349 8 2140,2275,2293,2333,3463,3541,3557,4069,	
renal 6 349 6 2137,2170,4030,4043,4055,4085,	
final 1 349 1 2134,	
estadío 1 349 1 2133,	
única 3 349 3 2129,3979,4097,	
farmacocinéticas) 1 349 1 2124,	
Propiedades 2 349 2 2123,3440,	
según 2 349 2 2112,4147,	
función 2 349 2 2107,4129,	
reducir 1 349 1 2103,	
conveniencia 1 349 1 2101,	
señalan 1 349 1 2099,	
animales 2 349 2 2497,2551,	
obtenidos 7 349 7 2091,3330,3348,3419,3435,3880,4008,	
epilépticos 2 349 2 2085,2095,	
plazo 2 349 2 2082,4243,	
farmacocinéticos 2 349 2 2079,4046,	
dispone 2 349 2 2076,2570,	
Aunque 3 349 3 2073,2267,2920,	
hepático 4 349 4 2072,2245,2397,2415,	
eliminación 3 349 3 2066,3663,3704,	
vía 2 349 2 2064,3389,	
principal 2 349 2 2063,4071,	
cinco 2 349 2 2060,3822,	
año 1 349 1 2046,	
rojos 2 349 2 2040,2055,	
glóbulos 2 349 2 2039,2054,	
suero 1 349 1 2036,	
medio 7 349 7 2030,2430,3640,3725,3842,3985,4001,	
concentración 3 349 3 2025,2658,3481,	
significativos 1 349 1 2022,	
humanos 3 349 3 2016,2528,2563,	
prolongado 1 349 1 2014,	
De 2 349 2 2008,2346,	
duración 1 349 1 2007,	
considerable 1 349 1 3514,	
larga 1 349 1 2006,	
metabolismo 11 349 11 1996,2071,2243,2253,2396,2400,2414,2420,3455,3586,3593,	
interferencia 1 349 1 1993,	
reductasa 2 349 2 1984,2519,	
dihidrofolato 2 349 2 1983,2518,	
inhibidor 3 349 3 1980,2515,2537,	
débil 2 349 2 1979,2514,	
producto 1 349 1 1975,	
requieran 1 349 1 1970,	
erupción) 1 349 1 1968,	
(por 1 349 1 1966,	
seguridad 3 349 3 1965,2585,4212,	
aspectos 2 349 2 1963,2801,	
existan 1 349 1 1962,	
período 3 349 3 1955,2043,2058,	
progresiva 1 349 1 1952,	
rebote 1 349 1 1943,	
provocar 1 349 1 1941,	
brusca 2 349 2 1937,1973,	
caso 3 349 3 1930,2352,3215,	
Como 2 349 2 1927,2586,	
alternativa 2 349 2 1926,3106,	
etiología 2 349 2 1925,3105,	
establecer 2 349 2 1923,3103,	
suspender 2 349 2 1917,3097,	
evaluado 2 349 2 1914,3094,	
paciente 4 349 4 1910,2380,3090,3219,	
signos 2 349 2 1906,3085,	
linfadenopatía) 2 349 2 1902,3082,	
(ej 2 349 2 1900,3080,	
tempranas 2 349 2 1897,3077,	
manifestaciones 2 349 2 1896,3076,	
aparecer 3 349 3 1895,2684,3075,	
evidente 2 349 2 1893,3073,	
resaltar 2 349 2 1885,3065,	
importante 2 349 2 1884,3064,	
multiorgánico 2 349 2 1882,3062,	
fallo 6 349 6 1881,2136,2169,3061,4042,4054,	
(CID) 2 349 2 1879,3059,	
diseminada 3 349 3 1878,2194,3058,	
intravascular 3 349 3 1877,2193,3057,	
coagulación 3 349 3 1876,2192,3056,	
conducir 4 349 4 1874,2186,2722,3054,	
raramente 3 349 3 1873,2940,3053,	
gravedad 2 349 2 1869,3049,	
espectro 2 349 2 1867,3047,	
amplio 3 349 3 1866,3046,4219,	
muestra 2 349 2 1864,3044,	
hígado 2 349 2 1861,3041,	
e 4 349 4 1860,3040,3127,3281,	
sangre 2 349 2 1859,3039,	
anomalías 3 349 3 1856,3036,3164,	
facial 2 349 2 1854,3034,	
edema 2 349 2 1853,3033,	
linfadenopatía 2 349 2 1852,3032,	
sistémicos 2 349 2 1848,3028,	
variable 2 349 2 1845,3025,	
modelo 2 349 2 1844,3024,	
síndrome 5 349 5 1838,1863,3018,3043,3720,	
parte 2 349 2 1836,3016,	
relacionada 1 349 1 1826,	
esté 1 349 1 1825,	
clara 1 349 1 1821,	
inmediatamente 3 349 3 1814,1915,3095,	
retirar 2 349 2 1809,2885,	
rápidamente 2 349 2 1806,3448,	
evaluados 1 349 1 1805,	
niños) 1 349 1 1799,	
(adultos 1 349 1 1797,	
Todos 2 349 2 1794,4320,	
Uso 2 349 2 1784,2988,	
administración) 5 349 5 1782,1793,2986,3009,4206,	
exceden 2 349 2 1767,2971,	
elevadas 2 349 2 1763,2967,	
· 4 349 4 1760,1783,2964,2987,	
asociado 4 349 4 1758,1841,2962,3021,	
altamente 2 349 2 1757,2961,	
global 2 349 2 1750,2954,	
fina 3 349 3 2741,3368,3400,	
Adicionalmente 1 349 1 1747,	
ocho 3 349 3 1742,2875,4077,	
fiebre 5 349 5 1739,1851,1901,3031,3081,	
acontecimientos 1 349 1 3108,	
síntomas 7 349 7 1734,1847,1908,3027,3087,3177,3203,	
segura 1 349 1 2705,	
desarrollen 2 349 2 1733,1801,	
reacción 1 349 1 1726,	
posibilidad 2 349 2 1723,1991,	
considerar 1 349 1 1721,	
médicos 1 349 1 1719,	
infección 1 349 1 1717,	
confundir 1 349 1 1714,	
300 2 349 2 1699,3427,	
Sin 3 349 3 2147,2543,3602,	
hospitalización 1 349 1 1693,	
requieren 1 349 1 1692,	
sugieren 3 349 3 1683,3254,3620,	
estudios 11 349 11 1682,2126,2281,2302,2493,2546,2728,3252,4011,4045,4240,	
procedentes 2 349 2 1677,2300,	
disponibles 1 349 1 1676,	
datos 6 349 6 1675,2078,2090,2572,2639,3619,	
El 13 349 13 1660,1862,2952,3042,3459,3476,3499,3563,3638,3655,3691,3798,3983,	
1000 1 349 1 1659,	
comunicadas 1 349 1 1649,	
aproximada 1 349 1 1644,	
incidencia 2 349 2 1643,1686,	
Adversas) 1 349 1 1641,	
Reacciones 2 349 2 1640,2811,	
Lyell) 2 349 2 1638,2919,	
(Síndrome 2 349 2 1636,2917,	
epidérmica 2 349 2 1635,2915,	
tóxica 2 349 2 1634,2916,	
necrolisis 2 349 2 1633,2914,	
(SJS) 1 349 1 1631,	
Johnson 2 349 2 1630,2912,	
incluyen 6 349 6 1626,1850,2446,3030,3118,3145,	
vida 2 349 2 1624,2906,	
potencial 3 349 3 1621,2610,2903,	
graves 5 349 5 1618,1648,1665,2181,2900,	
embargo 4 349 4 1612,2148,2544,3603,	
espontánea 1 349 1 1610,	
empleando 2 349 2 3331,3349,	
resolución 1 349 1 1609,	
leves 1 349 1 1606,	
son 3 349 3 1605,3634,3696,	
erupciones 7 349 7 1603,1646,1663,1688,2823,2849,2898,	
multiorgánica 1 349 1 2190,	
mayoría 3 349 3 1600,2590,2922,	
(LABILENO) 1 349 1 1598,	
iniciación 1 349 1 1593,	
después 3 349 3 1590,2459,3486,	
8 2 349 2 1587,2810,	
aparecido 1 349 1 1583,	
cutáneas 9 349 9 1580,1604,1617,1647,1664,2824,2850,2899,2937,	
adversas 2 349 2 1579,2812,	
reacciones 2 349 2 1578,1616,	
informado 6 349 6 1577,1615,1834,2270,2765,2897,	
hipersensibilidad 5 349 5 1564,1840,1899,3020,3079,	
conocida 1 349 1 1563,	
contraindicado 1 349 1 1559,	
material 1 349 1 3682,	
Contraindicaciones 1 349 1 1556,	
clínica 3 349 3 1553,1870,3050,	
Pugh 1 349 1 1539,	
Child- 1 349 1 1538,	
C 2 349 2 1534,4200,	
75% 1 349 1 1526,	
Child-Pugh 3 349 3 1524,2115,4150,	
clasificación 4 349 4 1523,1537,2114,4149,	
B 2 349 2 1520,4198,	
grado 6 349 6 1519,1533,2109,4131,4197,4279,	
50% 1 349 1 1512,	
aproximadamente 5 349 5 1510,3466,3764,3789,3844,	
reducirse 2 349 2 1508,1949,	
magnesio 2 349 2 4269,4302,	
proteínas 3 349 3 2320,3540,3556,	
generalmente 4 349 4 1507,1584,2872,3829,	
deberán 3 349 3 1506,1546,2709,	
iniciales 3 349 3 1501,1762,2966,	
indujo 1 349 1 2019,	
Las 5 349 5 1499,1540,2298,2848,3575,	
hepática 9 349 9 1498,1517,1531,2088,2098,4089,4109,4122,4195,	
Insuficiencia 1 349 1 1497,	
anciana 1 349 1 1496,	
adulta 1 349 1 1494,	
población 3 349 3 1493,3746,3889,	
relación 1 349 1 1490,	
significativamente 3 349 3 1488,2146,3397,	
varía 1 349 1 1487,	
grupo 1 349 1 1483,	
pauta 1 349 1 1475,	
respecto 1 349 1 1472,	
posología 3 349 3 1470,2105,4202,	
modificar 1 349 1 1468,	
requiere 1 349 1 1467,	
edad) 1 349 1 1464,	
65 2 349 2 1461,4006,	
(más 1 349 1 1459,	
Ancianos 2 349 2 1458,3877,	
existe 6 349 6 1444,1989,2499,2779,3605,4032,	
No 7 349 7 1443,1465,2225,2498,4031,4306,4442,	
indican 4 349 4 2305,2641,4056,4224,	
Stevens 2 349 2 1629,2911,	
menores 2 349 2 1439,1454,	
K30 2 349 2 4261,4289,	
recomendado 1 349 1 1437,	
rango 3 349 3 1436,3743,4218,	
alta 2 349 2 1434,3510,	
necesiten 1 349 1 1425,	
2-6 1 349 1 1423,	
comprendida 2 349 2 1421,1695,	
edad 4 349 4 1420,1485,3819,3931,	
probable 2 349 2 1415,3550,	
Es 4 349 4 1414,1883,2626,3063,	
administrar 2 349 2 1387,3916,	
menor 1 349 1 1380,	
(0 2 349 2 3989,4002,	
calculada 2 349 2 1353,1378,	
** 1 349 1 1346,	
Fenitoína 1 349 1 1305,	
Incrementos 1 349 1 1254,	
mg/kg** 1 349 1 1221,	
corporal/día) 1 349 1 1211,	
(dosis 1 349 1 1205,	
2-12 1 349 1 1203,	
400 2 349 2 1156,1300,	
5-15 2 349 2 1146,1283,	
6 10 349 10 1078,1262,2478,4248,4303,4308,4325,4356,4437,4438,	
utilizarse 1 349 1 4188,	
3) 2 349 2 1055,1160,	
1-5 2 349 2 1036,1245,	
alcanzado 1 349 1 1020,	
corpuscular 1 349 1 2029,	
haya 1 349 1 1019,	
produjeron 1 349 1 3379,	
mg/kg/día 4 349 4 976,1037,1093,1147,	
malformaciones 1 349 1 2525,	
corporal/día 2 349 2 963,1081,	
mg/kg 11 349 11 961,1010,1079,1122,1209,1224,1247,1258,1263,1266,1289,	
15 2 349 2 960,1220,	
0 13 349 13 959,974,1008,1077,1219,1222,1261,3568,4005,4160,4162,4165,4180,	
MINISTERIO 3 349 3 942,2813,4381,	
(2 1 349 1 938,	
deberá 1 349 1 919,	
individual 1 349 1 2782,	
- 3 349 3 876,1311,1348,	
NOTA 3 349 3 875,1310,1347,	
primidona 2 349 2 874,1309,	
fenobarbital 3 349 3 872,1307,2387,	
carbamacepina 7 349 7 871,1306,2386,2458,2476,3777,3856,	
fenitoína 5 349 5 870,2385,3358,3779,3858,	
sea 1 349 1 1431,	
* 2 349 2 869,1303,	
incrementar 3 349 3 866,1006,1116,	
*antiepilépticos 2 349 2 835,1260,	
(administrada 5 349 5 832,847,1274,1276,1290,	
Fármacos 2 349 2 831,1253,	
alternos) 1 349 1 827,	
antiepiléptico 2 349 2 826,1246,	
Incompatibilidades 1 349 1 4305,	
2% 2 349 2 2861,3680,	
(25 1 349 1 813,	
fármaco 8 349 8 809,1232,1728,1829,2700,2932,3475,3686,	
tomas) 6 349 6 806,836,856,1287,1288,1295,	
combinada 2 349 2 799,1214,	
Escalada 1 349 1 785,	
aparecen 2 349 2 1904,3088,	
administra 5 349 5 780,906,1190,1341,3849,	
recomendadas 4 349 4 777,903,1187,1338,	
escalantes 5 349 5 776,902,1186,1337,1542,	
utilizar 5 349 5 773,899,1183,1334,2725,	
Interacciones) 4 349 4 770,896,1180,1331,	
hemoglobina 1 349 1 2027,	
apartado 4 349 4 768,894,1178,1329,	
interacción 5 349 5 763,889,1173,1324,2224,	
Menos 1 349 1 3670,	
desconoce 4 349 4 761,887,1171,1322,	
En 16 349 16 751,877,943,1056,1161,1312,1704,2125,2321,2660,2757,2814,3214,3313,3383,3713,	
700 1 349 1 742,	
necesitado 1 349 1 741,	
orina 2 349 2 3669,3677,	
200-400 1 349 1 731,	
divididas 2 349 2 682,737,	
Valproato) 4 349 4 657,865,1070,1301,	
extensión 2 349 2 3491,3597,	
(excepto 4 349 4 656,861,1069,1294,	
enzimáticos 6 349 6 651,838,1064,1273,3774,3853,	
inductores 6 349 6 650,837,1063,1272,3773,3852,	
toman 8 349 8 647,754,880,947,1060,1164,1315,2457,	
2) 1 349 1 643,	
repartida 1 349 1 637,	
25-50 1 349 1 604,	
incrementada 1 349 1 602,	
será 1 349 1 577,	
Durante 1 349 1 570,	
primeras 4 349 4 568,1372,1588,1743,	
alternos 2 349 2 564,1368,	
días 3 349 3 563,815,1367,	
con/sin 8 349 8 549,652,803,852,949,1065,1218,1284,	
Valproato 13 349 13 548,784,802,910,948,1194,1217,1345,1786,2403,2990,3795,3875,	
conjuntamente 5 349 5 782,908,1192,1343,1787,	
tomando 2 349 2 547,2362,	
estén 1 349 1 546,	
Añadida 1 349 1 536,	
Terapia 1 349 1 535,	
empleo) 5 349 5 532,936,1413,2893,2951,	
conteniendo 7 349 7 4369,4378,4390,4401,4411,4422,4433,	
paso 1 349 1 3458,	
especiales 7 349 7 530,934,1411,1572,2891,2949,4328,	
precauciones 6 349 6 529,933,1410,1571,2890,2948,	
Advertencias 6 349 6 527,931,1408,1569,2888,2946,	
posterior 4 349 4 525,929,1406,3664,	
exceder 3 349 3 517,920,1398,	
deben 8 349 8 516,772,898,1182,1333,1720,1803,2795,	
cutánea 5 349 5 513,916,1394,1711,1737,	
disminuyó 1 349 1 3922,	
erupción 15 349 15 512,915,1393,1710,1736,1755,1802,1823,1831,1890,2866,2959,3011,3070,3123,	
aparición 5 349 5 510,1707,1752,2956,3201,	
riesgo 11 349 11 508,913,1391,1620,1661,1749,2522,2619,2902,2953,4229,	
Debido 5 349 5 506,911,1389,2687,2776,	
Para 5 349 5 501,542,644,822,848,	
día) 6 349 6 494,500,821,844,1236,1240,	
(una 7 349 7 491,497,818,841,1233,1237,1248,	
mayor 2 349 2 1667,3805,	
Mantenimiento 1 349 1 488,	
+ 2 349 2 481,485,	
Semanas 2 349 2 479,483,	
mg/día) 1 349 1 478,	
diaria 4 349 4 476,1207,1352,1377,	
total 2 349 2 475,1206,	
(Dosis 1 349 1 474,	
Niños 4 349 4 469,937,1438,3797,	
aparece 1 349 1 2871,	
años 12 349 12 462,473,1204,1424,1442,1457,1462,2061,3823,3934,4319,4324,	
mayores 2 349 2 459,470,	
recomendada 7 349 7 454,790,924,1197,1476,1771,2975,	
escalante 8 349 8 453,524,928,1196,1405,1502,1770,2974,	
retirada 4 349 4 1936,1972,2854,2930,	
Dosis 5 349 5 452,487,1195,1761,2965,	
deseada 2 349 2 451,750,	
500 1 349 1 443,	
precisado 1 349 1 442,	
han 13 349 13 441,740,1576,1582,1614,2202,2269,2284,2667,2731,2764,2896,3578,	
Algunos 2 349 2 439,738,	
1) 1 349 1 438,	
CUADRO 7 349 7 437,465,642,800,1054,1159,1215,	
tomas 5 349 5 435,640,1046,1085,1151,	
administrados 1 349 1 427,	
mg/día 8 349 8 426,444,677,732,743,1052,1157,1302,	
normal 5 349 5 413,618,722,1026,1137,	
óptima 10 349 10 410,420,615,625,719,729,1023,1033,1134,1144,	
respuesta 14 349 14 409,419,450,614,624,718,728,749,1022,1032,1133,1143,1552,2785,	
(incluyendo 2 349 2 3159,3166,	
1-2 8 349 8 402,609,713,1014,1126,1225,1267,1356,	
máximo 8 349 8 400,607,711,1012,1049,1124,1154,1298,	
mg-100 1 349 1 397,	
comunicados 1 349 1 3132,	
incrementarse 2 349 2 392,706,	
mantenimiento 17 349 17 390,415,597,620,702,724,829,858,1001,1028,1113,1139,1243,1281,1429,1505,1545,	
alcance 7 349 7 386,407,593,698,997,1109,1131,	
semana 5 349 5 381,588,693,992,1104,	
cuarta 5 349 5 380,587,692,991,1103,	
partir 6 349 6 377,584,689,988,1100,3882,	
A 5 349 5 376,583,688,987,1099,	
siguientes 6 349 6 375,574,687,986,1098,2877,	
seguida 4 349 4 363,674,972,1089,	
semanas 23 349 23 362,374,403,569,573,610,673,686,714,971,985,1015,1088,1097,1127,1226,1268,1373,1589,1744,1958,2876,3945,	
hospital 1 349 1 3225,	
durante 18 349 18 360,371,565,671,683,969,982,1086,1094,1369,1740,1953,2041,2056,2540,2599,2635,3111,	
día 10 349 10 359,370,431,582,635,670,968,981,1042,1251,	
vez 15 349 15 357,368,429,492,498,633,668,819,842,966,979,1040,1234,1238,1249,	
folato 4 349 4 1998,2034,2052,2539,	
inicial 9 349 9 347,520,555,660,923,955,1073,1401,1708,	
náuseas 2 349 2 2453,3124,	
La 23 349 23 345,411,616,720,1024,1135,1477,1599,1642,1830,1944,2062,2483,2865,3010,3194,3537,3701,3748,3760,3824,3941,4151,	
años) 4 349 4 344,541,796,941,	
12 10 349 10 343,461,472,540,795,810,940,2326,3970,4111,	
(mayores 3 349 3 341,538,793,	
Adultos 3 349 3 340,467,537,	
Monoterapia 2 349 2 339,464,	
interacción) 1 349 1 336,	
formas 4 349 4 334,2010,2222,2348,	
medicamentos 3 349 3 331,2219,4451,	
Interacción 2 349 2 327,2215,	
(ver 21 349 21 326,436,526,641,767,893,930,1053,1158,1177,1328,1407,1639,1777,1788,2116,2887,2945,2981,3004,4201,	
lamotrigina 10 349 10 325,1480,2017,2435,2634,2643,2677,3907,3968,4157,	
farmacocinética 9 349 9 323,764,890,1174,1325,1478,3612,3966,4059,	
cuenta 1 349 1 314,	
tenerse 1 349 1 312,	
concentraciones 13 349 13 2032,2050,2139,2274,2292,2332,2650,2674,2690,3462,3519,3532,4068,	
añaden 1 349 1 306,	
Período 1 349 1 4310,	
alcanzar 15 349 15 299,417,448,502,612,622,716,726,747,823,849,1030,1141,1228,1270,	
concomitantes 2 349 2 297,2297,	
fármacos 26 349 26 295,307,551,648,654,755,881,951,1061,1067,1165,1316,1933,2247,2278,2295,2312,2417,2593,2791,3143,3322,3615,3627,3772,3851,	
retiran 1 349 1 294,	
Cuando 1 349 1 292,	
canales 1 349 1 3264,	
número 3 349 3 286,1680,2663,	
igual 1 349 1 284,	
administrada 9 349 9 281,678,733,964,977,1038,1082,1148,3338,	
equivalen 1 349 1 275,	
hepática) 1 349 1 273,	
insuficiencia 11 349 11 272,1516,1530,2087,2097,2111,4029,4088,4108,4121,4194,	
pacientes 31 349 31 270,440,544,645,739,752,878,945,1058,1162,1313,1418,1514,1528,1796,2084,2093,2167,2361,2455,2794,2831,2841,2864,2925,2934,3891,4040,4119,4175,4192,	
corporal 5 349 5 268,2747,3377,3410,3803,	
acuerdo 2 349 2 265,1549,	
ej 2 349 2 261,1304,	
(p 1 349 1 260,	
calculadas 1 349 1 259,	
revisada 1 349 1 255,	
fetos 1 349 1 2527,	
producen 1 349 1 246,	
Si 7 349 7 244,256,1349,1374,1903,3083,3234,	
niño 1 349 1 243,	
antiepilépticos 22 349 22 296,308,552,649,655,756,860,882,952,1062,1068,1166,1293,1317,1934,2279,2296,2313,2383,2792,3144,3616,	
peso 7 349 7 241,250,267,962,1080,1210,3802,	
monitorizarse 1 349 1 239,	
debe 18 349 18 238,253,282,311,391,600,705,864,1005,1115,1386,1397,1808,1948,2160,2596,3220,3229,	
cambios 3 349 3 247,2021,2271,	
terapéutica 2 349 2 237,3192,	
carácter 1 349 1 2769,	
dosis 70 349 70 236,252,258,280,346,388,394,412,504,519,523,554,576,595,599,617,659,681,700,704,721,736,775,787,825,851,862,901,922,927,954,999,1003,1025,1072,1111,1118,1136,1185,1241,1279,1336,1351,1376,1400,1404,1427,1500,1541,1769,1945,2128,2474,2553,2559,2973,3185,3191,3332,3386,3421,3508,3601,3700,3917,3978,4020,4049,4096,4189,	
superiores 2 349 2 2556,3186,	
mantiene 1 349 1 234,	
asegurar 1 349 1 231,	
Con 1 349 1 227,	
pequeña 1 349 1 223,	
enteros 3 349 3 220,278,291,	
tragados 1 349 1 219,	
individuos 2 349 2 1561,2131,	
completo) 1 349 1 217,	
cubrir 1 349 1 214,	
cantidad 2 349 2 212,224,	
suficiente 2 349 2 211,1446,	
mínimo 1 349 1 210,	
(como 2 349 2 209,2384,	
agua 2 349 2 208,226,	
volumen 3 349 3 206,2028,3564,	
pequeño 2 349 2 205,2662,	
dispersados 1 349 1 202,	
masticados 1 349 1 201,	
Dispersable 1 349 1 198,	
Los 11 349 11 194,1674,1718,2381,2638,3107,3248,3878,4044,4118,4214,	
Administración 1 349 1 193,	
efecto 5 349 5 316,1942,2256,2503,2735,	
administración 9 349 9 192,2121,2340,2484,2698,3309,3472,3975,4018,	
forma 11 349 11 190,1780,1791,1820,1951,2119,2984,2992,3007,3911,4204,	
Posología 8 349 8 188,337,533,1778,1789,2117,2982,3005,	
Lennox-Gastaut 1 349 1 185,	
Síndrome 3 349 3 183,1627,2909,	
asociadas 1 349 1 180,	
generalizadas 1 349 1 170,	
primarias 1 349 1 169,	
37 1 349 1 3954,	
tónico-clónicas 2 349 2 165,171,	
secundaria 1 349 1 163,	
generalización 1 349 1 162,	
equilibrio 2 349 2 3524,3645,	
o 12 349 12 160,218,304,432,636,1043,1252,2037,2047,2234,4164,4199,	
ajustarse 1 349 1 1547,	
parciales 1 349 1 158,	
crisis 5 349 5 157,168,179,2179,3298,	
eficacia 1 349 1 155,	
demostrado 2 349 2 154,2732,	
Se 7 349 7 152,1575,1807,2201,2569,3178,4090,	
bloqueo 1 349 1 3271,	
niños 13 349 13 148,263,458,1201,1453,1670,1690,1705,1731,2665,3807,3817,3834,	
añadida 3 349 3 145,2821,3137,	
terapia 5 349 5 144,798,1213,2820,3136,	
normales 1 349 1 3736,	
adultos 12 349 12 141,151,456,792,1653,1673,3342,3648,3706,3810,3838,4013,	
monoterapia 4 349 4 139,301,351,3117,	
epilepsia 3 349 3 137,2808,3896,	
tratamiento 16 349 16 134,1595,1746,1774,1811,2004,2013,2165,2358,2613,2856,2881,2978,3232,3947,4036,	
indicado 3 349 3 131,174,3236,	
está 7 349 7 130,173,1558,1694,1756,2960,3992,	
CLINICOS 1 349 1 128,	
DATOS 2 349 2 127,4249,	
4 12 349 12 126,186,486,1554,1567,1568,2213,2477,2715,2809,3172,4326,	
FARMACEUTICA 1 349 1 124,	
FORMA 1 349 1 123,	
3 10 349 10 122,484,975,1009,1216,1223,1555,4208,4309,4323,	
25 8 349 8 93,105,354,489,560,579,816,4416,	
5 10 349 10 78,90,811,2214,3242,3438,3468,4207,4357,4405,	
dispersables 15 349 15 66,81,96,111,1365,4272,4317,4343,4397,4408,4414,4419,4425,4430,4436,	
comprimidos 25 349 25 65,80,95,110,195,277,290,1364,4316,4332,4342,4366,4371,4375,4380,4385,4392,4396,4403,4407,4413,4418,4424,4429,4435,	
luz 1 349 1 4355,	
200 6 349 6 50,60,425,630,1051,4383,	
100 13 349 13 37,47,108,120,423,628,676,708,845,868,1703,4373,4427,	
) 7 349 7 33,46,59,74,89,104,119,	
ejemplo 1 349 1 1967,	
E 7 349 7 32,45,58,73,88,103,118,	
O 7 349 7 31,44,57,72,87,102,117,	
(D 7 349 7 30,43,56,71,86,101,116,	
Lamotrigina 52 349 52 29,42,55,70,85,100,115,766,781,892,907,1176,1191,1327,1342,1566,1597,1765,1776,1813,2142,2231,2248,2289,2307,2328,2402,2408,2422,2464,2737,2762,2834,2858,2886,2969,2980,3000,3134,3256,3337,3423,3443,3588,3589,3609,3625,3658,3751,3827,4038,4061,	
contiene 7 349 7 28,41,54,69,84,99,114,	
comprimido 8 349 8 27,40,53,68,83,98,113,216,	
ascitis 2 349 2 4139,4144,	
Cada 7 349 7 26,39,52,67,82,97,112,	
mg 49 349 49 25,35,38,48,51,61,64,76,79,91,94,106,109,121,355,366,398,490,496,561,580,605,631,666,709,812,814,817,840,846,1357,1363,1383,3335,3356,3361,3393,3428,3506,3982,4026,4315,4365,4374,4384,4395,4406,4417,4428,	
50 9 349 9 24,34,365,396,495,665,839,3868,4364,	
	LABILENO 3 349 3 23,129,4251,	
CUANTITATIVA 1 349 1 22,	
Y 1 349 1 21,	
CUALITATIVA 1 349 1 20,	
COMPOSICION 1 349 1 19,	
2 20 349 20 18,63,75,187,482,801,1092,1121,1257,1265,1362,1441,1456,1957,3439,3467,4304,4314,4318,4394,	
	 3 349 3 17,125,4444,	
MEDICAMENTO 1 349 1 16,	
DEL 1 349 1 15,	
NOMBRE 1 349 1 14,	
1 13 349 13 13,466,480,1091,1120,1256,1264,1382,1656,1697,1701,3354,3571,	
ocasiones 1 349 1 2200,	
información 3 349 3 10,1445,2629,	
Toda 1 349 1 8,	
medicamento 2 349 2 7,12,	
Basica 1 349 1 5,	
	Información 1 349 1 4,	
COMPRIMIDOS 2 349 2 3,4448,	
56 7 349 7 2,4370,4379,4412,4423,4434,4447,	
SJS 1 349 1 1651,	
100MG 2 349 2 1,4446,	
identificadas 1 349 1 3580,	
LABILENO 52 349 52 0,36,49,62,77,92,107,172,197,303,310,349,446,557,662,745,789,957,1075,1199,1361,1388,1451,1557,1918,1939,1947,1976,2068,2212,2486,2505,2511,2555,2578,2594,3098,3115,4226,4235,4270,4313,4331,4341,4363,4372,4382,4393,4404,4415,4426,4445,	
