	Prospectos 1 447 1 3564,	
2006 1 447 1 3563,	
Diciembre 1 447 1 3562,	
TEXTO 1 447 1 3561,	
REVISIÓN 1 447 1 3559,	
2003 1 447 1 3554,	
AUTORIZACIÓN/RENOVACIÓN 1 447 1 3549,	
PRIMERA 1 447 1 3548,	
FECHA 2 447 2 3545,3556,	
	9 1 447 1 3544,	
NÚMERO 1 447 1 3539,	
COMERCIALIZACIÓN 2 447 2 3536,3543,	
AUTORIZACIÓN 3 447 3 3534,3541,3552,	
LA 4 447 4 3533,3547,3551,3558,	
TITULAR 1 447 1 3531,	
sólo 1 447 1 3524,	
salud 1 447 1 3516,	
perjudicial 1 447 1 3513,	
comestible 1 447 1 3509,	
perfora 1 447 1 3494,	
ocurra 1 447 1 3488,	
tendencia 1 447 1 3484,	
boca 1 447 1 3476,	
puedan 1 447 1 3473,	
piezas 1 447 1 3469,	
pequeñas 1 447 1 3468,	
gelatina 2 447 2 3464,3508,	
advertir 1 447 1 3457,	
prospecto 1 447 1 3451,	
incluyen 1 447 1 3448,	
detalladas 1 447 1 3446,	
instrucciones 1 447 1 3443,	
Advertir 1 447 1 3427,	
Dispensar 1 447 1 3418,	
paciente 4 447 4 3412,3429,3454,3459,	
sanitario 1 447 1 3407,	
fragmentarse 1 447 1 3466,	
profesional 1 447 1 3406,	
correcta 1 447 1 3399,	
asegurar 1 447 1 3396,	
manipulación 1 447 1 3394,	
Instrucciones 1 447 1 3390,	
93/42/CEE 1 447 1 3387,	
Directiva 1 447 1 3386,	
conformidad 1 447 1 3383,	
halla 1 447 1 3381,	
CE 1 447 1 3375,	
Inhalador 1 447 1 3374,	
+ 1 447 1 3369,	
(AL/PA/AL/PVC) 1 447 1 3364,	
Alu/Alu 1 447 1 3363,	
Blíster 2 447 2 3361,3365,	
recipiente 1 447 1 3360,	
contenido 1 447 1 3358,	
Naturaleza 1 447 1 3356,	
humedad 1 447 1 3353,	
protegerlo 1 447 1 3350,	
blister) 1 447 1 3344,	
(envase 1 447 1 3343,	
original 1 447 1 3342,	
embalaje 1 447 1 3341,	
Conservar 1 447 1 3338,	
C 1 447 1 3337,	
25º 1 447 1 3336,	
temperatura 1 447 1 3333,	
conservación 1 447 1 3329,	
Precauciones 1 447 1 3326,	
inhalatoria 1 447 1 3437,	
meses 1 447 1 3323,	
validez 1 447 1 3321,	
alcanzar 1 447 1 3474,	
Período 1 447 1 3319,	
desconocen 1 447 1 3316,	
Incompatibilidades 1 447 1 3314,	
	6 1 447 1 3312,	
FARMACÉUTICOS 1 447 1 3311,	
excretó 1 447 1 3303,	
teratógenos; 1 447 1 3295,	
mostrado 1 447 1 3293,	
animales 1 447 1 3290,	
pruebas 1 447 1 3288,	
reproducción 1 447 1 3286,	
Toxicidad 1 447 1 3283,	
presenta 1 447 1 3280,	
mutagénico 1 447 1 3270,	
ausencia 1 447 1 3267,	
vista 1 447 1 3261,	
esperada 1 447 1 3249,	
lugar 1 447 1 3238,	
daba 1 447 1 3237,	
ningún 1 447 1 3226,	
estadísticamente 1 447 1 3223,	
bajas 1 447 1 3207,	
histórica 1 447 1 3197,	
población 1 447 1 3196,	
tipos 1 447 1 3184,	
altas 1 447 1 3180,	
primer 1 447 1 3174,	
específicos 1 447 1 3169,	
conocidos 1 447 1 3165,	
ovario 1 447 1 3160,	
granulosa/teca; 1 447 1 3149,	
ováricos 1 447 1 3140,	
quistes 1 447 1 3139,	
También 1 447 1 3130,	
asociados 1 447 1 3116,	
típicamente 1 447 1 3115,	
neoplasmas 1 447 1 3112,	
leiomiomas 1 447 1 3109,	
rangos 1 447 1 3101,	
diferentes 1 447 1 3100,	
roedores 2 447 2 3090,3171,	
administra 1 447 1 3088,	
beta 2 447 2 3085,3157,	
sexos 1 447 1 3068,	
hepáticos 1 447 1 3065,	
femenino 1 447 1 3061,	
genital 1 447 1 3060,	
aparato 1 447 1 3059,	
patológicos 1 447 1 3045,	
alimentación 1 447 1 3037,	
segundo 2 447 2 3034,3210,	
hallazgos 1 447 1 3028,	
obstante 2 447 2 3026,3502,	
subcapsulares 1 447 1 3023,	
células 2 447 2 3022,3146,	
benignos 4 447 4 3019,3053,3113,3143,	
tumores 8 447 8 3018,3052,3064,3074,3142,3186,3201,3220,	
ligeramente 1 447 1 3015,	
elevadas 4 447 4 3011,3072,3093,3126,	
macho 1 447 1 3006,	
concluye 1 447 1 2997,	
ratones 3 447 3 2995,3005,3039,	
De 1 447 1 2981,	
Cancerogénesis 1 447 1 2980,	
vitro 1 447 1 2975,	
in 2 447 2 2974,2977,	
genotóxicos 1 447 1 2968,	
encontraron 1 447 1 2966,	
experimentales 1 447 1 2963,	
finales 1 447 1 2962,	
variables 1 447 1 2961,	
amplio 1 447 1 2958,	
cubrían 2 447 2 2956,3099,	
mutagenicidad 1 447 1 2954,	
llevado 1 447 1 2949,	
Mutagénesis 1 447 1 2946,	
preclínicos 1 447 1 2943,	
Datos 1 447 1 2942,	
estudiado 1 447 1 2928,	
hepática 2 447 2 2924,2939,	
Insuficiencia 1 447 1 2921,	
cerca 1 447 1 2907,	
estudiados 1 447 1 2906,	
absorción) 1 447 1 2902,	
incremento 1 447 1 2890,	
excedió 1 447 1 2883,	
determinadas 1 447 1 2870,	
cantidades 1 447 1 2869,	
84% 1 447 1 2865,	
18 2 447 2 2863,3322,	
aumentó 1 447 1 2859,	
Pediátrica 1 447 1 2819,	
sido 1 447 1 2812,	
Geriátrica 1 447 1 2805,	
mujeres 1 447 1 2804,	
varones 1 447 1 2802,	
significativas 1 447 1 2800,	
variaciones 1 447 1 2799,	
peso 1 447 1 2795,	
Sexo 1 447 1 2785,	
Poblaciones 1 447 1 2783,	
13 1 447 1 2776,	
urinarias 1 447 1 2773,	
tasas 1 447 1 2770,	
h 2 447 2 2750,2781,	
terminal 2 447 2 2742,2756,	
ml/min 1 447 1 2721,	
150 1 447 1 2720,	
renal 3 447 3 2712,2922,2937,	
aclaramiento 1 447 1 2711,	
heces 1 447 1 2709,	
tercio 1 447 1 2707,	
aparecieron 2 447 2 2702,3203,	
tercios 1 447 1 2697,	
organismo; 1 447 1 2694,	
completamente 1 447 1 2692,	
excretaron 1 447 1 2691,	
metabolitos 1 447 1 2689,	
Tanto 1 447 1 2683,	
(12-120 1 447 1 2666,	
60% 1 447 1 2651,	
40% 1 447 1 2649,	
Septiembre 1 447 1 3553,	
constituyen 1 447 1 2647,	
recuperó 2 447 2 2633,2914,	
10% 1 447 1 2624,	
aproximadamente 3 447 3 2622,2695,2860,	
asmáticos 3 447 3 2602,2682,2826,	
Excreción 1 447 1 2599,	
citocromo 1 447 1 2593,	
específica 1 447 1 2582,	
isoenzima 1 447 1 2581,	
farmacológica 1 447 1 2576,	
potencial 2 447 2 2573,3002,	
2A6) 1 447 1 2567,	
2C9 1 447 1 2565,	
2C19 1 447 1 2564,	
(CYP2D6 1 447 1 2563,	
O-desmetilación 1 447 1 2562,	
2B15) 1 447 1 2559,	
2B7 1 447 1 2557,	
1A10 1 447 1 2556,	
1A9 1 447 1 2555,	
1A8 1 447 1 2554,	
1A7 1 447 1 2553,	
1A6 1 447 1 2552,	
1A3 1 447 1 2551,	
(UGT1A1 1 447 1 2550,	
isoenzimas 2 447 2 2545,2591,	
numerosas 1 447 1 2544,	
existencia 1 447 1 2542,	
secundarias 1 447 1 2540,	
vías 1 447 1 2539,	
desformilación 1 447 1 2534,	
seguida 2 447 2 2525,2535,	
0-desmetilación 1 447 1 2524,	
metabolismo 2 447 2 2518,2584,	
principal 1 447 1 2515,	
fabricada 1 447 1 3506,	
molécula 1 447 1 2513,	
principalmente 1 447 1 2503,	
elimina 1 447 1 2502,	
Metabolismo 1 447 1 2499,	
alcanzado 1 447 1 2495,	
lugares 1 447 1 2487,	
34% 1 447 1 2481,	
humana 1 447 1 2478,	
sérica 1 447 1 2477,	
albúmina 1 447 1 2476,	
64% 1 447 1 2470,	
directa 1 447 1 2510,	
61 1 447 1 2468,	
unión 3 447 3 2460,2473,2489,	
Distribución 1 447 1 2458,	
65% 1 447 1 2455,	
vía 5 447 5 2444,2505,2516,2520,3436,	
marcado-H3 1 447 1 2443,	
80 1 447 1 2438,	
administraron 1 447 1 2437,	
gastrointestinal 1 447 1 2434,	
absorbido 1 447 1 2429,	
tarde 1 447 1 2428,	
ingerido 1 447 1 2425,	
sea 1 447 1 2424,	
inhalador 4 447 4 2423,3348,3416,3425,	
mediante 2 447 2 2422,2848,	
consistieron 1 447 1 3046,	
parte 1 447 1 2418,	
administrados 1 447 1 2410,	
tragar 1 447 1 3441,	
descrito 1 447 1 2406,	
Tal 1 447 1 2401,	
repetidas 2 447 2 2400,2679,	
después 4 447 4 2397,2871,3296,3479,	
enantiómero 1 447 1 2393,	
relativa 1 447 1 2390,	
hubo 1 447 1 2387,	
mesováricos 1 447 1 3110,	
múltiple 1 447 1 2385,	
limitada 1 447 1 2378,	
acumulación 3 447 3 2377,2389,2879,	
Esto 1 447 1 2374,	
38% 1 447 1 2369,	
19 1 447 1 2366,	
dosis) 1 447 1 2358,	
última 1 447 1 2352,	
(la 1 447 1 2351,	
73% 2 447 2 2350,2897,	
63 2 447 2 2348,2894,	
incrementó 1 447 1 2345,	
cancerogénico 2 447 2 3003,3282,	
proporcional 1 447 1 2314,	
aumenta 1 447 1 2311,	
circulación 1 447 1 2310,	
disponible 1 447 1 2307,	
S) 3 447 3 2300,2646,2764,	
(S 3 447 3 2299,2645,2763,	
R) 3 447 3 2297,2643,2761,	
(R 3 447 3 2296,2642,2760,	
enantiómeros 3 447 3 2295,2641,2759,	
y/o 1 447 1 2292,	
acumulativa 1 447 1 2289,	
investigaron 1 447 1 2285,	
respectivamente 4 447 4 2269,2631,2652,2782,	
50 1 447 1 2266,	
23 1 447 1 2263,	
25 1 447 1 2258,	
11 1 447 1 2255,	
variaron 1 447 1 2253,	
plasmáticas 2 447 2 2250,2465,	
concentraciones 3 447 3 2249,2494,2597,	
ó 4 447 4 2238,2326,2612,2838,	
pmol/l 3 447 3 2219,2260,2268,	
máxima 2 447 2 2216,3253,	
concentración 1 447 1 2215,	
alcanzó 1 447 1 2213,	
absorbió 2 447 2 2207,2453,	
voluntarios 4 447 4 2203,2448,2669,2736,	
120 2 447 2 2197,2730,	
única 2 447 2 2195,2728,	
Tras 3 447 3 2189,2321,2722,	
Absorción 1 447 1 2188,	
plasma 4 447 4 2185,2211,2382,2746,	
orina 4 447 4 2182,2636,2704,2917,	
calculadas 2 447 2 2179,2765,	
eliminación 3 447 3 2178,2741,2755,	
semividas 2 447 2 2176,2753,	
plasmática 1 447 1 2172,	
correlaciona 1 447 1 2166,	
sistémica 2 447 2 2164,3242,	
indirecta 1 447 1 2160,	
medida 1 447 1 2159,	
utilizada 1 447 1 2157,	
inalterado 6 447 6 2156,2344,2639,2659,2858,2920,	
urinaria 5 447 5 2153,2288,2341,2656,2855,	
excreción 5 447 5 2152,2287,2340,2772,2854,	
EPOC 4 447 4 2150,2231,2373,2605,	
cambios 1 447 1 3044,	
terapéutica 1 447 1 2144,	
sanos 5 447 5 2139,2204,2449,2670,2737,	
individuos 1 447 1 2138,	
plasmático 1 447 1 2124,	
farmacocinética 4 447 4 2121,2787,2807,2930,	
datos 2 447 2 2118,2169,	
obtuvieron 1 447 1 2117,	
terapéutico 2 447 2 2106,3276,	
farmacocinéticas 1 447 1 2099,	
conservar 1 447 1 3331,	
Propiedades 1 447 1 2098,	
	5 1 447 1 2096,	
ESTE 1 447 1 2094,	
DE 8 447 8 2093,3532,3535,3540,3542,3546,3550,3557,	
FARMACOLÓGICAS 1 447 1 2092,	
PROPIEDADES 1 447 1 2091,	
" 1 447 1 2089,	
existe 2 447 2 2082,2483,	
extrema 1 447 1 2078,	
supervisión 1 447 1 2072,	
betabloqueante 1 447 1 2066,	
considerarse 1 447 1 2060,	
estudiada 1 447 1 2813,	
Puede 1 447 1 2059,	
sintomático 1 447 1 2050,	
apoyo 1 447 1 2048,	
Está 1 447 1 2043,	
hiperglucemia 1 447 1 2041,	
metabólica 3 447 3 2039,2506,2521,	
Otra 1 447 1 2519,	
acidosis 1 447 1 2038,	
palpitaciones 1 447 1 2034,	
somnolencia 1 447 1 2033,	
cefalea 1 447 1 2031,	
vómitos 1 447 1 2030,	
producirá 1 447 1 2021,	
probablemente 2 447 2 2020,3168,	
sobredosificación 1 447 1 2017,	
Síntomas 1 447 1 2015,	
6% 1 447 1 2909,	
Sobredosis 1 447 1 2014,	
9 2 447 2 2013,2777,	
rash 1 447 1 2011,	
tos 1 447 1 2009,	
formulaciones 1 447 1 2006,	
observado 1 447 1 1999,	
sugiere 2 447 2 2375,2570,	
han 3 447 3 1998,2948,3292,	
mialgia 1 447 1 1996,	
Calambres 1 447 1 1994,	
oral 3 447 3 2445,2701,3300,	
conjuntivo 1 447 1 1991,	
tejido 1 447 1 1990,	
musculoesqueléticos 1 447 1 1987,	
gastrointestinales 1 447 1 1982,	
vivo 1 447 1 2978,	
garganta 2 447 2 1980,3478,	
irritación 1 447 1 1978,	
mediastínicos 1 447 1 1974,	
torácicos 1 447 1 1972,	
respiratorios 1 447 1 1971,	
periférico 1 447 1 1969,	
Taquicardia 1 447 1 1965,	
Palpitaciones 1 447 1 1962,	
cardíacos 1 447 1 1960,	
Disgeusia 1 447 1 1958,	
rara 3 447 3 1957,1967,1984,	
Mareo 1 447 1 1955,	
temblor 2 447 2 1952,2032,	
Cefalea 1 447 1 1951,	
Frecuentes 2 447 2 1950,1961,	
nervioso 1 447 1 1949,	
insomnio 1 447 1 1945,	
nerviosismo 1 447 1 1944,	
ansiedad 1 447 1 1943,	
psiquiátricos 1 447 1 1939,	
edema 1 447 1 1936,	
urticaria 1 447 1 1935,	
hipotensión 1 447 1 1934,	
(incluyendo 1 447 1 1933,	
Muy 4 447 4 1930,1956,1966,1983,	
inmunológico 1 447 1 1929,	
Trastornos 7 447 7 1926,1938,1946,1959,1970,1981,1986,	
Tabla 1 447 1 1924,	
000) 1 447 1 1920,	
(< 1 447 1 1918,	
corrección 1 447 1 2792,	
000); 1 447 1 1915,	
1/10 2 447 2 1911,1919,	
raras 3 447 3 1909,1917,1931,	
1/100); 1 447 1 1908,	
000 2 447 2 1906,1912,	
1/1 2 447 2 1905,1914,	
< 3 447 3 1900,1907,1913,	
1/100 1 447 1 1899,	
1/10); 2 447 2 1896,1901,	
( 4 447 4 1895,1898,1904,1910,	
frecuentes 8 447 8 1894,1897,1903,1941,1954,1964,1976,1993,	
continuación 1 447 1 1892,	
describe 1 447 1 1890,	
aumento 3 447 3 3107,3134,3215,	
frecuencias 1 447 1 1885,	
descendiente 1 447 1 1883,	
orden 1 447 1 1882,	
clasifican 1 447 1 1880,	
1) 1 447 1 1878,	
(Tabla 1 447 1 1877,	
Las 5 447 5 1874,2175,3287,3442,3517,	
Otras 1 447 1 1871,	
0%) 1 447 1 1870,	
(0/176 1 447 1 1868,	
(8/171 1 447 1 1859,	
(11/171 1 447 1 1848,	
número 2 447 2 1836,2959,	
observaron 3 447 3 1829,3031,3182,	
antiinflamatorios 1 447 1 1827,	
broncodilatadores 1 447 1 1825,	
provocar 1 447 1 2086,	
diario 1 447 1 1823,	
edad) 1 447 1 1817,	
(de 1 447 1 1811,	
terapéuticas 2 447 2 2498,2598,	
518 1 447 1 1807,	
extenso 1 447 1 1802,	
multicéntrico 1 447 1 1801,	
randomizado 1 447 1 1800,	
52 1 447 1 1794,	
comparado 2 447 2 1778,2866,	
investigó 1 447 1 1767,	
(1/517 1 447 1 1751,	
máximo 1 447 1 1744,	
abierto 1 447 1 1734,	
2%) 2 447 2 1727,1753,	
6%) 1 447 1 1722,	
probable 1 447 1 2414,	
(3/527 1 447 1 1720,	
(2/527 1 447 1 1710,	
ciego 2 447 2 1702,1799,	
tres 1 447 1 1697,	
· 3 447 3 3409,3417,3426,	
elevado 1 447 1 1689,	
aparente 1 447 1 1668,	
relación 1 447 1 1667,	
16 1 447 1 1662,	
resultados 2 447 2 1657,2983,	
inferior 1 447 1 1655,	
e 2 447 2 1654,2976,	
taquicardia 1 447 1 2035,	
efectos 5 447 5 1641,2023,2967,3153,3294,	
comparar 1 447 1 1639,	
085 1 447 1 1636,	
participaron 2 447 2 1634,1806,	
posterior 1 447 1 1630,	
clínico 2 447 2 1629,1792,	
retiradas 1 447 1 3521,	
ensayo 5 447 5 1628,1660,1791,2822,3035,	
realizó 1 447 1 1626,	
observación 1 447 1 1624,	
Teniendo 1 447 1 1620,	
(2/272 1 447 1 1617,	
albuterol 1 447 1 1616,	
corporal 1 447 1 2796,	
7%) 3 447 3 1614,1619,1861,	
(2/277 1 447 1 1612,	
únicas 2 447 2 2665,2677,	
4%) 3 447 3 1610,1712,1850,	
(1/275 1 447 1 1608,	
(9/271 1 447 1 1596,	
comúnmente 1 447 1 1587,	
cantidad 1 447 1 2304,	
hospitalización) 1 447 1 1585,	
dando 1 447 1 1581,	
(empeoramiento 1 447 1 1577,	
produjeron 1 447 1 1573,	
095 1 447 1 1563,	
presentó 1 447 1 2798,	
combinada 1 447 1 1560,	
musculares 1 447 1 1995,	
participación 1 447 1 1559,	
US 1 447 1 1556,	
presentación 1 447 1 1552,	
principales 1 447 1 1542,	
adolescentes 1 447 1 1534,	
Experiencia 2 447 2 1532,1754,	
3%) 2 447 2 1531,1598,	
24 10 447 10 1518,1590,1704,1781,1842,2110,2239,2327,2613,2839,	
10 5 447 5 1507,2272,2749,3244,3555,	
9% 2 447 2 1505,1516,	
(0 2 447 2 1504,1530,	
(1/514 1 447 1 1725,	
realizados 2 447 2 1488,1549,	
semanas 8 447 8 1483,1546,1663,1795,2235,2338,2609,2852,	
ensayos 5 447 5 1473,1541,2283,2952,2973,	
Reacciones 1 447 1 1467,	
maquinaria 1 447 1 1464,	
P450 1 447 1 2594,	
manejar 1 447 1 1463,	
blíster 1 447 1 3523,	
abstengan 1 447 1 1459,	
similares 2 447 2 1456,2187,	
u 2 447 2 1452,3404,	
mareo 1 447 1 1451,	
experimenten 1 447 1 1450,	
aconsejar 1 447 1 1445,	
máquinas 1 447 1 1442,	
utilizar 3 447 3 1441,2064,3414,	
vehículos 1 447 1 1439,	
conducir 2 447 2 1438,1461,	
capacidad 1 447 1 1436,	
Efectos 1 447 1 1433,	
7 3 447 3 1432,2259,3530,	
riesgos 1 447 1 1430,	
beneficios 1 447 1 1426,	
cuidadosamente 1 447 1 1421,	
valorará 1 447 1 1420,	
motivo 1 447 1 1418,	
Por 1 447 1 1416,	
lactantes 2 447 2 1415,3308,	
ratas 7 447 7 1414,2993,3098,3123,3162,3213,3307,	
detectado 1 447 1 1407,	
materna 1 447 1 1404,	
leche 3 447 3 1403,1412,3305,	
pasa 1 447 1 1400,	
desconoce 1 447 1 1396,	
Lactancia 1 447 1 1394,	
lisa 1 447 1 1392,	
musculatura 1 447 1 1391,	
relajante 1 447 1 1388,	
parto 1 447 1 1384,	
inhibido 1 447 1 1382,	
verse 1 447 1 1381,	
beta2-adrenérgicos 3 447 3 1379,2028,3129,	
segura 1 447 1 1372,	
cabo 1 447 1 2951,	
disponga 1 447 1 1367,	
gestación 1 447 1 1361,	
utilizará 1 447 1 1358,	
embarazo 1 447 1 1352,	
seguridad 3 447 3 1347,1769,2945,	
establecido 1 447 1 1344,	
lactancia 2 447 2 1339,1355,	
Embarazo 2 447 2 1337,1340,	
6 9 447 9 1336,1849,2277,3309,3317,3324,3354,3388,3389,	
colirios) 1 447 1 1324,	
(incluidos 1 447 1 1323,	
beta-bloqueantes 1 447 1 1322,	
darse 1 447 1 1321,	
deberían 1 447 1 1320,	
antagonizar 1 447 1 1311,	
músculo 2 447 2 3055,3076,	
debilitar 1 447 1 1309,	
beta-adrenérgicos 1 447 1 1307,	
bloqueantes 1 447 1 1306,	
hipopotasémico 1 447 1 1290,	
inhibición 1 447 1 2578,	
posible 1 447 1 1288,	
diuréticos 1 447 1 1284,	
xantina 1 447 1 1281,	
derivados 1 447 1 1278,	
adversas 6 447 6 1271,1455,1468,1873,1876,2003,	
reacciones 5 447 5 1270,1454,1872,1875,2002,	
simpaticomiméticos 1 447 1 1266,	
agentes 1 447 1 1265,	
concomitante 2 447 2 1262,1276,	
ventriculares 2 447 2 1249,2037,	
incrementado 1 447 1 1246,	
riesgo 3 447 3 1245,2084,3281,	
poseen 1 447 1 1243,	
prolongan 1 447 1 1239,	
típicos 1 447 1 2024,	
conoce 1 447 1 1238,	
sistema 3 447 3 1232,1928,1948,	
potenciar 3 447 3 1223,1268,1286,	
prolongar 1 447 1 1214,	
conozca 1 447 1 1211,	
fármaco 4 447 4 1208,2174,2457,3401,	
tricíclicos 1 447 1 1204,	
antidepresivos 1 447 1 1203,	
semivida 1 447 1 2739,	
monoaminooxidasa 1 447 1 1201,	
inhibidores 1 447 1 1198,	
antihistamínicos 1 447 1 1197,	
fenotiazinas 1 447 1 1196,	
procainamida 1 447 1 1195,	
disopiramida 1 447 1 1194,	
fármacos 5 447 5 1190,1221,1235,2409,3128,	
interacción 2 447 2 1171,2575,	
Interacción 1 447 1 1162,	
absorción 1 447 1 1151,	
lactasa 1 447 1 1146,	
insuficiencia 2 447 2 1144,2936,	
galactosa 2 447 2 1143,1155,	
tracto 1 447 1 2433,	
intolerancia 1 447 1 1140,	
raros 1 447 1 1138,	
hereditarios 1 447 1 1137,	
catalizan 1 447 1 2547,	
problemas 2 447 2 1136,1149,	
alternativa 3 447 3 1132,1334,1370,	
medicación 1 447 1 1131,	
instituirá 1 447 1 1129,	
preparado 1 447 1 1126,	
retirará 1 447 1 1123,	
paradójico; 1 447 1 1118,	
día) 1 447 1 1523,	
presente 1 447 1 1112,	
tendrá 1 447 1 1111,	
igual 3 447 3 1103,1174,1374,	
Al 2 447 2 1102,1373,	
paradójico 1 447 1 1101,	
sérico 1 447 1 1099,	
potasio 1 447 1 1098,	
niveles 1 447 1 1096,	
situaciones 1 447 1 1091,	
tratamientos 3 447 3 1073,1107,3118,	
hipoxia 1 447 1 1070,	
potenciada 1 447 1 1068,	
precaución 3 447 3 1056,1182,2079,	
especial 1 447 1 1055,	
predisposición 1 447 1 1048,	
incrementar 1 447 1 1046,	
náuseas 1 447 1 2029,	
La 10 447 10 1043,1260,2151,2459,2528,2541,2786,2806,2876,3483,	
potencialmente 1 447 1 1041,	
hipopotasemia 4 447 4 1040,1044,1065,2040,	
originar 1 447 1 1038,	
Hipopotasemia 1 447 1 1031,	
sangre 2 447 2 1030,2717,	
glucosa 2 447 2 1028,1153,	
controles 1 447 1 1026,	
realizar 1 447 1 1025,	
recomienda 4 447 4 1024,1054,1093,2135,	
estimulantes 3 447 3 1018,1378,2027,	
hiperglucémico 1 447 1 1015,	
Debido 1 447 1 1012,	
resultado 1 447 1 1583,	
interacción"") 2 447 2 1011,1088,	
formas 3 447 3 1009,1086,1169,	
medicamentos 4 447 4 1006,1083,1166,3566,	
""Interacción 2 447 2 1002,1079,	
mostraron 3 447 3 1665,3012,3105,	
ver 1 447 1 998,	
; 1 447 1 997,	
seg 1 447 1 996,	
44 1 447 1 995,	
0 9 447 9 994,1609,1613,1618,1711,1721,1726,1752,1869,	
> 1 447 1 993,	
(QTc 1 447 1 992,	
QT 3 447 3 991,1217,1242,	
intervalo 4 447 4 990,1216,1241,2103,	
conocida 1 447 1 988,	
sospechada 1 447 1 986,	
prolongación 1 447 1 985,	
tirotoxicosis 1 447 1 983,	
sulfoconjugación 2 447 2 2529,2537,	
hipertrófica 1 447 1 982,	
cardiomiopatía 1 447 1 980,	
idiopática 1 447 1 979,	
subvalvular 1 447 1 978,	
aórtica 1 447 1 977,	
estenosis 1 447 1 976,	
inhalada 1 447 1 2318,	
cardiaca 1 447 1 974,	
descompensación 1 447 1 973,	
grado) 1 447 1 972,	
(para 1 447 1 1695,	
tercer 1 447 1 971,	
auriculoventricular 1 447 1 969,	
(especialmente 1 447 1 967,	
inhibe 1 447 1 2589,	
cardíacas 2 447 2 966,1052,	
arritmias 4 447 4 965,1051,1248,2036,	
266 1 447 1 2218,	
isquémica 1 447 1 964,	
Náuseas 1 447 1 1985,	
Cardiopatía 1 447 1 963,	
siguientes 2 447 2 961,2001,	
rango 2 447 2 956,2492,	
relativo 1 447 1 954,	
estrechamente 1 447 1 949,	
vigilados 1 447 1 948,	
reciban 1 447 1 944,	
concomitantes 2 447 2 940,1074,	
Condiciones 1 447 1 939,	
empeora 1 447 1 935,	
inmediatamente 3 447 3 931,1124,3525,	
esteroides 1 447 1 1282,	
solicitar 1 447 1 928,	
informados 1 447 1 923,	
grupos 3 447 3 887,1650,1698,	
Edema 1 447 1 1968,	
diferencias 1 447 1 878,	
precisa 1 447 1 875,	
cuantificación 1 447 1 874,	
permiten 1 447 1 872,	
estudios 3 447 3 870,2986,3096,	
Estos 3 447 3 869,3111,3200,	
proteínas 1 447 1 2464,	
adversas"") 1 447 1 868,	
""Reacciones 1 447 1 867,	
8 3 447 3 866,1466,3538,	
apartado 1 447 1 864,	
recibieron 7 447 7 855,861,1502,1528,1840,1866,2836,	
Poco 5 447 5 1940,1953,1963,1975,1992,	
incidencia 7 447 7 847,1494,3014,3050,3137,3191,3218,	
sugirieron 2 447 2 844,1491,	
clínicos 2 447 2 841,1474,	
Ensayos 1 447 1 840,	
comenzar 1 447 1 835,	
empeoran 1 447 1 833,	
siguen 1 447 1 828,	
liso 2 447 2 3056,3077,	
acudan 1 447 1 819,	
continúen 1 447 1 814,	
pedir 1 447 1 809,	
Se 12 447 12 807,1053,1395,1405,1443,1766,1828,1997,2116,2947,3315,3455,	
acción 1 447 1 1225,	
exacerbaciones 7 447 7 806,849,883,1496,1574,1679,1830,	
relacionados 2 447 2 801,1644,	
adversos 2 447 2 799,1642,	
producirse 1 447 1 797,	
Durante 1 447 1 791,	
asmáticas 8 447 8 790,850,884,1470,1497,1575,1680,1831,	
Exacerbaciones 2 447 2 789,1469,	
mejoren 1 447 1 786,	
introducción 1 447 1 782,	
antiiflamatoria 1 447 1 779,	
interrumpir 1 447 1 776,	
Los 13 447 13 772,919,941,1133,1234,1305,1472,1656,2282,2640,3004,3073,3094,	
adecuada 1 447 1 771,	
reciben 1 447 1 768,	
antiinflamatoria 1 447 1 766,	
evaluados 1 447 1 760,	
prescriba 1 447 1 754,	
superiores 1 447 1 2130,	
deterioro 1 447 1 748,	
recuperación 1 447 1 2655,	
sufriendo 1 447 1 742,	
están 3 447 3 741,1186,3114,	
aguda 1 447 1 737,	
exacerbación 1 447 1 736,	
significativo 2 447 2 745,3224,	
iniciar 1 447 1 729,	
deben 2 447 2 728,3519,	
proporcionan 1 447 1 719,	
complementario 1 447 1 713,	
Aunque 1 447 1 707,	
doble 2 447 2 1701,1798,	
incluyendo 2 447 2 705,1921,	
terapias 1 447 1 702,	
iniciación 1 447 1 697,	
claramente 1 447 1 695,	
adrenales 1 447 1 3024,	
enfermedad 1 447 1 693,	
gravedad 1 447 1 690,	
cuya 1 447 1 689,	
media) 1 447 1 687,	
baja 2 447 2 685,3234,	
corticosteroides 2 447 2 681,716,	
ej 1 447 1 680,	
medicaciones 1 447 1 673,	
adecuadamente 1 447 1 670,	
controlados 4 447 4 669,831,1475,1543,	
son 6 447 6 668,2186,2538,3078,3163,3433,	
adicional 1 447 1 663,	
traten 1 447 1 653,	
Cuando 3 447 3 651,752,2435,	
antiinflamatorio 1 447 1 650,	
Tratamiento 2 447 2 649,2042,	
eficaz 1 447 1 646,	
Debe 1 447 1 641,	
disminuyendo 1 447 1 636,	
les 1 447 1 634,	
control 4 447 4 623,676,722,3199,	
importante 1 447 1 621,	
Es 1 447 1 620,	
gradualmente 1 447 1 615,	
reducir 1 447 1 614,	
posibilidad 3 447 3 612,1114,2062,	
saturación 1 447 1 2484,	
cuenta 2 447 2 610,1622,	
controlado 1 447 1 601,	
estuvo 1 447 1 2891,	
hayan 1 447 1 600,	
Agitación 1 447 1 1942,	
vez 2 447 2 597,3500,	
MINISTERIO 2 447 2 595,1937,	
suele 1 447 1 585,	
controlarlos 1 447 1 582,	
aislados 1 447 1 1923,	
persisten 1 447 1 569,	
revalorar 1 447 1 563,	
recomendada 3 447 3 559,2145,3256,	
Dosis 1 447 1 558,	
conjuntamente 1 447 1 550,	
administrado 2 447 2 549,2421,	
inicial 1 447 1 542,	
suficiente) 1 447 1 539,	
(y 1 447 1 536,	
El 7 447 7 529,560,1032,1274,1674,2710,3376,	
incrementaba 1 447 1 526,	
relacionadas 1 447 1 522,	
determinar 2 447 2 516,762,	
adecuado 2 447 2 514,721,	
realizado 2 447 2 511,2823,	
No 10 447 10 508,1341,1356,2386,2482,2925,2964,3025,3330,3501,	
(3/13179) 1 447 1 507,	
registro 1 447 1 1554,	
placebo 9 447 9 506,862,1477,1529,1611,1694,1724,1788,1867,	
grupo 3 447 3 505,1731,3230,	
(13/13176) 1 447 1 501,	
tratados 5 447 5 498,1188,2232,2606,3007,	
debido 2 447 2 492,1385,	
muertes 2 447 2 491,521,	
tasa 4 447 4 489,519,881,2877,	
mayor 6 447 6 488,846,1493,1835,2417,3049,	
observó 2 447 2 486,3132,	
rápidamente 1 447 1 2208,	
diferente 1 447 1 484,	
salmeterol 2 447 2 477,500,	
estudio 5 447 5 475,513,1684,3175,3211,	
considera 1 447 1 3272,	
larga 4 447 4 471,482,556,3120,	
Mostrar 1 447 1 3410,	
adrenérgicos 2 447 2 469,1229,	
agonistas 7 447 7 467,1035,1177,1228,1293,3084,3156,	
clase 1 447 1 465,	
pertenece 1 447 1 462,	
activo 2 447 2 459,2686,	
principio 2 447 2 458,2685,	
Formoterol 3 447 3 456,2500,2587,	
Advertencias 1 447 1 450,	
excipientes 1 447 1 447,	
formoterol 36 447 36 441,532,1399,2123,2155,2200,2205,2242,2252,2291,2306,2330,2343,2380,2420,2441,2462,2531,2569,2586,2616,2638,2658,2714,2733,2744,2789,2809,2842,2857,2919,2932,2999,3255,3278,3301,	
Hipersensibilidad 2 447 2 439,1932,	
disposición 1 447 1 2171,	
Contraindicaciones 1 447 1 438,	
noche 1 447 1 435,	
durante 9 447 9 429,433,734,1350,1359,2233,2336,2607,2850,	
crónicas 1 447 1 427,	
afecciones 1 447 1 426,	
asociada 1 447 1 424,	
broncoconstricción 1 447 1 423,	
mayoría 1 447 1 419,	
controlar 2 447 2 416,1094,	
permite 1 447 1 415,	
inhalaciones 1 447 1 412,	
justifique 1 447 1 694,	
terapia 3 447 3 407,765,778,	
horas 3 447 3 405,2275,2278,	
significativa 1 447 1 401,	
todavía 2 447 2 398,1345,	
(p 1 447 1 679,	
persiste 1 447 1 397,	
broncodilatador 1 447 1 394,	
Dado 1 447 1 390,	
indican 1 447 1 2301,	
menores 1 447 1 376,	
recomendado 1 447 1 373,	
partir 5 447 5 316,384,1758,2431,2767,	
Niños 1 447 1 314,	
crónica 1 447 1 285,	
obstructiva 2 447 2 284,981,	
pulmonar 1 447 1 283,	
Enfermedad 1 447 1 282,	
profilaxis 1 447 1 275,	
necesarias 1 447 1 273,	
primera 2 447 2 2357,2874,	
grave 6 447 6 270,738,975,1042,1061,1147,	
historial 1 447 1 267,	
minutos 4 447 4 258,364,2223,2273,	
15 2 447 2 257,363,	
mínimo 4 447 4 256,362,1480,2451,	
Una 4 447 4 249,355,596,2016,	
conocido 3 447 3 248,354,3081,	
alergeno 2 447 2 247,353,	
inevitable 2 447 2 244,350,	
exposición 6 447 6 243,263,349,369,2163,3241,	
cardioselectivo 1 447 1 2067,	
ejercicio 4 447 4 240,261,346,367,	
inducido 2 447 2 237,343,	
broncoespasmo 5 447 5 236,269,342,1117,2088,	
frente 3 447 3 234,340,1427,	
Profilaxis 2 447 2 233,339,	
empleo"") 3 447 3 232,1259,1304,	
efectuados 1 447 1 2979,	
precauciones 4 447 4 229,452,1256,1301,	
""Advertencias 3 447 3 227,1254,1299,	
mínima 2 447 2 645,3490,	
epígrafe 6 447 6 224,999,1076,1251,1296,2900,	
(ver 6 447 6 223,863,1075,1250,1295,2898,	
glucuronidación 3 447 3 2509,2527,2549,	
duración 10 447 10 222,472,483,557,918,1485,1548,1797,2991,3121,	
corta 2 447 2 221,917,	
beta2 9 447 9 219,468,480,554,915,1019,1036,1178,1294,	
agonista 4 447 4 218,479,553,914,	
repentina 1 447 1 938,	
agudo 5 447 5 214,749,900,910,1578,	
produzca 2 447 2 211,907,	
caso 5 447 5 207,903,1121,1424,3227,	
asma 21 447 21 204,494,525,544,567,605,656,678,724,751,804,827,899,934,1060,1538,1580,1647,1765,1810,2362,	
ataque 3 447 3 202,213,909,	
agudos 1 447 1 199,	
subyacente 2 447 2 190,594,	
afección 2 447 2 189,593,	
empeoramiento 3 447 3 186,590,744,	
indicativo 2 447 2 184,587,	
reajustar 1 447 1 176,	
médico 6 447 6 174,561,822,930,2075,3403,	
(24 1 447 1 280,	
especiales 6 447 6 230,453,1257,1302,2784,3327,	
consultarse 1 447 1 171,	
deberá 6 447 6 170,215,562,658,911,2054,	
semana) 1 447 1 169,	
días 1 447 1 167,	
superior 5 447 5 164,1653,3016,3246,3334,	
frecuencia 1 447 1 163,	
decir 1 447 1 160,	
(es 1 447 1 159,	
ocasional 1 447 1 158,	
aumentar 2 447 2 152,576,	
necesidad 3 447 3 150,926,1820,	
embargo 2 447 2 147,3151,	
hospitalización 1 447 1 2058,	
Sin 1 447 1 146,	
7% 1 447 1 2627,	
prescrita 1 447 1 141,	
dosis 38 447 38 140,143,154,178,578,617,638,644,684,958,1652,1671,1747,2105,2129,2143,2194,2317,2384,2399,2497,2630,2664,2676,2700,2727,2875,2912,3009,3071,3092,3103,3125,3178,3205,3232,3235,3252,	
respecto 2 447 2 137,2354,	
Broncoespasmo 2 447 2 1100,1977,	
adicionales 2 447 2 136,1748,	
diarias 1 447 1 135,	
o 25 447 25 132,241,262,347,368,442,572,686,688,739,746,832,987,1148,1154,1205,1283,1310,1462,1615,1851,2298,2923,2938,3477,	
habituales 1 447 1 130,	
acontecimientos 1 447 1 798,	
síntomas 7 447 7 129,198,571,603,788,825,897,	
aliviar 3 447 3 127,196,895,	
fumarato 7 447 7 2201,2243,2331,2442,2617,2734,2843,	
necesario 2 447 2 123,575,	
Si 1 447 1 121,	
administrarse 5 447 5 114,125,307,710,1180,	
graves 12 447 12 112,305,800,851,885,1471,1498,1576,1643,1681,1832,2053,	
casos 6 447 6 110,303,421,962,1922,2052,	
En 16 447 16 109,205,264,302,473,901,1089,1539,2051,2227,2600,2820,2903,3172,3208,3260,	
día 23 447 23 108,120,301,313,338,414,431,1514,1595,1607,1709,1719,1741,1750,1777,1786,1847,1858,2115,2247,2335,2621,2847,	
veces 22 447 22 106,118,299,311,336,1512,1521,1593,1605,1707,1717,1739,1775,1784,1845,1856,2113,2245,2333,2619,2845,3245,	
microgramos) 8 447 8 104,254,281,297,334,360,2320,2667,	
(12 5 447 5 103,253,296,333,359,	
cápsula 8 447 8 100,250,293,330,356,3462,3496,3504,	
regular 4 447 4 98,291,328,626,	
mantenimiento 6 447 6 97,145,290,327,409,704,	
tratamiento 22 447 22 95,288,325,530,541,565,662,699,712,731,793,816,837,889,929,1033,1275,1487,1700,1733,1822,2046,	
Para 4 447 4 93,286,323,3395,	
Asma 2 447 2 92,322,	
Adultos 2 447 2 91,380,	
porcentaje 1 447 1 1675,	
envase 1 447 1 88,	
proporciona 1 447 1 85,	
Aerolizer 1 447 1 82,	
exista 1 447 1 1332,	
dispositivo 3 447 3 81,3371,3377,	
únicamente 5 447 5 78,660,2069,3421,3434,	
utilizarse 8 447 8 77,194,216,535,642,659,893,912,	
debe 10 447 10 76,193,534,547,808,892,1179,1444,3408,3456,	
deberán 5 447 5 758,775,921,946,1157,	
(cápsula 1 447 1 74,	
inhalados 2 447 2 682,717,	
años 9 447 9 69,319,379,387,1567,1761,1815,2832,2989,	
5 15 447 15 68,318,378,386,1001,1078,1161,1760,1812,2090,2222,2256,2829,2940,3355,	
activa 1 447 1 1409,	
mayores 2 447 2 66,1571,	
bloqueo 1 447 1 968,	
niños 10 447 10 65,375,382,1756,1808,1838,1864,2825,2881,2905,	
diabéticos 1 447 1 1022,	
avanzada 2 447 2 63,2818,	
edad 7 447 7 62,321,389,1569,1763,2817,2834,	
pacientes 30 447 30 60,265,497,629,654,665,726,757,773,812,853,920,942,1021,1058,1134,1184,1448,1500,1564,1637,1677,2148,2229,2360,2371,2601,2681,2815,2934,	
incluidos 1 447 1 59,	
adultos 3 447 3 58,1536,2887,	
indicado 2 447 2 56,2044,	
está 4 447 4 55,372,635,3505,	
sustancia 1 447 1 1408,	
Neblik 47 447 47 53,70,90,191,370,396,461,528,545,580,619,640,648,657,706,708,733,755,784,795,839,843,856,890,945,1159,1172,1273,1315,1326,1349,1490,1503,1589,1601,1673,1691,1703,1713,1735,1771,1780,1841,1852,2008,2019,2100,	
efecto 7 447 7 393,1014,1289,1313,1387,3080,3269,	
administración 6 447 6 52,1261,2662,2674,3299,3398,	
forma 5 447 5 50,400,625,937,2313,	
Posología 1 447 1 48,	
	" 1 447 1 45,	
quinidina 1 447 1 1193,	
CLÍNICOS 1 447 1 44,	
DATOS 2 447 2 43,3310,	
4 22 447 22 42,46,225,226,436,448,449,865,1000,1077,1160,1252,1253,1297,1298,1335,1431,1465,1482,1860,2012,3325,	
FARMACÉUTICA 1 447 1 40,	
FORMA 1 447 1 39,	
3 8 447 8 38,437,1597,2264,2267,2780,2941,3318,	
uterina 1 447 1 1393,	
CUANTITATIVA 1 447 1 36,	
Y 1 447 1 35,	
CUALITATIVA 1 447 1 34,	
COMPOSICIÓN 1 447 1 33,	
2 8 447 8 32,47,115,308,1635,2097,2274,3313,	
	 4 447 4 31,37,41,3537,	
MEDICAMENTO 2 447 2 30,2095,	
DEL 2 447 2 29,3560,	
DENOMINACIÓN 1 447 1 28,	
(12-96 1 447 1 2319,	
1 7 447 7 27,99,292,329,1515,1562,1925,	
microgramos 20 447 20 21,1510,1519,1591,1603,1705,1715,1737,1773,1782,1843,1854,2111,2198,2240,2328,2439,2614,2731,2840,	
dura) 1 447 1 75,	
NEBLIK® 1 447 1 19,	
información 1 447 1 16,	
Toda 1 447 1 14,	
cardiovascular 1 447 1 1233,	
medicamento 2 447 2 13,18,	
Basica 1 447 1 11,	
procederse 1 447 1 2055,	
	Información 1 447 1 10,	
60 2 447 2 8,3367,	
inhalación 21 447 21 7,26,73,102,252,279,295,332,358,1109,2127,2191,2226,2281,2323,2412,2724,2849,3373,3379,3482,	
cápsulas 11 447 11 5,9,24,116,134,277,309,3368,3420,3432,3518,	
polvo 4 447 4 3,22,54,71,	
µg 1 447 1 2,	
12 23 447 23 1,20,404,1509,1545,1566,1602,1714,1736,1772,1814,1853,2108,2234,2237,2325,2337,2608,2611,2779,2831,2837,2851,	
hombre 1 447 1 3259,	
NEBLIK 1 447 1 0,	
