Prospectos 1 224 1 9589,	
5ML 1 224 1 9588,	
INYECT 1 224 1 9586,	
SUSP 1 224 1 9585,	
10MCG/VIAL 1 224 1 9584,	
cond 1 224 1 9581,	
29 1 224 1 9481,	
debajo 1 224 1 9048,	
hemodiálisis 1 224 1 9033,	
realizarse 1 224 1 9028,	
regularidad 1 224 1 9026,	
estándar 1 224 1 9012,	
médicas 1 224 1 9011,	
prácticas 1 224 1 9010,	
Pauta 1 224 1 8938,	
(40 1 224 1 8918,	
Pacientes 1 224 1 8908,	
prediálisis 2 224 2 8862,8911,	
40 2 224 2 8748,8777,	
EU/1/01/183/028 1 224 1 8710,	
EU/1/01/183/027 1 224 1 8709,	
EU/1/01/183/026 1 224 1 8708,	
EU/1/01/183/013 1 224 1 8707,	
EU/1/01/183/011 1 224 1 8706,	
óseos 1 224 1 7966,	
22 1 224 1 6874,	
EU/1/01/183/008 1 224 1 6556,	
EU/1/01/183/007 1 224 1 6555,	
sodiosódico 1 224 1 6426,	
535-793 2 224 2 6150,8217,	
geométricas 2 224 2 6140,8207,	
medias 2 224 2 6139,8206,	
rango 2 224 2 6136,8203,	
6-97 2 224 2 6124,8191,	
disminuyen 1 224 1 9046,	
95 2 224 2 6123,8190,	
realizados 2 224 2 6115,8182,	
" 2 224 2 5969,8036,	
18 1 224 1 5757,	
maquinaria 2 224 2 5719,7786,	
afectar 2 224 2 5712,7779,	
adversas"" 2 224 2 5710,7777,	
""Reacciones 2 224 2 5709,7776,	
escasos 2 224 2 5704,7771,	
contraindicación 3 224 3 5670,7737,9557,	
materna; 3 224 3 5664,7731,9551,	
evaluado 3 224 3 5650,7717,9537,	
embarazadas 3 224 3 5646,7713,9533,	
mujeres 3 224 3 5645,7712,9532,	
prescripción 3 224 3 5643,7710,9530,	
prestarse 3 224 3 5639,7706,9526,	
Debería 3 224 3 5638,7705,9525,	
únicamente 4 224 4 5626,7101,7693,9513,	
embarazo 3 224 3 5625,7692,9512,	
feto 6 224 6 5618,5637,7685,7704,9505,9524,	
daños 3 224 3 5615,7682,9502,	
produzcan 3 224 3 5614,7681,9501,	
espera 3 224 3 5611,7678,9498,	
inactivados 3 224 3 5608,7675,9495,	
embarazos 3 224 3 5584,7651,9470,	
dispone 3 224 3 5579,7646,9465,	
sub-óptima 2 224 2 5420,7487,	
seroprotección 2 224 2 5393,7460,	
obtener 2 224 2 5391,7458,	
serológicos 2 224 2 5381,7448,	
realización 2 224 2 5378,7445,	
crónicas 2 224 2 5373,7440,	
subyacentes 2 224 2 5372,7439,	
enfermedades 2 224 2 5371,7438,	
fumar 2 224 2 5365,7432,	
obesidad 2 224 2 5364,7431,	
masculino 2 224 2 5363,7430,	
sexo 2 224 2 5362,7429,	
avanzada 2 224 2 5361,7428,	
Estos 2 224 2 5357,7424,	
inmune 2 224 2 5350,7417,	
reducen 2 224 2 5347,7414,	
factores 4 224 4 5345,5358,7412,7425,	
número 2 224 2 5343,7410,	
observado 2 224 2 5341,7408,	
Adultos 2 224 2 4723,6788,	
mayores) 4 224 4 4651,4731,6716,6796,	
edad 6 224 6 4649,4729,5360,6714,6794,7427,	
(16 4 224 4 4646,4726,6711,6791,	
	"4 2 224 2 4613,6678,	
EU/1/01/183/025 1 224 1 4495,	
EU/1/01/183/024 1 224 1 4493,	
EU/1/01/183/023 1 224 1 4492,	
EU/1/01/183/022 1 224 1 4491,	
EU/1/01/183/021 1 224 1 4490,	
EU/1/01/183/020 1 224 1 4489,	
EU/1/01/183/005 1 224 1 4488,	
EU/1/01/183/004 1 224 1 4487,	
ajustada 2 224 2 4433,8652,	
totalmente 2 224 2 4432,8651,	
esté 2 224 2 4431,8650,	
reloj 2 224 2 4428,8647,	
sentido 2 224 2 4423,8642,	
girándola 2 224 2 4420,8639,	
fijar 2 224 2 4417,8636,	
Sujetar 2 224 2 4410,8629,	
separadas 1 224 1 4377,	
20 1 224 1 4338,	
(clorobutilo) 6 224 6 4333,4358,4381,8556,8578,8600,	
émbolo 6 224 6 4332,4357,4380,8555,8577,8599,	
	6 3 224 3 4260,6417,8484,	
cardíacos 3 224 3 3575,5839,7905,	
11 1 224 1 3454,	
precargada 10 224 10 2265,2337,4325,4347,4370,6599,6670,8548,8567,8589,	
TEXTO 4 224 4 2251,4526,6587,8742,	
04/08/2006 4 224 4 2244,4519,6580,8735,	
renovación 4 224 4 2240,4515,6576,8731,	
27/04/2001 4 224 4 2235,4510,6571,8726,	
autorización 8 224 8 2234,2243,4509,4518,6570,6579,8725,8734,	
Fecha 8 224 8 2230,2236,4505,4511,6566,6572,8721,8727,	
AUTORIZACIÓN/RENOVACIÓN 4 224 4 2226,4501,6562,8717,	
PRIMERA 4 224 4 2225,4500,6561,8716,	
FECHA 8 224 8 2222,2246,4497,4521,6558,6582,8713,8737,	
EU/1/01/183/019 1 224 1 2220,	
EU/1/01/183/018 1 224 1 2219,	
EU/1/01/183/001 1 224 1 2218,	
Francia 4 224 4 2211,4480,6548,8699,	
Lyon 4 224 4 2210,4479,6547,8698,	
F-69007 4 224 4 2209,4478,6546,8697,	
Salk 4 224 4 2208,4477,6545,8696,	
microgramos/ml 3 224 3 4533,6594,8749,	
Jonas 4 224 4 2207,4476,6544,8695,	
SNC 4 224 4 2204,4473,6541,8692,	
MSD 4 224 4 2203,4472,6540,8691,	
PASTEUR 4 224 4 2202,4471,6539,8690,	
	SANOFI 4 224 4 2201,4470,6538,8689,	
COMERCIALIZACIÓN 8 224 8 2200,2217,4469,4486,6537,6554,8688,8705,	
AUTORIZACIÓN 12 224 12 2198,2215,2229,4467,4484,4504,6535,6552,6565,8686,8703,8720,	
LA 16 224 16 2197,2224,2228,2248,4466,4499,4503,4523,6534,6560,6564,6584,8685,8715,8719,8739,	
Aquellas 2 224 2 4820,6886,	
TITULAR 4 224 4 2195,4464,6532,8683,	
normativa 4 224 4 2192,4461,6529,8680,	
realizará 4 224 4 2187,4456,6524,8675,	
contacto 4 224 4 2183,4452,6520,8671,	
utilizado 4 224 4 2173,4442,6510,8661,	
utilizarse 3 224 3 5622,7689,9509,	
desechará 1 224 1 2167,	
inmediatamente 1 224 1 2162,	
50 4 224 4 4339,4572,6636,8788,	
administrará 1 224 1 2161,	
extraída 1 224 1 2159,	
perforado 1 224 1 2154,	
haya 1 224 1 2153,	
agitar 4 224 4 2145,4406,6501,8625,	
Antes 4 224 4 2140,4401,6496,8620,	
eliminación 8 224 8 2139,2169,4400,4438,6495,6506,8619,8657,	
envases 3 224 3 2133,4394,8613,	
tamaños 3 224 3 2131,4392,8611,	
comercializados 3 224 3 2129,4390,8609,	
estén 3 224 3 2128,4389,8608,	
estéril 1 224 1 2119,	
vacía 1 224 1 2117,	
jeringa 15 224 15 2114,2264,2336,4324,4346,4369,4415,4436,6598,6669,8547,8566,8588,8634,8655,	
Envase 9 224 9 2098,2122,4334,4359,4382,6485,8557,8579,8601,	
I) 9 224 9 2097,2111,4328,4350,4373,6484,8551,8570,8592,	
Tipo 9 224 9 2096,2110,4327,4349,4372,6483,8550,8569,8591,	
(vidrio 9 224 9 2095,2109,4326,4348,4371,6482,8549,8568,8590,	
vial 7 224 7 2094,2108,2156,2165,4605,6481,8821,	
suspensión 9 224 9 2092,2106,4322,4344,4367,6479,8545,8564,8586,	
envase 4 224 4 2087,4317,6475,8541,	
contenido 4 224 4 2085,4315,6473,8539,	
Naturaleza 4 224 4 2083,4313,6471,8537,	
congelar 4 224 4 2080,4310,6468,8534,	
8ºC) 4 224 4 2078,4308,6466,8532,	
(entre 4 224 4 2075,4305,6463,8529,	
nevera 4 224 4 2074,4304,6462,8528,	
Conservar 4 224 4 2072,4302,6460,8526,	
conservación 4 224 4 2071,4301,6459,8525,	
Precauciones 8 224 8 2068,2136,4298,4397,6456,6492,8522,8616,	
validez 4 224 4 2063,4293,6451,8517,	
14 1 224 1 4494,	
Periodo 4 224 4 2061,4291,6449,8515,	
mezclarse 4 224 4 2056,4286,6444,8510,	
compatibilidad 4 224 4 2051,4281,6439,8505,	
agua 4 224 4 2040,4270,6428,8494,	
borato 4 224 4 2037,4267,6424,8491,	
sódico 7 224 7 2036,2038,4266,4268,6423,8490,8492,	
Cloruro 4 224 4 2035,4265,6422,8489,	
Lista 4 224 4 2032,4262,6419,8486,	
	 2 224 2 2028,9582,	
FARMACÉUTICOS 4 224 4 2027,4259,6416,8483,	
animal 4 224 4 2024,4256,6413,8480,	
reproducción 4 224 4 2023,4255,6412,8479,	
realizado 7 224 7 2020,4252,5685,6409,7752,8476,9572,	
preclínicos 4 224 4 2014,4246,6403,8470,	
Datos 4 224 4 2013,4245,6402,8469,	
farmacocinéticas 4 224 4 2008,4240,6397,8464,	
primario 4 224 4 2004,4236,6393,8460,	
hepático 4 224 4 2003,4235,6392,8459,	
cáncer 4 224 4 2002,4234,6391,8458,	
antineoplásica 4 224 4 1998,4230,6387,8454,	
reconocida 4 224 4 1993,4225,6382,8449,	
causados 4 224 4 1976,4208,6365,8432,	
están 4 224 4 1975,4207,6364,8431,	
hepatocelulares 4 224 4 1974,4206,6363,8430,	
carcinomas 4 224 4 1973,4205,6362,8429,	
80 4 224 4 1969,4201,6358,8425,	
vinculación 4 224 4 1955,4187,6344,8411,	
conectivo 1 224 1 7964,	
estudios 15 224 15 1951,2021,2049,4183,4253,4279,5686,6340,6410,6437,7753,8407,8477,8503,9573,	
complicación 4 224 4 1938,4170,6327,8394,	
Hepatocelular 4 224 4 1932,4164,6321,8388,	
Carcinoma 4 224 4 1931,4163,6320,8387,	
Disminución 4 224 4 1927,4159,6316,8383,	
requiere 4 224 4 1918,4150,6307,8374,	
aún 4 224 4 1904,4136,6293,8360,	
definido 4 224 4 1903,4135,6292,8359,	
sucede 4 224 4 1871,4103,6260,8327,	
inducida 4 224 4 1844,4076,6233,8300,	
inmunológica 4 224 4 1831,4063,6220,8287,	
memoria 4 224 4 1830,4062,6219,8286,	
persistencia 4 224 4 1828,4060,6217,8284,	
2ºC 4 224 4 2076,4306,6464,8530,	
Además 4 224 4 1823,4055,6212,8279,	
manifiesto 4 224 4 1822,4054,6211,8278,	
clínicamente 4 224 4 1821,4053,6210,8277,	
ningún 4 224 4 1816,4048,6205,8272,	
mostró 4 224 4 1815,4047,6204,8271,	
derivada 4 224 4 1811,4043,6200,8267,	
similar 4 224 4 1810,4042,6199,8266,	
administrado 4 224 4 1807,4039,6196,8263,	
había 4 224 4 1806,4038,6195,8262,	
000 4 224 4 1797,4029,6186,8253,	
aproximadamente 4 224 4 1795,4027,6184,8251,	
seguimiento 4 224 4 1788,4020,6177,8244,	
duración 8 224 8 1767,1884,3999,4116,6156,6273,8223,8340,	
desconoce 8 224 8 1765,1879,3997,4111,6154,6268,8221,8335,	
Aunque 4 224 4 1763,3995,6152,8219,	
tratados 2 224 2 1762,3994,	
históricos 2 224 2 1760,3992,	
controles 2 224 2 1759,3991,	
tasa 2 224 2 1755,3987,	
comparada 2 224 2 1752,3984,	
95% 2 224 2 1751,3983,	
EU/1/01/183/029 1 224 1 8711,	
crónica 6 224 6 1748,1962,3980,4194,6351,8418,	
prevención 2 224 2 1742,3974,	
estimada 2 224 2 1740,3972,	
bebés 2 224 2 1736,3968,	
130 2 224 2 1735,3967,	
Entre 2 224 2 1734,3966,	
(HBeAg) 2 224 2 1733,3965,	
e 2 224 2 1726,3958,	
(HBsAg) 9 224 9 1722,1843,3954,4075,5598,6232,7665,8299,9485,	
positivas 2 224 2 1711,3943,	
neonatos 2 224 2 1707,3939,	
seguida 2 224 2 1688,3920,	
eficacia 4 224 4 1676,1739,3908,3971,	
demostrado 10 224 10 1674,1826,1953,3906,4058,4185,6215,6342,8282,8409,	
respectivamente 2 224 2 1671,3903,	
297 2 224 2 1669,3901,	
214 2 224 2 1667,3899,	
geométrica 2 224 2 1662,3894,	
media 2 224 2 1661,3893,	
Incompatibilidades 4 224 4 2045,4275,6433,8499,	
2% 2 224 2 1658,3890,	
5% 4 224 4 1654,3886,6125,8192,	
97 4 224 4 1653,1657,3885,3889,	
protectores 4 224 4 1648,3880,6131,8198,	
niveles 5 224 5 1647,3879,6130,8197,9043,	
proporción 2 224 2 1643,3875,	
concomitantes 2 224 2 1641,3873,	
UI/l) 4 224 4 1627,3859,6110,8177,	
(> 4 224 4 1625,3857,6108,8175,	
protector 12 224 12 1611,1770,1887,3843,4002,4119,6094,6159,6276,8161,8226,8343,	
desarrollaron 6 224 6 1608,3840,6091,6129,8158,8196,	
Merck 14 224 14 1607,1705,1781,1869,3839,3937,4013,4101,6090,6170,6258,8157,8237,8325,	
previa 14 224 14 1600,1698,1774,1862,3832,3930,4006,4094,6083,6163,6251,8150,8230,8318,	
formulación 14 224 14 1599,1697,1773,1861,3831,3929,4005,4093,6082,6162,6250,8149,8229,8317,	
administró 4 224 4 1591,3823,6074,8141,	
sanos 8 224 8 1586,1890,3818,4122,6069,6279,8136,8346,	
1497 4 224 4 1579,3811,6062,8129,	
96 4 224 4 1576,3808,6059,8126,	
ensayos 10 224 10 1573,1630,3805,3862,6056,6113,6146,8123,8180,8213,	
correlaciona 4 224 4 1557,3789,6040,8107,	
última 8 224 8 1554,2239,3786,4514,6037,6575,8104,8730,	
medidos 4 224 4 1546,3778,6029,8096,	
superior 4 224 4 1542,3774,6025,8092,	
igual 4 224 4 1540,3772,6023,8090,	
título 4 224 4 1525,3757,6008,8075,	
desarrollo 4 224 4 1522,3754,6005,8072,	
induce 4 224 4 1505,3737,5988,8055,	
J07BC01 4 224 4 1502,3734,5985,8052,	
ATC 4 224 4 1501,3733,5984,8051,	
código 4 224 4 1500,3732,5983,8050,	
antiinfecciosos 4 224 4 1499,3731,5982,8049,	
farmacodinámicas 4 224 4 1496,3728,5979,8046,	
Propiedades 8 224 8 1495,2007,3727,4239,5978,6396,8045,8463,	
	5 4 224 4 1493,3725,5976,8043,	
ESTE 4 224 4 1491,3723,5974,8041,	
FARMACOLÓGICAS 4 224 4 1489,3721,5972,8039,	
PROPIEDADES 4 224 4 1488,3720,5971,8038,	
sobredosis 4 224 4 1485,3718,5968,8035,	
notificado 4 224 4 1482,3715,5965,8032,	
Sobredosis 4 224 4 1478,3710,5961,8028,	
9 12 224 12 1477,1792,2221,3709,4024,4496,5960,6181,6557,8027,8248,8712,	
hepáticas 4 224 4 1475,3707,5958,8025,	
REVISIÓN 4 224 4 2249,4524,6585,8740,	
complementarias 4 224 4 1465,3697,5948,8015,	
Exploraciones 4 224 4 1464,3696,5947,8014,	
gripal 4 224 4 1463,3695,5946,8013,	
síntomas 4 224 4 1460,3692,5943,8010,	
malestar 4 224 4 1459,3691,5942,8009,	
fiebre 4 224 4 1458,3690,5941,8008,	
Fatiga 4 224 4 1457,3689,5940,8007,	
transitorio 4 224 4 1449,3681,5932,7999,	
inyección) 4 224 4 1447,3679,5930,7997,	
<1/10) 4 224 4 1440,3672,5923,7990,	
(>1/100 4 224 4 1439,3671,5922,7989,	
Frecuentes 4 224 4 1438,3670,5921,7988,	
lugar 8 224 8 1434,1445,3667,3677,5918,5928,7985,7995,	
alteraciones 4 224 4 1431,3664,5915,7982,	
generales 4 224 4 1429,3662,5913,7980,	
extremidad 4 224 4 1427,3660,5911,7978,	
mialgia 4 224 4 1423,3656,5907,7974,	
artritis 4 224 4 1422,3655,5906,7973,	
Artralgia 4 224 4 1421,3654,5905,7972,	
conjuntivo 3 224 3 1415,3648,5899,	
musculoesqueléticos 4 224 4 1411,3644,5895,7961,	
eczema 4 224 4 1409,3642,5893,7959,	
angioedema 4 224 4 1408,3641,5892,7958,	
multiforme 4 224 4 1407,3640,5891,7957,	
eritema 8 224 8 1406,1450,3639,3682,5890,5933,7956,8000,	
urticaria 4 224 4 1405,3638,5889,7955,	
enzimas 4 224 4 1474,3706,5957,8024,	
prurito 4 224 4 1404,3637,5888,7954,	
alopecia 4 224 4 1403,3636,5887,7953,	
Erupción 4 224 4 1402,3635,5886,7952,	
subcutáneo 4 224 4 1396,3629,5880,7946,	
piel 4 224 4 1392,3625,5876,7942,	
abdominal 4 224 4 1388,3621,5872,7938,	
diarrea 4 224 4 1386,3619,5870,7936,	
Vómitos 4 224 4 1384,3617,5868,7934,	
gastrointestinales 4 224 4 1378,3611,5862,7928,	
4) 2 224 2 1376,3609,	
apartado 4 224 4 1374,3607,5708,7775,	
(ver 2 224 2 1373,3606,	
broncoespasmo 4 224 4 1363,3596,5860,7926,	
tipo 8 224 8 1362,1462,3595,3694,5859,5945,7925,8012,	
Síntomas 4 224 4 1360,3593,5857,7923,	
mediastínicos 4 224 4 1354,3587,5851,7917,	
torácicos 4 224 4 1352,3585,5849,7915,	
respiratorios 4 224 4 1351,3584,5848,7914,	
vasculitis 4 224 4 1349,3582,5846,7912,	
NÚMERO(S) 4 224 4 2213,4482,6550,8701,	
Hipotensión 4 224 4 1348,3581,5845,7911,	
vasculares 1 224 1 1342,	
síncope 4 224 4 1340,3573,5837,7903,	
mencionados 2 224 2 5705,7772,	
mareo 4 224 4 1339,3572,5836,7902,	
cefalea 4 224 4 1338,3571,5835,7901,	
ataques 4 224 4 1337,3570,5834,7900,	
múltiple 8 224 8 1334,1336,3567,3569,5831,5833,7897,7899,	
esclerosis 8 224 8 1333,1335,3566,3568,5830,5832,7896,7898,	
exacerbación 4 224 4 1331,3564,5828,7894,	
central 4 224 4 1330,3563,5827,7893,	
desmielinización 4 224 4 1326,3559,5823,7889,	
enfermedad 4 224 4 1324,3557,5821,7887,	
encefalitis 4 224 4 1323,3556,5820,7886,	
transversa) 4 224 4 1322,3555,5819,7885,	
mielitis 8 224 8 1318,1321,3551,3554,5815,5818,7881,7884,	
óptica 4 224 4 1317,3550,5814,7880,	
Guillain-Barré 4 224 4 1315,3548,5812,7878,	
síndrome 4 224 4 1313,3546,5810,7876,	
(incluyendo 4 224 4 1311,3544,5808,7874,	
neuritis 8 224 8 1310,1316,3543,3549,5807,5813,7873,7879,	
facial) 4 224 4 1309,3542,5806,7872,	
(poliradiculoneuritis 4 224 4 1307,3540,5804,7870,	
periféricas 4 224 4 1306,3539,5803,7869,	
neuropatías 4 224 4 1305,3538,5802,7868,	
(parálisis 4 224 4 1302,3535,5799,7865,	
Parestesia 4 224 4 1300,3533,5797,7863,	
nervioso 8 224 8 1294,1329,3527,3562,5791,5826,7857,7892,	
nodosa 4 224 4 1290,3523,5787,7853,	
poliarteritis 4 224 4 1289,3522,5786,7852,	
suero 4 224 4 1287,3520,5784,7850,	
inmunológico 4 224 4 1279,3512,5776,7842,	
linfadenopatía 4 224 4 1275,3508,5772,7838,	
Trombocitopenia 4 224 4 1274,3507,5771,7837,	
000) 40 224 40 1273,1284,1299,1347,1359,1383,1401,1420,1456,1470,3506,3517,3532,3580,3592,3616,3634,3653,3688,3702,5770,5781,5796,5844,5856,5867,5885,5904,5939,5953,7836,7847,7862,7910,7922,7933,7951,7971,8006,8020,	
1/10 40 224 40 1272,1283,1298,1346,1358,1382,1400,1419,1455,1469,3505,3516,3531,3579,3591,3615,3633,3652,3687,3701,5769,5780,5795,5843,5855,5866,5884,5903,5938,5952,7835,7846,7861,7909,7921,7932,7950,7970,8005,8019,	
(< 40 224 40 1271,1282,1297,1345,1357,1381,1399,1418,1454,1468,3504,3515,3530,3578,3590,3614,3632,3651,3686,3700,5768,5779,5794,5842,5854,5865,5883,5902,5937,5951,7834,7845,7860,7908,7920,7931,7949,7969,8004,8018,	
raras 40 224 40 1270,1281,1296,1344,1356,1380,1398,1417,1453,1467,3503,3514,3529,3577,3589,3613,3631,3650,3685,3699,5767,5778,5793,5841,5853,5864,5882,5901,5936,5950,7833,7844,7859,7907,7919,7930,7948,7968,8003,8017,	
Muy 40 224 40 1269,1280,1295,1343,1355,1379,1397,1416,1452,1466,3502,3513,3528,3576,3588,3612,3630,3649,3684,3698,5766,5777,5792,5840,5852,5863,5881,5900,5935,5949,7832,7843,7858,7906,7918,7929,7947,7967,8002,8016,	
linfático 4 224 4 1268,3501,5765,7831,	
sangre 4 224 4 1264,3497,5761,7827,	
Trastornos 36 224 36 1261,1276,1291,1341,1350,1377,1389,1410,1428,3494,3509,3524,3574,3583,3610,3622,3643,3661,5758,5773,5788,5838,5847,5861,5873,5894,5912,7824,7839,7854,7904,7913,7927,7939,7960,7979,	
causal 4 224 4 1257,3490,5753,7820,	
indeseables 4 224 4 1241,3474,5737,7804,	
efectos 9 224 9 1240,3473,5689,5703,5736,7756,7770,7803,9576,	
siguientes 4 224 4 1239,3472,5735,7802,	
informado 4 224 4 1237,3470,5733,7800,	
amplio 4 224 4 1230,3463,5726,7793,	
Tras 4 224 4 1228,3461,5724,7791,	
Reacciones 8 224 8 1226,1441,3459,3673,5722,5924,7789,7991,	
8 12 224 12 1225,2205,2212,3458,4474,4481,5721,6542,6549,7788,8693,8700,	
máquinas 7 224 7 1220,3453,5681,5697,7748,7764,9568,	
utilizar 7 224 7 1219,3452,5680,5696,7747,7763,9567,	
anafilaxia 4 224 4 1288,3521,5785,7851,	
conducir 9 224 9 1217,3450,5678,5694,5716,7745,7761,7783,9565,	
capacidad 10 224 10 1215,3448,5676,5692,5714,7743,7759,7781,9563,9579,	
Efectos 5 224 5 1212,3445,5673,7740,9560,	
cuerpo 2 224 2 4412,8631,	
procede 8 224 8 1209,1222,2010,3442,3456,4242,6399,8466,	
Embarazo 5 224 5 1205,3438,5574,7641,9460,	
Puede 3 224 3 2125,4386,8605,	
estudiada 2 224 2 1202,3435,	
suficientemente 2 224 2 1201,3434,	
sido 6 224 6 1200,1992,3433,4224,6381,8448,	
ciclos 2 224 2 1185,3418,	
usando 4 224 4 1183,1634,3416,3866,	
administrada 2 224 2 1175,3408,	
(PREVENAR) 2 224 2 1174,3407,	
neumococo 2 224 2 1173,3406,	
conjugada 2 224 2 1171,3404,	
De 1 224 1 9006,	
jeringas 5 224 5 1163,3396,5570,7637,9456,	
utilizando 5 224 5 1158,3391,5565,7632,9451,	
concomitante 7 224 7 1154,1167,3387,3400,5561,7628,9447,	
previamente 5 224 5 1148,3381,5555,7622,9441,	
hayan 9 224 9 1146,2180,3379,4449,5553,6517,7620,8668,9439,	
completar 5 224 5 1132,3365,5539,7606,9425,	
separada 3 224 3 4354,8574,8596,	
lugares 10 224 10 1126,1159,3359,3392,5533,5566,7600,7633,9419,9452,	
interacción 5 224 5 1114,3347,5521,7588,9407,	
formas 5 224 5 1112,3345,5519,7586,9405,	
medicamentos 6 224 6 1109,3342,5516,7583,9402,9591,	
induración 4 224 4 1451,3683,5934,8001,	
Interacción 5 224 5 1105,3338,5512,7579,9398,	
dolor 12 224 12 1387,1424,1448,3620,3657,3680,5871,5908,5931,7937,7975,7998,	
retrasar 2 224 2 1102,3335,	
impedir 2 224 2 1100,3333,	
beneficio 5 224 5 1084,3317,5630,7697,9517,	
horas 2 224 2 1081,3314,	
48-72 2 224 2 1080,3313,	
monitorización 2 224 2 1077,3310,	
apnea 4 224 4 1072,1364,3305,3597,	
respiratoria 4 224 4 1063,1078,3296,3311,	
inmadurez 2 224 2 1062,3295,	
previo 2 224 2 1060,3293,	
historial 2 224 2 1059,3292,	
aquéllos 2 224 2 1056,3289,	
especialmente 2 224 2 1054,3287,	
gestación 4 224 4 1052,1372,3285,3605,	
semanas 4 224 4 1050,1370,3283,3603,	
28 4 224 4 1049,1369,3282,3602,	
prematuros 4 224 4 1047,1367,3280,3600,	
serie 2 224 2 1041,3274,	
sensibilización 5 224 5 1036,3269,5509,7576,9395,	
Bell) 4 224 4 1304,3537,5801,7867,	
producir 5 224 5 1033,3266,5506,7573,9392,	
Por 5 224 5 1029,3262,5502,7569,9388,	
fabricación 5 224 5 1028,3261,5501,7568,9387,	
proceso 5 224 5 1026,3259,5499,7566,9385,	
durante 14 224 14 1024,1079,1789,3257,3312,4021,5497,5623,6178,7564,7690,8245,9383,9510,	
utilizan 5 224 5 1023,3256,5496,7563,9382,	
potásico 5 224 5 1019,3252,5492,7559,9378,	
protectora 2 224 2 1677,3909,	
tiocianato 5 224 5 1018,3251,5491,7558,9377,	
formaldehído 5 224 5 1016,3249,5489,7556,9375,	
trazas 5 224 5 1014,3247,5487,7554,9373,	
contener 5 224 5 1013,3246,5486,7553,9372,	
anafiláctica 5 224 5 1003,3236,5476,7543,9362,	
reacción 5 224 5 1002,3235,5475,7542,9361,	
produzca 5 224 5 1000,3233,5473,7540,9359,	
lactancia 8 224 8 1207,3440,5576,5663,7643,7730,9462,9550,	
raro 5 224 5 996,3229,5469,7536,9355,	
apropiado 5 224 5 992,3225,5465,7532,9351,	
médico 5 224 5 991,3224,5464,7531,9350,	
tratamiento 5 224 5 990,3223,5463,7530,9349,	
preparado 5 224 5 988,3221,5461,7528,9347,	
inyectables 9 224 9 984,2042,3217,4272,5457,6430,7524,8496,9343,	
vacunas 26 224 26 983,1157,1245,1640,1874,3216,3390,3478,3872,4106,5353,5456,5564,5605,5741,6263,7420,7523,7631,7672,7808,8330,9173,9342,9450,9492,	
Como 15 224 15 979,1082,1242,1870,3212,3315,3475,4102,5452,5738,6259,7519,7805,8326,9338,	
hígado 5 224 5 978,3211,5451,7518,9337,	
infectan 5 224 5 976,3209,5449,7516,9335,	
patógenos 5 224 5 974,3207,5447,7514,9333,	
agentes 5 224 5 961,3194,5434,7501,9320,	
causadas 5 224 5 958,3191,5431,7498,9317,	
infecciones 5 224 5 957,3190,5430,7497,9316,	
previene 5 224 5 955,3188,5428,7495,9314,	
prevenir 9 224 9 946,2000,3179,4232,5333,6389,7400,8456,9305,	
casos 13 224 13 941,1250,1483,3174,3483,3716,5328,5746,5966,7395,7813,8033,9300,	
manifiesta 5 224 5 938,3171,5325,7392,9297,	
exista 5 224 5 931,3164,5318,7385,9290,	
momento 9 224 9 927,1882,3160,4114,5314,6271,7381,8338,9286,	
adultos 13 224 13 1585,3817,4643,5234,6068,6121,6708,7301,8135,8188,8860,8909,9208,	
incubación 5 224 5 917,3150,5304,7371,9276,	
periodo 5 224 5 915,3148,5302,7369,9274,	
Dado 5 224 5 912,3145,5299,7366,9271,	
Advertencias 5 224 5 906,3139,5293,7360,9265,	
febril 5 224 5 902,3135,5289,7356,9261,	
Enfermedad 9 224 9 901,1285,3134,3518,5288,5782,7355,7848,9260,	
activo 5 224 5 893,3126,5280,7347,9252,	
principio 5 224 5 892,3125,5279,7346,9251,	
Hipersensibilidad 5 224 5 890,3123,5277,7344,9249,	
Contraindicaciones 5 224 5 888,3121,5275,7342,9247,	
manipulación 5 224 5 885,3118,5272,7339,9244,	
instrucciones 5 224 5 881,3114,5268,7335,9240,	
Ver 5 224 5 875,3108,5262,7329,9234,	
trastornos 5 224 5 873,3106,5260,7327,9232,	
trombocitopenia 5 224 5 871,3104,5258,7325,9230,	
Excepcionalmente 5 224 5 859,3092,5246,7313,9218,	
parálisis 8 224 8 1301,1308,3534,3541,5798,5805,7864,7871,	
intravascular 5 224 5 858,3091,5245,7312,9217,	
inyectar 5 224 5 855,3088,5242,7309,9214,	
deltoides 5 224 5 853,3086,5240,7307,9212,	
músculo 5 224 5 852,3085,5239,7306,9211,	
muslo 2 224 2 837,3070,	
anterolateral 2 224 2 835,3068,	
pequeños 6 224 6 831,1581,3064,3813,6064,8131,	
preferido 7 224 7 822,840,3055,3073,5229,7296,9203,	
sitio 7 224 7 821,839,3054,3072,5228,7295,9202,	
El 15 224 15 820,838,1521,1933,3053,3071,3753,4165,5227,6004,6322,7294,8071,8389,9201,	
vía 17 224 17 818,857,866,3051,3090,3099,5225,5244,5253,5366,7292,7311,7320,7433,9199,9216,9225,	
administrarse 5 224 5 816,3049,5223,7290,9197,	
Forma 5 224 5 809,3043,5217,7284,9191,	
incluyendo 8 224 8 800,1319,3034,3552,5208,5816,7275,7882,	
acelerada 4 224 4 799,3033,5207,7274,	
proponer 4 224 4 796,3030,5204,7271,	
según 5 224 5 788,3022,5196,7263,9185,	
Grupo 4 224 4 1497,3729,5980,8047,	
contemplar 5 224 5 782,3016,5190,7257,9179,	
incompleta 5 224 5 779,3013,5187,7254,9176,	
vacunadas 14 224 14 774,776,1786,3008,3010,4018,5182,5184,6175,7249,7251,8242,8978,9171,	
caso 14 224 14 770,995,1817,3004,3228,4049,5178,5468,6206,7245,7535,8273,9167,9354,	
plazo 5 224 5 766,3000,5174,7241,9163,	
corto 5 224 5 763,2997,5171,7238,9160,	
protección 9 224 9 761,1559,2995,3791,5169,6042,7236,8109,9158,	
paciente) 5 224 5 758,2992,5166,7233,9155,	
decir 5 224 5 750,2984,5158,7225,9147,	
(es 5 224 5 749,2983,5157,7224,9146,	
necesario 5 224 5 748,2982,5156,7223,9145,	
fuera 5 224 5 747,2981,5155,7222,9144,	
análisis 8 224 8 736,2970,5144,5380,7211,7447,9022,9133,	
posible 13 224 13 686,923,2920,3156,5094,5310,5629,7161,7377,7696,9083,9282,9516,	
C 5 224 5 967,3200,5440,7507,9326,	
hemorrágicos 5 224 5 874,3107,5261,7328,9233,	
contaminada) 5 224 5 676,2910,5084,7151,9073,	
aguja 12 224 12 675,2121,2909,4330,4353,4419,5083,7150,8553,8573,8638,9072,	
pinchazo 5 224 5 672,2906,5080,7147,9069,	
presuntamente 5 224 5 662,2896,5070,7137,9059,	
expuestas 10 224 10 660,663,2894,2897,5068,5071,7135,7138,9057,9060,	
localmente 2 224 2 655,2889,	
recomendada 3 224 3 654,2888,9190,	
pauta 7 224 7 651,798,2885,3032,5206,7273,9187,	
acuerdo 12 224 12 648,752,2189,2882,2986,4458,5160,6526,7227,8677,9007,9149,	
posteriores 7 224 7 643,743,2877,2977,5151,7218,9140,	
diferentes 19 224 19 637,730,1127,1164,1635,2871,2964,3360,3397,3867,5138,5534,5571,7205,7601,7638,9127,9420,9457,	
sitios 7 224 7 634,727,2868,2961,5135,7202,9124,	
simultáneamente 2 224 2 623,2857,	
vida 2 224 2 618,2852,	
hepatocelular 8 224 8 1935,1966,4167,4198,6324,6355,8391,8422,	
días 7 224 7 616,710,2850,2944,5118,7185,9107,	
humorales 4 224 4 1507,3739,5990,8057,	
7 16 224 16 615,709,1211,2194,2849,2943,3444,4463,5117,5672,6531,7184,7739,8682,9106,9559,	
horas) 7 224 7 601,695,2835,2929,5103,7170,9092,	
24 7 224 7 600,694,2834,2928,5102,7169,9091,	
serológico 10 224 10 737,756,2971,2990,5145,5164,7212,7231,9134,9153,	
primeras 8 224 8 599,693,2833,2927,5101,7168,8999,9090,	
inmunoglobulina 21 224 21 591,626,681,722,1122,1682,2825,2860,2915,2956,3355,3914,5089,5130,5529,7156,7197,7596,9078,9119,9415,	
Una 3 224 3 588,2149,2822,	
madres 4 224 4 579,1710,2813,3942,	
hijos 2 224 2 577,2811,	
nacidos 6 224 6 576,828,1708,2810,3061,3940,	
justifique 3 224 3 5631,7698,9518,	
recién 4 224 4 575,827,2809,3060,	
especiales 18 224 18 570,909,2069,2137,2804,3142,4299,4398,5065,5296,6457,6493,7132,7363,8523,8617,9054,9268,	
posológicas 9 224 9 569,572,657,2803,2806,2891,5064,7131,9053,	
materiales 4 224 4 2178,4447,6515,8666,	
Recomendaciones 9 224 9 568,571,656,2802,2805,2890,5063,7130,9052,	
sistémicas 4 224 4 567,2801,5062,7129,	
o 35 224 35 566,661,775,872,894,1138,1541,2800,2895,3009,3105,3127,3371,3773,5061,5069,5183,5259,5281,5415,5545,6024,7128,7136,7250,7326,7348,7482,7612,8091,9058,9172,9231,9253,9431,	
locales 8 224 8 565,1442,2799,3674,5060,5925,7127,7992,	
adversas 8 224 8 564,1227,2798,3460,5059,5723,7126,7790,	
reacciones 9 224 9 563,1034,2797,3267,5058,5507,7125,7574,9393,	
aumento 4 224 4 561,2795,5056,7123,	
experimentar 4 224 4 559,2793,5054,7121,	
potencial 9 224 9 557,1070,2791,3303,5052,5634,7119,7701,9521,	
- 51 224 51 587,602,638,677,696,731,767,889,900,1120,1130,1153,2821,2836,2872,2911,2930,2965,3001,3122,3133,3353,3363,3386,5085,5104,5139,5175,5276,5287,5527,5537,5560,7152,7171,7206,7242,7343,7354,7594,7604,7627,9074,9093,9128,9164,9248,9259,9413,9423,9446,	
beneficios 4 224 4 550,2784,5045,7112,	
(1 3 224 3 4547,6611,8763,	
posibles 4 224 4 549,2783,5044,7111,	
sopesados 4 224 4 547,2781,5042,7109,	
vez 5 224 5 546,2150,2780,5041,7108,	
alto 10 224 10 543,1089,1800,2777,3322,4032,5038,6189,7105,8256,	
individuos 4 224 4 541,2775,5036,7103,	
considerada 4 224 4 539,2773,5034,7100,	
náuseas 4 224 4 1385,3618,5869,7935,	
La 37 224 37 535,603,697,952,1165,1503,1891,1987,2168,2769,2837,2931,3185,3398,3735,4123,4219,4437,5030,5105,5425,5619,5986,6280,6376,6505,7096,7172,7492,7686,8053,8347,8443,8656,9094,9311,9506,	
finalización 4 224 4 529,2763,5024,7090,	
rutinaria 4 224 4 526,2760,5021,7087,	
revacunación 8 224 8 523,536,2757,2770,5018,5031,7084,7097,	
recomendadas 8 224 8 518,793,2752,3027,5013,5201,7079,7268,	
administran 4 224 4 513,2747,5008,7074,	
seguridad 8 224 8 505,2016,2739,4248,5000,6405,7066,8472,	
relación 8 224 8 502,1256,2736,3489,4997,5752,7063,7819,	
datos 7 224 7 500,2734,4995,5581,7061,7648,9467,	
suficientes 4 224 4 499,2733,4994,7060,	
dada 4 224 4 495,2729,4990,7056,	
30-50 4 224 4 486,2720,4981,7047,	
adicional 4 224 4 483,2717,4978,7044,	
adecuada 4 224 4 477,2711,4972,7038,	
produce 4 224 4 474,2708,4969,7035,	
% 16 224 16 473,487,1577,1970,2707,2721,3809,4202,4968,4982,6060,6359,7034,7048,8127,8426,	
15-25 4 224 4 472,2706,4967,7033,	
responden 6 224 6 465,2699,4960,5414,7026,7481,	
revacuna 4 224 4 460,2694,4955,7021,	
Cuando 6 224 6 458,1037,2692,3270,4953,7019,	
respuesta 16 224 16 457,476,1850,2691,2710,4082,4952,4971,5349,5419,6239,7018,7037,7416,7486,8306,	
Revacunación 4 224 4 453,2687,4948,7014,	
A 5 224 5 965,3198,5438,7505,9324,	
UI/l 14 224 14 452,1545,1670,2686,3777,3902,4947,6028,6151,7013,8095,8218,9005,9051,	
10 30 224 30 451,1544,1626,2101,2245,2685,3776,3858,4337,4362,4385,4520,4532,4561,4946,6027,6109,6489,6581,6593,6625,7012,8094,8176,8560,8582,8604,8736,9004,9050,	
inferior 5 224 5 449,2683,4944,7010,9002,	
(anti-HBsAg) 13 224 13 447,1520,1539,2681,3752,3771,4942,6003,6022,7008,8070,8089,8995,	
Las 2 224 2 639,2873,	
antígeno 28 224 28 438,1511,1530,1616,1713,1725,1834,2672,3743,3762,3848,3945,3957,4066,4933,5589,5994,6013,6099,6223,6999,7656,8061,8080,8166,8290,8986,9475,	
nivel 9 224 9 433,1610,2667,3842,4928,6093,6994,8160,8981,	
adicionales 19 224 19 428,492,515,787,2662,2726,2749,3021,4923,4987,5010,5195,5408,6989,7053,7076,7262,7475,9184,	
considerar 11 224 11 423,1066,2657,3299,4918,5376,5403,6984,7443,7470,8967,	
tejido 8 224 8 1395,1414,3628,3647,5879,5898,7945,7963,	
deteriorado 4 224 4 420,2654,4915,6981,	
inmunitario 4 224 4 419,2653,4914,6980,	
sistema 20 224 20 418,1267,1278,1293,1328,2652,3500,3511,3526,3561,4913,5764,5775,5790,5825,6979,7830,7841,7856,7891,	
vacunados 12 224 12 415,1737,1889,2649,3969,4121,4910,6128,6278,6976,8195,8345,	
En 26 224 26 414,768,939,1571,1628,2046,2648,3002,3172,3803,3860,4276,4909,5176,5326,6054,6111,6434,6975,7243,7393,8121,8178,8500,9165,9298,	
trasplantados) 4 224 4 413,2647,4908,6974,	
diálisis 6 224 6 411,2645,4906,6972,8864,8913,	
pacientes 15 224 15 409,412,869,2643,2646,3102,4904,4907,5256,6970,6973,7323,8859,9031,9228,	
E 5 224 5 970,3203,5443,7510,9329,	
ejemplo 9 224 9 408,671,2642,2905,4903,5079,6969,7146,9068,	
(por 9 224 9 407,670,2641,2904,4902,5078,6968,7145,9067,	
inmunocomprometidos 4 224 4 406,2640,4901,6967,	
respetar 4 224 4 404,2638,4899,6965,	
recomendación 4 224 4 395,2629,4890,6956,	
portadoras 2 224 2 580,2814,	
incluyen 6 224 6 392,2626,4887,5359,6953,7426,	
local 8 224 8 391,2193,2625,4462,4886,6530,6952,8681,	
embargo 13 224 13 386,494,2620,2728,4881,4989,5600,5699,6947,7055,7667,7766,9487,	
Sin 13 224 13 385,493,2619,2727,4880,4988,5599,5698,6946,7054,7666,7765,9486,	
completo 6 224 6 381,2615,4876,5398,6942,7465,	
recibido 9 224 9 378,1147,2612,3380,4873,5554,6939,7621,9440,	
(en 11 224 11 597,691,1443,2831,2925,3675,5099,5926,7166,7993,9088,	
han 23 224 23 377,1236,1481,1952,2019,2611,3469,3714,4184,4251,4872,5684,5732,5964,6341,6408,6938,7751,7799,8031,8408,8475,9571,	
sanas 8 224 8 375,1785,2609,4017,4870,6174,6936,8241,	
personas 42 224 42 374,455,462,659,772,1144,1784,1798,2608,2689,2696,2893,3006,3377,4016,4030,4821,4869,4950,4957,5067,5180,5384,5411,5551,6173,6187,6887,6935,7016,7023,7134,7247,7451,7478,7618,8240,8254,8977,9056,9169,9437,	
necesidad 17 224 17 367,784,1075,1892,2601,3018,3308,4124,4862,5192,5405,6281,6928,7259,7472,8348,9181,	
establecido 11 224 11 365,1254,2599,3487,4860,5668,5750,6926,7735,7817,9555,	
No 38 224 38 362,854,1208,1221,1479,2009,2017,2079,2596,3087,3441,3455,3712,4241,4249,4309,4857,5241,5577,5647,5682,5962,6398,6406,6467,6923,7308,7644,7714,7749,8029,8465,8473,8533,9213,9463,9534,9569,	
inmunocompetentes 4 224 4 361,2595,4856,6922,	
Vacunados 8 224 8 360,405,2594,2639,4855,4900,6921,6966,	
niño 3 224 3 5661,7728,9548,	
rue 4 224 4 2206,4475,6543,8694,	
recuerdo 19 224 19 359,400,1142,1858,2593,2634,3375,4090,4854,4895,5549,6247,6920,6961,7616,8314,8964,8974,9435,	
Dosis 5 224 5 357,2591,4852,6918,8962,	
altos 4 224 4 356,2590,4851,6917,	
anticuerpos 35 224 35 354,435,479,1506,1527,1613,1650,1853,2588,2669,2713,3738,3759,3845,3882,4085,4849,4930,4974,5989,6010,6096,6133,6242,6915,6996,7040,8056,8077,8163,8200,8309,8983,9024,9045,	
títulos 8 224 8 352,1665,2586,3897,4847,6143,6913,8210,	
inducir 4 224 4 351,2585,4846,6912,	
refuerzo 21 224 21 345,372,804,1897,1911,2579,2606,3038,4129,4143,4840,4867,5212,6286,6300,6906,6933,7279,8353,8367,9040,	
recibir 4 224 4 341,2575,4836,6902,	
deben 10 224 10 340,403,645,2574,2637,2879,4835,4898,6901,6964,	
dosis) 4 224 4 339,2573,4834,6900,	
comprimido 8 224 8 331,1922,2565,4154,4826,6311,6892,8378,	
reciban 4 224 4 328,2562,4823,6889,	
indicadas 4 224 4 324,2558,4819,6885,	
administre 6 224 6 320,1039,2554,3272,4815,6881,	
administrar 36 224 36 309,611,622,646,680,705,716,862,1119,2543,2845,2856,2880,2914,2939,2950,3095,3352,4804,5088,5113,5124,5249,5526,6869,7155,7180,7191,7316,7593,9036,9077,9102,9113,9221,9412,	
debe 51 224 51 308,422,610,679,704,781,815,986,1065,1099,2055,2144,2542,2656,2844,2913,2938,3015,3048,3219,3298,3332,4285,4405,4803,4917,5087,5112,5189,5222,5375,5459,6443,6500,6868,7154,7179,7256,7289,7442,7526,8509,8624,8966,9027,9035,9076,9101,9178,9196,9345,	
cuarta 4 224 4 305,2539,4800,6865,	
12 23 224 23 294,312,348,807,1196,1914,2528,2546,2582,3041,3429,3711,4146,4789,4807,4843,5215,6303,6854,6872,6909,7282,8370,	
grave 9 224 9 903,1939,3136,4171,5290,6328,7357,8395,9262,	
primera 20 224 20 289,604,698,1996,2233,2523,2838,2932,4228,4508,4784,5106,6385,6569,6849,7173,8452,8724,8960,9095,	
después 21 224 21 286,488,687,1551,2520,2722,2921,3783,4781,4983,5095,5394,6034,6846,7049,7162,7461,8101,8957,8996,9084,	
Elevación 4 224 4 1471,3703,5954,8021,	
tercera 5 224 5 282,2516,4777,6842,8953,	
mes; 9 224 9 280,303,2514,2537,4775,4798,6840,6863,8951,	
intervalo 9 224 9 277,300,2511,2534,4772,4795,6837,6860,8948,	
meses 40 224 40 272,285,295,313,335,349,808,1197,1550,1915,2506,2519,2529,2547,2569,2583,3042,3430,3782,4147,4767,4780,4790,4808,4830,4844,5216,6033,6304,6832,6845,6855,6873,6896,6910,7283,8100,8371,8943,8956,	
pautas 18 224 18 265,323,388,790,1636,2499,2557,2622,3024,3868,4760,4818,4883,5198,6825,6884,6949,7265,	
recomendar 4 224 4 263,2497,4758,6823,	
clínicos 13 224 13 1574,1631,3806,3863,5582,6057,6114,6147,7649,8124,8181,8214,9468,	
inyecciones 14 224 14 260,274,297,2494,2508,2531,4755,4769,4792,6820,6834,6857,8937,8945,	
tres 15 224 15 259,296,490,1693,2493,2530,2724,3925,4754,4791,4985,6819,6856,7051,8936,	
carcinoma 8 224 8 1934,1965,4166,4197,6323,6354,8390,8421,	
incluir 5 224 5 256,2490,4751,6816,8933,	
deberá 9 224 9 255,537,2489,2771,4750,5032,6815,7098,8932,	
ciclo 44 224 44 252,330,337,380,467,531,1134,1593,1691,1921,2486,2564,2571,2614,2701,2765,3367,3825,3923,4153,4747,4825,4832,4875,4962,5026,5397,5422,5541,6076,6310,6812,6891,6898,6941,7028,7092,7464,7489,7608,8143,8377,8929,9427,	
Un 5 224 5 251,2485,4746,6811,8928,	
farmacoterapéutico 4 224 4 1498,3730,5981,8048,	
primaria 28 224 28 250,268,384,470,534,1044,1137,2484,2502,2618,2704,2768,3277,3370,4745,4763,4879,4965,5029,5544,6810,6828,6945,7031,7095,7611,8927,9430,	
anamnésica 4 224 4 1851,4083,6240,8307,	
Vacunación 5 224 5 249,2483,4744,6809,8926,	
inyección 39 224 39 248,283,636,729,825,843,1129,1161,1555,2116,2482,2517,2870,2963,3058,3076,3362,3394,3787,4743,4778,5137,5232,5536,5568,6038,6808,6843,7204,7299,7603,7635,8105,8925,8954,9126,9206,9422,9454,	
0 25 224 25 243,269,291,1187,1192,1924,2088,2102,2477,2503,2525,3420,3425,4156,4318,4340,4363,4764,4786,6313,6829,6851,8380,8940,9587,	
µg) 5 224 5 241,2475,4737,6802,8919,	
(5 2 224 2 240,2474,	
recomienda 18 224 18 237,315,521,733,2471,2549,2755,2967,4733,4810,5016,5141,6798,6876,7082,7208,8915,9130,	
Niños 2 224 2 224,2458,	
efecto 11 224 11 1769,1886,4001,4118,5652,6158,6275,7719,8225,8342,9539,	
administración 42 224 42 222,290,425,740,811,1006,1166,1437,2456,2524,2659,2974,3045,3239,3399,3669,4721,4785,4920,5148,5219,5368,5479,5655,5920,6786,6850,6986,7215,7286,7435,7546,7722,7987,8906,8961,8969,9015,9137,9193,9365,9542,	
forma 14 224 14 220,525,778,2454,2759,3012,4719,5020,5186,6784,7086,7253,8904,9175,	
Posología 10 224 10 218,223,2452,2457,4717,4722,6782,6787,8902,8907,	
ausencia 13 224 13 210,497,2047,2444,2731,4277,4709,4992,6435,6774,7058,8501,8894,	
presenta 5 224 5 208,2442,4707,6772,8892,	
intramuscular 5 224 5 819,3052,5226,7293,9200,	
delta) 5 224 5 205,2439,4704,6769,8889,	
agente 5 224 5 204,2438,4703,6768,8888,	
(causada 5 224 5 201,2435,4700,6765,8885,	
dado 5 224 5 196,2430,4695,6760,8880,	
D 10 224 10 195,200,2429,2434,4694,4699,6759,6764,8879,8884,	
prevenga 5 224 5 192,2426,4691,6756,8876,	
mediante 9 224 9 185,1848,2419,4080,4684,6237,6749,8304,8869,	
esperar 5 224 5 183,2417,4682,6747,8867,	
Se 37 224 37 181,261,314,678,732,794,1672,2415,2495,2548,2912,2966,3028,3904,4680,4756,4809,5086,5140,5202,5339,5374,5401,6745,6821,6875,7153,7207,7269,7406,7441,7468,8865,8965,9034,9075,9129,	
oficiales 4 224 4 180,2414,4679,6744,	
recomendaciones 4 224 4 179,2413,4678,6743,	
base 4 224 4 176,2410,4675,6740,	
determinan 4 224 4 173,2407,4672,6737,	
vacunación 35 224 35 171,254,267,383,390,469,553,653,1087,1096,2405,2488,2501,2617,2624,2703,2787,2887,3320,3329,4670,4749,4762,4878,4885,4964,5048,6735,6814,6827,6944,6951,7030,7115,8931,	
específicos 8 224 8 168,1508,2402,3740,4667,5991,6732,8058,	
grupos 4 224 4 165,2399,4664,6729,	
Los 10 224 10 164,325,1950,2398,2559,4182,4663,6339,6728,8406,	
exposición 14 224 14 157,690,712,2391,2924,2946,4656,5098,5120,6721,7165,7187,9087,9109,	
riesgo 34 224 34 155,167,544,556,1069,1801,1929,2389,2401,2778,2790,3302,4033,4161,4654,4666,5039,5051,5388,5586,5633,6190,6318,6719,6731,7106,7118,7455,7653,7700,8257,8385,9472,9520,	
subcutánea 5 224 5 867,3100,5254,7321,9226,	
considerados 4 224 4 153,2387,4652,6717,	
edad) 4 224 4 152,235,2386,2469,	
años 16 224 16 150,233,1793,2065,2384,2467,4025,4295,4647,4727,6182,6453,6712,6792,8249,8519,	
15 4 224 4 149,232,2383,2466,	
nacimiento 10 224 10 146,229,596,631,1687,2380,2463,2830,2865,3919,	
(desde 4 224 4 144,227,2378,2461,	
adolescentes 18 224 18 143,226,849,1583,2377,2460,3082,3815,4645,4725,5236,6066,6117,6710,6790,7303,8133,8184,	
niños 26 224 26 141,326,830,846,1046,1094,1366,1580,1582,1633,1645,2375,2560,3063,3079,3279,3327,3599,3812,3814,3865,3877,6063,6065,8130,8132,	
conocidos 5 224 5 139,2373,4641,6706,8857,	
subtipos 5 224 5 138,2372,4640,6705,8856,	
causada 5 224 5 134,2368,4636,6701,8852,	
infección 40 224 40 126,212,933,948,1563,1744,1757,1942,1958,1979,2360,2446,3166,3181,3795,3976,3989,4174,4190,4211,4628,4711,5320,5335,6046,6331,6347,6368,6693,6776,7387,7402,8113,8398,8414,8435,8844,8896,9292,9307,	
frente 30 224 30 123,436,554,1509,1528,1560,1614,2357,2670,2788,3741,3760,3792,3846,4625,4931,5049,5992,6011,6043,6097,6690,6997,7116,8059,8078,8110,8164,8841,8984,	
mayores 4 224 4 847,3080,6118,8185,	
activa 5 224 5 122,2356,4624,6689,8840,	
inmunización 31 224 31 121,187,533,792,930,1043,1136,2355,2421,2767,3026,3163,3276,3369,4623,4686,5028,5200,5317,5543,6688,6751,7094,7267,7384,7610,8839,8871,9189,9289,9429,	
indicada 5 224 5 118,2352,4620,6685,8836,	
está 5 224 5 117,2351,4619,6684,8835,	
vacuna 129 224 129 116,318,430,508,608,642,702,745,814,864,943,953,1009,1011,1116,1150,1170,1178,1234,1260,1504,1602,1700,1776,1809,1847,1864,1988,1997,2148,2158,2350,2552,2664,2742,2842,2876,2936,2979,3047,3097,3176,3186,3242,3244,3349,3383,3403,3411,3467,3493,3736,3834,3932,4008,4041,4079,4096,4220,4229,4409,4618,4813,4925,5003,5110,5153,5221,5251,5330,5426,5482,5484,5523,5557,5620,5658,5730,5756,5987,6085,6165,6198,6236,6253,6377,6386,6504,6683,6879,6991,7069,7177,7220,7288,7318,7397,7493,7549,7551,7590,7624,7687,7725,7797,7823,8054,8152,8232,8265,8303,8320,8444,8453,8628,8834,9017,9099,9142,9195,9223,9302,9312,9368,9370,9409,9443,9507,9545,	
Esta 20 224 20 115,813,1010,1115,2349,3046,3243,3348,4617,5220,5483,5522,6682,7287,7550,7589,8833,9194,9369,9408,	
terapéuticas 5 224 5 114,2348,4616,6681,8832,	
Indicaciones 5 224 5 113,2347,4615,6680,8831,	
	4 3 224 3 111,2345,8829,	
CLÍNICOS 5 224 5 110,2344,4612,6677,8828,	
DATOS 9 224 9 109,2026,2343,4258,4611,6415,6676,8482,8827,	
4 55 224 55 108,216,886,904,905,1103,1203,1210,1223,1224,1375,1476,2067,2342,2450,3119,3137,3138,3336,3436,3443,3457,3608,3708,4297,4610,4715,5273,5291,5292,5510,5572,5671,5720,5959,6455,6675,6780,7340,7358,7359,7577,7639,7738,7787,8026,8521,8826,8900,9245,9263,9264,9396,9458,9558,	
(10 2 224 2 4736,6801,	
opaca 5 224 5 107,2341,4609,6674,8825,	
ligeramente 5 224 5 106,2340,4608,6673,8824,	
blanquecina 5 224 5 105,2339,4607,6672,8823,	
	Suspensión 5 224 5 102,2333,4602,6666,8818,	
FARMACÉUTICA 5 224 5 101,2332,4601,6665,8817,	
FORMA 5 224 5 100,2331,4600,6664,8816,	
3 31 224 31 99,812,887,1595,1796,2012,2060,2064,2330,3120,3827,4028,4244,4290,4294,4599,5274,6078,6185,6401,6448,6452,6663,7341,8145,8252,8468,8514,8518,8815,9246,	
6 62 224 62 97,271,284,877,878,1190,1204,2025,2029,2030,2043,2059,2066,2081,2134,2135,2328,2505,2518,3110,3111,3423,3437,4257,4273,4289,4296,4311,4395,4396,4597,4766,4779,5264,5265,5573,6414,6431,6447,6454,6469,6490,6491,6661,6831,6844,7331,7332,7640,8481,8497,8513,8520,8535,8614,8615,8813,8942,8955,9236,9237,9459,	
sección 10 224 10 96,876,2327,3109,4596,5263,6660,7330,8812,9235,	
ver 5 224 5 95,2326,4595,6659,8811,	
excipientes 14 224 14 94,899,2034,2325,3132,4264,4594,5286,6421,6658,7353,8488,8810,9258,	
completa 5 224 5 92,2323,4592,6656,8808,	
lista 5 224 5 91,2322,4591,6655,8807,	
consultar 5 224 5 89,2320,4589,6653,8805,	
Para 5 224 5 88,2319,4588,6652,8804,	
2150-2-3) 5 224 5 87,2318,4587,6651,8803,	
(cepa 5 224 5 86,2317,4586,6650,8802,	
cerevisiae 5 224 5 85,2316,4585,6649,8801,	
Saccharomyces 5 224 5 84,2315,4584,6648,8800,	
actualmente 4 224 4 393,2627,4888,6954,	
levadura 5 224 5 83,2314,4583,6647,8799,	
cepa 5 224 5 79,2310,4579,6643,8795,	
producido 5 224 5 76,2307,4576,6640,8792,	
Al+++) 5 224 5 74,2305,4574,6638,8790,	
* 5 224 5 75,2306,4575,6639,8791,	
miligramos 5 224 5 73,2304,4573,6637,8789,	
25 2 224 2 72,2303,	
amorfo 5 224 5 70,2301,4570,6634,8786,	
aluminio 5 224 5 69,2300,4569,6633,8785,	
hidroxifosfato 5 224 5 67,2298,4567,6631,8783,	
sulfato 5 224 5 66,2297,4566,6630,8782,	
Adsorbido 5 224 5 64,2295,4564,6628,8780,	
microgramos 5 224 5 63,2294,4563,6627,8779,	
00 5 224 5 62,2293,4562,6626,8778,	
(HBsAg)* 5 224 5 60,2291,4560,6624,8776,	
vacunaciones 2 224 2 5424,7491,	
recombinante 24 224 24 59,80,1605,1703,1779,1867,2290,2311,3837,3935,4011,4099,4559,4580,6088,6168,6256,6623,6644,8155,8235,8323,8775,8796,	
hepatitis 125 224 125 57,132,162,194,199,214,445,585,668,920,935,950,964,966,969,1181,1518,1537,1569,1623,1720,1731,1746,1819,1841,1876,1948,1960,1985,2288,2366,2396,2428,2433,2448,2679,2819,2902,3153,3168,3183,3197,3199,3202,3414,3750,3769,3801,3855,3952,3963,3978,4051,4073,4108,4180,4192,4217,4557,4634,4661,4693,4698,4713,4940,5076,5307,5322,5337,5355,5437,5439,5442,5596,6001,6020,6052,6106,6208,6230,6265,6337,6349,6374,6621,6699,6726,6758,6763,6778,7006,7143,7374,7389,7404,7422,7504,7506,7509,7663,8068,8087,8119,8173,8275,8297,8332,8404,8416,8441,8773,8850,8878,8883,8898,8993,9019,9065,9279,9294,9309,9323,9325,9328,9483,	
virus 64 224 64 54,129,159,442,582,665,1515,1534,1566,1620,1717,1728,1838,1945,1982,2285,2363,2393,2676,2816,2899,3747,3766,3798,3852,3949,3960,4070,4177,4214,4554,4631,4658,4937,5073,5593,5607,5998,6017,6049,6103,6227,6334,6371,6618,6696,6723,7003,7140,7660,7674,8065,8084,8116,8170,8294,8401,8438,8770,8847,8990,9062,9479,9494,	
superficie 31 224 31 52,440,1513,1532,1618,1715,1836,2283,2674,3745,3764,3850,3947,4068,4552,4935,5591,5996,6015,6101,6225,6616,7001,7658,8063,8082,8168,8292,8768,8988,9477,	
Antígeno 5 224 5 50,2281,4550,6614,8766,	
contiene 5 224 5 49,2280,4549,6613,8765,	
ml) 5 224 5 48,2279,4548,6612,8764,	
(0 11 224 11 46,71,332,2277,2302,2566,4571,4827,6635,6893,8787,	
dosis 99 224 99 45,239,306,343,370,398,427,482,491,514,589,605,640,699,742,786,802,1140,1596,1638,1680,1694,1856,1895,1909,2276,2473,2540,2577,2604,2632,2661,2716,2725,2748,2823,2839,2874,2933,2976,3020,3036,3373,3828,3870,3912,3926,4088,4127,4141,4546,4735,4801,4838,4865,4893,4922,4977,4986,5009,5107,5150,5194,5210,5407,5547,6079,6245,6284,6298,6610,6800,6866,6904,6931,6959,6988,7043,7052,7075,7174,7217,7261,7277,7474,7614,8146,8312,8351,8365,8762,8917,8972,9000,9038,9096,9139,9183,9433,	
plasma 4 224 4 1813,4045,6202,8269,	
	Una 5 224 5 44,2275,4545,6609,8761,	
CUANTITATIVA 5 224 5 43,2274,4544,6608,8760,	
Y 5 224 5 42,2273,4543,6607,8759,	
CUALITATIVA 5 224 5 41,2272,4542,6606,8758,	
COMPOSICIÓN 5 224 5 40,2271,4541,6605,8757,	
región 2 224 2 834,3067,	
2 38 224 38 39,217,293,334,1194,1549,1926,2006,2044,2270,2451,2527,2568,3427,3781,4158,4238,4274,4375,4540,4716,4788,4829,6032,6315,6395,6432,6604,6781,6853,6895,8099,8382,8462,8498,8594,8756,8901,	
agujas 4 224 4 4376,4426,8595,8645,	
(rADN) 5 224 5 38,2269,4539,6603,8755,	
B 157 224 157 37,58,133,163,215,446,510,586,593,628,669,683,724,921,936,951,1124,1152,1182,1247,1519,1538,1570,1604,1624,1684,1702,1721,1732,1747,1778,1820,1842,1866,1877,1949,1961,1986,1990,2268,2289,2367,2397,2449,2680,2744,2820,2827,2862,2903,2917,2958,3154,3169,3184,3357,3385,3415,3480,3751,3770,3802,3836,3856,3916,3934,3953,3964,3979,4010,4052,4074,4098,4109,4181,4193,4218,4222,4538,4558,4635,4662,4714,4941,5005,5077,5091,5132,5308,5323,5338,5356,5531,5559,5597,5743,6002,6021,6053,6087,6107,6167,6209,6231,6255,6266,6338,6350,6375,6379,6602,6622,6700,6727,6779,7007,7071,7144,7158,7199,7375,7390,7405,7423,7598,7626,7664,7810,8069,8088,8120,8154,8174,8234,8276,8298,8322,8333,8405,8417,8442,8446,8754,8774,8851,8899,8994,9020,9066,9080,9121,9280,9295,9310,9417,9445,9484,	
antihepatitis 57 224 57 36,509,592,627,682,723,1123,1151,1246,1603,1683,1701,1777,1865,1989,2267,2743,2826,2861,2916,2957,3356,3384,3479,3835,3915,3933,4009,4097,4221,4537,5004,5090,5131,5530,5558,5742,6086,6166,6254,6378,6601,7070,7157,7198,7597,7625,7809,8153,8233,8321,8445,8753,9079,9120,9416,9444,	
Vacuna 5 224 5 35,2266,4536,6600,8752,	
precauciones 5 224 5 908,3141,5295,7362,9267,	
inyectable 10 224 10 34,103,2262,2334,4535,4603,6596,6667,8751,8819,	
Suspensión 10 224 10 33,104,2261,2338,4534,4606,6595,6671,8750,8822,	
ml 16 224 16 32,245,2090,2104,2260,2479,4320,4342,4365,4740,6477,6805,8543,8562,8584,8922,	
microgramos/0 2 224 2 30,2258,	
5 41 224 41 29,31,47,61,244,1104,1486,1487,1790,2005,2011,2082,2089,2103,2257,2259,2278,2292,2478,3337,3719,4022,4237,4243,4312,4319,4341,4364,5511,5970,6179,6394,6400,6470,7578,8037,8246,8461,8467,8536,9397,	
	HBVAXPRO 5 224 5 28,2256,4531,6592,8747,	
MEDICAMENTO 9 224 9 27,1492,2255,3724,4530,5975,6591,8042,8746,	
NOMBRE 5 224 5 25,2253,4528,6589,8744,	
PRODUCTO 1 224 1 22,	
DEL 10 224 10 21,26,2250,2254,4525,4529,6586,6590,8741,8745,	
grupo 2 224 2 1092,3325,	
CARACTERÍSTICAS 1 224 1 20,	
LAS 1 224 1 19,	
DE 33 224 33 18,1490,2196,2199,2214,2216,2223,2227,2247,3722,4465,4468,4483,4485,4498,4502,4522,5973,6533,6536,6551,6553,6559,6563,6583,8040,8684,8687,8702,8704,8714,8718,8738,	
RESUMEN 1 224 1 17,	
O 1 224 1 16,	
TÉCNICA 1 224 1 15,	
FICHA 1 224 1 14,	
información 1 224 1 11,	
Toda 1 224 1 9,	
medicamento 10 224 10 8,13,2053,2171,4283,4440,6441,6508,8507,8659,	
Basica 1 224 1 6,	
	Información 1 224 1 5,	
PRECARGADA 1 224 1 4,	
JERINGA 1 224 1 3,	
atención 3 224 3 5640,7707,9527,	
1 73 224 73 2,23,24,98,112,238,270,292,333,1188,1193,1494,1547,1925,2031,2100,2124,2252,2329,2346,2472,2504,2526,2567,3421,3426,3726,3779,4157,4261,4336,4352,4361,4384,4527,4598,4614,4734,4739,4765,4787,4828,5977,6030,6314,6418,6476,6487,6588,6662,6679,6799,6804,6830,6852,6894,8044,8097,8381,8485,8542,8559,8561,8572,8581,8583,8603,8743,8814,8830,8916,8921,8941,	
10MCG/ML 1 224 1 1,	
HBVAXPRO 13 224 13 0,189,1899,2423,4131,4688,5400,6288,6753,7467,8355,8873,9583,	
