Prospectos 1 698 1 4377,	
	 1 698 1 4367,	
2008 1 698 1 4366,	
TEXTO 1 698 1 4364,	
2004 1 698 1 4357,	
agosto 1 698 1 4355,	
AUTORIZACIÓN/RENOVACIÓN 1 698 1 4349,	
FECHA 2 698 2 4345,4359,	
	66 1 698 1 4342,	
NÚMERO 1 698 1 4336,	
Alcobendas 1 698 1 4333,	
28108 1 698 1 4332,	
Moraleja 1 698 1 4331,	
Empresarial 1 698 1 4329,	
B 1 698 1 4327,	
Avda 1 698 1 4323,	
S 1 698 1 4321,	
	Pfizer 1 698 1 4320,	
COMERCIALIZACIÓN 2 698 2 4319,4341,	
AUTORIZACIÓN 3 698 3 4317,4339,4352,	
LA 5 698 5 4316,4338,4347,4351,4361,	
tamaños 1 698 1 4302,	
comercializados 1 698 1 4300,	
Puede 1 698 1 4296,	
(10 1 698 1 4294,	
mg); 1 698 1 4280,	
25 1 698 1 4276,	
calibrada 2 698 2 4271,4287,	
adaptador 1 698 1 4254,	
u 1 698 1 4249,	
(2 2 698 2 4247,4278,	
Jeringa 1 698 1 4241,	
recubrimiento 1 698 1 4235,	
polipropileno 2 698 2 4227,4246,	
cierre 1 698 1 4223,	
ml) 2 698 2 4220,4251,	
(HDPE) 1 698 1 4215,	
densidad 2 698 2 4214,4240,	
alta 1 698 1 4213,	
polietileno 3 698 3 4211,4237,4261,	
Frascos 1 698 1 4209,	
recipiente 1 698 1 4208,	
contenido 1 698 1 4206,	
Naturaleza 1 698 1 4204,	
conservación 2 698 2 4195,4201,	
Precauciones 2 698 2 4192,4307,	
meses 1 698 1 4189,	
comercialización 1 698 1 4176,	
producto 1 698 1 4171,	
Periodo 2 698 2 4167,4179,	
validez 3 698 3 4166,4169,4181,	
216) 1 698 1 4141,	
433) 1 698 1 4136,	
Polisorbato 1 698 1 4133,	
330) 1 698 1 4132,	
anhidro 1 698 1 4130,	
cítrico 1 698 1 4129,	
Ácido 1 698 1 4128,	
331) 1 698 1 4127,	
Citrato 1 698 1 4123,	
218) 1 698 1 4122,	
Parahidroxibenzoato 2 698 2 4118,4137,	
xantán 1 698 1 4115,	
Saborizante 1 698 1 4111,	
coloidal 1 698 1 4109,	
Sílice 1 698 1 4108,	
Cloruro 1 698 1 4105,	
967) 1 698 1 4104,	
(E 7 698 7 4103,4116,4121,4126,4131,4135,4140,	
Xilitol 1 698 1 4102,	
purificada 1 698 1 4101,	
Agua 1 698 1 4100,	
	6 1 698 1 4095,	
FARMACÉUTICOS 1 698 1 4094,	
MINISTERIO 1 698 1 4091,	
descendencia 1 698 1 4090,	
desarrollo 1 698 1 4086,	
retraso 1 698 1 4083,	
perinatal 1 698 1 4079,	
mortalidad 1 698 1 4078,	
extrapolando 1 698 1 4056,	
maternas 1 698 1 4054,	
originaban 1 698 1 4039,	
crías 1 698 1 4035,	
conejos 1 698 1 4014,	
ratas 1 698 1 4012,	
carcinogénico 1 698 1 4006,	
potencial 1 698 1 4005,	
genotoxicidad 1 698 1 4003,	
farmacológica 1 698 1 4002,	
convencionales 1 698 1 3999,	
base 1 698 1 3995,	
especial 2 698 2 3991,4312,	
preclínicos 2 698 2 3979,3984,	
Datos 1 698 1 3978,	
mayores 1 698 1 3946,	
30% 1 698 1 3945,	
cirrosis 1 698 1 3935,	
causada 1 698 1 3933,	
B) 1 698 1 3932,	
A 3 698 3 3930,4051,4322,	
Pugh 1 698 1 3929,	
(Child 1 698 1 3928,	
séricas 3 698 3 3914,3938,3972,	
incrementan 1 698 1 3911,	
siete 1 698 1 3905,	
>70 1 698 1 3891,	
sanos 1 698 1 3887,	
voluntarios 1 698 1 3886,	
correspondientes 1 698 1 3884,	
75% 1 698 1 3881,	
87% 1 698 1 3879,	
146% 1 698 1 3878,	
diálisis) 1 698 1 3875,	
(precisando 1 698 1 3874,	
29 1 698 1 3870,	
10- 1 698 1 3869,	
30-60 1 698 1 3862,	
creatinina 3 698 3 3860,3867,3890,	
(aclaramiento 3 698 3 3858,3865,3888,	
exposiciones 1 698 1 3852,	
variable 1 698 1 3850,	
función 1 698 1 3848,	
administró 1 698 1 3844,	
progresivos 1 698 1 3835,	
incrementos 3 698 3 3834,4273,4289,	
contribuye 1 698 1 3824,	
acuerdo 1 698 1 3815,	
De 1 698 1 3814,	
sexo 1 698 1 3813,	
razones 1 698 1 3809,	
clínicamente 1 698 1 3800,	
fumadores 2 698 2 3790,3793,	
revelado 1 698 1 3784,	
farmacocinético 1 698 1 3779,	
eliminado 1 698 1 3763,	
biliar 1 698 1 3749,	
excreción 2 698 2 3748,3765,	
predecir 1 698 1 3730,	
propiedades 1 698 1 3727,	
comparten 1 698 1 3726,	
contribución 2 698 2 3714,3753,	
mediante 1 698 1 3708,	
oxidativo 1 698 1 3706,	
implicado 1 698 1 3703,	
encuentra 1 698 1 3702,	
También 1 698 1 3700,	
posterior 1 698 1 3699,	
S-metilación 1 698 1 3698,	
oxidasa 1 698 1 3696,	
aldehído 1 698 1 3695,	
deriva 1 698 1 3688,	
indican 1 698 1 3683,	
metabólica 1 698 1 3676,	
principal 1 698 1 3674,	
fármaco 1 698 1 3661,	
envases 1 698 1 4304,	
relacionados 1 698 1 3658,	
productos 1 698 1 3657,	
sérica 1 698 1 3653,	
concentración 1 698 1 3652,	
44% 1 698 1 3649,	
representa 1 698 1 3646,	
S-metil-dihidroziprasidona 3 698 3 3642,3671,3719,	
sulfona 1 698 1 3638,	
BITP 1 698 1 3637,	
(BITP) 1 698 1 3635,	
piperazina 1 698 1 3634,	
benzisotiazol 1 698 1 3633,	
circulantes 1 698 1 3632,	
metabolitos 3 698 3 3630,3917,3975,	
cuatro 1 698 1 3629,	
dan 1 698 1 3626,	
propuestas 1 698 1 3624,	
vías 1 698 1 3622,	
inalterada 2 698 2 3613,3645,	
(<4%) 1 698 1 3610,	
(< 1 698 1 3606,	
pequeña 2 698 2 3602,3752,	
sólo 1 698 1 3600,	
excretándose 1 698 1 3599,	
ampliamente 1 698 1 3594,	
metaboliza 1 698 1 3593,	
después 1 698 1 3587,	
rango 1 698 1 3574,	
lineal 1 698 1 3571,	
muestra 1 698 1 3568,	
heces 3 698 3 3566,3609,3745,	
elimina 2 698 2 3564,3616,	
66% 1 698 1 3562,	
orina 2 698 2 3558,3605,	
20% 1 698 1 3551,	
ml/min/kg 1 698 1 3548,	
intravenosa 1 698 1 3544,	
medio 1 698 1 3536,	
diferencia 2 698 2 3786,3799,	
aclaramiento 3 698 3 3535,3822,3829,	
alcanza 1 698 1 3525,	
terminal 2 698 2 3509,3950,	
semivida 2 698 2 3505,3949,	
eliminación 3 698 3 3503,3508,4310,	
99% 1 698 1 3500,	
distribución 1 698 1 3483,	
volumen 1 698 1 3481,	
Distribución 1 698 1 3479,	
0%) 1 698 1 3478,	
101 1 698 1 3477,	
(79 1 698 1 3474,	
cociente 1 698 1 3470,	
90% 1 698 1 3468,	
confianza 1 698 1 3466,	
funcional 1 698 1 4087,	
comparada 1 698 1 3451,	
10-15% 1 698 1 3450,	
redujo 1 698 1 3446,	
Cmax 2 698 2 3439,3472,	
AUC 1 698 1 3437,	
bioequivalencia 1 698 1 3433,	
estacionario 2 698 2 3422,3523,	
condiciones 2 698 2 3419,4198,	
cápsulas 2 698 2 3417,3456,	
bioequivalente 1 698 1 3414,	
100% 1 698 1 3387,	
posprandial 1 698 1 3363,	
absoluta 1 698 1 3362,	
biodisponibilidad 2 698 2 3361,3380,	
habitualmente 1 698 1 3350,	
obtuvieron 1 698 1 3349,	
máximas 2 698 2 3347,4062,	
Tras 1 698 1 3333,	
Absorción 1 698 1 3332,	
farmacocinéticas 1 698 1 3331,	
maníaco/depresivos 1 698 1 3327,	
recurrencias 1 698 1 3323,	
investiguen 1 698 1 3314,	
semana 2 698 2 3300,3304,	
mantienen 1 698 1 3293,	
proporción 1 698 1 3289,	
términos 1 698 1 3287,	
comparable 1 698 1 3283,	
121 1 698 1 3277,	
puntuación 1 698 1 3266,	
16 1 698 1 3255,	
(dosis 2 698 2 3252,3274,	
comparación 2 698 2 3239,3271,	
visita 1 698 1 3235,	
última 1 698 1 3234,	
CGI-S 1 698 1 3231,	
MRS 2 698 2 3227,3269,	
significativa 3 698 3 3220,3788,3801,	
estadísticamente 1 698 1 3219,	
mg) 4 698 4 3213,3256,3278,4295,	
120 1 698 1 3212,	
(40-80 1 698 1 3203,	
secundario 2 698 2 3195,3770,	
co-primario 1 698 1 3193,	
parámetro 1 698 1 3190,	
CGI-S) 1 698 1 3186,	
Impresión-Severity 1 698 1 3185,	
(Clinical 1 698 1 3183,	
Gravedad 1 698 1 3182,	
Clínica 1 698 1 3179,	
Lista 1 698 1 4097,	
escala 1 698 1 3176,	
MRS) 1 698 1 3174,	
Scale 1 698 1 3172,	
(Mania 1 698 1 3170,	
ó 1 698 1 4218,	
Evaluación 1 698 1 3167,	
Escala 1 698 1 3165,	
evaluó 1 698 1 3162,	
9% 1 698 1 3158,	
34 2 698 2 3154,3157,	
7% 2 698 2 3153,3155,	
49 1 698 1 3152,	
presentes 1 698 1 3144,	
psicóticos 2 698 2 3139,3142,	
mixto 1 698 1 3134,	
unión 1 698 1 3491,	
episodio 1 698 1 3131,	
I 1 698 1 3128,	
IV 1 698 1 3124,	
DSM- 1 698 1 3123,	
criterios 1 698 1 3122,	
cumplían 1 698 1 3119,	
850 1 698 1 3116,	
incluyeron 1 698 1 3114,	
Estos 1 698 1 3112,	
haloperidol 3 698 3 3109,3251,3285,	
comparó 1 698 1 3106,	
ensayo 1 698 1 3097,	
compararon 1 698 1 3090,	
Manía 2 698 2 3065,3169,	
respecto 2 698 2 3054,3435,	
importantes 1 698 1 3052,	
observaron 3 698 3 3050,3833,4023,	
resistencia 1 698 1 3039,	
colesterol 1 698 1 3030,	
ayunas 1 698 1 3029,	
insulina 2 698 2 3027,3041,	
metabólicos 2 698 2 3020,3064,	
determinaron 1 698 1 3018,	
ciego 3 698 3 3016,3083,3099,	
comparativo 1 698 1 3014,	
kg 2 698 2 2985,3003,	
mediana 2 698 2 2978,2996,	
año 1 698 1 2969,	
Enero 1 698 1 4365,	
controlado 1 698 1 2964,	
casos) 1 698 1 2960,	
4% 1 698 1 2957,	
idéntica 1 698 1 2942,	
adversa 1 698 1 2929,	
notificada 1 698 1 2926,	
corporal 2 698 2 2925,4050,	
peso 6 698 6 2924,2982,3000,3023,4032,4049,	
demostró 4 698 4 2908,3280,3412,3432,	
positivos 2 698 2 2904,2916,	
incluía 1 698 1 2899,	
grupos 1 698 1 2892,	
dosis-respuesta 1 698 1 2889,	
clara 1 698 1 2885,	
fertilidad 1 698 1 4028,	
evidencia 1 698 1 2884,	
hecho 1 698 1 3818,	
mejoría 2 698 2 2865,3218,	
eficaz 1 698 1 2859,	
semanas 4 698 4 2855,3086,3102,3247,	
52 1 698 1 2854,	
Esquizofrenia 1 698 1 2849,	
inhibe 1 698 1 2836,	
agonista 1 698 1 2830,	
potente 2 698 2 2820,2829,	
antagonistas 1 698 1 2815,	
principalmente 3 698 3 3617,3707,3743,	
actividades 1 698 1 2814,	
negativos 2 698 2 2906,2918,	
través 2 698 2 2809,3619,	
parte 1 698 1 2807,	
mediada 1 698 1 2805,	
actividad 1 698 1 2802,	
apertura 1 698 1 4185,	
propuesto 1 698 1 2799,	
antagonista 2 698 2 2784,2821,	
M(1) 1 698 1 2779,	
muscarínicos 1 698 1 2778,	
demuestra 1 698 1 2770,	
alfa(1) 1 698 1 2768,	
H(1) 1 698 1 2764,	
mostrado 1 698 1 2757,	
neuronales 1 698 1 2750,	
transportadores 1 698 1 2749,	
comidas 1 698 1 3590,	
receptor 1 698 1 2740,	
presenta 1 698 1 2737,	
igual 1 698 1 2731,	
5HT1A 2 698 2 2724,2834,	
interacciona 1 698 1 2716,	
(PET) 1 698 1 2713,	
positrones 1 698 1 2712,	
emisión 1 698 1 2710,	
tomografía 1 698 1 2708,	
D2 2 698 2 2705,2741,	
serotonina 3 698 3 2696,2752,2843,	
80% 1 698 1 2692,	
(5HT2A) 2 698 2 2673,2791,	
notablemente 1 698 1 2665,	
(D2) 2 698 2 2661,2796,	
afinidad 6 698 6 2654,2664,2727,2745,2759,2774,	
elevada 1 698 1 2653,	
E04 1 698 1 2649,	
NO5A 1 698 1 2648,	
ATC 1 698 1 2647,	
Código 1 698 1 2646,	
indol 1 698 1 2645,	
derivados 1 698 1 2643,	
farmacoterapéutico 1 698 1 2640,	
	5 1 698 1 2635,	
ESTE 1 698 1 2633,	
FARMACOLÓGICAS 1 698 1 2631,	
PROPIEDADES 1 698 1 2630,	
específico 1 698 1 2626,	
antídoto 1 698 1 2625,	
existe 1 698 1 2624,	
detectar 1 698 1 2620,	
continua 1 698 1 2618,	
incluya 1 698 1 2615,	
monitorización 2 698 2 2612,2616,	
inmediatamente 1 698 1 2610,	
comenzarse 1 698 1 2609,	
inducida 1 698 1 2607,	
emesis 1 698 1 2606,	
ml/min) 3 698 3 3863,3871,3892,	
aspiración 1 698 1 2603,	
crear 1 698 1 2599,	
dopaminérgicos 2 698 2 2658,2793,	
cuello 1 698 1 2594,	
cabeza 1 698 1 2591,	
reacción 2 698 2 2587,2928,	
temblor 1 698 1 2578,	
notificados 1 698 1 2570,	
general 1 698 1 2564,	
secuelas 1 698 1 2561,	
caso 1 698 1 2548,	
800 1 698 1 2544,	
confirmada 1 698 1 2540,	
única 3 698 3 2537,2685,3430,	
ingerida 1 698 1 2534,	
sobredosis 3 698 3 2526,2567,2597,	
inmunológico 1 698 1 2493,	
siguientes 1 698 1 2482,	
Post-comercialización 1 698 1 2471,	
Poblaciones 1 698 1 3775,	
1-3 1 698 1 2984,	
pecho) 1 698 1 2468,	
g 1 698 1 2463,	
Propiedades 2 698 2 2637,3330,	
(e 1 698 1 2462,	
clínicas 1 698 1 2461,	
manifestaciones 1 698 1 2460,	
Además 1 698 1 2457,	
interrumpir 1 698 1 2454,	
(IR) 1 698 1 3042,	
normales 2 698 2 2452,3960,	
rangos 1 698 1 2451,	
valores 1 698 1 2448,	
mayoría 1 698 1 2443,	
resultó 1 698 1 2857,	
prolactina 1 698 1 2434,	
niveles 2 698 2 2432,3025,	
elevados 1 698 1 2430,	
estaban 2 698 2 2429,3143,	
similares 2 698 2 2413,4058,	
CYP1A2 1 698 1 3717,	
hallazgos 1 698 1 2412,	
2%) 1 698 1 2398,	
538 1 698 1 2396,	
1%) 2 698 2 2382,3607,	
(0 3 698 3 2381,2397,2956,	
3266 1 698 1 2380,	
superior 5 698 5 2369,2690,2700,2733,3498,	
Incompatibilidades 1 698 1 4144,	
2% 1 698 1 2351,	
(128/7941) 1 698 1 2346,	
Sobredosis 1 698 1 2522,	
6% 1 698 1 2345,	
>60 1 698 1 2340,	
(73/975) 1 698 1 2325,	
5% 1 698 1 2324,	
electrocardiográficos 2 698 2 2314,2329,	
% 1 698 1 2309,	
12 6 698 6 2307,2543,2680,3101,3246,3305,	
30 1 698 1 2301,	
da 1 698 1 2273,	
1% 1 698 1 2265,	
frecuente 1 698 1 2260,	
corta 2 698 2 2240,2935,	
corregido 1 698 1 2230,	
aumentados 1 698 1 2219,	
hepáticos 1 698 1 2218,	
Enzimas 1 698 1 2217,	
REVISIÓN 1 698 1 4362,	
complementarias 1 698 1 2214,	
Exploraciones 1 698 1 2213,	
calor 1 698 1 2212,	
Pirexia 1 698 1 2209,	
sed 1 698 1 2207,	
marcha 1 698 1 2204,	
torácico 1 698 1 2203,	
Malestar 1 698 1 2202,	
fatiga 1 698 1 2199,	
Astenia 1 698 1 2198,	
alteraciones 1 698 1 2191,	
generales 1 698 1 2189,	
ginecomastia 2 698 2 2187,2464,	
galactorrea 1 698 1 2186,	
aumentada 1 698 1 2185,	
erección 1 698 1 2184,	
eréctil 1 698 1 2183,	
mama 2 698 2 2180,2519,	
reproductor 2 698 2 2176,2515,	
aparato 2 698 2 2175,2514,	
disuria 1 698 1 2172,	
urinaria 1 698 1 2171,	
l/kg 1 698 1 3489,	
Incontinencia 1 698 1 2170,	
urinarios 1 698 1 2168,	
renales 1 698 1 2166,	
Trismo 1 698 1 2164,	
dolor 2 698 2 2160,2206,	
musculares 1 698 1 2159,	
calambres 1 698 1 2158,	
analizados 1 698 1 3723,	
musculoesqueléticas 1 698 1 2157,	
Molestias 1 698 1 2156,	
musculoesquelética 1 698 1 2153,	
Europa 1 698 1 4325,	
Aproximadamente 1 698 1 3549,	
Rigidez 1 698 1 2152,	
eritema 1 698 1 2144,	
cara 1 698 1 2143,	
conversión 1 698 1 3669,	
alopecia 1 698 1 2140,	
dermatitis 1 698 1 2138,	
Psoriasis 1 698 1 2137,	
acné 1 698 1 2135,	
maculopapular 1 698 1 2134,	
erupción 2 698 2 2132,2133,	
Urticaria 1 698 1 2131,	
subcutáneo 2 698 2 2128,2511,	
revelan 1 698 1 3988,	
tejido 3 698 3 2127,2149,2510,	
Madrid 1 698 1 4334,	
piel 2 698 2 2124,2507,	
receptores 12 698 12 2657,2669,2677,2694,2704,2719,2730,2763,2777,2787,2824,2833,	
blandas 1 698 1 2120,	
gastroesofágico 1 698 1 2118,	
Reflujo 1 698 1 2117,	
hinchada 1 698 1 2115,	
posibles 2 698 2 2459,2621,	
gastrointestinal 1 698 1 2113,	
malestar 1 698 1 2112,	
gastritis 1 698 1 2111,	
disfagia 1 698 1 2110,	
Diarrea 1 698 1 2109,	
hipersecreción 1 698 1 2106,	
seca 1 698 1 2105,	
dispepsia 1 698 1 2103,	
estreñimiento 1 698 1 2102,	
vómitos 1 698 1 2101,	
Náuseas 1 698 1 2100,	
gastrointestinales 1 698 1 2098,	
Hipo 1 698 1 2096,	
dolorida 1 698 1 2094,	
Disnea 1 698 1 2092,	
mediastínicos 1 698 1 2089,	
respiratorios 1 698 1 2086,	
lábil 1 698 1 2084,	
arterial 1 698 1 2083,	
presión 2 698 2 2082,4256,	
diastólica 1 698 1 2081,	
sistólica 1 698 1 2079,	
Hipertensión 1 698 1 2078,	
ortostática 1 698 1 2075,	
hipotensión 3 698 3 2074,2076,2257,	
hipertensión 2 698 2 2073,2080,	
vasculares 2 698 2 2068,2503,	
volvieron 1 698 1 2449,	
oídos 1 698 1 2066,	
Antipsicóticos 1 698 1 2642,	
acúfenos 1 698 1 2062,	
Vértigo 1 698 1 2061,	
60 2 698 2 2303,4375,	
laberinto 1 698 1 2058,	
oído 1 698 1 2055,	
noradrenalina 2 698 2 2754,2841,	
secos 1 698 1 2052,	
(sin 1 698 1 2560,	
ojos 1 698 1 2051,	
envase 1 698 1 4174,	
ojo 1 698 1 2050,	
prurito 1 698 1 2047,	
visual 1 698 1 2046,	
Ambliopía 1 698 1 2044,	
Fotofobia 1 698 1 2042,	
borrosa 1 698 1 2039,	
cardíacas) 1 698 1 2562,	
Visión 1 698 1 2038,	
oculares 1 698 1 2036,	
cardiacos 2 698 2 2030,2501,	
Linfopenia 1 698 1 2028,	
linfático 1 698 1 2026,	
sangre 1 698 1 2022,	
inquietas 1 698 1 2018,	
piernas 1 698 1 2017,	
hipertonía 1 698 1 2014,	
acinesia 1 698 1 2013,	
Tortícolis 1 698 1 2011,	
PRIMERA 1 698 1 4348,	
generalizadas 1 698 1 2007,	
tonico-clónicas 2 698 2 2006,2255,	
(incluyendo 1 698 1 2002,	
parkinsonismo 1 698 1 2001,	
Distonía 1 698 1 1997,	
nervioso 2 698 2 1995,2499,	
sistema 4 698 4 1994,2025,2492,2498,	
plano 1 698 1 1984,	
afecto 1 698 1 1983,	
bradifrenia 1 698 1 1982,	
depresivos 1 698 1 1981,	
angustia 1 698 1 1979,	
Crisis 2 698 2 1977,2071,	
pesadillas 1 698 1 1975,	
opresión 1 698 1 1971,	
sensación 2 698 2 1969,2210,	
ansiedad 2 698 2 1968,2580,	
Agitación 1 698 1 1967,	
Grupo 1 698 1 2639,	
Inquietud 1 698 1 1964,	
Frecuentes 6 698 6 1963,1996,2037,2099,2151,2197,	
significativamente 1 698 1 3262,	
psiquiátricos 2 698 2 1962,2495,	
Hipocalcemia 1 698 1 1960,	
aumentado 1 698 1 1958,	
Apetito 1 698 1 1957,	
metabolismo 4 698 4 1950,3705,3755,3769,	
Trastornos 22 698 22 1948,1961,1992,2019,2029,2035,2053,2067,2085,2097,2121,2145,2165,2173,2188,2490,2494,2496,2500,2502,2504,2512,	
ésta 1 698 1 3842,	
Rinitis 1 698 1 1947,	
Raras 16 698 16 1946,1959,1976,2010,2027,2043,2063,2077,2095,2116,2136,2163,2169,2181,2208,2227,	
infestaciones 1 698 1 1945,	
e 4 698 4 1944,2256,2835,2941,	
Infecciones 1 698 1 1943,	
Clasificación 4 698 4 1936,1985,2220,2485,	
concomitantes 1 698 1 1935,	
medicaciones 1 698 1 1934,	
subyacente 1 698 1 1932,	
distónica 1 698 1 2588,	
además 1 698 1 1926,	
listadas 1 698 1 1922,	
2A 3 698 3 2672,2698,2790,	
000)] 1 698 1 1918,	
raras 2 698 2 1916,2470,	
<1/100) 1 698 1 1914,	
presumiblemente 1 698 1 3746,	
000 1 698 1 1913,	
(>1/1 1 698 1 1912,	
<1/10) 1 698 1 1909,	
(>1/100 1 698 1 1908,	
[muy 1 698 1 1904,	
sistemas 4 698 4 1901,1942,1991,2226,	
órganos 5 698 5 1899,1940,1989,2224,2487,	
clasificación 1 698 1 1897,	
alérgica 1 698 1 2139,	
agrupadas 1 698 1 1894,	
Todas 1 698 1 1889,	
mayor 4 698 4 1885,2532,2666,3263,	
Poco 13 698 13 1955,1965,2003,2031,2040,2059,2069,2090,2107,2129,2154,2200,2215,	
incidencia 4 698 4 1884,2252,2365,2920,	
Información 1 698 1 2844,	
nutrición 1 698 1 1954,	
relación 2 698 2 1870,2888,	
flexible 1 698 1 1867,	
(3 2 698 2 1863,3236,	
fija 1 698 1 1855,	
semanas) 4 698 4 1852,1864,2938,3237,	
(4-6 2 698 2 1851,2937,	
plazo 4 698 4 1850,1862,2425,3312,	
corto 2 698 2 1849,1861,	
notificadas 1 698 1 1842,	
siguiente 1 698 1 1837,	
446 1 698 1 2558,	
tabla 1 698 1 1836,	
mareos 1 698 1 1834,	
extrapiramidal 2 698 2 1832,2000,	
Impresión 1 698 1 3178,	
acatisia 3 698 3 1815,1830,1998,	
frecuentes 18 698 18 1805,1827,1905,1907,1911,1956,1966,2004,2032,2041,2060,2070,2091,2108,2130,2155,2201,2216,	
sujetos 2 698 2 1800,3920,	
vía 3 698 3 1794,3543,3675,	
Dolor 1 698 1 2064,	
administrado 1 698 1 1791,	
adversas 12 698 12 1780,1803,1825,1841,1892,1921,1939,1988,2223,2484,2489,4025,	
Reacciones 5 698 5 1779,1938,1987,2222,2488,	
Debe 1 698 1 2608,	
maquinas 1 698 1 1776,	
vayan 1 698 1 1771,	
adecuadamente 1 698 1 1766,	
advertir 1 698 1 1765,	
afectar 1 698 1 1755,	
somnolencia 2 698 2 1752,2577,	
causar 1 698 1 1751,	
máquinas 2 698 2 1748,1762,	
utilizar 3 698 3 1747,1761,1775,	
conducir 3 698 3 1745,1759,1773,	
necesario 1 698 1 1733,	
tomando 1 698 1 1727,	
están 2 698 2 1726,1893,	
niño 1 698 1 1724,	
amamantar 1 698 1 1721,	
deben 1 698 1 1720,	
excreta 2 698 2 1712,3556,	
Lactancia 1 698 1 1706,	
potenciales 1 698 1 1702,	
riesgos 1 698 1 1701,	
superen 1 698 1 1698,	
madre 2 698 2 1697,4043,	
esperados 1 698 1 1694,	
embarazo 1 698 1 1687,	
humanos 3 698 3 1675,3993,4065,	
Puesto 1 698 1 1670,	
adecuado 1 698 1 1669,	
utilización 1 698 1 1664,	
estén 2 698 2 1658,4299,	
fértil 1 698 1 1656,	
aconsejar 1 698 1 1650,	
embarazadas 1 698 1 1647,	
mujeres 2 698 2 1646,1653,	
teratogenicidad 2 698 2 1634,4021,	
indicios 1 698 1 1632,	
hubo 2 698 2 1631,2882,	
sedación 3 698 3 1629,1813,1829,	
y/o 2 698 2 1628,1933,	
materna 2 698 2 1627,1716,	
asociadas 2 698 2 1624,1928,	
proceso 1 698 1 1619,	
aparición 1 698 1 1613,	
reproducción 3 698 3 1609,1621,4010,	
toxicidad 3 698 3 1606,1626,4040,	
Embarazo 2 698 2 1600,1639,	
diarrea 1 698 1 1597,	
mioclonías 1 698 1 1595,	
ataxia 1 698 1 1593,	
sudoración 1 698 1 1592,	
fiebre 1 698 1 1591,	
agitación 1 698 1 1590,	
temporalmente 1 698 1 1560,	
asociado 1 698 1 1559,	
serotoninérgico 2 698 2 1558,1586,	
aislados 1 698 1 1555,	
serotoninérgicos 5 698 5 1550,1573,2670,2720,2788,	
ingestión 1 698 1 1546,	
TITULAR 1 698 1 4314,	
tuvieron 1 698 1 1529,	
cimetidina 1 698 1 1527,	
260 1 698 1 4343,	
proteínas 1 698 1 3493,	
magnesio 1 698 1 1524,	
aluminio 1 698 1 1522,	
contienen 1 698 1 1521,	
antiácidos 1 698 1 1519,	
Disfunción 1 698 1 2182,	
Antiácidos 1 698 1 1514,	
global 1 698 1 3830,	
exposición 2 698 2 1502,3838,	
embotamiento 1 698 1 2584,	
aproximadamente 8 698 8 1497,1797,3115,3447,3485,3560,3647,3952,	
disminución 4 698 4 1495,3261,4030,4045,	
días 3 698 3 1490,3533,3906,	
21 1 698 1 1489,	
durante 5 698 5 1488,1685,1843,2867,3904,	
200 1 698 1 1482,	
ajuste 1 698 1 1471,	
requiere 2 698 2 1469,4197,	
tengan 1 698 1 1461,	
potentes 1 698 1 1457,	
inhibidores 1 698 1 1456,	
adicional 2 698 2 1437,2845,	
observó 4 698 4 1435,2297,2336,2973,	
respectivamente 2 698 2 1432,2363,	
8% 1 698 1 1431,	
55% 1 698 1 1427,	
incrementaron 1 698 1 1424,	
esperada 1 698 1 1420,	
Tmax 1 698 1 1419,	
sulfóxido 5 698 5 1416,3636,3640,3722,3761,	
dihidroziprasidona 2 698 2 1412,3740,	
S-metil- 2 698 2 1411,3739,	
Las 6 698 6 1406,1582,1717,1801,1919,3851,	
<40% 1 698 1 1405,	
suero 2 698 2 1401,1409,	
dio 4 698 4 1392,1491,3214,3257,	
mg/día) 1 698 1 1391,	
60% 1 698 1 3372,	
comunicaron 1 698 1 2550,	
(400 1 698 1 1390,	
ketoconazol 1 698 1 1389,	
Efectos 2 698 2 1377,1740,	
valproato 2 698 2 1376,1513,	
ánimo 1 698 1 1373,	
estabilizadores 1 698 1 1371,	
conjunta 2 698 2 1368,1511,	
limitados 1 698 1 1364,	
7 3 698 3 1739,2323,4313,	
Existen 1 698 1 1362,	
farmacodinámicas 2 698 2 1359,2638,	
interacciones 1 698 1 1358,	
combinación 3 698 3 1353,1568,2812,	
conducción 1 698 1 1350,	
asocian 1 698 1 1345,	
Dado 1 698 1 1338,	
litio 2 698 2 1337,1343,	
parámetros 4 698 4 1334,3019,3063,3804,	
continuación 2 698 2 1924,2871,	
Litio 1 698 1 1322,	
progesterona 1 698 1 1321,	
CYP3A4) 1 698 1 1319,	
sustrato 1 698 1 1318,	
estradiol 1 698 1 1316,	
puntuaciones 1 698 1 3224,	
estrogénicos 1 698 1 1314,	
componentes 1 698 1 1313,	
significativos 1 698 1 1307,	
terapéutica 2 698 2 2803,3577,	
cambios 4 698 4 1306,1347,1446,3051,	
provocó 1 698 1 1305,	
beneficios 1 698 1 1693,	
- 4 698 4 1299,1323,1515,3173,	
orales 1 698 1 1298,	
pérdida 2 698 2 2980,2998,	
Anticonceptivos 1 698 1 1297,	
clínico 2 698 2 1296,1538,	
vista 2 698 2 1295,1537,	
punto 2 698 2 1293,1535,	
relevante 1 698 1 1290,	
grado 1 698 1 1289,	
P450 1 698 1 1286,	
citocromo 1 698 1 1285,	
metabolizados 1 698 1 1280,	
farmacocinética 6 698 6 1277,1310,1449,1541,3570,3787,	
afecte 1 698 1 1275,	
probable 3 698 3 1272,1443,1871,	
obstante 1 698 1 1269,	
CYP3A4 6 698 6 1267,1388,1460,3710,3759,3774,	
inhibidor 2 698 2 1259,1385,	
horas 4 698 4 2681,3356,3520,3954,	
indicaron 1 698 1 1253,	
vitro 3 698 3 1252,3682,3725,	
Ninguna 1 698 1 4311,	
datos 4 698 4 1250,1363,1507,3983,	
Los 7 698 7 1249,1603,2404,3140,3373,3679,3982,	
obtenidas 1 698 1 1236,	
inferiores 1 698 1 1233,	
50% 2 698 2 1232,2702,	
isoformas 1 698 1 1283,	
plasmáticas 4 698 4 1230,3346,3494,4053,	
concentraciones 9 698 9 1229,1399,1407,3345,3913,3937,3971,4052,4061,	
CYP2D6 2 698 2 1227,1263,	
marcada 1 698 1 1224,	
mostró 1 698 1 1221,	
dextrometorfano 1 698 1 1219,	
garganta 2 698 2 1974,2093,	
vivo 2 698 2 1217,3665,	
in 5 698 5 1216,1251,3664,3681,3724,	
estudio 12 698 12 1215,2852,2897,2963,3011,3058,3244,3405,3425,3459,3663,3778,	
Un 2 698 2 1214,3662,	
Efecto 1 698 1 1207,	
alcohol 1 698 1 1206,	
central 1 698 1 1204,	
acción 1 698 1 1203,	
administre 2 698 2 1195,3400,	
taquicardia 1 698 1 2034,	
efectos 2 698 2 1186,1615,	
principales 2 698 2 1185,3631,	
Teniendo 1 698 1 1181,	
SNC/alcohol 1 698 1 1180,	
Medicamentos 2 698 2 1178,1549,	
aditivo 1 698 1 1127,	
descartar 1 698 1 1124,	
farmacodinámicos 1 698 1 1109,	
estudios 13 698 13 1106,1604,1644,1845,2931,3113,3149,3198,3308,3374,3680,3998,4008,	
realizado 2 698 2 1105,1643,	
interacción 1 698 1 1101,	
formas 1 698 1 1099,	
Interacción 1 698 1 1092,	
74 1 698 1 1087,	
frente 1 698 1 2991,	
37 1 698 1 1084,	
total 5 698 5 1078,2378,2394,3031,3654,	
cantidad 3 698 3 1077,2533,3603,	
8 6 698 6 1067,1778,3355,4250,4284,4335,	
pobres 1 698 1 1057,	
dietas 1 698 1 1056,	
(976/7941) 1 698 1 2310,	
tenido 1 698 1 1050,	
sodio 5 698 5 1043,1059,1081,4107,4125,	
(posiblemente 1 698 1 1031,	
características 1 698 1 1583,	
alérgicas 1 698 1 1030,	
provocar 1 698 1 1028,	
contener 1 698 1 1019,	
ictus 1 698 1 1012,	
Zeldox 4 698 4 1000,1013,1033,4145,	
poblaciones 1 698 1 997,	
aumento 4 698 4 988,2466,2922,4047,	
excluir 1 698 1 986,	
desconoce 4 698 4 982,1708,3908,3962,	
causante 1 698 1 975,	
media 5 698 5 3210,3253,3275,3440,3506,	
prueba 2 698 2 2234,4229,	
anticonceptivo 1 698 1 1668,	
adversos 2 698 2 971,1616,	
tres 2 698 2 964,3621,	
incremento 5 698 5 962,978,1396,2299,4075,	
5HT1D 2 698 2 2722,2827,	
observado 2 698 2 960,3797,	
atípicos 1 698 1 957,	
realizados 1 698 1 948,	
placebo 12 698 12 947,1888,2334,2362,2403,2955,2966,3008,3081,3093,3111,3241,	
controlados 2 698 2 945,3079,	
aleatorizados 1 698 1 943,	
ensayos 10 698 10 941,1783,1808,1818,2237,2292,2405,2415,2847,3078,	
demencia 2 698 2 939,952,	
demostrado 4 698 4 1611,2782,3377,4018,	
cerebrovasculares 2 698 2 935,972,	
accidentes 1 698 1 934,	
Incremento 1 698 1 929,	
grupo 1 698 1 921,	
primera 1 698 1 4184,	
grave 2 698 2 910,3873,	
hay 3 698 3 903,1506,3307,	
trate 1 698 1 893,	
Convulsiones 2 698 2 887,2005,	
reducción 2 698 2 876,3691,	
signos 2 698 2 867,4019,	
edad 3 698 3 864,1655,3811,	
incrementa 2 698 2 857,3384,	
medida 1 698 1 854,	
frecuencia 3 698 3 852,1903,2573,	
sucede 1 698 1 849,	
Esto 1 698 1 848,	
tipo 6 698 6 845,2659,2671,2697,2789,2794,	
ocurrieron 1 698 1 1881,	
vulnerables 1 698 1 842,	
mseg 1 698 1 2559,	
especialmente 1 698 1 841,	
son 3 698 3 840,2574,4057,	
duración 7 698 7 831,859,2243,2936,2971,3088,3104,	
larga 3 698 3 830,2242,3956,	
(>1/10) 1 698 1 1906,	
tardíos 1 698 1 825,	
extrapiramidales 3 698 3 824,2552,2576,	
síndromes 1 698 1 823,	
discinesia 3 698 3 818,871,2008,	
lugar 9 698 9 816,1393,1492,2194,2274,3215,3258,3627,4073,	
dé 1 698 1 815,	
Existe 1 698 1 809,	
tardía 4 698 4 808,819,872,2009,	
Discinesia 1 698 1 807,	
inmediata 1 698 1 798,	
incluir 2 698 2 796,1588,	
antipsicóticos 4 698 4 788,806,956,993,	
asociación 2 698 2 785,1197,	
mortal 1 698 1 779,	
potencialmente 1 698 1 778,	
lactancia 2 698 2 1602,1737,	
raro 1 698 1 776,	
complejo 1 698 1 775,	
carbamazepina 2 698 2 1374,1477,	
SNM 2 698 2 772,794,	
(SNM) 1 698 1 770,	
maligno 1 698 1 769,	
neuroléptico 1 698 1 768,	
bloqueo 1 698 1 2675,	
niños 2 698 2 764,4231,	
eficacia 7 698 7 760,2910,3068,3160,3192,3282,3316,	
evaluado 1 698 1 756,	
adolescentes 2 698 2 752,766,	
Niños 1 698 1 750,	
confusión 2 698 2 749,1589,	
actúan 1 698 1 745,	
múltiples 5 698 5 740,1517,3339,3408,3462,	
tomaban 1 698 1 737,	
pointes 1 698 1 733,	
26 1 698 1 4353,	
torsade 1 698 1 731,	
infrecuente 1 698 1 728,	
notificado 4 698 4 725,783,1553,2480,	
han 8 698 8 724,755,1104,1552,1610,1642,2479,3376,	
post-comercialización 2 698 2 722,2475,	
experiencia 5 698 5 721,904,1673,2474,2524,	
Durante 2 698 2 719,2472,	
interrupción 3 698 3 712,799,882,	
milisegundos 4 698 4 708,2304,2341,2372,	
eliminada 1 698 1 3742,	
500 3 698 3 707,1799,2371,	
> 1 698 1 706,	
QTc 5 698 5 704,1440,2368,2556,3737,	
electrocardiograma 2 698 2 700,2232,	
hacerse 1 698 1 694,	
maligna 1 698 1 691,	
capacidad 2 698 2 1743,1757,	
arritmia 1 698 1 689,	
ocurriendo 2 698 2 687,2261,	
esté 1 698 1 686,	
posibilidad 3 698 3 683,811,2582,	
metabólicas 1 698 1 3623,	
incluían 1 698 1 3022,	
convulsiones 4 698 4 679,899,2254,2585,	
síncope 1 698 1 677,	
catalizado 2 698 2 3756,3771,	
palpitaciones 1 698 1 675,	
presencia 1 698 1 3389,	
alteración 1 698 1 2045,	
cardíacos 1 698 1 673,	
acontecimientos 1 698 1 970,	
síntomas 12 698 12 672,847,869,1980,2551,2569,2575,2902,2915,3138,3141,3326,	
administra 1 698 1 3541,	
aparecen 2 698 2 671,866,	
farmacocinéticos 4 698 4 1107,1335,3375,3805,	
electrocardiográfica 2 698 2 664,2617,	
feto 1 698 1 1705,	
revisión 1 698 1 663,	
estable 1 698 1 658,	
cardíaca 3 698 3 657,690,697,	
enfermedad 2 698 2 656,1931,	
trata 1 698 1 652,	
significativo 1 698 1 1532,	
iniciar 2 698 2 645,667,	
malignas 1 698 1 638,	
paresia 1 698 1 2012,	
arritmias 3 698 3 637,1361,2622,	
riesgo 10 698 10 635,743,932,968,980,990,1010,1356,2601,3990,	
aumentan 1 698 1 633,	
hipomagnesemia 1 698 1 632,	
hipopotasemia 1 698 1 629,	
5HT2c 2 698 2 2721,2825,	
mecanismo 1 698 1 974,	
electrolíticas 1 698 1 626,	
Alteraciones 1 698 1 625,	
importante 1 698 1 624,	
bradicardia 1 698 1 623,	
precaución 5 698 5 619,890,918,1004,1192,	
indica 1 698 1 3666,	
corregidas 1 698 1 642,	
recomienda 5 698 5 618,710,889,1680,3396,	
prolongan 3 698 3 606,1117,1143,	
metabolito 1 698 1 3686,	
Por 2 698 2 596,3392,	
triglicéridos 1 698 1 3033,	
8) 2 698 2 595,1581,	
moderado 3 698 3 588,1260,2282,	
reacciones 8 698 8 1029,1802,1824,1840,1891,1920,2483,4024,	
leve 4 698 4 586,2280,3857,3925,	
produce 1 698 1 577,	
Intervalo 2 698 2 574,2228,	
utilizarse 2 698 2 916,1002,	
3) 4 698 4 573,718,1177,1638,	
recomendado 1 698 1 565,	
identificar 1 698 1 556,	
físico 1 698 1 551,	
examen 1 698 1 550,	
familiares 1 698 1 546,	
antecedentes 2 698 2 545,897,	
evaluación 2 698 2 543,696,	
doble 3 698 3 3015,3082,3098,	
incluyendo 4 698 4 541,698,789,1360,	
médica 1 698 1 540,	
historia 1 698 1 539,	
realizar 1 698 1 537,	
Se 13 698 13 535,617,832,888,1551,1648,1707,1763,2335,2797,3907,3961,4022,	
especiales 5 698 5 532,3776,4193,4199,4308,	
precauciones 1 698 1 531,	
Advertencias 1 698 1 529,	
5) 2 698 2 526,616,	
cisaprida 2 698 2 519,1173,	
musculoesqueléticos 1 698 1 2146,	
sertindol 2 698 2 517,1171,	
mefloquina 2 698 2 516,1170,	
dolasetrón 2 698 2 515,1169,	
mesilato 2 698 2 513,1167,	
moxifloxacino 2 698 2 512,1166,	
torácicos 1 698 1 2087,	
gatifloxacino 2 698 2 511,1165,	
esparfloxacino 2 698 2 510,1164,	
pimozida 2 698 2 509,1163,	
415) 1 698 1 4117,	
síndrome 3 698 3 1557,1585,2015,	
tioridazina 2 698 2 508,1162,	
mesoridazina 2 698 2 507,1161,	
acetato 2 698 2 504,1158,	
halofantrina 2 698 2 503,1157,	
arsénico 2 698 2 502,1156,	
trióxido 2 698 2 500,1154,	
Clase 2 698 2 496,1150,	
prolonguen 1 698 1 489,	
concomitante 1 698 1 485,	
Tratamiento 1 698 1 484,	
neuronal 1 698 1 2839,	
III 3 698 3 483,499,1153,	
IA 3 698 3 481,497,1151,	
clase 1 698 1 480,	
antiarrítmicos 3 698 3 478,494,1148,	
medicamentos 15 698 15 477,487,604,787,805,1096,1115,1132,1141,1201,1213,1279,1381,1572,4379,	
tratadas 1 698 1 475,	
Arritmias 1 698 1 474,	
descompensada 1 698 1 473,	
cardiaca 2 698 2 472,1351,	
Insuficiencia 2 698 2 471,900,	
terapéutico 1 698 1 1564,	
reciente 1 698 1 470,	
miocardio 1 698 1 469,	
Infarto 1 698 1 466,	
prolongado 2 698 2 465,2233,	
congénito 1 698 1 461,	
Síndrome 2 698 2 460,767,	
Prolongación 1 698 1 455,	
conocida 2 698 2 446,456,	
Hipersensibilidad 1 698 1 445,	
Contraindicaciones 1 698 1 444,	
(Ver 2 698 2 435,520,	
bajas 1 698 1 434,	
(<1/1 1 698 1 1917,	
debería 11 698 11 427,600,659,680,693,795,873,915,1001,1190,1649,	
hepática 6 698 6 421,426,901,909,3923,3968,	
Goma 1 698 1 4114,	
2) 3 698 3 417,441,928,	
apartado 8 698 8 415,571,593,716,1175,1579,1636,1786,	
(ver 10 698 10 414,570,592,610,715,922,1174,1578,1635,1785,	
ajustes 1 698 1 406,	
requieren 1 698 1 405,	
No 17 698 17 403,753,902,983,1102,1121,1268,1433,1441,1505,1630,1640,2623,2881,3306,3794,4196,	
renal 5 698 5 402,413,3766,3823,3849,	
insuficiencia 8 698 8 401,412,420,425,908,3856,3922,3967,	
Uso 2 698 2 399,418,	
requieran 1 698 1 398,	
así 4 698 4 396,547,3034,4080,	
clínicos 11 698 11 394,942,1784,1809,1819,2238,2293,2406,2416,2848,3309,	
factores 4 698 4 393,741,747,1008,	
existan 1 698 1 392,	
años 2 698 2 390,4178,	
65 2 698 2 387,1040,	
considerarse 5 698 5 383,428,660,681,874,	
baja 2 698 2 380,4239,	
inicial 2 698 2 378,2878,	
9 2 698 2 2521,4344,	
Normalmente 1 698 1 372,	
Ancianos 1 698 1 371,	
bebida 2 698 2 366,4157,	
leche 1 698 1 1715,	
alimento 2 698 2 364,4155,	
ningún 3 698 3 363,3989,4154,	
retardadas) 1 698 1 1032,	
mezclarse 2 698 2 361,4152,	
diluirse 2 698 2 359,4150,	
tomarse 1 698 1 353,	
Aunque 1 698 1 349,	
método 1 698 1 1667,	
boca 2 698 2 348,2104,	
Global 2 698 2 3180,3184,	
35% 1 698 1 1499,	
directamente 1 698 1 345,	
administrarse 3 698 3 344,601,1138,	
histamina 1 698 1 2766,	
proporciona 1 698 1 339,	
jeringa 3 698 3 333,4263,4282,	
(60 1 698 1 4216,	
utilizando 3 698 3 331,2706,3163,	
inhibición 1 698 1 1223,	
posible 3 698 3 330,1873,3713,	
exactamente 1 698 1 329,	
Medir 1 698 1 324,	
20 4 698 4 315,3368,3898,4326,	
casos 3 698 3 311,729,1554,	
eficaz; 1 698 1 308,	
hipertensivas 1 698 1 2072,	
mínima 1 698 1 307,	
tratados 14 698 14 303,953,2269,2317,2332,2358,2386,2401,2437,2946,2953,2988,3006,3045,	
deberían 2 698 2 301,640,	
pacientes 39 698 39 300,385,410,423,559,621,654,735,836,895,906,937,950,999,1006,1054,1718,1769,2268,2316,2331,2357,2385,2400,2436,2446,2873,2900,2945,2952,2987,3005,3044,3117,3291,3781,3846,3854,3959,	
mantenimiento 3 698 3 296,2422,2862,	
En 21 698 21 292,422,940,1781,1816,2235,2290,2414,2546,2563,2850,2895,2961,3009,3043,3242,3403,3423,3457,3921,4007,	
dependiente 3 698 3 280,580,2283,	
prolongación 6 698 6 276,579,1436,2277,2338,3734,	
asocia 1 698 1 273,	
mg/día 1 698 1 269,	
suficiente 1 698 1 323,	
160 1 698 1 268,	
seguridad 6 698 6 264,758,3981,3986,4001,4225,	
perfil 1 698 1 262,	
puesto 1 698 1 255,	
sobrepasar 1 698 1 251,	
importancia 2 698 2 249,1462,	
particular 1 698 1 248,	
Es 1 698 1 246,	
tercer 1 698 1 242,	
Rating 1 698 1 3171,	
rápidamente 1 698 1 239,	
alcanzarse 1 698 1 237,	
indicado 1 698 1 231,	
habitual 1 698 1 1062,	
Si 6 698 6 229,650,670,701,865,1729,	
80 3 698 3 223,3581,4134,	
máxima 3 698 3 221,234,254,	
paciente 1 698 1 217,	
clínica 3 698 3 215,1463,2866,	
respuesta 3 698 3 214,2877,3295,	
según 2 698 2 212,1895,	
ajustada 1 698 1 210,	
diaria 5 698 5 207,1079,3211,3254,3276,	
Período 1 698 1 4164,	
alimentos 6 698 6 204,356,1548,3343,3391,3402,	
Palpitaciones 1 698 1 2033,	
administrada 1 698 1 202,	
día 10 698 10 201,228,243,320,1072,1248,1487,3208,3586,3903,	
veces 10 698 10 199,226,318,965,1070,1246,1485,3206,3584,3901,	
Biotransformación 1 698 1 3501,	
40 4 698 4 196,1241,2687,3579,	
manía 6 698 6 192,1821,1858,2249,2408,3072,	
agudo 3 698 3 185,467,3132,	
recaptación 1 698 1 2838,	
recomendada 2 698 2 181,235,	
carácter 2 698 2 585,2279,	
dosis 33 698 33 180,206,220,233,253,283,306,313,326,377,408,432,583,879,1061,1473,1480,1516,1623,1854,1866,2286,2684,3209,3338,3366,3407,3429,3461,3554,3576,4037,4070,	
La 20 698 20 179,205,1060,1835,2364,2523,2531,2581,2919,3067,3159,3175,3360,3438,3490,3504,3643,3738,4262,4330,	
Adultos 1 698 1 178,	
efecto 5 698 5 1126,1331,1531,3732,3964,	
administración 20 698 20 177,370,430,1239,1301,1325,1367,1453,1510,1682,2196,3335,3359,3427,3514,3597,3895,3941,4068,4161,	
forma 3 698 3 175,727,2536,	
Posología 1 698 1 173,	
4) 2 698 2 170,291,	
secciones 6 698 6 165,286,436,521,611,923,	
(véanse 2 698 2 163,284,	
índice 1 698 1 3037,	
QT 12 698 12 162,279,459,464,492,575,591,609,1120,1146,2229,2289,	
intervalo 17 698 17 161,278,458,463,491,590,608,703,1119,1145,1439,2288,2367,2555,3464,3528,3736,	
(etinil 1 698 1 1315,	
prolongar 1 698 1 159,	
levometadilo 2 698 2 506,1160,	
podría 2 698 2 158,1354,	
cuenta 3 698 3 155,1052,1183,	
debe 11 698 11 152,343,352,358,382,536,1048,1137,1734,1764,4149,	
médico 1 698 1 151,	
El 12 698 12 150,771,791,973,1384,1474,2674,3199,3480,3521,3534,3777,	
1) 2 698 2 149,1788,	
5 13 698 13 148,416,440,927,1091,1637,1787,2629,3328,3547,3976,4203,4279,	
anormal 1 698 1 2205,	
véase 1 698 1 145,	
­ 3 698 3 144,2641,3476,	
prevención 2 698 2 138,3321,	
establecido 3 698 3 136,260,3075,	
posteriormente 1 698 1 211,	
(no 1 698 1 133,	
bipolar 10 698 10 132,143,193,839,1822,1859,2250,2409,3066,3127,	
trastorno 6 698 6 131,142,838,1831,1999,3126,	
catalizada 1 698 1 3692,	
asociados 1 698 1 129,	
hinchazón 1 698 1 2141,	
moderada 5 698 5 128,2746,2760,3864,3927,	
gravedad 1 698 1 127,	
mixtos 1 698 1 125,	
anhidra 1 698 1 4110,	
o 21 698 21 124,388,449,518,678,868,880,994,1172,1320,1525,1774,1872,2586,2732,3133,3136,3194,3608,3812,3931,	
maníacos 1 698 1 123,	
episodios 2 698 2 122,140,	
escasa 4 698 4 1677,2530,2773,2940,	
esquizofrenia 10 698 10 114,188,298,1811,1847,2247,2295,2418,2933,3013,	
tratamiento 25 698 25 111,120,184,245,294,567,647,669,714,792,801,828,861,884,1475,1660,1731,1876,2420,2456,2869,2880,3200,3249,3297,	
indicada 3 698 3 108,117,375,	
está 9 698 9 107,116,230,374,564,1082,2804,4270,4286,	
inicio 2 698 2 3056,3146,	
trazados 3 698 3 2313,2328,2355,	
Ziprasidona 19 698 19 106,115,340,576,1749,2272,2650,2714,2742,2755,2769,2780,2816,3279,3567,3591,3614,3718,3760,	
terapéuticas 2 698 2 105,4071,	
Indicaciones 1 698 1 104,	
	4 1 698 1 102,	
vértigo 1 698 1 676,	
CLÍNICOS 1 698 1 101,	
DATOS 2 698 2 100,4093,	
4 31 698 31 99,166,169,171,287,290,437,438,442,522,523,525,527,528,572,594,612,615,717,924,1039,1065,1088,1090,1176,1580,1598,1738,1777,2520,4191,	
cereza 2 698 2 98,4113,	
sabor 1 698 1 96,	
opaco 1 698 1 94,	
deposiciones 1 698 1 2119,	
amarillo 1 698 1 93,	
ligeramente 1 698 1 92,	
blanco 1 698 1 90,	
color 1 698 1 89,	
acuosa 1 698 1 87,	
(12/975) 1 698 1 2352,	
Suspensión 1 698 1 86,	
	Suspensión 1 698 1 84,	
FARMACÉUTICA 1 698 1 83,	
FORMA 1 698 1 82,	
debidos 1 698 1 1450,	
3 13 698 13 81,167,288,443,613,2308,2375,3002,3085,3301,3532,3977,4163,	
6 14 698 14 79,1599,1798,3353,3475,3518,3519,4092,4142,4162,4190,4202,4305,4306,	
sección 2 698 2 78,147,	
mostraron 2 698 2 2410,2875,	
ver 1 698 1 77,	
excipientes 3 698 3 76,454,4099,	
completa 1 698 1 74,	
lista 1 698 1 73,	
Para 1 698 1 71,	
propilo 3 698 3 70,1026,4139,	
17 1 698 1 65,	
0 3 698 3 64,4275,4292,	
metilo 3 698 3 60,1022,4120,	
parahidroxibenzoato 4 698 4 58,68,1020,1024,	
36 1 698 1 55,	
Cada 2 698 2 51,61,	
Excipiente(s) 1 698 1 50,	
mg 16 698 16 47,56,66,197,224,316,1041,1089,1242,1483,2545,2688,3204,3369,3582,3899,	
equivalente 1 698 1 44,	
monohidrato 1 698 1 43,	
hidrocloruro 1 698 1 42,	
ziprasidona 76 698 76 41,49,157,271,448,569,598,649,738,762,790,814,886,914,1111,1129,1139,1188,1209,1244,1255,1274,1303,1328,1341,1383,1403,1415,1422,1504,1543,1566,1662,1684,1710,1728,1792,1878,2245,2271,2319,2360,2388,2439,2477,2528,2539,2628,2856,2894,2912,2948,2990,3047,3070,3091,3107,3202,3273,3318,3341,3382,3398,3409,3416,3496,3511,3538,3612,3639,3644,3678,3721,3807,3840,4015,	
contiene 5 698 5 40,53,63,1038,1838,	
	Cada 1 698 1 38,	
lengua 1 698 1 2114,	
CUANTITATIVA 1 698 1 37,	
Y 1 698 1 36,	
CUALITATIVA 1 698 1 35,	
COMPOSICIÓN 1 698 1 34,	
2 12 698 12 33,172,925,1085,2660,2795,3329,3953,4143,4177,4188,4268,	
	ZELDOX 1 698 1 28,	
MEDICAMENTO 2 698 2 27,2634,	
interrumpirse 1 698 1 1735,	
NOMBRE 1 698 1 25,	
1 13 698 13 24,54,80,103,2344,2350,2391,2636,3487,3488,3530,4096,4291,	
alcanzadas 1 698 1 4063,	
PRODUCTO 1 698 1 23,	
hiperreflexia 1 698 1 1594,	
DEL 3 698 3 22,26,4363,	
CARACTERISTICAS 1 698 1 21,	
LAS 1 698 1 20,	
ISRS 1 698 1 1577,	
DE 9 698 9 19,2632,4315,4318,4337,4340,4346,4350,4360,	
RESUMEN 1 698 1 18,	
ocasiones 1 698 1 2428,	
tuvo 2 698 2 1330,4072,	
información 1 698 1 15,	
Toda 1 698 1 13,	
cardiovascular 1 698 1 2613,	
medicamento 2 698 2 12,17,	
Basica 1 698 1 10,	
	Información 1 698 1 9,	
ml 13 698 13 8,39,52,62,1045,1068,4217,4248,4269,4277,4285,4293,4376,	
240 2 698 2 7,4219,	
Parque 1 698 1 4328,	
frasco 4 698 4 5,4187,4259,4373,	
conjuntivo 1 698 1 2150,	
oral 19 698 19 4,32,85,336,342,1017,1037,1795,3336,3411,3444,3515,3598,3896,3942,4147,4244,4266,4372,	
suspensión 10 698 10 3,31,341,351,1016,1036,3410,3443,4146,4371,	
mg/ml 5 698 5 2,30,1015,1035,4370,	
10 7 698 7 1,29,46,1014,1034,4358,4369,	
ZELDOX 2 698 2 0,4368,	
