	Prospectos 1 188 1 3525,	
TEXTO 1 188 1 3524,	
2002 1 188 1 3518,	
Octubre 1 188 1 3517,	
AUTORIZACION/REVALIDACION 1 188 1 3513,	
FECHA 2 188 2 3509,3520,	
Reg 2 188 2 3500,3507,	
Nº 2 188 2 3499,3506,	
NUMERO 1 188 1 3488,	
MADRID 1 188 1 3486,	
28036 1 188 1 3485,	
Inurria 1 188 1 3483,	
Mateo 1 188 1 3482,	
S 1 188 1 3480,	
LABORATORIOS 1 188 1 3478,	
AUTORIZACION 3 188 3 3474,3491,3516,	
uso/manipulación 1 188 1 3468,	
Instrucciones 1 188 1 3466,	
500 2 188 2 3446,3462,	
clínico 2 188 2 3444,3460,	
Envase 2 188 2 3443,3459,	
blister 2 188 2 3439,3455,	
estuche 2 188 2 3437,3453,	
PVC/Aluminio 1 188 1 3431,	
Blister 1 188 1 3429,	
recipiente 1 188 1 3428,	
contenido 1 188 1 3426,	
Naturaleza 1 188 1 3424,	
25ºC 1 188 1 3421,	
temperatura 1 188 1 3418,	
conservación 1 188 1 3414,	
Precauciones 1 188 1 3411,	
validez 1 188 1 3406,	
talco 1 188 1 3397,	
almidón 1 188 1 3393,	
Cada 1 188 1 3389,	
Relación 1 188 1 3386,	
	6 1 188 1 3384,	
FARMACÉUTICOS 1 188 1 3383,	
ósea 1 188 1 3378,	
médula 1 188 1 3377,	
formación 1 188 1 3372,	
mamífero 1 188 1 3361,	
aberraciones 1 188 1 3356,	
bacterias 1 188 1 3351,	
mamíferos 1 188 1 3349,	
estándar 1 188 1 3343,	
mutagénico 1 188 1 3340,	
genotóxico 1 188 1 3337,	
carcinogénico 1 188 1 3329,	
desconoce 1 188 1 3310,	
concurrentes 1 188 1 3308,	
observadas 1 188 1 3304,	
adyacentes 1 188 1 3298,	
invadieron 1 188 1 3295,	
metastatizaron 1 188 1 3293,	
supervivencia 1 188 1 3288,	
afectaron 1 188 1 3285,	
malignidad 1 188 1 3283,	
grado 1 188 1 3281,	
terapéutica 1 188 1 3263,	
alta 1 188 1 3234,	
tratadas 2 188 2 3229,3244,	
macho 3 188 3 3228,3277,3323,	
pancreáticas 3 188 3 3223,3274,3319,	
células 5 188 5 3221,3272,3317,3347,3359,	
tumores 3 188 3 3218,3270,3315,	
significativo 1 188 1 3213,	
estadísticamente 1 188 1 3212,	
observó 1 188 1 3209,	
1000 1 188 1 3201,	
600 1 188 1 3190,	
dieta 1 188 1 3183,	
hipoactividad 1 188 1 3175,	
respiración 1 188 1 3172,	
mg/kg 1 188 1 3162,	
8000 1 188 1 3161,	
ratones 2 188 2 3153,3185,	
letal 1 188 1 3149,	
identificado 1 188 1 3145,	
preclínicos 1 188 1 3139,	
comprometida 1 188 1 3123,	
directamente 1 188 1 3097,	
velocidad 1 188 1 3084,	
constante 1 188 1 3082,	
plasmático 2 188 2 3078,3091,	
aclaramiento 4 188 4 3077,3090,3094,3100,	
alteración 1 188 1 3069,	
ancianos 1 188 1 3064,	
voluntarios 1 188 1 3041,	
24 1 188 1 3039,	
estudió 1 188 1 3033,	
responsables 1 188 1 3026,	
mixtas 1 188 1 3025,	
oxidativas 1 188 1 3024,	
hepáticas 1 188 1 3023,	
enzimas 1 188 1 3022,	
dificultosa 1 188 1 3173,	
induce 1 188 1 3020,	
hombre 1 188 1 3017,	
metabolismo 2 188 2 3014,3028,	
hay 1 188 1 3011,	
únicamente 1 188 1 3006,	
elimina 2 188 2 3005,3105,	
20% 1 188 1 2994,	
(LCR) 1 188 1 2989,	
cefalorraquídeo 1 188 1 2988,	
líquido 1 188 1 2987,	
litros 1 188 1 2977,	
distribución 1 188 1 2972,	
volumen 1 188 1 2970,	
liga 1 188 1 2962,	
debajo 1 188 1 2952,	
están 1 188 1 2950,	
incrementos 1 188 1 2949,	
Posteriormente 1 188 1 2917,	
disponible 1 188 1 2916,	
NA 1 188 1 2913,	
determinado 1 188 1 2912,	
hr/mL) 1 188 1 2906,	
(µg 1 188 1 2905,	
(0-) 1 188 1 2904,	
AUC 2 188 2 2903,2941,	
ND 2 188 2 2902,2909,	
(12) 1 188 1 2899,	
t½ 1 188 1 2895,	
(18) 1 188 1 2891,	
(hr) 2 188 2 2888,2896,	
tmax 1 188 1 2887,	
(21) 1 188 1 2886,	
(24) 1 188 1 2883,	
02 1 188 1 2882,	
(µg/mL) 1 188 1 2880,	
Cmax 2 188 2 2879,2939,	
400-mg 1 188 1 2878,	
300-mg 1 188 1 2877,	
farmacocinético 1 188 1 2876,	
Parámetro 1 188 1 2875,	
(%RSD) 1 188 1 2865,	
medios 1 188 1 2864,	
parámetros 2 188 2 2855,2862,	
facilitan 1 188 1 2853,	
ó 1 188 1 2842,	
proporcionales 3 188 3 2834,2955,3098,	
indujo 2 188 2 3354,3370,	
Las 2 188 2 2828,3235,	
predictivas 1 188 1 2822,	
µg/ml 2 188 2 2810,2813,	
aguda 1 188 1 3167,	
estuvieron 1 188 1 2806,	
única 1 188 1 2799,	
Ninguna 2 188 2 3401,3469,	
datos 1 188 1 2796,	
repetida 1 188 1 2784,	
afectada 1 188 1 2780,	
resulta 1 188 1 2779,	
oscila 1 188 1 2768,	
independiente 1 188 1 2763,	
lineal 1 188 1 2754,	
plasma 2 188 2 2749,3107,	
describe 1 188 1 2743,	
mejor 1 188 1 2741,	
60% 1 188 1 2731,	
aproximadamente 2 188 2 2729,2992,	
2-3 1 188 1 2717,	
observan 1 188 1 2714,	
proporcional 1 188 1 2699,	
farmacocinéticas 1 188 1 2692,	
así 1 188 1 2679,	
inflamación 1 188 1 2675,	
analgésica 1 188 1 2668,	
Asimismo 1 188 1 2662,	
genéticos 1 188 1 2659,	
modelos 2 188 2 2658,2672,	
síntesis 1 188 1 2653,	
químicos 1 188 1 2647,	
convulsivantes 1 188 1 2646,	
impide 1 188 1 2638,	
e 1 188 1 2637,	
fácilmente 1 188 1 2633,	
importancia 1 188 1 2612,	
cerebro 2 188 2 2610,2636,	
regiones 1 188 1 2608,	
distintas 2 188 2 2607,2615,	
sódico 1 188 1 2604,	
áreas 1 188 1 2597,	
recambio 1 188 1 2592,	
aumenta 2 188 2 2590,2942,	
ratas 7 188 7 2589,3155,3196,3227,3243,3276,3322,	
monoamino 1 188 1 2580,	
liberación 1 188 1 2577,	
alcanzan 1 188 1 2570,	
µM 1 188 1 2566,	
100 1 188 1 2565,	
ensayo 1 188 1 2556,	
sistemas 1 188 1 2554,	
(NMDA) 1 188 1 2551,	
agonista 1 188 1 2547,	
parcialmente 1 188 1 2543,	
difiere 1 188 1 2535,	
consecuencia 1 188 1 2534,	
sodio 1 188 1 2529,	
interacciona 1 188 1 2524,	
N-metil-d-aspartato 1 188 1 2521,	
glicina 1 188 1 2519,	
GABAB 1 188 1 2516,	
300-4800 1 188 1 2926,	
comunes 1 188 1 2503,	
receptores 3 188 3 2499,2505,2512,	
clarificadas 1 188 1 2489,	
aún 2 188 2 2488,2626,	
puntos 1 188 1 2480,	
identificación 1 188 1 2475,	
sólo 1 188 1 3224,	
estructurales 1 188 1 2471,	
derivados 1 188 1 2470,	
actividad 2 188 2 2464,2667,	
hipocampo 1 188 1 2457,	
neocortex 1 188 1 2454,	
cerebrales 3 188 3 2449,2509,2598,	
tejidos 2 188 2 2448,3297,	
péptidos 1 188 1 2445,	
unión 2 188 2 2443,2482,	
lugar 1 188 1 2441,	
caracterizado 1 188 1 2438,	
radiomarcada 1 188 1 2436,	
vitro 6 188 6 2432,2531,2558,2583,3345,3364,	
in 8 188 8 2431,2530,2557,2571,2582,3344,3363,3366,	
profármacos 1 188 1 2426,	
micronúcleos 1 188 1 3374,	
agonistas 1 188 1 2422,	
recomendada 1 188 1 3265,	
recaptación 1 188 1 2419,	
transaminasa 1 188 1 2415,	
inhibidores 3 188 3 2411,2416,2650,	
benzodiazepinas 2 188 2 2410,2517,	
barbitúricos 1 188 1 2409,	
valproato 2 188 2 2408,2603,	
sinapsis 1 188 1 2403,	
interaccionan 1 188 1 2400,	
diferente 1 188 1 2394,	
acción 1 188 1 2392,	
mecanismo 1 188 1 2390,	
gamma-aminobutírico) 1 188 1 2387,	
(ácido 1 188 1 2386,	
GABA 9 188 9 2385,2405,2414,2421,2424,2428,2514,2594,2655,	
neurotransmisor 1 188 1 2384,	
estructuralmente 1 188 1 2381,	
relacionada 1 188 1 2380,	
farmacodinámicas 1 188 1 2377,	
conservar 1 188 1 3416,	
Propiedades 2 188 2 2376,2691,	
	5 1 188 1 2374,	
ESTE 1 188 1 2372,	
acciones 1 188 1 2616,	
DE 8 188 8 2371,3472,3475,3489,3492,3510,3514,3521,	
FARMACOLÓGICAS 1 188 1 2370,	
PROPIEDADES 1 188 1 2369,	
fallo 1 188 1 2361,	
normalmente 1 188 1 2354,	
basándose 1 188 1 2346,	
eliminarse 1 188 1 2343,	
minimizar 1 188 1 2334,	
sobredosificación 1 188 1 2330,	
limitar 1 188 1 2322,	
reducida 1 188 1 2314,	
sintomático 1 188 1 2312,	
mediante 1 188 1 2310,	
totalmente 1 188 1 2309,	
recuperaron 1 188 1 2308,	
Todos 1 188 1 2304,	
hablar 1 188 1 2298,	
dificultad 1 188 1 2296,	
vértigos 1 188 1 2293,	
incluye 1 188 1 2292,	
sintomatología 1 188 1 2288,	
LA 4 188 4 3473,3490,3511,3515,	
peligro 1 188 1 2286,	
vida 2 188 2 2284,2756,	
poner 1 188 1 2282,	
pudiera 1 188 1 2281,	
toxicidad 3 188 3 2279,2336,3166,	
g 1 188 1 2273,	
sobredosis 3 188 3 2267,2291,2339,	
Con 1 188 1 2266,	
primario 1 188 1 2262,	
considerado 1 188 1 2260,	
pudo 1 188 1 2258,	
múltiples 1 188 1 2252,	
ligeramente 1 188 1 2575,	
participantes 1 188 1 2250,	
250 1 188 1 3200,	
Casi 1 188 1 2247,	
0%) 2 188 2 2242,2246,	
4%) 1 188 1 2239,	
6%) 2 188 2 2228,2233,	
fatiga 1 188 1 2226,	
8%) 1 188 1 2225,	
ataxia 2 188 2 2223,3171,	
2%) 1 188 1 2222,	
abandono 1 188 1 2214,	
asociaron 1 188 1 2211,	
debido 1 188 1 2200,	
abandonaron 1 188 1 2197,	
autorización 1 188 1 2196,	
anteriores 1 188 1 2193,	
espasticidad 1 188 1 2183,	
292 1 188 1 2174,	
8% 1 188 1 2171,	
adolescentes 1 188 1 2168,	
letargia 1 188 1 2300,	
acontecimiento 1 188 1 2203,	
7% 1 188 1 2162,	
Aproximadamente 1 188 1 2160,	
Abandono 1 188 1 2154,	
hepática 1 188 1 2153,	
pruebas 1 188 1 2150,	
elevación 1 188 1 2147,	
sanguínea 1 188 1 2142,	
glucosa 1 188 1 2141,	
fluctuaciones 1 188 1 2138,	
Stevens-Johnson 1 188 1 2137,	
síndrome 1 188 1 2135,	
multiforme 1 188 1 2134,	
eritema 1 188 1 2133,	
pancreatitis 1 188 1 2132,	
raras 1 188 1 2128,	
comercialización 1 188 1 2120,	
experiencia 2 188 2 2117,2349,	
Adicionalmente 1 188 1 2111,	
causal 1 188 1 2105,	
relación 1 188 1 2104,	
inexplicadas 1 188 1 2095,	
súbitas 1 188 1 2094,	
comunicado 2 188 2 2092,2125,	
farmacovigilancia 1 188 1 2089,	
Datos 2 188 2 2087,3138,	
utilizó 1 188 1 2084,	
perfil 1 188 1 2065,	
Acontecimientos 1 188 1 2055,	
pseudo-difteria 1 188 1 2054,	
aura 1 188 1 2051,	
desaparición 1 188 1 2049,	
moniliasis 1 188 1 2045,	
anteriormente 1 188 1 2031,	
administración) 2 188 2 2012,3135,	
(ver 2 188 2 2005,3128,	
jóvenes 1 188 1 1993,	
individuos 1 188 1 1991,	
clase 1 188 1 1986,	
son 9 188 9 1982,2042,2792,2821,2833,2990,3055,3096,3248,	
recibido 1 188 1 1973,	
nueve 1 188 1 1966,	
Cincuenta 1 188 1 1964,	
trastorno 1 188 1 1962,	
descrita 1 188 1 1958,	
visión 2 188 2 1956,2294,	
urinario 1 188 1 1953,	
urogenital 1 188 1 1949,	
neumonía 1 188 1 1947,	
realizado 1 188 1 2920,	
hostilidad 2 188 2 1944,2244,	
ansiedad 1 188 1 1942,	
parestesias 1 188 1 1941,	
reflejos 1 188 1 1940,	
ausencia 1 188 1 1938,	
disminución 1 188 1 1936,	
aumento 2 188 2 1935,3211,	
hiperquinesia 2 188 2 1934,2240,	
artralgia 1 188 1 1930,	
musculoesquelético 1 188 1 1929,	
traumatismos 1 188 1 1926,	
resultantes 1 188 1 1924,	
cardenales 1 188 1 1923,	
descritos 1 188 1 1919,	
linfático 1 188 1 1917,	
Sistemas 1 188 1 1914,	
gingivitis 1 188 1 1913,	
flatulencia 1 188 1 1911,	
digestivo 2 188 2 1910,2044,	
hipertensión 1 188 1 1908,	
facial 1 188 1 1905,	
edema 1 188 1 1904,	
malestar 1 188 1 1903,	
65 1 188 1 1970,	
astenia 1 188 1 1902,	
visual 1 188 1 1963,	
anterior 2 188 2 1898,2350,	
sección 1 188 1 1897,	
describen 1 188 1 1894,	
adicional 1 188 1 1883,	
recibieron 3 188 3 1879,2187,3157,	
efectos 2 188 2 1865,2621,	
resumen 1 188 1 1863,	
continuación 1 188 1 1861,	
A 3 188 3 1860,2515,3481,	
otitis 1 188 1 1849,	
tos 1 188 1 1847,	
diarrea 2 188 2 1845,2303,	
rinitis 1 188 1 1843,	
tracto 2 188 2 1837,1952,	
faringitis 1 188 1 1834,	
incluyeron 2 188 2 1833,3170,	
superior 3 188 3 1828,1839,3419,	
correspondientes 1 188 1 2997,	
Otros 2 188 2 1810,1851,	
farmacológico 1 188 1 1805,	
respiratoria 1 188 1 1796,	
Bronquitis 1 188 1 1790,	
respiratorio 4 188 4 1789,1838,1946,2053,	
Hiperquinesia 1 188 1 1783,	
Vértigo 1 188 1 1778,	
Hostilidad 1 188 1 1767,	
Vómitos 1 188 1 1755,	
Náuseas 1 188 1 1753,	
Organismo 2 188 2 1726,1899,	
128 1 188 1 1725,	
119 1 188 1 1722,	
= 4 188 4 1721,1724,2910,2914,	
N 2 188 2 1720,1723,	
Evento 1 188 1 1718,	
corporal/ 1 188 1 1717,	
Sistema 10 188 10 1716,1760,1788,1906,1928,1931,1948,2043,2047,2052,	
placebo) 1 188 1 1715,	
grupo 2 188 2 1714,1831,	
frecuentes 1 188 1 1710,	
numéricamente 1 188 1 1708,	
Incompatibilidades 1 188 1 3400,	
2% 2 188 2 1700,1818,	
(acontecimientos 1 188 1 1695,	
N-metil-D-aspartato 1 188 1 2550,	
fiebre 1 188 1 1663,	
infección 3 188 3 1661,1835,1950,	
acinares 3 188 3 3222,3273,3318,	
frecuencia 2 188 2 1653,1825,	
igual 3 188 3 1652,1826,2973,	
comúnmente 1 188 1 1631,	
neurotransmisores 2 188 2 2508,2581,	
físicos 1 188 1 1927,	
borrosa 1 188 1 1626,	
Visión 1 188 1 1625,	
C 1 188 1 1624,	
base 2 188 2 1623,1807,	
farmacológica 1 188 1 1620,	
Más 2 188 2 1618,1802,	
Digestivo 1 188 1 1752,	
COSTART 1 188 1 1616,	
preferencial 1 188 1 1614,	
Término 1 188 1 1613,	
glutamato 2 188 2 2518,2549,	
anormal 2 188 2 1603,1957,	
Coordinación 1 188 1 1602,	
Leucopenia 1 188 1 1601,	
Fractura 1 188 1 1590,	
Acné 1 188 1 1586,	
anorexia 2 188 2 1846,1912,	
Insomnio 1 188 1 1582,	
leucocitario 1 188 1 1575,	
rto 1 188 1 1574,	
establecida 1 188 1 2627,	
Disminución 1 188 1 1572,	
Prurito 1 188 1 1565,	
0 6 188 6 1562,1745,1759,1786,1793,1799,	
Abrasión 1 188 1 1558,	
Punzadas 1 188 1 1551,	
vírica 3 188 3 1546,1662,1730,	
Infección 3 188 3 1545,1729,1795,	
Diarrea 1 188 1 1541,	
Eritema 1 188 1 1534,	
dentales 1 188 1 1527,	
REVISION 1 188 1 3522,	
Anormalidades 1 188 1 1526,	
Impotencia 1 188 1 1525,	
Estreñimiento 1 188 1 1518,	
periférico 1 188 1 1507,	
Edema 1 188 1 1506,	
vivo 2 188 2 2572,3367,	
garganta 1 188 1 1499,	
Sequedad 1 188 1 1495,	
anormales 1 188 1 1488,	
Pensamientos 1 188 1 1487,	
Depresión 1 188 1 1480,	
espalda 1 188 1 1476,	
9 8 188 8 1471,1489,1500,1508,1515,1732,2264,3508,	
abdominal 1 188 1 1467,	
Tos 1 188 1 1465,	
11 1 188 1 1459,	
Mialgia 1 188 1 1458,	
absoluta 1 188 1 2721,	
Amnesia 1 188 1 1457,	
5) 8 188 8 1456,1505,1513,1521,1530,1537,1557,1581,	
Dispepsia 1 188 1 1450,	
Nerviosismo 1 188 1 1449,	
4) 2 188 2 1448,1473,	
6) 2 188 2 1443,1540,	
9) 2 188 2 1440,1464,	
(2 5 188 5 1439,1447,1452,1460,1472,	
2074 1 188 1 2165,	
16 1 188 1 1438,	
7) 5 188 5 1434,1491,1502,1510,1517,	
14 1 188 1 1432,	
22 1 188 1 1429,	
Rinitis 1 188 1 1428,	
COMERCIALIZACION 2 188 2 3476,3493,	
(4 2 188 2 1423,1430,	
23 1 188 1 1422,	
Diplopía 1 188 1 1420,	
(7 1 188 1 1418,	
27 1 188 1 1417,	
33 1 188 1 1414,	
vómitos 3 188 3 1413,1666,2231,	
Nauseas 1 188 1 1411,	
2) 3 188 3 1410,1424,1453,	
8) 7 188 7 1407,1470,1479,1483,1486,1524,1596,	
(6 2 188 2 1406,1415,	
37 1 188 1 1405,	
Temblor 1 188 1 1404,	
(8 1 188 1 1402,	
44 1 188 1 1401,	
cabeza 2 188 2 1400,1842,	
(5 1 188 1 1395,	
penetra 1 188 1 2632,	
19 1 188 1 1394,	
Tras 1 188 1 2703,	
0) 4 188 4 1393,1396,1461,1564,	
(11 1 188 1 1392,	
Fatiga 2 188 2 1390,1747,	
Ataxia 1 188 1 1389,	
Vértigos 1 188 1 1388,	
Somnolencia 2 188 2 1387,1762,	
Placebob 1 188 1 1386,	
(AA) 1 188 1 1384,	
adverso 3 188 3 1382,1719,2204,	
Acontecimiento 1 188 1 1381,	
pacientes] 1 188 1 1380,	
(%) 2 188 2 1378,2908,	
[número 1 188 1 1377,	
> 1 188 1 1360,	
porcentaje 1 188 1 1359,	
Resumen 2 188 2 1350,2859,	
MINISTERIO 1 188 1 1347,	
Sentidos 1 188 1 1954,	
moderados 1 188 1 1346,	
considerados 1 188 1 1340,	
placebo 5 188 5 1319,1327,1376,1659,1832,	
comparaban 1 188 1 1316,	
transcurso 1 188 1 1309,	
1% 3 188 3 1300,1361,1873,	
presentaron 4 188 4 1295,1651,1814,1868,	
observaron 1 188 1 1288,	
signos 3 188 3 1283,1353,3164,	
relaciona 1 188 1 1281,	
siguiente 1 188 1 1280,	
tabla 1 188 1 1279,	
Incidencia 2 188 2 1272,1671,	
media 2 188 2 1850,2757,	
adversos 10 188 10 1271,1338,1629,1674,1853,1977,2015,2056,2068,2159,	
caso 2 188 2 1266,2328,	
fármaco(s) 1 188 1 1263,	
eliminación 3 188 3 2745,2759,3086,	
frecuentemente 4 188 4 1251,1921,1960,2209,	
administró 2 188 2 1250,3179,	
Debido 1 188 1 1245,	
participaron 1 188 1 1240,	
543 1 188 1 1238,	
une 1 188 1 2496,	
éstos 1 188 1 1237,	
De 1 188 1 1236,	
tolerado 1 188 1 1235,	
evaluado 1 188 1 1218,	
Reacciones 1 188 1 1214,	
manejen 1 188 1 1210,	
(47) 1 188 1 2894,	
conduzcan 1 188 1 1208,	
potencialmente 1 188 1 1202,	
moderadas 1 188 1 1199,	
leves 2 188 2 1197,1344,	
parte 2 188 2 1196,2114,	
adversas 2 188 2 1193,1215,	
leve 1 188 1 2302,	
reacciones 1 188 1 1192,	
similares 2 188 2 3056,3301,	
Estas 1 188 1 1191,	
acontecimientos 11 188 11 1270,1337,1628,1673,1811,1852,1976,2014,2067,2158,2206,	
síntomas 4 188 4 1189,1285,1355,2253,	
u 1 188 1 1187,	
somnolencia 5 188 5 1185,1668,2220,2237,2299,	
producir 1 188 1 1184,	
central 1 188 1 1181,	
nervioso 4 188 4 1180,1761,1932,2048,	
sistema 1 188 1 1179,	
actúa 1 188 1 1176,	
Como 2 188 2 1171,2740,	
maquinaria 2 188 2 1170,1211,	
utilizar 1 188 1 1169,	
conducir 1 188 1 1167,	
capacidad 1 188 1 1165,	
Efectos 1 188 1 1162,	
bebé 1 188 1 1159,	
riesgos 1 188 1 1156,	
potenciales 1 188 1 1155,	
claramente 1 188 1 1153,	
superan 1 188 1 1152,	
madre 1 188 1 1151,	
precaución 1 188 1 1138,	
hámsters 1 188 1 3380,	
administrar 1 188 1 1136,	
lactantes 1 188 1 1130,	
posible 2 188 2 1126,1260,	
desconocer 1 188 1 1124,	
materna 1 188 1 1122,	
leche 1 188 1 1121,	
excreta 1 188 1 1118,	
feto 1 188 1 1115,	
riesgo 2 188 2 1111,3328,	
paciente 1 188 1 1108,	
beneficio 1 188 1 1105,	
potencial 3 188 3 1104,1112,3336,	
utilizará 2 188 2 1095,1142,	
fármaco 3 188 3 1092,2326,3240,	
humanos 3 188 3 1090,3257,3332,	
seres 2 188 2 1089,3331,	
afectan 1 188 1 2735,	
predictivos 1 188 1 1084,	
4-12 1 188 1 3044,	
animales 5 188 5 1083,2630,2673,3169,3291,	
embarazadas 1 188 1 1073,	
mujeres 1 188 1 1072,	
hematológico 1 188 1 1915,	
realizados 3 188 3 1070,1314,2036,	
adecuados 1 188 1 1066,	
existen 1 188 1 1064,	
Fiebre 2 188 2 1547,1735,	
obstante 4 188 4 1062,2357,2473,2947,	
controles 2 188 2 1060,3307,	
comparación 1 188 1 1057,	
malformaciones 1 188 1 1055,	
incidencia 2 188 2 1053,3216,	
revelaron 1 188 1 1049,	
Ae% 1 188 1 2907,	
humana 1 188 1 1047,	
25 1 188 1 1043,	
respectivamente 1 188 1 1037,	
conejo 1 188 1 1034,	
ratón 1 188 1 1031,	
reproducción 2 188 2 1029,1081,	
embarazo 2 188 2 1025,1098,	
Nistagmus 1 188 1 1397,	
seguridad 4 188 4 1022,1220,2825,3141,	
establecido 2 188 2 1020,2102,	
lactancia 3 188 3 1016,1133,1145,	
Embarazo 1 188 1 1014,	
añadió 2 188 2 1007,1324,	
SG® 1 188 1 1004,	
rata 2 188 2 1032,2451,	
N-Multistick 1 188 1 1003,	
Ames 1 188 1 1002,	
reactivas 1 188 1 1000,	
tiras 1 188 1 999,	
test 1 188 1 997,	
2000 4 188 4 1226,3192,3203,3246,	
observados 6 188 6 994,1356,1632,1854,2016,2057,	
positivos 1 188 1 993,	
falsos 1 188 1 992,	
Esto 1 188 1 988,	
sulfosalicílico 1 188 1 987,	
13 1 188 1 1446,	
precipitación 1 188 1 984,	
específico 1 188 1 982,	
boca 1 188 1 1497,	
método 1 188 1 980,	
orina 1 188 1 978,	
generalmente 2 188 2 1341,2807,	
proteínas 2 188 2 976,2965,	
determinar 2 188 2 974,1261,	
clínica 1 188 1 970,	
relevancia 2 188 2 969,3312,	
cimetidina 1 188 1 963,	
aparecen 1 188 1 1676,	
administra 2 188 2 960,3260,	
ligera 1 188 1 950,	
lado 1 188 1 945,	
probenecid 1 188 1 942,	
altera 1 188 1 937,	
excreción 3 188 3 931,954,3008,	
deberá 1 188 1 1135,	
24% 1 188 1 917,	
antiácidos 2 188 2 909,929,	
componentes 1 188 1 903,	
influye 1 188 1 893,	
estradiol 1 188 1 891,	
etinil 1 188 1 890,	
noretindrona 1 188 1 888,	
Faringitis 1 188 1 1444,	
contengan 1 188 1 887,	
orales 1 188 1 885,	
anticonceptivos 1 188 1 884,	
coadministración 2 188 2 880,905,	
reciben 1 188 1 876,	
epilepsia 3 188 3 874,2182,2981,	
observada 1 188 1 870,	
sanos 2 188 2 867,3042,	
sujetos 2 188 2 866,1227,	
similar 3 188 3 864,2076,2601,	
farmacocinética 6 188 6 856,896,2737,2753,2775,3035,	
fenobarbital 1 188 1 854,	
reduce 4 188 4 910,2542,2574,3075,	
carbamazepina 2 188 2 852,2539,	
valproico 1 188 1 851,	
ácido 2 188 2 850,986,	
fenitoína 2 188 2 849,2537,	
observado 4 188 4 844,948,2277,2933,	
formas 1 188 1 838,	
medicamentos 2 188 2 835,3527,	
Interacción 1 188 1 831,	
5 12 188 12 830,1492,1780,1785,1798,2368,2689,2770,2884,2897,3136,3423,	
considera 1 188 1 821,	
general 4 188 4 818,1728,1901,3047,	
Gabapentina 13 188 13 816,1116,1139,2378,2490,2522,2573,2959,3003,3018,3103,3333,3352,	
anticonvulsivante 2 188 2 805,2465,	
Por 1 188 1 943,	
sustitución 1 188 1 801,	
preciso 1 188 1 791,	
sea 1 188 1 790,	
Cuando 1 188 1 789,	
Labilidad 2 188 2 1607,1772,	
epilepticus 1 188 1 788,	
status 1 188 1 787,	
precipitar 1 188 1 785,	
epilépticos 2 188 2 783,1877,	
anticonvulsivantes 4 188 4 780,1011,1174,2622,	
fármacos 6 188 6 779,877,1256,2398,2502,3031,	
brusca 1 188 1 776,	
rebote 1 188 1 771,	
(1 32 188 32 1426,1442,1463,1469,1478,1482,1485,1490,1493,1501,1509,1516,1520,1529,1536,1539,1543,1549,1553,1560,1570,1577,1584,1588,1592,1599,1605,1610,2221,2238,2241,2245,	
posibles 1 188 1 768,	
evidencia 2 188 2 766,3012,	
existe 1 188 1 765,	
Aunque 3 188 3 763,2340,2800,	
conteniendo 2 188 2 3440,3456,	
especiales 3 188 3 760,1955,3412,	
precauciones 1 188 1 759,	
Advertencias 1 188 1 757,	
convulsiones 2 188 2 1844,2640,	
hipersensibilidad 1 188 1 747,	
demostrado 2 188 2 746,2665,	
contraindicada 1 188 1 741,	
Contraindicaciones 1 188 1 738,	
después 2 188 2 729,924,	
200 2 188 2 725,3189,	
posteriormente 1 188 1 720,	
seguida 2 188 2 719,1332,	
tratados 5 188 5 716,1365,1657,1704,2023,	
hayan 2 188 2 713,745,	
carga 1 188 1 699,	
Tabla 1 188 1 2850,	
alternos 1 188 1 690,	
Deben 1 188 1 684,	
dividida 1 188 1 677,	
< 1 188 1 668,	
29 1 188 1 667,	
15 2 188 2 665,669,	
49 2 188 2 664,2272,	
79 1 188 1 661,	
­ 3 188 3 660,663,666,	
maíz 1 188 1 3395,	
50 3 188 3 659,1040,2885,	
beneficios 1 188 1 1148,	
- 1 188 1 656,	
80 1 188 1 654,	
(ml/min) 1 188 1 653,	
57 1 188 1 2975,	
Aclaramiento 1 188 1 650,	
Sobredosis 1 188 1 2265,	
Función 1 188 1 648,	
(mg/día) 1 188 1 647,	
total 2 188 2 646,674,	
diaria 2 188 2 645,673,	
Rangoa 1 188 1 641,	
Dosificación 1 188 1 628,	
1) 14 188 14 625,1403,1416,1419,1427,1431,1571,1578,1585,1589,1593,1600,1606,1611,	
TABLA 5 188 5 624,626,1348,1669,2857,	
(Ver 1 188 1 623,	
superiores 3 188 3 2320,2563,3251,	
deterioro 2 188 2 618,636,	
diabéticos 1 188 1 2145,	
avanzada 1 188 1 616,	
edad 1 188 1 615,	
reducción 2 188 2 793,951,	
hemodiálisis 8 188 8 609,693,710,735,2345,2367,3109,3127,	
sometidos 3 188 3 607,708,3125,	
Confusión 1 188 1 1514,	
realizar 1 188 1 593,	
recomienda 5 188 5 592,695,919,972,3111,	
alterada 3 188 3 590,605,2004,	
lactosa 1 188 1 3392,	
renal 13 188 13 589,604,622,640,649,932,955,2003,2362,3009,3073,3095,3122,	
Pacientes 2 188 2 585,691,	
semanas 1 188 1 584,	
8 14 188 14 583,1213,1519,1528,1535,1746,1756,1763,1787,1794,1800,2846,2873,3487,	
7 15 188 15 581,1161,1462,1484,1542,1548,1552,1559,1758,1766,1768,2772,2890,2976,3470,	
duración 1 188 1 578,	
estudios 14 188 14 574,1027,1065,1079,1322,1373,1688,1888,2071,2080,2191,2430,2816,2921,	
demostrada 1 188 1 571,	
cromosómicas 1 188 1 3357,	
sido 3 188 3 570,714,2625,	
ausencias 1 188 1 828,	
eficacia 2 188 2 566,2827,	
repartidos 1 188 1 557,	
máxima 3 188 3 553,579,3264,	
respuesta 3 188 3 549,1087,2545,	
Vasodilatación 1 188 1 1597,	
función 10 188 10 546,588,603,621,639,2002,2152,2477,3072,3121,	
necesarios 1 188 1 544,	
casos 3 188 3 543,1101,2130,	
titulándola 1 188 1 541,	
tomas 1 188 1 538,	
(repartida 1 188 1 535,	
posológicas 1 188 1 517,	
recomendaciones 1 188 1 516,	
respecto 1 188 1 513,	
suficiente 1 188 1 511,	
dispone 1 188 1 509,	
60 2 188 2 505,1391,	
han 7 188 7 501,1972,2091,2124,2437,2485,2919,	
canales 1 188 1 2527,	
número 1 188 1 497,	
pequeño 1 188 1 496,	
plazo 1 188 1 493,	
estudio 2 188 2 490,2216,	
farmacocinéticos 3 188 3 2856,2863,2922,	
toleradas 1 188 1 487,	
40-50 1 188 1 483,	
20 2 188 2 469,2812,	
10 8 188 8 464,1468,1477,1481,1731,1736,3249,3519,	
aumentos 1 188 1 1050,	
días 2 188 2 458,689,	
durante 7 188 7 456,1023,1096,1131,1143,1289,3205,	
titulación 1 188 1 455,	
realizarse 1 188 1 453,	
emocional 2 188 2 1608,1773,	
día) 3 188 3 451,540,564,	
electroshock 1 188 1 2642,	
(3 4 188 4 448,561,1409,1433,	
repartida 1 188 1 444,	
mg/kg/día 9 188 9 443,465,470,476,484,506,3193,3204,3247,	
30 5 188 5 442,475,662,1041,3484,	
interacción 2 188 2 840,845,	
3-12 2 188 2 434,1646,	
Niños 1 188 1 432,	
mg/día 4 188 4 431,534,556,3268,	
diagnosticados 1 188 1 427,	
usual 1 188 1 420,	
horas 7 188 7 416,733,923,2718,2773,2847,2874,	
superar 1 188 1 413,	
pauta 1 188 1 405,	
creatinina 2 188 2 652,3102,	
máximo 2 188 2 398,2643,	
intervalo 1 188 1 397,	
El 2 188 2 396,2064,	
Ambliopíac 1 188 1 1421,	
ves 1 188 1 393,	
2400 1 188 1 376,	
1800 1 188 1 366,	
ESQUEMA 1 188 1 349,	
mantenimiento 2 188 2 347,630,	
retirada 2 188 2 775,797,	
Dosis 2 188 2 345,480,	
equitativas 1 188 1 344,	
dividido 1 188 1 340,	
comunicados 3 188 3 1978,1989,2030,	
incrementarse 1 188 1 334,	
1200 2 188 2 323,358,	
DÍA 3 188 3 309,311,313,	
DOSIS 2 188 2 308,348,	
Titulación 1 188 1 306,	
aproximaciones 1 188 1 305,	
siguientes 1 188 1 304,	
utilizando 2 188 2 300,3346,	
Gabapentinab 1 188 1 1385,	
Día 4 188 4 297,467,472,478,	
administrando 2 188 2 288,463,	
alcanzarse 1 188 1 287,	
asoció 1 188 1 1268,	
inicial 4 188 4 278,307,419,530,	
náuseas 2 188 2 1664,2229,	
La 23 188 23 276,331,417,436,528,565,671,855,879,904,930,1278,1994,2287,2313,2540,2584,2611,2693,2719,2755,2774,3081,	
día 11 188 11 275,284,294,339,357,365,375,385,395,410,682,	
veces 12 188 12 273,292,355,363,373,383,408,449,562,680,1044,3250,	
b 2 188 2 683,1617,	
tres 11 188 11 272,291,342,354,362,372,382,392,407,537,679,	
Se 11 188 11 591,694,918,971,1216,2090,3032,3110,3178,3208,3309,	
3600 6 188 6 270,336,386,555,657,3267,	
900 7 188 7 268,281,315,350,430,533,655,	
eficaz 4 188 4 265,438,462,822,	
dosis 38 188 38 264,277,332,343,402,418,437,447,461,503,529,552,560,598,644,672,697,723,796,1036,1046,1995,2319,2702,2766,2798,2837,2839,2924,2945,2958,3116,3147,3158,3187,3198,3232,3262,	
rango 1 188 1 262,	
Adultos 1 188 1 256,	
semana 2 188 2 254,815,	
Disartria 1 188 1 1445,	
mínimo 2 188 2 251,812,	
gradualmente 2 188 2 247,808,	
hacerse 2 188 2 246,807,	
alternativa 1 188 1 243,	
antiepiléptica 3 188 3 242,1331,1621,	
apetito 1 188 1 1568,	
medicación 2 188 2 241,804,	
TITULAR 1 188 1 3471,	
tuvieron 1 188 1 2251,	
añadir 1 188 1 237,	
y/o 6 188 6 236,889,1412,1665,1754,2230,	
interrumpirse 1 188 1 231,	
Al 3 188 3 230,1074,1123,	
optimizar 1 188 1 227,	
plasmáticas 9 188 9 223,2709,2788,2803,2830,2966,2999,3050,3237,	
concentraciones 13 188 13 222,2492,2562,2708,2787,2802,2819,2829,2983,2998,3049,3236,3254,	
predecibles 1 188 1 2793,	
monitorizar 1 188 1 220,	
necesario 2 188 2 219,2355,	
No 13 188 13 217,507,841,1017,1061,2356,2472,2911,2915,3010,3142,3338,3415,	
absorción 3 188 3 216,2315,2324,	
modifican 1 188 1 214,	
Período 1 188 1 3404,	
alimentos 2 188 2 212,2733,	
Aparato 2 188 2 1909,1945,	
oral 4 188 4 210,2046,2706,3148,	
vía 1 188 1 209,	
administran 1 188 1 207,	
comprimidos 1 188 1 203,	
Los 12 188 12 202,211,1026,1336,1627,1975,2013,2205,2429,2732,3163,3269,	
efecto 1 188 1 1127,	
x 3 188 3 369,379,389,	
administración 7 188 7 201,927,940,2585,2705,2783,2871,	
forma 4 188 4 199,2010,2600,3133,	
Posología 3 188 3 197,2008,3131,	
neuropático 3 188 3 194,2678,2688,	
dolor 4 188 4 193,1840,2677,2687,	
tratamiento 11 188 11 191,233,239,799,825,1291,1679,1804,2108,2156,2311,	
indicada 2 188 2 188,2365,	
está 3 188 3 187,740,2379,	
Neuropático 2 188 2 185,527,	
púrpura 1 188 1 1918,	
administrado 1 188 1 502,	
Dolor 5 188 5 184,526,1398,1466,1474,	
controlados 8 188 8 183,1069,1244,1277,1313,1374,1689,2072,	
clínicos 13 188 13 182,260,575,1243,1276,1859,1889,2020,2035,2061,2192,2683,2817,	
ensayos 12 188 12 181,259,1242,1275,1312,1858,2019,2034,2060,2199,2682,3342,	
adecuada 1 188 1 177,	
peligrosas 1 188 1 1203,	
disponga 1 188 1 174,	
ajuste 2 188 2 595,3113,	
combinado 1 188 1 166,	
Aumento 3 188 3 1435,1566,1740,	
administrarse 3 188 3 165,676,685,	
debe 7 188 7 164,245,412,675,806,990,1996,	
menores 2 188 2 159,522,	
En 9 188 9 157,257,494,1320,2628,2848,2978,3046,3062,	
pico 2 188 2 2710,3238,	
simples 1 188 1 156,	
cuadros 1 188 1 155,	
excluyendo 1 188 1 153,	
secundaria 1 188 1 152,	
generalización 1 188 1 151,	
complejas 1 188 1 148,	
peso 2 188 2 1437,1742,	
antiepilépticos 7 188 7 144,169,878,1257,1642,1694,1809,	
muertes 1 188 1 2093,	
combinación 5 188 5 141,1253,1639,1691,2086,	
partir 2 188 2 136,179,	
3) 6 188 6 1494,1533,1544,1550,1554,1561,	
utilizarse 1 188 1 132,	
Puede 2 188 2 131,452,	
diagnóstico 1 188 1 130,	
(0 12 188 12 1455,1504,1512,1523,1532,1556,1563,1580,1595,2224,2227,2232,	
nuevo 2 188 2 129,2440,	
pacientes 27 188 27 125,425,600,613,707,743,782,872,1206,1229,1239,1303,1335,1364,1656,1703,1876,1967,1981,1999,2144,2306,2359,2685,2979,3063,3118,	
doble 1 188 1 2295,	
incluyendo 5 188 5 123,2406,2452,2510,2648,	
años 12 188 12 122,139,162,435,525,1647,1686,1971,2180,3045,3207,3408,	
12 8 188 8 121,161,415,524,1408,1451,1685,2179,	
mayores 2 188 2 119,1968,	
niños 13 188 13 118,134,158,499,521,1644,1681,1821,2022,2175,2236,3040,3054,	
adultos 6 188 6 116,634,2038,2166,2218,3061,	
PRIMERA 1 188 1 3512,	
generalizadas 1 188 1 114,	
secundariamente 1 188 1 113,	
ajustarse 1 188 1 1997,	
parciales 4 188 4 109,112,147,1306,	
crisis 7 188 7 108,111,127,146,769,1305,2661,	
excitación 1 188 1 3177,	
combinada 3 188 3 106,1370,2041,	
justifique 1 188 1 1109,	
biodisponibilidad 3 188 3 912,2694,2720,	
recién 1 188 1 426,	
terapia 7 188 7 105,229,1330,1369,1619,1882,2040,	
equilibrio 5 188 5 862,900,2791,2868,3002,	
o 21 188 21 104,110,149,299,606,750,800,853,1198,1209,1326,1498,1827,1937,2184,2504,2520,2826,3124,3176,3350,	
monoterapia 4 188 4 103,519,2063,2074,	
indicado 1 188 1 101,	
antiepiléptico 1 188 1 100,	
Epilepsia 2 188 2 96,255,	
terapéuticas 3 188 3 95,2493,3255,	
Indicaciones 1 188 1 94,	
	4 1 188 1 92,	
vértigo 2 188 2 1186,1933,	
CLÍNICOS 1 188 1 91,	
DATOS 2 188 2 90,3382,	
4 25 188 25 89,195,732,736,755,756,829,1012,1160,1212,1425,1744,1749,1757,1764,1765,1774,1792,2006,2263,2851,2858,2881,3129,3410,	
naranja 1 188 1 88,	
amarillo 1 188 1 78,	
color 2 188 2 77,87,	
dura 2 188 2 75,85,	
gelatina 2 188 2 74,84,	
Cápsulas 5 188 5 68,69,72,79,82,	
FARMACÉUTICA 1 188 1 66,	
FORMA 1 188 1 65,	
3 21 188 21 64,138,314,388,457,479,737,1522,1594,1670,1683,1733,1738,1743,1748,1771,1791,2177,3137,3403,3407,	
6 24 188 24 62,1013,1441,1538,1569,1576,1583,1587,1591,1598,1604,1609,1751,1769,1777,1782,2900,3381,3398,3402,3409,3422,3464,3465,	
excipientes 3 188 3 60,754,3388,	
Lista 1 188 1 58,	
gabapentina 62 188 62 46,57,225,235,422,440,568,632,718,749,773,847,858,882,907,914,921,934,957,1008,1175,1222,1248,1317,1325,1367,1637,1706,1880,1974,2025,2110,2122,2188,2269,2317,2341,2435,2467,2484,2541,2587,2618,2631,2670,2696,2712,2726,2739,2747,2761,2777,2805,2832,2929,2985,3037,3052,3080,3088,3151,3180,	
contiene 3 188 3 42,53,3391,	
cápsula 3 188 3 41,52,3390,	
	 3 188 3 35,67,3477,	
CUANTITATIVA 1 188 1 34,	
Y 1 188 1 33,	
CUALITATIVA 1 188 1 32,	
COMPOSICION 1 188 1 31,	
2 25 188 25 30,196,312,368,378,473,1349,1454,1503,1511,1555,1579,1770,1775,1779,1784,1797,2007,2690,2809,2889,2892,2898,3130,3399,	
400 14 188 14 26,49,54,80,325,327,329,360,380,390,703,2843,3450,3503,	
EFG 2 188 2 23,29,	
cápsulas 11 188 11 22,28,2724,3436,3442,3447,3452,3458,3463,3498,3505,	
mg 40 188 40 21,27,39,44,50,55,71,81,271,282,290,316,318,320,322,324,326,328,330,337,351,353,359,361,367,371,377,381,387,391,658,687,704,728,2844,2927,3435,3451,3497,3504,	
300 16 188 16 20,38,43,70,289,317,319,321,352,370,686,701,727,2841,3434,3496,	
	GABAPENTINA 2 188 2 18,3494,	
MEDICAMENTO 2 188 2 17,2373,	
DEL 2 188 2 16,3523,	
DENOMINACIÓN 1 188 1 15,	
1 18 188 18 14,63,93,298,310,468,627,1531,1734,1737,1739,1750,1776,1781,2375,2893,2901,3385,	
ocasiones 1 188 1 2129,	
información 3 188 3 11,176,512,	
Toda 1 188 1 9,	
cardiovascular 1 188 1 1907,	
medicamento 2 188 2 8,13,	
Basica 1 188 1 6,	
ptosis 1 188 1 3174,	
	Información 1 188 1 5,	
CAPSULAS 1 188 1 4,	
90 3 188 3 3,3441,3457,	
300MG 1 188 1 2,	
ALTER 10 188 10 1,19,25,37,48,3433,3449,3479,3495,3502,	
migraña 1 188 1 2185,	
relacionados 2 188 2 1190,2461,	
GABAPENTINA 12 188 12 0,24,36,47,97,163,186,205,739,3432,3448,3501,	
