Prospectos 1 265 1 4139,	
Iohexol 1 265 1 4126,	
TEXTO 1 265 1 4124,	
REVISIÓN 1 265 1 4122,	
Octubre 1 265 1 4116,	
AUTORIZACIÓN/RENOVACIÓN 1 265 1 4112,	
PRIMERA 1 265 1 4111,	
NÚMERO(S) 1 265 1 4072,	
Madrid 1 265 1 4070,	
Rozas 1 265 1 4069,	
28230 1 265 1 4067,	
Prisma 1 265 1 4066,	
Edificio 1 265 1 4065,	
1ª 1 265 1 4063,	
Portal 1 265 1 4061,	
Cólquide 1 265 1 4059,	
C/ 1 265 1 4058,	
LABORATORIO 1 265 1 4055,	
GENÉRICOS 1 265 1 4053,	
	G 1 265 1 4050,	
COMERCIALIZACIÓN 2 265 2 4049,4076,	
AUTORIZACIÓN 3 265 3 4047,4074,4115,	
LA 4 265 4 4046,4110,4114,4121,	
TITULAR 1 265 1 4044,	
fabricante 1 265 1 4040,	
seguirse 1 265 1 4036,	
Deben 1 265 1 4035,	
final 1 265 1 4031,	
conectores 1 265 1 4027,	
cambiarse 1 265 1 4003,	
dirige 1 265 1 3995,	
conexión 1 265 1 3992,	
perforación 1 265 1 3987,	
única 1 265 1 3986,	
autoinyectores/bombas 2 265 2 3972,3975,	
conectadas 1 265 1 3970,	
utilizarse 2 265 2 3969,3978,	
quede 2 265 2 3943,4018,	
Cualquier 2 265 2 3934,4009,	
estériles 1 265 1 3928,	
agujas 1 265 1 3927,	
utilizando 1 265 1 3919,	
extraerse 1 265 1 3914,	
tapón 2 265 2 3910,3918,	
Tras 1 265 1 3907,	
utilizan 2 265 2 3890,3960,	
Instrucciones 2 265 2 3884,3954,	
envase 1 265 1 3880,	
asépticas 1 265 1 3878,	
condiciones 1 265 1 3877,	
realizarse 2 265 2 3875,3984,	
extracciones 1 265 1 3873,	
partículas 1 265 1 3870,	
transparentes 1 265 1 3866,	
soluciones 1 265 1 3865,	
visualmente 1 265 1 3858,	
inspeccionarse 1 265 1 3857,	
locales 1 265 1 3853,	
exigencias 1 265 1 3852,	
acuerdo 1 265 1 3849,	
establecerá 1 265 1 3847,	
envases 1 265 1 3845,	
utilizados 1 265 1 3841,	
productos 1 265 1 3839,	
multidosis 5 265 5 3813,3820,3823,3962,3966,	
monodosis 4 265 4 3804,3811,3892,3947,	
500 2 265 2 3776,3817,	
presenta 3 265 3 3750,3767,3789,	
capa 1 265 1 3738,	
sobreembalaje 1 265 1 3734,	
vinilo) 1 265 1 3732,	
poli(cloruro 1 265 1 3730,	
libres 2 265 2 3728,3868,	
bolsas 11 265 11 3725,3752,3769,3791,3799,3806,3815,3822,3891,3961,3965,	
envasa 1 265 1 3723,	
producto 2 265 2 3721,3895,	
recipiente 1 265 1 3719,	
contenido 1 265 1 3717,	
Naturaleza 1 265 1 3715,	
Proteger 1 265 1 3704,	
C 1 265 1 3703,	
temperatura 1 265 1 3699,	
conservación 1 265 1 3695,	
años 1 265 1 3689,	
validez 1 265 1 3687,	
Periodo 1 265 1 3685,	
compatibilidad 1 265 1 3675,	
ausencia 1 265 1 3671,	
Incompatibilidades 1 265 1 3669,	
Agua 1 265 1 3664,	
clorhídrico 1 265 1 3663,	
Ácido 1 265 1 3662,	
Edetato 1 265 1 3657,	
Trometamol 1 265 1 3656,	
	6 1 265 1 3651,	
FARMACÉUTICOS 1 265 1 3650,	
anticoagulante 1 265 1 3636,	
actividad 1 265 1 3635,	
histamina 1 265 1 3632,	
neuronal 1 265 1 3623,	
tolerado 1 265 1 3615,	
mostrado 2 265 2 3601,3638,	
ratas 1 265 1 3595,	
ratones 1 265 1 3593,	
toxicidad 2 265 2 3587,3620,	
Datos 1 265 1 3579,	
plasmáticas 1 265 1 3568,	
unión 2 265 2 3560,3607,	
metabolitos 1 265 1 3558,	
detectado 1 265 1 3557,	
media 1 265 1 3541,	
vida 1 265 1 3540,	
través 2 265 2 3526,3916,	
% 1 265 1 3515,	
Cerca 1 265 1 3512,	
farmacocinéticas 1 265 1 3511,	
importancia 1 265 1 3506,	
laboratorio 1 265 1 3501,	
previos 1 265 1 3489,	
valores 1 265 1 3488,	
significativas 1 265 1 3484,	
desviaciones 1 265 1 3483,	
sanos 1 265 1 3480,	
voluntarios 1 265 1 3479,	
intravenosa 4 265 4 3475,3521,3588,3828,	
evaluados 1 265 1 3470,	
parámetros 2 265 2 3464,3499,	
cantidad 2 265 2 3935,4010,	
V08AB 1 265 1 3455,	
ATC 1 265 1 3454,	
Código 1 265 1 3453,	
nefrotrópicos 1 265 1 3452,	
hidrosolubles 1 265 1 3450,	
osmolaridad 1 265 1 3449,	
baja 5 265 5 3448,3571,3591,3611,3626,	
Medios 1 265 1 3441,	
farmacoterapéutico 1 265 1 3440,	
Grupo 1 265 1 3439,	
farmacodinámicas 1 265 1 3438,	
conservar 1 265 1 3697,	
Propiedades 2 265 2 3437,3510,	
	5 1 265 1 3435,	
ESTE 1 265 1 3433,	
DE 8 265 8 3432,4045,4048,4073,4075,4109,4113,4120,	
PROPIEDADES 1 265 1 3430,	
Cryovac® 1 265 1 3727,	
" 1 265 1 3428,	
específico 1 265 1 3427,	
antídoto 1 265 1 3426,	
hay 1 265 1 3424,	
exceso 1 265 1 3418,	
aclarar 1 265 1 3416,	
necesita 1 265 1 3408,	
corregir 1 265 1 3394,	
electrolitos 1 265 1 3390,	
agua 1 265 1 3386,	
desequilibrio 1 265 1 3384,	
inyecciones 1 265 1 3370,	
administran 1 265 1 3369,	
particularmente 1 265 1 3366,	
complejos 1 265 1 3363,	
angiográficos 1 265 1 3362,	
accidental 1 265 1 3355,	
sobredosis 2 265 2 3354,3382,	
horas) 1 265 1 3352,	
(t1/2 1 265 1 3349,	
altas 1 265 1 3343,	
tolerancia 1 265 1 3341,	
duración 1 265 1 3334,	
limitado 1 265 1 3332,	
corporal 1 265 1 3326,	
I/kg 1 265 1 3324,	
recibido 1 265 1 3319,	
improbables 1 265 1 3305,	
sobredosificación 1 265 1 3303,	
rutinario 1 265 1 3298,	
superior 2 265 2 3292,3700,	
margen 1 265 1 3277,	
menores 2 265 2 3503,3640,	
indican 1 265 1 3274,	
preclínicos 2 265 2 3273,3580,	
datos 1 265 1 3272,	
Sobredosis 1 265 1 3270,	
artrografía 1 265 1 3258,	
(HSG) 1 265 1 3250,	
histerosalpingografía 1 265 1 3249,	
abdomen 1 265 1 3246,	
CPRE 1 265 1 3227,	
post 1 265 1 3226,	
pancreatitis 1 265 1 3225,	
asocia 1 265 1 3218,	
Opacificación 1 265 1 3208,	
éstos 1 265 1 3197,	
considerarse 1 265 1 3193,	
artritis 1 265 1 3190,	
ingestión 1 265 1 3170,	
caso 1 265 1 3168,	
Diarrea 1 265 1 3166,	
Pancreatitis 1 265 1 3158,	
amilasa 1 265 1 3146,	
Elevación 1 265 1 3141,	
Corporales 1 265 1 3113,	
Cavidades 1 265 1 3112,	
inferiores 1 265 1 3085,	
extremidades 1 265 1 3084,	
Calambres 1 265 1 3078,	
parestesia 1 265 1 3067,	
radicular 1 265 1 3065,	
cerebroespinal 1 265 1 3051,	
excesiva 1 265 1 3048,	
dura 1 265 1 3040,	
triple 1 265 1 3737,	
experimentar 1 265 1 3036,	
goteo 2 265 2 2987,3025,	
resultante 3 265 3 2985,3023,3391,	
espacio 2 265 2 2983,3021,	
atribuibles 2 265 2 2975,3013,	
ampliamente 2 265 2 2974,3012,	
observar 1 265 1 2955,	
motora 1 265 1 2951,	
sensorial 1 265 1 2949,	
Éstas 1 265 1 2942,	
alteración 1 265 1 2939,	
Manifestaciones 1 265 1 2937,	
infecciosa 2 265 2 2936,3191,	
considerar 1 265 1 2929,	
Frank 2 265 2 2923,3186,	
química 1 265 1 2921,	
Meningitis 1 265 1 2920,	
sola 1 265 1 2899,	
similar 1 265 1 2892,	
frecuencia 1 265 1 2890,	
presentarse 1 265 1 2880,	
Náuseas 1 265 1 2971,	
retrasarse 1 265 1 2878,	
liberación 1 265 1 3630,	
siguen 1 265 1 2873,	
distal 1 265 1 2829,	
muertes 1 265 1 2814,	
registraron 1 265 1 2813,	
Insuficiencia 1 265 1 2797,	
clínica 3 265 3 2791,3507,3576,	
relevancia 2 265 2 2790,3575,	
Aumento 1 265 1 2773,	
urinarios 2 265 2 2769,3202,	
informado 1 265 1 2760,	
tejido 2 265 2 2752,3177,	
musculoesqueléticos 2 265 2 2749,3174,	
postflebográficas 1 265 1 2746,	
tromboflebitis 1 265 1 2745,	
Trombosis 1 265 1 2743,	
renales 3 265 3 2738,2767,3200,	
cerebrales 1 265 1 2736,	
coronarias 1 265 1 2735,	
arterias 1 265 1 2734,	
seguir 1 265 1 2728,	
espasmo 1 265 1 2725,	
isquemia 2 265 2 2715,2741,	
parada 1 265 1 2704,	
incluyendo 1 265 1 2703,	
cardiacos 1 265 1 2690,	
ceguera 1 265 1 2686,	
desorientación 3 265 3 2683,2945,3008,	
acompañado 1 265 1 2680,	
veces 1 265 1 2679,	
hecho 1 265 1 2676,	
exploración; 1 265 1 2674,	
siguiente 1 265 1 2671,	
computerizada 1 265 1 2667,	
corteza 1 265 1 2660,	
hematoencefálica 1 265 1 2652,	
barrera 1 265 1 2651,	
atravesar 1 265 1 2649,	
transitorias 1 265 1 2643,	
motoras 1 265 1 2642,	
sensoriales 1 265 1 2640,	
incluir 1 265 1 2636,	
nervioso 2 265 2 2627,2904,	
complicaciones 2 265 2 2618,2697,	
25º 1 265 1 3702,	
acompañadas 1 265 1 2616,	
concentraciones 1 265 1 2612,	
particular 2 265 2 2610,2622,	
órgano 2 265 2 2609,2621,	
alcanza 1 265 1 2607,	
selectivas 1 265 1 2596,	
arteriografías 1 265 1 2595,	
administrada 1 265 1 2593,	
depende 1 265 1 2584,	
observadas 1 265 1 2579,	
específicamente 1 265 1 2578,	
no- 1 265 1 2569,	
describen 3 265 3 2554,2852,3102,	
""Generales"" 3 265 3 2549,2847,3097,	
llamada 3 265 3 2548,2846,3096,	
lea 3 265 3 2545,2843,3093,	
Por 3 265 3 2542,2840,3090,	
bradicardia 1 265 1 2536,	
producen 1 265 1 2533,	
vagales 1 265 1 2531,	
excreta 1 265 1 3523,	
rigor 1 265 1 2524,	
Pirexia 1 265 1 2522,	
fiebre 1 265 1 2516,	
Cefalea 2 265 2 2514,3006,	
<1/10) 3 265 3 2513,2907,3060,	
(>1/100 3 265 3 2512,2906,3059,	
metálico 2 265 2 2509,3735,	
sensación 2 265 2 2503,2831,	
inespecífica 1 265 1 2499,	
Sensación 1 265 1 2498,	
(>1/10) 8 265 8 2497,2772,2827,2970,3005,3140,3165,3240,	
Muy 9 265 9 2495,2754,2770,2825,2968,3003,3138,3163,3238,	
abdominal 1 265 1 2484,	
Molestia 1 265 1 2483,	
FARMACOLÓGICAS 1 265 1 3431,	
terminar 1 265 1 2475,	
desaparecen 1 265 1 2473,	
vómitos 2 265 2 2471,2973,	
Episodios 1 265 1 2455,	
vasculares 2 265 2 2449,2718,	
salivales 1 265 1 2439,	
glándulas 1 265 1 2438,	
reblandecimiento 1 265 1 2435,	
desinfectarse 1 265 1 3908,	
hinchazón 1 265 1 2433,	
produce 2 265 2 2432,2911,	
complicación 1 265 1 2424,	
yodo"" 1 265 1 2421,	
""Parotiditis 1 265 1 2419,	
endocrinos 2 265 2 2410,3137,	
tóxicas 1 265 1 2407,	
informadas 1 265 1 2401,	
Han 1 265 1 2399,	
broncoespasmo 1 265 1 2395,	
cardíaca 2 265 2 2705,2711,	
Edema 1 265 1 2393,	
altralgia 1 265 1 2764,	
000) 12 265 12 2392,2415,2454,2482,2529,2632,2695,2723,2757,2796,2919,3077,	
<1/1 11 265 11 2391,2414,2453,2481,2528,2631,2694,2722,2795,2918,3076,	
(>1/10 11 265 11 2389,2412,2451,2479,2526,2629,2692,2720,2793,2916,3074,	
Raras 11 265 11 2388,2411,2450,2478,2525,2628,2691,2719,2792,2915,3073,	
EEG 1 265 1 2959,	
tarde 1 265 1 2387,	
días 5 265 5 2385,2442,2885,3042,3404,	
aparecer 1 265 1 2375,	
Pueden 2 265 2 2374,2635,	
angioedema 1 265 1 2373,	
prurito 1 265 1 2371,	
urticaria 1 265 1 2370,	
eritema 1 265 1 2369,	
sarpullido 1 265 1 2368,	
disnea 1 265 1 2367,	
respiratorios 1 265 1 2364,	
cutáneos 1 265 1 2362,	
presentan 2 265 2 2359,3482,	
<1/100) 7 265 7 2351,2465,2521,3130,3157,3183,3207,	
000 18 265 18 2350,2390,2413,2452,2464,2480,2520,2527,2630,2693,2721,2794,2917,3075,3129,3156,3182,3206,	
(>1/1 7 265 7 2349,2463,2519,3128,3155,3181,3205,	
inmunológico 2 265 2 2346,3125,	
Trastornos 20 265 20 2343,2409,2448,2459,2486,2624,2689,2717,2748,2766,2816,2901,2966,2994,3122,3136,3161,3173,3199,3229,	
sólo 5 265 5 2334,2552,2850,3100,3825,	
Tanto 1 265 1 2327,	
desecharse 2 265 2 3949,4029,	
frecuentes 16 265 16 2315,2348,2462,2496,2518,2771,2826,2969,3004,3127,3139,3154,3164,3180,3204,3239,	
naturaleza 2 265 2 2311,2573,	
utilización 1 265 1 2297,	
secciones 1 265 1 2289,	
inalterado 1 265 1 3524,	
sabor 1 265 1 2508,	
referirse 1 265 1 2286,	
favor 4 265 4 2285,2543,2841,3091,	
específicas 2 265 2 2278,2290,	
generales 5 265 5 2255,2487,2817,2995,3230,	
enumeran 1 265 1 2250,	
continuación 4 265 4 2248,2551,2849,3099,	
A 5 265 5 2247,2550,2848,3098,4057,	
yodados) 1 265 1 2246,	
usos 1 265 1 2241,	
(aplicables 1 265 1 2237,	
Reacciones 5 265 5 2234,2466,2530,2633,3131,	
Poco 7 265 7 2347,2461,2517,3126,3153,3179,3203,	
aconsejable 1 265 1 2217,	
máquinas 1 265 1 2214,	
Efectos 1 265 1 2206,	
probable 2 265 2 2203,3358,	
lactantes 1 265 1 2197,	
cantidades 1 265 1 2189,	
absorben 1 265 1 2187,	
materna 1 265 1 2184,	
leche 1 265 1 2183,	
escasamente 1 265 1 2180,	
excretan 1 265 1 2179,	
Lactancia 1 265 1 2173,	
esencial 1 265 1 2169,	
considerado 1 265 1 2168,	
beneficio 1 265 1 2162,	
usarse 2 265 2 2153,3905,	
frente 1 265 1 2143,	
sopesados 1 265 1 2142,	
X 3 265 3 2132,3446,3712,	
rayos 3 265 3 2131,3445,3711,	
embarazo 2 265 2 2124,2156,	
radiación 1 265 1 2121,	
evitarse 1 265 1 2116,	
posible 2 265 2 2114,2145,	
postnatal 1 265 1 2109,	
desarrollo 1 265 1 2108,	
gestación 1 265 1 2105,	
feto 1 265 1 2100,	
embrión 1 265 1 2098,	
reproducción/desarrollo 1 265 1 2096,	
2006 1 265 1 4117,	
directos 1 265 1 2089,	
dañinos 1 265 1 2088,	
efectos 1 265 1 2087,	
animales 2 265 2 2084,3599,	
experimentales 1 265 1 2082,	
evaluación 1 265 1 2078,	
Una 1 265 1 2077,	
cutáneas 1 265 1 2403,	
mujeres 1 265 1 2075,	
seguridad 3 265 3 2065,3279,3582,	
establecido 2 265 2 2063,3289,	
No 5 265 5 2060,2215,3423,3554,3696,	
lactancia 1 265 1 2058,	
Embarazo 2 265 2 2056,2059,	
cortical 1 265 1 2687,	
día 3 265 3 2050,2670,4033,	
Estas 1 265 1 2041,	
calcio 2 265 2 2038,3659,	
cobre 1 265 1 2037,	
hierro 1 265 1 2036,	
inorgánicas 1 265 1 2034,	
visible 1 265 1 2663,	
sustancias 2 265 2 2033,2042,	
proteínas 3 265 3 2031,3567,3609,	
embarazadas 1 265 1 2076,	
bilirrubina 1 265 1 2030,	
análisis 1 265 1 2028,	
orina 1 265 1 2023,	
suero 1 265 1 2021,	
elevadas 2 265 2 2015,2613,	
Concentraciones 1 265 1 2014,	
reducida 1 265 1 2010,	
fijar 1 265 1 2006,	
capacidad 3 265 3 2002,2209,3628,	
tiroidea 1 265 1 1998,	
ensayos 1 265 1 1994,	
interferir 2 265 2 1991,2025,	
Todos 1 265 1 1984,	
piel) 1 265 1 1983,	
gripe 1 265 1 1978,	
parecidos 1 265 1 1975,	
(síntomas 1 265 1 1974,	
asociado 1 265 1 1966,	
bioquímicos 1 265 1 3466,	
semanas 2 265 2 1959,2013,	
interleukina-2 1 265 1 1955,	
empleo) 1 265 1 1951,	
metfomina 1 265 1 1941,	
estén 1 265 1 1939,	
precipitar 1 265 1 1932,	
trastorno 1 265 1 1923,	
producir 1 265 1 1921,	
interacción 1 265 1 1912,	
formas 1 265 1 1910,	
medicamentos 2 265 2 1907,4141,	
Interacciones 1 265 1 1903,	
sodio"" 1 265 1 1900,	
""exento 1 265 1 1898,	
esencialmente 1 265 1 1897,	
dosis; 1 265 1 1894,	
sodio 2 265 2 1892,3661,	
mmol) 1 265 1 1890,	
23 1 265 1 1887,	
supere 1 265 1 2163,	
importante 2 265 2 1879,3338,	
relación 1 265 1 2257,	
Información 1 265 1 1878,	
24 3 265 3 1876,2225,3531,	
respecto 2 265 2 2093,3485,	
solos 1 265 1 1872,	
ambulatorios 1 265 1 1868,	
período 2 265 2 1865,3329,	
MINISTERIO 3 265 3 1862,2537,3410,	
2000 1 265 1 3322,	
observados 2 265 2 1861,3496,	
umbral 1 265 1 1856,	
sospecha 1 265 1 1851,	
permanece 1 265 1 1844,	
primeras 3 265 3 1840,1875,2224,	
mantenerse 1 265 1 1836,	
abajo 1 265 1 1829,	
incline 1 265 1 1827,	
evitar 2 265 2 1824,3045,	
cuidadosamente 2 265 2 1820,2141,	
necrotizante 1 265 1 3159,	
caminar 1 265 1 1819,	
20o 1 265 1 1813,	
elevados 2 265 2 1812,1837,	
tórax 2 265 2 1811,1834,	
cabeza 2 265 2 1808,1831,	
descansar 1 265 1 1805,	
tardías 2 265 2 1795,1973,	
Frecuentes 3 265 3 2511,2905,3058,	
ocurren 4 265 4 1786,2559,2857,3107,	
mayoría 2 265 2 1781,3461,	
minutos 1 265 1 1777,	
observado 3 265 3 1771,2337,3458,	
Después 3 265 3 1759,1798,1817,	
Tiempo 1 265 1 1756,	
beber 1 265 1 1755,	
comer 1 265 1 1753,	
abstenerse 1 265 1 1751,	
últimas 1 265 1 1745,	
Durante 1 265 1 1743,	
mantenida 1 265 1 1735,	
dieta 1 265 1 1731,	
compartimental 1 265 1 1729,	
síndrome 1 265 1 1728,	
quirúrgica 1 265 1 1724,	
descompresión 1 265 1 1723,	
necesaria 1 265 1 1721,	
Puede 1 265 1 1719,	
Artritis 1 265 1 3184,	
rutina 1 265 1 1718,	
afectado 1 265 1 1714,	
lugar 9 265 9 1713,2492,2586,2822,2990,3000,3028,3070,3235,	
enfriar 1 265 1 1711,	
elevar 1 265 1 1709,	
tisular 1 265 1 1706,	
necrosis 1 265 1 1705,	
inflamación 1 265 1 1702,	
visto 1 265 1 1701,	
secuelas 1 265 1 1696,	
durante 16 265 16 1772,1787,1814,1838,1863,1873,2011,2122,2154,2222,2560,2580,2858,3108,3327,3401,	
remite 1 265 1 1694,	
normalmente 4 265 4 1693,2304,2357,2788,	
edema 2 265 2 1690,2397,	
local 2 265 2 1688,3062,	
dolor 3 265 3 1687,3064,3081,	
raras 4 265 4 1684,2340,2702,2755,	
extravasación 1 265 1 1677,	
reciben 1 265 1 1672,	
prematuros 1 265 1 1670,	
inducir 1 265 1 1665,	
prevenido 1 265 1 1660,	
multinodular 1 265 1 1638,	
bocio 1 265 1 1637,	
hipertiroidismo 2 265 2 1633,1645,	
hipertensiva 1 265 1 1624,	
crisis 1 265 1 1623,	
profilaxis 1 265 1 1619,	
bloqueantes 1 265 1 1617,	
alfa 1 265 1 1616,	
deben 9 265 9 1614,1835,1859,1870,2044,2139,3874,3968,3977,	
intervencionistas 1 265 1 1612,	
realizar 1 265 1 1610,	
les 1 265 1 1607,	
incremento 1 265 1 3221,	
feocromocitoma 1 265 1 1602,	
agravar 1 265 1 1593,	
diálisis 1 265 1 1582,	
realización 1 265 1 1580,	
asegure 1 265 1 1578,	
recibir 1 265 1 1568,	
hemodiálisis 2 265 2 1566,3414,	
aclaramiento 1 265 1 1558,	
significativo 1 265 1 1555,	
retraso 1 265 1 1554,	
miastenia 1 265 1 1597,	
severas 1 265 1 1542,	
requiere 1 265 1 1535,	
transitoria 7 265 7 1533,2312,2684,2742,2941,2946,2952,	
hepática 2 265 2 1532,1546,	
potencial 1 265 1 1529,	
Existe 1 265 1 1526,	
observación 2 265 2 1519,1758,	
maquinaria 1 265 1 2221,	
monitorizada 2 265 2 1516,3400,	
hidratado 1 265 1 1512,	
mantendrá 1 265 1 1511,	
medicación 1 265 1 1505,	
abrirse 1 265 1 3883,	
suspenderá 1 265 1 1503,	
cuenta 1 265 1 1499,	
tendrán 1 265 1 1497,	
riesgo/beneficio 1 265 1 1487,	
evaluar 1 265 1 1485,	
médico 2 265 2 1483,2172,	
desconozca 1 265 1 1481,	
esté 1 265 1 1477,	
emergencia 1 265 1 1472,	
inalterada 1 265 1 1468,	
está 2 265 2 1467,2677,	
(<1/10 1 265 1 2756,	
Generales 1 265 1 2236,	
restaurará 1 265 1 1455,	
fotofobia 1 265 1 2912,	
Únicamente 1 265 1 1453,	
pospondrá 1 265 1 1450,	
alterada 2 265 2 1434,1478,	
sea 3 265 3 1427,2113,2167,	
horas 10 265 10 1416,1452,1738,1747,1842,1877,2226,2882,3532,3547,	
48 2 265 2 1415,1451,	
reanudará 1 265 1 1413,	
momento 1 265 1 1402,	
suspenderse 1 265 1 1395,	
Deberá 1 265 1 1394,	
normal 6 265 6 1393,1428,1732,3311,3538,3553,	
Creatinina 2 265 2 1388,1429,	
yodado 1 265 1 1387,	
intravascular 3 265 3 1381,2563,3299,	
posibilidad 3 265 3 1663,2932,3188,	
metformina 5 265 5 1376,1399,1438,1459,1507,	
tratados 1 265 1 1374,	
diabéticos 2 265 2 1373,1937,	
sérica 6 265 6 1370,1389,1426,1430,1466,2778,	
nivel 2 265 2 1367,3291,	
medirse 1 265 1 1365,	
deberá 3 265 3 1364,1439,1484,	
acidosis 3 265 3 1362,1524,1934,	
pre-exploración 1 265 1 1358,	
niveles 2 265 2 1357,3144,	
función 15 265 15 1352,1391,1422,1432,1462,1475,1514,1545,1927,1997,2710,3309,3396,3536,3551,	
cefalea 1 265 1 3037,	
Posponer 1 265 1 1342,	
cirugía 1 265 1 1330,	
angioplastia 1 265 1 1326,	
obstrucción 1 265 1 1324,	
colecistográficos 1 265 1 1323,	
agentes 1 265 1 1322,	
nefrotóxicos 1 265 1 1321,	
adicional 1 265 1 1312,	
daño 2 265 2 1311,2194,	
Evitar 1 265 1 1309,	
riñones 4 265 4 1307,1315,3529,3618,	
eliminado 2 265 2 1304,1340,	
sido 3 265 3 1303,1339,2400,	
haya 3 265 3 1302,1338,3318,	
(CPRE) 2 265 2 3152,3215,	
v 1 265 1 1291,	
i 1 265 1 1290,	
infusión 1 265 1 1289,	
manteniendo 1 265 1 1287,	
Si 2 265 2 1284,3406,	
Asegurar 1 265 1 1280,	
Identificación 1 265 1 1272,	
incluyen 3 265 3 1270,2263,2943,	
preventivas 1 265 1 1269,	
medidas 2 265 2 1268,1716,	
Waldenstrom) 1 265 1 1260,	
macroglobulinemia 1 265 1 1258,	
(mielomatosis 1 265 1 1256,	
paraproteinemias 1 265 1 1255,	
alto 3 265 3 1250,1277,2802,	
agudo 1 265 1 1223,	
fallo 1 265 1 1221,	
desembocar 1 265 1 1219,	
insuficiencia 2 265 2 1215,1241,	
agravamiento 1 265 1 1212,	
descompensación 1 265 1 1210,	
punción 4 265 4 1203,2897,2992,3030,	
fluido 2 265 2 1199,3050,	
presión 4 265 4 1197,2980,3018,3057,	
descenso 1 265 1 1194,	
debido 1 265 1 1191,	
cree 1 265 1 1188,	
mielografía 2 265 2 1184,1801,	
gravis 1 265 1 1598,	
temporal 1 265 1 1181,	
sordera 1 265 1 1180,	
audición 1 265 1 1177,	
experimentado 1 265 1 1173,	
han 6 265 6 1172,2336,2759,3556,3600,3637,	
Algunos 2 265 2 1170,3031,	
neurológicas 2 265 2 1169,2634,	
mayor 3 265 3 1162,1331,1969,	
drogodependientes 1 265 1 1158,	
alcohólicos 1 265 1 1155,	
También 2 265 2 1153,1656,	
merecen 1 265 1 1149,	
nuevos 1 265 1 1146,	
láctica 3 265 3 1363,1525,1935,	
sufrir 2 265 2 1145,1165,	
ESPAÑOLES 1 265 1 4054,	
predispuestos 1 265 1 1143,	
están 1 265 1 1142,	
epilepsia 2 265 2 1141,1858,	
historia 1 265 1 1139,	
tumores 1 265 1 1137,	
aguda 2 265 2 1136,3589,	
patología 1 265 1 1134,	
hipotiroidismo 1 265 1 1666,	
arritmias 2 265 2 1130,2706,	
hemodinámicos 2 265 2 1128,3465,	
cambios 3 265 3 1127,2956,3495,	
desarrollar 2 265 2 1126,1644,	
pulmonar 2 265 2 1122,2398,	
hipertensión 2 265 2 1121,2457,	
cardíacas 2 265 2 1118,2698,	
tiroides 1 265 1 2004,	
enfermedades 1 265 1 1117,	
hemodinámicas 1 265 1 1108,	
alteraciones 7 265 7 1107,1541,2489,2639,2819,2997,3232,	
electrolíticos 1 265 1 1105,	
trastornos 1 265 1 1104,	
padecer 1 265 1 1103,	
susceptibles 1 265 1 1101,	
son 10 265 10 1100,1248,1262,2303,2700,3304,3803,3810,3819,3824,	
suspendida 1 265 1 1441,	
neonatos 1 265 1 1099,	
año) 1 265 1 1095,	
sistémicas 1 265 1 3134,	
(edad 1 265 1 1092,	
ancianos 1 265 1 1088,	
elevada 1 265 1 3377,	
pequeños 3 265 3 1086,1091,3981,	
niños 4 265 4 1085,1669,3365,3980,	
bebés 2 265 2 1084,1090,	
renal 21 265 21 1080,1216,1222,1242,1328,1353,1392,1423,1433,1463,1476,1515,1548,1928,2798,2807,3209,3310,3397,3537,3552,	
disfunción 4 265 4 1079,1531,2806,2948,	
mellitus 2 265 2 1078,1245,	
diabetes 2 265 2 1077,1244,	
múltiple 1 265 1 1076,	
mieloma 1 265 1 1075,	
especialmente 2 265 2 1071,1097,	
aplica 1 265 1 1070,	
Esto 1 265 1 1068,	
asegurarse 1 265 1 1054,	
procedimiento 4 265 4 1052,1295,2888,3336,	
múltiples 1 265 1 3371,	
relacionadas 1 265 1 1049,	
embolia 1 265 1 1048,	
trombosis 1 265 1 1046,	
heparinizada) 1 265 1 1040,	
salina 1 265 1 1039,	
(ej 2 265 2 1036,2035,	
eliminación 4 265 4 3047,3543,3834,3836,	
frecuentemente 1 265 1 1035,	
llenar 1 265 1 1032,	
angiográfica 1 265 1 1030,	
meticulosa 1 265 1 1026,	
poner 1 265 1 1023,	
procedimientos 6 265 6 1017,1574,1611,2260,2599,3361,	
hora 1 265 1 1816,	
realizan 1 265 1 1016,	
Cuando 1 265 1 1014,	
iónicos 6 265 6 1013,2271,2322,2326,2570,3647,	
comparación 1 265 1 1007,	
vitro 1 265 1 1005,	
in 1 265 1 1004,	
coagulación 2 265 2 1003,3469,	
sistema 5 265 5 1001,2345,2626,2903,3124,	
vagal 1 265 1 990,	
erróneamente 1 265 1 986,	
interpretarse 1 265 1 985,	
conducir 2 265 2 2211,2218,	
anafilaxia 1 265 1 981,	
atípicos 1 265 1 979,	
presentar 1 265 1 977,	
beta-bloqueantes 1 265 1 975,	
periférica 1 265 1 2837,	
tomando 2 265 2 974,1940,	
pacientes 23 265 23 973,1073,1115,1132,1171,1239,1253,1275,1372,1539,1564,1600,1631,1635,1849,1867,2800,2811,2964,3034,3307,3534,3549,	
Los 15 265 15 972,991,1089,1131,1252,1563,1634,1848,1866,2174,3271,3300,3493,3596,3974,	
vascular 2 265 2 971,1020,	
Irritación 1 265 1 2908,	
específica 1 265 1 968,	
terapia 1 265 1 967,	
instalará 1 265 1 965,	
necesario 2 265 2 963,1286,	
inmediatamente 4 265 4 959,1583,2376,3902,	
vuelva 1 265 1 1354,	
interrumpirse 1 265 1 958,	
8) 1 265 1 950,	
apartado 2 265 2 948,1943,	
(ver 2 265 2 947,1942,	
signos 2 265 2 942,2713,	
primeros 1 265 1 941,	
representar 1 265 1 939,	
síntomas 6 265 6 934,978,1522,1595,2361,3301,	
independientemente 1 265 1 923,	
ocurrir 3 265 3 922,1793,2805,	
arterial 4 265 4 915,1325,1327,2726,	
así 2 265 2 911,1081,	
medio 26 265 26 908,954,1065,1229,1299,1335,1346,1384,1407,1446,1492,1560,1570,1679,1764,2017,2136,2604,2645,2655,2784,3346,3373,3420,3937,4012,	
intravenosas 1 265 1 906,	
administraciones 1 265 1 905,	
vía 4 265 4 903,970,3520,3990,	
cánula 1 265 1 901,	
prevenir 3 265 3 1208,1360,1621,	
catéter 2 265 2 899,1034,	
utilizar 4 265 4 897,2213,2220,3412,	
aconseja 1 265 1 896,	
Se 9 265 9 895,1109,1534,1625,1707,2758,2953,3043,3456,	
grave 3 265 3 894,946,3038,	
laríngeo 1 265 1 2394,	
reacción 3 265 3 893,945,989,	
ocurriese 1 265 1 891,	
inmediato 1 265 1 889,	
tratamiento 2 265 2 888,1953,	
indirectos 1 265 1 2091,	
disponible 1 265 1 885,	
equipo 1 265 1 884,	
necesarios 1 265 1 882,	
fármacos 2 265 2 881,1320,	
anterioridad 1 265 1 878,	
Planta 1 265 1 4064,	
acción 1 265 1 876,	
curso 2 265 2 874,2102,	
planearse 1 265 1 872,	
Debe 3 265 3 869,1053,3983,	
hipersensibilidad 4 265 4 868,937,2355,3133,	
manifestaciones 1 265 1 866,	
u 1 265 1 864,	
anafilactoides 2 265 2 863,920,	
/ 6 265 6 862,919,1390,1424,1431,1464,	
calor 2 265 2 2505,2833,	
anafilácticas 2 265 2 861,918,	
provocar 3 265 3 859,1686,2740,	
embargo 3 265 3 852,1698,1791,	
Sin 3 265 3 851,1697,1790,	
mínimo 1 265 1 850,	
considera 1 265 1 848,	
asociadas 2 265 2 839,2294,	
riesgo 13 265 13 835,1044,1163,1251,1266,1278,1528,1642,1970,2146,2165,2803,3223,	
El 11 265 11 834,1913,1952,2193,2416,2644,2724,3583,3720,3879,3894,	
considerada 1 265 1 830,	
H2 1 265 1 827,	
H1 1 265 1 825,	
histamínicos 1 265 1 824,	
antagonistas 1 265 1 823,	
corticosteroides 1 265 1 821,	
premedicación 1 265 1 819,	
especial 6 265 6 817,1112,1151,1237,1536,1628,	
cuidado 6 265 6 816,1113,1152,1236,1537,1629,	
necesidad 1 265 1 813,	
recomienda 1 265 1 1708,	
indica 2 265 2 811,2086,	
moderadas 2 265 2 805,2308,	
leves 4 265 4 803,935,2306,2365,	
fallecimientos 1 265 1 2333,	
asma 1 265 1 798,	
alergia 1 265 1 797,	
historial 1 265 1 794,	
Un 1 265 1 793,	
monoméricos 5 265 5 790,2272,2571,2868,3120,	
FECHA 2 265 2 4108,4119,	
no-iónicos 4 265 4 789,995,2867,3119,	
Precauciones 3 265 3 780,3692,3831,	
especiales 5 265 5 777,781,1949,3693,3832,	
Advertencias 2 265 2 774,1946,	
Alergia 1 265 1 769,	
positivo 2 265 2 759,795,	
yodismo 1 265 1 2417,	
Historial 1 265 1 758,	
graves 7 265 7 751,763,838,1119,2330,2404,2699,	
Historia 1 265 1 748,	
manifiesta 1 265 1 746,	
Tirotoxicosis 1 265 1 745,	
activo 1 265 1 737,	
principio 1 265 1 736,	
Hipersensibilidad 1 265 1 734,	
Contraindicaciones 1 265 1 732,	
administración/uso 1 265 1 720,	
preparación 1 265 1 707,	
correcta 2 265 2 706,719,	
detalladas 2 265 2 703,716,	
instrucciones 3 265 3 702,715,4038,	
autorizado 1 265 1 700,	
personal 1 265 1 699,	
exclusivamente 1 265 1 697,	
Dolor 5 265 5 2828,3061,3241,3251,3259,	
administrado 1 265 1 696,	
Lista 1 265 1 3653,	
Método 1 265 1 689,	
administrar 2 265 2 652,1615,	
casos 8 265 8 649,833,1470,1726,2762,2926,3195,3380,	
En 8 265 8 647,1469,1599,2594,2799,2924,3379,3670,	
c 1 265 1 646,	
p 1 265 1 645,	
1-3 1 265 1 643,	
creatinina 4 265 4 1369,1425,1465,2777,	
máximo 1 265 1 633,	
> 2 265 2 614,623,	
ml/kg 3 265 3 612,621,644,	
visibles 1 265 1 3871,	
kg 3 265 3 607,616,625,	
depresión 1 265 1 2707,	
< 2 265 2 605,1093,	
conjuntivo 2 265 2 2753,3178,	
analizadas 1 265 1 2048,	
oral 3 265 3 593,688,3171,	
Uso 6 265 6 592,687,1796,2538,2838,3086,	
Individual 1 265 1 588,	
delgado 2 265 2 584,686,	
intestino 3 265 3 583,685,2192,	
esófago 1 265 1 579,	
estómago 3 265 3 576,590,683,	
Esófago 2 265 2 575,682,	
gastrointestinales 6 265 6 574,681,2460,2467,2967,3162,	
Estudios 2 265 2 573,680,	
Hasta 2 265 2 570,630,	
Sialografía 1 265 1 569,	
0 1 265 1 564,	
Histerosalpingografía 1 265 1 560,	
Herniografía 1 265 1 559,	
PER/CPER 1 265 1 558,	
excederse 1 265 1 530,	
adversas 13 265 13 527,762,802,1785,2235,2254,2277,2293,2557,2577,2855,2871,3105,	
leve 3 265 3 2500,3063,3260,	
reacciones 23 265 23 526,750,761,801,837,860,917,1168,1784,1794,1972,1980,2253,2276,2292,2329,2353,2402,2556,2576,2854,2870,3104,	
minimizar 3 265 3 523,1042,3053,	
8 3 265 3 513,2233,4071,	
cervical) 1 265 1 506,	
latero 1 265 1 505,	
10 3 265 3 500,2441,4118,	
7 6 265 6 498,606,615,624,2205,4043,	
tubos 1 265 1 4026,	
lumbar) 3 265 3 489,493,521,	
(inyección 4 265 4 488,492,504,520,	
mínimas 1 265 1 2188,	
-8 1 265 1 470,	
coronaria 1 265 1 465,	
aórtico 1 265 1 456,	
cayado 1 265 1 455,	
izquierdo 1 265 1 453,	
cateterización 1 265 1 1019,	
ventrículo 1 265 1 452,	
Inyección 1 265 1 450,	
Cardioangiografía 2 265 2 449,665,	
Varias 1 265 1 444,	
-60 1 265 1 437,	
transitorio 5 265 5 1667,1924,2510,2774,3242,	
-10 1 265 1 430,	
5 7 265 7 429,565,1902,3429,3508,3577,3714,	
fosfato) 1 265 1 2040,	
cerebral 4 265 4 425,1135,2661,2940,	
Selectiva 1 265 1 424,	
ml/inyección 5 265 5 423,431,438,463,471,	
40 3 265 3 422,436,635,	
arco 1 265 1 416,	
Aortografía 2 265 2 414,432,	
Arteriografías 1 265 1 413,	
150 1 265 1 403,	
g 2 265 2 395,537,	
60 2 265 2 394,462,	
luz 1 265 1 3707,	
200 2 265 2 392,581,	
ó 6 265 6 386,397,440,494,507,639,	
30 4 265 4 382,420,460,1776,	
total 2 265 2 379,534,	
Cantidad 1 265 1 378,	
250 1 265 1 376,	
beneficios 1 265 1 2126,	
- 21 265 21 375,383,391,402,421,461,499,512,1271,1279,1308,1341,3893,3906,3933,3963,3973,3982,3988,4008,4034,	
introducir 1 265 1 3898,	
digital 2 265 2 366,475,	
Angiografía 2 265 2 363,472,	
ml/pierna 1 265 1 362,	
100 10 265 10 361,374,390,401,655,3514,3773,3796,3808,4137,	
Femoral 1 265 1 439,	
­ 3 265 3 360,555,566,	
Utilizar 1 265 1 3863,	
20 2 265 2 359,554,	
(pierna) 1 265 1 355,	
Flebografía 1 265 1 354,	
Urografía 2 265 2 353,603,	
Comentarios 7 265 7 352,412,483,549,602,664,679,	
Volumen 7 265 7 351,411,482,548,601,663,678,	
Concentración 7 265 7 350,410,481,547,600,662,677,	
Indicación 7 265 7 349,409,480,546,599,661,676,	
Orientaciones 7 265 7 345,405,476,540,595,657,670,	
orientación 1 265 1 343,	
servir 1 265 1 341,	
siguientes 2 265 2 338,3405,	
meníngea 1 265 1 2909,	
Las 14 265 14 337,916,1267,2291,2352,2696,2869,3798,3805,3814,3821,3872,3964,4068,	
corporales 4 265 4 336,545,675,3089,	
cavidades 4 265 4 335,544,674,3088,	
intratecal 9 265 9 332,479,1797,2231,2839,2861,2876,2984,3022,	
intraarterial 5 265 5 331,408,660,2539,2583,	
intravenoso 4 265 4 330,348,598,2541,	
hidratación 3 265 3 321,1056,1282,	
adecuada 3 265 3 320,1057,1283,	
asegurar 1 265 1 318,	
debe 29 265 29 317,529,694,957,1022,1110,1233,1626,1658,1750,1769,1804,1818,1823,2115,2152,2928,3044,3192,3393,3398,3679,3856,3882,3897,3913,3948,4002,4028,	
Como 2 265 2 309,2110,	
actualmente 1 265 1 306,	
yodados 9 265 9 305,810,857,1591,1655,1919,1989,2302,2430,	
radiológicos 3 265 3 304,1575,2261,	
medios 23 265 23 301,313,765,786,807,854,992,1010,1588,1652,1673,1916,1986,2175,2243,2267,2299,2318,2427,2566,2864,3116,3644,	
volumen 3 265 3 296,572,632,	
yodo 5 265 5 292,381,539,771,2007,	
meningitis 2 265 2 2914,2935,	
concentración 2 265 2 290,3378,	
utiliza 1 265 1 287,	
9 2 265 2 3269,4107,	
Normalmente 1 265 1 285,	
utilizada 3 265 3 284,3941,4016,	
técnica 2 265 2 283,1029,	
paciente 9 265 9 279,709,1509,1749,1768,1803,3317,4001,4007,	
ataques 4 265 4 1147,1166,2637,2944,	
general 2 265 2 277,792,	
jeringa 2 265 2 3901,3921,	
condición 1 265 1 276,	
cardíaco 1 265 1 274,	
gasto 1 265 1 273,	
peso 2 265 2 272,3325,	
edad 2 265 2 271,669,	
exploración 14 265 14 270,448,1344,1444,1490,1742,1963,2053,2129,2230,2446,3255,3264,3953,	
tipo 1 265 1 268,	
mezclarse 1 265 1 3680,	
dependiendo 2 265 2 266,666,	
varía 1 265 1 265,	
dosis 7 265 7 264,339,533,926,2592,3294,3344,	
náuseas 1 265 1 2469,	
La 21 265 21 263,818,951,1435,1585,1676,1730,1830,2572,2889,3187,3333,3353,3395,3539,3559,3619,3627,3835,3854,3989,	
efecto 1 265 1 998,	
administración 25 265 25 261,327,691,931,952,1063,1227,1380,1397,1405,1436,1457,1586,1762,2283,2477,2494,2731,2782,2824,3002,3237,3827,3887,3957,	
forma 2 265 2 259,1318,	
Posología 2 265 2 257,262,	
cardioangiografía 1 265 1 241,	
Niños 5 265 5 239,594,604,613,622,	
(1 1 265 1 1889,	
cama 1 265 1 1847,	
posibles 3 265 3 525,1521,2252,	
gastrointestinal 2 265 2 238,254,	
tracto 2 265 2 237,253,	
estudios 5 265 5 235,251,2081,3597,3673,	
sustracción 2 265 2 365,474,	
sialografía 1 265 1 233,	
(CPER) 1 265 1 232,	
colangiopancreatografía 3 265 3 229,3149,3212,	
grupo 1 265 1 1264,	
(PER) 1 265 1 228,	
retrógrada 4 265 4 227,231,3150,3213,	
exposición 1 265 1 2118,	
endoscópica 4 265 4 226,230,3151,3214,	
aproximadamente 1 265 1 3545,	
pancreatografía 1 265 1 225,	
histerosalpinografía 1 265 1 224,	
e 8 265 8 223,577,591,684,1120,1703,2405,2540,	
herniografía 2 265 2 222,3267,	
Artrografía 2 265 2 221,550,	
subaracnoidea 1 265 1 220,	
inyección 8 265 8 219,1649,2380,2588,3072,3474,3492,3666,	
pérdida 4 265 4 1175,2978,3016,3055,	
basales 2 265 2 215,519,	
cisternas 2 265 2 214,518,	
autoinyector/bomba 2 265 2 3998,4042,	
hipotensión 1 265 1 2534,	
cervical 3 265 3 203,491,503,	
torácica 2 265 2 202,487,	
lumbar 4 265 4 201,485,1204,2898,	
Mielografía 4 265 4 200,484,490,502,	
computarizada) 5 265 5 199,211,249,396,653,	
tomografía 6 265 6 198,210,248,385,638,2666,	
= 6 265 6 197,209,247,384,637,3350,	
(TC 5 265 5 196,208,246,370,629,	
TC 6 265 6 193,205,243,367,515,626,	
flebografía 1 265 1 191,	
urografía 2 265 2 190,242,	
angiografía 2 265 2 189,2836,	
Adultos 2 265 2 187,344,	
después 18 265 18 216,324,1060,1224,1417,1584,1646,2227,2377,2443,2779,2886,3252,3261,3359,3471,3950,4004,	
radiológico 1 265 1 183,	
contraste 56 265 56 182,195,207,245,303,315,369,628,767,788,809,856,910,956,994,1012,1067,1231,1301,1337,1348,1386,1409,1448,1494,1562,1572,1590,1654,1675,1681,1766,1918,1988,2019,2138,2177,2245,2269,2301,2320,2429,2568,2606,2647,2657,2786,2866,3118,3348,3375,3422,3443,3646,3939,4014,	
Medio 1 265 1 180,	
diagnóstico 1 265 1 179,	
Este 3 265 3 173,692,1882,	
Indicaciones 1 265 1 171,	
	"4 1 265 1 169,	
CLÍNICOS 1 265 1 168,	
espinal 1 265 1 1200,	
DATOS 2 265 2 167,3649,	
4 18 265 18 166,255,469,611,712,713,730,772,773,949,1901,1944,1945,2054,2204,2232,3268,3691,	
amarilla 1 265 1 165,	
hallándose 1 265 1 2653,	
ligeramente 1 265 1 164,	
o 36 265 36 163,738,799,804,822,900,1129,1138,1178,1211,1329,1418,1479,1979,2032,2090,2099,2134,2219,2363,2381,2396,2418,2506,2638,2641,2685,2712,2737,2744,2830,2883,2947,2950,3387,3842,	
incolora 1 265 1 162,	
clara 1 265 1 161,	
estéril 1 265 1 160,	
acuosa 1 265 1 159,	
	Solución 1 265 1 156,	
FARMACÉUTICA 1 265 1 155,	
FORMA 1 265 1 154,	
3 7 265 7 153,536,620,731,3403,3578,3684,	
6 14 265 14 151,511,728,729,1841,2055,3648,3667,3683,3690,3713,3829,3830,4060,	
sección 6 265 6 150,711,727,2547,2845,3095,	
ver 4 265 4 149,710,726,2274,	
excipientes 4 265 4 148,743,1881,3655,	
completa 1 265 1 146,	
lista 1 265 1 145,	
Para 8 265 8 143,328,522,701,714,1207,1359,2273,	
755 1 265 1 133,	
inyectado 1 265 1 3518,	
647 1 265 1 106,	
yodo) 3 265 3 88,115,142,	
únicamente 2 265 2 176,3864,	
(equivalentes 3 265 3 83,110,137,	
Arteriografía 1 265 1 464,	
iohexol 7 265 7 82,109,136,3477,3517,3584,3604,	
terapéuticas 1 265 1 172,	
518 1 265 1 79,	
contiene 4 265 4 78,105,132,1884,	
elevado 1 265 1 3276,	
· 28 265 28 62,89,116,733,744,747,757,768,2342,2408,2447,2458,2485,2623,2688,2716,2747,2765,2815,2900,2965,2993,3121,3135,3160,3172,3198,3228,	
	 2 265 2 61,4125,	
CUANTITATIVA 1 265 1 60,	
Y 1 265 1 59,	
CUALITATIVA 1 265 1 58,	
COMPOSICIÓN 1 265 1 57,	
2 8 265 8 56,256,3351,3509,3546,3668,3688,4062,	
300 13 265 13 40,94,112,387,417,426,445,495,508,585,640,3760,4091,	
IOHEXOL 18 265 18 36,46,63,90,117,722,753,843,2067,2147,3281,3562,3739,3756,3778,4077,4087,4097,	
EFG 12 265 12 35,45,55,72,99,126,3748,3765,3787,4086,4096,4106,	
solución 18 265 18 33,43,53,70,76,97,103,124,130,1038,3746,3763,3785,3855,3912,4084,4094,4104,	
I/ml 31 265 31 32,42,52,69,96,123,358,373,389,400,419,428,435,443,447,459,468,497,510,553,563,587,610,619,642,3745,3762,3784,4083,4093,4103,	
mg 39 265 39 31,41,51,68,80,86,95,107,113,122,134,140,357,372,388,399,418,427,434,442,446,458,467,496,509,552,562,586,609,618,641,1888,3323,3744,3761,3783,4082,4092,4102,	
240 10 265 10 30,67,85,356,371,551,608,617,3743,4081,	
	IOHEXOL 1 265 1 26,	
MEDICAMENTO 2 265 2 25,3434,	
DEL 2 265 2 24,4123,	
DENOMINACIÓN 1 265 1 23,	
ocasiones 2 265 2 1685,2341,	
información 1 265 1 19,	
Toda 1 265 1 17,	
cardiovascular 1 265 1 3621,	
medicamento 6 265 6 16,21,174,693,1883,3677,	
Basica 1 265 1 14,	
	Información 1 265 1 13,	
ml 24 265 24 12,74,101,128,377,393,404,501,514,557,568,582,636,656,3755,3772,3774,3777,3794,3797,3802,3809,3818,4138,	
50 6 265 6 11,556,3754,3771,3793,3801,	
bolsa 4 265 4 9,3946,4021,4135,	
atención 1 265 1 1025,	
1 12 265 12 8,22,73,100,127,152,170,567,1094,3436,3652,4134,	
precauciones 3 265 3 776,1501,1948,	
inyectable 18 265 18 7,34,44,54,71,77,98,104,125,131,157,3747,3764,3786,4085,4095,4105,4133,	
Solución 3 265 3 6,158,4132,	
mgI/ml 2 265 2 5,4131,	
350 13 265 13 4,50,121,139,398,433,441,457,466,561,3782,4101,4130,	
S 23 265 23 3,29,39,49,66,93,120,725,756,846,2070,2150,3284,3565,3742,3759,3781,4052,4056,4080,4090,4100,4129,	
E 22 265 22 2,28,38,48,65,92,119,724,755,845,2069,2149,3283,3564,3741,3758,3780,4051,4079,4089,4099,4128,	
G 21 265 21 1,27,37,47,64,91,118,723,754,844,2068,2148,3282,3563,3740,3757,3779,4078,4088,4098,4127,	
IIohexol 1 265 1 0,	
