	Prospectos 1 398 1 6828,	
2514000 1 398 1 6797,	
+3705 1 398 1 6796,	
Lietuvoje 1 398 1 6794,	
331111 1 398 1 6788,	
1737 1 398 1 6787,	
(0) 1 398 1 6786,	
+44 1 398 1 6785,	
775 1 398 1 6783,	
35 1 398 1 6782,	
+371 1 398 1 6780,	
Latvij 1 398 1 6776,	
Kingdom 1 398 1 6771,	
Latvija 1 398 1 6769,	
LTD 1 398 1 6767,	
ARAOUZOS 1 398 1 6766,	
& 1 398 1 6765,	
AB 1 398 1 6762,	
+39 1 398 1 6756,	
Italia 2 398 2 6749,6751,	
Suomi/Finland 1 398 1 6748,	
535 1 398 1 6746,	
+354 1 398 1 6745,	
Vistor 1 398 1 6742,	
363 1 398 1 6740,	
633 1 398 1 6739,	
Slovenija 1 398 1 6732,	
34 1 398 1 6730,	
07 1 398 1 6729,	
670 1 398 1 6781,	
58 1 398 1 6728,	
(0)1 1 398 1 6727,	
+33 1 398 1 6726,	
France 1 398 1 6723,	
România 1 398 1 6722,	
99 1 398 1 6720,	
490 1 398 1 6719,	
+34 1 398 1 6717,	
Portugal 1 398 1 6711,	
678 1 398 1 6709,	
210 1 398 1 6708,	
+30 1 398 1 6707,	
E 1 398 1 6706,	
Hellas 1 398 1 6704,	
z 1 398 1 6700,	
Sp 1 398 1 6699,	
Polska 2 398 2 6696,6698,	
405 1 398 1 6694,	
filiaal 1 398 1 6690,	
SARL 3 398 3 6688,6774,6792,	
Luxembourg 3 398 3 6687,6773,6791,	
Österreich 1 398 1 6684,	
52 1 398 1 6681,	
+47 1 398 1 6679,	
9000 1 398 1 6677,	
6101 1 398 1 6676,	
+49 1 398 1 6674,	
AS 1 398 1 6672,	
GmbH 1 398 1 6670,	
Pharma 1 398 1 6669,	
Norge 1 398 1 6667,	
Deutschland 1 398 1 6666,	
44 1 398 1 6662,	
Nederland 1 398 1 6656,	
111 1 398 1 6655,	
004 1 398 1 6654,	
283 1 398 1 6653,	
+420 1 398 1 6652,	
s 1 398 1 6648,	
Ceská 1 398 1 6645,	
Malta 1 398 1 6644,	
4333 1 398 1 6643,	
970 1 398 1 6642,	
+359 1 398 1 6640,	
00 4 398 4 6639,6665,6683,6721,	
+ 1 398 1 6634,	
Tel 10 398 10 6633,6651,6673,6691,6716,6737,6755,6779,6784,6795,	
Magyarország 1 398 1 6632,	
554 2 398 2 6623,6629,	
(0)2 2 398 2 6622,6628,	
+32 2 398 2 6621,6627,	
Tél/Tel 2 398 2 6620,6626,	
V 1 398 1 6616,	
S 4 398 4 6612,6618,6714,6752,	
Luxembourg/Luxemburg 1 398 1 6610,	
België/Belgique/Belgien 1 398 1 6609,	
titular 1 398 1 6603,	
dirigiéndose 1 398 1 6598,	
Pueden 1 398 1 6590,	
fabricación 1 398 1 6579,	
Responsable 1 398 1 6576,	
autorización 2 398 2 6564,6606,	
Aspecto 1 398 1 6479,	
cloruro 1 398 1 6457,	
Con 1 398 1 6435,	
	Composición 1 398 1 6424,	
necesita 1 398 1 6411,	
deshacerse 1 398 1 6401,	
Pregunte 1 398 1 6396,	
basura 1 398 1 6395,	
desagües 1 398 1 6391,	
tirar 1 398 1 6388,	
fecha 1 398 1 6375,	
8ºC) 1 398 1 6348,	
" 1 398 1 6326,	
mencionado 1 398 1 6316,	
aprecia 1 398 1 6311,	
diarrea 1 398 1 6309,	
estómago 1 398 1 6305,	
calambres 1 398 1 6302,	
acelerado 1 398 1 6301,	
pulso 1 398 1 6300,	
boca 1 398 1 6284,	
respiración 1 398 1 6278,	
respiratoria 1 398 1 6275,	
dificultad 1 398 1 6274,	
solicite 1 398 1 6260,	
Raramente 1 398 1 6242,	
24 1 398 1 6241,	
enzimas 1 398 1 6237,	
generalizado 1 398 1 6233,	
tacto 1 398 1 6226,	
nocturna 1 398 1 6218,	
sudoración 1 398 1 6217,	
respiratorio 1 398 1 6196,	
tracto 1 398 1 6195,	
principal) 1 398 1 6192,	
sanguíneo 1 398 1 6191,	
(vaso 1 398 1 6190,	
aorta 1 398 1 6189,	
dilatación 1 398 1 6186,	
arterial 1 398 1 6184,	
deformación 1 398 1 6106,	
movimiento 1 398 1 6078,	
vuelto 1 398 1 6073,	
33 1 398 1 6758,	
arteria 1 398 1 6068,	
oclusión 2 398 2 6065,6110,	
(iris) 1 398 1 6064,	
coloreada 1 398 1 6061,	
(retina) 1 398 1 6053,	
situada 2 398 2 6047,6114,	
capa 1 398 1 6046,	
desplazamiento 1 398 1 6041,	
descenso 1 398 1 6020,	
(chalazión) 1 398 1 6019,	
pequeño 1 398 1 6009,	
retiniana) 1 398 1 6008,	
(cicatriz 1 398 1 6007,	
caídos 1 398 1 6002,	
erosión 1 398 1 5990,	
alterado) 1 398 1 5988,	
pupilar 1 398 1 5987,	
reacción 3 398 3 5979,6027,6249,	
fondo 3 398 3 5970,6050,6117,	
pequeños 1 398 1 5955,	
(queratitis) 1 398 1 5954,	
(reflejo 1 398 1 5986,	
(vítreo) 1 398 1 5941,	
nasal 1 398 1 5870,	
pupila 3 398 3 5824,6057,6109,	
agrandamiento 1 398 1 5821,	
picor 4 398 4 5814,5973,6216,6295,	
irritación 3 398 3 5811,6081,6200,	
secreción 3 398 3 5809,5869,6121,	
lagrimeo 1 398 1 5800,	
externa 1 398 1 5793,	
hinchazón 3 398 3 5778,5783,6281,	
(córnea) 3 398 3 5777,5966,6000,	
(catarata) 1 398 1 5770,	
cristalino 1 398 1 5769,	
opacificación 1 398 1 5767,	
desgarro 2 398 2 5762,6043,	
cuerpo 2 398 2 5755,5765,	
(alteración 1 398 1 5753,	
gelatinosa 2 398 2 5747,6125,	
periorbital) 1 398 1 5736,	
(hemorragia 2 398 2 5735,5741,	
posiblemente 4 398 4 5697,5851,5907,6164,	
Otros 4 398 4 5672,5825,5871,6128,	
presente 1 398 1 5667,	
lea 1 398 1 5652,	
(""Tenga 1 398 1 5645,	
descritos 1 398 1 5637,	
desarrollarse 1 398 1 5617,	
oscuras) 1 398 1 5609,	
flotantes' 1 398 1 5606,	
`moscas 1 398 1 5605,	
(como 1 398 1 5604,	
puntos 1 398 1 5600,	
puntiforme) 1 398 1 5596,	
repentina 2 398 2 6231,6276,	
(queratitis 1 398 1 5595,	
superficie 7 398 7 5592,5774,5792,5927,5951,5963,5997,	
marcas 1 398 1 5589,	
están 2 398 2 5559,5636,	
clínicos) 5 398 5 5558,5692,5846,5902,6159,	
ayudará 1 398 1 6415,	
mayor 1 398 1 5542,	
comunicados 5 398 5 5540,5676,5830,5875,6133,	
GEO 1 398 1 6763,	
personas 1 398 1 5536,	
igual 1 398 1 5522,	
	"Al 1 398 1 5521,	
EFECTOS 1 398 1 5519,	
POSIBLES 1 398 1 5518,	
23 1 398 1 5516,	
aparición 2 398 2 5486,5728,	
antibiótico) 1 398 1 5479,	
utilice 2 398 2 5467,6370,	
recomiende 1 398 1 5465,	
rápido 1 398 1 5454,	
United 1 398 1 6770,	
pueda 2 398 2 5441,5634,	
permitirá 1 398 1 5434,	
100 4 398 4 5687,5841,5887,6145,	
desensibilizante) 1 398 1 5432,	
siga 1 398 1 5417,	
informe 2 398 2 5402,6320,	
cuidadosamente 1 398 1 5399,	
lave 1 398 1 5396,	
oftálmicas 2 398 2 5392,5472,	
antibiótico 2 398 2 5389,5469,	
determinará 1 398 1 5371,	
sustancia 2 398 2 5352,6124,	
	Su 1 398 1 5310,	
desaparezcan 1 398 1 5303,	
ocurriera 1 398 1 5294,	
temporalmente 1 398 1 5286,	
Vd 1 398 1 5281,	
Conducción 1 398 1 5276,	
pasa 1 398 1 5247,	
quedarse 1 398 1 5230,	
piensa 1 398 1 5229,	
cara 1 398 1 6287,	
embarazada 2 398 2 5227,5231,	
potenciales 1 398 1 5224,	
desconocen 1 398 1 5221,	
embarazadas; 1 398 1 5217,	
adquiridos 1 398 1 5206,	
recientemente 1 398 1 5200,	
utilizando 1 398 1 5196,	
sequedad 1 398 1 5806,	
Uso 1 398 1 5183,	
realizarle 1 398 1 5176,	
corto 1 398 1 5164,	
incrementada 1 398 1 5161,	
verse 1 398 1 5160,	
tratado 1 398 1 5158,	
contactar 1 398 1 5142,	
manchas 3 398 3 5135,5598,5608,	
pequeñas 3 398 3 5134,5588,5597,	
luz 3 398 3 5128,5727,5985,	
sensibilidad 2 398 2 5125,5724,	
enrojecimiento 2 398 2 5112,5818,	
molestia 2 398 2 5108,5715,	
subconjuntival) 1 398 1 5742,	
notase 1 398 1 5096,	
Consulte 2 398 2 5090,5264,	
rápidamente 1 398 1 5088,	
tipo 3 398 3 5083,5354,5476,	
identificar 1 398 1 5079,	
importante 1 398 1 5078,	
posteriores) 1 398 1 5076,	
interna 3 398 3 5064,5623,5938,	
producirse 1 398 1 5058,	
Ocasionalmente 2 398 2 5056,5610,	
contacte 2 398 2 5037,5146,	
alrededor 2 398 2 5027,5732,	
componentes 2 398 2 5017,6455,	
(hipersensible) 1 398 1 5006,	
r 2 398 2 6649,6753,	
use 2 398 2 5001,5388,	
sola 1 398 1 4990,	
utilizada 1 398 1 4988,	
protectora 1 398 1 4982,	
tipos 1 398 1 4950,	
sangrado 1 398 1 4938,	
deteniendo 1 398 1 4936,	
Danmark 1 398 1 6657,	
anómalos 2 398 2 4934,4956,	
actúa 1 398 1 4924,	
rápida 1 398 1 4920,	
distorsione 1 398 1 4904,	
consecuencia 2 398 2 4902,5444,	
grosor 1 398 1 4896,	
aumente 1 398 1 4894,	
provocan 1 398 1 4890,	
sanguíneos 4 398 4 4869,4881,4933,4955,	
Es 1 398 1 5077,	
vasos 4 398 4 4868,4880,4932,4954,	
anómalo 1 398 1 4866,	
tareas 1 398 1 4854,	
pequeña 2 398 2 4851,5989,	
leer 1 398 1 4849,	
fina 1 398 1 4840,	
tenga 1 398 1 4836,	
alérgico 3 398 3 5005,5043,5411,	
permite 1 398 1 4832,	
posterior 1 398 1 4827,	
zona 1 398 1 4826,	
localizada 1 398 1 4823,	
(llamada 1 398 1 4821,	
central 5 398 5 4817,4839,4910,5948,5994,	
resultado 1 398 1 4811,	
pérdida 2 398 2 4807,4915,	
Esta 1 398 1 4803,	
administre 1 398 1 4782,	
le 7 398 7 4781,5293,5312,5427,5464,5508,5657,	
será 2 398 2 4779,4987,	
Su 3 398 3 4777,5173,5361,	
presenta 2 398 2 4770,6488,	
significa 1 398 1 4753,	
oftalmológico 1 398 1 4750,	
SE 1 398 1 4742,	
QUÉ 2 398 2 4736,4741,	
adicional 1 398 1 4734,	
Conservación 1 398 1 4729,	
efectos 6 398 6 4726,5530,5673,5826,5872,6129,	
Posibles 1 398 1 4725,	
Cómo 1 398 1 4721,	
utiliza 2 398 2 4714,4787,	
Estos 1 398 1 4878,	
Qué 1 398 1 4707,	
Contenido 1 398 1 4703,	
farmacéutico 5 398 5 4702,5193,5269,6325,6399,	
médico 15 398 15 4700,4778,5040,5093,5145,5174,5191,5235,5267,5311,5362,5384,5405,5426,6323,	
duda 1 398 1 4696,	
leerlo 1 398 1 4691,	
volver 1 398 1 4689,	
empezar 1 398 1 4675,	
21 2 398 2 4661,6760,	
abrirse 1 398 1 4644,	
	No 2 398 2 4642,5000,	
l 2 398 2 4639,6754,	
	Lot 1 398 1 4627,	
Bolsa 1 398 1 4579,	
µl 1 398 1 4567,	
VOLUMEN 2 398 2 4562,4634,	
PESO 2 398 2 4560,4632,	
	 3 398 3 4547,4552,4616,	
Jeringa 1 398 1 4522,	
PRIMARIOS 2 398 2 4521,4578,	
ACONDICIONAMIENTOS 2 398 2 4520,4577,	
PEQUEÑOS 2 398 2 4519,4576,	
INCLUIRSE 2 398 2 4517,4574,	
MÍNIMA 2 398 2 4514,4571,	
Braille 1 398 1 4512,	
incluir 1 398 1 4508,	
justificación 1 398 1 4505,	
acepta 1 398 1 4503,	
BRAILLE 1 398 1 4501,	
pedirle 1 398 1 5386,	
INFORMACION 1 398 1 4499,	
NÚMERO 3 398 3 4479,4554,4624,	
13 1 398 1 4478,	
CORRESPONDA) 1 398 1 4449,	
(CUANDO 1 398 1 4448,	
SU 1 398 1 4446,	
DERIVADOS 1 398 1 4444,	
MATERIALES 1 398 1 4443,	
UTILIZADO 1 398 1 4439,	
NO 1 398 1 4438,	
ELIMINACIÓN 1 398 1 4435,	
PRECAUCIONES 1 398 1 4432,	
	Conservar 1 398 1 4426,	
{MM/AAAA} 2 398 2 4420,4622,	
	CAD 2 398 2 4419,4621,	
NECESARIO 1 398 1 4414,	
ES 2 398 2 4413,4737,	
SI 1 398 1 4412,	
ESPECIALES 3 398 3 4411,4423,4433,	
11 4 398 4 4450,6625,6631,6664,	
ADVERTENCIAS 1 398 1 4410,	
vista 2 398 2 4404,6338,	
MANTENERSE 1 398 1 4396,	
Tenga 1 398 1 5030,	
ESPECIAL 1 398 1 4390,	
prospecto 7 398 7 4382,4671,4683,4705,5644,6319,6799,	
ADMINISTRACIÓN 2 398 2 4377,4531,	
VÍA(S) 2 398 2 4375,4529,	
ENVASE 1 398 1 4348,	
agua 2 398 2 4338,6475,	
hidróxido 2 398 2 4333,6470,	
fosfato 4 398 4 4323,4328,6460,6465,	
	Cloruro 1 398 1 4320,	
EXCIPIENTES 1 398 1 4319,	
ACTIVO(S) 1 398 1 4283,	
PRINCIPIO(S) 1 398 1 4282,	
Estuche 1 398 1 4267,	
caducidad 1 398 1 6377,	
EXTERIOR 1 398 1 4266,	
EMBALAJE 1 398 1 4265,	
EL 2 398 2 4264,4393,	
QUE 4 398 4 4260,4392,4515,4572,	
16 2 398 2 4258,4498,	
PROSPECTO 2 398 2 4254,4660,	
III 1 398 1 4251,	
ANEXO 1 398 1 4250,	
presentarla 1 398 1 4235,	
Human 1 398 1 4232,	
for 2 398 2 4228,4231,	
Systems 1 398 1 4227,	
Management 1 398 1 4226,	
titulada 1 398 1 4224,	
Guideline 1 398 1 4221,	
Esto 2 398 2 4214,5433,	
evaluación 1 398 1 4213,	
fechas 1 398 1 4209,	
Unión 1 398 1 4206,	
efectividad 1 398 1 4195,	
metolodología 1 398 1 4191,	
propuesta 1 398 1 4189,	
proporcionar 1 398 1 4187,	
plan) 1 398 1 4168,	
management 1 398 1 4167,	
(risk 1 398 1 4166,	
gestión 1 398 1 4163,	
detallan 1 398 1 4158,	
comprometido 2 398 2 4149,4185,	
Gestión 1 398 1 4137,	
Plan 2 398 2 4135,4172,	
mercado 1 398 1 4134,	
06 1 398 1 6757,	
gelatinoso 1 398 1 5355,	
encuentre 1 398 1 4131,	
funcionamiento 1 398 1 4124,	
Eesti 2 398 2 6685,6689,	
marcha 1 398 1 4120,	
puesto 1 398 1 4118,	
Módulo 1 398 1 4107,	
presentada 1 398 1 4104,	
versión 1 398 1 4101,	
describe 1 398 1 4098,	
Farmacovigilancia 3 398 3 4079,4093,4174,	
Sistema 2 398 2 4077,4091,	
OTRAS 2 398 2 4075,4409,	
urgente 1 398 1 4073,	
cuándo 1 398 1 4068,	
m) 1 398 1 4064,	
clave 1 398 1 4051,	
signos 1 398 1 4048,	
identificación 2 398 2 4046,4066,	
focalizadas 1 398 1 4042,	
notificación 1 398 1 4006,	
k) 1 398 1 4004,	
desarrollo 1 398 1 4001,	
USAR 2 398 2 4998,5308,	
favorecen 1 398 1 3999,	
j) 1 398 1 3990,	
(PIO) 1 398 1 3981,	
control 2 398 2 3974,3984,	
h) 1 398 1 3972,	
g) 1 398 1 3966,	
garantizar 1 398 1 3960,	
f) 1 398 1 3954,	
limpieza 1 398 1 3950,	
e) 1 398 1 3948,	
correspondiente 1 398 1 4296,	
iodada 1 398 1 3947,	
povidona 1 398 1 3946,	
hematoma 1 398 1 6084,	
antibióticos 1 398 1 3941,	
c) 1 398 1 3937,	
infección 6 398 6 3936,5023,5060,5085,5489,5619,	
levante 1 398 1 4899,	
técnicas 2 398 2 3929,3968,	
b) 1 398 1 3927,	
pivotales 1 398 1 3926,	
realizó 1 398 1 3921,	
a) 1 398 1 3913,	
educación 1 398 1 3911,	
endoftalmitis) 1 398 1 3907,	
ej 1 398 1 3906,	
(p 1 398 1 3905,	
asociados 2 398 2 3898,4057,	
reducir 2 398 2 3894,5435,	
medidas 3 398 3 3891,4041,4198,	
serie 2 398 2 3889,4039,	
consistirá 2 398 2 3886,4036,	
Este 3 398 3 3884,4034,6798,	
seguro 2 398 2 3879,4029,	
Sími 1 398 1 6744,	
respaldar 2 398 2 3876,4026,	
minimizar 3 398 3 3871,3932,4021,	
objetivo 2 398 2 3869,4019,	
sanitarios 1 398 1 3866,	
profesionales 1 398 1 3865,	
médicos 1 398 1 3863,	
Miembros 1 398 1 3856,	
Estados 1 398 1 3855,	
competentes 1 398 1 3852,	
autoridades 1 398 1 3851,	
acordado 1 398 1 3848,	
comercializar 1 398 1 3843,	
nacional 1 398 1 3840,	
implementar 1 398 1 3837,	
deberá 2 398 2 3836,5363,	
Comercialización 5 398 5 3835,4086,4115,4146,4182,	
Autorización 5 398 5 3833,4084,4113,4144,4180,	
UNIDADES 2 398 2 4565,4637,	
Titular 5 398 5 3830,4081,4141,4177,6561,	
UTILIZACIÓN 1 398 1 3823,	
CON 1 398 1 3821,	
RELACIÓN 1 398 1 3820,	
Características 1 398 1 3809,	
Técnica 1 398 1 3804,	
LOTE 3 398 3 4481,4556,4626,	
Ficha 1 398 1 3803,	
Anexo 1 398 1 3801,	
(Ver 1 398 1 3800,	
restringida 1 398 1 3799,	
médica 4 398 4 3798,4072,4493,5497,	
sujeto 2 398 2 3795,4490,	
AL 1 398 1 3787,	
IMPUESTAS 1 398 1 3786,	
requerir 1 398 1 4070,	
DISPENSACIÓN 2 398 2 3783,4488,	
RESTRICCIONES 2 398 2 3781,3818,	
· 5 398 5 3778,3815,3857,4011,4074,	
Irlanda 2 398 2 3770,6589,	
Dublin 2 398 2 3769,6588,	
Co 2 398 2 3768,6587,	
Laoghaire 2 398 2 3767,6586,	
Dun 2 398 2 3766,6585,	
Pottery 2 398 2 3764,6583,	
Pharmaceuticals 2 398 2 3763,6582,	
Pfizer 22 398 22 3761,4461,4658,6567,6580,6611,6617,6647,6658,6668,6671,6686,6697,6703,6713,6724,6734,6750,6761,6772,6777,6790,	
lotes 1 398 1 3760,	
liberación 1 398 1 3757,	
Tél 1 398 1 6725,	
responsable 1 398 1 3754,	
fabricante 1 398 1 3753,	
dirección 1 398 1 3751,	
Nombre 1 398 1 3749,	
B 3 398 3 3728,3771,4659,	
LOTES 2 398 2 3727,3748,	
{número} 2 398 2 4483,4628,	
LOS 3 398 3 3726,3747,4442,	
FABRICACIÓN 2 398 2 3720,3741,	
eu/ 2 398 2 3713,6827,	
europa 2 398 2 3712,6826,	
emea 2 398 2 3711,6825,	
http 2 398 2 3709,6823,	
(EMEA) 2 398 2 3708,6822,	
Medicamento 4 398 4 3707,3794,4489,6821,	
debiendo 1 398 1 4234,	
Europea 3 398 3 3705,4207,6819,	
Agencia 2 398 2 3704,6818,	
Vía 2 398 2 4378,4605,	
web 2 398 2 3701,6815,	
disponible 2 398 2 3697,6811,	
detallada 2 398 2 3692,6806,	
TEXTO 1 398 1 3689,	
31/01/2006 1 398 1 3682,	
AUTORIZACIÓN/RENOVACIÓN 1 398 1 3678,	
PRIMERA 1 398 1 3677,	
FECHA 5 398 5 3674,3684,4416,4549,4618,	
NÚMERO(S) 2 398 2 3667,4472,	
Unido 3 398 3 3665,4470,6575,	
Reino 3 398 3 3664,4469,6574,	
9NJ 3 398 3 3663,4468,6573,	
CT13 3 398 3 3662,4467,6572,	
Kent 2 398 2 3661,4466,	
Road 5 398 5 3659,3765,4464,6570,6584,	
Limited 4 398 4 3657,4462,6568,6778,	
	Pfizer 1 398 1 3656,	
COMERCIALIZACIÓN 9 398 9 3655,3671,3734,3777,3793,4460,4476,4546,4615,	
LA 15 398 15 3652,3676,3680,3686,3717,3723,3731,3738,3744,3774,3790,3822,4457,4543,4612,	
EFICAZ 1 398 1 3826,	
normativa 1 398 1 3647,	
acuerdo 1 398 1 3644,	
realizará 1 398 1 3642,	
materiales 1 398 1 3633,	
utilizado 4 398 4 3628,4943,5199,5213,	
preparado 2 398 2 3617,4653,	
haya 2 398 2 3616,4651,	
(iritis) 1 398 1 6098,	
extraerse 1 398 1 3605,	
desvanecimiento 1 398 1 6299,	
evitar 2 398 2 3600,5484,	
mantenido 2 398 2 3588,6358,	
inyectada 1 398 1 3580,	
ambiente 4 398 4 3576,3591,6361,6420,	
asistencia 1 398 1 6261,	
destellos 1 398 1 5730,	
temperatura 3 398 3 3575,3590,6360,	
alcance 3 398 3 3573,4400,6334,	
completo 1 398 1 3554,	
punto 1 398 1 3545,	
garantice 1 398 1 3536,	
manera 1 398 1 3533,	
alineada 1 398 1 3526,	
Inmediatamente 1 398 1 3511,	
impresa 1 398 1 3507,	
dosificación 2 398 2 3506,3531,	
línea 3 398 3 3504,3529,4218,	
empujar 1 398 1 3499,	
vástago) 1 398 1 3495,	
próxima 1 398 1 3493,	
(la 1 398 1 3491,	
estría 2 398 2 3483,3518,	
última 2 398 2 3482,3517,	
salir 1 398 1 3465,	
forzar 1 398 1 3463,	
suavemente 1 398 1 3458,	
Posteriormente 1 398 1 3453,	
suban 1 398 1 3445,	
dedo 1 398 1 3437,	
suaves 1 398 1 3434,	
golpecitos 1 398 1 3433,	
darse 1 398 1 3431,	
tuviera 1 398 1 3429,	
Si 9 398 9 3427,4693,5003,5020,5139,5225,5291,5491,6310,	
interior 2 398 2 3426,5786,	
burbujas 3 398 3 3423,3444,3467,	
vertical 1 398 1 3420,	
posición 1 398 1 3419,	
colocada 1 398 1 3417,	
insertada 1 398 1 3415,	
Debe 2 398 2 3406,3563,	
producto 3 398 3 3405,4129,6481,	
párpado 5 398 5 5782,5788,6013,6072,6083,	
permita 1 398 1 3401,	
pulgada 1 398 1 3397,	
G 1 398 1 3394,	
30 2 398 2 3393,4238,	
ó 1 398 1 3392,	
ANTES 1 398 1 4996,	
27 1 398 1 3391,	
insertar 1 398 1 3387,	
quitarse 1 398 1 3376,	
unido 1 398 1 3352,	
coche 1 398 1 4848,	
falta 1 398 1 3348,	
+35722818087 1 398 1 6768,	
existiera 1 398 1 3339,	
observan 1 398 1 3334,	
turbia 1 398 1 3331,	
frecuentemente 4 398 4 5677,5831,5877,6135,	
provoca 1 398 1 4805,	
eliminación 2 398 2 3316,3624,	
suministra 3 398 3 3308,4369,6558,	
elastomérico 2 398 2 3304,6554,	
protector 3 398 3 3303,3378,6553,	
cierra 2 398 2 3300,6550,	
cuyo 2 398 2 3296,6546,	
lock 3 398 3 3295,3383,6545,	
luer 3 398 3 3294,3382,6544,	
denominado 2 398 2 3293,6543,	
policarbonato 2 398 2 3291,6541,	
adaptador 3 398 3 3288,3381,6538,	
plástico 6 398 6 3283,3292,3358,3373,6533,6542,	
ocurrido 5 398 5 5546,5680,5834,5880,6138,	
sujección 4 398 4 3281,3356,3371,6531,	
soporte 4 398 4 3279,3354,3369,6529,	
prefijado 7 398 7 3273,3289,4366,4591,4977,6523,6539,	
elastomérica 3 398 3 3268,4973,6518,	
estanqueidad 8 398 8 3267,3478,3488,3523,4362,4587,4972,6517,	
junta 8 398 8 3265,3476,3486,3521,4360,4585,4970,6515,	
sellada 3 398 3 3262,4983,6512,	
ml 2 398 2 3261,6511,	
I 3 398 3 3258,3802,6508,	
Tipo 2 398 2 3257,6507,	
vidrio 3 398 3 3256,4775,6506,	
estuche 1 398 1 3250,	
depósito 1 398 1 6091,	
bolsa 5 398 5 3247,3612,4646,4981,6500,	
contiene 4 398 4 3245,4355,4965,6498,	
Cada 4 398 4 3243,4353,4961,6496,	
hepáticas 1 398 1 6238,	
comercializa 1 398 1 3235,	
contenido 3 398 3 3230,3553,6483,	
Naturaleza 1 398 1 3228,	
congelar 3 398 3 3225,4430,6350,	
8oC) 1 398 1 3223,	
Además 1 398 1 4175,	
2ºC 2 398 2 3221,6346,	
(entre 2 398 2 3220,6345,	
36 1 398 1 6635,	
nevera 4 398 4 3219,3562,4428,6344,	
Conservar 2 398 2 3217,6342,	
EU/1/05/325/002 2 398 2 3672,4477,	
conservación 1 398 1 3216,	
Precauciones 2 398 2 3213,3313,	
meses 1 398 1 3210,	
14 1 398 1 4484,	
Periodo 1 398 1 3206,	
mezclarse 1 398 1 3199,	
compatibilidad 1 398 1 3194,	
ausencia 1 398 1 3190,	
Incompatibilidades 1 398 1 3188,	
inyectables 3 398 3 3185,4341,6478,	
preparaciones 3 398 3 3184,4340,6477,	
Agua 1 398 1 3182,	
clorhídrico 3 398 3 3181,4337,6474,	
Ácido 1 398 1 3180,	
Lote 1 398 1 4482,	
Hidróxido 1 398 1 3177,	
AUTORIZACIÓN 12 398 12 3653,3669,3681,3718,3732,3739,3775,3791,4458,4474,4544,4613,	
heptahidratado 3 398 3 3176,4332,6469,	
dibásico 3 398 3 3173,4329,6466,	
prescripción 2 398 2 3797,4492,	
monobásico 3 398 3 3168,4324,6461,	
Fosfato 2 398 2 3167,3172,	
Medicinal 1 398 1 4229,	
Cloruro 1 398 1 3164,	
Lista 1 398 1 3161,	
	6 1 398 1 3159,	
FARMACÉUTICOS 1 398 1 3158,	
hembras 1 398 1 3155,	
machos 1 398 1 3153,	
apareamiento 1 398 1 3151,	
gotas 2 398 2 5391,5471,	
índices 1 398 1 3146,	
disponibles 1 398 1 3142,	
página 2 398 2 3700,6814,	
maternas 1 398 1 3130,	
05% 1 398 1 3125,	
amniótico 1 398 1 3121,	
líquido 2 398 2 3120,4888,	
limitada 1 398 1 3106,	
vástago 5 398 5 3272,4365,4590,4976,6522,	
relevancia 1 398 1 3104,	
considera 1 398 1 3098,	
humano 1 398 1 3093,	
estiman 1 398 1 3089,	
300 1 398 1 3082,	
AUC) 1 398 1 3081,	
base 1 398 1 3079,	
(calculados 1 398 1 3077,	
sólo 2 398 2 3069,4755,	
delanteras; 1 398 1 3067,	
patas 1 398 1 3066,	
falanges 1 398 1 3063,	
d) 1 398 1 3942,	
osificación 1 398 1 3060,	
(medicación 1 398 1 5431,	
ligero 1 398 1 3056,	
5%) 1 398 1 3053,	
(del 1 398 1 3052,	
crías 1 398 1 3051,	
peso 1 398 1 3048,	
reducción 1 398 1 3046,	
mg/kg/día 2 398 2 3042,3113,	
40 3 398 3 3041,3112,6731,	
fetal 1 398 1 3032,	
mortalidad 1 398 1 3031,	
teratogenicidad 1 398 1 3029,	
evidencias 1 398 1 3027,	
produjo 1 398 1 3023,	
carcinogénico 1 398 1 3018,	
existe 1 398 1 3012,	
genotoxicidad 1 398 1 3010,	
repetidas 1 398 1 3008,	
CONSERVACIÓN 2 398 2 4425,6328,	
farmacología 1 398 1 3002,	
convencionales 1 398 1 3000,	
según 3 398 3 2997,3846,3919,	
riesgos 2 398 2 2991,5223,	
+45 1 398 1 6661,	
muestran 1 398 1 2990,	
preclínicos 1 398 1 2979,	
mg/ojo) 1 398 1 2975,	
alta 2 398 2 2973,6185,	
toleró 1 398 1 2966,	
dado 1 398 1 2963,	
tolerado 1 398 1 2957,	
esté 1 398 1 2951,	
sean 1 398 1 2918,	
AUC 1 398 1 2896,	
asociarse 1 398 1 2886,	
persiguen 1 398 1 3893,	
disminución 3 398 3 2874,5118,5717,	
Una 2 398 2 2873,4284,	
debajo 3 398 3 2869,2881,4870,	
administrará 2 398 2 5313,5428,	
50 1 398 1 2847,	
comprendido 1 398 1 2845,	
rango 2 398 2 2842,2955,	
hombres 1 398 1 2838,	
metabolitos 1 398 1 2820,	
publicación 1 398 1 4243,	
inalterada 1 398 1 2817,	
eliminado 1 398 1 2812,	
exonucleasas 1 398 1 2807,	
nuevos 1 398 1 4879,	
endo- 1 398 1 2805,	
únicas 1 398 1 2794,	
sostenido 2 398 2 3276,6526,	
orina 2 398 2 2790,2824,	
encuentra 1 398 1 2786,	
2'-fluorouridina 1 398 1 2784,	
nucleótido 1 398 1 2783,	
vesículas 1 398 1 6034,	
componente 1 398 1 2782,	
intravítrea) 1 398 1 2778,	
(excluyendo 1 398 1 2769,	
riñón 1 398 1 2768,	
obtenidas 2 398 2 2765,2771,	
radiomarcado 2 398 2 2755,2800,	
Tanto 1 398 1 2743,	
acuoso 1 398 1 2742,	
proteger 1 398 1 6417,	
½ 1 398 1 3396,	
radioactividad 2 398 2 2729,2763,	
radiomarcada 1 398 1 2720,	
veinticuatro 1 398 1 2711,	
apreciables 1 398 1 2708,	
cantidades 1 398 1 2707,	
sangre 1 398 1 4886,	
periféricos 1 398 1 2705,	
tejidos 1 398 1 2704,	
llega 1 398 1 2701,	
principalmente 3 398 3 2695,2731,2821,	
intravenosa 2 398 2 2691,2752,	
ratas 1 398 1 2682,	
ratones 2 398 2 2681,3034,	
humor 3 398 3 2677,2735,2741,	
15% 1 398 1 2671,	
03% 1 398 1 2668,	
representante 1 398 1 6600,	
detenidamente 1 398 1 4672,	
monos 2 398 2 2646,2686,	
conejos 7 398 7 2643,2683,2727,2757,2780,2809,3138,	
70-100% 1 398 1 2641,	
absoluta 1 398 1 2627,	
valorado 1 398 1 2624,	
superan 1 398 1 2618,	
probablemente 2 398 2 2616,5560,	
perros 2 398 2 2644,2684,	
concentraciones 5 398 5 2612,2664,2759,3115,3128,	
mg/ojo 2 398 2 2610,2659,	
inferiores 1 398 1 2606,	
administra 3 398 3 2597,5049,6441,	
plasma 3 398 3 2594,2698,2788,	
acumula 1 398 1 2591,	
i) 1 398 1 3982,	
25 1 398 1 2583,	
aproximadamente 2 398 2 2582,2640,	
37 1 398 1 6638,	
frente 1 398 1 2578,	
(AUC) 1 398 1 2574,	
curva 1 398 1 2573,	
mácula) 1 398 1 4822,	
área 3 398 3 2570,5785,6060,	
ng/ml 2 398 2 2566,2620,	
+372 1 398 1 6692,	
80 1 398 1 2565,	
fuera 4 398 4 3468,4398,6075,6332,	
máxima 1 398 1 2560,	
conjuntiva 1 398 1 5804,	
concentración 2 398 2 2558,2576,	
10 6 398 6 2534,2619,2970,3683,4431,5553,	
veces 5 398 5 2528,2894,2971,3083,5337,	
(10 1 398 1 2527,	
monohidratado 3 398 3 3171,4327,6464,	
mono-ocular 2 398 2 2523,2550,	
Tlf 2 398 2 6660,6678,	
aparente 1 398 1 2516,	
semivida 1 398 1 2514,	
estándar 1 398 1 2511,	
desviación 1 398 1 2510,	
evidencia 1 398 1 3341,	
fertilidad 1 398 1 3148,	
± 2 398 2 2508,2535,	
probable 1 398 1 2494,	
disponibilidad 1 398 1 2487,	
limitante 1 398 1 2484,	
fase 1 398 1 2483,	
velocidad 1 398 1 2475,	
circulación 1 398 1 2464,	
lentamente 1 398 1 2461,	
Absorción 1 398 1 2455,	
farmacocinéticas 1 398 1 2454,	
concurrente 1 398 1 2430,	
consulte 2 398 2 4697,5232,	
ojos 5 398 5 2427,2662,2725,5398,5982,	
Ísland 1 398 1 6741,	
respecto 2 398 2 2410,6594,	
considerarse 1 398 1 2399,	
estadíos 1 398 1 2393,	
sea 3 398 3 2389,2497,5509,	
Informe 1 398 1 5188,	
pronto 2 398 2 2387,5506,	
iniciarse 1 398 1 2385,	
-8 1 398 1 2363,	
-13 1 398 1 2361,	
-12 1 398 1 2357,	
-9 1 398 1 2355,	
-7 1 398 1 2344,	
-4 1 398 1 2342,	
-2 2 398 2 2329,2331,	
53 1 398 1 2312,	
- 5 398 5 2303,4680,4692,6427,6452,	
simulado/ 1 398 1 2299,	
tto 2 398 2 2298,2304,	
3-0 2 398 2 2296,2301,	
54 3 398 3 2291,2309,2347,	
medios 1 398 1 2279,	
Resumen 2 398 2 2275,3806,	
interrumpieron 1 398 1 2259,	
aleatorización 1 398 1 2258,	
continuar 1 398 1 2249,	
olvidó 1 398 1 5492,	
continuada 1 398 1 2239,	
conservándose 1 398 1 2233,	
mantuvo 1 398 1 2221,	
favor 5 398 5 5036,5401,5416,5651,6259,	
102 4 398 4 2216,2231,2293,2368,	
semana 5 398 5 2215,2320,2333,2346,2367,	
interrumpiesen 1 398 1 2210,	
1800 1 398 1 6738,	
continuasen 1 398 1 2206,	
nivel 1 398 1 3839,	
volvieron 2 398 2 2199,2244,	
ADICIONAL 1 398 1 6423,	
053 1 398 1 2197,	
54) 1 398 1 2195,	
(semana 1 398 1 2194,	
cuidado 2 398 2 5032,5647,	
ensayo 1 398 1 2188,	
inicio 3 398 3 2186,2285,2401,	
utilización 4 398 4 2180,3939,3944,3956,	
iris 1 398 1 2176,	
final 1 398 1 2190,	
pigmentación 1 398 1 2174,	
sexo 1 398 1 2171,	
así 5 398 5 2165,2498,3874,4024,5757,	
subtipo 1 398 1 2150,	
independientemente 1 398 1 2148,	
demostró 1 398 1 2139,	
reclutados 1 398 1 2137,	
número 2 398 2 2134,5132,	
N 3 398 3 2133,2306,6615,	
-25 1 398 1 2132,	
-15 1 398 1 2130,	
-10 2 398 2 2129,2359,	
-5 1 398 1 2128,	
AV 6 398 6 2127,2282,2317,2326,2339,2352,	
(Letras) 1 398 1 2122,	
Semana 1 398 1 2120,	
66 3 398 3 2308,2310,2311,	
(LOCF) 2 398 2 2115,2294,	
ITT 1 398 1 2114,	
Análisis 1 398 1 2112,	
1; 1 398 1 2111,	
Año 2 398 2 2110,2116,	
Lea 1 398 1 4668,	
tiempo; 1 398 1 2109,	
0031) 1 398 1 2100,	
52% 1 398 1 2097,	
67% 1 398 1 2093,	
1004 1 398 1 2088,	
0105; 1 398 1 2086,	
59% 1 398 1 2083,	
73% 1 398 1 2079,	
1003 1 398 1 2074,	
EOP 2 398 2 2073,2087,	
USO 3 398 3 3785,4447,4497,	
0001; 1 398 1 2072,	
p= 3 398 3 2070,2084,2098,	
(conjuntiva) 1 398 1 5796,	
55% 1 398 1 2069,	
vs 3 398 3 2066,2080,2094,	
70% 1 398 1 2065,	
padecer 1 398 1 5442,	
3mg 3 398 3 2062,2076,2090,	
pre-especificado 1 398 1 2060,	
combinado 1 398 1 2059,	
(que 5 398 5 5544,5678,5832,5878,6136,	
tratar 1 398 1 5081,	
análisis 1 398 1 2058,	
CHMP 1 398 1 4223,	
perdieron 2 398 2 2048,2268,	
proporción 1 398 1 2044,	
decir 2 398 2 2042,5335,	
eficacia 2 398 2 2040,2442,	
variable 1 398 1 2037,	
estadísticamente 1 398 1 2027,	
inflamatorio 1 398 1 6018,	
obtuvo 1 398 1 2024,	
Al 2 398 2 2018,2189,	
20/320 1 398 1 2016,	
20/40 1 398 1 2014,	
inicial 4 398 4 2006,2153,2158,2164,	
previa 2 398 2 2000,2183,	
TFD 2 398 2 1999,2182,	
había 1 398 1 1995,	
les 1 398 1 1994,	
A 10 398 10 1990,2604,2709,3714,3735,4256,6613,6619,6705,6715,	
atrófico 1 398 1 1989,	
daño 4 398 4 1988,3343,4813,6099,	
comercialización 2 398 2 6566,6608,	
fibrótica 1 398 1 1986,	
25% 1 398 1 1982,	
y/o 2 398 2 1979,2184,	
subretiniana 1 398 1 1978,	
constituidas 1 398 1 1974,	
pudieron 1 398 1 1972,	
50% 1 398 1 1971,	
circunstancias 1 398 1 4913,	
asegurar 1 398 1 4088,	
discos 1 398 1 1965,	
áreas 1 398 1 1963,	
328 1 398 1 6695,	
tamaños 1 398 1 1957,	
clásica) 1 398 1 1955,	
mínimamente 1 398 1 1954,	
36% 1 398 1 1952,	
indigestión 1 398 1 6199,	
oculta 1 398 1 1948,	
39% 1 398 1 1946,	
clásica 2 398 2 1945,1950,	
(25% 1 398 1 1942,	
subtipos 1 398 1 1936,	
criterio 1 398 1 1922,	
distribuye 1 398 1 2694,	
predominantemente 2 398 2 1919,1944,	
lesiones 3 398 3 1918,1938,1959,	
verteporfina 1 398 1 1913,	
48 1 398 1 1903,	
recibir 5 398 5 1873,4655,5238,5272,5289,	
brazos 1 398 1 1861,	
útil 1 398 1 2415,	
tratamientos 1 398 1 1851,	
4-8 1 398 1 1849,	
77 1 398 1 1839,	
(control)] 1 398 1 1833,	
l) 1 398 1 4044,	
sham 1 398 1 1832,	
simulado 6 398 6 1830,1877,2068,2082,2096,2305,	
298 1 398 1 1827,	
[892 1 398 1 1824,	
190 1 398 1 1822,	
trató 1 398 1 1817,	
EOP1004) 1 398 1 1810,	
diseño 1 398 1 1808,	
idéntico 1 398 1 1807,	
ciego 1 398 1 1804,	
aleatorizados 4 398 4 1801,1871,2202,2247,	
DMAE 5 398 5 1789,1814,1940,4860,4960,	
receta 1 398 1 5208,	
fluoresceína 1 398 1 1784,	
exudado 1 398 1 1782,	
NVC) 1 398 1 1777,	
(tamaño 1 398 1 1776,	
coroidea 1 398 1 1775,	
lesión 3 398 3 1768,2152,2157,	
experimenta 1 398 1 6265,	
medio 8 398 8 1766,2102,2124,2314,2323,2336,2349,6419,	
Datos 1 398 1 2978,	
tamaño 4 398 4 1765,1771,1780,2155,	
reduce 1 398 1 1761,	
demostrado 2 398 2 1758,2438,	
hizo 1 398 1 1755,	
normal 1 398 1 1741,	
vasculatura 1 398 1 1740,	
plasmáticas 3 398 3 2613,2665,3129,	
isoformas 2 398 2 1731,1749,	
suprimir 1 398 1 1720,	
eficaz 3 398 3 1718,3881,4031,	
DEBE 4 398 4 4261,4395,4516,4573,	
mostró 1 398 1 1716,	
selectiva 1 398 1 1712,	
posible 4 398 4 1854,2390,5089,5510,	
inhibición 4 398 4 1711,1727,1745,4927,	
patológica 2 398 2 1707,1723,	
neovascularización 3 398 3 1705,1722,1774,	
preferencial 1 398 1 1702,	
isoforma 1 398 1 1694,	
aliviar 1 398 1 5437,	
VEGF165 1 398 1 1691,	
(húmeda) 1 398 1 1680,	
exudativa 3 398 3 1679,4794,4858,	
progresión 1 398 1 1675,	
administrada 2 398 2 3572,5343,	
procesos 1 398 1 1671,	
cree 1 398 1 1667,	
PAVLIDES 1 398 1 6764,	
inflamación; 1 398 1 1665,	
vascular 1 398 1 1662,	
permeabilidad 1 398 1 1661,	
angiogénesis 1 398 1 1659,	
induce 1 398 1 1657,	
secretada 1 398 1 1655,	
consiste 1 398 1 5450,	
hallazgos 1 398 1 3101,	
VEGF 4 398 4 1651,1696,1733,1751,	
inhibiendo 1 398 1 1647,	
extracelular 1 398 1 1646,	
(VEGF165) 1 398 1 1645,	
Vascular 1 398 1 1644,	
Endotelio 1 398 1 1643,	
Crecimiento 1 398 1 1641,	
Factor 1 398 1 1639,	
(0)721 1 398 1 6675,	
altas 2 398 2 1637,2761,	
especificidad 1 398 1 1634,	
liga 1 398 1 1631,	
Aquellos 1 398 1 5539,	
sencillo 1 398 1 5456,	
pegilado 1 398 1 1629,	
modificado 1 398 1 1627,	
S01LA03 1 398 1 1622,	
ATC 1 398 1 1621,	
código 1 398 1 1620,	
desórdenes 1 398 1 1617,	
Agentes 1 398 1 1615,	
Grupo 1 398 1 1613,	
farmacodinámicas 1 398 1 1612,	
Propiedades 2 398 2 1611,2453,	
	5 2 398 2 1609,4557,	
ESTE 1 398 1 1607,	
FARMACOLÓGICAS 1 398 1 1605,	
PROPIEDADES 1 398 1 1604,	
sobredosis 1 398 1 1596,	
Sobredosis 1 398 1 1589,	
contribuyen 1 398 1 1672,	
9 5 398 5 1588,1857,3673,4421,5336,	
forman 1 398 1 1571,	
notificado 3 398 3 1549,1593,6245,	
raramente 1 398 1 1546,	
Experiencia 1 398 1 1544,	
primer 3 398 3 1542,1866,2192,	
Ireland 4 398 4 3762,6581,6733,6736,	
absorbe 1 398 1 2460,	
comparación 1 398 1 1534,	
significativo 2 398 2 1526,2028,	
ningún 2 398 2 1524,3013,	
letra 1 398 1 4850,	
hubo 1 398 1 1523,	
9) 1 398 1 1521,	
913 1 398 1 1511,	
educacional 2 398 2 3860,4014,	
128 1 398 1 1488,	
señal 1 398 1 1483,	
nueva 3 398 3 1482,2257,5514,	
detectándose 1 398 1 1480,	
Contacte 1 398 1 5498,	
concordantes 1 398 1 1470,	
globales 1 398 1 1468,	
120 1 398 1 1460,	
126 1 398 1 1455,	
sanitaria 1 398 1 6262,	
(128 1 398 1 1450,	
continuo 1 398 1 1441,	
(374) 1 398 1 1436,	
7000 1 398 1 6747,	
cuatro 1 398 1 1435,	
setenta 1 398 1 1433,	
Trescientos 1 398 1 1432,	
abrasión 2 398 2 1430,6240,	
vieron 1 398 1 1539,	
terapéuticos 1 398 1 1427,	
complicaciones 1 398 1 1424,	
intoxicaciones 1 398 1 1422,	
traumáticas 1 398 1 1421,	
Lesiones 1 398 1 1420,	
gamma-glutamiltransferasa 1 398 1 1419,	
INFORMACIÓN 3 398 3 4259,4513,6422,	
actividad 2 398 2 1416,1649,	
incremento 5 398 5 1413,2889,5122,5130,5581,	
REVISIÓN 1 398 1 3687,	
complementarias 1 398 1 1410,	
Exploraciones 1 398 1 1409,	
pecho 2 398 2 1407,6229,	
fiebre 1 398 1 6230,	
palpación 1 398 1 1404,	
Decisión 1 398 1 4246,	
escalofríos 2 398 2 1400,6223,	
fatiga 2 398 2 1399,6222,	
lugar 4 398 4 1394,3071,6030,6037,	
alteraciones 1 398 1 1391,	
generales 1 398 1 1389,	
espalda 2 398 2 1387,6221,	
	Mantener 2 398 2 4397,6331,	
conjuntivo 1 398 1 1382,	
musculoesqueléticos 1 398 1 1378,	
local 3 398 3 3648,5430,6601,	
erupción 2 398 2 1376,6212,	
pelo 2 398 2 1375,6211,	
color 2 398 2 1373,6209,	
cambios 3 398 3 1371,2278,6206,	
eczema 1 398 1 1370,	
contacto 2 398 2 1369,3638,	
dermatitis 1 398 1 1367,	
subcutáneo 1 398 1 1364,	
tejido 2 398 2 1363,1381,	
piel 4 398 4 1360,6205,6215,6298,	
dispepsia 1 398 1 1356,	
vómitos 3 398 3 1355,6198,6307,	
Ramsgate 3 398 3 3658,4463,6569,	
gastrointestinales 1 398 1 1352,	
rinorrea 1 398 1 1347,	
mediastínicos 1 398 1 1345,	
torácicos 1 398 1 1343,	
respiratorios 1 398 1 1342,	
aórtico 1 398 1 1340,	
hipertensión 1 398 1 1338,	
vasculares 2 398 2 1335,1618,	
fotodinámica 1 398 1 1911,	
palpitaciones 2 398 2 1333,6182,	
alteración 7 398 7 5713,5743,5771,5976,6054,6058,6076,	
cardíacos 1 398 1 1330,	
TITULAR 7 398 7 3650,3715,3736,3788,4455,4541,4610,	
agravada 1 398 1 1327,	
Ménière 1 398 1 1326,	
enfermedad 5 398 5 1324,1408,2397,4804,5369,	
sordera 2 398 2 1323,6180,	
laberinto 1 398 1 1320,	
corneales 1 398 1 1314,	
CÓMO 1 398 1 5307,	
depósitos 3 398 3 1313,5956,5967,	
alérgica 2 398 2 1312,6250,	
Products 1 398 1 4230,	
67 2 398 2 2307,6680,	
conjuntivitis 1 398 1 1311,	
causada 1 398 1 4862,	
blefaritis 1 398 1 1310,	
astenopia 1 398 1 1309,	
intravenosas 2 398 2 2795,3037,	
conjuntival 1 398 1 1306,	
catarata 1 398 1 1304,	
CONDICIONES 7 398 7 3729,3772,3779,3816,4076,4422,4485,	
anormal 1 398 1 1300,	
sensación 1 398 1 1299,	
dolor 12 398 12 1292,1385,1401,1405,5102,5439,5579,5865,6219,6224,6227,6232,	
visual 7 398 7 2005,2055,2106,2163,2236,2270,5714,	
anterior 1 398 1 1291,	
inflamación 10 398 10 1287,5576,5780,5797,5801,5921,5944,6095,6193,6202,	
mayoría 1 398 1 1275,	
validez 1 398 1 3208,	
estando 1 398 1 1273,	
Macugen) 1 398 1 1272,	
debidas 2 398 2 1263,1270,	
(bien 1 398 1 1262,	
relacionadas 2 398 2 1256,1278,	
similares 1 398 1 4855,	
Estas 1 398 1 1248,	
cefalea 1 398 1 1245,	
nervioso 1 398 1 1243,	
sistema 1 398 1 1242,	
pesadillas 2 398 2 1238,6178,	
psiquiátricos 1 398 1 1235,	
Trastornos 11 398 11 1234,1240,1246,1315,1329,1334,1341,1351,1357,1377,1388,	
afectó 1 398 1 1738,	
<1/100)] 1 398 1 1233,	
000 3 398 3 1231,5897,6155,	
(1/1 1 398 1 1230,	
UTILIZA 1 398 1 4743,	
reclutaron 1 398 1 1931,	
<1/10) 1 398 1 1226,	
(1/100 1 398 1 1224,	
(1/10) 1 398 1 1222,	
EN 11 398 11 3819,4263,4500,4518,4559,4561,4564,4575,4631,4633,4636,	
frecuentes 19 398 19 1221,1223,1229,1237,1244,1286,1298,1308,1322,1332,1337,1346,1349,1354,1366,1384,1398,1412,1429,	
Comisión 1 398 1 4249,	
frecuencia 3 398 3 1219,1529,5543,	
clase 1 398 1 1217,	
488 1 398 1 6637,	
clasificadas 1 398 1 1215,	
resumen 1 398 1 1179,	
continuación 2 398 2 1176,2404,	
describen 1 398 1 1174,	
Leer 1 398 1 4380,	
(EOP1003; 1 398 1 1809,	
datos 6 398 6 1169,1465,1473,2370,2983,3141,	
(2 1 398 1 1158,	
vítreo 4 398 4 1157,2678,2736,5346,	
<1%) 3 398 3 1154,1160,1167,	
(3 2 398 2 1152,2974,	
extremo 2 398 2 3297,6547,	
1%) 1 398 1 1149,	
(12 1 398 1 1147,	
incluyeron 1 398 1 1145,	
notificados 1 398 1 1139,	
oculares 8 398 8 1137,1247,1251,1619,5675,5829,5874,6132,	
conllevaron 1 398 1 1129,	
retiniana 2 398 2 1127,1151,	
hemorragia 8 398 8 1126,1150,1155,1305,1977,5731,5737,5930,	
retina 6 398 6 1123,1164,2738,4820,4873,6071,	
desprendimiento 3 398 3 1121,1162,5760,	
aórtico; 1 398 1 1116,	
secciones 1 398 1 1581,	
presentó 1 398 1 1113,	
Uno 1 398 1 1110,	
envases 1 398 1 6404,	
relacionados 3 398 3 1103,1186,5562,	
graves 4 398 4 1102,1138,4010,4056,	
7%) 1 398 1 1098,	
(0 1 398 1 1097,	
Dos 1 398 1 1095,	
única 1 398 1 5324,	
27% 1 398 1 1076,	
Un 3 398 3 1075,3858,4012,	
estudio 5 398 5 1064,1094,1109,2011,3014,	
interrupción 2 398 2 1060,1131,	
conllevó 1 398 1 1058,	
plan 5 398 5 3859,3885,4013,4035,4161,	
1% 1 398 1 1052,	
potencialmente 5 398 5 1043,1068,1104,1185,1255,	
grave 3 398 3 1042,4922,6251,	
3% 1 398 1 1034,	
media 5 398 5 1837,1845,2507,2561,2568,	
adversos 13 398 13 1101,1136,1184,1532,3897,4009,4055,4727,5531,5674,5827,5873,6130,	
relacionado 4 398 4 1027,1044,1069,1089,	
investigadores 3 398 3 1025,1087,1925,	
atribuido 2 398 2 1022,1084,	
adverso 5 398 5 1021,1041,1056,1083,6314,	
acontecimiento 4 398 4 1020,1040,1055,1082,	
experimentó 4 398 4 1018,1038,1053,1080,	
84% 1 398 1 1014,	
proceso 1 398 1 6017,	
478 1 398 1 1006,	
recomendada 3 398 3 992,1494,2923,	
295 2 398 2 984,1200,	
De 3 398 3 982,2217,6412,	
similar 2 398 2 981,2832,	
seguridad 8 398 8 980,1171,1467,1475,1485,2440,2981,3004,	
Use 1 398 1 4233,	
perfil 1 398 1 978,	
tres 1 398 1 974,	
presentaban 1 398 1 2002,	
Las 4 398 4 973,1211,3928,3967,	
dosis 20 398 20 963,975,991,1493,1880,2522,2530,2549,2587,2605,2652,2719,2777,2793,2922,2969,3007,3036,3541,6443,	
5) 1 398 1 960,	
inyecciones/paciente 2 398 2 957,1009,	
primaria 1 398 1 2038,	
farmacoterapéutico 1 398 1 1614,	
promedio 3 398 3 955,1007,1512,	
545 1 398 1 954,	
= 6 398 6 952,958,1004,1010,1510,1519,	
total 6 398 6 949,1001,1503,1769,1819,1855,	
(número 3 398 3 948,1000,1502,	
año 11 398 11 947,999,1478,1509,1518,1543,1867,2022,2193,2267,2274,	
Cambio 6 398 6 2101,2123,2313,2322,2335,2348,	
controlados 2 398 2 944,1802,	
892 1 398 1 940,	
ApS 1 398 1 6659,	
administró 1 398 1 937,	
adversas 3 398 3 935,1213,1250,	
Reacciones 1 398 1 934,	
8 8 398 8 933,959,1011,1848,2360,3666,4109,4415,	
desaparecido 1 398 1 931,	
hayan 2 398 2 930,3635,	
crecimiento 4 398 4 1763,4865,4929,4952,	
acontecimientos 7 398 7 1100,1135,1183,1531,3896,4008,4054,	
síntomas 7 398 7 929,4050,5101,5305,5632,5671,6270,	
maquinaria 1 398 1 925,	
deben 4 398 4 921,3430,4069,6387,	
borrosa 4 398 4 908,5116,5285,5712,	
mácula 3 398 3 4831,4877,4893,	
visión 13 398 13 907,2414,4809,4838,4909,4917,5115,5121,5138,5284,5603,5711,5720,	
tensión 1 398 1 5942,	
experimentar 3 398 3 906,5283,5635,	
máquinas 3 398 3 902,5280,5300,	
utilizar 3 398 3 901,924,4385,	
conducir 4 398 4 899,922,4846,5297,	
capacidad 1 398 1 897,	
Efectos 1 398 1 894,	
DIRECCIÓN 1 398 1 4453,	
7 6 398 6 893,953,2356,2358,3649,4408,	
separar 1 398 1 3367,	
periodo 9 398 9 889,1446,1901,2374,2540,3594,5165,5261,6364,	
indica 1 398 1 5658,	
recomienda 2 398 2 882,5254,	
materna 3 398 3 879,3025,5251,	
leche 2 398 2 878,5250,	
excreta 1 398 1 875,	
feto 1 398 1 869,	
justifica 1 398 1 863,	
madre 1 398 1 862,	
embarazo 1 398 1 854,	
hospital 1 398 1 5501,	
durante 15 398 15 852,887,945,997,1444,1499,1540,1864,1899,2271,2372,3592,5162,5259,6362,	
usarse 1 398 1 851,	
baja 1 398 1 841,	
sistémica 3 398 3 836,2465,2950,	
estima 2 398 2 832,2946,	
humanos 6 398 6 830,2502,2505,2556,2637,2996,	
jeringa 19 398 19 3253,3285,3346,3364,3410,3440,3471,3510,3557,3607,4285,4357,4582,4773,4967,4985,6437,6503,6535,	
seres 5 398 5 829,2501,2555,2636,2995,	
potencial 5 398 5 827,859,866,2412,3017,	
desconoce 3 398 3 824,871,5244,	
utilizarse 2 398 2 3325,4757,	
3) 1 398 1 822,	
elevados 1 398 1 818,	
instrucciones 1 398 1 5419,	
sistémicos 1 398 1 817,	
	INFORMACIÓN 1 398 1 4570,	
exposición 4 398 4 816,835,2949,3076,	
nasofaringitis 1 398 1 1350,	
niveles 2 398 2 814,3074,	
INSTRUCCIONES 1 398 1 4495,	
reproductiva 2 398 2 812,3136,	
toxicidad 4 398 4 811,3005,3024,3135,	
mostrado 1 398 1 810,	
insuficientes 1 398 1 806,	
obtenidos 2 398 2 1197,2371,	
animales 5 398 5 804,1709,2457,2491,2649,	
embarazadas 1 398 1 800,	
mujeres 3 398 3 799,2836,5216,	
republika 1 398 1 6646,	
desechar 2 398 2 3583,6353,	
clásicas 1 398 1 1920,	
cámara 1 398 1 1290,	
existen 1 398 1 794,	
Healthcare 1 398 1 6735,	
lactancia 3 398 3 792,891,5263,	
Embarazo 2 398 2 790,5209,	
plasmática 4 398 4 785,2515,2559,2577,	
farmacocinética 3 398 3 784,2828,2937,	
pies 1 398 1 6294,	
significativa 1 398 1 781,	
observó 2 398 2 778,3044,	
distribuida 1 398 1 2732,	
(TFD) 2 398 2 775,1914,	
Fotodinámica 1 398 1 774,	
Terapia 1 398 1 773,	
combinación 1 398 1 771,	
recibieron 4 398 4 766,1438,1843,2651,	
realizados 1 398 1 762,	
Lactancia 1 398 1 5242,	
ETIQUETADO 2 398 2 4252,4257,	
aneurisma 2 398 2 1115,1339,	
exploratorios 1 398 1 761,	
manejar 1 398 1 5299,	
P450 1 398 1 756,	
citocromo 1 398 1 755,	
mediadas 1 398 1 752,	
farmacológicas 1 398 1 751,	
interacciones 1 398 1 750,	
previsibles 1 398 1 749,	
son 8 398 8 748,805,1177,5708,5862,5918,6175,6456,	
nucleasas 1 398 1 743,	
metaboliza 2 398 2 741,2803,	
intervalos 1 398 1 5330,	
Pegaptanib 6 398 6 739,1623,1795,2588,2801,3021,	
estudios 9 398 9 730,795,802,943,2986,2999,3133,3192,4153,	
realizado 1 398 1 729,	
ADVERTENCIA 1 398 1 4389,	
interacción 2 398 2 725,732,	
Producto 1 398 1 3811,	
formas 1 398 1 723,	
Interacción 1 398 1 716,	
Riesgo 1 398 1 4139,	
factores 2 398 2 713,3995,	
preparación 2 398 2 706,1576,	
parte 11 398 11 702,1572,3448,4170,4816,5063,5622,5746,5937,5947,5993,	
administrados 2 398 2 700,1892,	
medicamentos 11 398 11 699,720,738,1569,3203,5187,5203,5526,6384,6408,6830,	
61 1 398 1 6682,	
directa 1 398 1 693,	
Información 1 398 1 4733,	
relación 1 398 1 692,	
establecido 1 398 1 690,	
En 17 398 17 683,757,1486,1708,1926,2391,2456,2503,2647,2680,2779,2808,3107,3189,3379,4911,5150,	
siguientes 11 398 11 675,1559,4240,5100,5575,5628,5710,5864,5920,6177,6269,	
horas 3 398 3 674,1558,2712,	
oído 1 398 1 1317,	
angioedema 2 398 2 671,1555,	
doble 1 398 1 1803,	
incluyendo 3 398 3 670,1554,4208,	
anafilactoides 2 398 2 669,1553,	
duración 1 398 1 5373,	
anafilaxia/reacciones 2 398 2 668,1552,	
vítreo) 2 398 2 5756,5766,	
ADVERSOS 1 398 1 5520,	
recomendada) 1 398 1 2531,	
post-comercialización 2 398 2 662,1545,	
etapa 1 398 1 661,	
Macugen"") 1 398 1 5649,	
Durante 1 398 1 659,	
% 1 398 1 656,	
incidencia 1 398 1 649,	
ensayos 11 398 11 644,759,1601,1800,1929,3924,5557,5691,5845,5901,6158,	
CADUCIDAD 3 398 3 4418,4551,4620,	
endoftalmitis; 1 398 1 641,	
riesgo 9 398 9 639,826,865,3873,3934,3997,4023,4165,4202,	
asocian 1 398 1 636,	
procedimientos 2 398 2 631,1426,	
bulto 1 398 1 6010,	
Los 14 398 14 630,801,903,1134,1168,1464,1841,1868,2252,2369,2982,5631,6383,6453,	
//www 2 398 2 3710,6824,	
posterioridad 1 398 1 629,	
inyección) 1 398 1 626,	
día 1 398 1 623,	
(el 1 398 1 622,	
(es 1 398 1 5334,	
inmediata 1 398 1 621,	
hemorragias 1 398 1 616,	
producir 2 398 2 615,5529,	
Tras 2 398 2 605,2538,	
después 16 398 16 601,842,2264,2469,2519,2546,2630,2687,2744,2791,4993,5169,5179,5287,6254,6372,	
émbolo 3 398 3 3457,3480,3490,	
implicada 1 398 1 1699,	
adecuadamente 1 398 1 600,	
aumento 6 398 6 595,1294,1525,5105,5110,5721,	
monitorizar 1 398 1 593,	
debido 1 398 1 6014,	
debiéndose 1 398 1 592,	
verificar 1 398 1 583,	
mg) 1 398 1 1463,	
transitorios 1 398 1 573,	
observar 1 398 1 571,	
esperar 1 398 1 562,	
Tal 1 398 1 557,	
conteniendo 1 398 1 4580,	
especiales 5 398 5 554,2826,2992,3214,3314,	
Advertencias 1 398 1 551,	
activo 2 398 2 542,6430,	
principio 2 398 2 541,6429,	
conocida 1 398 1 539,	
Hipersensibilidad 1 398 1 538,	
éstas 1 398 1 537,	
sospecha 1 398 1 535,	
activa 1 398 1 533,	
-21 1 398 1 2365,	
periocular 1 398 1 532,	
causados 4 398 4 5698,5852,5908,6165,	
dejarse 1 398 1 3564,	
ocular 14 398 14 530,846,1293,1706,4760,4767,5103,5109,5490,5580,5716,5810,5819,5943,	
Infección 1 398 1 529,	
Contraindicaciones 1 398 1 528,	
vena 1 398 1 6113,	
Sexo 1 398 1 519,	
Ancianos 1 398 1 512,	
recomendado 1 398 1 511,	
niños 3 398 3 506,4407,6341,	
aparece 1 398 1 6379,	
años 7 398 7 499,1449,1501,1840,2377,2450,2850,	
empujarse 1 398 1 3455,	
18 3 398 3 498,3209,6759,	
microgramos·h/ml 1 398 1 2584,	
indican 1 398 1 2378,	
menores 1 398 1 496,	
adolescentes 2 398 2 488,508,	
Niños 1 398 1 486,	
fugas 2 398 2 4884,4940,	
superior 6 398 6 478,2912,3449,3595,6197,6365,	
ml/min 5 398 5 464,481,2872,2884,2915,	
62 2 398 2 6624,6630,	
20 6 398 6 463,480,2871,2883,2914,6663,	
depresión 2 398 2 1239,6179,	
experimentaron 1 398 1 1099,	
< 1 398 1 462,	
creatinina 5 398 5 461,477,2867,2879,2911,	
diferencia 1 398 1 780,	
aclaramiento 5 398 5 459,475,2865,2877,2909,	
desechada 1 398 1 4994,	
suficientemente 2 398 2 453,2855,	
renal 1 398 1 448,	
2) 3 398 3 446,485,3814,	
población 1 398 1 442,	
especial 7 398 7 439,470,518,525,2904,5031,5646,	
días 3 398 3 2537,2545,4239,	
aumentos 1 398 1 572,	
consideración 5 398 5 438,469,517,524,2903,	
necesaria 6 398 6 436,467,515,522,2901,4844,	
aguja 5 398 5 3310,3389,3413,4371,6560,	
obstante 3 398 3 433,848,1735,	
Filialas 1 398 1 6793,	
No 27 398 27 432,465,513,520,726,793,847,880,920,1590,1734,2435,2621,2851,2899,2932,3011,3131,3139,3224,3323,3472,4429,5210,5252,6349,6369,	
insuficiencia 3 398 3 430,2943,2961,	
Llegado 1 398 1 3543,	
estudiado 7 398 7 426,454,493,1797,2434,2854,2935,	
sido 6 398 6 425,452,492,2433,4652,6801,	
hepática 4 398 4 421,431,2944,2962,	
Insuficiencia 2 398 2 420,447,	
OTROS 2 398 2 4569,4641,	
específicas 1 398 1 417,	
Poblaciones 2 398 2 416,2825,	
biodisponibilidad 1 398 1 2626,	
terapia 2 398 2 413,1910,	
o 52 398 52 408,531,534,543,710,769,1268,1831,1878,1887,1987,3030,3149,3349,3805,4701,4887,4905,4939,5011,5026,5104,5117,5192,5197,5228,5268,5393,5436,5502,5599,5607,5702,5761,5779,5789,5820,5856,5868,5912,5924,5934,5960,6042,6169,6277,6291,6308,6324,6650,6701,6702,	
aplazamiento 1 398 1 407,	
contaminación 1 398 1 3602,	
considerar 1 398 1 405,	
podría 1 398 1 404,	
12 5 398 5 401,1962,2290,2334,4471,	
conservarse 1 398 1 3560,	
(4 1 398 1 1165,	
visita 1 398 1 398,	
visual) 1 398 1 395,	
agudeza 7 398 7 394,2004,2054,2105,2162,2235,2269,	
letras 2 398 2 392,2052,	
15 4 398 4 391,2051,4255,4494,	
(pérdida 1 398 1 387,	
beneficio 5 398 5 383,858,2026,2141,2223,	
consecutivas 1 398 1 374,	
sugiera 1 398 1 364,	
síntoma 1 398 1 362,	
retirarse 1 398 1 3474,	
inmediatamente 5 398 5 360,5094,5147,5168,6263,	
comunicar 1 398 1 359,	
necesidad 1 398 1 357,	
instruir 1 398 1 351,	
Se 15 398 15 349,823,831,870,936,1756,1816,1905,2138,2945,3043,3581,4502,5243,6351,	
posteriores 1 398 1 345,	
Filile 1 398 1 6775,	
endoftalmitis 6 398 6 340,365,651,1146,3989,4003,	
hubiera 1 398 1 338,	
proteína 1 398 1 1654,	
estrecho 1 398 1 331,	
realizar 4 398 4 329,4151,4211,5364,	
Asimismo 1 398 1 326,	
comprobarse 1 398 1 3407,	
óptico 3 398 3 320,591,6105,	
nervio 3 398 3 319,590,6104,	
cabeza 4 398 4 317,588,5867,6102,	
perfusión 2 398 2 314,585,	
aprobado 1 398 1 6802,	
seguimiento 7 398 7 311,332,3976,3986,4155,5178,5366,	
Por 9 398 9 306,500,578,3094,5035,5400,5415,5650,6258,	
tratados 6 398 6 303,988,1142,1490,1792,2919,	
minimización 1 398 1 4200,	
pacientes 48 398 48 302,335,354,419,428,456,472,495,764,904,941,985,1017,1037,1079,1096,1141,1201,1437,1489,1787,1812,1823,1842,1869,1916,1932,1992,2046,2136,2198,2242,2253,2835,2863,2906,2941,2959,3965,4016,4958,5152,5554,5688,5842,5888,5898,6146,	
intraocular 5 398 5 300,325,577,599,3980,	
presión 10 398 10 299,324,576,598,1297,3979,5154,5584,6023,6183,	
segundo 3 398 3 1508,1517,2273,	
transitoria 2 398 2 296,911,	
elevación 2 398 2 295,6234,	
casos 10 398 10 293,666,687,1148,1153,1159,1166,1550,1594,6247,	
observado 2 398 2 292,665,	
Después 3 398 3 286,370,5457,	
espectro 1 398 1 285,	
afinidad 1 398 1 1636,	
amplio 1 398 1 284,	
compartieron 1 398 1 976,	
tópico 1 398 1 282,	
microbicida 1 398 1 281,	
adecuada 3 398 3 278,3542,3910,	
anestesia 3 398 3 277,3958,5429,	
administrar 3 398 3 275,3551,5380,	
hipersensibilidad 1 398 1 264,	
reacciones 3 398 3 262,1212,1249,	
paciente 4 398 4 258,379,3619,4650,	
clínica 3 398 3 256,3105,5504,	
historia 1 398 1 255,	
consideradas 2 398 2 1253,1276,	
detalladamente 2 398 2 253,5420,	
España 1 398 1 6712,	
acudir 1 398 1 5493,	
evaluar 3 398 3 252,3144,4193,	
procedimiento 19 398 19 246,677,704,1030,1047,1072,1190,1265,1281,1574,3901,3915,4060,5453,5565,5705,5859,5915,6172,	
cabo 2 398 2 244,2019,	
llevar 1 398 1 242,	
necesario) 1 398 1 239,	
caso 2 398 2 238,5665,	
han 12 398 12 291,664,728,809,1548,1592,5545,5679,5833,5879,6137,6244,	
(en 2 398 2 237,5072,	
[(muy 1 398 1 1220,	
paracentesis 1 398 1 235,	
equivalente) 1 398 1 232,	
(o 2 398 2 231,5473,	
retraso 1 398 1 3057,	
párpados 4 398 4 230,3953,5975,6001,	
blefarostato 1 398 1 226,	
estéril 3 398 3 224,227,236,	
(desprendimiento 1 398 1 5763,	
confort 1 398 1 3962,	
LIBERACIÓN 2 398 2 3724,3745,	
campo 1 398 1 223,	
estériles 2 398 2 221,3930,	
guantes 1 398 1 220,	
manos 2 398 2 216,6290,	
quirúrgico 1 398 1 213,	
lavado 1 398 1 212,	
incluyen 2 398 2 210,5573,	
asépticas 1 398 1 208,	
condiciones 1 398 1 207,	
realizarse 2 398 2 205,309,	
permitió 1 398 1 1906,	
muestra 1 398 1 381,	
6) 1 398 1 201,	
superiores 1 398 1 3084,	
decoloración 2 398 2 197,6088,	
suspensión 3 398 3 195,410,3337,	
partículas 2 398 2 193,3335,	
hay 5 398 5 192,3132,3140,5357,5749,	
comprobar 1 398 1 190,	
cita 2 398 2 5496,5515,	
visualmente 1 398 1 188,	
inspeccionado 1 398 1 187,	
Antes 7 398 7 180,240,269,3359,4716,5378,5421,	
Lietuva 1 398 1 6789,	
afectado 1 398 1 179,	
envase 11 398 11 3232,3238,3244,3306,4354,4962,6382,6485,6491,6497,6556,	
ojo 49 398 49 178,1303,2009,2418,2468,2480,2774,4829,4835,5025,5055,5066,5114,5157,5328,5348,5360,5578,5587,5594,5625,5734,5740,5752,5776,5795,5799,5808,5813,5817,5923,5933,5940,5953,5959,5965,5972,5999,6006,6026,6052,6063,6080,6087,6090,6094,6097,6119,6127,	
FIGURAR 1 398 1 4262,	
mediante 6 398 6 172,742,917,3908,4925,5050,	
año) 2 398 2 171,5339,	
(9 1 398 1 168,	
semanas 13 398 13 167,344,402,1898,1904,2232,2288,2603,3598,5075,5333,5630,6368,	
seis 1 398 1 166,	
vez 2 398 2 164,4991,	
administrarse 1 398 1 162,	
intravítreas 5 398 5 156,568,617,1895,2797,	
clínicos 5 398 5 645,760,1602,2988,3925,	
inyecciones 11 398 11 155,169,373,567,610,951,1003,1505,1514,1894,5316,	
experiencia 1 398 1 153,	
tengan 1 398 1 152,	
4) 4 398 4 268,369,1012,1586,	
oftalmólogos 1 398 1 150,	
administrado 4 398 4 147,1996,2423,5321,	
debe 30 398 30 145,161,185,204,251,274,308,328,350,582,850,2384,2398,3198,3324,3366,3375,3454,3473,3498,3524,3559,3582,3604,4087,4215,4643,4756,5296,6352,	
intravítrea 17 398 17 143,175,249,634,680,919,2473,2600,2634,2716,2748,3904,3918,3971,4063,4379,4606,	
inyección 43 398 43 142,174,203,248,272,289,348,604,633,658,709,918,1032,1049,1074,1192,1267,1284,1579,3622,3903,3970,4062,4657,4766,4784,5052,5172,5182,5325,5341,5424,5447,5460,5567,5707,5861,5917,6033,6040,6174,6257,6273,	
CONTENIDO 3 398 3 4346,4558,4630,	
Risk 1 398 1 4225,	
únicamente 2 398 2 140,855,	
El 14 398 14 135,1650,1690,2419,3305,3829,3914,3973,3983,3991,4080,4140,6428,6555,	
EXCLUSIVAMENTE 1 398 1 134,	
INTRAVÍTREA 1 398 1 133,	
VÍA 1 398 1 132,	
cicatriz 2 398 2 1985,6003,	
PARA 2 398 2 131,4740,	
efecto 1 398 1 6313,	
x 1 398 1 3395,	
administración 19 398 19 130,183,565,607,679,845,914,1396,1562,2472,2633,2690,2715,2747,3362,3403,3515,3538,3917,	
Posología 1 398 1 126,	
1) 1 398 1 123,	
5 16 398 16 122,445,484,715,821,1431,1603,2451,2609,2658,2976,3227,4372,4629,4728,6327,	
apartado 9 398 9 121,199,266,367,444,483,820,5640,5654,	
(ver 8 398 8 120,198,265,366,443,482,819,1580,	
hf 1 398 1 6743,	
(DMAE) 3 398 3 119,1689,4802,	
destruya 1 398 1 4907,	
edad 6 398 6 118,1688,1836,2169,2844,4801,	
pitos 1 398 1 6280,	
asociada 3 398 3 115,1685,4798,	
(exudativa) 1 398 1 114,	
neovascular 3 398 3 113,1815,1941,	
(conjuntivitis) 1 398 1 5805,	
macular 3 398 3 112,1684,4797,	
degeneración 3 398 3 111,1683,4796,	
tratamiento 30 398 30 108,136,386,1062,1133,1205,1259,1440,1829,1863,1876,2067,2081,2095,2212,2225,2261,2381,2406,2420,4759,4790,4946,5069,5239,5273,5375,5382,5478,5613,	
indicado 1 398 1 105,	
está 10 398 10 104,510,1698,3330,3351,3696,4122,5195,5226,6810,	
Macugen 65 398 65 103,138,157,184,305,376,415,422,449,489,647,695,734,767,849,873,886,916,938,1144,1261,1443,1598,1794,2383,2408,2422,2444,3233,3317,3326,3558,3584,3609,4532,4662,4709,4719,4723,4731,4761,4785,4923,4941,4964,5002,5019,5034,5047,5071,5214,5241,5246,5258,5275,5290,5318,5319,5377,5527,5615,6354,6371,6426,6486,	
terapéuticas 1 398 1 102,	
Indicaciones 1 398 1 101,	
/ 1 398 1 6614,	
	4 1 398 1 99,	
vértigo 2 398 2 1328,6181,	
CLÍNICOS 1 398 1 98,	
DATOS 2 398 2 97,3157,	
4 23 398 23 96,124,267,368,526,549,550,714,788,892,932,1582,1585,1587,2536,2544,3212,3813,4342,4553,4623,4724,5517,	
incolora 1 398 1 95,	
e 5 398 5 94,2796,5129,5572,6201,	
transparente 1 398 1 93,	
náuseas 1 398 1 6306,	
La 22 398 22 90,202,2474,2567,2827,3284,3481,3623,3690,3938,3943,3949,3955,4005,4045,4065,4830,4856,4984,5340,6534,6804,	
	Solución 2 398 2 88,4349,	
FARMACÉUTICA 2 398 2 87,4344,	
FORMA 3 398 3 86,4343,4373,	
6 25 398 25 83,200,789,1520,1850,1897,2017,2289,2321,2345,2602,3156,3186,3204,3211,3226,3311,3312,4388,4568,4640,4732,5332,6421,6693,	
sección 2 398 2 82,3812,	
encontrarse 1 398 1 3525,	
ver 1 398 1 81,	
excipientes 3 398 3 80,548,3163,	
avanzados 1 398 1 2394,	
completa 1 398 1 78,	
-20 1 398 1 2131,	
lista 1 398 1 77,	
consultar 1 398 1 75,	
Para 2 398 2 74,3599,	
(según 1 398 1 2056,	
microlitros 3 398 3 73,4315,4352,	
nominal 2 398 2 70,4312,	
volumen 2 398 2 69,4311,	
oligonucleótido 3 398 3 66,1626,4308,	
general 1 398 1 2219,	
libre 2 398 2 64,4306,	
ácido 4 398 4 63,4305,4336,6473,	
forma 16 398 16 61,128,620,910,1678,1701,2218,2238,2429,2599,2816,3399,4303,4793,4857,6414,	
cónico 2 398 2 3298,6548,	
vienen 1 398 1 1214,	
equivale 1 398 1 54,	
sodio 21 398 21 52,2861,2931,3166,3170,3175,3179,4280,4295,4322,4326,4331,4335,4604,5010,6434,6451,6459,6463,6468,6472,	
pegaptanib 43 398 43 50,612,682,787,797,838,1564,1714,1736,1826,1891,2034,2064,2078,2092,2147,2251,2263,2458,2489,2518,2615,2629,2654,2692,2722,2754,2799,2810,2830,2859,2898,2929,2939,3020,3117,4278,4293,4537,4602,5008,6432,6449,	
65 2 398 2 47,4290,	
recibió 2 398 2 1207,3111,	
precargada 11 398 11 44,3254,4287,4358,4523,4583,4776,4968,4986,6439,6504,	
monodosis 3 398 3 43,4286,6438,	
Conserve 1 398 1 4681,	
	Jeringa 1 398 1 42,	
Distribución/Metabolismo/Excreción 1 398 1 2679,	
CUANTITATIVA 1 398 1 41,	
Y 10 398 10 40,3784,3825,4253,4345,4374,4440,4452,4528,4739,	
CUALITATIVA 1 398 1 39,	
COMPOSICIÓN 1 398 1 38,	
2 18 398 18 37,125,1005,1448,1500,1583,2332,2449,2452,2892,3187,4281,4538,4607,4715,4995,5641,6641,	
precauciones 1 398 1 553,	
inyectable 7 398 7 36,89,4277,4350,4536,4601,4667,	
solución 8 398 8 35,91,3329,3567,4276,4600,4666,4764,	
mg 25 398 25 34,48,58,160,972,996,1210,1454,1458,1498,1884,1886,1889,2032,2145,2526,2553,2927,4275,4291,4300,4535,4599,4665,6447,	
3 36 398 36 33,57,85,159,527,966,970,995,1209,1453,1462,1497,1883,1888,2031,2144,2297,2302,2343,2525,2552,2893,2926,2977,3205,4274,4299,4316,4534,4548,4598,4617,4664,4720,5306,6446,	
solicitar 2 398 2 5512,6591,	
	Macugen 4 398 4 31,4272,4596,4744,	
MEDICAMENTO 8 398 8 30,1608,3828,4271,4394,4437,4527,4595,	
NOMBRE 7 398 7 28,4269,4451,4525,4539,4593,4608,	
LISTA 1 398 1 4317,	
SEGURA 1 398 1 3824,	
alcanzadas 1 398 1 2674,	
PRODUCTO 1 398 1 25,	
DEL 12 398 12 24,29,3688,3827,4270,4347,4436,4454,4526,4540,4594,4609,	
Sandwich 3 398 3 3660,4465,6571,	
grupo 2 398 2 1203,3109,	
CARACTERÍSTICAS 1 398 1 23,	
LAS 1 398 1 22,	
DE 50 398 50 21,1606,3651,3654,3668,3670,3675,3679,3685,3716,3719,3722,3725,3730,3733,3737,3740,3743,3746,3773,3776,3782,3789,3792,4318,4376,4391,4417,4424,4434,4441,4445,4456,4459,4473,4475,4480,4487,4496,4530,4542,4545,4550,4555,4611,4614,4619,4625,4997,6329,	
RESUMEN 1 398 1 20,	
entendimiento 1 398 1 3992,	
O 5 398 5 19,3780,3817,4563,4635,	
absorción 1 398 1 2477,	
TÉCNICA 1 398 1 18,	
FICHA 1 398 1 17,	
tuvo 2 398 2 1119,3070,	
información 5 398 5 14,3691,4510,6593,6805,	
Toda 1 398 1 12,	
91 1 398 1 6718,	
medicamento 23 398 23 11,16,1092,1107,1196,3196,3626,3695,3845,3883,4033,4387,4679,4747,5046,5414,5571,5701,5855,5911,6168,6597,6809,	
sufran 1 398 1 5538,	
Basica 1 398 1 9,	
RESPONSABLE 2 398 2 3721,3742,	
	Información 1 398 1 8,	
MICROLITROS 1 398 1 7,	
90 7 398 7 6,72,2849,4314,4351,4566,4638,	
PRECARG 1 398 1 5,	
GENERALES 1 398 1 4486,	
JER 1 398 1 4,	
5800 1 398 1 6710,	
atención 1 398 1 4071,	
1 42 398 42 3,26,27,46,84,100,655,967,1457,1610,1821,1885,2021,2117,2196,2362,2366,2542,3039,3160,3260,4102,4103,4108,4110,4268,4289,4524,4592,4706,4735,5550,5684,5838,5884,5893,5896,6142,6151,6154,6510,6636,	
3MG 1 398 1 2,	
0 38 398 38 1,32,56,158,654,965,968,971,994,1208,1452,1496,1882,2030,2061,2071,2075,2085,2089,2099,2121,2143,2295,2300,2330,2364,2608,2657,2667,2670,2925,3124,4273,4298,4533,4597,4663,6445,	
MACUGEN 5 398 5 0,4738,4999,5309,6330,	
