Prospectos 1 613 1 3868,	
2005 1 613 1 3834,	
APROBACION/REVISIÓN 1 613 1 3830,	
Marzo 2 613 2 3824,3833,	
AUTORIZACIÓN 1 613 1 3823,	
AUTORIZACIÓN/RENOVACIÓN 1 613 1 3820,	
PRIMERA 1 613 1 3819,	
FECHA 2 613 2 3816,3827,	
044 1 613 1 3814,	
63 1 613 1 3813,	
COMERCIALIZACION 1 613 1 3811,	
AUTORIZACION 1 613 1 3809,	
LA 4 613 4 3808,3818,3822,3829,	
NÚMERO 1 613 1 3806,	
101 1 613 1 3801,	
Almansa 1 613 1 3800,	
C/ 1 613 1 3799,	
L 1 613 1 3798,	
S 1 613 1 3797,	
Squibb 1 613 1 3796,	
Bristol-Myers 1 613 1 3795,	
SEDE 1 613 1 3792,	
PERMANENTE 1 613 1 3790,	
28040 1 613 1 3802,	
DOMICILIO 1 613 1 3789,	
O 2 613 2 3785,3791,	
establecidos 1 613 1 3773,	
procedimientos 1 613 1 3772,	
Deberán 1 613 1 3769,	
manipulación 2 613 2 3768,3776,	
Instrucciones 1 613 1 3764,	
países 1 613 1 3761,	
comercializadas 1 613 1 3757,	
estén 1 613 1 3756,	
presentaciones 1 613 1 3755,	
168 2 613 2 3748,3854,	
120 2 613 2 3745,3846,	
84 2 613 2 3743,3838,	
70 1 613 1 3742,	
56 1 613 1 3741,	
36 1 613 1 3739,	
21 2 613 2 3736,3858,	
blíster 1 613 1 3732,	
láminas 1 613 1 3731,	
acondicionan 1 613 1 3729,	
recipiente 1 613 1 3723,	
Naturaleza 1 613 1 3719,	
25°C 1 613 1 3716,	
superior 1 613 1 3714,	
temperatura 1 613 1 3712,	
Conservar 1 613 1 3710,	
conservación 1 613 1 3709,	
Precauciones 1 613 1 3706,	
validez 1 613 1 3701,	
descrito 1 613 1 3696,	
Incompatibilidades 1 613 1 3692,	
glicerol 1 613 1 3689,	
monooleato 1 613 1 3687,	
carnauba 1 613 1 3684,	
cera 1 613 1 3683,	
(E172) 1 613 1 3682,	
rojo 1 613 1 3680,	
hierro 1 613 1 3679,	
comestible) 1 613 1 3672,	
cápsula 1 613 1 3670,	
Impresión 1 613 1 3667,	
(E171) 2 613 2 3666,3676,	
titanio 2 613 2 3665,3675,	
dióxido 2 613 2 3663,3673,	
gelatina 1 613 1 3661,	
shell 1 613 1 3660,	
Cápsula 1 613 1 3659,	
sódico 1 613 1 3657,	
laurilsulfato 1 613 1 3656,	
baja 1 613 1 3654,	
Relación 1 613 1 3649,	
	6 1 613 1 3647,	
FARMACÉUTICOS 1 613 1 3646,	
SOCIAL 2 613 2 3787,3793,	
carcinogénico 1 613 1 3643,	
indicativos 1 613 1 3639,	
mutagenicidad 1 613 1 3637,	
positivos 1 613 1 3635,	
animales 1 613 1 3630,	
realizado 1 613 1 3622,	
micronúcleos 1 613 1 3615,	
chino 1 613 1 3607,	
hámster 1 613 1 3606,	
ovario 1 613 1 3604,	
células 1 613 1 3602,	
aberraciones 1 613 1 3599,	
bacterianas 1 613 1 3596,	
cepas 1 613 1 3595,	
mutagénico 1 613 1 3592,	
teratogenicidad 1 613 1 3588,	
fetal 1 613 1 3586,	
embriomortalidad 1 613 1 3584,	
observó 1 613 1 3583,	
conejos 1 613 1 3581,	
ratones 1 613 1 3579,	
reducida 1 613 1 3576,	
concepción 1 613 1 3575,	
tasa 1 613 1 3573,	
mostró 1 613 1 3568,	
También 1 613 1 3564,	
hallazgos 1 613 1 3544,	
testiculares 1 613 1 3531,	
Con 1 613 1 3525,	
relacionaron 1 613 1 3521,	
cerebro 2 613 2 3515,3537,	
histológicamente 1 613 1 3512,	
observan 1 613 1 3511,	
redondas 1 613 1 3508,	
vacuolas 2 613 2 3507,3534,	
testículos 1 613 1 3505,	
riñón 1 613 1 3503,	
hígado 1 613 1 3502,	
órganos 1 613 1 3498,	
tracto 1 613 1 3496,	
producen 1 613 1 3492,	
ratas 4 613 4 3485,3563,3566,3578,	
preclínicos 1 613 1 3481,	
significativo 1 613 1 3472,	
tengan 1 613 1 3469,	
papel 1 613 1 3447,	
vista 1 613 1 3444,	
hepáticas 1 613 1 3426,	
metástasis 1 613 1 3425,	
sexo 1 613 1 3420,	
significativas 1 613 1 3413,	
asociaciones 1 613 1 3411,	
identificaron 1 613 1 3410,	
18 1 613 1 3407,	
farmacocinéticos 1 613 1 3381,	
estadístico 1 613 1 3377,	
Un 1 613 1 3375,	
poblaciones 1 613 1 3373,	
Farmacocinética 1 613 1 3371,	
proporcionales 1 613 1 3349,	
AUC) 2 613 2 3344,3384,	
(Cmax 2 613 2 3342,3382,	
exposiciones 2 613 2 3340,3357,	
400 1 613 1 3334,	
(100 1 613 1 3332,	
Linealidad/No 1 613 1 3324,	
acumulación 1 613 1 3307,	
produjo 1 613 1 3306,	
laca 1 613 1 3685,	
intervalo 1 613 1 3298,	
ng/ml) 1 613 1 3295,	
(> 1 613 1 3293,	
detectable 1 613 1 3292,	
permaneció 1 613 1 3291,	
200 1 613 1 3288,	
60 2 613 2 3284,3403,	
30 1 613 1 3282,	
apareció 1 613 1 3280,	
FU 1 613 1 3279,	
concentración 1 613 1 3275,	
pico 1 613 1 3273,	
Cmax 1 613 1 3271,	
descendieron 1 613 1 3267,	
ng/ml 2 613 2 3260,3289,	
000 1 613 1 3259,	
divididas 1 613 1 3248,	
Tras 3 613 3 3238,3326,3547,	
(2 1 613 1 3235,	
R-tegafur 1 613 1 3234,	
larga 1 613 1 3228,	
óxido 1 613 1 3677,	
(10 1 613 1 3220,	
semivida 1 613 1 3216,	
minutos 2 613 2 3202,3285,	
20-40 1 613 1 3201,	
RAZÓN 1 613 1 3786,	
terminal 1 613 1 3187,	
semividas 1 613 1 3184,	
orina 2 613 2 3182,3214,	
excreta 1 613 1 3178,	
20% 1 613 1 3174,	
S-tegafur 1 613 1 3219,	
Eliminación 1 613 1 3171,	
metabólico 1 613 1 3163,	
plazo 1 613 1 3628,	
altere 1 613 1 3159,	
sugieren 1 613 1 3153,	
M 1 613 1 3150,	
3A4 1 613 1 3143,	
2D6 1 613 1 3141,	
2C19 1 613 1 3140,	
2C9 1 613 1 3139,	
1A2 1 613 1 3138,	
P450 1 613 1 3137,	
derivado 1 613 1 3136,	
ADNc 1 613 1 3135,	
citocromo 1 613 1 3134,	
catalítica 1 613 1 3132,	
inhibieron 1 613 1 3129,	
natural 1 613 1 3121,	
existentes 1 613 1 3117,	
novo 1 613 1 3116,	
intrínsecas 1 613 1 3114,	
vías 2 613 2 3113,3169,	
partir 1 613 1 3108,	
formado 1 613 1 3106,	
dihidrotegafur 1 613 1 3094,	
4'-hidroxi 1 613 1 3091,	
3'-hidroxi 1 613 1 3089,	
metabólicos 1 613 1 3085,	
Otros 1 613 1 3083,	
responsables 1 613 1 3078,	
cuáles 1 613 1 3073,	
mediada 1 613 1 3067,	
microsomal 1 613 1 3062,	
C-2' 1 613 1 3057,	
hidrólisis 1 613 1 3055,	
(enzimas 2 613 2 3052,3058,	
C-5' 1 613 1 3051,	
oxidación 2 613 2 3049,3061,	
Metabolismo 1 613 1 3039,	
despreciable 1 613 1 3033,	
52% 1 613 1 3026,	
séricas 1 613 1 3023,	
unión 1 613 1 3020,	
l 1 613 1 3017,	
474 1 613 1 3016,	
59 1 613 1 3014,	
distribución 1 613 1 3000,	
aparente 1 613 1 2997,	
volumen 1 613 1 2996,	
muestran 1 613 1 2988,	
Distribución 1 613 1 2969,	
redujeron 1 613 1 2965,	
ayunas 1 613 1 2947,	
bajas 1 613 1 2940,	
37% 1 613 1 2938,	
AUC 2 613 2 2927,2949,	
grasas 1 613 1 2925,	
afectó 1 613 1 2910,	
similar 1 613 1 2907,	
De 1 613 1 2905,	
conjunta 1 613 1 2887,	
horas 3 613 3 2884,3199,3303,	
alcanzaron 1 613 1 2879,	
Cmáx 2 613 2 2872,2958,	
absorbieron 1 613 1 2869,	
112 2 613 2 3744,3842,	
evaluadas 1 613 1 2852,	
plasmática 5 613 5 2842,2899,2950,3217,3276,	
farmacocinética 4 613 4 2841,2898,3431,3475,	
única 4 613 4 2838,3329,3388,3440,	
investigación 1 613 1 2831,	
todavía 1 613 1 2829,	
utilización 1 613 1 2820,	
nuevos 2 613 2 2813,2826,	
combinaciones 1 613 1 2811,	
autorizado 1 613 1 2810,	
línea 1 613 1 2803,	
primera 1 613 1 2802,	
42) 1 613 1 2797,	
92-1 1 613 1 2796,	
Periodo 1 613 1 3699,	
14 1 613 1 2792,	
4-13 1 613 1 2754,	
10 3 613 3 2753,2758,3826,	
5-3 1 613 1 2726,	
(n=380) 1 613 1 2673,	
­012 1 613 1 2672,	
01) 1 613 1 2667,	
6-5 1 613 1 2650,	
0-4 1 613 1 2640,	
brazos 1 613 1 2622,	
duración 1 613 1 2616,	
complicado 1 613 1 2610,	
progresión 4 613 4 2605,2631,2687,2707,	
secundaria 2 613 2 2600,2692,	
13) 1 613 1 2594,	
83-1 1 613 1 2593,	
96 1 613 1 2589,	
respectivamente 7 613 7 2576,2665,2741,2779,2941,3018,3203,	
grupo 8 613 8 2566,2572,2655,2661,2731,2737,2769,2775,	
6-15 1 613 1 2561,	
13 1 613 1 2555,	
meses) 8 613 8 2553,2563,2642,2652,2718,2728,2756,2766,	
intacto 1 613 1 3179,	
2-13 2 613 2 2551,2764,	
11 3 613 3 2550,2560,3198,	
95% 10 613 10 2549,2559,2591,2638,2648,2714,2724,2752,2762,2794,	
(IC 10 613 10 2548,2558,2590,2637,2647,2713,2723,2751,2761,2793,	
12 2 613 2 2545,2748,	
ramas 2 613 2 2536,2698,	
supervivencia 4 613 4 2532,2542,2694,2745,	
variable 4 613 4 2529,2599,2681,2691,	
estadísticamente 2 613 2 2525,2677,	
aclaramiento 1 613 1 3162,	
diferencia 3 613 3 2524,2613,2676,	
hubo 2 613 2 2523,2675,	
­011 1 613 1 2520,	
estudio 3 613 3 2519,2608,2671,	
(estudio-012) 1 613 1 2516,	
semanas(estudio-011) 1 613 1 2511,	
mg/m2/día]) 1 613 1 2504,	
retrasaron 1 613 1 2968,	
[425 1 613 1 2498,	
IV 1 613 1 2497,	
(5-FU 1 613 1 2496,	
Mayo 1 613 1 2495,	
régimen 1 613 1 2494,	
frente 1 613 1 2492,	
fase 1 613 1 2490,	
aleatorizados 1 613 1 2487,	
estableció 1 613 1 2483,	
metastásico 2 613 2 2481,2807,	
colorrectal 3 613 3 2480,2806,2857,	
cáncer 3 613 3 2479,2805,2856,	
elevadas 1 613 1 2469,	
derivadas 1 613 1 2465,	
competitiva 1 613 1 2455,	
inhibición 1 613 1 2454,	
dando 1 613 1 2443,	
celular 1 613 1 2442,	
ARN 1 613 1 2441,	
FUTP 1 613 1 2436,	
reducidos 1 613 1 2435,	
folatos 1 613 1 2433,	
(TS) 1 613 1 2431,	
sintetasa 1 613 1 2430,	
timidilato 1 613 1 2429,	
(46 1 613 1 3397,	
inhibitorios 1 613 1 2426,	
terciarios 1 613 1 2425,	
formando 1 613 1 2423,	
ADN 1 613 1 2422,	
síntesis 1 613 1 2420,	
FdUMP 1 613 1 2417,	
5-fluoruridina 1 613 1 2415,	
(FdUMP) 1 613 1 2411,	
fluor-deoxiuridina 1 613 1 2410,	
5- 2 613 2 2409,3278,	
monofosfato 1 613 1 2407,	
activos 1 613 1 2406,	
intracelular 1 613 1 2402,	
activación 1 613 1 2401,	
medio 1 613 1 2998,	
experimenta 1 613 1 2400,	
10-metilentetrahidrofolato 1 613 1 2398,	
intracelulares 2 613 2 2395,2434,	
mediante 1 613 1 2390,	
citotoxicidad 1 613 1 2387,	
potencia 1 613 1 2385,	
2)El 1 613 1 2382,	
cataboliza 1 613 1 2378,	
DPD 2 613 2 2374,2457,	
profármaco 1 613 1 2361,	
1)Tegafur 1 613 1 2358,	
dual 1 613 1 2357,	
dan 1 613 1 2352,	
combinadas 1 613 1 2346,	
sigue 1 613 1 3111,	
principalmente 1 613 1 2379,	
actividades 1 613 1 2344,	
degradación 1 613 1 2340,	
competitivo 1 613 1 2337,	
inhibidor 2 613 2 2336,2370,	
fija 1 613 1 2325,	
molar 1 613 1 2324,	
(DPD) 1 613 1 2320,	
deshidrogenasa 1 613 1 2319,	
inhibe 2 613 2 2315,2418,	
procesos 1 613 1 2989,	
administrada 1 613 1 2311,	
fluorpirimidina 1 613 1 2309,	
C 1 613 1 2306,	
L01B 1 613 1 2305,	
pirimidina 2 613 2 2304,3120,	
análogos 1 613 1 2302,	
antimetabolitos 1 613 1 2301,	
ATC 1 613 1 2298,	
farmacoterapéutico/código 1 613 1 2297,	
Grupo 1 613 1 2296,	
farmacodinámicas 1 613 1 2295,	
Propiedades 2 613 2 2294,2834,	
ESTE 1 613 1 2290,	
DE 6 613 6 2289,3807,3810,3817,3821,3828,	
FARMACOLÓGICAS 1 613 1 2288,	
PROPIEDADES 1 613 1 2287,	
apoyo 1 613 1 2285,	
aplicarse 1 613 1 2280,	
específico; 1 613 1 2278,	
antídoto 1 613 1 2277,	
agranulocitosis) 1 613 1 2274,	
(trombocitopenia 1 613 1 2271,	
(1 1 613 1 2326,	
gastrointestinal 2 613 2 2263,3497,	
ulcera 1 613 1 2262,	
incluyen 2 613 2 2258,3088,	
2000 1 613 1 3825,	
observados 1 613 1 2257,	
llegar 1 613 1 2251,	
pudiendo 1 613 1 2250,	
incrementar 1 613 1 2241,	
sobredosis 1 613 1 2238,	
caso 3 613 3 2236,3029,3036,	
Sobredosis 1 613 1 2234,	
Hidroxipropilcelulosa 1 613 1 3652,	
9 2 613 2 2233,3815,	
transaminasas 1 613 1 2231,	
7S 1 613 1 2205,	
colágeno 1 613 1 2204,	
elevados 1 613 1 2202,	
séricos 2 613 2 2201,2229,	
(***) 1 613 1 2196,	
multi-orgánica 1 613 1 2195,	
fatiga 1 613 1 2191,	
urinaria 1 613 1 2180,	
nefrótico 1 613 1 2178,	
agudo 1 613 1 2176,	
palmo-plantar 1 613 1 2167,	
eritrodisestesia 1 613 1 2166,	
Johnson 1 613 1 2165,	
urticaria 1 613 1 2161,	
dermatitis) 1 613 1 2160,	
vesicación 1 613 1 2158,	
(incluyendo 1 613 1 2157,	
erupción 1 613 1 2152,	
discoide-como 1 613 1 2151,	
eritematoso 1 613 1 2150,	
lupus 1 613 1 2149,	
*** 1 613 1 2139,	
fibrosis 2 613 2 2137,2219,	
cirrosis 1 613 1 2133,	
isquémica 1 613 1 2128,	
colitis 1 613 1 2127,	
ascitis 1 613 1 2126,	
paralítico 1 613 1 2125,	
íleo 1 613 1 2124,	
gastroduodenal 1 613 1 2122,	
úlcera 1 613 1 2121,	
pancreatitis 1 613 1 2119,	
intersticial 1 613 1 2111,	
neumonía 2 613 2 2110,2114,	
hipoestesia 1 613 1 2098,	
conciencia 1 613 1 2097,	
manera 2 613 2 2091,2906,	
extrapiramidales 1 613 1 2079,	
proceso 1 613 1 3449,	
movimientos 1 613 1 2076,	
memoria 1 613 1 2072,	
parosmia 1 613 1 2067,	
diseminada 1 613 1 2058,	
parálisis 1 613 1 2081,	
intravascular 1 613 1 2057,	
coagulación 1 613 1 2056,	
140 2 613 2 3746,3850,	
andar 1 613 1 2093,	
pancitopenia 1 613 1 2055,	
incontinencia 1 613 1 2179,	
agranulocitosis 1 613 1 2054,	
promielocítica 1 613 1 2053,	
mieloica 1 613 1 2050,	
aguda 3 613 3 2049,2052,2120,	
leucemia 2 613 2 2048,2051,	
mielodisplásico 1 613 1 2047,	
síndrome 3 613 3 2046,2162,2177,	
hemolítica 1 613 1 2045,	
leucoencefalopatía 1 613 1 2035,	
Raramente 4 613 4 2034,2063,2109,2190,	
clínicas 1 613 1 2025,	
investigaciones 1 613 1 2024,	
incluidas 1 613 1 2012,	
Están 1 613 1 2011,	
comercialización 1 613 1 1998,	
adverso 1 613 1 1994,	
clínico 1 613 1 1993,	
microsómicas) 1 613 1 3053,	
resultado 1 613 1 1992,	
asoció 1 613 1 1989,	
reversible 2 613 2 1985,2371,	
aislado 1 613 1 1984,	
proteínas 1 613 1 3022,	
generalmente 3 613 3 1983,2987,3348,	
comunicó 1 613 1 1981,	
5-FU/folinato 7 613 7 1975,2574,2582,2663,2739,2777,2785,	
control 1 613 1 1973,	
brazo 1 613 1 1972,	
comparación 2 613 2 1969,2943,	
veces 2 613 2 1964,3226,	
aproximadamente 3 613 3 1962,3197,3287,	
hiperbilirrubinemia 1 613 1 1958,	
** 1 613 1 1956,	
peso* 1 613 1 1955,	
(200 1 613 1 3391,	
(ALT) 1 613 1 1951,	
alcalina 1 613 1 1947,	
fosfatasa 1 613 1 1946,	
incremento 2 613 2 1943,1948,	
linealidad 1 613 1 3325,	
Investigaciones 1 613 1 1940,	
torácico* 1 613 1 1939,	
dolor* 1 613 1 1935,	
escalofríos 1 613 1 1934,	
malestar 1 613 1 1933,	
cefalea 1 613 1 1932,	
fiebre* 1 613 1 1931,	
astenia* 1 613 1 1929,	
lugar 4 613 4 1924,2187,2353,2444,	
condiciones 2 613 2 1921,2184,	
generales 2 613 2 1919,2182,	
rata 1 613 1 3618,	
excepción 1 613 1 3527,	
impotencia* 1 613 1 1917,	
mama 1 613 1 1914,	
reproductor 1 613 1 1910,	
hematuria* 1 613 1 1906,	
urinaria* 1 613 1 1905,	
retención 1 613 1 1904,	
anormal* 1 613 1 1903,	
urinarios 2 613 2 1898,2171,	
citosólicas) 1 613 1 3059,	
renales 3 613 3 1896,2169,3468,	
genotóxico 1 613 1 3610,	
artralgia* 1 613 1 1894,	
espalda* 1 613 1 1893,	
mialgia 1 613 1 1890,	
estudios 2 613 2 3396,3623,	
conectivo 1 613 1 1888,	
óseos 1 613 1 1884,	
musculoesqueléticos 1 613 1 1883,	
productos 2 613 2 2814,3084,	
exfoliativa 1 613 1 1876,	
dermatitis 1 613 1 1875,	
rash 1 613 1 1874,	
conversión 2 613 2 3041,3131,	
alopecia 1 613 1 1873,	
tejido 3 613 3 1870,1887,2145,	
Madrid 1 613 1 3804,	
piel 4 613 4 1868,1880,2143,2156,	
hepático* 1 613 1 1864,	
ictericia* 1 613 1 1862,	
hepatitis* 1 613 1 1861,	
hepato-biliares 2 613 2 1858,2130,	
mantuvieron 1 613 1 3250,	
intestinal* 1 613 1 1856,	
perforación 1 613 1 1855,	
citosólicas 1 613 1 3077,	
ileitis* 1 613 1 1854,	
enteritis* 1 613 1 1852,	
sequedad 1 613 1 1847,	
mucositis* 1 613 1 1846,	
dispepsia 1 613 1 1845,	
flatulencia 1 613 1 1844,	
seguirse 1 613 1 3770,	
estreñimiento* 1 613 1 1843,	
abdominal* 1 613 1 1841,	
vómitos* 1 613 1 1839,	
anorexia 1 613 1 1838,	
estomatitis* 1 613 1 1837,	
sintético 1 613 1 3681,	
náuseas* 1 613 1 1836,	
diarrea* 1 613 1 1835,	
gastrointestinales 2 613 2 1832,2116,	
pulmonar* 1 613 1 1830,	
embolia 1 613 1 1829,	
faringitis 1 613 1 1826,	
tos 1 613 1 1825,	
aumento 1 613 1 1823,	
trifosfato 1 613 1 2413,	
disnea* 1 613 1 1822,	
mediastinales 2 613 2 1820,2108,	
torácicos 2 613 2 1818,2106,	
respiratorios 2 613 2 1817,2105,	
shock* 1 613 1 1815,	
profunda* 1 613 1 1812,	
venosa 1 613 1 1811,	
trombosis 1 613 1 1810,	
vasculares 1 613 1 1808,	
cardiaca* 1 613 1 1806,	
parada 1 613 1 1805,	
monoexponenciales 1 613 1 2994,	
miocardio* 1 613 1 1804,	
congestivo* 1 613 1 1801,	
cardíaco 1 613 1 1800,	
fallo 3 613 3 1799,1863,2174,	
arritmia* 1 613 1 1798,	
periférico* 1 613 1 1795,	
edema 1 613 1 1794,	
conjuntivitis 1 613 1 1790,	
lagrimeo 1 613 1 1789,	
oculares 1 613 1 1787,	
insomnio 1 613 1 1785,	
somnolencia 1 613 1 1783,	
(tinta 1 613 1 3671,	
pérdida 4 613 4 1780,1953,2064,2070,	
gusto 2 613 2 1779,1782,	
nervioso 2 613 2 1775,2062,	
caquexia* 1 613 1 1771,	
deshidratación* 1 613 1 1770,	
relación 2 613 2 2323,3230,	
nutrición 1 613 1 1768,	
metabolismo 4 613 4 1766,3080,3103,3453,	
febril 1 613 1 1763,	
42 2 613 2 3740,3866,	
coagulación* 1 613 1 1761,	
66% 1 613 1 2935,	
neutropenia 2 613 2 1756,1762,	
leucopenia 2 613 2 1755,2272,	
SGPT 1 613 1 1950,	
trombocitopenia 1 613 1 1754,	
Muy 13 613 13 1750,1833,1927,1941,2042,2068,2101,2112,2117,2131,2147,2172,2192,	
sanguíneo 2 613 2 1749,2041,	
linfático 2 613 2 1747,2039,	
sistema 5 613 5 1746,1774,1909,2038,2061,	
sepsis* 1 613 1 1743,	
infección* 1 613 1 1742,	
moniliasis 1 613 1 1739,	
Frecuente 12 613 12 1738,1769,1776,1788,1793,1809,1821,1842,1872,1889,1930,1952,	
infestaciones 2 613 2 1737,2033,	
Infecciones 2 613 2 1735,2031,	
] 1 613 1 1734,	
aislados) 1 613 1 1733,	
001% 1 613 1 1726,	
01% 2 613 2 1716,1730,	
raramente 12 613 12 1713,1723,2043,2069,2102,2113,2118,2132,2148,2173,2193,2216,	
10%) 2 613 2 1698,1704,	
( 5 613 5 1697,1700,1707,1714,1724,	
frecuente 17 613 17 1696,1699,1706,1741,1751,1758,1797,1814,1828,1834,1851,1860,1900,1916,1928,1937,1942,	
MedDRA 1 613 1 1694,	
[Convención 1 613 1 1693,	
0 11 613 11 1691,1708,1715,1719,1725,1729,2588,2592,2651,2765,2795,	
predominante 1 613 1 3446,	
proporción 2 613 2 1685,3367,	
comunicaron 1 613 1 1682,	
atribución 1 613 1 1675,	
(*) 1 613 1 1662,	
Stevens 1 613 1 2164,	
indican 1 613 1 1660,	
términos 1 613 1 1658,	
atribuidas 1 613 1 1651,	
1% 4 613 4 1649,1692,1701,1709,	
frecuencia 3 613 3 1648,1690,2243,	
comunicadas 1 613 1 1645,	
especifica 1 613 1 1638,	
estomatitis/mucositis 1 613 1 1634,	
alta 1 613 1 1629,	
Poco 10 613 10 1740,1757,1796,1813,1827,1850,1859,1899,1915,1936,	
incidencia 1 613 1 1627,	
tendían 1 613 1 1623,	
alteró 2 613 2 2895,2955,	
observaron 1 613 1 1610,	
repetidas 1 613 1 3489,	
tenían 1 613 1 1596,	
Aproximadamente 1 613 1 1590,	
(9%) 1 613 1 1589,	
abdominal 1 613 1 1585,	
dolor 4 613 4 1584,1840,1891,1938,	
(12%) 2 613 2 1583,1586,	
náuseas/vómitos 1 613 1 1582,	
TEXTO 1 613 1 3832,	
(20%) 1 613 1 1581,	
gastritis* 1 613 1 1853,	
clínicamente 4 613 4 1575,1612,1669,3412,	
severas 2 613 2 1573,1667,	
reducidas 1 613 1 1561,	
retrasadas 1 613 1 1559,	
permanente 1 613 1 1554,	
requirieron 1 613 1 1551,	
reversibles 2 613 2 1548,3546,	
vómitos 2 613 2 1546,2260,	
observadas 1 613 1 1541,	
esperarse 1 613 1 1526,	
Como 1 613 1 1519,	
1) 1 613 1 1518,	
mediana 5 613 5 1509,2540,2626,2702,2743,	
III 2 613 2 1506,2491,	
Absorción 1 613 1 2858,	
Fase 1 613 1 1505,	
discrasia 1 613 1 2153,	
ensayos 2 613 2 1502,2486,	
refiere 1 613 1 1486,	
adicionales 1 613 1 1479,	
disponga 1 613 1 1476,	
Mientras 1 613 1 1473,	
Reacciones 1 613 1 1471,	
advertirse 1 613 1 1461,	
confusión 1 613 1 1455,	
ocasionalmente 1 613 1 1451,	
dado 1 613 1 1449,	
interfiera 1 613 1 1438,	
demostrado 1 613 1 1432,	
máquinas 1 613 1 1428,	
594 1 613 1 1489,	
utilizar 2 613 2 1427,1445,	
conducir 2 613 2 1425,1443,	
capacidad 2 613 2 1423,1441,	
Efectos 1 613 1 1420,	
lactantes; 1 613 1 1405,	
adversas 8 613 8 1401,1472,1528,1540,1572,1641,1666,2016,	
Debido 1 613 1 1396,	
materna 3 613 3 1389,3561,3570,	
leche 2 613 2 1388,3560,	
excretan 3 613 3 1385,3211,3557,	
Lactancia 1 613 1 1375,	
genético 1 613 1 1374,	
asesoramiento 1 613 1 1373,	
diagnostica 1 613 1 1363,	
razón 2 613 2 2578,2781,	
después) 1 613 1 1360,	
hidroxi 1 613 1 3207,	
meses 9 613 9 1359,2547,2557,2636,2646,2712,2722,2750,2760,	
(y 1 613 1 1356,	
mujeres 2 613 2 1352,1411,	
varones 2 613 2 1350,3406,	
medidas 2 613 2 1344,2282,	
sustitución 1 613 1 3655,	
Por 1 613 1 1330,	
embarazo 3 613 3 1329,1340,1365,	
feto 1 613 1 1323,	
problemas 1 613 1 1319,	
causar 1 613 1 1318,	
Uracilo/Tegafur 1 613 1 1316,	
exposición 1 613 1 1313,	
dispone 1 613 1 1308,	
Embarazo 2 613 2 1300,1303,	
2) 2 613 2 1297,1569,	
alimentos 1 613 1 1294,	
ingestión 1 613 1 1292,	
afectada 1 613 1 1289,	
absorción 3 613 3 1284,2912,2991,	
prurito 1 613 1 1881,	
enzimas 2 613 2 1282,3076,	
metabolizados 2 613 2 1279,3166,	
haya 1 613 1 1274,	
improbable 3 613 3 1272,3156,3464,	
-3A4 1 613 1 1266,	
ó 1 613 1 1265,	
-2E1 1 613 1 1264,	
-2D6 1 613 1 1263,	
	5 1 613 1 2292,	
-2C19 1 613 1 1262,	
-2C9 1 613 1 1261,	
contenido 2 613 2 2923,3721,	
-2C8 1 613 1 1260,	
-2B6 1 613 1 1259,	
-1A2 1 613 1 1258,	
CYP1A1 1 613 1 1257,	
Además 2 613 2 1249,1656,	
CYP2D6 1 613 1 1248,	
CYP3A4 1 613 1 1246,	
in 2 613 2 1243,1250,	
actividad 1 613 1 1242,	
Después 5 613 5 1995,2451,2859,2917,2970,	
inhiben 1 613 1 1239,	
Ni 2 613 2 1235,3123,	
miconazol 1 613 1 1234,	
ketoconazol 1 613 1 1232,	
clotrimazol 1 613 1 1231,	
metoxipsoralen 1 613 1 1230,	
cumarina 1 613 1 1229,	
inhibidores 1 613 1 1224,	
sustratos 1 613 1 1222,	
enterocolitis 1 613 1 2123,	
metabolizado 2 613 2 1208,1255,	
parcialmente 2 613 2 1207,3066,	
vitro 3 613 3 1204,1244,1251,	
Menos 1 613 1 3172,	
In 1 613 1 1203,	
4) 2 613 2 1202,2327,	
intoxicación 1 613 1 1191,	
plasmáticos 1 613 1 1185,	
niveles 3 613 3 1184,2200,2228,	
elevación 2 613 2 1181,2225,	
notificado 2 613 2 1178,2214,	
inicio 1 613 1 1171,	
terapia 1 613 1 1166,	
mg) 2 613 2 3335,3392,	
estabilizados 1 613 1 1164,	
metabolitos 3 613 3 2394,2405,3206,	
(INR) 1 613 1 1161,	
Datos 1 613 1 3480,	
(PT) 1 613 1 1155,	
marcadas 1 613 1 1149,	
elevaciones 1 613 1 1148,	
Se 2 613 2 1145,1176,	
sorivudina 1 613 1 1144,	
antiviral 1 613 1 1143,	
fármaco 1 613 1 1142,	
co-administración 1 613 1 1137,	
sentido 1 613 1 1123,	
aumentar 1 613 1 1114,	
potencial 3 613 3 1112,1398,3642,	
endógenas 1 613 1 1109,	
pirimidinas 1 613 1 1107,	
catabolismo 1 613 1 1104,	
responsable 1 613 1 1102,	
enzima 3 613 3 1101,1227,2376,	
inhibiendo 1 613 1 1096,	
actúe 1 613 1 1095,	
administrarse 2 613 2 1088,1216,	
administrados 2 613 2 1083,2505,	
farmacocinéticas 2 613 2 1076,2835,	
interacciones 2 613 2 1075,1275,	
formalmente 1 613 1 1073,	
interacción 1 613 1 1068,	
(p=0 1 613 1 2666,	
formas 1 613 1 1066,	
Interacción 1 613 1 1059,	
miocardio 1 613 1 1048,	
infarto 2 613 2 1046,1802,	
incierta 1 613 1 1044,	
causalidad 1 613 1 1043,	
raros 1 613 1 1041,	
además 1 613 1 1035,	
pecho 1 613 1 1034,	
angina 2 613 2 1032,2103,	
isquemia 1 613 1 1029,	
asociado 1 613 1 1025,	
graves 2 613 2 1320,1402,	
fluoropirimidinas 1 613 1 1022,	
severidad 2 613 2 1644,2245,	
cardiaca 1 613 1 1015,	
historial 1 613 1 1012,	
Deben 2 613 2 1006,1341,	
significativa 5 613 5 1005,1016,2526,2678,3308,	
Enfermedad 1 613 1 1003,	
peor 1 613 1 1002,	
suspender 1 613 1 987,	
necesidad 1 613 1 985,	
prestarse 1 613 1 980,	
Debe 1 613 1 979,	
deshidratación 1 613 1 974,	
fatales 2 613 2 971,2254,	
potencialmente 1 613 1 970,	
complicaciones 1 613 1 969,	
evitar 1 613 1 967,	
subcutáneo 2 613 2 1871,2146,	
electrolítica 1 613 1 965,	
hídrica 1 613 1 963,	
reposición 1 613 1 962,	
bolus 1 613 1 1978,	
mayoría 3 613 3 940,1531,1536,	
diarrea 7 613 7 935,951,998,1543,1580,1632,2261,	
produce 2 613 2 934,3047,	
menudo 2 613 2 933,1967,	
Diarrea 1 613 1 929,	
dichos 1 613 1 927,	
linfoides 1 613 1 3499,	
administrar 1 613 1 923,	
deberán 2 613 2 919,2279,	
médicos 1 613 1 918,	
existe 2 613 2 904,2276,	
moderada 2 613 2 899,2223,	
reacciones 7 613 7 1400,1527,1539,1571,1640,1665,2015,	
leve 3 613 3 897,947,2221,	
disfunción 1 613 1 895,	
maquinaria 1 613 1 1446,	
monitorizada 1 613 1 888,	
función 3 613 3 884,1901,2450,	
presente 1 613 1 871,	
reciba 1 613 1 862,	
apropiado 1 613 1 857,	
análisis 3 613 3 856,2596,3376,	
realizarse 1 613 1 854,	
único 2 613 2 852,2003,	
agente 2 613 2 851,2002,	
mortal 2 613 2 844,1131,	
desenlace 2 613 2 843,1130,	
fulminante 2 613 2 841,2136,	
hepatitis 3 613 3 840,876,2135,	
incluyendo 4 613 4 839,1045,1542,2077,	
trastornos 3 613 3 837,1759,3467,	
comunicado 8 613 8 836,1051,1126,1147,1454,1961,2006,2021,	
sugiere 1 613 1 1269,	
han 13 613 13 835,1071,1125,1146,1177,1492,2005,2020,2213,2809,2850,3621,3695,	
Dado 1 613 1 832,	
hepáticos 2 613 2 831,838,	
Trastornos 24 613 24 830,1744,1764,1772,1786,1791,1807,1816,1831,1857,1865,1882,1895,1907,1918,2036,2059,2099,2104,2115,2129,2140,2168,2181,	
anemia 3 613 3 1631,1753,2044,	
plasmáticas 7 613 7 827,2462,2928,2979,3253,3341,3358,	
perros 3 613 3 3487,3518,3540,	
concentraciones 6 613 6 826,2461,2978,3145,3252,3264,	
incrementos 1 613 1 823,	
deberá 4 613 4 819,853,886,1460,	
especial 1 613 1 981,	
concomitantemente 3 613 3 815,1084,1195,	
fenitoína 4 613 4 814,829,1187,1199,	
tomen 2 613 2 813,1467,	
En 10 613 10 809,1121,2197,2235,2517,2669,2798,3443,3484,3577,	
Ratio 2 613 2 808,1160,	
miocárdica 1 613 1 1030,	
Normalised 2 613 2 807,1159,	
debido 1 613 1 1110,	
International 2 613 2 806,1158,	
alteraciones 3 613 3 798,2085,2088,	
regularmente 2 613 2 794,821,	
conjuntamente 2 613 2 789,1089,	
warfarina) 1 613 1 788,	
(como 1 613 1 786,	
anticoagulantes 1 613 1 784,	
tratados 7 613 7 782,960,1054,1134,1194,1494,2208,	
intestinal 1 613 1 775,	
mg/m2/día] 1 613 1 2499,	
obstrucción 1 613 1 774,	
acontecimientos 1 613 1 1039,	
síntomas 5 613 5 772,874,1189,2078,2256,	
signos 3 613 3 770,872,3523,	
desarrollar 1 613 1 748,	
alto 2 613 2 746,2922,	
riesgo 3 613 3 745,2580,2783,	
dehidrogenasa 2 613 2 738,1099,	
dihidropirimidina 3 613 3 737,1098,2318,	
PVC/PVDC/Al 1 613 1 3734,	
investigado 1 613 1 1072,	
sospecha 1 613 1 730,	
cuidado 1 613 1 721,	
1%) 2 613 2 1712,1720,	
extremo 1 613 1 720,	
modificaciones 1 613 1 708,	
describe 1 613 1 705,	
tratada 1 613 1 702,	
aparezca 1 613 1 699,	
Cualquier 1 613 1 696,	
hematológicos 1 613 1 686,	
semanas 1 613 1 2515,	
bioquímicos 1 613 1 684,	
clínicos 4 613 4 683,1311,1503,3524,	
biomodulación 1 613 1 2356,	
efectos 4 613 4 682,1483,2009,2248,	
regular 1 613 1 679,	
monitorización 1 613 1 678,	
(FUTP) 1 613 1 2416,	
adecuadas 4 613 4 675,1346,2283,3779,	
instalaciones 1 613 1 674,	
citotóxicos 4 613 4 669,1524,3099,3782,	
agentes 2 613 2 668,2299,	
experiencia 2 613 2 663,905,	
tenga 2 613 2 662,672,	
reciben 2 613 2 649,848,	
enfermedad 3 613 3 645,879,1014,	
selección 1 613 1 640,	
considerarse 2 613 2 637,1372,	
deberían 1 613 1 636,	
negativamente 1 613 1 632,	
afectar 1 613 1 631,	
pudieran 1 613 1 630,	
individuales 2 613 2 625,2345,	
características 1 613 1 624,	
casos 6 613 6 611,943,1128,1179,1732,2217,	
interrupciones 1 613 1 606,	
reducciones 1 613 1 601,	
médicas 1 613 1 599,	
recomendaciones 1 613 1 598,	
anticonceptivas 1 613 1 1345,	
seguimiento 1 613 1 595,	
específicas 1 613 1 590,	
proporcionarse 1 613 1 588,	
Deberían 1 613 1 587,	
boca 1 613 1 1849,	
método 1 613 1 581,	
completo 1 613 1 576,	
mujeres) 1 613 1 3408,	
cumplimiento 2 613 2 575,635,	
importancia 2 613 2 573,593,	
paciente 3 613 3 570,860,3418,	
instruir 1 613 1 568,	
debería 1 613 1 567,	
médico 2 613 2 566,660,	
Cumplimiento 1 613 1 557,	
conteniendo 1 613 1 3735,	
especiales 3 613 3 554,3374,3707,	
precauciones 3 613 3 553,1008,1468,	
Advertencias 1 613 1 551,	
hepático 3 613 3 548,882,3450,	
carcinogenidad 1 613 1 3625,	
warfarina 1 613 1 1168,	
CYP2A6 3 613 3 547,1210,3069,	
deficiencia 2 613 2 544,734,	
antineoplásicos 2 613 2 540,2300,	
fármacos 5 613 5 539,1523,2827,3165,3781,	
previa 1 613 1 537,	
radioterapia 1 613 1 536,	
[20 1 613 1 2503,	
ve 1 613 1 1288,	
ósea 3 613 3 534,2270,3501,	
médula 3 613 3 533,2269,3500,	
integra 1 613 1 2438,	
significativamente 5 613 5 1240,2896,2956,3097,3160,	
supresión 2 613 2 530,2266,	
evidentes 1 613 1 528,	
datos 6 613 6 527,1310,1478,3152,3380,3634,	
presenten 1 613 1 526,	
severa 2 613 2 524,952,	
adolescentes 1 613 1 517,	
son 4 613 4 516,3074,3195,3638,	
lactancia 2 613 2 514,1302,	
PIIINP 1 613 1 2207,	
periodo 1 613 1 512,	
estarlo 1 613 1 509,	
piensan 1 613 1 508,	
embarazadas 2 613 2 506,1315,	
están 2 613 2 505,2468,	
5-FU 21 613 21 495,1383,2342,2364,2381,2389,2399,2464,2816,2877,2904,2932,2963,3045,3101,3105,3128,3313,3360,3436,3555,	
conocida 2 613 2 493,545,	
fluoradas 1 613 1 1108,	
hipersensibilidad 1 613 1 492,	
presentan 1 613 1 491,	
- 8 613 8 490,504,510,515,520,525,541,3803,	
contraindicado 3 613 3 486,1334,1414,	
está 5 613 5 485,1333,1413,2828,3065,	
cumarínicos 1 613 1 785,	
Contraindicaciones 1 613 1 483,	
MINISTERIO 5 613 5 480,900,2668,3170,3658,	
relevantes 3 613 3 1576,1613,1670,	
toxicidades 1 613 1 451,	
aparición 5 613 5 449,613,996,1027,1037,	
monitorizados 3 613 3 446,657,956,	
cuidadosamente 2 613 2 445,955,	
Estos 2 613 2 441,3151,	
precaución 4 613 4 435,762,921,1218,	
manejarse 1 613 1 433,	
vía 2 613 2 430,2313,	
principal 3 613 3 422,2530,2682,	
ruta 1 613 1 421,	
mielosupresión 1 613 1 1752,	
Aunque 1 613 1 419,	
eliminación 7 613 7 416,424,470,2993,3186,3456,3778,	
insuficiencia 6 613 6 412,439,466,522,766,915,	
complejos 1 613 1 2424,	
valorado 2 613 2 407,461,	
No 12 613 12 404,458,903,1069,1376,1429,1608,2275,3070,3304,3619,3693,	
Insuficiencia 3 613 3 402,456,901,	
8) 1 613 1 401,	
concomitantes 1 613 1 395,	
enfermedades 1 613 1 394,	
medicamentos 5 613 5 392,1063,1082,1278,3870,	
alteración 4 613 4 1777,2073,2094,2194,	
cardíacos 3 613 3 1040,1792,2100,	
presencia 2 613 2 390,3423,	
diferencias 1 613 1 1611,	
cardíaca 2 613 2 387,1004,	
hepática 10 613 10 385,457,467,523,769,885,896,2134,2138,2220,	
renal 10 613 10 384,403,413,431,440,767,902,916,1902,2175,	
funciones 1 613 1 383,	
edad 4 613 4 380,1622,3401,3416,	
prueba 1 613 1 3613,	
media 1 613 1 3399,	
adversos 3 613 3 1484,2010,2249,	
relacionado 1 613 1 377,	
respecto 3 613 3 374,1672,3428,	
ancianos 2 613 2 373,779,	
monitorizarse 2 613 2 369,793,	
embargo 5 613 5 367,937,1448,2818,3632,	
75 2 613 2 364,1606,	
26% 2 613 2 360,1602,	
años 6 613 6 357,365,1598,1607,3404,3703,	
astenia 1 613 1 1588,	
65 2 613 2 356,1597,	
posología 1 613 1 579,	
estudiados 1 613 1 351,	
45% 2 613 2 347,1592,	
Puede 1 613 1 3750,	
estudiada 1 613 1 343,	
cromosómicas 1 613 1 3600,	
sido 3 613 3 341,1493,2851,	
anciana 1 613 1 339,	
población 1 613 1 338,	
6-3 1 613 1 2716,	
Ancianos 1 613 1 336,	
) 9 613 9 335,455,479,622,715,753,978,1120,1459,	
(ver 17 613 17 332,396,452,473,616,712,750,975,1117,1200,1211,1295,1335,1415,1456,1516,1567,	
pacientes 36 613 36 331,350,372,437,442,488,560,628,647,725,742,764,778,781,811,846,893,913,928,949,1010,1053,1133,1163,1193,1349,1464,1490,1534,1566,1595,1619,1687,2198,2854,3398,	
3) 3 613 3 1213,1337,1417,	
utilizarse 3 613 3 328,718,760,	
comparativos 1 613 1 2489,	
establecido 1 613 1 324,	
combinación 10 613 10 315,651,755,864,908,1220,1435,1499,2474,2824,	
eficacia 2 613 2 312,2471,	
seguridad 3 613 3 310,1616,3483,	
lactantes 2 613 2 308,1412,	
quimioterapia 1 613 1 695,	
niños 2 613 2 306,519,	
Adolescentes 1 613 1 305,	
administradas 1 613 1 297,	
NOMBRE 1 613 1 3784,	
interrumpirse 1 613 1 279,	
interrumpe 2 613 2 272,285,	
Cuando 2 613 2 270,1979,	
día 1 613 1 269,	
cápsulas 3 613 3 265,3725,3749,	
necesitan 1 613 1 262,	
superiores 1 613 1 3364,	
decoloración 1 613 1 1877,	
deterioro 1 613 1 376,	
mantiene 1 613 1 256,	
rápidamente 2 613 2 2870,3268,	
*La 1 613 1 250,	
Retratamiento 1 613 1 249,	
cápsula/día 1 613 1 248,	
siguiente 2 613 2 245,1636,	
Reducir 1 613 1 242,	
3-4 1 613 1 241,	
000/mm3 1 613 1 238,	
100 2 613 2 237,3149,	
habla 1 613 1 2087,	
plaquetas) 1 613 1 236,	
plaquetas 1 613 1 235,	
1500/mm 1 613 1 233,	
granulocitos 2 613 2 230,232,	
2-4 1 613 1 223,	
recuento 1 613 1 222,	
(basada 1 613 1 219,	
cambios 3 613 3 214,258,3530,	
Sin 5 613 5 213,366,1447,2817,3631,	
grado 2 613 2 211,999,	
diarrea) 1 613 1 207,	
resolución 1 613 1 205,	
frecuentes 1 613 1 1578,	
Suspender 2 613 2 200,224,	
(incluida 1 613 1 198,	
hematológica 3 613 3 197,218,240,	
Toxicidad 3 613 3 195,217,239,	
interrupción 3 613 3 192,1553,2447,	
e 4 613 4 191,1736,2032,3054,	
reducción 1 613 1 190,	
directrices 2 613 2 188,589,	
proporcionan 1 613 1 185,	
toxicidad 9 613 9 183,209,615,697,749,1116,3493,3569,3585,	
extremidades 1 613 1 2084,	
controlar 2 613 2 181,820,	
hemorragia 1 613 1 2264,	
Modificación 1 613 1 176,	
> 2 613 2 169,3257,	
5 15 613 15 165,752,1058,1118,1296,1514,1517,2286,2397,2507,2514,2635,2832,3478,3718,	
olfato 1 613 1 2066,	
83 2 613 2 164,171,	
50-1 1 613 1 163,	
49 1 613 1 157,	
17-1 1 613 1 156,	
17 1 613 1 150,	
< 6 613 6 148,263,1703,1711,1718,1728,	
diario 1 613 1 147,	
Régimen 1 613 1 146,	
(m2) 1 613 1 144,	
ASC 1 613 1 143,	
(ASC) 1 613 1 142,	
corporal 1 613 1 141,	
superficie 1 613 1 140,	
área 1 613 1 138,	
diaria 1 613 1 136,	
presenta 1 613 1 133,	
continuación 1 613 1 131,	
A 1 613 1 130,	
días) 1 613 1 129,	
comprende 1 613 1 127,	
tratamiento 23 613 23 126,202,226,274,287,304,563,608,642,891,989,1020,1173,1355,1368,1556,1653,1677,2538,2624,2700,2800,3321,	
protrombina 2 613 2 803,1154,	
ciclo 3 613 3 124,2618,3316,	
trastorno 1 613 1 881,	
decir 1 613 1 122,	
(es 1 613 1 121,	
UFT/folinato 18 613 18 119,653,757,910,924,930,991,1436,1496,1654,1679,2475,2568,2585,2657,2733,2771,2788,	
7 4 613 4 115,1419,2727,3783,	
iniciarse 1 613 1 112,	
siguientes 3 613 3 110,187,2008,	
ciclos 2 613 2 109,1515,	
Los 8 613 8 108,646,780,917,948,2255,3204,3353,	
consecutivos 2 613 2 107,302,	
aumentos 2 613 2 3337,3354,	
días 5 613 5 106,116,301,2508,3319,	
28 6 613 6 105,300,3318,3405,3737,3862,	
durante 10 613 10 104,298,687,889,1327,1353,1366,2506,3296,3314,	
comida 1 613 1 2920,	
(n=816) 1 613 1 2521,	
comidas 1 613 1 103,	
después 7 613 7 100,113,293,689,993,1390,3192,	
equilibrio 2 613 2 2846,3012,	
o 26 613 26 97,231,386,388,393,498,507,518,538,605,729,768,804,880,1001,1223,1233,1247,1560,1731,2222,2512,2903,3312,3435,3747,	
hora 2 613 2 95,99,	
deben 9 613 9 90,111,291,432,443,655,792,953,958,	
indujo 1 613 1 3598,	
Las 9 613 9 88,623,1570,2343,2871,2957,3183,3506,3724,	
tomarse 5 613 5 82,91,292,1007,1342,	
debe 10 613 10 81,278,327,368,700,717,759,1087,1215,1371,	
El 7 613 7 78,565,2332,2595,2995,3102,3272,	
horas) 3 613 3 77,3222,3237,	
8 10 613 10 76,621,1458,1470,2645,2717,2755,2763,3302,3805,	
Si 2 613 2 283,1361,	
(preferiblemente 1 613 1 74,	
tres 5 613 5 72,1358,3205,3246,3395,	
dividida 1 613 1 70,	
administra 2 613 2 69,1326,	
oral 8 613 8 66,564,2314,2362,2849,2891,2916,2974,	
cálcico 37 613 37 65,80,120,254,282,320,654,758,869,911,925,931,992,1437,1497,1655,1680,1976,2030,2351,2384,2476,2502,2569,2575,2583,2586,2658,2664,2734,2740,2772,2778,2786,2789,2890,2915,	
folinato 12 613 12 64,79,253,281,319,868,2029,2350,2383,2501,2889,2914,	
mg/día 1 613 1 62,	
90 1 613 1 61,	
combinada 1 613 1 59,	
uracilo 26 613 26 58,497,1238,1381,2331,2333,2348,2367,2459,2867,2875,2902,2930,2961,2986,3004,3038,3122,3126,3191,3266,3311,3362,3434,3462,3553,	
672 1 613 1 55,	
tegafur 32 613 32 53,496,1205,1236,1252,1380,2329,2467,2865,2874,2901,2952,2960,3002,3031,3043,3064,3082,3087,3090,3092,3110,3124,3176,3189,3209,3255,3310,3346,3433,3459,3552,	
mg/m2/día 3 613 3 51,56,3244,	
300 2 613 2 50,3243,	
carácter 1 613 1 946,	
dosis 22 613 22 45,73,89,135,179,194,244,251,295,604,711,1563,2837,3007,3247,3300,3328,3352,3370,3387,3439,3488,	
náuseas 2 613 2 1544,2259,	
La 23 613 23 44,309,337,754,883,1283,1535,1635,1957,2470,2539,2577,2625,2701,2742,2780,2836,2885,2948,3019,3040,3060,3215,	
Adultos 1 613 1 43,	
efecto 3 613 3 409,463,3471,	
administración 11 613 11 42,583,692,1393,1926,2189,2862,2886,2973,3240,3549,	
forma 1 613 1 40,	
Posología 1 613 1 38,	
	4 1 613 1 36,	
vértigo 1 613 1 1784,	
CLÍNICOS 1 613 1 35,	
DATOS 2 613 2 34,3645,	
4 40 613 40 33,158,333,397,398,400,453,454,474,477,478,481,549,550,617,620,713,751,976,1057,1201,1212,1298,1336,1416,1418,1457,1469,1568,2232,2510,2546,2556,2562,2641,2711,3224,3225,3236,3705,	
FARMACÉUTICA 1 613 1 31,	
FORMA 1 613 1 30,	
3 19 613 19 29,151,264,334,475,482,1511,1513,2634,2639,2644,2649,2710,2720,2721,2759,3221,3479,3698,	
6 11 613 11 27,172,1299,2552,3644,3690,3697,3704,3717,3762,3763,	
ver 1 613 1 26,	
excipientes 3 613 3 25,503,3651,	
Para 3 613 3 24,180,1304,	
CUANTITATIVA 1 613 1 22,	
Y 2 613 2 21,3788,	
CUALITATIVA 1 613 1 20,	
COMPOSICIÓN 1 613 1 19,	
2 21 613 21 18,37,159,166,167,173,174,175,199,618,714,977,1000,2485,2715,2725,2749,2833,2883,3691,3702,	
	 6 613 6 17,23,32,3794,3812,3835,	
MEDICAMENTO 2 613 2 16,2291,	
DEL 2 613 2 15,3831,	
DENOMINACIÓN 1 613 1 14,	
atención 1 613 1 982,	
1 21 613 21 13,28,149,152,153,154,155,160,161,162,168,170,212,247,1119,2293,2791,2881,3258,3294,3648,	
información 3 613 3 10,1481,1637,	
Toda 1 613 1 8,	
medicamento 4 613 4 7,12,586,1093,	
Basica 1 613 1 5,	
	Información 1 613 1 4,	
35 3 613 3 2,128,3738,	
capsulas 18 613 18 1,3,3837,3839,3841,3843,3845,3847,3849,3851,3853,3855,3857,3859,3861,3863,3865,3867,	
UFT 64 613 64 0,47,87,145,267,276,289,317,418,426,472,484,716,791,817,849,866,1056,1078,1085,1139,1175,1197,1214,1286,1305,1332,1370,1395,1409,2000,2027,2210,2307,2822,2848,2864,2893,2908,2945,2976,2984,3009,3158,3194,3242,3323,3331,3390,3442,3477,3491,3551,3567,3589,3727,3836,3840,3844,3848,3852,3856,3860,3864,	
