	Prospectos 1 122 1 9517,	
hallaz 1 122 1 9516,	
constante 1 122 1 9422,	
= 1 122 1 9421,	
(ki 1 122 1 9420,	
23 1 122 1 9378,	
22 1 122 1 8720,	
mamantina 1 122 1 8478,	
Fatiga 1 122 1 8255,	
categorizar 1 122 1 8164,	
adversasse 1 122 1 8163,	
moderados 1 122 1 8058,	
adecuadas 1 122 1 7998,	
activa-sustancia 1 122 1 7770,	
activas 1 122 1 7631,	
susutancias 1 122 1 7630,	
Otras 1 122 1 7629,	
grisaceo 1 122 1 6987,	
22-28) 1 122 1 6967,	
fusiformes) 1 122 1 6960,	
lados) 1 122 1 6932,	
biconvexo 1 122 1 6923,	
fusiforme 1 122 1 6921,	
fusiforme) 2 122 2 6894,6988,	
alcanzando 1 122 1 6860,	
gradual 1 122 1 6852,	
incrementa 1 122 1 6849,	
rojo 4 122 4 6707,6710,6983,6986,	
""15"" 1 122 1 6685,	
grisáceo 3 122 3 6678,6711,6959,	
pálido 4 122 4 6675,6708,6956,6984,	
naranja 4 122 4 6674,6677,6955,6958,	
cara 3 122 3 6619,6689,6722,	
impreso 3 122 3 6616,6686,6719,	
""5"" 1 122 1 6615,	
número 3 122 3 6614,6684,6717,	
46 1 122 1 6534,	
15 5 122 5 6460,6494,6524,6668,6950,	
EU/1/02/219/013 1 122 1 6387,	
EU/1/02/219/004-06 1 122 1 6386,	
16 2 122 2 6379,6553,	
III) 1 122 1 6333,	
Clase 1 122 1 6332,	
(Hidrolítico 1 122 1 6330,	
vidrio 1 122 1 6326,	
30°C 1 122 1 6315,	
temperatura 1 122 1 6312,	
utilizado 1 122 1 6299,	
frasco 1 122 1 6296,	
abierto 1 122 1 6292,	
purificada 1 122 1 6277,	
Agua 1 122 1 6276,	
Sorbitol 1 122 1 6274,	
potásico 1 122 1 6273,	
tmáax 1 122 1 5665,	
Ej 1 122 1 5114,	
extracción 1 122 1 5106,	
13 1 122 1 4984,	
diarrea) 1 122 1 4983,	
(<1/10 1 122 1 4785,	
<1/1 1 122 1 4781,	
(1/10 1 122 1 4778,	
<1/100) 1 122 1 4776,	
(1/1 1 122 1 4773,	
(1/100 1 122 1 4768,	
(1/10) 1 122 1 4766,	
(RAM) 1 122 1 4714,	
fármaco-fármaco 1 122 1 4358,	
hereditaria 1 122 1 4053,	
Central 2 122 2 3915,8568,	
Nervioso 2 122 2 3914,8567,	
Sistema 2 122 2 3913,8566,	
(40 1 122 1 3644,	
sola 1 122 1 3607,	
administradas 1 122 1 3604,	
indeseados 1 122 1 3515,	
Ajuste 2 122 2 3494,6832,	
amarillenta 1 122 1 3393,	
incolora 1 122 1 3390,	
[SNC] 1 122 1 7308,	
transparente 1 122 1 3387,	
	Gotas 1 122 1 3380,	
potasio 1 122 1 3361,	
sorbitol 2 122 2 3354,4048,	
equivale 1 122 1 3336,	
gota 1 122 1 3333,	
Una 2 122 2 3332,6290,	
solución 7 122 7 3307,3316,3335,3349,3383,3385,6346,	
gotas 8 122 8 3304,3486,3547,3563,3580,3599,3645,4045,	
mg/g 1 122 1 3303,	
eu 2 122 2 3296,6440,	
europa 2 122 2 3295,6439,	
emea 2 122 2 3294,6438,	
//www 2 122 2 3293,6437,	
(EMEA) 2 122 2 3291,6435,	
Medicamento 2 122 2 3290,6434,	
Europea 2 122 2 3288,6432,	
Agencia 2 122 2 3287,6431,	
web 2 122 2 3284,6428,	
página 2 122 2 3283,6427,	
producto 2 122 2 3278,6422,	
obtener 2 122 2 3273,6417,	
TEXTO 2 122 2 3271,6415,	
15/05/2002 2 122 2 3258,6402,	
autorización 2 122 2 3257,6401,	
Fecha 4 122 4 3253,3259,6397,6403,	
AUTORIZACIÓN/RENOVACIÓN 2 122 2 3249,6393,	
PRIMERA 2 122 2 3248,6392,	
FECHA 4 122 4 3245,3266,6389,6410,	
EU/1/02/219/007-012 1 122 1 3242,	
EU/1/02/219/001-3 1 122 1 3241,	
NÚMERO(S) 2 122 2 3236,6381,	
Dinamarca 2 122 2 3234,6378,	
Valby 2 122 2 3233,6377,	
DK-2500 2 122 2 3232,6376,	
Ottiliavej 2 122 2 3230,6374,	
A/S 2 122 2 3229,6373,	
Lundbeck 2 122 2 3228,6372,	
	H 2 122 2 3227,6371,	
COMERCIALIZACIÓN 4 122 4 3226,3240,6370,6385,	
AUTORIZACIÓN 6 122 6 3224,3238,3252,6368,6383,6396,	
LA 8 122 8 3223,3247,3251,3268,6367,6391,6395,6412,	
TITULAR 2 122 2 3221,6365,	
comercializados 2 122 2 3207,6351,	
estén 2 122 2 3206,6350,	
Puede 2 122 2 3203,6347,	
monodosis 1 122 1 3201,	
1000 1 122 1 3172,	
98) 1 122 1 3170,	
980 1 122 1 3167,	
112 1 122 1 3166,	
98 2 122 2 3159,3186,	
94 1 122 1 3158,	
84 1 122 1 3157,	
56 3 122 3 3152,3153,3183,	
42 1 122 1 3147,	
tamaños 3 122 3 3142,3209,6353,	
blister 1 122 1 3136,	
REVISIÓN 2 122 2 3269,6413,	
tira 1 122 1 3134,	
ó 3 122 3 3129,3171,6340,	
envase 2 122 2 3120,6322,	
contenido 3 122 3 3118,6294,6320,	
Naturaleza 2 122 2 3116,6318,	
requiere 1 122 1 3109,	
conservación 3 122 3 3107,3113,6308,	
Precauciones 4 122 4 3104,3214,6305,6358,	
validez 2 122 2 3099,6287,	
14 3 122 3 3128,3144,5525,	
Periodo 2 122 2 3097,6285,	
procede 2 122 2 3094,6282,	
Simeticona 1 122 1 3089,	
Triacetín 1 122 1 3088,	
Polisorbato 1 122 1 3085,	
sodio 1 122 1 3084,	
Laurilsulfato 1 122 1 3082,	
1) 1 122 1 3081,	
acrilato 1 122 1 3077,	
metacrílico 1 122 1 3075,	
Copolímero 1 122 1 3072,	
Cubierta 1 122 1 3069,	
Estearato 1 122 1 3066,	
Talco 2 122 2 3065,3087,	
coloidal 1 122 1 3063,	
Sílice 1 122 1 3062,	
Celulosa 1 122 1 3060,	
Lactosa 1 122 1 3058,	
Núcleo 1 122 1 3055,	
	6 2 122 2 3050,6267,	
FARMACÉUTICOS 2 122 2 3049,6266,	
fetal 2 122 2 3031,6248,	
reducción 2 122 2 3028,6245,	
adverso 2 122 2 3017,6234,	
ningún 2 122 2 3015,6232,	
madre 2 122 2 3010,6227,	
tóxicas 2 122 2 3007,6224,	
conejos 2 122 2 3003,6220,	
teratogénica 2 122 2 2997,6214,	
resultó 2 122 2 2996,6213,	
ratones 2 122 2 2988,6205,	
carcinogenicidad 2 122 2 2983,6200,	
evidencias 2 122 2 2981,6198,	
hubo 2 122 2 2980,6197,	
genotoxicidad 2 122 2 2971,6188,	
observada 2 122 2 2946,6163,	
catiónicas 2 122 2 2935,6152,	
anfifílicas 2 122 2 2934,6151,	
propiedades 2 122 2 2933,6150,	
lisosomas 2 122 2 2922,6139,	
producido 2 122 2 2915,6132,	
macrófagos 2 122 2 2913,6130,	
fosfolipidosis 2 122 2 2911,6128,	
sitema 1 122 1 8167,	
observó 10 122 10 2910,2953,2970,3014,3026,6127,6170,6187,6231,6243,	
revelaron 2 122 2 2904,6121,	
específicos 2 122 2 2895,6112,	
exámenes 2 122 2 2894,6111,	
monos 2 122 2 2892,6109,	
toxicidad 2 122 2 2881,6098,	
oculares 4 122 4 2877,2906,6094,6123,	
hallazgos 4 122 4 2873,2967,6090,6184,	
clínica 5 122 5 2870,2964,6087,6181,9513,	
importancia 5 122 5 2869,2963,6086,6180,9512,	
roedores 12 122 12 2856,2860,2886,2908,2956,6073,6077,6103,6125,6173,9499,9503,	
precedieron 3 122 3 2840,6058,9484,	
séricas 3 122 3 2833,6051,9477,	
picos 3 122 3 2828,6046,9472,	
producían 3 122 3 2827,6045,9471,	
Olney) 3 122 3 2822,6040,9466,	
(lesiones 3 122 3 2820,6038,9464,	
necrosis 6 122 6 2819,2848,6037,6065,9463,9491,	
igual 3 122 3 2809,6027,9453,	
ratas 9 122 9 2806,2990,3000,3024,6024,6207,6217,6241,9450,	
plazo 6 122 6 2804,2865,6022,6082,9448,9508,	
corto 3 122 3 2803,6021,9447,	
preclínicos 6 122 6 2797,2839,6015,6057,9441,9483,	
Datos 3 122 3 2796,6014,9440,	
humana 5 122 5 2793,3046,6011,6263,9437,	
corteza 3 122 3 2791,6009,9435,	
5µmol 1 122 1 2788,	
inhibición) 3 122 3 2781,5998,9424,	
(ki=constante 2 122 2 2779,5996,	
ki 3 122 3 2778,5995,9419,	
concuerdan 3 122 3 2774,5991,9415,	
LCR 3 122 3 2773,5990,9414,	
20mg 1 122 1 2767,	
farmacocinética/farmacodinámica 3 122 3 2760,5976,9400,	
Relación 3 122 3 2759,5975,9399,	
lineal 3 122 3 2748,5964,9388,	
demostrado 3 122 3 2745,5961,9385,	
Linealidad 3 122 3 2739,5955,9379,	
producir 3 122 3 2717,5933,9356,	
alcalinización 3 122 3 2711,5927,9350,	
factor 3 122 3 2701,5917,9340,	
reducirse 3 122 3 2698,5914,9337,	
alcalina 3 122 3 2696,5912,9335,	
cationes 3 122 3 2683,5899,9322,	
transportadoras 3 122 3 2681,5897,9320,	
mediada 3 122 3 2678,5894,9317,	
probablemente 3 122 3 2677,5893,9316,	
reabsorción 3 122 3 2675,5891,9314,	
incluye 3 122 3 2673,5889,9312,	
secreción 3 122 3 2667,5883,9306,	
logra 3 122 3 2665,5881,9304,	
m2 3 122 3 2657,5873,9296,	
73 3 122 3 2656,5872,9295,	
ml/min/1 3 122 3 2655,5871,9294,	
170 3 122 3 2654,5870,9293,	
asciende 3 122 3 2652,5868,9291,	
(Cltot) 3 122 3 2651,5867,9290,	
normal 3 122 3 2647,5863,9286,	
voluntarios 6 122 6 2643,2743,5859,5959,9282,9383,	
100 8 122 8 2640,3162,3163,3190,3351,5856,6338,9279,	
60 3 122 3 2638,5854,9277,	
terminal 3 122 3 2636,5852,9275,	
monoexponencial 3 122 3 2632,5848,9271,	
elimina 3 122 3 2629,5845,9268,	
Eliminación 3 122 3 2626,5842,9265,	
99% 3 122 3 2622,5838,9261,	
excretándose 3 122 3 2619,5835,9258,	
84% 3 122 3 2610,5826,9249,	
14C-memantina 3 122 3 2601,5817,9240,	
450 3 122 3 2596,5812,9235,	
P 3 122 3 2595,5811,9234,	
citocromo 3 122 3 2594,5810,9233,	
catalizado 3 122 3 2592,5808,9231,	
metabolismo 3 122 3 2591,5807,9230,	
	1 1 122 1 3313,	
detectado 3 122 3 2588,5804,9227,	
muestra 3 122 3 2581,5797,9220,	
Ninguno 3 122 3 2577,5793,9216,	
5-dimetil- 3 122 3 2575,5791,9214,	
repetidas 2 122 2 2884,6101,	
1-nitroso-3 3 122 3 2574,5790,9213,	
6-hidroxi-memantina 3 122 3 2572,5788,9211,	
alargado 2 122 2 6892,6920,	
<1/10) 1 122 1 4770,	
isomérica 3 122 3 2568,5784,9207,	
mezcla 3 122 3 2567,5783,9206,	
N- 3 122 3 2563,5779,9202,	
inalterado 3 122 3 2556,5772,9195,	
compuesto 3 122 3 2555,5771,9194,	
circulante 3 122 3 2548,5764,9187,	
80% 3 122 3 2545,5761,9184,	
hombre 3 122 3 2542,5758,9181,	
40 4 122 4 2757,3598,5973,9397,	
Biotransformación 3 122 3 2539,5755,9178,	
magnesio 1 122 1 3068,	
proteínas 6 122 6 2537,2680,5753,5896,9176,9319,	
45% 3 122 3 2531,5747,9170,	
ácido 1 122 1 3074,	
Alrededor 3 122 3 2529,5745,9168,	
l/kg 3 122 3 2528,5744,9167,	
distribución 3 122 3 2523,5739,9162,	
volumen 3 122 3 2521,5737,9160,	
52 3 122 3 2519,5735,9158,	
0 8 122 8 2518,2787,3338,3357,5734,6004,9157,9430,	
(LCR)/suero 3 122 3 2516,5732,9155,	
cefalorraquídeo 3 122 3 2515,5731,9154,	
líquido 3 122 3 2514,5730,9153,	
índice 3 122 3 2511,5727,9150,	
obtuvo 3 122 3 2509,5725,9148,	
administraron 3 122 3 2500,5716,9139,	
interindividuales 3 122 3 2497,5713,9136,	
variaciones 3 122 3 2496,5712,9135,	
importantes 3 122 3 2495,5711,9134,	
µmol) 3 122 3 2493,5709,9132,	
(0 3 122 3 2489,5705,9128,	
ng/ml 3 122 3 2488,5704,9127,	
150 3 122 3 2487,5703,9126,	
70 4 122 4 2485,3156,5701,9124,	
oscilan 3 122 3 2483,5699,9122,	
perros 2 122 2 2888,6105,	
concentraciones 6 122 6 2477,2832,5693,6050,9116,9476,	
producen 3 122 3 2476,5692,9115,	
diarias 6 122 6 2472,2502,5688,5718,9111,9141,	
Distribución 3 122 3 2469,5685,9108,	
Frascos 1 122 1 6323,	
absorción 3 122 3 2466,5682,9105,	
indicios 3 122 3 2458,5674,9097,	
horas 6 122 6 2455,2641,5671,5857,9094,9280,	
está 6 122 6 2450,2552,5666,5768,9089,9191,	
100% 3 122 3 2447,5663,9086,	
aproximadamente 9 122 9 2445,2526,2543,5661,5742,5759,9084,9165,9182,	
absoluta 3 122 3 2443,5659,9082,	
biodisponibilidad 3 122 3 2442,5658,9081,	
Absorción 3 122 3 2438,5654,9077,	
farmacocinéticas 3 122 3 2437,5653,9076,	
0001) 3 122 3 2433,5649,9072,	
p<0 3 122 3 2432,5648,9071,	
11% 3 122 3 2431,5647,9070,	
(21% 3 122 3 2429,5645,9068,	
comparación 3 122 3 2416,5632,9055,	
doble 3 122 3 2408,5624,9047,	
prevención 3 122 3 2404,5620,9043,	
resultados 3 122 3 2394,5610,9033,	
tres 6 122 6 2391,2427,5607,5643,9030,9066,	
empeoramiento 9 122 9 2387,2406,2424,5603,5622,5640,9026,9045,9063,	
identificados 3 122 3 2384,5600,9023,	
funcional 3 122 3 2379,5595,9018,	
cognitiva 3 122 3 2376,5592,9015,	
áreas 9 122 9 2375,2392,2428,5591,5608,5644,9014,9031,9067,	
favor 3 122 3 2368,5584,9007,	
acetilcolinesterasa) 3 122 3 2359,5575,8998,	
inhibidor 3 122 3 2356,5572,8995,	
estable 3 122 3 2353,5569,8992,	
(incluyendo 3 122 3 2342,5558,8981,	
controlados 3 122 3 2334,5550,8973,	
fase 3 122 3 2332,5548,8971,	
meta-análisis 3 122 3 2311,5527,8950,	
primarias 3 122 3 2303,5518,8942,	
significativa 3 122 3 2299,5514,8938,	
estadísiticamente 3 122 3 2298,5513,8937,	
aclaramiento 6 122 6 2649,2661,5865,5877,9288,9300,	
diferencia 3 122 3 2297,5512,8936,	
encontró 3 122 3 2296,5511,8935,	
prospectivamente 3 122 3 2293,5508,8932,	
definido 3 122 3 2292,5507,8931,	
primario 3 122 3 2291,5506,8930,	
23) 3 122 3 2287,5502,8926,	
	"Comprimidos 1 122 1 6588,	
11 3 122 3 2285,5500,8924,	
470 3 122 3 2275,5490,8914,	
aleatorizaron 3 122 3 2271,5486,8910,	
observación 3 122 3 2254,5470,8894,	
arrastre 3 122 3 2250,5466,8890,	
método 3 122 3 2248,5464,8888,	
50) 1 122 1 3175,	
LOCF 3 122 3 2241,5457,8881,	
24 6 122 6 2240,2309,5456,5524,8880,8948,	
003) 3 122 3 2232,5448,8872,	
cognitiva) 3 122 3 2230,5446,8870,	
Alzheimer-subescala 3 122 3 2229,5445,8869,	
valoración 3 122 3 2224,5440,8864,	
ADAS-cog 3 122 3 2214,5430,8854,	
principales 6 122 6 2213,2558,5429,5774,8853,9197,	
variables 6 122 6 2212,2302,5428,5517,8852,8941,	
estadísticamente 9 122 9 2208,2365,2398,5424,5581,5614,8848,9004,9037,	
22) 3 122 3 2192,5408,8832,	
MMSE 9 122 9 2184,2279,2325,5400,5494,5541,8824,8918,8964,	
002) 3 122 3 2162,5378,8802,	
deterioro 3 122 3 2159,5375,8799,	
SIB 3 122 3 2149,5365,8789,	
003; 3 122 3 2148,5364,8788,	
diaria) 3 122 3 2146,5362,8786,	
vida 3 122 3 2145,5361,8785,	
­ 6 122 6 2141,2286,5357,5501,8781,8925,	
cooperativo 3 122 3 2135,5351,8775,	
ADCS-ADLsev 3 122 3 2127,5343,8767,	
acumulación 4 122 4 2918,2942,6135,6159,	
025; 3 122 3 2126,5342,8766,	
cuidador) 3 122 3 2124,5340,8764,	
comentarios 3 122 3 2122,5338,8762,	
entrevista 3 122 3 2117,5333,8757,	
basada 3 122 3 2114,5330,8754,	
impresión 3 122 3 2111,5327,8751,	
Lista 2 122 2 3052,6269,	
escala 6 122 6 2109,2222,5325,5438,8749,8862,	
muerte 2 122 2 2993,6210,	
corresponden 15 122 15 2106,2132,2154,2219,2246,5322,5348,5370,5435,5462,8746,8772,8794,8859,8886,	
(siglas 15 122 15 2102,2128,2150,2215,2242,5318,5344,5366,5431,5458,8742,8768,8790,8855,8882,	
CIBIC-plus 6 122 6 2101,2234,5317,5450,8741,8874,	
(análisis 3 122 3 2094,5310,8734,	
meses 7 122 7 2093,2341,5309,5557,6302,8733,8980,	
beneficiosos 3 122 3 2080,5296,8719,	
mostró 6 122 6 2077,2360,5293,5576,8716,8999,	
252 3 122 3 2073,5289,8712,	
incluyó 6 122 6 2069,2193,5285,5409,8708,8833,	
14) 3 122 3 2068,5284,8707,	
estudio 24 122 24 2065,2076,2100,2134,2164,2188,2283,2599,5281,5292,5316,5350,5380,5404,5498,5815,8704,8715,8740,8774,8804,8828,8922,9238,	
inicio 10 122 10 2063,2186,2281,5279,5402,5496,6840,8702,8826,8920,	
examination) 3 122 3 2061,5277,8700,	
state 3 122 3 2060,5276,8699,	
mental 3 122 3 2059,5275,8698,	
(MMSE 3 122 3 2057,5273,8696,	
cognoscitivo 3 122 3 2056,5272,8695,	
miniexamen 3 122 3 2055,5271,8694,	
(puntuación 12 122 12 2051,2182,2277,2323,5267,5398,5492,5539,8690,8822,8916,8962,	
padecían 3 122 3 2043,5259,8682,	
monoterapia 12 122 12 2039,2169,2261,2345,5255,5385,5476,5561,8678,8809,8900,8984,	
pivotal 6 122 6 2037,2165,5253,5381,8676,8805,	
Un 9 122 9 2035,2163,2310,5251,5379,5526,8674,8803,8949,	
Ensayos 3 122 3 2033,5249,8672,	
III 3 122 3 2333,5549,8972,	
neuronal 6 122 6 2032,2817,5248,6035,8671,9461,	
disfunción 3 122 3 2031,5247,8670,	
ocasionar 3 122 3 2030,5246,8669,	
patológicamente 3 122 3 2027,5243,8666,	
glutamato 3 122 3 2025,5241,8664,	
tónicos 3 122 3 2023,5239,8662,	
Modula 3 122 3 2017,5233,8656,	
dependiente 3 122 3 2016,5232,8655,	
voltaje 3 122 3 2015,5231,8654,	
afinidad 3 122 3 2012,5228,8651,	
competitivo 3 122 3 2006,5222,8645,	
antagonista 6 122 6 2004,2583,5220,5799,8643,9222,	
neurodegenerativa 3 122 3 2000,5216,8639,	
progresión 3 122 3 1994,5210,8633,	
expresión 3 122 3 1987,5203,8626,	
contribuye 3 122 3 1983,5199,8622,	
receptores 6 122 6 1981,2009,5197,5225,8620,8648,	
particular 3 122 3 1978,5194,8617,	
glutamatérgica 3 122 3 1976,5192,8615,	
neurotransmisión 3 122 3 1975,5191,8614,	
funcionamiento 3 122 3 1972,5188,8611,	
clara 3 122 3 1967,5183,8606,	
fertilidad 2 122 2 3022,6239,	
evidencia 3 122 3 1963,5179,8602,	
Existe 5 122 5 1961,2936,5177,6153,8600,	
N06DX01 3 122 3 1960,5176,8599,	
ATC 3 122 3 1959,5175,8598,	
código 3 122 3 1958,5174,8597,	
anti-demencia 3 122 3 1957,5173,8596,	
fármacos 3 122 3 1956,5172,8595,	
farmacoterapéutico 3 122 3 1954,5170,8593,	
Grupo 3 122 3 1953,5169,8592,	
farmacodinámicas 3 122 3 1952,5168,8591,	
conservar 1 122 1 6310,	
Propiedades 6 122 6 1951,2436,5167,5652,8590,9075,	
	5 3 122 3 1949,5165,8588,	
004) 3 122 3 2236,5452,8876,	
ESTE 3 122 3 1947,5163,8586,	
FARMACOLÓGICAS 3 122 3 1945,5161,8584,	
PROPIEDADES 3 122 3 1944,5160,8583,	
" 4 122 4 1942,5158,6728,8581,	
realizada) 3 122 3 2256,5471,8895,	
cuidadoso 3 122 3 1941,5157,8580,	
cabo 3 122 3 1936,5152,8575,	
llevar 3 122 3 1934,5150,8573,	
considerar 3 122 3 1933,5149,8572,	
batería 3 122 3 2157,5373,8797,	
signos 6 122 6 1920,2838,5136,6056,8559,9482,	
forzada 3 122 3 1914,5130,8553,	
diuresis 3 122 3 1913,5129,8552,	
orina 9 122 9 1912,2695,2714,5128,5911,5930,8551,9334,9353,	
acidificación 3 122 3 1909,5125,8548,	
potencial) 3 122 3 1908,5124,8547,	
sustancia 1 122 1 7769,	
recirculación 3 122 3 1906,5122,8545,	
(interrupción 3 122 3 1903,5119,8542,	
activado 3 122 3 1902,5118,8541,	
carbón 3 122 3 1901,5117,8540,	
gástrico 3 122 3 1900,5116,8539,	
lavado 3 122 3 1899,5115,8538,	
ej 2 122 2 1898,8537,	
eliminación 7 122 7 1890,2687,3217,5903,6361,8529,9326,	
procedimientos 3 122 3 1885,5101,8524,	
intoxicación 3 122 3 1879,5095,8518,	
específico 3 122 3 1876,5092,8515,	
antídoto 3 122 3 1875,5091,8514,	
inconsciencia 3 122 3 1862,5078,8501,	
proconvulsividad 3 122 3 1858,5074,8497,	
visuales 3 122 3 1857,5073,8496,	
inquietud 3 122 3 1854,5070,8493,	
experimentó 3 122 3 1844,5060,8483,	
cuentagotas 1 122 1 6324,	
vía 9 122 9 1841,2603,2624,5057,5819,5840,8480,9242,9263,	
400 3 122 3 1836,5052,8475,	
recibido 3 122 3 1835,5051,8474,	
había 6 122 6 1834,2362,5050,5578,8473,9001,	
Dicho 3 122 3 1832,5048,8471,	
recuperó 6 122 6 1831,2606,5047,5822,8470,9245,	
permanentes 3 122 3 1818,5034,8457,	
secuelas 3 122 3 1817,5033,8456,	
plasmaféresis 3 122 3 1814,5030,8453,	
sintomático 9 122 9 1812,1872,1940,5028,5088,5156,8451,8511,8579,	
recibió 3 122 3 1810,5026,8449,	
agitación) 3 122 3 1807,5023,8446,	
diplopía 3 122 3 1805,5021,8444,	
posterior 3 122 3 1804,5020,8443,	
(coma 3 122 3 1799,5015,8438,	
observados 3 122 3 2097,5313,8737,	
2000 3 122 3 1787,5003,8426,	
total 27 122 27 1785,2052,2071,2183,2273,2278,2324,2650,2662,5001,5268,5287,5399,5488,5493,5540,5866,5878,8424,8691,8710,8823,8912,8917,8963,9289,9301,	
oral 9 122 9 1782,1842,2604,4998,5058,5820,8421,8481,9243,	
sobrevivió 6 122 6 1778,1828,4994,5044,8417,8467,	
extremo 3 122 3 1773,4989,8412,	
elevados 3 122 3 2026,5242,8665,	
(vómitos 3 122 3 1766,4981,8405,	
(1 1 122 1 3080,	
gastrointestinal 3 122 3 1765,4980,8404,	
origen 3 122 3 1764,4979,8403,	
marcha) 3 122 3 1761,4976,8400,	
agresividad 3 122 3 1755,4970,8394,	
agitación 3 122 3 1754,4969,8393,	
adormecimiento 3 122 3 1751,4966,8390,	
(confusión 3 122 3 1750,4965,8389,	
nivel 9 122 9 1745,1794,1847,4960,5010,5063,8384,8433,8486,	
aparecieron 3 122 3 1739,4954,8378,	
140 3 122 3 1733,4948,8372,	
debajo 3 122 3 1731,4946,8370,	
asintomáticas 3 122 3 1725,4940,8364,	
diarrea 3 122 3 1721,4936,8360,	
y/o 6 122 6 1720,1762,4935,4977,8359,8401,	
cansancio 3 122 3 1718,4933,8357,	
asociado 3 122 3 1713,4928,8352,	
105 3 122 3 1705,4920,8344,	
(200 3 122 3 1702,4917,8341,	
altas 5 122 5 1701,2959,4916,6176,8340,	
relativamente 3 122 3 1700,4915,8339,	
Síntomas 3 122 3 1698,4913,8337,	
sobredosis 18 122 18 1687,1729,1775,1823,1867,1881,4903,4944,4991,5039,5083,5097,8327,8368,8414,8462,8506,8520,	
limitada 3 122 3 1683,4899,8323,	
Solo 3 122 3 1678,4894,8318,	
9 10 122 10 1676,2705,3231,3244,4892,5921,6375,6388,8316,9344,	
une 3 122 3 2535,5751,9174,	
éstos 3 122 3 1668,4884,8308,	
suicidio 3 122 3 1657,4873,8297,	
suicida 3 122 3 1655,4871,8295,	
ideación 3 122 3 1654,4870,8294,	
asociada 3 122 3 1651,4867,8291,	
sido 6 122 6 1650,1724,4866,4939,8290,8363,	
notificado 6 122 6 1638,1664,4854,4880,8278,8304,	
actividades 3 122 3 2142,5358,8782,	
principalmente 3 122 3 1627,4843,8267,	
""MEM"" 3 122 3 6621,6691,6724,	
alucinaciones 9 122 9 1623,1756,1856,4839,4971,5072,8263,8395,8495,	
Somnolencia 3 122 3 1620,4836,8259,	
psiquiátricos 3 122 3 1618,4834,8257,	
administrado 3 122 3 2602,5818,9241,	
Dolor 3 122 3 1614,4830,8248,	
lugar 3 122 3 1610,4826,8246,	
alteraciones 6 122 6 1607,1758,4823,4973,8243,8397,	
generales 3 122 3 1605,4821,8241,	
Hipertensión 3 122 3 1603,4819,8239,	
vasculares 3 122 3 1601,4817,8237,	
infestaciones 3 122 3 1595,4811,8231,	
Infecciones 6 122 6 1593,1598,4809,4814,8229,8234,	
Estreñimiento 3 122 3 1592,4808,8228,	
gastrointestinales 3 122 3 1590,4806,8226,	
Frecuentes 15 122 15 1587,1591,1602,1613,1619,4803,4807,4818,4829,4835,8223,8227,8238,8247,8258,	
Trastornos 15 122 15 1583,1589,1600,1604,1617,4799,4805,4816,4820,4833,8219,8225,8236,8240,8256,	
disponibles) 3 122 3 1582,4798,8218,	
estimarse 3 122 3 1576,4792,8212,	
(no 3 122 3 1574,4790,8210,	
conocida 6 122 6 1573,1738,4789,4953,8209,8377,	
(< 2 122 2 1568,8204,	
1/10 4 122 4 1560,1569,8196,8205,	
raras 6 122 6 1558,1567,4777,4784,8194,8203,	
1/100) 2 122 2 1557,8193,	
000 6 122 6 1554,1561,4774,4779,8190,8197,	
1/1 4 122 4 1553,1564,8189,8200,	
depresión 3 122 3 1653,4869,8293,	
< 9 122 9 1548,1556,1563,2326,5542,8184,8192,8199,8965,	
1/100 2 122 2 1546,8182,	
(de 10 122 10 1545,1552,1559,6888,6916,6954,6982,8181,8188,8195,	
actividad 3 122 3 2582,5798,9221,	
1/10) 4 122 4 1543,1549,8179,8185,	
( 2 122 2 1542,8178,	
convenio 3 122 3 1539,4763,8175,	
usando 3 122 3 1536,4760,8172,	
órganos 3 122 3 1535,4759,8171,	
clasificación 3 122 3 1533,4757,8169,	
conforme 3 122 3 1529,4753,8165,	
categorizan 2 122 2 1528,4752,	
intervalo 6 122 6 1521,2751,4745,5967,8158,9391,	
decreciente 3 122 3 1515,4739,8152,	
orden 3 122 3 1514,4738,8151,	
enumeran 3 122 3 1512,4736,8149,	
proceden 3 122 3 1496,4720,8133,	
tabla 3 122 3 1495,4719,8132,	
enumeradas 3 122 3 1491,4715,8128,	
5-dimetil-gludantano 3 122 3 2565,5781,9204,	
apropiada 3 122 3 1896,5112,8535,	
8%) 3 122 3 1487,4708,8124,	
1% 3 122 3 1483,4704,8120,	
e 9 122 9 1480,1594,1861,4701,4810,5077,8117,8230,8500,	
2%) 3 122 3 1479,4700,8116,	
(3 3 122 3 1474,4695,8111,	
somnolencia 9 122 9 1473,1752,1859,4694,4967,5075,8110,8391,8498,	
6%) 3 122 3 1472,4693,8109,	
(4 6 122 6 1467,1482,4688,4703,8104,8119,	
000) 6 122 6 1565,1570,4782,4786,8201,8206,	
estreñimiento 3 122 3 1466,4687,8103,	
9%) 3 122 3 1465,4686,8102,	
Incompatibilidades 2 122 2 3092,6280,	
2% 3 122 3 1461,4682,8098,	
(5 3 122 3 1460,4681,8097,	
cabeza 6 122 6 1459,1616,4680,4832,8096,8250,	
dolor 3 122 3 1457,4678,8094,	
respectivamente) 6 122 6 1456,1710,4677,4925,8093,8349,	
Sobredosis 6 122 6 1677,1699,4893,4914,8317,8338,	
6% 6 122 6 1455,1468,4676,4689,8092,8105,	
frente 18 122 18 1452,1462,1469,1476,1484,2430,4673,4683,4690,4697,4705,5646,8089,8099,8106,8113,8121,9069,	
3% 3 122 3 1451,4672,8088,	
(6 3 122 3 1450,4671,8087,	
respecto 6 122 6 1444,2085,4665,5301,8081,8725,	
superior 7 122 7 1438,2205,4659,5421,6313,8075,8845,	
observaron 8 122 8 1434,2854,2875,4655,6071,6092,8071,9497,	
aparición 9 122 9 1431,1666,1918,4652,4882,5134,8068,8306,8557,	
frecuencia 9 122 9 1429,1523,1571,4650,4747,4787,8066,8160,8207,	
mayor 3 122 3 1428,4649,8065,	
gravedad 6 122 6 1423,1517,4644,4741,8060,8154,	
moderadas 2 122 2 1421,4642,	
leves 3 122 3 1419,4640,8056,	
general 6 122 6 1417,1925,4638,5141,8054,8564,	
placebo; 3 122 3 1410,4631,8047,	
placebo 18 122 18 1393,1447,2089,2207,2336,2414,4614,4668,5305,5423,5552,5630,8030,8084,8729,8847,8975,9053,	
1595 3 122 3 1389,4610,8026,	
1784 3 122 3 1383,4604,8020,	
incluyeron 3 122 3 1382,4603,8019,	
Reacciones 3 122 3 1364,4585,8001,	
ambulatorios 3 122 3 1356,4577,7992,	
especialmente 2 122 2 1352,7988,	
advertir 3 122 3 1351,4573,7987,	
influencia 6 122 6 1330,2461,4554,5677,7968,9100,	
presenta 3 122 3 1328,4552,7966,	
fúngicas 3 122 3 1599,4815,8235,	
Además 3 122 3 1326,4550,7964,	
recuperándose 3 122 3 1815,5031,8454,	
compromete 3 122 3 1320,4544,7958,	
conducción 5 122 5 1318,4542,4563,7956,7977,	
normalmente 3 122 3 1314,4538,7952,	
afecta 3 122 3 1313,4537,7951,	
máquinas 9 122 9 1304,1325,1345,4528,4549,4567,7942,7963,7981,	
utilizar 11 122 11 1303,1324,1344,1884,4527,4548,5100,7941,7962,7980,8523,	
conducir 4 122 4 1301,1341,4525,7939,	
capacidad 12 122 12 1299,1316,1322,1338,4523,4540,4546,4561,7937,7954,7960,7975,	
Efectos 3 122 3 1296,4520,7934,	
suspender 3 122 3 1290,4514,7928,	
fructosa 1 122 1 4056,	
tomen 6 122 6 1287,1359,4511,4580,7925,7995,	
inglés 15 122 15 2104,2130,2152,2217,2244,5320,5346,5368,5433,5460,8744,8770,8792,8857,8884,	
mujeres 3 122 3 1285,4509,7923,	
indujo 3 122 3 2815,6033,9459,	
Las 23 122 23 1284,1424,1488,1508,1524,1622,2470,3485,4044,4508,4645,4709,4732,4748,4838,5686,7922,8061,8125,8145,8161,8262,9109,	
así 3 122 3 1282,4506,7920,	
probable 3 122 3 1280,4504,7918,	
lipofilia 3 122 3 1275,4499,7913,	
oftalmoscópicos 2 122 2 2896,6113,	
cuenta 3 122 3 1273,4497,7911,	
teniendo 3 122 3 1271,4495,7909,	
materna 6 122 6 1269,1293,4493,4517,7907,7931,	
leche 3 122 3 1268,4492,7906,	
excreta 3 122 3 1265,4489,7903,	
desconoce 8 122 8 1261,2867,2961,4485,6084,6178,7899,9510,	
claramente 3 122 3 1258,4482,7896,	
sea 6 122 6 1256,1283,4480,4507,7894,7921,	
excepto 3 122 3 1254,4478,7892,	
http 2 122 2 3292,6436,	
conoce 3 122 3 1241,4465,7879,	
utilizarse 3 122 3 1250,4474,7888,	
3) 3 122 3 1238,4462,7876,	
humanos 9 122 9 1234,1246,2561,4458,4470,5777,7872,7884,9200,	
altos 8 122 8 1227,2830,3040,4451,6048,6257,7865,9474,	
ligeramente 6 122 6 1225,3038,3392,4449,6255,7863,	
idénticos 5 122 5 1223,3036,4447,6253,7861,	
global 6 122 6 1396,2377,4617,5593,8033,9016,	
exposición 10 122 10 1222,1232,3035,3045,4446,4456,6252,6262,7860,7870,	
intrauterino 3 122 3 1218,4442,7856,	
síntomas 15 122 15 1716,1743,1845,1922,1990,4931,4958,5061,5138,5206,8355,8382,8484,8561,8629,	
acontecimientos 3 122 3 1669,4885,8309,	
crecimiento 5 122 5 1217,3030,4441,6247,7855,	
animales 3 122 3 1209,4433,7847,	
Estudios 3 122 3 1207,4431,7845,	
embarazo 6 122 6 1206,1253,4430,4477,7844,7891,	
utilización 4 122 4 1201,4425,4565,7839,	
lactancia 6 122 6 1192,1292,4416,4516,7830,7930,	
Embarazo 3 122 3 1190,4414,7828,	
vitro 6 122 6 1187,2590,4411,5806,7824,9229,	
in 6 122 6 1186,2589,4410,5805,7823,9228,	
sulfonación 3 122 3 1185,4409,7822,	
hidrolasa 3 122 3 1182,4406,7819,	
""20"" 1 122 1 6718,	
epóxido 3 122 3 1181,4405,7818,	
monooxigenasa 3 122 3 1179,4403,7816,	
flavina 3 122 3 1178,4402,7815,	
3A 3 122 3 1176,4400,7813,	
2E1 3 122 3 1175,4399,7812,	
2D6 3 122 3 1174,4398,7811,	
EU/1/02/219/014-021 1 122 1 3243,	
2C9 3 122 3 1173,4397,7810,	
1A2 3 122 3 1171,4395,7808,	
CYP 3 122 3 1170,4394,7807,	
plasmáticas 6 122 6 2478,2538,5694,5754,9117,9177,	
isoformas 3 122 3 1169,4393,7806,	
blisters 2 122 2 3124,3200,	
inhibió 3 122 3 1167,4391,7804,	
Memantina 17 122 17 1165,1247,2001,2439,2627,2994,4389,4471,5217,5655,5843,6211,7802,7885,8640,9078,9266,	
galantamina 3 122 3 1164,4388,7801,	
farmacocinética 6 122 6 1161,2747,4385,5963,7798,9387,	
realizado 3 122 3 1146,4370,7782,	
ensayo 9 122 9 1144,2036,2259,4368,5252,5474,7780,8675,8898,	
donepezilo 3 122 3 1141,4365,7777,	
gliburida/metformina 3 122 3 1139,4362,7775,	
activo-principio 1 122 1 1134,	
relevantes 6 122 6 1132,1156,4357,4380,7768,7792,	
observado 11 122 11 1130,1154,1626,2927,4355,4378,4842,6144,7766,7790,8266,	
sanos 6 122 6 1126,1150,4351,4374,7762,7786,	
jóvenes 6 122 6 1125,1149,4350,4373,7761,7785,	
sujetos 6 122 6 1124,1148,4349,4372,7760,7784,	
realizados 10 122 10 1122,1501,2897,2976,4347,4725,6114,6193,7758,8138,	
únicas 3 122 3 1121,4346,7757,	
(FC) 3 122 3 1118,4343,7754,	
farmacocinéticos 3 122 3 1117,4342,7753,	
orales 6 122 6 1114,3305,3381,4046,4339,7750,	
anticoagulantes 3 122 3 1113,4338,7749,	
INR 3 122 3 1107,4332,7743,	
Sorbato 1 122 1 6272,	
protrombina 3 122 3 1105,4330,7741,	
Poco 4 122 4 1596,4812,8232,8253,	
incidencia 6 122 6 1395,1437,4616,4658,8032,8074,	
aconsejable 3 122 3 1097,4322,7733,	
causal 3 122 3 1095,4320,7731,	
relación 5 122 5 1094,2939,4319,6156,7730,	
establecido 3 122 3 1093,4318,7729,	
Aunque 3 122 3 1089,4314,7725,	
15/05/2007 2 122 2 3264,6408,	
ataxia 3 122 3 2835,6053,9479,	
403 3 122 3 2195,5411,8835,	
2A6 3 122 3 1172,4396,7809,	
warfarina 3 122 3 1088,4313,7724,	
especial 2 122 2 3219,6363,	
concomitantemente 6 122 6 1086,1111,4311,4336,7722,7747,	
tratados 27 122 27 1085,1110,1385,1391,1408,1672,2199,2412,2420,4310,4335,4606,4612,4629,4888,5415,5628,5636,7721,7746,8022,8028,8045,8312,8839,9051,9059,	
metabolitos 6 122 6 2559,2580,5775,5796,9198,9219,	
(INR) 3 122 3 1082,4307,7718,	
normalizado 3 122 3 1081,4306,7717,	
estrecha 3 122 3 1101,4326,7737,	
internacional 3 122 3 1080,4305,7716,	
cociente 3 122 3 1079,4304,7715,	
diarreas) 2 122 2 1768,8407,	
incremento 3 122 3 1077,4302,7713,	
aislados 6 122 6 1075,1640,4300,4856,7711,8280,	
casos 15 122 15 1074,1639,1685,1727,2096,4299,4855,4901,4942,5312,7710,8279,8325,8366,8736,	
informado 3 122 3 1072,4297,7708,	
post-comercialización 12 122 12 1069,1644,1661,1696,4294,4860,4877,4912,7705,8284,8301,8336,	
séricos 3 122 3 1061,4287,7697,	
disminución 6 122 6 1057,1215,4283,4439,7693,7853,	
produzca 3 122 3 1055,4281,7691,	
posibilidad 3 122 3 1051,4277,7687,	
existe 6 122 6 1049,1874,4275,5090,7685,8513,	
HCT 6 122 6 1048,1064,4274,4290,7684,7700,	
(HCT) 3 122 3 1042,4268,7678,	
hidroclorotiazida 3 122 3 1041,4267,7677,	
co-administra 3 122 3 1037,4263,7673,	
Cuando 9 122 9 1035,2380,2498,4261,5596,5714,7671,9019,9137,	
plasmáticos 3 122 3 1033,4259,7669,	
niveles 22 122 22 1032,1060,1220,1230,2022,2771,3033,3043,4258,4286,4444,4454,5238,5988,6250,6260,7668,7696,7858,7868,8661,9412,	
aumento 3 122 3 1029,4255,7665,	
potencial 9 122 9 1027,1213,1244,4253,4437,4468,7663,7851,7882,	
conlleva 3 122 3 1024,4250,7660,	
interaccionen 3 122 3 1018,4244,7654,	
posiblemente 3 122 3 1016,4242,7652,	
catiónico 3 122 3 1011,4237,7647,	
utilizan 3 122 3 1005,4231,7641,	
nicotina 3 122 3 1003,4229,7639,	
quinina 3 122 3 1001,4227,7637,	
procainamida 3 122 3 999,4225,7635,	
ranitidina 3 122 3 998,4224,7634,	
cimetidina 3 122 3 997,4223,7633,	
activos 4 122 4 995,2931,4221,6148,	
principios 4 122 4 994,2930,4220,6147,	
Otros 5 122 5 993,1955,4219,5171,8594,	
fenitoína 3 122 3 991,4217,7627,	
combinación 6 122 6 987,1046,4213,4272,7623,7682,	
posible 5 122 5 983,2938,4209,6155,7619,	
publicado 3 122 3 980,4206,7616,	
clínico 9 122 9 979,1145,1939,4205,4369,5155,7615,7781,8578,	
caso 15 122 15 978,1771,1821,1865,1916,4204,4987,5037,5081,5132,7614,8410,8460,8504,8555,	
hay 6 122 6 976,2457,4202,5673,7612,9096,	
También 3 122 3 975,4201,7611,	
4) 6 122 6 974,2709,4200,5925,7610,9348,	
aplicarse 3 122 3 964,4190,7600,	
Esto 3 122 3 961,4187,7597,	
envases 5 122 5 3122,3138,3178,3211,6355,	
relacionados 3 122 3 955,4181,7591,	
químicamente 3 122 3 954,4180,7590,	
están 3 122 3 953,4179,7589,	
farmacotóxica 3 122 3 949,4175,7585,	
psicosis 6 122 6 948,1855,4174,5071,7584,8494,	
ajuste 3 122 3 929,4155,7565,	
modificar 3 122 3 922,4148,7558,	
baclofeno 3 122 3 920,4146,7556,	
dantroleno 3 122 3 917,4143,7553,	
agentes 3 122 3 913,4139,7549,	
tmáx 2 122 2 2449,9088,	
neurolépticos 3 122 3 906,4132,7542,	
barbitúricos 3 122 3 902,4128,7538,	
NMDA 18 122 18 892,960,1982,2010,2584,2814,4118,4186,5198,5226,5800,6032,7528,7596,8621,8649,9223,9458,	
aumentar 3 122 3 884,4110,7520,	
anticolinérgicos 3 122 3 882,4108,7518,	
dopaminérgicos 3 122 3 879,4105,7515,	
agonistas 3 122 3 878,4104,7514,	
g 4 122 4 3314,3347,6339,6344,	
L-dopa 3 122 3 876,4102,7512,	
han 21 122 21 1129,1153,1625,1637,1712,1723,2744,4354,4377,4841,4853,4927,4938,5960,7765,7789,8265,8277,8351,8362,9384,	
sugiere 3 122 3 870,4096,7506,	
interacciones 6 122 6 864,1131,4090,4356,7500,7767,	
siguientes 3 122 3 863,4089,7499,	
producirse 3 122 3 861,4087,7497,	
acción 6 122 6 856,869,4083,4095,7492,7505,	
mecanismo 6 122 6 854,867,4081,4093,7490,7503,	
seis 3 122 3 2329,5545,8968,	
Debido 3 122 3 847,4074,7483,	
ámbar 1 122 1 6329,	
interacción 3 122 3 846,4073,7482,	
(p=0 6 122 6 2231,2235,5447,5451,8871,8875,	
formas 3 122 3 844,4071,7480,	
medicamentos 4 122 4 841,4068,7477,9519,	
Interacción 3 122 3 837,4064,7473,	
mal 3 122 3 1971,5187,8610,	
glucosa-galactosa 2 122 2 828,7465,	
malabsorción 2 122 2 826,7463,	
lactasa 2 122 2 824,7461,	
Lapp 2 122 2 823,7460,	
deficiencia 2 122 2 821,7458,	
galactosa 2 122 2 820,7457,	
microcristalina 1 122 1 3061,	
hereditarios 2 122 2 814,7451,	
problemas 2 122 2 813,7450,	
monohidrato 3 122 3 809,3059,7446,	
contienen 5 122 5 807,3125,4047,6335,7444,	
Excipientes 4 122 4 804,3345,4043,7435,	
cuidadosamente 3 122 3 803,4042,7434,	
supervisarse 3 122 3 802,4041,7433,	
deben 12 122 12 801,830,1289,1883,4040,4058,4513,5099,7432,7467,7927,8522,	
condiciones 7 122 7 800,2693,3110,4039,5909,7431,9332,	
(SNC) 3 122 3 1930,5146,8569,	
presentan 5 122 5 798,3140,3198,4037,6682,	
limitados 3 122 3 793,4032,7424,	
consecuencia 3 122 3 786,4025,7417,	
Como 6 122 6 785,2849,4024,6066,7416,9492,	
controlada 3 122 3 784,4023,7415,	
hipertensión 6 122 6 782,1481,4021,4702,7413,8118,	
III-IV) 3 122 3 780,4019,7411,	
(NYHA 3 122 3 779,4018,7410,	
congestiva 3 122 3 778,4017,7409,	
cardíaca 3 122 3 777,4016,7408,	
reciente 3 122 3 775,4014,7406,	
miocardio 3 122 3 774,4013,7405,	
infarto 3 122 3 772,4011,7403,	
excluyeron 3 122 3 766,4005,7397,	
ensayos 14 122 14 763,1368,1499,1690,2974,4002,4589,4723,4906,6191,7394,8005,8136,8330,	
mayoría 3 122 3 760,3999,7391,	
presenten 1 122 1 7429,	
Proteus 3 122 3 757,3996,7388,	
última 5 122 5 2253,3262,5469,6406,8893,	
género 3 122 3 756,3995,7387,	
bacterias 3 122 3 754,3993,7385,	
intolerancia 3 122 3 818,4052,7455,	
tracto 3 122 3 751,3990,7382,	
graves 3 122 3 749,3988,7380,	
infecciones 3 122 3 748,3987,7379,	
(ATR) 3 122 3 746,3985,7377,	
tubular 9 122 9 744,2668,2676,3983,5884,5892,7375,9307,9315,	
renovación 2 122 2 3263,6407,	
acidosis 3 122 3 743,3982,7374,	
µmol 2 122 2 6006,9432,	
· 14 122 14 865,933,992,1034,1065,4091,4159,4218,4260,7501,7569,7628,7670,7701,	
elevado 3 122 3 739,3978,7370,	
Asimismo 3 122 3 733,3972,7364,	
alcalinizantes 6 122 6 732,2738,3971,5954,7363,9377,	
gástricos 6 122 6 731,2737,3970,5953,7362,9376,	
considerado 3 122 3 1257,4481,7895,	
tampones 6 122 6 730,2736,3969,5952,7361,9375,	
masiva 6 122 6 728,2734,3967,5950,7359,9373,	
ingesta 9 122 9 727,1781,2733,3966,4997,5949,7358,8420,9372,	
debilidad 3 122 3 1719,4934,8358,	
vegetariana 6 122 6 724,2729,3963,5945,7355,9368,	
carnívora 6 122 6 722,2727,3961,5943,7353,9366,	
vacuolización 8 122 8 2816,2843,2945,6034,6061,6162,9460,9487,	
ejemplo 6 122 6 720,2725,3959,5941,7351,9364,	
dieta 6 122 6 718,2723,3957,5939,7349,9362,	
drásticos 6 122 6 715,2720,3954,5936,7346,9359,	
cambios 10 122 10 714,2719,2876,2905,3953,5935,6093,6122,7345,9358,	
incluyen 3 122 3 713,3952,7344,	
Entre 3 122 3 709,3948,7340,	
tasa 3 122 3 2685,5901,9324,	
rigurosa 3 122 3 706,3945,7337,	
p=0 9 122 9 2125,2147,2161,5341,5363,5377,8765,8787,8801,	
monitorización 6 122 6 705,1100,3944,4325,7336,7736,	
requerir 3 122 3 703,3942,7334,	
""Eliminación"") 3 122 3 701,3940,7332,	
urinario 9 122 9 696,736,752,3935,3975,3991,7327,7367,7383,	
pH 6 122 6 695,735,3934,3974,7326,7366,	
Todos 3 122 3 689,3928,7320,	
5) 3 122 3 688,3927,7319,	
apartado 15 122 15 686,698,972,1236,2707,3925,3937,4198,4460,5923,7317,7329,7608,7874,9346,	
(ver 15 122 15 685,697,971,1235,2706,3924,3936,4197,4459,5922,7316,7328,7607,7873,9345,	
frecuentes 18 122 18 681,816,1541,1544,1551,1597,3920,4765,4767,4772,4813,7312,7453,8177,8180,8187,8233,8254,	
[SNC]) 2 122 2 677,3916,	
adamantano 3 122 3 2576,5792,9215,	
central 13 122 13 676,1749,1798,1851,1929,4964,5014,5067,5145,7307,8388,8437,8490,	
nervioso 16 122 16 675,1586,1748,1797,1850,1928,4802,4963,5013,5066,5144,7306,8222,8387,8436,8489,	
relacionadas 3 122 3 671,3910,7302,	
etilo 1 122 1 3079,	
(principalmente 3 122 3 670,3909,7300,	
adversas 23 122 23 669,1365,1399,1413,1426,1490,1510,1526,3908,4586,4620,4634,4647,4711,4734,4750,7299,8002,8036,8050,8063,8127,8147,	
receptor 3 122 3 660,3899,7290,	
sistema 24 122 24 659,674,1008,1531,1585,1747,1796,1849,1927,3898,4234,4755,4801,4962,5012,5065,5143,7289,7305,7644,8221,8386,8435,8488,	
actúan 3 122 3 655,3894,7285,	
compuestos 6 122 6 654,952,3893,4178,7284,7588,	
Estos 3 122 3 653,3892,7283,	
dextrometorfano 6 122 6 652,970,3891,4196,7282,7606,	
ketamina 6 122 6 649,967,3888,4193,7279,7603,	
amantadina 9 122 9 647,943,1015,3886,4169,4241,7277,7579,7651,	
(NMDA) 3 122 3 644,3883,7274,	
N-metil-D-aspartato 3 122 3 643,3882,7273,	
antagonistas 12 122 12 641,890,958,2812,3880,4116,4184,6030,7271,7526,7594,9456,	
concomitante 12 122 12 639,888,909,939,3877,4114,4135,4165,7269,7524,7545,7575,	
evitar 6 122 6 636,936,3874,4162,7266,7572,	
4% 3 122 3 1475,4696,8112,	
padecer 3 122 3 632,3870,7262,	
factores 9 122 9 628,691,711,3866,3930,3950,7258,7322,7342,	
convulsivas 3 122 3 623,3861,7253,	
crisis 3 122 3 622,3860,7252,	
antecedentes 6 122 6 620,770,3858,4009,7250,7401,	
epilepsia 6 122 6 619,633,3857,3871,7249,7263,	
precaución 3 122 3 612,3850,7242,	
enterohepática 3 122 3 1907,5123,8546,	
especiales 10 122 10 607,1361,3105,3111,3215,3845,4582,6306,6359,7237,	
precauciones 6 122 6 606,1360,3844,4581,7236,7997,	
Advertencias 3 122 3 604,3842,7234,	
activo 10 122 10 595,1135,1278,1893,3833,4502,5109,7225,7916,8532,	
principio 10 122 10 594,1133,1277,1892,3832,4501,5108,7224,7915,8531,	
Hipersensibilidad 3 122 3 592,3830,7222,	
pulmones 2 122 2 2949,6166,	
material 3 122 3 2547,5763,9186,	
Contraindicaciones 3 122 3 591,3829,7221,	
disponibles 3 122 3 564,3802,7194,	
existen 3 122 3 562,3800,7192,	
B) 3 122 3 554,3792,7184,	
Child-Pugh 3 122 3 553,3791,7183,	
(Child-Pugh 3 122 3 550,3788,7180,	
reacciones 21 122 21 668,1398,1412,1425,1489,1509,1525,3907,4619,4633,4646,4710,4733,4749,7298,8035,8049,8062,8126,8146,8162,	
leve 15 122 15 547,1332,1375,2179,2267,3785,4556,4596,5395,5482,7177,7970,8012,8819,8906,	
hepática 12 122 12 541,546,574,587,3779,3784,3812,3825,7171,7176,7204,7217,	
) 4 122 4 529,3698,3767,7159,	
ml/min 4 122 4 528,3697,3766,7158,	
5-29 3 122 3 527,3765,7157,	
estándar 8 122 8 516,1887,2975,3754,5102,6192,7146,8526,	
titulación 3 122 3 515,3753,7145,	
esquema 3 122 3 513,3751,7143,	
acuerdo 3 122 3 510,3748,7140,	
mg/día 6 122 6 508,1706,3746,4921,7138,8345,	
aumentarse 3 122 3 505,3743,7135,	
podría 6 122 6 504,963,3742,4189,7134,7599,	
después 6 122 6 494,2090,3732,5306,7124,8730,	
tolera 3 122 3 492,3730,7122,	
Si 3 122 3 490,3728,7120,	
49 5 122 5 478,3148,3180,3716,7108,	
30 8 122 8 476,2506,3146,3579,3714,5722,7106,9145,	
insuficiencia 15 122 15 470,520,545,573,586,3708,3758,3783,3811,3824,7099,7150,7175,7203,7216,	
ajustar 6 122 6 464,558,3702,3796,7093,7188,	
necesario 12 122 12 463,557,927,1259,3701,3795,4153,4483,7092,7187,7563,7897,	
ml/min) 5 122 5 460,479,3717,7089,7109,	
80 4 122 4 459,3086,3696,7088,	
- 12 122 12 458,477,2067,2491,3695,3715,5283,5707,7087,7107,8706,9130,	
50 6 122 6 457,3151,3694,6337,6343,7086,	
creatinina 9 122 9 455,475,525,3693,3713,3763,7084,7104,7155,	
(aclaramiento 9 122 9 453,473,523,3691,3711,3761,7082,7102,7153,	
afectada 3 122 3 452,3690,7081,	
levemente 3 122 3 451,3689,7080,	
función 9 122 9 449,2645,2670,3687,5861,5886,7078,9284,9309,	
En 67 122 67 446,467,517,542,758,1066,1115,1142,1366,1658,1726,1769,1819,1864,1915,2257,2288,2540,2597,2642,2800,2907,3023,3684,3705,3755,3780,3997,4291,4340,4366,4587,4874,4941,4985,5035,5080,5131,5472,5503,5756,5813,5858,6018,6124,6240,7075,7096,7147,7172,7389,7702,7751,7778,8003,8298,8365,8408,8458,8503,8554,8896,8927,9179,9236,9281,9444,	
Insuficiencia 6 122 6 444,540,3682,3778,7073,7170,	
eficacia 6 122 6 443,2305,3681,5520,7072,8944,	
seguridad 6 122 6 441,2799,3679,6017,7070,9443,	
Ninguna 2 122 2 3218,6362,	
datos 15 122 15 439,563,788,1197,1581,3677,3801,4027,4421,4797,7068,7193,7419,7835,8217,	
falta 3 122 3 437,3675,7066,	
debido 3 122 3 434,3672,7063,	
18 3 122 3 432,3670,7061,	
indican 3 122 3 1210,4434,7848,	
menores 3 122 3 430,3668,7059,	
niños 3 122 3 429,3667,7058,	
recomienda 9 122 9 423,578,611,3661,3816,3849,7052,7208,7241,	
No 32 122 32 421,561,576,1193,1239,1873,2456,2585,2968,2979,3093,3108,3659,3799,3814,4417,4463,5089,5672,5801,6185,6196,6281,6309,7050,7191,7206,7831,7877,8512,9095,9224,	
adolescentes 3 122 3 420,3658,7049,	
Niños 3 122 3 418,3656,7047,	
aumenten 3 122 3 693,3932,7324,	
anteriormente 3 122 3 417,3655,7046,	
descrito 3 122 3 416,3654,7045,	
presente 3 122 3 2553,5769,9192,	
mini 3 122 3 2058,5274,8697,	
día) 3 122 3 411,3649,7040,	
administrados 1 122 1 407,	
(dos 1 122 1 405,	
20) 3 122 3 2327,5543,8966,	
años 8 122 8 398,433,3101,3637,3671,6289,7028,7062,	
65 3 122 3 397,3636,7027,	
activa 1 122 1 7771,	
mayores 3 122 3 395,3634,7025,	
clínicos 26 122 26 388,764,1198,1369,1500,1691,1886,2034,2900,3627,4003,4422,4590,4724,4907,5103,5250,6117,7018,7395,7836,8006,8137,8331,8525,8673,	
Basándose 3 122 3 385,3624,7015,	
Ancianos 3 122 3 384,3623,7014,	
recomendada 8 122 8 375,391,3614,3630,6838,6863,7005,7021,	
Dosis 3 122 3 370,3609,7000,	
(20 4 122 4 366,3173,3600,7035,	
partir 5 122 5 349,1578,3589,4794,8214,	
A 8 122 8 348,551,2761,3588,3789,5977,7181,9401,	
(15 2 122 2 341,3581,	
medio 4 122 4 340,2512,5728,9151,	
15-21) 3 122 3 325,3574,6939,	
mg) 6 122 6 316,342,367,3565,3582,3601,	
estados 3 122 3 741,3980,7372,	
(10 3 122 3 315,3168,3564,	
8-14) 3 122 3 302,3557,6901,	
días 22 122 22 298,321,347,499,1709,1802,2618,3553,3570,3587,3737,4924,5018,5834,6897,6935,6963,6991,7129,8348,8441,9257,	
7 23 122 23 297,320,346,498,1295,2703,2845,3126,3220,3552,3569,3586,3736,4519,5919,6364,6896,6934,6962,6990,7128,7933,9342,	
Vértigo 3 122 3 1588,4804,8224,	
(5mg) 2 122 2 293,3548,	
mitad 1 122 1 283,	
1-7) 3 122 3 277,3541,6873,	
(día 10 122 10 276,301,324,3540,3556,3573,6872,6900,6938,6966,	
Semana 10 122 10 274,299,322,3538,3554,3571,6870,6898,6936,6964,	
manera 6 122 6 273,2631,3537,5847,6869,9270,	
siguiente 9 122 9 272,1494,1538,3536,4718,4762,6868,8131,8174,	
semanas 3 122 3 269,3533,6857,	
primeras 3 122 3 267,3531,6855,	
durante 25 122 25 265,296,319,345,1204,1251,1707,1800,3529,3551,3568,3585,4428,4475,4922,5016,6853,6895,6933,6961,6989,7842,7889,8346,8439,	
semana 10 122 10 264,352,2239,2308,3528,3592,5455,5523,8879,8947,	
5 41 122 41 261,699,836,1237,1454,1697,1943,2434,2490,2504,2794,3115,3339,3358,3525,3938,4063,4461,4675,5159,5650,5706,5720,6005,6012,6317,6446,6484,6598,6843,6884,7330,7472,7875,8091,8582,9073,9129,9143,9431,9438,	
intensas 3 122 3 684,3923,7315,	
incrementando 2 122 2 258,3522,	
alcanza 2 122 2 257,3521,	
mantenimiento 9 122 9 255,372,377,3519,3611,3616,6865,7002,7007,	
s 1 122 1 251,	
media 3 122 3 2608,5824,9247,	
relacionado 3 122 3 2549,5765,9188,	
adversos 1 122 1 250,	
efectos 29 122 29 249,850,873,899,924,1155,1792,2019,2079,2851,3514,4077,4099,4125,4150,4379,5008,5235,5295,6068,7486,7509,7535,7560,7791,8431,8658,8718,9494,	
sufrir 2 122 2 248,3513,	
postcomercialización 3 122 3 1507,4731,8144,	
riesgo 20 122 20 246,630,946,984,1026,1212,1243,3511,3868,4172,4210,4252,4436,4467,7260,7582,7620,7662,7850,7881,	
reducir 5 122 5 244,897,3509,4123,7533,	
62 1 122 1 6554,	
20 28 122 28 239,380,401,507,2474,2617,3130,3504,3562,3619,3640,3745,5690,5833,5983,6336,6467,6544,6701,6978,6998,7010,7031,7137,7825,9113,9256,9407,	
diaria 9 122 9 236,482,532,3501,3720,3770,6995,7112,7162,	
máxima 3 122 3 235,3500,6994,	
La 32 122 32 233,373,907,1305,1645,2448,2669,2684,2710,2834,3384,3498,3612,4133,4529,4861,5664,5885,5900,5926,6052,6836,6992,7003,7543,7943,8285,9087,9308,9323,9349,9478,	
dosis 69 122 69 232,234,253,260,374,390,466,481,503,531,560,932,1120,1736,2352,2471,2501,2613,2753,2763,2825,2883,2958,3006,3497,3499,3517,3524,3613,3629,3704,3719,3741,3769,3798,4158,4345,4951,5568,5687,5717,5829,5969,5979,6043,6100,6175,6223,6835,6837,6862,6993,7004,7020,7095,7111,7133,7161,7190,7568,7756,8375,8991,9110,9140,9252,9393,9403,9469,	
Escalado 1 122 1 230,	
Adultos 3 122 3 229,3493,6831,	
alimentos 6 122 6 228,2463,3492,5679,6830,9102,	
anhidra 1 122 1 3064,	
o 58 122 58 226,548,596,624,682,725,747,781,825,918,1043,1106,1140,1183,1224,1722,1735,1880,2730,3037,3490,3786,3834,3862,3921,3964,3986,4020,4144,4269,4331,4363,4407,4448,4937,4950,5096,5946,6254,6828,7178,7226,7254,7313,7356,7378,7412,7462,7554,7679,7742,7776,7820,7862,8361,8374,8519,9369,	
tomarse 3 122 3 224,3488,6826,	
transporte 3 122 3 1010,4236,7646,	
hora 3 122 3 217,3484,6819,	
día 33 122 33 212,242,295,318,344,369,383,404,489,539,2769,3479,3507,3550,3567,3584,3603,3622,3643,3727,3777,5986,6814,6846,6887,6915,6953,6981,7013,7034,7119,7169,9410,	
vez 11 122 11 210,409,1965,3477,3608,3647,5181,6291,6812,7038,8604,	
constantes 3 122 3 2479,5695,9118,	
administrarse 3 122 3 208,3475,6810,	
Ebixa 30 122 30 206,427,582,1327,1387,1401,1443,1503,1674,3473,3665,3820,4551,4608,4622,4664,4727,4890,6452,6459,6466,6808,7056,7212,7965,8024,8038,8080,8140,8314,	
actuales 3 122 3 205,3472,6807,	
sonalargados 1 122 1 6641,	
directrices 3 122 3 204,3471,6806,	
siguiendo 3 122 3 202,3469,6804,	
realizar 6 122 6 199,1098,3466,4323,6801,7734,	
Se 28 122 28 197,610,634,895,934,1260,1636,1882,2874,2960,3464,3848,3872,4121,4160,4484,4852,5098,6091,6177,6799,7240,7264,7531,7570,7898,8276,8521,	
paciente 30 122 30 196,279,304,328,355,708,1777,1809,1826,1833,3463,3543,3559,3576,3595,3947,4993,5025,5042,5049,6798,6875,6903,6941,6969,7339,8416,8448,8465,8472,	
parte 6 122 6 194,2659,3461,5875,6796,9298,	
fármaco 3 122 3 192,3459,6794,	
toma 3 122 3 190,3457,6792,	
regularmente 3 122 3 188,3455,6790,	
monitorice 3 122 3 187,3454,6789,	
cuidador 3 122 3 185,3452,6787,	
únicamente 9 122 9 179,1714,2823,3446,4929,6041,6781,8353,9467,	
significativo 9 122 9 2209,2366,2399,5425,5582,5615,8849,9005,9038,	
iniciar 3 122 3 178,3445,6780,	
demencia 9 122 9 171,1373,1999,3438,4594,5215,6773,8010,8638,	
estupor 3 122 3 1860,5076,8499,	
diagnóstico 6 122 6 166,201,3433,3468,6768,6803,	
antiespasmódicos 3 122 3 914,4140,7550,	
experiencia 21 122 21 163,1068,1506,1643,1660,1682,1695,3430,4293,4730,4859,4876,4898,4911,6765,7704,8143,8283,8300,8322,8335,	
médico 6 122 6 161,2119,3428,5335,6763,8759,	
supervisado 3 122 3 158,3425,6760,	
iniciado 3 122 3 156,3423,6758,	
debe 49 122 49 154,177,198,207,280,305,329,356,483,533,635,935,1249,1350,1870,1932,3421,3444,3465,3474,3544,3560,3577,3596,3721,3771,3873,4161,4473,4572,5086,5148,6297,6756,6779,6800,6809,6876,6904,6942,6970,7113,7163,7265,7571,7887,7986,8509,8571,	
tratamiento 40 122 40 153,168,175,501,615,887,1811,1869,1938,2082,2087,2172,2370,3420,3435,3442,3739,3853,4113,5027,5085,5154,5298,5303,5388,5586,6755,6770,6777,6859,7131,7245,7523,8450,8508,8577,8722,8727,8812,9009,	
x 11 122 11 3149,3154,3160,3164,3169,3174,3181,3184,3187,3191,6342,	
efecto 15 122 15 2204,2364,2397,2924,2951,3016,5420,5580,5613,6141,6168,6233,8844,9003,9036,	
administración 15 122 15 151,580,638,908,1612,3418,3818,3876,4134,4828,6753,7210,7268,7544,8252,	
forma 10 122 10 149,1347,1895,3416,4569,5111,6751,6851,7983,8534,	
Posología 3 122 3 147,3414,6749,	
primera 2 122 2 3256,6400,	
grave 30 122 30 144,522,575,588,1312,1377,1634,1824,2050,2322,3411,3760,3813,3826,4536,4598,4850,5040,5266,5538,6746,7152,7205,7218,7950,8014,8274,8463,8689,8961,	
moderada 30 122 30 142,472,549,1310,1335,2013,2048,2181,2269,2320,3409,3710,3787,4534,4558,5229,5264,5397,5484,5536,6744,7101,7179,7948,7972,8652,8687,8821,8908,8959,	
dispone 9 122 9 182,1195,1680,3449,4419,4896,6784,7833,8320,	
Alzheimer 30 122 30 140,173,1308,1633,1648,2046,2140,2177,2265,2318,3407,3440,4532,4849,4864,5262,5356,5393,5480,5534,6742,6775,7946,8273,8288,8685,8780,8817,8904,8957,	
enfermedad 36 122 36 138,776,1306,1631,1646,1997,2044,2138,2175,2227,2263,2316,3405,4015,4530,4847,4862,5213,5260,5354,5391,5443,5478,5532,6740,7407,7944,8271,8286,8636,8683,8778,8815,8867,8902,8955,	
sobrestimulación 3 122 3 1924,5140,8563,	
pacientes 99 122 99 136,394,447,468,518,543,571,584,617,626,768,791,796,811,1084,1109,1355,1371,1384,1390,1629,1671,1742,2041,2074,2196,2198,2276,2314,2349,2382,2411,2419,3403,3633,3685,3706,3756,3781,3809,3822,3855,3864,4007,4030,4035,4050,4309,4334,4576,4592,4605,4611,4845,4887,4957,5257,5290,5412,5414,5491,5530,5565,5598,5627,5635,6738,7024,7076,7097,7148,7173,7201,7214,7247,7256,7399,7422,7427,7448,7720,7745,7991,8008,8021,8027,8269,8311,8381,8680,8713,8836,8838,8915,8953,8988,9021,9050,9058,	
Este 4 122 4 2923,2950,6140,6167,	
Tratamiento 6 122 6 134,1863,3401,5079,6736,8502,	
terapéuticas 3 122 3 133,3400,6735,	
4- 3 122 3 2570,5786,9209,	
Indicaciones 3 122 3 132,3399,6734,	
	"4 3 122 3 130,3397,6732,	
pulmonares 2 122 2 2914,6131,	
vértigo 6 122 6 1449,1753,4670,4968,8086,8392,	
quinidina 3 122 3 1000,4226,7636,	
CLÍNICOS 3 122 3 129,3396,6731,	
DATOS 5 122 5 128,3048,3395,6265,6730,	
iguales 2 122 2 126,6661,	
12 1 122 1 6533,	
mitades 2 122 2 125,6660,	
dividir 2 122 2 123,6658,	
El 33 122 33 119,152,174,278,303,327,354,866,1808,2075,2520,3419,3441,3542,3558,3575,3594,4092,5024,5291,5736,6559,6654,6754,6776,6874,6902,6940,6968,7502,8447,8714,9159,	
lados 2 122 2 118,6653,	
rotura 3 122 3 115,6650,6929,	
línea 3 122 3 113,6648,6927,	
difirió 3 122 3 1403,4624,8040,	
única 3 122 3 112,6647,6926,	
biconvexos 2 122 2 109,6644,	
fusiformes 5 122 5 107,6611,6642,6680,6714,	
alargados 2 122 2 106,6609,	
son 10 122 10 105,792,2562,4031,5778,6608,6679,6713,7423,9201,	
blanquecino 5 122 5 103,6606,6639,6891,6919,	
blanco 5 122 5 101,6604,6637,6889,6917,	
frontal 3 122 3 2792,6010,9436,	
color 6 122 6 99,6328,6602,6635,6672,6705,	
Los 29 122 29 92,218,805,810,950,2197,2557,2740,2893,3121,3137,3177,4049,4176,5413,5773,5956,6110,6592,6625,6662,6695,6820,7436,7447,7586,8837,9196,9380,	
	Comprimidos 1 122 1 88,	
FARMACÉUTICA 3 122 3 87,3379,6587,	
FORMA 3 122 3 86,3378,6586,	
3 33 122 33 85,268,323,590,834,1464,1708,2066,2452,2564,2795,3096,3377,3532,3572,3828,4685,4923,5282,5668,5780,6013,6284,6301,6585,6937,7220,8101,8347,8705,9091,9203,9439,	
6 27 122 27 83,1189,2092,2255,2340,3047,3090,3095,3102,3114,3212,3213,3375,4413,5308,5556,6264,6278,6283,6303,6316,6356,6357,6583,7827,8732,8979,	
excipientes 8 122 8 80,601,3054,3372,3839,6271,6580,7231,	
completa 3 122 3 78,3370,6578,	
lista 3 122 3 77,3369,6577,	
consultar 5 122 5 75,3281,3367,6425,6575,	
Para 7 122 7 74,243,3272,3366,3508,6416,6574,	
4 55 122 55 72,73,127,145,353,589,602,603,687,835,973,1188,1294,1334,1362,1675,2708,3100,3103,3364,3365,3394,3412,3593,3827,3840,3841,3926,4062,4199,4412,4518,4583,4891,5924,6288,6304,6493,6572,6573,6729,6747,6856,6965,7219,7232,7233,7318,7471,7609,7826,7932,7999,8315,9347,	
sección 6 122 6 71,82,3363,3374,6571,6582,	
mostraron 9 122 9 2202,2395,2423,5418,5611,5639,8842,9034,9062,	
ver 6 122 6 70,81,3362,3373,6570,6581,	
renal 33 122 33 445,450,471,521,745,1012,2625,2646,2663,2671,2688,3683,3688,3709,3759,3984,4238,5841,5862,5879,5887,5904,7074,7079,7100,7151,7376,7648,9264,9285,9302,9310,9327,	
lactosa 4 122 4 69,808,6569,7445,	
166 2 122 2 66,6566,	
cambio 3 122 3 2113,5329,8753,	
Cada 4 122 4 60,6498,6518,6538,	
Excipiente 2 122 2 59,6558,	
21 1 122 1 8260,	
memantina) 2 122 2 58,3331,	
31 3 122 3 55,3328,6514,	
8 12 122 12 54,1363,2454,3202,3235,3327,4584,5670,6380,6513,8000,9093,	
equivalen 6 122 6 52,3325,6491,6511,6531,6551,	
análisis 3 122 3 2290,5505,8929,	
(que 2 122 2 51,3324,	
memantina 108 122 108 50,569,662,859,894,911,941,989,1021,1038,1137,1158,1203,1263,1288,1790,1839,2084,2167,2201,2372,2401,2422,2468,2481,2533,2551,2691,2765,2783,2807,2902,2920,2978,3019,3323,3344,3807,3901,4085,4120,4137,4167,4215,4247,4264,4360,4382,4427,4487,4512,5006,5055,5300,5383,5417,5588,5617,5638,5684,5697,5749,5767,5907,5981,6000,6025,6119,6137,6195,6236,6489,6497,6509,6517,6529,6537,6549,6557,7199,7292,7495,7530,7547,7577,7625,7657,7674,7773,7795,7841,7901,7926,8429,8724,8807,8841,9011,9040,9061,9107,9120,9172,9190,9330,9405,9426,9451,	
clorhidrato 7 122 7 48,3321,3342,6487,6507,6527,6547,	
conjunto 3 122 3 2388,5604,9027,	
contiene 9 122 9 44,65,3317,3350,6483,6503,6523,6543,6565,	
recubierto 14 122 14 41,62,287,309,333,6480,6500,6520,6540,6561,6880,6908,6946,6974,	
comprimido 18 122 18 40,61,120,286,308,332,3057,3071,6479,6499,6519,6539,6560,6655,6879,6907,6945,6973,	
	Cada 2 122 2 39,6478,	
CUANTITATIVA 3 122 3 38,3312,6477,	
Y 3 122 3 37,3311,6476,	
CUALITATIVA 3 122 3 36,3310,6475,	
COMPOSICIÓN 3 122 3 35,3309,6474,	
2 30 122 30 34,146,300,326,700,1471,1478,1486,1635,2435,3091,3308,3413,3555,3939,4692,4699,4707,4851,5651,6279,6473,6748,6899,7331,8108,8115,8123,8275,9074,	
película 30 122 30 33,43,64,91,96,222,289,311,335,362,3196,6451,6458,6465,6472,6482,6502,6522,6542,6591,6596,6629,6666,6699,6824,6882,6910,6948,6976,7440,	
recubiertos 17 122 17 31,89,94,220,360,3194,6449,6456,6463,6470,6589,6594,6627,6664,6697,6822,7438,	
comprimidos 19 122 19 30,93,219,359,406,806,3131,3176,3193,6448,6455,6462,6469,6593,6626,6663,6696,6821,7437,	
mg 78 122 78 29,46,56,67,240,262,292,314,338,365,381,402,487,537,1703,1734,1788,1837,2475,2507,2758,3319,3329,3340,3352,3359,3505,3526,3620,3641,3725,3775,4918,4949,5004,5053,5691,5723,5974,5984,6447,6454,6461,6468,6485,6495,6505,6515,6525,6535,6545,6555,6564,6567,6599,6632,6669,6702,6844,6885,6913,6951,6979,6999,7011,7032,7036,7117,7167,7443,8342,8373,8427,8476,9114,9146,9398,9408,	
10 37 122 37 28,45,291,313,337,364,486,536,1801,2190,2527,2755,3127,3265,3302,3318,3546,3724,3774,5017,5406,5743,5971,6341,6409,6453,6504,6563,6631,6912,7116,7166,7442,8440,8830,9166,9395,	
	Ebixa 3 122 3 27,3301,6445,	
E420 2 122 2 3355,6275,	
MEDICAMENTO 6 122 6 26,1948,3300,5164,6444,8587,	
NOMBRE 3 122 3 24,3298,6442,	
1 32 122 32 23,84,131,275,1621,1950,2492,3051,3150,3155,3161,3165,3182,3185,3188,3192,3297,3346,3376,3398,3539,4837,5166,5708,6268,6441,6584,6733,6871,8261,8589,9131,	
farmacológicos 3 122 3 851,4078,7487,	
PRODUCTO 1 122 1 22,	
DEL 6 122 6 21,25,3270,3299,6414,6443,	
grupo 6 122 6 1441,1446,4662,4667,8078,8083,	
CARACTERÍSTICAS 1 122 1 20,	
LAS 1 122 1 19,	
DE 18 122 18 18,1946,3222,3225,3237,3239,3246,3250,3267,5162,6366,6369,6382,6384,6390,6394,6411,8585,	
RESUMEN 1 122 1 17,	
I 1 122 1 16,	
ANEXO 1 122 1 15,	
información 3 122 3 12,3275,6419,	
Toda 1 122 1 10,	
medicamento 6 122 6 9,14,833,4061,4713,7470,	
Basica 1 122 1 7,	
	Información 1 122 1 6,	
PELICULAR 1 122 1 5,	
CUB 1 122 1 4,	
COMP 1 122 1 3,	
grave) 3 122 3 2160,5376,8800,	
28 2 122 2 2,3145,	
t½ 3 122 3 2635,5851,9274,	
10MG 1 122 1 1,	
estudios 33 122 33 387,1116,2330,2338,2343,2347,2741,2801,2862,2879,2899,2986,3626,4341,5546,5554,5559,5563,5957,6019,6079,6096,6116,6203,7017,7752,8969,8977,8982,8986,9381,9445,9505,	
EBIXA 1 122 1 0,	
