	Prospectos 1 511 1 5594,	
TEXTO 1 511 1 5591,	
REVISIÓN 1 511 1 5589,	
	10 1 511 1 5586,	
PRIMERA 1 511 1 5584,	
FECHA 2 511 2 5581,5587,	
NÚMERO 1 511 1 5573,	
28036 1 511 1 5569,	
16-D 1 511 1 5568,	
Burgos 1 511 1 5567,	
Avda 1 511 1 5565,	
A 1 511 1 5564,	
S 1 511 1 5563,	
España 1 511 1 5562,	
COMERCIALIZACIÓN 2 511 2 5559,5578,	
AUTORIZACIÓN 3 511 3 5557,5576,5585,	
TITULAR 1 511 1 5554,	
instrucciones 1 511 1 5551,	
requieren 1 511 1 5550,	
manipulación 1 511 1 5547,	
Instrucciones 1 511 1 5543,	
formatos 1 511 1 5540,	
42 1 511 1 5527,	
14 1 511 1 5523,	
Tamaños 1 511 1 5521,	
(polietileno) 1 511 1 5520,	
tapón 1 511 1 5517,	
desecante 1 511 1 5515,	
(Securitainer) 1 511 1 5512,	
(Polipropileno) 1 511 1 5511,	
PP 1 511 1 5510,	
frascos 1 511 1 5508,	
(Al/Al) 1 511 1 5506,	
recipiente 1 511 1 5504,	
Naturaleza 1 511 1 5500,	
cerrado 1 511 1 5497,	
envase 1 511 1 5495,	
mantener 1 511 1 5493,	
Envases 1 511 1 5492,	
original 1 511 1 5491,	
embalaje 1 511 1 5490,	
Blister 2 511 2 5486,5505,	
25ºC 1 511 1 5485,	
superior 1 511 1 5483,	
temperatura 1 511 1 5482,	
conservación 1 511 1 5478,	
Precauciones 1 511 1 5475,	
10mg 1 511 1 5469,	
meses 4 511 4 5453,5460,5466,5472,	
18 1 511 1 5452,	
procede 1 511 1 5440,	
Incompatibilidades 1 511 1 5438,	
rojo 1 511 1 5429,	
comprimidos) 2 511 2 5425,5435,	
(únicamente 2 511 2 5413,5431,	
(E172) 2 511 2 5412,5430,	
amarillo 1 511 1 5411,	
hierro 2 511 2 5410,5428,	
Óxido 2 511 2 5408,5426,	
Estearil 1 511 1 5404,	
Almidón 1 511 1 5402,	
Croscarmelosa 1 511 1 5399,	
monohidrato 1 511 1 5398,	
Lactosa 1 511 1 5397,	
sodio 3 511 3 5396,5401,5407,	
carbonato 1 511 1 5395,	
Relación 1 511 1 5391,	
FARMACÉUTICOS 1 511 1 5387,	
pélvica) 1 511 1 5380,	
(dilatación 1 511 1 5378,	
irreversible 1 511 1 5377,	
produjo 1 511 1 5374,	
fetal 1 511 1 5370,	
corporal 1 511 1 5364,	
peso 1 511 1 5363,	
masculinas 1 511 1 5346,	
fertilidad 1 511 1 5343,	
afectó 1 511 1 5340,	
teratogénica 1 511 1 5337,	
propiedad 1 511 1 5336,	
monos 1 511 1 5332,	
ratas 3 511 3 5329,5345,5354,	
reproductiva 1 511 1 5327,	
revelado 1 511 1 5320,	
carcinogenicidad 1 511 1 5318,	
mutagénico 1 511 1 5313,	
farmacológicos 1 511 1 5302,	
relacionándola 1 511 1 5298,	
deducirse 1 511 1 5297,	
conejos 2 511 2 5295,5330,	
ratones 1 511 1 5292,	
degeneración 1 511 1 5281,	
causando 1 511 1 5277,	
farmacológico 1 511 1 5276,	
relacionados 1 511 1 5272,	
mostró 1 511 1 5269,	
animales 1 511 1 5267,	
feto) 1 511 1 5255,	
(causan 1 511 1 5250,	
fetotóxicos 1 511 1 5249,	
seguridad 1 511 1 5240,	
preclínicos 1 511 1 5238,	
Datos 1 511 1 5237,	
conjugados 1 511 1 5234,	
dicetopiperazina 2 511 2 5230,5232,	
inactivos 1 511 1 5227,	
metabolitos 1 511 1 5226,	
identificado 1 511 1 5224,	
Además 1 511 1 5217,	
vía 1 511 1 5215,	
excreta 1 511 1 5213,	
completamente 1 511 1 5210,	
metaboliza 1 511 1 5208,	
dosificación 1 511 1 5187,	
estacionario 1 511 1 5182,	
unirse 1 511 1 5173,	
saturable 1 511 1 5168,	
observada 1 511 1 5149,	
curva 1 511 1 5143,	
fase 2 511 2 5139,5156,	
relacionada 1 511 1 5135,	
Esta 1 511 1 5132,	
inferiores 1 511 1 5123,	
notablemente 1 511 1 5119,	
13-17 1 511 1 5111,	
múltiple 1 511 1 5103,	
semivida 1 511 1 5096,	
polifásica 1 511 1 5094,	
manera 1 511 1 5093,	
disminuye 1 511 1 5091,	
alcanza 2 511 2 5077,5199,	
alcanzando 1 511 1 5059,	
gastrointestinal; 1 511 1 5058,	
Tras 1 511 1 5047,	
farmacocinéticas 1 511 1 5046,	
excreción 1 511 1 5040,	
incipiente 1 511 1 5030,	
terminal 3 511 3 5014,5140,5157,	
desarrollo 1 511 1 5010,	
progresión 1 511 1 5004,	
reduce 2 511 2 5000,5038,	
manifiesta 1 511 1 4992,	
22 1 511 1 4983,	
15 1 511 1 4957,	
% 3 511 3 4949,4959,4976,	
19 1 511 1 4947,	
Julio 1 511 1 5592,	
corresponde 3 511 3 4922,4969,4978,	
Riesgo) 1 511 1 4916,	
Absoluta 1 511 1 4914,	
Reducción 1 511 1 4913,	
Reduction 1 511 1 4912,	
Risk 1 511 1 4911,	
(Absolute 1 511 1 4910,	
ARR 2 511 2 4909,4972,	
da 1 511 1 4907,	
años 4 511 4 4901,4931,4966,4987,	
14% 1 511 1 4893,	
8% 2 511 2 4886,4919,	
17 1 511 1 4885,	
encontró 2 511 2 4879,4941,	
cerebrovascular) 1 511 1 4877,	
primarios 1 511 1 4868,	
tratar) 1 511 1 4861,	
necesita 1 511 1 4860,	
needed 1 511 1 4852,	
(""numbers 1 511 1 4851,	
NNT 3 511 3 4850,4925,4981,	
calcularse 1 511 1 4848,	
alcanzados 1 511 1 4846,	
pancreático 1 511 1 4841,	
contribuir 1 511 1 4822,	
También 1 511 1 4820,	
fibrinolisis 1 511 1 4819,	
hipertrofia 1 511 1 4808,	
endotelial 1 511 1 4803,	
placa 1 511 1 4797,	
ruptura 1 511 1 4794,	
musculatura 1 511 1 4789,	
mediada 1 511 1 4779,	
vasoconstricción 1 511 1 4778,	
antagonismo 1 511 1 4775,	
Éstos 1 511 1 4771,	
directos 1 511 1 4766,	
lisa 1 511 1 4791,	
Éste 1 511 1 4748,	
total 2 511 2 4744,4905,	
lograr 1 511 1 4741,	
conveniente 1 511 1 4739,	
consideró 1 511 1 4735,	
seleccionó 1 511 1 4725,	
HEART) 1 511 1 4723,	
(SECURE 1 511 1 4722,	
Basándose 2 511 2 4718,4842,	
estándar) 1 511 1 4717,	
regresión 1 511 1 4716,	
técnicas 1 511 1 4712,	
(utilizando 1 511 1 4711,	
demostrada 1 511 1 4707,	
relativamente 1 511 1 4700,	
normotensos 1 511 1 4690,	
gran 1 511 1 4685,	
- 2 511 2 5126,5145,	
beneficios 1 511 1 4682,	
placebo 3 511 3 4680,4890,4954,	
absorbe 1 511 1 5053,	
comparación 1 511 1 4676,	
treat"" 1 511 1 4854,	
ataque 1 511 1 4656,	
redujo 1 511 1 4650,	
Cardiacos) 1 511 1 4647,	
Episodios 1 511 1 4646,	
Prevención 1 511 1 4644,	
Prevention 1 511 1 4639,	
Outcomes 1 511 1 4638,	
(Heart 1 511 1 4637,	
HOPE 1 511 1 4636,	
estudio 2 511 2 4631,4710,	
habituales 2 511 2 4628,5195,	
24 4 511 4 4619,5459,5465,5471,	
ingestión 1 511 1 4610,	
administración; 1 511 1 4598,	
hora 2 511 2 4595,5067,	
segunda 1 511 1 4594,	
mínima 1 511 1 4583,	
independiente 1 511 1 5159,	
bradiquinina 1 511 1 4565,	
degradación 1 511 1 4562,	
responsables 1 511 1 4559,	
quinasa 1 511 1 4553,	
igual 1 511 1 4550,	
circulante 1 511 1 4546,	
resistencia 1 511 1 4519,	
vasos 2 511 2 4512,4533,	
hemodinámico 2 511 2 4490,4540,	
aldosterona 1 511 1 4487,	
plasmática 5 511 5 4480,5062,5070,5088,5178,	
plasma 1 511 1 4473,	
potente 1 511 1 4457,	
pregelatinizado 1 511 1 5403,	
formar 1 511 1 4446,	
hígado 1 511 1 4444,	
hidrolizado 1 511 1 4441,	
gastrointestinal 1 511 1 4439,	
farmacodinámicas 1 511 1 4426,	
conservar 2 511 2 5480,5487,	
Propiedades 2 511 2 4425,5045,	
C09AA05 1 511 1 4422,	
ATC 1 511 1 4421,	
Código 1 511 1 4420,	
Convertidora 1 511 1 4417,	
Inhibidores 1 511 1 4413,	
farmacoterapéutico 1 511 1 4412,	
Grupo 1 511 1 4411,	
ESTE 1 511 1 4408,	
DE 7 511 7 4407,5555,5558,5574,5577,5582,5588,	
FARMACOLÓGICAS 1 511 1 4406,	
PROPIEDADES 1 511 1 4405,	
" 2 511 2 4403,5384,	
""Contraindicaciones"" 1 511 1 4402,	
consideran 1 511 1 4397,	
acelerar 1 511 1 4383,	
urinario 1 511 1 4374,	
pH 1 511 1 4373,	
forzada 1 511 1 4368,	
teratogénicos 1 511 1 5288,	
diuresis 1 511 1 4367,	
eficacia 1 511 1 4364,	
disponibles 1 511 1 4361,	
Angiotensina 1 511 1 4419,	
deficiencia 1 511 1 4355,	
corrección 1 511 1 4349,	
catecolaminas 1 511 1 4342,	
apoyarlas 1 511 1 4334,	
vitales 1 511 1 4329,	
funciones 1 511 1 4328,	
cuidado 1 511 1 4326,	
minutos) 1 511 1 4321,	
30 2 511 2 4320,5526,	
negativos 1 511 1 5322,	
sódico; 1 511 1 4313,	
adsorbentes 1 511 1 4311,	
gástrico 1 511 1 4310,	
lavado 1 511 1 4309,	
absorbida 1 511 1 4304,	
fracción 1 511 1 4300,	
ingerida 1 511 1 4285,	
depende 1 511 1 4281,	
administrar 1 511 1 4280,	
electrolítico 1 511 1 4273,	
desequilibrio 1 511 1 4272,	
Pueden 1 511 1 4263,	
comercialicen 1 511 1 5537,	
Sobredosificación 1 511 1 4262,	
9 2 511 2 4261,5580,	
retirada 1 511 1 4257,	
espontáneamente 1 511 1 4253,	
resuelven 1 511 1 4252,	
manifestaciones 1 511 1 4243,	
u 1 511 1 4241,	
fotosensibilidad 1 511 1 4240,	
eosinofilia 1 511 1 4236,	
(ESR) 1 511 1 4235,	
sedimentación 1 511 1 4230,	
velocidad 1 511 1 4228,	
positivo 2 511 2 4224,4816,	
(ANA) 1 511 1 4223,	
antinucleares 1 511 1 4222,	
anticuerpos 1 511 1 4221,	
articulaciones 1 511 1 4220,	
muscular 1 511 1 4216,	
artritis 1 511 1 4214,	
artralgia 1 511 1 4212,	
vasculitis 1 511 1 4210,	
fiebre 1 511 1 4209,	
siguiente 1 511 1 4208,	
complejo 1 511 1 4199,	
Interacciones 1 511 1 4173,	
resultados 2 511 2 4692,4845,	
simultáneo 1 511 1 4159,	
criterios 1 511 1 4865,	
esclerodermia 1 511 1 4154,	
perfil 1 511 1 4131,	
cambios 2 511 2 4129,4167,	
bilirrubina 1 511 1 4125,	
analíticas 1 511 1 4121,	
mg/kg 1 511 1 5361,	
Aumentos 1 511 1 4116,	
Determinaciones 1 511 1 4115,	
lugar 1 511 1 4112,	
generales 1 511 1 4107,	
astenia 1 511 1 4106,	
Fatiga 1 511 1 4105,	
mama 1 511 1 4103,	
reproductor 1 511 1 4099,	
aparato 1 511 1 4098,	
Ginecomastia 1 511 1 4097,	
Impotencia 1 511 1 4096,	
alérgicas 1 511 1 4092,	
*** 2 511 2 4090,4245,	
urinarios 1 511 1 4085,	
nefropatía 2 511 2 4991,5029,	
renales 1 511 1 4079,	
Oliguria 1 511 1 4076,	
Desórdenes 1 511 1 4074,	
subcutáneo 1 511 1 4069,	
(sudoración) 1 511 1 4068,	
tejido 1 511 1 4065,	
Madrid 1 511 1 5570,	
piel 1 511 1 4062,	
encontraron 1 511 1 5286,	
Diaforesis 1 511 1 4061,	
rash 2 511 2 4058,4239,	
hepatitis 1 511 1 4053,	
boca 1 511 1 4052,	
abdominal 1 511 1 4050,	
5-10 1 511 1 5114,	
gastrointestinales 1 511 1 4048,	
Sequedad 1 511 1 4045,	
Náuseas 1 511 1 4043,	
Diarrea 1 511 1 4042,	
alérgica 1 511 1 4039,	
mediastínicos 1 511 1 4038,	
torácicos 1 511 1 4035,	
sinusitis 1 511 1 4034,	
adicionales 1 511 1 4824,	
Broncoespasmo 1 511 1 4032,	
rinitis 1 511 1 4031,	
Disnea 1 511 1 4030,	
(incluyendo 1 511 1 4026,	
vasculares 1 511 1 4025,	
ortostáticos 1 511 1 4022,	
alteración 1 511 1 4371,	
cardíacos 1 511 1 4020,	
alteraciones 2 511 2 4014,4109,	
nervioso 1 511 1 4013,	
parestesias 1 511 1 4012,	
cabeza 1 511 1 4011,	
humor 1 511 1 4006,	
dolor 3 511 3 4004,4044,4215,	
significativamente 1 511 1 4651,	
psiquiátricos 1 511 1 4002,	
Confusión 1 511 1 4001,	
Cambios 1 511 1 3999,	
Vértigo 1 511 1 3998,	
Hipoglucemia 1 511 1 3991,	
hematocrito 1 511 1 3987,	
* 2 511 2 3985,4127,	
linfático 1 511 1 3981,	
periféricos 1 511 1 4513,	
sangre 2 511 2 3973,4122,	
Disminución 1 511 1 3970,	
Trastornos 10 511 10 3967,3989,3997,4016,4028,4041,4055,4073,4094,4104,	
raros 1 511 1 3966,	
Raros 1 511 1 3964,	
ocurren 2 511 2 4133,4683,	
Frecuentes 1 511 1 3961,	
aislados 1 511 1 3960,	
(< 1 511 1 3955,	
000) 2 511 2 3952,3957,	
1/10 2 511 2 3948,3956,	
1/100) 1 511 1 3945,	
000 2 511 2 3943,3949,	
1/1 2 511 2 3942,3951,	
1/100 1 511 1 3936,	
(> 4 511 4 3932,3935,3941,3947,	
adversos 1 511 1 3911,	
adversas 1 511 1 3907,	
horas 5 511 5 3903,4606,4620,5085,5112,	
incidencia 1 511 1 4653,	
Poco 1 511 1 3962,	
aconsejable 1 511 1 3896,	
Después 1 511 1 3884,	
cambia 1 511 1 3872,	
principio 1 511 1 3867,	
manejar 2 511 2 3860,3899,	
tensión 1 511 1 3847,	
consecuencia 3 511 3 3841,4499,4933,	
individuales 1 511 1 3839,	
utilizar 1 511 1 3835,	
conducir 3 511 3 3833,3858,3897,	
Efectos 2 511 2 3828,4017,	
Existen 1 511 1 4521,	
7 2 511 2 3827,5553,	
Lactancia 1 511 1 3818,	
teóricamente 1 511 1 3812,	
clínico 1 511 1 3810,	
beneficio 1 511 1 3809,	
obteniéndose 1 511 1 3807,	
peritoneal 1 511 1 3806,	
circulación 1 511 1 3802,	
eliminarse 3 511 3 3799,3814,4306,	
placenta 1 511 1 3797,	
atraviesa 1 511 1 3795,	
tratadas 1 511 1 3787,	
madres 1 511 1 3786,	
oliguria 1 511 1 3779,	
rigurosamente 1 511 1 3776,	
vigilarse 1 511 1 3775,	
Debe 2 511 2 3774,4322,	
ultrasonido 1 511 1 3773,	
cráneo 1 511 1 3771,	
comprobación 1 511 1 3764,	
especie 1 511 1 3746,	
fetotoxicidad 2 511 2 3743,5290,	
hayan 1 511 1 3741,	
datos 1 511 1 4360,	
originales 1 511 1 3734,	
fetotóxico 1 511 1 3730,	
embargo 1 511 1 3726,	
Sin 1 511 1 3725,	
descendiente 1 511 1 3724,	
pélvica 1 511 1 3718,	
Pancreatitis 1 511 1 4047,	
dilatación 2 511 2 3717,4509,	
peri 1 511 1 3709,	
postnatales 2 511 2 3706,3711,	
feto 1 511 1 3704,	
potencial 1 511 1 3699,	
local 1 511 1 3691,	
"" 1 511 1 4172,	
influyen 1 511 1 3687,	
uteroplacental 1 511 1 3679,	
perfusión 1 511 1 3678,	
animal 1 511 1 3664,	
experimentación 1 511 1 3663,	
De 1 511 1 3661,	
anuria 2 511 2 3657,4078,	
eliminación 1 511 1 4385,	
neonatal 2 511 2 3655,3803,	
oral 1 511 1 5050,	
oligohidramnios 1 511 1 3652,	
final 1 511 1 3645,	
mitad 1 511 1 3643,	
madre 1 511 1 3635,	
tratamiento; 1 511 1 3630,	
evitarse 1 511 1 3627,	
descartarse 1 511 1 3623,	
( 1 511 1 3609,	
mostrado 4 511 4 3595,3742,5247,5307,	
exposición 3 511 3 3588,3632,3749,	
limitado 1 511 1 3584,	
alveolitis 1 511 1 4037,	
controlados 1 511 1 3572,	
alternativa 1 511 1 3567,	
confirme 1 511 1 3560,	
planifique 1 511 1 3557,	
Embarazo 2 511 2 3541,3544,	
perjudicar 1 511 1 3535,	
sódico 1 511 1 3528,	
Cloruro 1 511 1 3527,	
alcohol 2 511 2 3526,3883,	
potenciar 1 511 1 3522,	
Alcohol 1 511 1 3519,	
validez 1 511 1 5445,	
proliferación 1 511 1 4786,	
hipocaliemia 1 511 1 3518,	
incrementa 1 511 1 3514,	
trimetoprim 1 511 1 3513,	
Trimetoprim 1 511 1 3503,	
parece 1 511 1 3487,	
fenómeno 1 511 1 3486,	
hipoglucemia 1 511 1 3484,	
acompañado 1 511 1 3478,	
hipoglucemiante 1 511 1 3477,	
incremento 1 511 1 3474,	
hipoglucémicos 1 511 1 3469,	
(insulina 1 511 1 3467,	
epidemiológicos 1 511 1 3453,	
estudios 9 511 9 3452,3571,3708,3733,4720,4751,5266,5316,5324,	
Antidiabéticos 1 511 1 3450,	
simpaticomiméticos 1 511 1 3438,	
Simpaticomiméticos 1 511 1 3436,	
leucopenia 1 511 1 3435,	
Aumenta 1 511 1 3431,	
citostáticos 1 511 1 3430,	
corticoides 1 511 1 3428,	
Alopurinol 1 511 1 3426,	
56% 1 511 1 3425,	
73% 1 511 1 3420,	
aproximadamente 2 511 2 3418,5201,	
unión 1 511 1 3412,	
deshidratados 1 511 1 3410,	
comprometida 1 511 1 3404,	
sobretodo 1 511 1 3397,	
Rara 1 511 1 3390,	
efectos 10 511 10 3384,3701,3910,4765,4823,4830,5271,5287,5301,5321,	
mantiene 1 511 1 4615,	
deterioro 1 511 1 3378,	
maquinaria 3 511 3 3836,3861,3900,	
aditivo 1 511 1 3367,	
ejercen 1 511 1 3364,	
reducir 2 511 2 3346,3440,	
AINEs 2 511 2 3344,3357,	
(AINEs) 1 511 1 3339,	
esteroideos 1 511 1 3338,	
leucocitosis 1 511 1 4238,	
Antiinflamatorios 1 511 1 3336,	
disminuciones 1 511 1 3321,	
previos 1 511 1 4721,	
grandes 1 511 1 3320,	
antipsicóticos 1 511 1 3312,	
humanos 1 511 1 3575,	
antidepresivos 1 511 1 3309,	
anestésicos 1 511 1 3308,	
Narcóticos 1 511 1 3301,	
Anestésicos 1 511 1 3299,	
Antipsicóticos 1 511 1 3297,	
tricíclicos 2 511 2 3295,3310,	
Antidepresivo 1 511 1 3294,	
séricos 1 511 1 3281,	
incrementar 1 511 1 3237,	
tiazídicos 1 511 1 3235,	
toxicidad 4 511 4 3220,3241,3251,5326,	
mayores 2 511 2 3199,5366,	
producir 3 511 3 3197,3319,3673,	
vasodilatadores 1 511 1 3195,	
nitratos 1 511 1 3193,	
revelaron 1 511 1 5334,	
nitroglicerina 1 511 1 3190,	
aumentar 2 511 2 3180,3245,	
Otros 1 511 1 3170,	
iniciando 1 511 1 3162,	
hipotensor 2 511 2 3143,3183,	
asa) 1 511 1 3103,	
(Tiazidas 1 511 1 3099,	
empleo"") 5 511 5 3097,3140,3293,3335,4191,	
frecuentes 5 511 5 3084,3931,3934,3940,3963,	
monitorizaciones 1 511 1 3083,	
realizando 1 511 1 3082,	
utilizarse 1 511 1 3078,	
crónica 1 511 1 3342,	
hipokalemia 1 511 1 3076,	
existencia 1 511 1 3073,	
perfectamente 1 511 1 5496,	
indicada 1 511 1 3069,	
significativo 1 511 1 3060,	
frecuencias 1 511 1 3928,	
aumento 5 511 5 3059,3153,3370,4465,4799,	
provocar 3 511 3 3057,3113,3472,	
contengan 1 511 1 3054,	
triamtereno 1 511 1 3040,	
ester 1 511 1 5229,	
espironolactona 1 511 1 3039,	
pérdida 1 511 1 3029,	
inducido 1 511 1 3026,	
atenúan 1 511 1 3022,	
Diuréticos 2 511 2 3009,3098,	
materiales 1 511 1 3008,	
interacciones 1 511 1 3003,	
inicia 1 511 1 3126,	
siguientes 4 511 4 3002,3909,3929,4266,	
utilizando 1 511 1 2997,	
esté 1 511 1 2996,	
Cuando 2 511 2 2994,3555,	
descendientes 1 511 1 5383,	
interacción 1 511 1 2993,	
Interacción 1 511 1 2984,	
glucosa 1 511 1 2974,	
problemas 1 511 1 2970,	
Laponia) 1 511 1 2968,	
poblaciones 1 511 1 2965,	
(insuficiencia 1 511 1 2961,	
transfusión 1 511 1 3816,	
sugieren 3 511 3 3454,4524,4752,	
Lapp 1 511 1 2960,	
lactasa 1 511 1 2958,	
galactosa 2 511 2 2954,2976,	
tracto 2 511 2 4438,5057,	
intolerancia 1 511 1 2951,	
Litio 2 511 2 2905,3204,	
insulina 2 511 2 2890,4836,	
orales 1 511 1 2888,	
antidiabéticos 2 511 2 2887,3466,	
glucemia 1 511 1 2880,	
cuidadosamente 2 511 2 2878,3278,	
monitorizarse 3 511 3 2877,3277,4323,	
primer 3 511 3 2867,3551,3591,	
diabéticos 8 511 8 2864,2884,4827,4939,4995,4998,5033,5036,	
interacción"") 3 511 3 2862,2904,2929,	
""Interacciones 2 511 2 2853,2895,	
análisis 1 511 1 4714,	
indicados 1 511 1 2837,	
heparina) 1 511 1 2829,	
asociados 1 511 1 2821,	
fármacos 1 511 1 2820,	
tomando 1 511 1 2818,	
estén 1 511 1 2817,	
contienen 1 511 1 2810,	
sustitutivos 2 511 2 2805,3049,	
suplementos 3 511 3 2801,3014,3044,	
mellitus 1 511 1 2789,	
diabetes 1 511 1 2788,	
hipercaliemia 2 511 2 2782,3781,	
sérico 7 511 7 2775,2826,2848,3063,3087,3216,3373,	
Hipercaliemia 1 511 1 2756,	
mental 1 511 1 4008,	
corregirse 1 511 1 2750,	
debida 1 511 1 2745,	
considera 3 511 3 2744,2839,3274,	
apareciese 1 511 1 2740,	
prolongada 2 511 2 4461,5138,	
compensadora 1 511 1 2736,	
liberación 1 511 1 2735,	
secundaria 1 511 1 2732,	
II 6 511 6 2731,4345,4484,4506,4554,4782,	
tasas 1 511 1 5002,	
bloquear 1 511 1 2726,	
producen 1 511 1 2722,	
agentes 4 511 4 2720,2836,3171,3468,	
anestesia 1 511 1 2718,	
sometidos 1 511 1 2711,	
ácido 1 511 1 5231,	
Anestesia 1 511 1 2708,	
Cirugía 1 511 1 2706,	
diferencial 1 511 1 2702,	
diagnóstico 1 511 1 2701,	
parte 3 511 3 2699,4686,4697,	
inducida 1 511 1 2689,	
resuelve 1 511 1 2680,	
persistente 1 511 1 2677,	
productiva 1 511 1 2676,	
Característicamente 1 511 1 2671,	
Tos 2 511 2 2657,4029,	
población 2 511 2 2653,4904,	
dependientes 1 511 1 2650,	
hipertension 1 511 1 2647,	
Considerando 1 511 1 4862,	
predominio 1 511 1 2643,	
posiblemente 1 511 1 2638,	
disminuyendo 1 511 1 2622,	
eficaz 2 511 2 2621,5097,	
Raza 1 511 1 2610,	
infección 1 511 1 2609,	
signo 1 511 1 2607,	
detectar 1 511 1 2605,	
instrucción 1 511 1 2603,	
leucocitario 1 511 1 2600,	
intensivo 1 511 1 2585,	
antibiótico 1 511 1 2584,	
(muerte 1 511 1 4870,	
graves 1 511 1 2574,	
infecciones 1 511 1 2573,	
concomitante 12 511 12 2563,2794,2833,3067,3175,3188,3224,3232,3304,3458,3506,3881,	
están 1 511 1 2560,	
factores 1 511 1 2552,	
ahorradores 3 511 3 2797,3010,3034,	
procainamida 2 511 2 2546,3429,	
extrema 1 511 1 2524,	
utilizado 1 511 1 2522,	
son 2 511 2 2505,3385,	
generación 1 511 1 3723,	
aparezca 1 511 1 2498,	
complicación 1 511 1 2493,	
plasmáticas 1 511 1 5152,	
angiotensiona 1 511 1 4505,	
anemia 2 511 2 2472,3984,	
trombocitopenia 2 511 2 2470,3988,	
neutropenia/agranulocitosis 1 511 1 2469,	
Neutropenia 1 511 1 2461,	
definidas 1 511 1 2460,	
recomendaciones 1 511 1 2457,	
dar 1 511 1 2456,	
activo 4 511 4 2448,4449,5074,5220,	
capacidad 4 511 4 2443,3831,3856,5167,	
seguimiento 1 511 1 2431,	
prurito 1 511 1 4059,	
enzimas 2 511 2 2416,4558,	
elevaciones 2 511 2 2413,2771,	
marcadas 1 511 1 2412,	
desarrollan 2 511 2 2409,2572,	
desconocido 1 511 1 2399,	
productor 1 511 1 2394,	
mecanismo 2 511 2 2393,2748,	
veces 1 511 1 2388,	
fulminante 1 511 1 2385,	
necrosis 1 511 1 2383,	
progresa 1 511 1 2381,	
colestática 1 511 1 2379,	
ictericia 2 511 2 2378,2410,	
comienza 1 511 1 2376,	
síndrome 3 511 3 2374,2397,4198,	
nueva 1 511 1 2355,	
tubular 1 511 1 5282,	
reaparecieron 1 511 1 2352,	
evitado 1 511 1 2341,	
presentado 1 511 1 2330,	
himenópteros) 1 511 1 2328,	
""Advertencias 5 511 5 3092,3135,3288,3330,4186,	
veneno 1 511 1 2326,	
terapia 2 511 2 2321,3566,	
Desensibilización 1 511 1 2310,	
suspendiendo 1 511 1 2297,	
evitan 1 511 1 2296,	
sulfato 2 511 2 2292,4312,	
dextrano 1 511 1 2291,	
muerte 4 511 4 2277,2391,4662,5253,	
raras 4 511 4 2272,2362,3946,3954,	
(LDL) 2 511 2 2261,2289,	
densidad 2 511 2 2260,2288,	
realizados 1 511 1 3573,	
lipoproteínas 2 511 2 2257,2285,	
Reacciones 3 511 3 2251,3906,4089,	
mes 1 511 1 2868,	
inhibidor 5 511 5 2242,2424,2515,4453,4493,	
nutrición 1 511 1 3996,	
relación 1 511 1 2223,	
negra 5 511 5 2208,2215,2630,2637,2656,	
raza 5 511 5 2207,2213,2629,2635,2655,	
causada 1 511 1 2192,	
tasa 1 511 1 2189,	
mantenida 1 511 1 2184,	
mantenerse 1 511 1 2174,	
adrenalina 1 511 1 2163,	
inmediatamente 1 511 1 2156,	
urgencia 1 511 1 2153,	
cirugía 2 511 2 2142,2713,	
aéreas 3 511 3 2136,2146,2170,	
experimenten 1 511 1 2131,	
probablemente 2 511 2 2130,4762,	
implicación 1 511 1 2123,	
lingual 1 511 1 2119,	
laríngeo 1 511 1 2116,	
asociado 3 511 3 2113,2371,3650,	
debidas 1 511 1 2110,	
combinación 3 511 3 2549,2911,3272,	
muertes 1 511 1 2109,	
Muy 2 511 2 2102,3965,	
antihistamínicos 1 511 1 2095,	
plazo 3 511 3 2089,4634,5080,	
observación 1 511 1 2086,	
requerir 1 511 1 2084,	
respiratoria 1 511 1 2080,	
moderada 1 511 1 4701,	
hinchazón 1 511 1 2074,	
implicado 1 511 1 2072,	
tos 4 511 4 2662,2673,2688,2705,	
Incluso 1 511 1 2063,	
síntomas 4 511 4 2062,2187,4267,4294,	
resolución 2 511 2 2059,2181,	
completa 2 511 2 2058,2182,	
asegurar 1 511 1 2056,	
apropiado 2 511 2 2050,2433,	
contraindicado 1 511 1 3599,	
instaurar 1 511 1 2047,	
momento 1 511 1 2032,	
26 1 511 1 4927,	
laringe 2 511 2 2026,2129,	
glotis 2 511 2 2024,2127,	
labios 1 511 1 2022,	
cara 1 511 1 2020,	
raramente 1 511 1 2015,	
suspendieron 1 511 1 2349,	
convertasa 1 511 1 2007,	
Angioedema 1 511 1 1998,	
Hipersensibilidad 2 511 2 1996,4060,	
antihipertensivo 5 511 5 1995,3349,3443,3538,4586,	
agente 1 511 1 1994,	
clase 1 511 1 1992,	
membrana 1 511 1 1987,	
rápidamente 2 511 2 2041,5054,	
diferente 2 511 2 1985,1991,	
tipo 1 511 1 1984,	
flujo 2 511 2 1963,4839,	
dializados 3 511 3 1958,2933,2947,	
anafilácticas 1 511 1 1955,	
informado 6 511 6 1952,2014,2107,2660,3207,4195,	
hemodializados 1 511 1 1949,	
reciente 1 511 1 1935,	
experiencia 3 511 3 1922,2454,2937,	
Trasplante 1 511 1 1917,	
""Contraindicaciones"") 3 511 3 1916,1947,2250,	
sistema 6 511 6 1908,3690,3980,4010,4746,4769,	
posible 1 511 1 4316,	
inhibición 2 511 2 1906,4784,	
basado 1 511 1 1903,	
acción 3 511 3 1902,4460,4527,	
mecanismos 1 511 1 1900,	
antihipertensivos 2 511 2 1898,3172,	
responden 2 511 2 1895,2580,	
hiperaldosteronismo 1 511 1 1891,	
neutropenia 2 511 2 2499,2501,	
primario 3 511 3 1887,1892,4537,	
Hiperaldosteronismo 1 511 1 1886,	
considerar 1 511 1 1879,	
médico 2 511 2 1877,2432,	
pruebas 1 511 1 4522,	
predeterminado) 1 511 1 1875,	
incluyendo 5 511 5 2010,2766,2783,3958,5228,	
doble 1 511 1 1872,	
265 1 511 1 1868,	
excede 1 511 1 1866,	
(la 1 511 1 1861,	
desarrolla 1 511 1 1855,	
h 1 511 1 1849,	
mg/24 1 511 1 1848,	
500 1 511 1 1847,	
sufren 1 511 1 2274,	
micromol/l 2 511 2 1841,1869,	
177 1 511 1 1840,	
concentración 9 511 9 1834,1862,3213,4479,5061,5069,5087,5144,5177,	
definida 1 511 1 1831,	
disfunción 2 511 2 1829,1852,	
signos 1 511 1 1827,	
El 13 511 13 1811,2171,2392,3104,3141,3173,3186,3230,3302,3529,4277,4488,4584,	
explicarse 1 511 1 4695,	
Infarto 2 511 2 1807,4018,	
frecuencia 2 511 2 1783,4136,	
administró 1 511 1 1773,	
leves 1 511 1 1767,	
concentraciones 1 511 1 5151,	
aparentemente 1 511 1 1752,	
primeras 2 511 2 1737,3493,	
monitorizar 2 511 2 1731,2052,	
éstos 1 511 1 1727,	
contribuyente 1 511 1 1726,	
factor 3 511 3 1723,2491,4536,	
Ya 1 511 1 1714,	
titulación 1 511 1 1710,	
cuidadosa 1 511 1 1709,	
bajas 3 511 3 1707,3167,5154,	
comenzarse 1 511 1 1700,	
hay 5 511 5 1683,1921,2555,2935,4359,	
existe 3 511 3 1680,2452,3696,	
probable 3 511 3 1672,2496,3490,	
reversibles 4 511 4 1663,2506,3210,3389,	
angiotensina 9 511 9 1646,1911,2009,2201,2730,3694,4344,4483,4781,	
2004 1 511 1 5593,	
convertidora 2 511 2 1644,2199,	
enzima 4 511 4 1643,2006,2198,5171,	
sido 1 511 1 1637,	
diagnóstica 1 511 1 1596,	
situación 1 511 1 1593,	
aguda 3 511 3 1588,3396,4088,	
casos 10 511 10 1584,2038,2066,2149,2467,2578,2645,3586,3838,3959,	
manifestados 1 511 1 4295,	
comunicado 3 511 3 1583,1649,2466,	
posterior 1 511 1 1576,	
ocasionar 2 511 2 1573,3376,	
y/o 9 511 9 1545,1797,1804,1842,2025,2164,4661,5252,5507,	
Puede 3 511 3 1535,1790,5533,	
administra 2 511 2 1527,2588,	
nitrogenada 1 511 1 1518,	
urea 4 511 4 1517,1653,1759,4124,	
transitorios 2 511 2 1514,1769,	
menores 1 511 1 1511,	
incrementos 5 511 5 1510,1756,2823,3209,3891,	
desarrollar 2 511 2 1509,2781,	
preexistente 3 511 3 1507,1753,1789,	
PE 1 511 1 5519,	
Enzima 1 511 1 4416,	
evidente 2 511 2 1506,4588,	
Algunos 3 511 3 1500,1745,2568,	
reversible 3 511 3 1494,1590,1605,	
daño 6 511 6 1488,1575,1599,1787,5251,5375,	
pronto 2 511 2 1486,1597,	
diagnostica 1 511 1 1485,	
potasio 16 511 16 1473,2774,2799,2803,2811,2825,2847,3012,3016,3031,3036,3046,3055,3062,3086,3372,	
rutinaria 1 511 1 1471,	
posteriormente 1 511 1 1459,	
renal) 1 511 1 1457,	
administración"" 1 511 1 1452,	
dermatológicas 1 511 1 4244,	
""Posología 1 511 1 1448,	
acuerdo 1 511 1 1436,	
ajustarse 1 511 1 1434,	
ml/min) 1 511 1 1427,	
(aclaramiento 1 511 1 1422,	
valoración 2 511 2 1412,4867,	
incluir 4 511 4 1410,2159,4202,4773,	
evaluación 1 511 1 1405,	
Antes 2 511 2 1397,3615,	
función 13 511 13 1395,1415,1461,1491,1579,1602,1733,2484,3381,3402,3767,4083,4802,	
Insuficiencia 3 511 3 1392,1553,2359,	
miocardiopatía 1 511 1 1390,	
izquierdo 2 511 2 1382,4811,	
ventrículo 2 511 2 1381,4810,	
salida 1 511 1 1379,	
Como 3 511 3 1356,2611,3680,	
Miocardiopatía 1 511 1 1354,	
/ 13 511 13 1353,1997,2462,2707,2931,3296,3298,3300,4040,4066,4077,4213,5546,	
válvulas 1 511 1 1349,	
Estenosis 2 511 2 1346,1611,	
hora) 1 511 1 1337,	
90 2 511 2 1331,5529,	
(presión 1 511 1 1326,	
persiste 1 511 1 1323,	
temporalmente 3 511 3 1317,2298,2350,	
120 1 511 1 1292,	
Uremia 1 511 1 4075,	
reducirse 3 511 3 1284,1312,3145,	
primeros 2 511 2 1276,4319,	
tres 1 511 1 1275,	
Durante 2 511 2 1273,2865,	
cardiogénico 1 511 1 1272,	
menor 2 511 2 1269,1329,	
recomendado 1 511 1 3548,	
mmHg 4 511 4 1267,1293,1304,1332,	
100 3 511 3 1266,1303,5531,	
sistólica 4 511 4 1264,1289,1300,1328,	
Estos 4 511 4 1259,3383,4128,4681,	
vasodilatador 1 511 1 1258,	
hemodinámica 1 511 1 1252,	
No 12 511 12 1231,1920,2451,2934,3260,3819,4358,5284,5338,5439,5479,5548,	
agudo 4 511 4 1228,1242,1808,1816,	
parámetros 1 511 1 1223,	
presentan 2 511 2 1218,1261,	
sanguíneos 3 511 3 1216,1224,4168,	
valores 1 511 1 1215,	
litio 6 511 6 2913,3215,3243,3253,3268,3283,	
alterar 1 511 1 1213,	
sustancias 2 511 2 1210,3006,	
inmunosupresores 3 511 3 1207,2542,3427,	
alopurinol 2 511 2 1206,2544,	
antimetabolitos 2 511 2 1200,2567,	
corticosteroides 3 511 3 1198,2097,2565,	
particular 2 511 2 1196,1530,	
concomitantes 1 511 1 1194,	
asocia 1 511 1 1187,	
orina 1 511 1 1183,	
regular 2 511 2 1170,2845,	
monitorización 3 511 3 1169,1470,2844,	
esclerodermia) 2 511 2 1165,2538,	
eritematoso 3 511 3 1163,2536,4152,	
lupus 3 511 3 1162,2535,4151,	
colágeno 4 511 4 1152,1159,2532,4149,	
vascular 7 511 7 1150,1157,1750,2530,4147,4520,4790,	
especialmente 5 511 5 1146,1184,1770,2137,2553,	
frecuente 1 511 1 1140,	
plaquetas 1 511 1 1136,	
contenido 2 511 2 1128,5502,	
rojos 2 511 2 1125,4234,	
glóbulos 3 511 3 1124,1174,4233,	
número 4 511 4 1122,1172,3583,4855,	
agranulocitosis 2 511 2 1111,2504,	
desarrollado 2 511 2 1110,1755,	
ósea 3 511 3 1097,1117,3979,	
médula 3 511 3 1096,1116,3978,	
< 4 511 4 1425,3937,3944,3950,	
depresión 2 511 2 1094,1113,	
Agranulocitosis 2 511 2 1092,2463,	
interrumpir 3 511 3 1068,1345,2419,	
razón 1 511 1 1066,	
general 4 511 4 1062,1662,3388,4250,	
esperado 1 511 1 1058,	
Este 2 511 2 1055,3485,	
adicional 1 511 1 1045,	
bajada 1 511 1 1044,	
ocurrir 3 511 3 1042,2029,4264,	
baja 3 511 3 1040,2259,2287,	
plasmático 2 511 2 1027,3118,	
renovascular 1 511 1 1682,	
expansión 2 511 2 1024,2753,	
dada 1 511 1 2962,	
aumenta 1 511 1 1020,	
dificultad 1 511 1 1013,	
afectada 1 511 1 2441,	
ceder 1 511 1 1011,	
posteriores 1 511 1 1007,	
contraindicación 1 511 1 1004,	
constituye 1 511 1 1002,	
supervisón 1 511 1 2177,	
hipotensora 1 511 1 999,	
respuesta 2 511 2 998,1464,	
Una 1 511 1 997,	
atropina 1 511 1 996,	
necesaria 6 511 6 991,1079,1537,1792,2840,3275,	
bradicardia 2 511 2 988,4271,	
produce 4 511 4 987,4463,4508,4573,	
fisiológico 1 511 1 984,	
suero 1 511 1 983,	
intravenosa 2 511 2 981,994,	
infusión 1 511 1 980,	
recibir 2 511 2 978,2429,	
profármaco 1 511 1 4430,	
fuese 2 511 2 975,4332,	
supina 1 511 1 972,	
posición 1 511 1 971,	
colocarse 1 511 1 967,	
produjese 1 511 1 964,	
habitual 1 511 1 1479,	
Si 15 511 15 962,985,1071,1296,1322,1483,1594,1678,1850,2586,2739,2830,3064,3747,4390,	
accidente 3 511 3 960,4027,4876,	
miocardio 8 511 8 957,1230,1244,1810,1818,4023,4660,4874,	
infarto 7 511 7 955,1227,1241,1280,1815,4658,4872,	
causar 2 511 2 953,4165,	
podría 1 511 1 952,	
sanguínea 7 511 7 951,1263,1288,1519,1654,1760,3325,	
malformaciones 1 511 1 3596,	
excesiva 1 511 1 947,	
Evaluation 1 511 1 4640,	
caída 1 511 1 946,	
cerebrovascular 2 511 2 941,961,	
enfermedad 8 511 8 940,1149,1156,1504,1749,2529,4146,4673,	
deterioración 1 511 1 1251,	
isquemia 1 511 1 937,	
aplicarse 1 511 1 932,	
deben 6 511 6 931,1728,2418,2978,2999,3077,	
consideraciones 1 511 1 930,	
orales) 1 511 1 3470,	
inicio 4 511 4 920,1399,1564,3617,	
monitorizados 1 511 1 918,	
riesgo 15 511 15 912,1247,1686,1725,2236,2275,2779,3121,3239,3249,3433,3482,3516,3698,4671,	
súbito 1 511 1 4657,	
alto 4 511 4 911,1962,3248,4670,	
funcional 1 511 1 907,	
hiponatremia 1 511 1 903,	
asa 1 511 1 901,	
altas 3 511 3 896,3110,5279,	
severo 1 511 1 888,	
Esto 8 511 8 878,1137,1669,1779,2027,2157,3862,4906,	
recuento 2 511 2 1134,2599,	
Adversas"") 1 511 1 861,	
interacción"" 2 511 2 855,4182,	
formas 6 511 6 853,2860,2902,2927,2991,4180,	
medicamentos 12 511 12 850,2857,2899,2924,2988,3178,3307,3465,3876,4161,4177,5596,	
""Interacción 2 511 2 846,2920,	
dependiente 1 511 1 841,	
renina 6 511 6 839,1909,2648,2738,3692,4471,	
severa 3 511 3 838,1689,4269,	
hipertensión 2 511 2 837,1681,	
vómitos 2 511 2 833,4049,	
diarrea 1 511 1 831,	
sal 6 511 6 829,2808,3052,3160,3533,4357,	
dietética 1 511 1 827,	
previo 1 511 1 3106,	
restricción 1 511 1 826,	
amilorida) 1 511 1 3042,	
sanguíneo 4 511 4 816,4132,4352,4840,	
volumen 6 511 6 815,1026,2755,3117,3155,4351,	
depleción 2 511 2 813,3115,	
afectar 1 511 1 3854,	
probabilidad 2 511 2 808,882,	
mayor 12 511 12 807,881,1685,1782,1838,2203,2235,2642,2714,3481,4135,5120,	
mialgia 1 511 1 4211,	
ocurre 7 511 7 805,879,1780,3392,3752,3863,4602,	
observa 1 511 1 793,	
rara 3 511 3 790,1106,2103,	
complicaciones 1 511 1 789,	
Hipotensión 2 511 2 783,1225,	
especiales 8 511 8 780,3095,3138,3291,3333,4189,5476,5552,	
precauciones 6 511 6 779,3094,3137,3290,3332,4188,	
Advertencias 1 511 1 777,	
reducciones 1 511 1 3198,	
inestables 1 511 1 776,	
hipotensos 1 511 1 773,	
Pacientes 5 511 5 772,1743,1948,2863,2932,	
tratamientos 2 511 2 769,1193,	
así 3 511 3 765,1118,4812,	
Estas 3 511 3 929,2293,4246,	
similares 2 511 2 759,1220,	
AN69) 2 511 2 754,1966,	
e 6 511 6 753,2046,3653,3780,4051,4274,	
p 1 511 1 752,	
ejemplo 10 511 10 748,818,1161,1965,2325,2534,2828,3038,4308,4829,	
(por 8 511 8 747,1160,1964,2324,2533,2827,3037,4307,	
primera 3 511 3 3722,3887,4592,	
hemofiltración 3 511 3 746,4377,4395,	
renina-angiotensina-aldosterona 1 511 1 4747,	
transcurso 1 511 1 741,	
vida 1 511 1 738,	
LA 3 511 3 5556,5575,5583,	
peligro 1 511 1 735,	
anafiláctico 1 511 1 733,	
shock 3 511 3 732,1271,4270,	
evolucionar 1 511 1 730,	
anafilactoides 4 511 4 725,2252,2280,2332,	
reacciones 10 511 10 724,758,1954,2279,2294,2331,2338,4072,4091,4247,	
descrito 1 511 1 723,	
han 16 511 16 722,756,1582,1636,1648,1754,2329,2340,2370,2465,2769,3594,3913,5223,5246,5319,	
MINISTERIO 3 511 3 720,3817,5571,	
) 3 511 3 712,719,3614,	
aféresis 5 511 5 707,764,2255,2283,2309,	
LDL 2 511 2 706,762,	
poliacrilonitrilo 2 511 2 704,751,	
membranas 3 511 3 702,749,1960,	
diálisis 7 511 7 700,830,1989,3805,4381,4392,5021,	
lactancia 4 511 4 698,3543,3825,5373,	
embarazo 8 511 8 694,3554,3562,3608,3625,3647,3760,3792,	
trimestre 6 511 6 692,3552,3592,3606,3758,5264,	
tercer 4 511 4 691,3605,3757,5263,	
transitoria 1 511 1 1000,	
segundo 4 511 4 689,3602,3755,5261,	
seria 1 511 1 1250,	
trasplante 3 511 3 684,1932,5023,	
obstructiva 1 511 1 677,	
hipertrófica 3 511 3 676,1355,1391,	
cardiomiopatia 1 511 1 675,	
aórtica 3 511 3 673,1350,1388,	
mitral 3 511 3 671,1352,1374,	
válvula 3 511 3 670,1373,1387,	
único 1 511 1 662,	
riñón 5 511 5 661,1634,1919,1934,5025,	
caso 3 511 3 659,4989,5027,	
unilateral 1 511 1 657,	
bilateral 2 511 2 655,1621,	
significativa 1 511 1 654,	
hemodinámicamente 2 511 2 653,775,	
extremidades 1 511 1 2021,	
arteria 4 511 4 651,1614,1624,1630,	
estenosis 6 511 6 648,667,1370,1384,1620,1627,	
generalmente 4 511 4 1513,1589,1766,1893,	
proteínas 3 511 3 1181,3414,5042,	
adversas"") 1 511 1 643,	
""Reacciones 2 511 2 642,860,	
hemoglobina 2 511 2 1130,3977,	
apartado 15 511 15 639,709,716,843,1445,1913,1944,2247,2850,2892,2917,3089,3132,3285,3327,	
(ver 16 511 16 638,708,715,842,1444,1912,1943,2246,2849,2891,2916,3088,3131,3284,3326,4169,	
idiopático 1 511 1 637,	
angioedema 6 511 6 636,2017,2112,2191,2221,2238,	
hereditario 1 511 1 634,	
angioneurótico 2 511 2 633,4071,	
edema 4 511 4 632,2115,2118,4067,	
antecedentes 3 511 3 630,2140,2219,	
hipersensibilidad 2 511 2 611,727,	
· 9 511 9 607,626,644,663,678,686,699,705,713,	
Contraindicaciones 1 511 1 602,	
Aumento 1 511 1 4118,	
administrarse 4 511 4 597,606,1939,2155,	
Así 1 511 1 593,	
Hidrógeno 1 511 1 5394,	
grado 2 511 2 590,887,	
sensible 1 511 1 587,	
ningún 3 511 3 585,2489,5310,	
Período 1 511 1 5443,	
alimentos 2 511 2 582,601,	
ingesta 2 511 2 580,3158,	
obstrucción 2 511 2 1376,2132,	
líquido 1 511 1 578,	
suficiente 4 511 4 576,2101,2453,2936,	
cantidad 2 511 2 575,4284,	
administrase 3 511 3 572,1364,3821,	
deberán 2 511 2 571,916,	
Los 22 511 22 567,908,1201,1888,2120,2216,2262,2311,2400,2434,2776,2948,3017,3032,3356,3437,3451,3570,3908,4691,5241,5323,	
grupo 9 511 9 564,4666,4679,4889,4896,4936,4952,4962,5275,	
bloqueo 1 511 1 4743,	
niños 3 511 3 553,2943,3784,	
estudiado 1 511 1 551,	
Niños 2 511 2 546,2930,	
hereditaria 1 511 1 2952,	
arterial 11 511 11 545,1019,1037,1049,1299,1327,2625,3203,3848,4580,4706,	
presión 13 511 13 544,950,1018,1036,1048,1262,1287,1298,2624,3202,3324,4579,4705,	
control 2 511 2 541,2596,	
femeninas 2 511 2 5348,5355,	
necesidad 2 511 2 539,5019,	
según 1 511 1 537,	
ajustar 1 511 1 536,	
padecen 2 511 2 523,1148,	
especial 1 511 1 4325,	
concomitantemente 4 511 4 521,1531,1775,1969,	
administran 2 511 2 520,5258,	
precaución 4 511 4 517,1366,2525,3080,	
ancianos 2 511 2 513,3408,	
Ancianos 1 511 1 510,	
iniciarse 4 511 4 488,1233,1823,3564,	
plasmáticos 1 511 1 472,	
niveles 3 511 3 471,1179,3280,	
elevación 2 511 2 468,4225,	
ocasionando 1 511 1 466,	
hepáticas 2 511 2 465,2417,	
esterasas 1 511 1 464,	
1/10) 2 511 2 3933,3938,	
actividad 2 511 2 461,4468,	
disminución 4 511 4 458,3675,3982,4476,	
debido 4 511 4 455,819,2639,3070,	
retardado 1 511 1 454,	
está 6 511 6 453,2071,3068,3547,3598,5134,	
ramiprilato 11 511 11 452,3423,4389,4450,5075,5090,5099,5148,5175,5184,5221,	
Depresión 1 511 1 3972,	
bioactivo 1 511 1 451,	
Por 1 511 1 475,	
metabolito 5 511 5 450,2447,4448,5073,5219,	
periódico 1 511 1 2597,	
formación 3 511 3 448,2445,2728,	
metabolismo 2 511 2 441,3992,	
hepática 7 511 7 434,439,482,531,2360,2384,2438,	
micromol/l) 1 511 1 408,	
respiratorios 1 511 1 4033,	
165 1 511 1 407,	
> 1 511 1 406,	
sérica 7 511 7 405,1524,1659,1765,1835,1863,4126,	
(creatinina 1 511 1 404,	
ml/min 1 511 1 403,	
20 2 511 2 402,5524,	
50 4 511 4 400,1426,5360,5528,	
máximo 1 511 1 4601,	
creatinina 9 511 9 398,1424,1441,1477,1523,1658,1764,1837,1865,	
diferencia 1 511 1 5133,	
aclaramiento 3 511 3 396,1439,4833,	
posológico 2 511 2 388,1454,	
Ajuste 2 511 2 387,1453,	
pretratados 1 511 1 374,	
Generalmente 2 511 2 371,2906,	
diurético) 1 511 1 370,	
duración 1 511 1 367,	
(dependiendo 1 511 1 364,	
período 2 511 2 361,5369,	
aumentos 3 511 3 1219,1650,3714,	
días 3 511 3 357,1277,5203,	
Evaluación 1 511 1 4641,	
ó 1 511 1 355,	
durante 29 511 29 353,359,687,696,760,767,1333,1401,1735,1856,2033,2253,2281,2319,2716,3221,3491,3549,3600,3628,3753,3790,3823,3901,3915,4317,4618,5259,5367,	
mínimo 1 511 1 352,	
interrupción 11 511 11 345,1087,1497,1547,1608,1666,1799,1881,2510,2684,3148,	
diurético 8 511 8 342,350,1534,1552,1778,1803,3025,3150,	
hemodiálisis 1 511 1 744,	
reducción 13 511 13 337,1081,1120,1539,1794,3844,4502,4516,4575,4702,4805,4881,4943,	
considerarse 6 511 6 335,1167,1979,2697,3000,4338,	
deberá 3 511 3 334,966,3563,	
comenzar 1 511 1 329,	
produzca 1 511 1 324,	
posibilidad 1 511 1 320,	
minimizar 1 511 1 318,	
elevadas 1 511 1 310,	
previamente 1 511 1 307,	
tratados 9 511 9 306,1100,1638,1968,2001,2402,2475,2760,2885,	
médica 4 511 4 303,500,1704,2178,	
supervisión 3 511 3 302,499,1703,	
estrecha 4 511 4 301,498,1702,2176,	
** 2 511 2 4070,4192,	
empezarse 1 511 1 292,	
debe 31 511 31 291,487,515,535,605,977,1166,1232,1283,1311,1342,1344,1363,1409,1433,1699,1822,1878,1938,1978,2039,2154,2173,2520,2696,2876,3276,3622,3820,4305,4337,	
ECA 43 511 43 285,625,1105,1361,1571,1974,2231,2245,2270,2305,2318,2347,2368,2407,2427,2480,2518,2616,2670,2695,2765,2875,3021,3229,3259,3317,3355,3363,3449,3463,3511,3580,3641,3685,3740,3925,4456,4496,4530,4545,4548,4758,5245,	
inhibidores 38 511 38 282,622,1102,1358,1568,1640,1971,2003,2195,2228,2267,2302,2315,2344,2365,2404,2477,2613,2667,2692,2762,2872,3018,3226,3256,3314,3352,3360,3446,3460,3508,3577,3638,3682,3737,3922,4755,5242,	
después 12 511 12 278,681,1021,1253,1278,1562,2507,2681,4254,4432,4607,4621,	
sintomática 7 511 7 277,326,784,795,877,915,1076,	
hipotensión 18 511 18 276,325,794,804,876,914,965,1073,1325,1561,1688,2723,2741,3123,3654,3778,4268,4336,	
observado 5 511 5 275,757,875,2770,3914,	
asociada 2 511 2 272,872,	
renal 46 511 46 271,391,528,652,685,871,906,1145,1190,1396,1416,1421,1492,1505,1580,1587,1603,1615,1625,1677,1693,1734,1751,1788,1830,1853,2485,2557,2787,3382,3395,3403,3502,3660,3719,3768,4086,4087,4141,4276,5007,5013,5216,5283,5376,5379,	
hipertensos 7 511 7 262,787,798,1502,1744,1747,4572,	
En 32 511 32 260,286,304,435,511,785,796,862,1028,1098,1153,1417,1555,1616,1694,1975,1999,2036,2147,2333,2361,2481,2709,2757,3707,3837,4335,4629,4932,4988,5026,5265,	
diarias 2 511 2 254,5358,	
satisfactoriamente 1 511 1 251,	
responde 1 511 1 250,	
paciente 7 511 7 248,811,969,1443,1466,2054,2172,	
ajuste 1 511 1 926,	
combinado 1 511 1 245,	
indica 1 511 1 5165,	
recomienda 7 511 7 242,559,2594,2842,2909,3262,3762,	
Se 9 511 9 241,721,755,1581,1950,2464,2658,3205,4193,	
diaria 4 511 4 236,411,424,504,	
diarios 1 511 1 232,	
mantenimiento 3 511 3 224,1310,2166,	
normal 3 511 3 222,1038,2486,	
fumarato 1 511 1 5405,	
necesario 3 511 3 219,976,4333,	
máxima 6 511 6 235,423,503,4581,5063,5071,	
fuera 1 511 1 218,	
semanas 3 511 3 216,1738,3494,	
­ 13 511 13 214,229,401,763,840,1910,2649,3693,3710,4054,4635,4648,5083,	
intervalos 1 511 1 211,	
gradual 1 511 1 209,	
incrementarse 1 511 1 206,	
La 23 511 23 203,220,233,501,532,579,1469,2188,2500,2687,3340,3411,3504,4299,4547,4566,5068,5086,5095,5155,5176,5289,5349,	
día 3 511 3 202,5107,5191,	
vez 9 511 9 200,791,1015,1107,2104,3391,4542,5105,5189,	
congestiva 3 511 3 191,266,526,	
severidad 1 511 1 4298,	
cardiaca 9 511 9 190,265,525,866,891,938,1033,1554,1559,	
insuficiencia 36 511 36 189,264,270,390,433,438,481,524,527,530,865,870,890,905,1032,1144,1189,1420,1456,1558,1586,1676,1692,2079,2437,2556,2786,2956,3394,3501,3659,4084,4140,4275,5006,5012,	
diuréticos 12 511 12 186,312,376,522,823,899,1719,2796,3033,3101,3108,3234,	
tratamiento 55 511 55 184,244,280,290,331,484,800,821,922,1070,1089,1204,1235,1255,1339,1403,1468,1499,1549,1566,1610,1668,1698,1717,1740,1801,1812,1858,1883,2035,2043,2049,2093,2151,2226,2265,2300,2421,2512,2540,2562,2583,2686,2793,2870,3105,3128,3164,3496,3619,3850,3869,3917,4278,5205,	
reciben 3 511 3 183,2240,2314,	
pacientes 86 511 86 180,261,288,305,373,393,436,479,512,566,609,628,646,665,680,786,797,835,863,884,909,935,1030,1099,1142,1154,1202,1239,1260,1368,1408,1418,1482,1501,1556,1618,1674,1696,1746,1785,1825,1889,1929,1942,1957,1977,2000,2082,2121,2205,2211,2217,2263,2312,2336,2401,2435,2474,2482,2527,2571,2592,2627,2633,2710,2759,2777,2815,2883,2946,2949,3399,3407,3499,4138,4144,4571,4668,4689,4826,4857,4928,4938,4984,4994,5032,	
recomendada 1 511 1 178,	
inicial 4 511 4 177,379,412,1430,	
desensibilización 3 511 3 714,771,2323,	
dosis 38 511 38 176,204,221,234,253,294,309,340,378,410,422,491,502,533,897,928,1006,1084,1282,1308,1429,1542,1706,1713,1796,2459,3111,3166,3888,3893,4627,4727,4737,5122,5162,5194,5280,5357,	
Adultos 1 511 1 174,	
Posología 2 511 2 169,431,	
esencial 1 511 1 166,	
observan 1 511 1 3713,	
Hipertensión 1 511 1 165,	
terapéuticas 1 511 1 164,	
Indicaciones 1 511 1 163,	
	" 2 511 2 160,4410,	
vértigo 1 511 1 4007,	
CLÍNICOS 1 511 1 159,	
DATOS 2 511 2 158,5386,	
11 1 511 1 151,	
vías 3 511 3 2135,2145,2169,	
rosas 1 511 1 122,	
planos 3 511 3 107,126,147,	
amarillos 1 511 1 103,	
mm 4 511 4 96,116,135,156,	
4 41 511 41 94,133,134,157,161,167,640,710,711,717,718,844,858,1446,1914,1945,2248,2851,2893,2918,2982,3090,3091,3133,3134,3286,3287,3328,3329,3612,3826,3904,4170,4184,4185,4260,4400,4974,5084,5202,5474,	
efecto 18 511 18 369,586,1056,3024,3142,3182,3348,3366,3442,3476,3524,3537,4489,4539,4585,4600,4815,5311,	
administración 21 511 21 173,348,993,1052,1925,2161,2356,2832,3066,3223,3341,3457,3505,4114,4290,4340,4567,4624,5049,5102,5350,	
x 4 511 4 93,113,132,153,	
0 5 511 5 92,95,112,115,152,	
8 8 511 8 91,130,131,641,859,3905,4948,5572,	
dimensiones 4 511 4 90,110,129,150,	
capsular 4 511 4 88,106,125,146,	
forma 7 511 7 87,105,124,145,171,208,1450,	
blanquecinos 2 511 2 85,143,	
blancos 3 511 3 83,141,1175,	
Comprimidos 1 511 1 76,	
FARMACÉUTICA 1 511 1 74,	
FORMA 1 511 1 73,	
3 12 511 12 72,215,356,1915,1946,2249,3613,4401,4918,4958,5236,5442,	
6 9 511 9 70,5385,5389,5436,5441,5473,5498,5541,5542,	
sección 4 511 4 69,857,3611,4399,	
ver 3 511 3 68,3610,4398,	
excipientes 3 511 3 67,618,5393,	
Para 2 511 2 66,392,	
ramipril 70 511 70 65,198,259,333,381,419,430,443,474,486,570,613,802,1054,1091,1237,1341,1362,1432,1528,1544,1742,1774,1806,1820,1860,1885,1927,2011,2045,2450,2589,2617,2724,2767,2915,2941,2998,3130,3169,3185,3266,3416,3540,3621,3671,3727,3751,3789,3822,3852,3919,4259,4302,4387,4569,4649,4732,4761,4898,4963,4999,5037,5051,5109,5117,5131,5197,5268,5352,	
o 72 511 72 61,84,142,268,343,358,529,599,619,635,656,672,674,690,695,734,745,774,832,834,868,904,939,958,1039,1085,1268,1270,1294,1305,1316,1389,1626,1870,1990,2117,2128,2411,2545,2547,2715,2790,2804,2812,2889,2969,2975,3007,3013,3041,3047,3100,3156,3161,3194,3409,3558,3644,3658,3705,3756,3889,3898,4024,4204,4378,4388,4393,4593,5022,5262,5347,	
5mg 5 511 5 60,5424,5434,5457,5463,	
contiene 1 511 1 53,	
comprimido 1 511 1 52,	
Cada 1 511 1 51,	
lengua 3 511 3 2023,2077,2126,	
CUANTITATIVA 1 511 1 49,	
Y 1 511 1 48,	
CUALITATIVA 1 511 1 47,	
COMPOSICIÓN 1 511 1 46,	
10 7 511 7 42,62,111,138,239,4729,5522,	
2 18 511 18 31,45,57,99,168,194,213,227,354,507,1319,1447,5044,5082,5127,5417,5437,5456,	
mg 28 511 28 27,33,38,43,56,59,63,81,101,120,139,196,231,240,257,298,386,417,428,495,509,1315,1321,4730,5115,5129,5419,5450,	
25 9 511 9 26,55,80,297,385,416,494,5125,5449,	
ratiopharm 16 511 16 24,30,36,41,78,98,118,137,5416,5423,5433,5447,5455,5462,5468,5561,	
3-6 1 511 1 4605,	
Ramipril 27 511 27 23,29,35,40,77,97,117,136,547,603,1936,2519,3520,3545,3597,3793,4427,4462,5206,5305,5415,5422,5432,5446,5454,5461,5467,	
	 6 511 6 22,50,75,5388,5560,5579,	
MEDICAMENTO 2 511 2 21,4409,	
DEL 2 511 2 20,5590,	
to 1 511 1 4853,	
interrumpirse 2 511 2 1729,2040,	
NOMBRE 1 511 1 19,	
1 16 511 16 18,25,54,71,79,162,296,384,415,493,1336,4424,5066,5124,5390,5448,	
pre-existente 1 511 1 2558,	
absorción 3 511 3 592,2972,4435,	
TÉCNICA 1 511 1 17,	
FICHA 1 511 1 16,	
ocasiones 2 511 2 2273,2363,	
información 1 511 1 13,	
Toda 1 511 1 11,	
cardiovascular 4 511 4 4663,4674,4770,4871,	
medicamento 6 511 6 10,15,2358,2981,4612,5304,	
Basica 1 511 1 8,	
	Información 1 511 1 7,	
comprimidos 17 511 17 6,28,34,39,44,82,102,121,140,568,595,5420,5451,5458,5464,5470,5532,	
28 2 511 2 5,5525,	
proteinuria 1 511 1 1843,	
COMPRIMIDOS 1 511 1 4,	
MG 1 511 1 3,	
5 35 511 35 2,32,37,58,100,114,119,154,155,195,228,230,256,427,508,845,1314,1320,2852,2894,2919,2983,4171,4404,4423,4900,4930,4965,4975,4986,5043,5128,5235,5418,5499,	
RATIOPHARM 1 511 1 1,	
RAMIPRIL 1 511 1 0,	
