	Prospectos 1 446 1 4386,	
TEXTO 1 446 1 4385,	
REVISIÓN 1 446 1 4383,	
2007 1 446 1 4378,	
Noviembre 1 446 1 4376,	
PRIMERA 1 446 1 4370,	
FECHA 2 446 2 4367,4380,	
	9 1 446 1 4366,	
NÚMERO 1 446 1 4361,	
gr 1 446 1 4359,	
info@specifar 1 446 1 4358,	
electrónico 1 446 1 4357,	
Correo 1 446 1 4356,	
5401600 1 446 1 4355,	
Fax 1 446 1 4352,	
210 2 446 2 4350,4354,	
+30 2 446 2 4349,4353,	
Tel 1 446 1 4348,	
12351 1 446 1 4345,	
Varvara 1 446 1 4344,	
Ag 1 446 1 4343,	
str 1 446 1 4342,	
Octovriou 1 446 1 4341,	
S 1 446 1 4337,	
	Specifar 1 446 1 4336,	
COMERCIALIZACIÓN 2 446 2 4335,4365,	
AUTORIZACIÓN 3 446 3 4333,4363,4374,	
LA 4 446 4 4332,4369,4373,4382,	
TITULAR 1 446 1 4330,	
PVC/PE/PVDC/Aluminio 1 446 1 4312,	
blister 1 446 1 4311,	
envase 2 446 2 4304,4310,	
contenido 1 446 1 4302,	
Naturaleza 1 446 1 4300,	
30ºC 1 446 1 4297,	
superior 1 446 1 4295,	
temperatura 1 446 1 4294,	
conservación 1 446 1 4290,	
Precauciones 2 446 2 4287,4323,	
validez 1 446 1 4282,	
aplicable 1 446 1 4277,	
magnésico 1 446 1 4272,	
Estearato 1 446 1 4271,	
microcristalina 1 446 1 4270,	
Celulosa 1 446 1 4269,	
K 1 446 1 4267,	
Poloxámero188 1 446 1 4265,	
Crospovidona 1 446 1 4262,	
monohidrato 1 446 1 4261,	
Lactosa 1 446 1 4260,	
	6 1 446 1 4255,	
FARMACÉUTICOS 1 446 1 4254,	
muestran 1 446 1 4245,	
potencial 1 446 1 4243,	
convencionales 1 446 1 4238,	
Datos 1 446 1 4228,	
modificado 1 446 1 4216,	
urinaria 1 446 1 4212,	
heces 1 446 1 4209,	
48% 1 446 1 4206,	
excretada 1 446 1 4200,	
38% 1 446 1 4195,	
semana 1 446 1 4189,	
Excreción 1 446 1 4187,	
l/kg 1 446 1 4186,	
39 1 446 1 4184,	
97 1 446 1 4169,	
98 1 446 1 4165,	
unión 1 446 1 4157,	
albúmina 1 446 1 4155,	
ligados 1 446 1 4153,	
Distribución 1 446 1 4144,	
30 2 446 2 4132,4268,	
proporcionales 1 446 1 4125,	
alcanzan 1 446 1 4108,	
rápidos) 1 446 1 4106,	
(metabolizadores 1 446 1 4105,	
hidroximetabolitos 1 446 1 4072,	
RSSS 1 446 1 4045,	
largas 1 446 1 4035,	
eliminación 3 446 3 4012,4069,4326,	
semividas 2 446 2 4010,4067,	
2) 1 446 1 4004,	
Además 1 446 1 3980,	
requerir 1 446 1 3977,	
requerimientos 1 446 1 3970,	
variación 1 446 1 3949,	
causa 1 446 1 3946,	
plasmáticas 3 446 3 3936,4123,4160,	
concentraciones 2 446 2 3935,4122,	
diferencia 2 446 2 3930,4059,	
extensivos 1 446 1 3921,	
veces 4 446 4 3911,3944,4033,4086,	
23 1 446 1 3910,	
inalterado 2 446 2 3907,3926,	
plasmática 1 446 1 3904,	
concentración 1 446 1 3903,	
máximo 2 446 2 3901,3933,	
lentos 6 446 6 3888,3916,3975,4027,4057,4091,	
virtualmente 1 446 1 3884,	
rápidos 4 446 4 3881,4008,4039,4065,	
metabolizadores 11 446 11 3880,3887,3915,3920,3974,4007,4026,4038,4056,4064,4090,	
depende 1 446 1 3866,	
oxidativo 1 446 1 3863,	
glucurónidos 1 446 1 3848,	
forman 1 446 1 3847,	
además 1 446 1 3845,	
glucuronidación; 1 446 1 3844,	
N-desalquilación 1 446 1 3842,	
aromática 2 446 2 3841,3858,	
alicíclica 1 446 1 3839,	
hidroxilación 2 446 2 3838,3857,	
hidroxi-metabolitos 3 446 3 3832,3851,4120,	
parte 1 446 1 3830,	
ampliamente 1 446 1 3828,	
metaboliza 2 446 2 3827,3836,	
Metabolismo 1 446 1 3824,	
comida; 1 446 1 3815,	
oral 2 446 2 3805,3871,	
absorbidos 1 446 1 3800,	
rápidamente 1 446 1 3799,	
Absorción 1 446 1 3793,	
mediado 1 446 1 3787,	
vasodilatador 1 446 1 3786,	
También 1 446 1 3783,	
(l-enantiómero) 1 446 1 3782,	
ISA 1 446 1 3776,	
propiedades 1 446 1 3775,	
significativo 1 446 1 3753,	
sanos 1 446 1 3748,	
voluntarios 1 446 1 3747,	
membrana 2 446 2 3745,3781,	
estabilizadora 1 446 1 3743,	
demuestran 1 446 1 3734,	
intrínseca 1 446 1 3725,	
simpaticomimética 1 446 1 3724,	
vivo 2 446 2 3714,3731,	
vitro 2 446 2 3711,3728,	
in 4 446 4 3710,3713,3727,3730,	
38%) 1 446 1 3708,	
relativa 1 446 1 3706,	
vs 1 446 1 3702,	
(4 1 446 1 3699,	
3%) 1 446 1 3684,	
estadística 1 446 1 3677,	
significación 1 446 1 3676,	
origen 1 446 1 3673,	
mortalidad 1 446 1 3670,	
beneficio 1 446 1 3667,	
población 1 446 1 3663,	
izquierdo 1 446 1 3660,	
ventrículo 1 446 1 3659,	
sexo 1 446 1 3652,	
independiente 1 446 1 3647,	
mostró 2 446 2 3646,3675,	
meses) 1 446 1 3640,	
mantuvo 1 446 1 3630,	
manifiesto 1 446 1 3622,	
puso 1 446 1 3620,	
Esta 1 446 1 3615,	
absoluta 2 446 2 3611,3682,	
% 2 446 2 3609,3701,	
14 1 446 1 3608,	
relativo 1 446 1 3606,	
) 1 446 1 3600,	
principal 1 446 1 3597,	
(objetivo 1 446 1 3596,	
causas 1 446 1 3594,	
significativa 1 446 1 3583,	
añadido 1 446 1 3573,	
meses 3 446 3 3566,3625,4284,	
20 2 446 2 3565,4283,	
seguidos 1 446 1 3558,	
pacientes) 1 446 1 3557,	
19% 1 446 1 3554,	
25% 1 446 1 3543,	
45% 2 446 2 3540,3551,	
35 1 446 1 3538,	
56% 1 446 1 3532,	
35% 1 446 1 3529,	
menor 1 446 1 3527,	
distribución 2 446 2 3525,4178,	
36 1 446 1 3518,	
(media 1 446 1 3516,	
izquierda 1 446 1 3515,	
eyección 2 446 2 3513,3657,	
años) 1 446 1 3498,	
edad 3 446 3 3494,3650,4143,	
(mediana 2 446 2 3492,3636,	
incluyó 1 446 1 3485,	
morbi-mortalidad 1 446 1 3480,	
endotelial 1 446 1 3474,	
Ambos 1 446 1 3794,	
disfunción 1 446 1 3473,	
disminuida 1 446 1 3469,	
(NO) 1 446 1 3465,	
óxido 2 446 2 3463,3789,	
(ACh) 1 446 1 3460,	
acetilcolina 1 446 1 3459,	
respuesta 1 446 1 3456,	
FEVI 4 446 4 3517,3526,3536,3548,	
establecida 1 446 1 3449,	
comparación 1 446 1 3438,	
hemodinámicas 1 446 1 3436,	
relevancia 1 446 1 3431,	
verse 1 446 1 3421,	
pesar 1 446 1 3400,	
disminuye 1 446 1 3398,	
sistémica 1 446 1 3397,	
resistencia 2 446 2 3395,3762,	
alfa-adrenérgico 1 446 1 3382,	
antagonismo 1 446 1 3381,	
carece 1 446 1 3379,	
A 5 446 5 3375,3399,3945,4264,4338,	
crónico 2 446 2 3374,3388,	
hipertensos 3 446 3 3365,3393,3452,	
normotensos 1 446 1 3361,	
individuos 2 446 2 3360,4104,	
cardioselectivo 1 446 1 3772,	
ejercicio 3 446 3 3357,3419,3759,	
ritmo 1 446 1 3346,	
repetidas 1 446 1 3341,	
únicas 1 446 1 3339,	
Dosis 1 446 1 3338,	
nítrico 3 446 3 3337,3464,3790,	
arginina/óxido 1 446 1 3336,	
L- 1 446 1 3335,	
vía 2 446 2 3333,3837,	
vasodilatadora 1 446 1 3326,	
ligera 1 446 1 3324,	
Tiene 1 446 1 3322,	
(d-enantiómero) 2 446 2 3319,3791,	
SRRR 2 446 2 3318,4053,	
enantiómero 3 446 3 3317,4044,4052,	
atribuye 1 446 1 3315,	
receptores 2 446 2 3310,3444,	
competitivo 1 446 1 3305,	
farmacológicas 2 446 2 3300,3738,	
combina 1 446 1 3297,	
l-nebivolol) 1 446 1 3292,	
fracción 2 446 2 3511,3655,	
RSSS- 2 446 2 3289,4173,	
d-nebivolol) 1 446 1 3287,	
(o 2 446 2 3286,3291,	
SRRR-nebivolol 2 446 2 3285,4162,	
enantiómeros 5 446 5 3284,3795,4015,4075,4148,	
racemato 1 446 1 3281,	
C07AB12 1 446 1 3277,	
ATC 1 446 1 3276,	
Código 1 446 1 3275,	
selectivo 2 446 2 3274,3307,	
Agente 1 446 1 3272,	
promedio 1 446 1 3875,	
farmacoterapéutico 1 446 1 3271,	
	5 1 446 1 3266,	
ESTE 1 446 1 3264,	
FARMACOLÓGICAS 1 446 1 3262,	
PROPIEDADES 1 446 1 3261,	
" 1 446 1 3259,	
marcapasos 1 446 1 3258,	
volumen 2 446 2 3428,4176,	
implantarse 1 446 1 3256,	
resistente 1 446 1 3252,	
extremos 1 446 1 3249,	
µg/kg/h 1 446 1 3246,	
necesario- 1 446 1 3237,	
-si 1 446 1 3235,	
continuar 1 446 1 3234,	
pasada 1 446 1 3230,	
repetirse 1 446 1 3229,	
inyección 1 446 1 3227,	
glucagón 2 446 2 3222,3244,	
µg/kg 1 446 1 3220,	
considerarse 1 446 1 3212,	
deseado 1 446 1 3210,	
produce 1 446 1 3207,	
dopamina 1 446 1 3203,	
combinarse 1 446 1 3200,	
refractarios 1 446 1 3198,	
requerido 1 446 1 3195,	
haya 1 446 1 3191,	
dobutamina 1 446 1 3179,	
µg/min 2 446 2 3177,3187,	
empezando 2 446 2 3170,3180,	
hidrocloruro 1 446 1 3167,	
lenta 1 446 1 3165,	
catecolaminas 1 446 1 3154,	
plasma/sustitutos 1 446 1 3146,	
metilatropina 1 446 1 3137,	
importantes 1 446 1 3129,	
artificial 1 446 1 3123,	
respiración 1 446 1 3122,	
requerirse 1 446 1 3121,	
Puede 1 446 1 3120,	
laxante 1 446 1 3119,	
activado 1 446 1 3116,	
carbón 1 446 1 3115,	
gástrico 1 446 1 3112,	
lavado 1 446 1 3111,	
gastrointestinal 1 446 1 3107,	
presente 1 446 1 3103,	
todavía 1 446 1 3102,	
residuo 1 446 1 3099,	
sangre 1 446 1 3092,	
intensivos 1 446 1 3086,	
estricta 1 446 1 3076,	
mantenerse 1 446 1 3074,	
hipersensibilidad 1 446 1 3070,	
Síntomas 1 446 1 3045,	
sobredosificación 3 446 3 3042,3049,3065,	
acerca 1 446 1 3039,	
disponibles 1 446 1 3038,	
hay 1 446 1 3036,	
descrito 1 446 1 3010,	
inferiores 2 446 2 3008,3979,	
9% 2 446 2 2995,4170,	
4% 1 446 1 2984,	
observó 2 446 2 2980,3692,	
0 4 446 4 2964,2994,3024,4221,	
Sobredosis 1 446 1 3034,	
6% 2 446 2 2954,3704,	
0% 2 446 2 2938,3014,	
1% 2 446 2 2927,4166,	
descrita 1 446 1 2923,	
postural 1 446 1 2921,	
comparado 5 446 5 2907,2934,2961,2991,3021,	
genético 1 446 1 3864,	
8% 2 446 2 2900,2965,	
ocurrió 2 446 2 2896,2950,	
relevantes 1 446 1 2879,	
estabilizadoras 1 446 1 3778,	
específicamente 1 446 1 2878,	
medicamento) 1 446 1 2876,	
(como 1 446 1 2870,	
incidencias 1 446 1 2866,	
7% 1 446 1 2860,	
Incompatibilidades 1 446 1 4275,	
2% 3 446 3 2857,2911,3025,	
grupo 1 446 1 2852,	
11% 1 446 1 2843,	
observadas 1 446 1 2839,	
cuidados 1 446 1 3085,	
mareo 1 446 1 2837,	
5%) 1 446 1 2826,	
334 1 446 1 2820,	
1%) 1 446 1 2817,	
(42 1 446 1 2816,	
449 1 446 1 2811,	
medicación 2 446 2 2809,3576,	
relacionadas 2 446 2 2806,2873,	
posiblemente 2 446 2 2805,2872,	
mínimo 2 446 2 2804,2871,	
consideradas 2 446 2 2802,2877,	
registraron 2 446 2 2797,2863,	
1061 1 446 1 2788,	
1067 1 446 1 2780,	
incluyeron 1 446 1 2779,	
placebo 11 446 11 2774,2792,2824,2853,2917,2944,2971,3001,3031,3483,3680,	
ensayo 1 446 1 2770,	
obtenido 2 446 2 2767,3192,	
disminución 1 446 1 2749,	
producir 1 446 1 2748,	
vascular 2 446 2 3396,3457,	
practolol 1 446 1 2744,	
óculo-mucocutánea 1 446 1 2741,	
toxicidad 1 446 1 2740,	
fenómeno 1 446 1 2733,	
frías/cianóticas 1 446 1 2732,	
extremidades 2 446 2 2731,3007,	
confusión 1 446 1 2730,	
psicosis 1 446 1 2729,	
alucinaciones 1 446 1 2728,	
cansancio 1 446 1 2707,	
generales 1 446 1 2705,	
mama 1 446 1 2703,	
reproductor 1 446 1 2699,	
impotencia 1 446 1 2698,	
aparato 1 446 1 2697,	
isoprenalina 2 446 2 3169,3201,	
subcutáneo 1 446 1 2691,	
tejido 1 446 1 2690,	
angioneurótico 1 446 1 2688,	
eritematoso 1 446 1 2686,	
rash 1 446 1 2685,	
prurito 1 446 1 2684,	
piel 1 446 1 2682,	
vómitos 1 446 1 2678,	
diarrea 1 446 1 2677,	
gastrointestinales 1 446 1 2675,	
2128 1 446 1 3487,	
flatulencia 1 446 1 2674,	
lipofílico 1 446 1 3773,	
dispepsia 1 446 1 2673,	
mediastínicos 1 446 1 2670,	
respiratorios 1 446 1 2667,	
Povidona 1 446 1 4266,	
broncoespasmo 2 446 2 2666,3055,	
disnea 1 446 1 2665,	
vasculares 1 446 1 2661,	
cardiacos 1 446 1 2657,	
visión 1 446 1 2654,	
oculares 1 446 1 2653,	
parestesia 1 446 1 2651,	
nervioso 1 446 1 2650,	
debida 1 446 1 3950,	
cefalea 1 446 1 2648,	
Grecia 1 446 1 4347,	
sistema 1 446 1 2647,	
pesadillas 1 446 1 2642,	
Trastornos 10 446 10 2641,2645,2652,2656,2660,2664,2671,2679,2695,2704,	
1/10 1 446 1 2639,	
000 1 446 1 2635,	
1/1 1 446 1 2634,	
actividad 1 446 1 3723,	
1/10) 1 446 1 2632,	
1/100 1 446 1 2629,	
SISTEMA 1 446 1 2627,	
raras 1 446 1 2626,	
Muy 1 446 1 2625,	
frecuentes 2 446 2 2624,2831,	
Poco 1 446 1 2623,	
Frecuentes 1 446 1 2622,	
ORGANO 1 446 1 2620,	
sistemas 1 446 1 2615,	
órganos 1 446 1 2613,	
clasificadas 1 446 1 2611,	
continuación 1 446 1 2610,	
tabulan 1 446 1 2608,	
notificadas 1 446 1 2606,	
naturaleza 1 446 1 2598,	
diferencias 2 446 2 2595,3435,	
separadamente 1 446 1 2583,	
mencionadas 1 446 1 2582,	
Reacciones 1 446 1 2576,	
aparezcan 1 446 1 2562,	
Es 3 446 3 2558,3293,3302,	
(aumento 1 446 1 2663,	
alerta 1 446 1 2557,	
evitarse 2 446 2 2548,3109,	
aparecen 1 446 1 2546,	
Cuando 2 446 2 2544,3922,	
desmayos 1 446 1 2543,	
mareos 1 446 1 2541,	
actividades 2 446 2 2554,3299,	
principalmente 1 446 1 2532,	
8) 1 446 1 2528,	
Algunos 1 446 1 2519,	
psicomotora 1 446 1 2518,	
farmacodinámicos 1 446 1 2509,	
maquinaria 1 446 1 2506,	
realizado 2 446 2 2492,3478,	
máquinas 1 446 1 2488,	
utilizar 1 446 1 2487,	
conducir 3 446 3 2485,2501,2550,	
Efectos 1 446 1 2480,	
7 3 446 3 2479,4314,4329,	
variable 1 446 1 2464,	
pasan 1 446 1 2457,	
activos 2 446 2 2456,3833,	
metabolitos 2 446 2 2455,3928,	
lipofílicos 1 446 1 2450,	
compuestos 1 446 1 2449,	
mayoría 2 446 2 2444,4101,	
humana 1 446 1 2442,	
lecha 1 446 1 2441,	
desconoce 1 446 1 2432,	
leche 2 446 2 2429,2460,	
excreta 2 446 2 2426,2438,	
demostrado 3 446 3 2422,2511,3718,	
obtenidos 1 446 1 4235,	
animales 3 446 3 2420,3716,3733,	
Estudios 3 446 3 2418,3709,3726,	
esperables 1 446 1 2408,	
aumentos 1 446 1 2571,	
días 2 446 2 2406,4117,	
primeros 1 446 1 2405,	
monitorizado 1 446 1 2401,	
estrictamente 1 446 1 2400,	
alternativo 1 446 1 2394,	
considerar 1 446 1 2388,	
sanguíneo 1 446 1 2367,	
flujo 1 446 1 2366,	
sea 1 446 1 2351,	
beta1-selectivo 1 446 1 2340,	
bloqueante 3 446 3 2338,3158,3771,	
administrar 2 446 2 2336,3819,	
adrenoceptores 1 446 1 2331,	
feto 3 446 3 2317,2373,2385,	
bradicardia) 1 446 1 2314,	
ejemplo 1 446 1 2311,	
(por 1 446 1 2310,	
Pueden 1 446 1 2306,	
prematuro 1 446 1 2305,	
parto 1 446 1 2304,	
aborto 1 446 1 2302,	
intrauterina 1 446 1 2301,	
muerte 3 446 3 2300,3589,3697,	
retraso 1 446 1 2296,	
placentaria 1 446 1 2289,	
perfusión 2 446 2 2288,3240,	
reducen 2 446 2 2286,3344,	
nacido 3 446 3 2280,2322,2397,	
feto/recién 1 446 1 2279,	
torácicos 1 446 1 2668,	
perjudiciales 2 446 2 2272,2378,	
embarazo 4 446 4 2263,2275,2347,2381,	
sequedad 1 446 1 2736,	
Uso 2 446 2 2260,2414,	
lactancia 3 446 3 2259,2417,2472,	
Embarazo 1 446 1 2257,	
warfarina 1 446 1 2254,	
furosemida 1 446 1 2233,	
alcohol 1 446 1 2232,	
plasma 3 446 3 2219,3148,4146,	
ligeramente 2 446 2 2215,4047,	
incrementaron 1 446 1 2214,	
AUTORIZACIÓN/RENOVACIÓN 1 446 1 4371,	
nicardipina 1 446 1 2212,	
Combinando 1 446 1 2209,	
co-prescribirse 1 446 1 2208,	
tratamientos 1 446 1 2206,	
antiácidos 1 446 1 2202,	
farmacocinética 4 446 4 2184,2239,2248,4135,	
afectó 2 446 2 2182,2237,	
ranitidina 1 446 1 2180,	
uteroplacentario 1 446 1 2368,	
modificar 2 446 2 2172,2224,	
incrementó 1 446 1 2165,	
cimetidina 1 446 1 2164,	
adversas 9 446 9 2159,2577,2580,2605,2718,2760,2799,2829,2869,	
asocia 1 446 1 2149,	
plasmáticos 4 446 4 2143,2168,4042,4094,	
lugar 2 446 2 2136,2712,	
dar 1 446 1 2135,	
cloroquina 1 446 1 2131,	
5% 1 446 1 4222,	
bupropión 1 446 1 2130,	
terbinafina 1 446 1 2129,	
tioridazina 1 446 1 2127,	
fluoxetina 1 446 1 2126,	
paroxetina 1 446 1 2125,	
especialmente 1 446 1 2124,	
enzima 1 446 1 2123,	
inhiben 1 446 1 2121,	
sustancias 1 446 1 2119,	
conjunta 3 446 3 2117,2162,2178,	
metabolismo 3 446 3 2112,3853,3952,	
implicada 1 446 1 2109,	
CYP2D6 2 446 2 2107,3868,	
isoenzima 1 446 1 2106,	
Dado 2 446 2 2103,2187,	
ambas 1 446 1 2838,	
farmacocinéticas 2 446 2 2102,3766,	
cardiaco) 1 446 1 2100,	
(riesgo 1 446 1 2093,	
alfa-adrenérgica 1 446 1 2080,	
materna 2 446 2 2430,2461,	
oponerse 1 446 1 2076,	
contrarrestar 1 446 1 2064,	
simpaticomiméticos 2 446 2 2059,2084,	
1/100) 1 446 1 2637,	
Agentes 1 446 1 2058,	
100 2 446 2 2049,3219,	
ó 1 446 1 2048,	
levomepromazina 1 446 1 2133,	
(50 1 446 1 2047,	
acetilsalicílico 1 446 1 2046,	
diarias 1 446 1 2043,	
prolongó 1 446 1 3580,	
antitrombóticas 1 446 1 2042,	
pequeñas 1 446 1 2040,	
segura 1 446 1 2039,	
tratarse 2 446 2 3131,3144,	
señalar 1 446 1 2033,	
Cabe 1 446 1 2032,	
reductor 1 446 1 2025,	
afectan 1 446 1 2022,	
(AINES) 1 446 1 2020,	
esteroideos 1 446 1 2019,	
aditivo) 1 446 1 2015,	
hipotensor 1 446 1 2010,	
igual 1 446 1 1996,	
orgánicos) 1 446 1 1994,	
nitratos 1 446 1 1993,	
fenotiazinas 1 446 1 1992,	
barbitúricos 1 446 1 1990,	
(tricíclicos 1 446 1 1989,	
humanos 1 446 1 4251,	
antidepresivos 1 446 1 1988,	
Antipsicóticos 1 446 1 1987,	
orina 1 446 1 4203,	
subsiguiente 1 446 1 1976,	
superiores 1 446 1 4048,	
mantiene 1 446 1 3370,	
deterioro 2 446 2 1975,3508,	
antiinflamatorios 1 446 1 2017,	
excluirse 1 446 1 1969,	
nicardipino 1 446 1 1954,	
nifedipino 1 446 1 1953,	
lacidipino 1 446 1 1952,	
Grupo 1 446 1 3270,	
felodipino 1 446 1 1951,	
farmacodinamia 1 446 1 2251,	
(amlodipino 1 446 1 1950,	
dihidropiridinas 1 446 1 1949,	
cinética 1 446 1 1938,	
modifica 1 446 1 1936,	
clínica 2 446 2 1931,3432,	
± 1 446 1 3519,	
evidencia 1 446 1 1930,	
supeditado 1 446 1 3860,	
mostrado 1 446 1 1928,	
clínicos 1 446 1 1923,	
estudios 4 446 4 1922,2493,2508,4237,	
beta1 1 446 1 3445,	
atrio- 1 446 1 1919,	
digitálicos 1 446 1 1909,	
Glucósidos 1 446 1 1908,	
cuenta 1 446 1 1907,	
QTc 1 446 1 1902,	
intervalo 1 446 1 1901,	
prolongación 1 446 1 1899,	
contribuir 1 446 1 1896,	
-adrenérgicos 1 446 1 1894,	
coadministración 1 446 1 1890,	
antimalárico) 1 446 1 1886,	
(medicamento 1 446 1 1885,	
Mefloquina 1 446 1 1884,	
ajustarse 3 446 3 1882,3964,3982,	
experimentar 1 446 1 2522,	
tensión 2 446 2 1872,2538,	
aumente 1 446 1 1867,	
probable 2 446 2 1865,2560,	
antineoplásico) 1 446 1 1858,	
(adyuvante 1 446 1 1857,	
amifostina 1 446 1 1856,	
antiespástico) 1 446 1 1855,	
(agente 1 446 1 1854,	
carcinogénesis 1 446 1 4242,	
Baclofen 1 446 1 1853,	
taquicardia) 1 446 1 1852,	
orales 1 446 1 1833,	
antidiabéticos 1 446 1 1832,	
fármacos 2 446 2 1831,2222,	
predominantemente 1 446 1 4152,	
Insulina 1 446 1 1829,	
informado 1 446 1 1817,	
anestesista 1 446 1 1814,	
evitar 1 446 1 1806,	
regla 1 446 1 1804,	
Como 1 446 1 1803,	
refleja 1 446 1 1792,	
atenuar 1 446 1 1789,	
beta-adrenégicos 1 446 1 1785,	
halogenados 1 446 1 1779,	
volátiles 1 446 1 1778,	
líquidos 1 446 1 1777,	
atrio-ventricular 1 446 1 1774,	
(Amiodarona) 1 446 1 1764,	
III 1 446 1 1763,	
antiarritmicos 1 446 1 1760,	
Medicamentos 2 446 2 1759,2016,	
usarse 2 446 2 1756,2344,	
rebote"" 1 446 1 1752,	
""hipertensión 1 446 1 1750,	
beta-bloqueante 3 446 3 1744,1812,3273,	
discontinuación 1 446 1 1741,	
previa 1 446 1 1738,	
particularmente 2 446 2 1735,2447,	
vasodilatación) 1 446 1 1727,	
gasto 2 446 2 1725,3411,	
(reducción 3 446 3 1718,3610,3681,	
nivel 1 446 1 1716,	
respectivamente 1 446 1 2861,	
simpático 1 446 1 1714,	
tono 1 446 1 1713,	
empeorar 1 446 1 1705,	
rilmenidina) 1 446 1 1694,	
moxonidina 1 446 1 1692,	
guanfacina 1 446 1 1691,	
causar 1 446 1 2270,	
Antihipertensivos 1 446 1 1686,	
profunda 1 446 1 1676,	
desencadenar 1 446 1 1674,	
tratados 16 446 16 1670,2784,2790,2813,2822,2904,2915,2931,2942,2958,2969,2988,2999,3018,3029,3688,	
contractibilidad 1 446 1 1658,	
negativa 1 446 1 1655,	
adrenérgicos 2 446 2 2092,2727,	
influencia 1 446 1 1654,	
/ 2 446 2 1652,2621,	
Antagonistas 2 446 2 1643,1942,	
4) 4 446 4 1642,1685,1731,1802,	
aumentar 2 446 2 1634,2007,	
atrioventricular 4 446 4 1631,1662,1681,2975,	
potenciarse 2 446 2 1623,1766,	
propafenona) 1 446 1 1621,	
mexiletina 1 446 1 1620,	
lidocaína 1 446 1 1619,	
disopiramida 1 446 1 1618,	
cibenzolina 1 446 1 1616,	
hidroquinidina 1 446 1 1615,	
(quinidina 1 446 1 1614,	
adrenérgico 1 446 1 2339,	
Antiarrítmicos 1 446 1 1610,	
recomendadas 1 446 1 1609,	
ventricular 4 446 4 1606,1920,1980,3514,	
capacidad 3 446 3 2483,2499,3756,	
arritmia 1 446 1 1605,	
concomitante 9 446 9 1595,1697,1782,1844,1861,1912,1959,2005,2062,	
administrase 1 446 1 1592,	
(antipsicótico) 1 446 1 1588,	
Sultoprida 1 446 1 1587,	
inducirse 1 446 1 1584,	
asociadas 1 446 1 1575,	
compensación 1 446 1 1574,	
(AINE) 1 446 1 1565,	
contraindicadas 1 446 1 1563,	
farmacodinámicas 2 446 2 1561,3269,	
Interacciones 2 446 2 1560,2101,	
interacción 3 446 3 1559,1933,3330,	
formas 1 446 1 1557,	
Interacción 1 446 1 1550,	
mayor 6 446 6 1540,1602,2152,3549,3912,4061,	
indicado 1 446 1 1538,	
claramente 2 446 2 1537,2352,	
intensa 1 446 1 2156,	
posología 1 446 1 1514,	
regular 1 446 1 1511,	
monitorización 1 446 1 1510,	
problemas 1 446 1 1485,	
galactosa 2 446 2 1478,1491,	
lagrimación 2 446 2 1467,2752,	
disminuir 1 446 1 1465,	
betabloqueantes 2 446 2 1463,1567,	
anafilácticas 1 446 1 1460,	
gravedad 1 446 1 1456,	
alergenos 1 446 1 1453,	
sensibilidad 1 446 1 1450,	
detallado 1 446 1 1443,	
(efecto 1 446 1 2014,	
estudio 4 446 4 1442,2795,3477,3665,	
psoriasis 1 446 1 1433,	
historia 1 446 1 1431,	
correspondientes 1 446 1 2849,	
teoría 1 446 1 1888,	
Otros 1 446 1 1427,	
broncoconstricción 1 446 1 1426,	
agravar 1 446 1 1424,	
MINISTERIO 5 446 5 1405,2888,3320,3792,4375,	
Respiratorio 1 446 1 1404,	
brusca 2 446 2 1399,1734,	
psiquiátricos 1 446 1 2644,	
supresión 1 446 1 1398,	
Una 3 446 3 1397,1732,4188,	
hipertiroidismo 1 446 1 1396,	
preferible 1 446 1 2335,	
efectos 8 446 8 2087,2266,2271,2308,2377,2496,2523,2564,	
taquicardia 2 446 2 1393,1791,	
palpitaciones) 1 446 1 1384,	
genotoxicidad 1 446 1 4240,	
(taquicardia 1 446 1 1383,	
hipoglucemia 3 446 3 1382,1850,2312,	
enmascarar 3 446 3 1378,1389,1846,	
De 1 446 1 1364,	
diabéticos 2 446 2 1363,1373,	
polimorfismo 1 446 1 3862,	
glucosa 4 446 4 1360,1489,1841,3090,	
niveles 9 446 9 1358,1839,2142,2167,2217,3088,3897,4041,4093,	
afecta 5 446 5 1356,1837,2515,3812,4140,	
3% 1 446 1 3521,	
Metabólico/Endocrino 1 446 1 1353,	
remitirse 3 446 3 1347,1519,1542,	
detalles 1 446 1 1346,	
central 4 446 4 1339,1689,1703,1717,	
acción 6 446 6 1338,1688,1702,2079,3325,3742,	
I 2 446 2 1332,1613,	
Clase 3 446 3 1331,1612,1762,	
verapamilo 3 446 3 1324,1651,1667,	
calcio 3 446 3 1321,1648,1944,	
combinación 1 446 1 1312,	
canales 2 446 2 1319,1646,	
número 1 446 1 1302,	
flecainida 1 446 1 1617,	
incrementar 6 446 6 1300,1448,1746,1794,1914,1961,	
alfa 2 446 2 1295,2089,	
comida 1 446 1 3823,	
comidas 2 446 2 2199,2204,	
receptor 1 446 1 1294,	
mediada 2 446 2 1291,3461,	
vasoconstricción 1 446 1 1288,	
Prinzmetal 1 446 1 1285,	
conducción; 1 446 1 1278,	
bloqueantes 5 446 5 1273,1386,1893,2284,2327,	
negativo 2 446 2 1269,1638,	
primer 2 446 2 1264,2977,	
alteraciones; 1 446 1 1256,	
excreción 1 446 1 4211,	
agravamiento 2 446 2 1253,2692,	
producirse 2 446 2 1251,2307,	
hipoglicemia 1 446 1 2411,	
intermitente) 1 446 1 1247,	
claudicación 1 446 1 1246,	
Raynaud 2 446 2 1245,2735,	
(síndrome 1 446 1 1241,	
· 5 446 5 1232,1257,1279,3301,3321,	
emplearse 1 446 1 1229,	
Lapp 1 446 1 1483,	
sugieren 1 446 1 1217,	
experimenta 1 446 1 1214,	
reposo 3 446 3 1210,3353,3415,	
55 1 446 1 1207,	
50 2 446 2 1205,3217,	
debajo 1 446 1 1203,	
desciende 1 446 1 1201,	
pulso 1 446 1 1200,	
pectoris 1 446 1 1191,	
angina 3 446 3 1190,1283,1310,	
exacerbación 1 446 1 1187,	
prevenir 1 446 1 1185,	
biodisponibilidad 1 446 1 3870,	
recién 2 446 2 2321,2396,	
terapia 1 446 1 1176,	
p 1 446 1 1167,	
discontinuarse 1 446 1 1165,	
coronaria 2 446 2 1158,1290,	
cardiopatía 1 446 1 1157,	
estabilizado 1 446 1 1153,	
esté 3 446 3 1152,1536,1821,	
tratada 1 446 1 1146,	
(ICC) 1 446 1 1144,	
congestiva 1 446 1 1143,	
Cardiovascular 1 446 1 1129,	
atropina 2 446 2 1128,3135,	
intravenosa 4 446 4 1126,1665,3164,3215,	
nimodipino 1 446 1 1955,	
mediante 4 446 4 1124,3110,3161,3856,	
vagales 2 446 2 1123,3128,	
frente 3 446 3 1120,1451,3678,	
protegerse 1 446 1 1119,	
lactasa 1 446 1 1481,	
miocárdica 1 446 1 1115,	
causan 1 446 1 1113,	
anestésicos 2 446 2 1111,1787,	
24 3 446 3 1099,4081,4110,	
beta-adrenérgico 1 446 1 1096,	
antagonista 2 446 2 1095,3304,	
discontinuar 1 446 1 1093,	
deberá 3 446 3 1092,1881,3981,	
cirugía 1 446 1 1090,	
preparación 1 446 1 1087,	
interrumpe 1 446 1 1081,	
intubación 1 446 1 1078,	
inducción 1 446 1 1075,	
arritmias 1 446 1 1072,	
riesgo 10 446 10 1070,1603,1748,1796,1963,1973,2153,3605,3618,4247,	
reduce 1 446 1 1068,	
continuado 1 446 1 1067,	
metildopa 1 446 1 1693,	
ataques 1 446 1 1308,	
general 4 446 4 1062,1131,1805,2282,	
beta-adrenérgicos 13 446 13 1060,1134,1163,1194,1227,1298,1387,1415,1437,1446,2070,2073,2285,	
aplicables 1 446 1 1056,	
advertencias 1 446 1 1052,	
siguientes 3 446 3 1051,2716,2865,	
Las 7 446 7 1050,2578,2603,2715,2827,2847,4121,	
ICC 1 446 1 2764,	
8 3 446 3 1049,2575,4360,	
Ver 1 446 1 1045,	
precauciones 2 446 2 1041,1054,	
Advertencias 1 446 1 1039,	
5) 1 446 1 1036,	
apartado 7 446 7 1034,1640,1683,1729,1800,2526,4002,	
(ver 7 446 7 1033,1639,1682,1728,1799,2525,4001,	
floctafenina 2 446 2 1030,1586,	
Combinaciones 5 446 5 1028,1562,1607,1753,1903,	
tomando 1 446 1 1822,	
periférica 2 446 2 1026,1240,	
sistólico 1 446 1 3429,	
circulación 2 446 2 1025,1239,	
graves 1 446 1 1022,	
Alteraciones 1 446 1 1021,	
mmHg) 1 446 1 1019,	
90 1 446 1 1018,	
depresión 2 446 2 1114,2643,	
< 2 446 2 1017,2631,	
sistólica 2 446 2 1016,1981,	
(presión 1 446 1 1014,	
Hipotensión 1 446 1 1013,	
terapia) 1 446 1 1011,	
comenzar 2 446 2 1009,2566,	
latidos/minuto 2 446 2 1006,1208,	
60 1 446 1 1005,	
inferior 1 446 1 1003,	
(frecuencia 1 446 1 1001,	
Bradicardia 1 446 1 1000,	
presentan 1 446 1 4308,	
metabólica 1 446 1 998,	
Acidosis 1 446 1 997,	
tratado 2 446 2 995,3080,	
Feocromocitoma 1 446 1 993,	
obstructiva 2 446 2 989,1411,	
enfermedad 4 446 4 987,1243,1409,2601,	
grave 2 446 2 985,991,	
bronquial 1 446 1 984,	
Asma 1 446 1 983,	
marcapasos) 1 446 1 981,	
ojos 1 446 1 2738,	
(sin 1 446 1 980,	
grado 4 446 4 979,1265,2463,2978,	
tercer 1 446 1 978,	
segundo 1 446 1 976,	
cardíaco 5 446 5 974,1262,1726,3347,3412,	
Bloqueo 1 446 1 973,	
seno-atrial 1 446 1 971,	
seno 1 446 1 968,	
Enfermedad 1 446 1 966,	
v 2 446 2 964,3242,	
modos 1 446 1 1366,	
i 2 446 2 963,3241,	
inotrópico 2 446 2 962,1637,	
requieran 2 446 2 960,2556,	
descompensación 1 446 1 958,	
episodios 1 446 1 956,	
intensificar 1 446 1 1401,	
activo 2 446 2 935,2436,	
principio 2 446 2 934,2435,	
Hipersensibilidad 1 446 1 932,	
Contraindicaciones 1 446 1 930,	
contraindicado 1 446 1 877,	
recomendado 1 446 1 847,	
µmol/L) 1 446 1 834,	
250 1 446 1 833,	
sérica 1 446 1 832,	
(creatinina 1 446 1 831,	
(31 1 446 1 2825,	
existe 2 446 2 823,1600,	
individualmente 2 446 2 818,896,	
contrarrestarse 1 446 1 3160,	
inducir 1 446 1 1196,	
tolerada 2 446 2 815,893,	
requiere 3 446 3 797,881,1508,	
estreñimiento 1 446 1 2672,	
000) 1 446 1 2640,	
semanalmente 1 446 1 790,	
gradualmente 2 446 2 787,1166,	
conservar 1 446 1 4292,	
Propiedades 2 446 2 3268,3765,	
semanal 1 446 1 784,	
necesaria 1 446 1 781,	
interrupción 4 446 4 779,1526,1733,1808,	
transitorio 1 446 1 772,	
llevar 1 446 1 768,	
podría 2 446 2 767,1895,	
bruscamente 2 446 2 759,1532,	
interrumpir 1 446 1 758,	
duración 3 446 3 754,1305,3638,	
considera 2 446 2 2360,3924,	
larga 1 446 1 753,	
proteínas 1 446 1 4159,	
generalmente 2 446 2 749,1340,	
auriculo-ventricular) 1 446 1 737,	
sintomática 1 446 1 734,	
bradicardia 11 446 11 733,1197,1219,2096,2155,2413,2658,2835,3053,3125,3251,	
cardiogénico 2 446 2 732,954,	
shock 4 446 4 731,953,1581,3142,	
repentina 1 446 1 1809,	
agudo 2 446 2 730,3386,	
pulmonar 3 446 3 729,988,1410,	
edema 4 446 4 728,2687,2708,3004,	
severa 3 446 3 721,830,2097,	
hipotensión 9 446 9 720,1578,1677,1798,1965,2662,2920,3054,3139,	
han 7 446 7 1927,2421,2491,2510,2720,2766,3717,	
(en 1 446 1 717,	
inmediatamente 1 446 1 713,	
interrumpirla 1 446 1 712,	
reducir 2 446 2 706,1222,	
tracto 1 446 1 3106,	
intolerancia 3 446 3 702,1475,2947,	
caso 5 446 5 694,718,2375,3063,3068,	
titulación 3 446 3 691,810,888,	
fase 1 446 1 689,	
Durante 3 446 3 687,2402,3383,	
conveniente 1 446 1 686,	
( 3 446 3 2628,2633,2638,	
dadas 1 446 1 2593,	
estime 1 446 1 685,	
reintroducirse 1 446 1 682,	
especiales 3 446 3 1042,4288,4324,	
paso 2 446 2 678,680,	
preclínicos 2 446 2 4229,4234,	
disminuirse 2 446 2 677,786,	
alcanzada 1 446 1 674,	
reciban 1 446 1 664,	
éstos 2 446 2 663,2545,	
impedir 2 446 2 661,1569,	
media 3 446 3 3561,4021,4079,	
adversos 3 446 3 656,2309,2524,	
crecimiento 2 446 2 2299,2371,	
síntomas 7 446 7 1215,1380,1391,1403,1848,2409,3047,	
acontecimientos 1 446 1 655,	
aparición 2 446 2 653,3587,	
permanece 1 446 1 650,	
cardiaca) 1 446 1 649,	
empeoramiento 5 446 5 645,696,722,771,2891,	
signos 1 446 1 643,	
conducción 5 446 5 642,1630,1661,1773,1918,	
alteraciones 3 446 3 639,1236,2709,	
frecuencia 4 446 4 637,1721,2619,3406,	
sanguínea 3 446 3 636,2029,3351,	
(especialmente 1 446 1 630,	
clínico 4 446 4 629,2175,2227,2771,	
diltiazem 2 446 2 1326,1653,	
asegurar 1 446 1 625,	
horas 5 446 5 623,1100,4024,4082,4111,	
periodo 1 446 1 618,	
experimentado 1 446 1 615,	
supervisión 2 446 2 611,3077,	
máxima 5 446 5 585,667,814,892,3757,	
10 6 446 6 577,589,4023,4181,4316,4379,	
finalmente 1 446 1 576,	
seguido 1 446 1 567,	
(clonidina 1 446 1 1690,	
vez 4 446 4 564,572,580,594,	
incrementado 1 446 1 556,	
paciente 9 446 9 550,821,899,1117,1213,1820,3072,3579,3972,	
tolerabilidad 1 446 1 548,	
según 2 446 2 546,2617,	
bisemanales 1 446 1 545,	
semanales 1 446 1 543,	
intervalos 1 446 1 542,	
pauta 1 446 1 540,	
siguiente 2 446 2 539,3524,	
acuerdo 1 446 1 536,	
realizarse 2 446 2 534,1531,	
ajuste 3 446 3 528,798,882,	
inicio 3 446 3 517,598,1498,	
previas 1 446 1 515,	
estabilizada 1 446 1 510,	
quedar 1 446 1 509,	
II 1 446 1 502,	
angiotensina 1 446 1 501,	
antagonistas 15 446 15 498,1059,1133,1162,1193,1226,1297,1316,1414,1436,1445,1784,2069,2725,3441,	
están 2 446 2 2581,4151,	
IECAs 1 446 1 496,	
ácido 1 446 1 2045,	
Anestesia 1 446 1 1063,	
digoxina 2 446 2 494,1941,	
y/o 5 446 5 493,495,497,1211,2276,	
%) 1 446 1 3614,	
diuréticos 1 446 1 492,	
incluyendo 2 446 2 491,969,	
súbita 1 446 1 3698,	
cardiovasculares 3 446 3 490,1572,3595,	
medicamentos 8 446 8 489,507,1328,1335,1462,1554,1699,4388,	
médico 2 446 2 473,614,	
Se 4 446 4 469,1102,2431,2862,	
últimas 1 446 1 466,	
durante 13 446 13 464,511,616,1073,2273,2345,2379,2415,2473,3355,3371,3417,3559,	
aguda 3 446 3 463,952,3059,	
mantenimiento 1 446 1 451,	
e 5 446 5 448,1793,3056,3712,3729,	
óptima 1 446 1 447,	
gradual 1 446 1 439,	
frecuencias 1 446 1 2848,	
aumento 5 446 5 438,603,1971,2139,3426,	
iniciarse 2 446 2 435,1180,	
crónica(ICC) 1 446 1 425,	
eficacia 4 446 4 422,927,3599,3642,	
seguridad 3 446 3 420,925,4231,	
ausencia 2 446 2 416,921,	
debido 6 446 6 413,918,1266,1286,3327,3423,	
18 3 446 3 411,916,3639,	
menores 2 446 2 409,914,	
bloqueo 8 446 8 736,970,1065,1083,1261,1680,2099,2974,	
niños 2 446 2 406,911,	
nevibolol 2 446 2 404,909,	
recomienda 6 446 6 400,470,704,757,905,2470,	
No 10 446 10 398,755,795,822,879,903,2489,3035,4276,4291,	
adolescentes 4 446 4 397,408,902,913,	
Niños 2 446 2 395,900,	
continuada 1 446 1 394,	
controlado 2 446 2 2772,3481,	
monitorizar 2 446 2 391,2364,	
deben 11 446 11 390,454,1136,1228,1416,1493,1755,2531,3093,3130,3143,	
precaución 6 446 6 387,1105,1231,1370,1419,1758,	
realizar 3 446 3 385,608,2552,	
debe 22 446 22 384,434,508,533,607,785,1103,1164,1179,1221,1368,1530,1591,1815,2343,2363,2387,2398,2547,3073,3108,3963,	
75 2 446 2 376,3496,	
experiencia 3 446 3 371,475,824,	
limitada 2 446 2 370,3422,	
aumenta 1 446 1 3454,	
dada 1 446 1 368,	
embargo 1 446 1 367,	
hospitalización 1 446 1 3592,	
Sin 1 446 1 366,	
incrementada 1 446 1 362,	
beta 5 446 5 1066,1084,2091,3311,3770,	
65 2 446 2 342,3990,	
mayores 2 446 2 340,374,	
Ancianos 2 446 2 337,878,	
contraindicada 1 446 1 336,	
está 9 446 9 335,846,876,1342,2108,3447,3468,3859,4179,	
consiguiente 1 446 1 322,	
sustitución 1 446 1 1178,	
Por 4 446 4 321,835,861,2465,	
limitados 2 446 2 320,860,	
5401500 1 446 1 4351,	
son 11 446 11 319,859,1055,2407,3052,3798,4018,4028,4046,4076,4124,	
alterada 3 446 3 318,948,2655,	
comprobarse 1 446 1 3094,	
función 4 446 4 316,946,1979,2517,	
Ninguna 1 446 1 4327,	
datos 7 446 7 309,418,853,923,2757,3037,4233,	
hepática 8 446 8 307,314,317,851,858,944,947,4000,	
incrementarse 1 446 1 300,	
necesario 10 446 10 296,357,671,716,1174,2333,2353,2361,3152,3225,	
Si 10 446 10 294,355,669,777,1079,1172,2323,2354,3204,3223,	
recomendada 5 446 5 287,347,586,668,1343,	
inicial 3 446 3 286,346,532,	
Pacientes 4 446 4 275,304,791,848,	
25 2 446 2 273,552,	
individual 2 446 2 449,3967,	
- 21 446 21 272,931,942,949,965,972,982,992,996,999,1012,1020,1027,1206,1776,2889,2918,2945,2972,3002,3218,	
mitades 1 446 1 789,	
12 2 446 2 270,3520,	
hidroclorotiazida 2 446 2 269,2235,	
combinando 1 446 1 261,	
observado 2 446 2 259,2721,	
adicional 1 446 1 256,	
antihipertensivo 3 446 3 255,1880,3368,	
fecha 1 446 1 252,	
Hasta 1 446 1 250,	
especial 2 446 2 4248,4328,	
concomitantemente 1 446 1 245,	
respecto 1 446 1 632,	
solos 1 446 1 243,	
utilizarse 4 446 4 242,1137,1417,2036,	
beta-bloqueantes 6 446 6 240,1672,2013,2446,2746,3051,	
Los 21 446 21 239,308,452,852,1192,1225,1385,1428,1444,1461,1472,1921,2071,2507,2745,2756,3046,3087,4092,4232,4305,	
nitrendipino) 1 446 1 1956,	
antihipertensivos 6 446 6 238,249,1336,1700,1863,2002,	
agentes 5 446 5 237,248,1892,2072,2083,	
tipo 5 446 5 1323,1650,1946,2743,4263,	
Combinación 1 446 1 234,	
sólo 2 446 2 228,260,	
alcanza 1 446 1 227,	
óptimo 1 446 1 225,	
casos 3 446 3 222,3197,3248,	
En 24 446 24 220,279,338,484,1130,1154,1406,2281,2374,2793,3061,3196,3247,3450,3475,3685,3746,3889,4005,4025,4036,4054,4062,4145,	
semanas 5 446 5 217,231,468,514,1171,	
1-2 2 446 2 216,1170,	
después 4 446 4 214,1439,3801,4190,	
Formatos 1 446 1 4317,	
evidente 1 446 1 213,	
hereditaria 1 446 1 1476,	
arterial 5 446 5 211,1015,1289,1873,2539,	
presión 4 446 4 210,635,2028,3350,	
descenso 3 446 3 207,1711,1869,	
antiarrítmicos 1 446 1 1329,	
hora 2 446 2 201,3232,	
preferentemente 1 446 1 197,	
día 8 446 8 196,203,293,354,566,574,582,596,	
mg) 2 446 2 194,2050,	
(5 1 446 1 193,	
afectos 1 446 1 3499,	
dosis 34 446 34 188,285,298,345,359,442,446,504,531,584,605,666,673,708,783,800,813,884,891,1224,1878,2041,2573,3173,3183,3376,3737,3899,3954,3978,3984,4128,4198,4225,	
náuseas 1 446 1 2676,	
La 23 446 23 187,583,652,1311,1525,1663,2160,2176,2228,2443,2919,2946,3095,3124,3138,3430,3567,3641,3806,3869,4134,4156,4210,	
Adultos 1 446 1 186,	
Período 1 446 1 4280,	
alcanzar 1 446 1 444,	
alimentos 1 446 1 184,	
tomarse 2 446 2 180,2196,	
agua) 1 446 1 176,	
tenga 1 446 1 474,	
vaso 1 446 1 174,	
ej 2 446 2 172,1168,	
(p 1 446 1 171,	
líquido 1 446 1 170,	
convenientemente 1 446 1 1883,	
cantidad 1 446 1 168,	
suficiente 1 446 1 167,	
tragarse 1 446 1 165,	
deberán 2 446 2 164,1434,	
fracciones 1 446 1 163,	
El 22 446 22 159,177,204,426,527,597,738,1064,1116,1497,1780,1813,1859,2395,2890,2973,3003,3155,3366,3666,3852,4175,	
Lista 1 446 1 4257,	
Método 1 446 1 156,	
efecto 20 446 20 205,224,254,1268,1625,1636,1768,2009,2024,2066,2174,2226,2245,3156,3194,3209,3313,3367,3752,3785,	
administración 21 446 21 155,158,324,382,1125,1518,1664,2116,2161,2177,2229,2390,2475,2714,3113,3133,3163,3214,3568,3804,4193,	
Posología 1 446 1 151,	
años 7 446 7 148,343,377,412,917,3491,3991,	
equilibrio 2 446 2 3893,4098,	
o 32 446 32 146,161,182,244,315,544,701,711,735,936,945,955,986,1242,1484,1490,1579,2234,2303,2382,2542,2551,2569,3066,3126,3136,3178,3506,3590,3653,3777,3821,	
70 3 446 3 145,3245,3490,	
ancianos 1 446 1 143,	
pacientes 54 446 54 142,280,311,334,339,373,380,453,485,659,826,844,855,875,1139,1155,1234,1259,1281,1362,1372,1407,1429,1473,1669,1983,2520,2762,2781,2789,2812,2821,2846,2903,2914,2930,2941,2957,2968,2987,2998,3017,3028,3364,3392,3451,3471,3488,3535,3546,3687,3986,3992,3997,	
estándar 2 446 2 140,3577,	
tratamiento 27 446 27 139,219,233,427,478,487,519,600,739,751,761,961,1160,1500,1528,1811,2325,2356,2393,2568,2882,3254,3373,3385,3572,3627,3635,	
asociado 2 446 2 137,2294,	
moderada 2 446 2 136,806,	
reacciones 12 446 12 1122,1459,1571,2158,2579,2604,2717,2759,2798,2828,2868,3127,	
leve 2 446 2 134,804,	
estable 6 446 6 132,433,460,651,745,3504,	
insuficiencia 32 446 32 129,277,282,306,313,430,457,462,481,648,699,725,742,775,793,802,828,850,857,1141,1479,1503,1707,1985,2590,2659,2885,2894,3057,3501,3994,3999,	
(CHF) 1 446 1 125,	
crónica 13 446 13 124,131,432,459,483,744,990,1412,1505,2592,2755,2887,3503,	
cardiaca 25 446 25 123,130,424,431,458,482,638,700,726,743,776,951,1002,1142,1504,1708,1722,1986,2591,2754,2886,2895,3058,3407,3502,	
Insuficiencia 5 446 5 122,423,943,950,2753,	
(palpitaciones 1 446 1 1851,	
esencial 1 446 1 121,	
hipertensión 3 446 3 120,2095,2586,	
12% 1 446 1 3878,	
Este 1 446 1 1468,	
Tratamiento 3 446 3 117,126,3060,	
Hipertensión 3 446 3 116,185,2602,	
terapéuticas 2 446 2 115,3377,	
Indicaciones 1 446 1 114,	
	"4 1 446 1 112,	
vértigo 1 446 1 2649,	
quinidina 1 446 1 2128,	
CLÍNICOS 1 446 1 111,	
DATOS 2 446 2 110,4253,	
4 26 446 26 109,149,230,928,1035,1037,1038,1048,1351,1523,1546,1548,1641,1684,1730,1801,2255,2478,2527,2574,3032,3612,3943,4003,4185,4286,	
sultoprida 2 446 2 1032,1597,	
iguales 2 446 2 108,3896,	
partes 1 446 1 107,	
cuatro 1 446 1 106,	
dividirse 1 446 1 104,	
Nebivolol 19 446 19 97,262,326,521,867,1354,1589,1823,1934,2052,2189,2242,2264,2341,3278,3767,3825,3834,3956,	
aproximadamente 4 446 4 96,2841,2855,3175,	
mm 1 446 1 95,	
9 2 446 2 94,3033,	
diámetro 1 446 1 92,	
cara 1 446 1 89,	
beta- 4 446 4 1272,2330,2726,3157,	
cruz 1 446 1 86,	
forma 7 446 7 84,153,393,1594,2038,3582,3966,	
ranura 1 446 1 82,	
biconvexos 1 446 1 80,	
redondos 1 446 1 79,	
blancos 1 446 1 78,	
Comprimidos 1 446 1 77,	
	Comprimidos 1 446 1 76,	
FARMACÉUTICA 1 446 1 75,	
FORMA 1 446 1 74,	
3 7 446 7 73,929,2404,3940,4030,4227,4279,	
6 12 446 12 71,467,2256,3624,3703,4252,4273,4278,4285,4298,4321,4322,	
sección 5 446 5 70,1047,1350,1522,1545,	
ver 1 446 1 69,	
excipientes 3 446 3 68,941,4259,	
completa 2 446 2 66,3885,	
lista 1 446 1 65,	
Para 4 446 4 63,1344,1512,1539,	
reducción 7 446 7 2535,3403,3409,3603,3616,3694,3705,	
monohidrato/ 1 446 1 61,	
renal 6 446 6 278,283,794,803,829,3995,	
lactosa 2 446 2 60,1471,	
ajustará 2 446 2 817,895,	
96 1 446 1 57,	
85 1 446 1 56,	
unidad 1 446 1 3083,	
Excipiente 1 446 1 55,	
clorhidrato 1 446 1 54,	
45 1 446 1 50,	
equivalente 1 446 1 47,	
nebivolol 58 446 58 46,53,555,562,592,710,747,763,841,1314,1376,1507,1835,1925,2031,2114,2145,2170,2186,2210,2241,2358,2424,2452,2477,2513,2786,2815,2833,2906,2933,2960,2990,3020,3044,3290,3343,3378,3390,3453,3570,3644,3690,3720,3739,3749,3797,3809,3816,3855,3873,3906,4017,4113,4137,4150,4174,4214,	
contiene 2 446 2 42,1470,	
comprimido 5 446 5 41,62,160,178,192,	
completamente 1 446 1 3448,	
	Cada 1 446 1 40,	
CUANTITATIVA 1 446 1 39,	
Y 1 446 1 38,	
CUALITATIVA 1 446 1 37,	
COMPOSICIÓN 1 446 1 36,	
2 16 446 16 35,150,289,350,513,558,622,1524,1547,2926,3185,3497,3613,3683,3764,4274,	
EFG 10 446 10 34,102,267,331,526,872,1828,2057,2194,3961,	
Specifar 10 446 10 30,98,263,327,522,868,1824,2053,2190,3957,	
	Nebivolol 1 446 1 29,	
MEDICAMENTO 2 446 2 28,3265,	
NOMBRE 1 446 1 26,	
1 16 446 16 25,72,113,551,2937,2953,2983,3013,3267,3700,3939,3942,4130,4182,4256,4339,	
farmacológicos 1 446 1 2267,	
PRODUCTO 1 446 1 24,	
Atenas 1 446 1 4346,	
DEL 3 446 3 23,27,4384,	
CARACTERISTICAS 1 446 1 22,	
Floctafenina 1 446 1 1564,	
LAS 1 446 1 21,	
DE 9 446 9 20,3263,4331,4334,4362,4364,4368,4372,4381,	
RESUMEN 1 446 1 19,	
O 1 446 1 18,	
absorción 3 446 3 1487,3096,3807,	
TÉCNICA 1 446 1 17,	
FICHA 1 446 1 16,	
tuvo 1 446 1 2244,	
información 2 446 2 13,1541,	
Toda 1 446 1 11,	
medicamento 5 446 5 10,15,1469,1496,2949,	
Basica 1 446 1 8,	
	Información 1 446 1 7,	
28 3 446 3 5,4319,4340,	
comprimidos 14 446 14 4,6,33,101,266,330,525,871,1827,2056,2193,3960,4306,4320,	
mg 25 446 25 3,32,44,51,58,100,265,274,291,303,329,352,365,524,553,560,570,578,590,870,1826,2055,2192,3959,4133,	
5 31 446 31 2,31,43,49,99,264,271,290,302,328,351,364,523,559,569,869,1352,1549,1825,2054,2191,2899,2910,3176,3186,3260,3763,3958,4032,4226,4299,	
Anestésicos 1 446 1 1775,	
SPECIFAR 1 446 1 1,	
fármaco 3 446 3 3101,3295,3925,	
NEBIVOLOL 1 446 1 0,	
